1024 10000
985 946
389 473
517 562
434 389
901 985
217 223
345 351
901 946
389 479
217 223
601 607
479 473
95 89
223 217
133 217
473 479
517 607
217 223
723 660
223 133
735 645
901 991
857 818
5 95
607 601
562 607
946 991
261 285
857 818
95 50
562 551
473 479
645 690
89 95
690 735
314 339
901 991
857 863
345 351
655 674
690 645
352 345
261 351
50 95
607 517
95 89
601 607
857 863
946 901
217 133
434 479
473 479
306 351
434 479
473 479
601 512
648 704
901 985
261 351
607 576
985 901
946 988
946 991
133 201
473 479
753 698
133 178
645 641
223 217
729 690
901 943
50 89
607 562
863 818
857 863
345 351
735 690
985 991
95 89
178 223
863 857
783 847
351 345
985 991
593 612
607 562
601 607
217 223
729 690
985 991
389 473
479 473
857 863
479 473
473 479
863 857
217 223
773 857
5 89
351 379
95 5
89 95
735 645
857 863
601 607
607 517
345 351
434 473
729 645
479 409
946 939
434 473
50 95
434 479
95 20
985 991
576 607
607 517
857 863
473 479
690 739
50 95
985 946
946 991
901 991
261 356
223 178
985 991
991 985
89 5
901 991
473 479
389 479
133 178
79 83
509 495
601 607
473 479
991 901
773 815
729 645
735 729
217 223
991 910
345 351
345 351
601 517
217 223
735 729
5 50
389 479
178 223
562 541
946 991
863 818
520 517
645 729
473 434
985 991
479 414
950 975
901 946
473 479
690 645
765 681
5 50
607 562
889 802
729 690
261 351
773 863
133 223
863 773
863 857
601 607
50 89
228 247
729 650
601 607
473 479
479 423
857 863
306 351
735 690
345 351
901 969
95 89
389 479
261 351
985 991
857 874
306 351
601 607
729 735
857 818
5 89
479 398
601 607
857 847
178 180
645 687
645 729
5 95
991 901
5 120
985 991
517 562
148 249
735 729
351 345
434 479
735 729
991 946
389 473
345 351
389 479
928 970
5 89
50 95
601 607
735 645
734 735
517 601
473 434
645 735
473 479
773 863
901 904
217 223
857 773
857 773
351 345
479 434
607 517
306 351
818 773
893 771
857 818
857 851
735 654
351 306
937 979
818 863
434 479
857 863
735 690
217 223
735 729
645 735
95 89
223 217
95 50
607 601
96 104
89 50
95 89
89 95
818 863
735 645
601 517
863 857
223 217
5 95
517 601
479 473
473 479
607 601
901 985
857 818
562 588
473 434
991 985
991 985
178 223
681 669
946 897
479 434
133 178
351 261
857 863
946 985
473 434
473 434
345 351
849 832
217 223
121 18
645 690
5 89
389 479
773 863
89 95
89 20
107 13
601 607
990 1007
169 198
479 434
473 479
991 946
735 722
480 432
729 735
517 607
95 50
345 351
818 845
991 985
517 601
562 607
15 79
773 815
345 351
5 89
50 89
351 261
95 50
729 735
379 306
946 1008
5 89
89 10
389 404
607 562
96 99
985 946
517 607
601 542
261 351
645 735
857 818
517 601
89 95
690 729
89 95
566 600
690 735
306 351
773 863
601 607
901 969
729 690
991 901
863 857
434 479
517 607
985 991
991 985
735 645
351 374
566 605
473 479
863 773
223 178
527 595
735 645
434 479
729 645
645 735
50 95
893 827
690 754
601 609
217 178
5 50
645 729
473 479
985 901
89 5
690 717
601 607
645 690
479 389
755 645
857 818
601 607
985 946
601 607
5 95
857 773
223 217
345 351
985 991
306 345
631 532
729 735
434 479
607 562
389 473
863 818
95 50
517 607
95 14
690 735
479 434
148 192
217 223
991 985
261 306
577 546
773 893
818 863
217 223
690 735
911 930
261 345
607 517
89 5
389 473
985 991
217 178
735 697
991 901
223 142
562 517
351 339
517 607
901 970
562 569
607 562
473 434
217 223
601 607
351 261
345 306
729 690
773 874
735 729
217 223
601 607
562 512
217 223
735 690
901 991
857 818
5 81
178 223
351 345
991 985
607 562
946 991
729 735
818 863
901 985
857 818
863 839
517 586
562 517
735 729
946 994
818 863
5 50
345 379
306 261
452 425
178 223
606 541
946 901
473 434
351 261
857 863
261 351
985 946
729 735
178 223
178 221
729 735
946 901
345 351
345 306
178 223
217 134
479 473
857 863
473 479
345 286
645 735
901 946
389 431
607 562
601 607
351 345
562 517
178 253
901 946
95 5
691 672
351 345
95 89
434 385
607 601
959 992
351 345
345 351
517 601
473 479
735 715
822 851
389 479
901 985
217 223
608 591
345 351
50 5
645 658
985 946
223 217
886 810
178 223
857 818
735 690
345 351
773 863
601 607
50 95
857 863
992 924
601 607
863 818
517 607
133 183
473 389
562 517
690 735
479 403
818 863
89 95
735 733
345 351
857 773
607 562
303 276
5 89
479 473
217 223
773 863
5 95
89 5
633 619
99 48
517 601
479 434
517 562
773 818
178 162
645 690
95 5
645 729
562 607
473 479
818 867
985 991
261 345
89 50
863 857
95 89
729 735
991 910
89 50
991 901
527 591
5 50
832 818
89 95
351 345
497 463
261 352
473 479
351 261
479 398
857 863
261 306
89 95
217 223
473 389
818 773
100 119
434 479
479 473
601 607
89 95
645 713
532 635
89 95
601 562
473 479
735 729
223 163
562 517
735 654
601 607
601 607
217 223
95 5
345 351
864 881
601 562
991 901
192 168
473 479
601 607
217 133
5 95
133 201
601 607
249 145
517 607
773 857
95 5
857 863
985 991
478 408
977 960
735 729
735 645
562 517
735 729
95 89
645 713
517 559
306 351
89 95
735 729
89 95
5 95
601 562
735 652
217 178
95 89
345 306
345 261
517 559
473 389
863 857
601 607
89 95
946 950
5 47
89 95
434 479
50 95
645 719
261 345
818 863
857 863
735 665
991 901
351 345
991 901
607 550
985 991
5 95
690 735
434 473
261 303
985 946
985 914
434 477
517 601
863 857
735 729
863 818
306 351
607 601
89 95
345 351
351 306
773 857
351 345
473 479
223 217
601 562
690 645
473 479
217 178
178 223
773 863
50 95
985 991
178 133
261 306
601 607
857 863
517 562
946 985
601 607
901 969
217 178
857 863
350 375
89 95
351 345
985 991
991 946
306 351
5 89
867 773
95 5
645 735
345 351
345 351
985 991
991 910
901 946
178 133
479 434
991 985
818 863
306 351
607 562
178 223
527 595
863 773
818 773
857 863
351 345
389 479
601 547
645 735
857 818
434 479
517 605
863 857
148 249
50 95
857 863
863 818
223 178
863 857
735 729
901 985
306 351
89 95
261 345
606 582
20 64
222 240
89 95
517 601
729 735
729 735
991 946
261 329
178 223
562 529
345 306
50 119
50 95
601 596
991 985
857 815
946 991
863 813
517 603
479 473
345 261
735 729
50 89
729 735
479 434
5 45
89 50
261 339
178 223
857 863
95 84
857 863
217 244
473 479
345 351
95 89
517 607
946 991
985 991
729 690
985 991
773 857
223 142
479 473
735 645
735 724
389 457
863 857
479 473
901 985
473 479
5 89
601 607
735 729
863 818
607 517
89 50
473 432
729 752
306 351
351 261
473 479
434 479
94 127
810 819
434 479
5 50
95 50
517 562
217 223
95 89
818 863
306 345
345 351
901 969
690 735
217 223
607 562
863 773
479 434
735 645
145 253
517 585
434 460
223 217
351 345
735 645
946 991
601 607
447 480
217 223
607 610
601 562
985 991
95 89
306 287
473 479
645 735
223 217
773 863
89 50
479 434
901 946
95 5
985 926
607 601
735 690
607 517
223 217
345 351
991 946
473 502
901 979
223 178
381 273
562 607
426 435
399 463
5 89
562 515
217 223
434 444
901 946
50 89
5 99
576 606
125 98
345 261
133 217
645 735
818 773
645 735
863 857
389 457
562 517
690 735
818 857
345 351
261 372
261 345
517 607
345 351
261 351
996 910
607 601
738 690
351 306
645 713
89 95
178 133
351 270
50 85
690 729
562 607
345 351
479 473
473 434
729 735
434 467
901 969
842 867
645 735
985 946
351 261
562 607
306 351
50 89
985 1019
5 95
290 321
690 708
601 517
901 991
857 863
985 991
818 839
133 217
345 261
217 223
690 735
434 509
985 991
5 95
217 133
735 663
261 363
991 985
178 223
607 517
5 89
991 985
735 729
217 223
306 261
735 729
306 351
95 89
901 1003
773 857
223 217
5 95
473 479
985 991
818 863
985 1006
288 261
261 345
690 735
310 373
991 985
985 991
607 562
479 425
729 735
991 901
601 607
5 89
95 5
773 786
562 607
223 217
991 985
306 345
5 95
5 50
306 261
351 345
607 601
479 434
351 261
735 724
645 735
863 793
89 95
985 946
735 654
645 729
645 690
857 818
607 601
645 735
735 729
473 479
217 223
389 399
89 95
479 473
601 607
729 741
473 479
89 50
95 89
50 89
601 607
5 89
50 95
517 607
985 946
562 550
991 985
479 389
818 863
345 351
178 223
217 178
434 479
473 479
735 729
735 690
345 306
601 562
901 991
946 991
133 217
645 713
217 223
863 857
389 479
735 690
735 729
178 223
991 946
351 279
562 591
863 773
217 148
351 345
434 389
735 663
389 434
434 496
601 562
735 729
95 50
991 985
601 607
607 517
901 943
964 911
985 991
307 321
351 345
261 351
735 690
345 351
517 585
991 901
517 607
223 178
562 607
985 991
95 89
863 773
991 985
95 89
562 607
735 729
740 759
261 351
389 431
5 95
985 901
773 863
863 857
645 735
223 133
532 635
645 735
351 345
562 517
517 562
690 729
645 729
473 479
345 351
133 201
345 351
223 217
133 217
735 690
306 352
351 306
178 217
434 479
345 306
473 389
607 531
517 607
690 645
89 95
133 223
217 223
607 601
690 718
479 402
991 946
351 345
89 95
473 389
351 261
434 473
434 473
645 729
729 690
345 261
261 351
601 607
735 645
89 95
95 89
351 345
345 306
729 735
562 607
690 735
601 607
863 843
434 479
50 5
5 89
345 351
473 479
473 479
991 985
306 345
223 178
946 991
306 345
773 863
645 732
729 735
747 653
991 988
735 729
946 970
729 690
351 345
901 946
345 261
345 351
479 389
473 434
946 991
217 223
223 217
217 178
89 5
479 389
857 863
89 95
5 95
995 1019
133 223
863 818
607 517
89 95
217 223
946 985
306 261
946 988
50 95
773 863
178 223
517 559
735 729
306 373
434 479
473 479
50 17
351 261
14 81
125 59
985 991
434 473
89 95
389 473
562 607
133 217
645 735
217 223
773 818
991 946
601 607
50 5
691 659
991 946
479 449
913 1021
133 223
517 601
95 89
345 351
857 847
863 818
473 479
483 463
863 773
601 607
729 735
133 223
261 306
818 863
826 881
863 773
50 97
996 1015
178 223
351 301
89 95
857 863
857 863
178 223
389 473
773 863
261 351
389 479
223 217
133 223
95 5
607 562
473 479
217 133
607 601
63 120
389 473
351 345
223 217
690 645
991 985
345 351
217 178
351 345
985 946
729 645
178 217
607 517
178 223
601 607
479 434
818 863
345 351
434 507
857 773
857 863
434 418
735 690
345 351
729 735
345 306
601 607
729 645
473 434
857 863
735 729
5 89
261 345
351 306
217 229
645 717
95 89
607 517
901 969
434 398
946 910
985 991
985 991
89 95
50 22
306 345
991 946
991 1018
5 95
985 991
261 345
985 901
637 562
901 985
729 735
479 473
389 473
404 448
729 735
89 95
729 735
473 479
517 562
473 389
857 863
345 327
389 473
787 819
985 901
389 473
946 949
517 582
178 223
735 729
985 991
857 863
95 89
985 901
857 818
473 479
261 337
645 735
335 319
901 985
64 96
857 863
95 5
217 178
601 607
857 863
653 721
491 397
863 773
223 133
473 479
345 372
729 654
773 863
121 76
1021 926
901 985
89 95
985 991
473 389
133 223
133 223
601 562
261 288
863 857
217 223
729 735
479 473
34 79
601 607
261 351
985 946
345 306
351 306
351 306
95 50
773 863
913 907
351 345
345 351
863 782
5 89
601 607
178 223
434 479
89 95
479 434
735 645
217 223
901 991
991 901
5 50
261 351
217 223
133 217
434 473
178 133
434 389
5 66
690 735
133 223
479 473
306 351
389 473
473 479
863 857
901 991
89 95
306 261
479 389
5 89
217 223
367 326
133 217
473 434
217 223
356 375
479 434
729 735
479 473
985 975
735 729
351 345
868 887
863 857
690 729
95 89
946 991
217 223
985 991
901 959
95 14
273 336
735 690
857 883
901 991
607 562
351 270
335 319
345 306
89 5
479 389
857 773
261 345
223 217
991 901
630 554
345 306
985 946
89 95
389 479
729 735
379 381
735 645
89 95
178 223
473 389
991 901
735 729
517 562
306 308
1002 991
509 501
562 606
818 863
5 95
399 463
351 345
729 645
389 479
863 857
729 690
345 306
74 100
89 95
389 384
554 563
601 607
89 5
985 991
217 178
473 479
178 223
389 473
601 607
223 174
217 223
217 178
95 89
991 985
434 459
857 863
690 729
381 336
857 863
479 473
645 729
89 96
223 178
217 223
946 991
607 621
773 818
223 133
89 95
345 351
148 192
89 95
735 729
473 434
178 217
89 50
261 306
389 479
223 151
517 544
901 985
773 857
607 601
306 351
562 601
50 95
735 734
389 431
95 5
901 946
836 809
217 223
95 89
479 473
89 95
217 223
261 264
223 178
729 735
729 690
991 946
607 601
192 212
73 5
773 817
601 517
261 351
473 479
735 729
479 473
345 351
95 89
178 223
729 735
946 1009
690 735
473 434
89 50
857 773
351 345
729 735
901 991
729 735
818 863
178 196
645 729
991 901
473 476
562 607
389 479
857 863
351 339
857 773
863 857
306 324
729 715
133 217
857 863
182 178
178 133
645 729
389 443
601 607
735 645
95 89
818 857
261 345
345 351
345 351
473 479
729 735
562 601
991 985
863 857
991 901
863 818
223 217
50 95
607 517
517 607
601 562
217 133
729 735
227 167
50 89
729 645
351 270
773 818
473 479
223 178
601 607
306 351
818 847
607 601
5 50
434 389
857 863
351 306
473 479
946 985
89 95
473 434
735 729
985 901
985 991
901 937
389 392
773 863
5 83
729 735
5 89
217 136
601 607
863 857
345 306
690 729
991 946
901 991
818 798
434 412
863 857
345 306
601 607
729 735
863 857
991 946
125 96
261 303
5 50
217 178
985 991
345 331
645 687
690 735
223 177
607 601
818 857
690 735
479 473
356 375
217 223
473 479
607 601
690 761
50 56
5 89
223 178
562 607
50 95
946 901
901 991
404 392
645 729
601 607
479 389
784 818
690 729
901 985
863 857
991 946
985 991
991 901
601 562
601 562
345 351
773 857
306 348
217 223
107 13
351 261
735 645
857 863
111 5
89 5
562 607
601 607
473 479
89 95
946 985
991 985
747 653
306 351
223 178
479 434
509 454
946 991
833 886
985 991
863 857
645 735
985 946
901 946
223 133
448 510
89 95
345 351
123 50
645 729
991 919
601 607
729 645
479 434
479 473
857 863
223 178
729 735
479 432
50 95
601 542
901 991
863 773
95 89
217 178
601 607
863 818
478 408
985 991
562 607
426 465
729 645
735 645
389 479
178 133
20 8
50 95
729 645
991 990
306 351
178 217
351 345
985 901
857 863
223 217
15 34
89 50
351 345
863 818
601 517
773 841
773 818
345 351
612 566
607 622
960 984
389 384
637 566
351 261
95 50
217 178
857 863
690 735
50 95
223 217
20 8
223 142
479 409
601 630
729 690
223 217
479 457
95 5
64 102
901 991
607 601
434 479
201 217
863 857
694 736
735 645
345 351
473 389
901 985
857 863
95 50
473 398
562 596
857 841
562 601
133 223
306 261
261 345
261 351
991 901
479 473
517 607
985 991
345 351
345 306
818 863
5 89
389 434
351 306
946 991
901 991
89 95
473 500
89 95
479 389
89 95
946 991
89 50
98 79
601 562
306 351
607 562
281 362
389 479
192 132
863 857
473 479
645 690
562 601
773 776
434 479
505 412
473 389
729 735
217 223
389 473
690 735
901 991
473 479
5 89
985 991
473 389
735 729
261 345
857 887
351 261
404 490
653 704
217 223
133 217
217 133
212 178
601 517
607 517
217 178
832 852
607 562
607 601
89 95
985 991
562 607
178 223
601 562
351 345
178 223
874 866
351 345
345 306
809 836
125 20
985 991
133 217
773 863
857 863
857 818
479 434
601 562
434 502
467 490
729 735
729 735
345 334
645 735
389 479
607 601
434 479
473 434
473 479
690 701
818 773
985 946
863 818
479 434
217 223
5 95
857 863
95 89
50 95
729 735
863 818
601 607
645 729
991 985
601 607
735 645
735 729
901 991
223 217
729 690
645 690
946 985
729 735
587 601
607 562
601 562
645 690
434 389
562 607
601 517
479 450
50 95
473 414
389 479
434 479
601 607
607 517
223 217
735 645
345 351
985 991
50 89
133 223
345 351
985 991
89 95
389 479
479 473
20 8
351 345
992 1000
223 142
351 345
133 223
946 922
773 857
89 95
735 663
223 217
875 781
985 946
434 479
773 884
517 607
5 73
991 1021
306 351
857 863
50 54
479 473
773 863
389 434
863 818
601 607
690 659
345 351
261 351
601 607
729 690
729 735
89 95
901 946
217 223
985 901
946 985
857 863
473 434
563 617
946 991
857 773
389 479
324 271
715 729
901 985
89 95
985 991
89 50
217 133
345 351
729 735
479 493
351 345
345 261
434 389
351 345
345 351
473 479
351 279
95 89
985 901
261 351
857 863
95 50
901 985
50 95
517 585
217 128
645 735
773 818
42 51
479 434
735 663
985 991
601 562
729 735
607 517
857 863
261 351
473 479
473 479
863 782
133 217
479 473
178 223
773 818
645 690
690 645
345 351
857 863
562 607
351 261
89 95
89 95
985 946
517 601
991 901
435 493
306 345
434 473
348 345
818 863
901 964
991 985
735 690
473 479
5 47
133 178
735 729
351 306
991 985
690 735
261 351
95 23
351 306
580 527
345 351
217 223
434 473
773 863
95 5
773 782
133 223
645 729
601 517
89 95
479 407
223 217
863 857
389 473
645 666
89 5
74 100
690 735
985 901
517 601
50 117
863 818
89 50
351 261
217 133
607 601
473 479
178 217
729 644
217 223
645 729
607 601
773 863
985 946
473 389
735 690
377 274
985 991
735 729
58 113
857 863
818 773
690 723
985 991
223 133
89 95
223 184
818 773
261 276
946 991
985 946
607 517
178 223
479 473
50 76
601 607
223 217
223 217
89 95
991 946
89 95
351 261
95 14
975 959
863 818
946 991
484 503
133 223
178 223
434 389
50 95
345 269
389 473
261 351
637 585
562 601
985 991
901 985
818 863
95 5
729 735
857 773
345 351
729 735
818 857
946 985
261 345
261 351
773 863
306 365
133 223
416 458
151 223
351 335
345 261
217 250
601 517
389 479
351 350
351 345
645 735
863 818
607 595
517 607
425 399
95 89
857 818
735 660
690 735
345 351
1021 962
351 345
434 479
857 773
562 607
601 607
863 891
434 479
857 863
562 517
1003 909
89 95
946 985
89 95
729 690
434 389
607 601
729 735
601 607
975 959
389 479
389 479
306 261
857 818
601 562
473 389
133 217
517 601
217 223
690 738
735 690
351 261
217 223
729 735
473 479
217 223
178 223
562 601
89 95
645 735
89 95
517 607
735 645
788 832
562 607
89 50
355 309
479 473
601 517
946 991
170 133
479 473
863 857
89 95
217 178
5 89
351 306
434 479
5 45
133 217
655 674
863 857
345 338
607 517
818 820
473 389
345 351
991 901
818 857
901 991
517 562
863 773
434 479
389 479
261 345
89 20
537 618
306 295
729 735
601 607
399 467
985 991
89 95
826 843
607 601
985 946
773 863
351 345
517 607
261 273
306 351
473 479
306 351
773 818
857 863
946 985
681 708
89 65
601 517
645 735
946 991
217 133
306 351
89 95
601 562
773 863
473 402
601 607
985 901
50 95
89 50
857 863
95 89
345 261
64 83
389 479
645 735
875 781
95 89
95 89
857 863
809 806
991 985
95 89
607 601
562 607
601 607
473 479
991 901
645 729
985 991
306 351
89 95
434 389
1011 946
345 261
351 345
89 105
89 95
5 89
818 863
50 7
607 601
729 735
607 562
991 985
479 398
991 985
893 863
133 203
434 479
261 303
601 607
95 66
857 816
735 690
133 201
345 351
607 562
863 818
473 479
562 601
303 335
735 729
690 735
985 991
351 345
991 985
698 753
381 345
901 946
857 863
946 1012
729 735
473 479
50 95
601 607
217 223
261 306
985 901
729 645
901 985
306 345
946 901
434 479
261 329
863 857
5 95
773 818
601 517
977 938
217 223
306 351
985 946
985 991
217 223
857 773
729 735
133 217
863 857
89 50
996 950
369 314
857 847
351 345
985 901
5 89
690 735
857 863
690 735
735 645
133 223
217 223
95 89
562 550
517 607
857 863
479 389
729 753
580 527
562 629
133 223
306 261
601 562
253 223
298 307
306 351
985 991
857 782
223 178
562 601
306 351
178 228
735 683
747 653
991 901
601 607
473 479
690 665
5 95
690 729
729 735
857 818
729 649
857 771
95 5
297 351
95 89
729 732
729 735
991 901
601 569
223 217
946 991
142 223
435 432
607 562
479 473
517 585
5 50
217 223
223 217
562 607
601 595
217 180
601 595
389 473
985 991
217 223
306 345
690 645
729 735
863 818
223 178
857 818
946 991
517 607
857 863
479 389
773 863
479 473
818 863
863 782
50 95
607 517
434 479
857 863
223 178
607 601
356 270
607 629
863 818
133 217
389 473
434 479
729 735
863 857
310 358
479 434
89 95
95 89
517 607
863 857
735 729
517 607
901 943
893 839
601 607
517 513
645 729
178 223
261 306
223 133
694 728
351 261
178 217
562 607
507 503
89 5
857 863
217 223
5 95
729 757
95 89
729 645
773 818
601 562
946 991
94 118
818 773
178 217
901 946
735 729
5 89
773 818
261 345
434 389
601 607
601 517
345 351
729 735
857 863
729 713
95 89
479 473
473 479
985 991
607 562
178 230
178 223
178 227
479 473
178 217
401 505
270 356
517 585
1015 916
479 398
479 473
985 991
345 351
178 217
517 559
261 306
991 901
306 351
735 690
389 473
773 863
901 1005
607 601
553 586
857 818
473 479
901 991
517 601
351 306
351 256
818 773
863 818
306 261
996 1015
729 690
50 5
133 223
729 690
217 223
758 653
857 863
434 490
735 729
729 690
178 223
863 857
223 151
729 735
985 991
607 601
89 95
985 991
783 847
863 857
857 773
901 991
985 946
351 306
473 479
351 306
89 95
901 991
607 618
985 991
217 178
735 711
345 351
800 842
223 133
729 735
607 560
645 735
601 607
398 484
857 773
729 735
645 690
223 133
1021 974
607 517
133 223
773 818
735 729
735 729
89 95
223 142
389 479
95 5
479 434
991 896
690 729
345 351
857 773
223 217
261 345
223 178
351 276
607 601
601 607
345 351
5 89
985 946
761 714
473 479
223 170
612 526
818 863
50 5
178 223
89 5
50 95
133 223
901 985
729 690
434 431
217 223
517 607
607 601
89 15
351 345
601 562
321 335
818 863
178 212
857 818
857 863
306 351
857 863
863 778
946 937
562 607
351 345
946 991
645 729
223 217
562 607
5 84
425 449
479 473
223 133
261 351
217 210
607 562
345 351
217 207
5 50
735 696
985 946
985 991
434 461
575 632
160 202
473 434
133 170
863 773
735 645
479 389
351 345
345 351
607 562
601 631
434 479
223 217
133 177
89 95
351 327
95 23
946 991
601 517
901 991
89 95
857 863
133 223
261 306
271 339
5 50
735 690
133 223
773 818
217 178
249 254
223 133
389 390
95 5
223 217
645 741
351 345
89 50
818 863
863 818
473 434
389 429
306 345
345 351
607 562
517 607
336 306
269 337
351 266
261 351
217 223
434 389
192 136
601 607
389 434
645 690
901 985
351 345
89 85
773 863
473 479
89 5
773 857
601 562
901 946
306 261
985 946
773 863
479 473
863 773
901 991
857 863
5 89
95 89
863 782
863 782
601 607
607 601
434 479
89 95
607 562
901 991
217 142
985 991
217 133
178 223
261 351
863 773
234 198
306 351
891 887
863 773
50 97
991 1013
729 735
306 351
690 735
773 857
601 607
178 223
991 946
773 834
517 601
645 758
133 194
783 802
50 95
261 351
857 818
178 217
5 95
89 95
89 95
95 50
217 133
773 863
20 121
863 785
991 946
729 735
50 95
50 127
682 691
607 630
178 223
863 818
735 690
562 607
5 89
473 479
389 473
345 351
473 479
389 473
857 862
985 991
735 645
425 452
389 473
473 479
473 434
601 607
261 280
95 50
217 223
434 473
729 735
562 607
773 857
5 50
345 351
607 562
773 863
576 567
434 389
991 946
261 329
246 141
863 796
857 806
473 479
985 901
389 473
901 985
562 627
517 595
345 261
947 907
434 479
306 261
261 375
473 479
607 517
601 607
1003 909
946 918
223 217
735 729
857 851
89 23
434 479
645 690
517 607
985 946
217 223
517 607
217 245
434 438
351 261
991 946
306 351
261 345
857 863
17 81
217 223
729 735
473 479
863 773
562 607
946 957
5 89
479 473
473 434
89 117
857 863
473 479
434 479
217 223
532 576
89 5
773 863
217 223
818 863
943 901
389 473
89 5
517 561
50 118
223 217
601 562
517 607
690 735
169 216
991 985
473 479
606 535
607 562
306 351
479 434
473 479
818 863
729 735
946 991
261 279
345 351
95 89
910 901
223 217
985 991
735 690
607 517
89 95
645 729
95 5
607 601
601 545
985 991
991 901
5 89
991 946
517 607
946 899
95 5
607 562
306 351
729 735
735 690
351 345
985 946
863 770
261 345
901 1017
345 351
5 50
645 729
601 562
306 351
985 991
601 607
961 930
178 217
473 479
223 178
89 50
271 290
345 351
857 773
601 607
901 985
306 351
169 188
223 217
857 863
857 818
867 833
306 351
607 535
857 863
863 891
729 735
95 89
51 4
991 946
133 223
217 223
645 735
351 279
985 991
133 223
473 479
351 261
601 607
601 517
991 985
479 407
89 95
100 119
14 81
345 351
566 548
517 601
773 815
133 178
5 93
563 576
857 863
645 735
89 95
857 863
306 351
99 43
601 607
985 991
217 223
217 223
345 351
217 133
562 517
217 178
857 863
89 5
261 351
133 217
50 18
857 773
601 607
389 473
946 991
601 562
89 1
261 351
729 735
527 595
729 735
601 607
857 863
95 1
913 927
607 601
645 735
818 857
473 389
89 95
601 607
818 853
863 818
407 479
389 457
389 479
601 562
89 50
863 857
818 863
954 1009
261 345
479 434
773 857
223 133
729 735
607 611
434 389
690 722
818 884
351 261
497 442
818 863
773 863
178 133
729 735
773 857
818 863
345 351
607 522
857 818
389 434
729 645
645 713
345 372
818 773
985 991
773 841
473 479
660 763
991 966
735 690
645 735
517 601
735 729
50 5
217 178
89 5
901 991
217 223
261 351
867 885
901 991
217 223
517 607
95 89
89 95
473 479
991 946
473 479
773 857
857 818
223 133
345 351
434 479
306 351
562 601
389 473
863 857
95 89
857 773
133 178
773 884
345 306
389 479
89 95
991 985
306 340
860 863
133 166
607 517
434 473
867 879
517 607
818 863
178 133
389 431
901 991
601 607
601 607
133 217
735 690
857 773
434 479
857 863
857 863
345 351
133 223
270 337
217 133
273 360
857 773
729 735
946 991
729 735
607 562
473 389
601 607
5 50
857 863
473 434
996 1015
947 948
818 779
351 345
473 389
133 217
473 434
773 863
473 479
985 991
562 608
985 901
818 863
783 851
89 50
306 351
306 351
818 863
50 95
95 89
985 991
991 901
607 630
979 985
991 946
89 32
473 479
89 84
345 351
89 95
985 991
607 517
473 479
991 985
261 345
95 14
5 95
946 991
916 960
601 607
818 863
773 818
985 991
985 991
607 562
473 389
133 151
985 991
857 818
434 443
735 690
261 351
133 223
478 397
261 345
985 991
178 205
434 479
217 173
50 95
729 735
901 985
517 586
89 95
351 345
68 14
178 158
351 345
351 345
690 735
857 863
337 320
703 736
991 985
479 473
601 607
249 133
690 735
50 104
857 863
89 95
5 89
223 133
857 863
217 133
517 562
89 5
479 389
351 270
217 223
991 985
517 562
261 351
434 479
857 863
434 479
261 345
562 517
95 50
473 431
89 50
89 95
345 351
863 791
863 857
773 857
306 261
607 535
261 351
517 607
217 178
818 857
991 946
691 676
985 991
645 729
985 991
178 217
89 95
607 601
434 479
901 969
1021 955
89 95
345 351
223 178
119 99
261 369
261 270
562 607
562 517
901 985
178 223
863 773
809 836
946 991
345 351
562 607
261 303
345 351
345 351
473 434
479 473
5 95
645 735
5 89
901 943
517 607
645 735
985 1019
351 261
351 261
389 479
95 89
818 863
50 29
991 901
690 645
404 448
5 95
345 351
261 306
351 345
782 863
645 729
517 607
729 645
479 434
991 985
133 223
517 607
645 687
681 689
223 217
479 434
532 576
389 473
223 133
517 629
351 345
223 217
178 133
479 389
123 95
5 50
901 946
207 182
985 946
5 89
985 946
562 517
261 351
306 351
261 306
773 863
991 946
729 690
50 5
178 223
345 351
297 344
298 285
345 351
473 434
223 178
473 434
985 991
473 479
50 89
645 735
473 434
351 345
517 562
345 349
729 690
223 211
113 58
562 607
89 95
607 601
607 562
857 863
50 89
133 129
857 863
261 306
785 863
818 863
89 50
857 863
261 345
690 735
298 307
345 323
95 79
490 454
901 991
863 818
479 473
947 959
249 128
58 83
261 351
50 95
217 223
5 95
217 133
5 50
434 433
473 479
991 901
985 991
389 402
351 306
473 434
985 991
863 839
863 782
857 818
345 351
345 351
89 95
50 95
50 95
89 95
95 89
345 351
863 857
607 601
601 562
863 857
857 863
261 329
773 863
946 925
223 238
773 841
217 223
857 818
729 735
89 50
50 65
857 863
89 50
306 261
783 802
761 729
306 351
729 645
345 261
473 491
178 223
735 645
645 675
857 863
857 863
434 479
562 607
306 351
562 607
261 303
98 47
517 562
601 517
228 142
136 193
95 89
960 979
133 178
434 479
389 479
306 261
261 306
434 505
863 857
351 345
351 345
729 684
434 479
509 391
985 991
89 95
89 95
863 773
281 356
434 479
345 351
985 991
857 863
306 379
857 863
261 345
223 133
345 261
773 857
133 202
473 479
192 185
901 991
133 131
479 473
50 71
729 735
473 479
5 50
645 713
991 946
946 991
351 270
985 991
133 223
434 479
479 473
857 773
178 223
51 42
729 735
607 601
434 479
857 863
345 351
863 791
645 735
389 434
607 601
473 479
729 735
389 473
178 163
735 729
517 607
473 479
261 256
735 690
985 991
625 553
901 943
857 863
50 5
645 729
991 901
527 591
985 991
735 729
351 306
729 735
901 985
690 735
863 818
89 95
773 863
217 133
607 562
985 991
735 645
133 178
217 178
223 217
773 863
95 5
601 562
985 991
991 985
863 857
223 217
562 596
818 863
735 690
553 580
345 351
991 946
217 141
217 223
345 351
698 723
601 607
857 863
50 89
690 729
351 261
809 890
985 993
985 991
985 991
985 991
345 351
5 89
863 773
178 187
217 223
818 773
351 270
276 307
434 389
773 820
345 351
351 261
261 329
901 1018
601 589
946 991
985 991
607 591
50 95
479 434
178 223
857 773
566 617
690 735
985 938
389 479
990 901
901 991
207 217
261 306
863 773
351 345
863 857
607 601
473 389
479 473
857 786
178 223
217 133
863 857
89 95
901 985
735 669
473 479
517 601
783 802
473 479
217 223
50 95
95 50
217 223
735 690
50 57
735 670
133 223
306 351
261 351
753 645
217 223
690 735
5 95
95 23
473 389
345 261
133 223
178 184
223 217
946 1017
562 555
434 410
863 773
5 95
473 478
863 857
985 991
345 261
306 345
473 479
818 857
261 345
562 607
217 223
217 223
426 435
946 991
95 89
729 735
95 23
562 612
735 690
89 50
517 562
178 133
735 729
95 5
479 434
89 95
223 217
306 261
991 946
985 991
562 619
729 762
196 143
434 476
479 473
601 517
473 479
857 863
345 351
261 351
690 735
985 991
946 916
95 5
345 351
863 818
691 723
306 351
946 991
729 690
863 773
217 178
463 438
729 735
178 223
645 729
133 247
479 434
1014 961
389 413
690 645
818 863
991 985
261 351
133 217
863 791
314 369
473 479
5 95
857 818
991 901
89 95
601 607
601 562
991 985
306 351
211 182
818 863
434 435
50 102
89 95
473 479
89 95
517 557
273 314
351 345
891 818
480 419
217 223
89 95
351 306
601 607
5 89
818 863
562 607
479 398
991 904
5 89
863 857
273 277
946 985
217 188
729 735
169 198
645 735
473 479
345 306
985 946
729 735
773 818
345 351
690 735
964 910
479 473
575 632
351 306
352 351
690 645
991 985
345 351
863 818
607 517
735 690
473 389
479 434
857 863
224 173
473 389
5 89
389 457
863 818
607 517
607 562
398 484
133 205
857 818
562 526
5 89
249 202
306 261
863 857
985 946
217 223
89 95
863 818
50 125
517 607
369 314
217 223
95 89
261 351
5 95
606 565
217 133
351 261
857 863
89 5
345 306
434 505
570 589
977 960
857 863
217 223
89 95
217 201
473 479
351 306
389 473
95 5
985 991
735 663
217 223
50 95
434 455
735 729
991 985
389 473
473 434
389 434
345 261
473 479
170 179
89 95
601 607
729 735
901 985
863 782
818 890
690 657
946 901
193 241
473 479
223 217
991 901
473 479
601 607
306 345
991 985
645 763
5 63
863 773
607 562
690 735
479 473
473 479
562 607
95 50
729 735
473 479
217 203
345 261
857 773
178 133
178 217
261 306
773 851
345 351
261 351
991 901
50 95
863 818
901 947
857 863
562 601
5 95
985 901
89 19
818 836
479 434
517 607
601 562
142 209
985 946
857 863
473 434
687 681
901 969
89 50
1003 909
351 345
735 729
306 351
89 50
729 735
479 434
89 95
306 317
352 307
985 991
517 607
601 607
635 631
985 991
946 979
645 690
818 863
479 389
77 50
857 773
526 593
857 818
178 223
389 479
863 773
5 73
473 479
389 457
95 89
857 863
818 773
479 473
306 345
735 729
479 467
89 50
517 601
985 946
690 735
89 50
681 708
913 916
901 985
479 407
517 634
901 991
133 223
95 23
50 95
729 690
735 731
690 735
479 473
601 607
133 223
773 818
690 663
89 95
223 217
985 946
389 443
345 378
389 479
452 399
690 735
729 735
5 95
735 729
434 473
473 479
562 607
89 118
351 345
223 217
306 351
901 946
985 991
735 690
306 351
991 975
253 171
863 818
607 601
223 178
607 535
223 178
217 136
479 434
89 95
473 389
607 601
857 863
857 818
89 95
857 818
50 95
517 562
89 50
946 955
473 434
863 773
389 473
601 565
345 355
5 32
901 985
217 178
562 607
729 690
584 633
735 729
607 517
133 223
946 911
735 645
985 946
735 690
217 178
857 863
223 217
434 389
863 773
857 863
217 133
690 735
645 735
729 756
351 345
985 991
473 479
857 788
857 863
863 857
479 473
223 217
857 863
133 223
857 863
946 991
89 95
306 351
901 991
946 997
133 217
946 991
729 690
95 89
601 562
985 946
991 901
261 306
562 593
479 509
645 729
479 434
863 791
95 50
857 773
473 479
133 223
351 306
991 985
5 110
868 887
434 479
133 217
901 943
946 901
261 345
178 223
901 985
351 306
601 562
601 607
306 351
735 645
178 245
217 133
434 479
517 601
601 562
818 857
985 991
991 985
601 607
729 690
306 351
645 729
479 473
223 217
517 601
863 791
345 286
133 223
351 261
306 351
479 473
389 401
690 657
351 345
217 250
637 639
729 735
434 479
607 517
217 223
735 645
351 345
857 773
729 735
863 818
178 223
217 223
517 607
345 351
645 758
645 735
5 95
50 95
217 223
773 863
89 47
857 773
562 607
261 303
434 479
473 434
5 95
595 612
818 773
351 310
479 467
89 93
479 434
389 479
601 562
735 729
434 389
133 217
703 760
306 345
5 1
178 223
351 261
857 773
863 857
50 95
13 81
729 735
985 946
857 863
857 863
735 645
607 601
991 971
5 50
729 735
217 223
89 95
479 434
306 351
160 202
491 484
562 517
89 5
95 89
562 607
191 248
89 95
473 479
178 223
946 901
729 735
89 5
261 306
133 223
41 23
735 729
89 95
223 217
601 607
901 985
442 497
690 735
223 133
773 857
729 690
729 735
773 857
178 223
223 217
95 23
729 735
937 910
562 607
729 690
818 863
95 50
223 217
690 645
261 351
473 479
89 95
562 517
857 815
729 690
863 857
857 863
985 991
991 985
607 559
170 179
133 201
95 50
857 818
562 601
306 345
50 17
261 351
217 178
690 699
261 327
517 607
818 863
50 10
479 389
473 479
857 863
223 217
217 133
136 222
857 863
351 290
517 562
345 306
223 217
50 89
95 77
517 601
95 83
473 389
351 345
178 223
901 946
95 89
729 735
708 655
601 562
217 133
601 607
729 735
133 217
729 735
473 434
601 607
473 434
434 479
991 946
576 595
223 133
356 270
345 256
946 910
773 821
479 389
991 990
95 5
901 991
473 479
345 351
217 238
815 773
95 89
261 336
690 755
985 947
751 682
818 857
223 217
89 50
735 690
89 50
857 863
601 607
773 857
51 41
434 389
773 863
89 5
785 851
735 729
863 857
946 919
133 223
985 901
473 389
95 89
773 863
217 223
389 479
351 306
351 306
645 729
889 886
991 985
729 685
50 5
985 991
690 735
607 562
217 223
306 351
985 991
729 735
389 473
473 500
736 757
261 345
261 306
389 479
857 818
20 121
95 5
985 946
562 584
985 991
562 517
473 410
645 690
991 946
351 306
868 782
389 434
601 562
223 133
607 517
607 601
479 473
306 345
5 95
818 863
89 95
440 479
690 735
562 544
261 345
645 724
857 863
735 729
223 217
5 89
517 607
89 96
89 50
946 901
89 95
517 601
857 818
223 217
863 857
985 901
5 95
607 520
306 345
575 591
562 597
946 991
517 585
946 991
261 351
901 946
991 985
863 818
985 991
479 434
473 479
345 351
735 729
345 351
133 223
607 517
223 178
773 841
222 177
345 351
517 607
818 863
901 985
381 351
306 273
89 95
50 107
985 991
985 991
562 601
261 329
645 738
719 723
729 702
818 863
89 95
645 690
217 178
95 89
89 5
50 95
473 479
223 178
601 607
562 607
306 355
473 479
781 875
306 345
351 345
89 95
133 178
434 473
5 89
196 143
434 479
479 389
351 306
690 735
479 473
223 133
473 434
517 562
729 735
95 89
15 79
320 368
261 351
306 351
690 735
473 403
95 50
863 857
991 985
729 645
857 863
946 1023
5 89
601 607
217 223
645 735
529 520
5 95
690 708
345 306
863 857
553 527
479 473
473 479
95 14
337 298
133 217
95 50
729 735
5 95
479 473
601 607
818 863
89 50
345 351
345 351
89 76
937 964
601 607
601 587
389 479
901 946
946 991
857 863
735 645
5 73
473 479
857 782
991 985
601 607
562 607
425 452
864 814
314 339
645 690
985 991
217 223
178 223
217 223
991 985
901 1014
89 5
345 351
773 818
729 690
991 985
261 321
810 819
473 479
729 735
690 735
193 137
89 83
607 601
351 345
863 857
985 991
89 95
645 735
473 479
691 734
5 89
434 479
217 178
735 729
217 133
89 95
985 991
601 591
473 479
857 863
901 985
223 217
473 389
345 351
5 89
306 261
773 841
985 991
306 261
601 607
601 517
479 434
89 50
261 351
601 529
607 601
985 991
788 776
946 1019
601 607
857 863
479 473
217 178
857 863
729 690
473 389
345 351
345 351
901 991
94 9
645 729
901 991
306 345
946 970
857 773
89 5
729 690
249 142
729 735
479 434
345 351
690 678
473 479
645 687
607 517
345 261
435 430
601 635
50 95
985 901
306 345
601 607
857 818
607 562
133 223
985 991
473 479
857 863
352 261
351 261
991 985
773 815
901 946
601 607
773 867
563 548
601 607
178 223
479 389
857 863
562 601
985 991
735 690
901 991
251 247
836 783
95 5
345 306
946 901
473 389
217 133
306 351
517 562
783 847
690 658
985 991
5 89
735 690
985 901
857 818
351 261
729 735
133 175
95 50
89 50
735 729
95 5
863 782
5 50
50 95
601 607
5 89
857 863
729 735
607 553
217 133
261 303
946 901
178 223
95 50
985 901
89 5
818 863
645 706
479 473
479 389
261 351
818 773
50 63
261 345
985 991
261 306
261 376
178 223
991 901
95 50
773 857
729 735
645 735
5 50
690 735
261 306
50 5
633 546
99 63
729 735
818 857
729 735
448 442
345 351
607 535
351 345
89 95
351 306
63 79
735 729
479 434
690 735
217 223
50 5
389 457
133 223
991 980
5 50
479 434
479 473
747 653
562 607
857 863
351 261
217 223
736 675
735 645
601 562
133 223
95 50
133 169
517 607
601 607
517 595
607 601
517 601
95 5
901 943
735 690
517 607
223 133
95 110
345 351
217 223
601 607
178 223
735 729
217 178
818 857
607 601
818 863
473 479
863 857
735 729
575 632
690 645
985 991
985 991
223 193
517 601
434 479
517 601
223 178
818 863
306 351
133 217
773 863
863 857
95 5
601 517
479 473
690 735
1009 954
863 857
351 295
735 645
95 50
645 690
991 946
863 857
191 160
946 991
857 818
473 479
985 991
473 389
995 922
818 863
946 979
517 607
351 261
345 351
601 607
857 818
479 434
351 306
217 223
217 223
223 217
857 863
991 942
607 562
735 663
479 473
735 690
351 345
645 729
607 562
351 345
601 607
249 182
345 351
818 863
729 735
607 601
133 178
857 863
95 89
681 756
601 607
863 857
901 946
729 690
217 178
178 223
89 50
773 863
473 389
217 223
690 747
473 502
95 89
89 50
985 991
15 34
682 751
351 279
133 217
517 530
345 351
601 607
863 857
985 991
857 773
645 690
473 389
217 223
345 351
217 223
991 985
351 345
946 991
607 601
145 220
601 562
178 223
818 815
863 818
690 735
345 351
863 857
217 147
426 482
857 863
729 735
178 217
601 562
5 50
434 473
607 605
351 261
818 773
607 601
473 434
434 389
351 261
863 857
50 95
351 345
223 217
985 991
389 479
89 95
735 690
133 217
223 178
50 95
630 577
517 562
601 607
857 863
434 394
261 306
901 946
345 351
735 729
50 110
729 735
178 223
434 479
351 345
735 663
479 473
901 991
913 1020
991 901
729 735
320 317
298 307
857 818
901 991
562 607
89 50
645 729
178 217
351 345
133 217
607 517
857 818
473 389
178 217
473 479
133 217
773 809
991 946
946 985
345 351
729 735
690 735
178 217
607 605
562 607
479 473
901 991
985 991
261 351
306 316
601 520
818 863
729 645
857 863
5 50
50 94
143 207
517 607
95 5
389 473
479 499
89 95
306 261
434 473
389 431
345 351
690 735
217 178
857 818
645 690
479 473
562 607
261 306
307 303
351 327
223 217
991 985
217 223
863 857
729 735
601 562
306 351
773 863
607 517
818 857
517 607
351 345
901 946
306 351
345 351
191 224
63 81
397 491
818 863
601 607
562 517
223 135
306 353
261 345
863 857
95 80
351 306
434 479
5 89
645 735
729 735
133 217
389 434
306 351
223 133
601 517
50 95
991 901
479 455
991 901
517 562
178 130
901 985
473 479
729 735
607 562
773 857
601 607
389 434
985 946
881 826
901 949
773 857
133 142
473 389
125 70
479 407
985 991
818 773
434 479
607 562
448 392
607 601
89 83
434 389
178 217
89 50
228 142
351 306
517 601
5 50
729 735
479 434
607 562
788 891
473 389
736 739
991 985
5 95
319 352
89 5
389 479
389 434
857 863
178 223
729 735
985 995
217 223
946 991
607 562
68 15
562 607
89 8
94 89
690 729
773 863
217 133
601 607
351 306
991 946
89 5
89 95
601 607
1021 901
389 479
351 345
217 129
434 389
601 607
729 735
223 178
783 802
50 95
5 95
89 95
863 818
389 479
735 690
5 95
857 863
946 991
946 959
991 901
857 863
351 345
601 607
901 991
345 351
89 95
217 223
389 479
314 369
479 434
345 351
863 818
223 133
527 546
253 234
217 223
345 306
857 863
249 162
690 735
345 306
735 757
473 434
601 517
473 434
479 389
426 482
89 95
95 5
759 648
773 857
434 473
857 863
479 398
345 261
645 713
50 95
217 178
857 863
857 818
607 601
261 306
217 223
901 991
607 601
217 223
261 306
577 556
735 645
261 351
857 863
217 223
607 562
95 89
562 607
985 906
991 946
223 217
89 95
562 607
818 773
89 95
901 991
95 5
690 735
818 857
479 434
607 601
89 50
479 434
729 690
306 330
223 178
479 389
89 123
5 95
857 863
607 601
351 345
773 857
946 913
645 690
562 607
434 479
223 178
389 434
607 562
729 735
773 818
857 863
645 690
857 863
217 223
351 261
863 857
89 5
901 991
601 593
473 479
946 991
306 261
601 607
607 517
773 863
562 607
479 434
133 223
645 735
729 735
991 901
178 223
95 50
607 601
729 690
517 601
735 645
95 89
217 133
95 89
178 217
478 420
645 735
95 50
306 351
681 640
946 991
985 901
95 89
133 178
563 626
729 735
857 818
434 473
818 863
89 95
863 818
217 223
133 223
818 857
773 857
517 607
223 217
857 773
95 50
985 991
434 389
479 473
607 517
818 773
517 607
261 311
645 735
133 223
95 50
735 645
479 473
607 601
562 607
223 217
89 122
601 607
946 991
863 857
217 230
991 985
89 91
729 690
655 723
901 946
89 58
473 389
517 601
645 682
50 17
729 735
345 351
95 89
517 607
345 306
991 901
863 857
178 223
985 991
306 345
89 95
50 5
217 178
991 979
991 919
517 562
601 619
473 479
690 645
217 223
178 246
345 351
563 556
729 735
857 773
297 327
351 345
991 901
89 95
351 261
178 223
773 863
607 517
345 351
389 473
735 645
15 83
5 95
690 645
345 351
223 217
217 223
389 479
645 690
223 217
351 261
351 345
434 473
517 607
517 562
863 773
95 120
20 8
389 479
607 601
389 473
607 526
89 95
601 607
857 862
985 1003
89 95
607 601
690 735
863 857
645 735
857 863
607 517
901 1005
351 345
901 985
89 50
389 483
946 991
863 818
306 351
95 5
857 863
773 863
601 595
985 946
857 818
645 735
223 151
857 818
901 991
729 690
729 735
985 979
601 562
178 217
95 89
991 901
217 133
89 18
133 223
95 5
261 351
517 607
901 991
607 601
857 773
857 863
434 473
1003 909
479 434
5 50
645 690
479 434
89 95
261 351
773 857
601 517
857 863
217 223
735 717
217 223
5 83
562 607
389 479
89 5
601 607
434 406
479 398
95 50
89 5
729 735
729 700
5 50
645 729
95 89
133 223
50 95
178 223
223 175
991 901
345 351
735 755
645 729
562 607
601 607
937 990
5 95
735 690
645 713
818 863
95 50
178 133
991 901
517 611
991 946
440 389
399 418
985 991
217 178
601 517
562 607
356 270
985 991
89 95
773 863
690 670
473 479
985 991
773 815
562 595
901 985
889 788
473 389
306 351
729 735
345 351
753 698
946 991
996 1015
985 991
306 351
473 479
607 601
857 863
729 735
345 261
434 389
735 645
389 434
5 94
607 517
89 95
946 991
449 435
50 79
763 654
607 526
665 690
479 389
607 517
94 48
95 50
690 735
121 30
601 607
729 735
773 818
607 601
901 991
345 351
690 729
952 901
645 729
946 966
690 735
473 479
345 351
985 946
351 279
562 517
95 89
319 376
946 991
479 389
95 89
223 133
223 142
517 562
351 345
690 729
473 434
351 345
985 991
310 315
178 223
79 50
863 857
50 41
773 877
517 585
345 351
601 607
985 901
89 95
95 89
946 905
985 991
985 991
351 261
217 223
5 47
228 247
50 93
901 991
217 223
223 178
223 178
223 178
773 878
351 306
217 133
857 863
735 663
818 851
690 645
729 735
729 735
89 95
217 223
863 782
563 586
985 991
991 985
5 89
607 517
389 473
89 95
217 178
89 95
645 690
249 148
735 729
566 593
5 50
863 818
473 479
946 936
434 479
509 476
863 818
751 710
217 178
517 601
351 261
217 133
5 89
857 863
690 648
133 178
473 389
985 946
729 735
946 991
306 351
901 991
645 690
863 797
729 690
50 95
261 345
729 645
826 881
985 946
351 306
729 735
223 142
562 601
601 607
310 324
863 857
306 351
133 223
217 223
473 389
729 735
261 306
735 657
217 153
351 306
735 690
95 89
773 815
607 601
345 261
89 5
857 863
690 735
95 5
606 582
729 735
729 735
857 863
345 351
818 863
5 89
503 404
863 818
89 118
345 306
946 991
863 877
901 991
818 863
473 479
261 306
901 985
345 306
223 217
857 863
65 58
479 434
946 901
178 217
178 223
901 991
901 991
901 943
857 863
5 50
946 991
479 473
389 473
399 463
985 901
50 95
938 947
607 601
517 535
773 863
95 50
729 735
645 690
389 473
89 50
773 863
946 985
223 167
479 473
223 178
735 729
607 601
681 738
690 729
89 50
824 773
351 345
946 991
389 473
729 690
261 351
5 95
857 863
217 223
607 601
133 166
645 739
735 729
901 985
89 95
991 901
562 607
223 133
857 863
217 133
773 863
735 729
601 607
729 735
562 587
562 517
645 735
729 735
228 142
607 562
985 991
192 234
217 223
937 1012
133 217
991 985
601 517
389 473
178 217
645 729
473 479
271 335
145 191
985 991
735 690
223 217
601 607
601 562
607 562
95 50
690 729
985 946
345 261
818 857
946 924
946 985
217 223
17 30
351 345
991 901
645 735
946 985
217 223
473 389
351 345
985 991
625 570
818 863
601 607
89 95
223 217
5 95
857 863
389 479
601 607
50 89
345 351
991 946
818 857
389 434
735 654
95 89
345 351
901 985
773 863
345 351
517 559
517 607
950 1018
773 863
699 710
479 434
946 901
50 95
562 607
50 95
818 773
133 178
178 133
729 735
389 473
729 735
818 863
607 601
64 5
269 363
729 670
857 863
345 265
985 991
991 960
991 946
985 941
607 562
773 857
645 735
133 217
345 351
473 479
645 690
306 261
553 574
351 306
991 985
89 5
607 601
89 17
99 36
773 857
473 479
991 901
690 656
991 946
960 961
95 5
351 345
178 223
562 607
473 393
562 601
133 217
735 690
345 351
345 351
991 946
690 729
690 713
857 863
601 607
911 979
473 479
133 178
306 292
985 991
607 526
479 473
345 306
217 133
863 857
818 857
729 715
857 863
735 690
991 985
89 95
863 887
223 246
818 863
735 729
735 690
946 901
901 985
729 645
479 398
857 863
857 891
818 863
133 223
261 306
901 946
995 1008
50 95
863 791
729 735
863 857
224 207
690 645
473 479
217 133
517 607
473 479
857 818
946 901
517 559
473 479
517 601
946 991
479 389
351 261
690 735
563 582
389 473
491 397
729 645
690 645
562 517
351 306
601 607
217 175
351 345
389 473
562 607
607 517
991 985
601 562
217 133
389 473
479 434
729 735
607 601
916 960
562 607
345 277
479 434
773 863
223 170
217 133
89 95
818 863
434 479
434 479
345 335
985 991
178 133
985 991
95 50
529 617
479 434
857 863
178 217
473 479
306 345
857 818
217 223
217 133
425 399
532 576
735 741
217 223
50 89
698 753
901 946
223 217
479 389
946 991
306 351
50 95
773 815
611 513
901 985
729 690
434 428
863 857
729 735
479 389
389 447
729 645
576 638
754 645
836 783
985 974
217 223
50 73
857 863
991 901
607 591
773 818
729 690
178 223
479 473
261 306
473 434
473 479
261 351
729 735
645 690
863 773
607 562
351 345
133 178
107 13
818 857
729 735
735 690
607 562
729 690
729 690
389 470
89 95
607 601
562 517
89 50
607 601
645 735
735 645
479 389
217 223
89 95
857 863
607 601
223 217
913 1010
434 479
517 601
5 95
217 223
562 601
50 95
306 351
857 863
729 690
351 261
694 661
946 985
50 89
991 901
261 345
473 389
946 985
50 95
479 473
389 473
434 479
857 863
818 863
985 977
89 95
690 670
5 95
351 345
996 1015
306 345
261 303
645 713
601 517
607 562
133 237
261 306
351 345
178 223
178 217
473 479
818 857
50 95
89 95
261 353
473 479
735 729
773 857
223 217
818 857
985 991
857 863
95 50
517 562
607 562
5 50
89 95
601 562
389 479
133 223
562 607
607 601
5 4
601 607
367 298
434 479
818 857
5 89
985 991
729 735
217 223
562 607
261 351
601 607
601 562
96 79
50 95
946 991
991 901
818 807
479 434
345 351
729 645
133 223
577 512
479 389
527 591
601 562
901 991
863 857
50 95
133 223
261 306
735 663
133 223
217 223
479 434
95 5
50 95
690 729
857 863
351 261
729 735
863 857
50 95
818 863
607 601
863 857
178 217
345 306
425 454
991 947
788 832
389 434
645 713
217 138
261 345
985 946
217 223
601 562
645 735
178 223
735 645
246 170
50 95
607 601
901 985
517 607
89 95
601 607
345 306
351 284
857 863
223 133
261 329
901 985
985 991
89 95
889 849
5 50
345 351
261 351
133 178
261 345
901 991
601 535
217 178
95 89
863 857
847 864
345 351
607 517
95 5
601 607
5 89
901 913
857 863
901 1018
913 1002
985 991
601 607
389 479
217 133
345 351
389 473
95 89
217 223
773 863
89 5
773 818
465 448
729 690
351 345
532 576
901 969
217 223
645 735
89 95
601 607
975 950
863 773
517 607
223 142
991 910
389 415
863 818
217 223
310 300
645 735
389 479
863 818
991 985
833 826
946 901
863 773
857 818
434 394
389 463
217 133
601 562
434 479
351 261
863 818
178 223
389 502
473 479
217 223
351 345
5 50
223 178
773 863
217 223
857 863
946 901
133 223
690 735
863 857
20 64
133 223
217 223
994 926
95 89
89 119
857 863
690 735
351 345
773 863
351 345
50 95
818 773
773 841
479 434
473 389
857 863
306 261
336 381
645 735
901 991
50 95
89 23
133 178
985 991
601 517
89 50
729 735
517 607
479 389
351 306
178 223
50 5
261 351
261 306
863 815
89 95
562 517
223 133
991 919
64 45
389 479
601 607
306 309
5 111
690 735
306 368
351 279
857 863
985 946
863 798
818 857
95 5
735 645
434 470
857 863
729 756
985 901
351 306
773 857
729 735
473 479
351 345
351 261
946 901
562 607
306 351
1009 979
434 473
261 345
985 991
857 863
261 351
50 93
735 729
351 345
818 863
261 351
95 50
345 351
913 993
306 316
389 473
345 261
601 517
857 773
217 223
217 178
89 50
50 5
345 306
217 223
735 729
5 89
985 960
351 345
95 5
947 919
773 818
479 434
985 991
901 985
434 479
89 32
223 151
473 479
946 985
857 861
479 398
345 351
985 991
5 47
991 946
95 48
351 306
50 95
5 50
217 223
389 473
690 761
857 773
985 991
89 95
901 985
223 217
517 585
818 875
562 607
298 307
818 863
345 306
261 345
729 645
320 339
95 89
857 863
901 991
735 729
217 178
735 729
178 217
946 917
838 810
517 601
95 89
447 389
819 774
133 217
935 938
729 711
517 607
867 823
351 279
89 5
223 178
345 351
473 479
473 479
89 95
434 479
479 434
351 303
645 735
261 345
991 946
729 735
901 991
95 115
95 50
217 223
95 21
517 607
729 735
95 5
985 991
946 904
473 389
331 345
946 991
191 224
601 607
133 223
5 95
729 735
351 306
985 991
223 178
50 30
985 946
818 863
901 946
607 517
261 329
345 351
217 136
479 473
773 863
857 863
991 1019
133 223
985 946
249 177
473 479
217 223
645 735
657 688
818 863
857 773
89 50
345 351
729 645
947 911
261 351
863 804
901 946
985 946
946 985
863 857
729 735
479 394
818 863
773 863
562 517
133 223
5 89
601 517
985 991
345 351
601 552
645 735
217 178
729 690
89 83
863 773
580 527
818 863
389 473
351 345
901 991
5 50
352 339
645 690
473 479
857 773
178 217
345 351
306 351
345 351
261 345
735 670
95 89
863 857
261 345
89 47
991 946
133 178
261 351
857 851
901 991
5 95
95 89
601 562
94 127
818 857
690 735
217 223
479 473
217 223
601 607
857 863
95 89
645 729
345 261
857 818
5 113
217 133
5 89
863 818
479 407
995 928
473 479
991 985
479 398
426 435
517 562
351 345
479 434
217 178
345 351
89 5
985 991
473 434
991 946
217 223
601 607
735 645
95 50
133 204
773 857
351 345
729 719
50 95
306 296
178 223
479 434
818 773
985 946
562 607
607 601
991 985
473 389
863 818
276 264
901 946
517 607
306 351
351 261
133 243
729 645
901 991
773 818
729 715
306 271
601 562
773 857
729 645
5 95
773 863
946 991
89 95
985 991
517 607
729 645
5 114
223 217
607 601
479 389
50 93
901 991
5 73
345 351
5 95
473 479
473 479
473 426
473 479
261 351
89 95
645 735
434 473
479 398
607 601
217 206
562 517
473 389
562 634
345 351
217 178
607 601
818 769
5 95
94 1
223 133
838 810
473 434
645 729
985 1008
345 351
773 818
857 818
217 189
645 729
818 863
517 607
95 5
985 991
473 479
479 473
607 601
217 223
389 434
946 967
261 345
306 340
607 601
601 607
690 735
473 389
985 946
729 735
601 607
345 351
607 601
217 223
473 479
345 351
5 110
95 17
133 201
351 345
89 95
857 815
89 50
217 223
89 95
389 473
991 985
479 434
261 303
601 517
473 479
952 901
818 863
50 95
261 351
434 473
89 50
1002 991
517 601
901 991
178 223
735 729
863 818
473 434
462 505
901 985
601 562
68 15
351 306
345 351
217 142
566 622
473 389
901 985
946 991
64 83
345 351
89 5
389 479
991 901
223 151
389 479
95 5
5 50
637 595
435 397
452 399
307 372
74 99
857 863
901 946
991 919
223 142
946 901
991 946
351 345
818 857
985 991
857 863
857 863
991 946
217 223
217 223
607 562
178 133
223 217
603 637
773 863
991 985
217 223
517 601
50 75
89 50
89 95
645 729
351 345
735 729
306 351
345 351
345 347
89 95
389 473
217 223
729 690
857 863
68 15
50 89
901 985
434 473
389 509
985 991
89 50
133 223
773 818
959 1012
351 261
350 286
946 991
178 217
761 723
729 735
345 371
178 223
133 178
5 89
863 857
50 5
5 14
223 217
89 95
901 985
473 479
95 125
857 863
133 217
178 145
89 50
645 735
601 535
867 889
863 861
434 389
690 741
773 863
345 261
851 783
479 473
857 863
690 735
221 178
735 645
473 479
991 901
985 991
95 50
473 479
351 345
645 729
735 645
223 217
5 50
690 645
479 389
887 868
818 863
95 50
473 479
261 351
5 89
223 217
991 985
95 89
89 50
946 992
946 979
261 351
95 50
306 351
863 857
985 946
991 946
985 991
735 690
5 89
607 517
50 89
133 178
645 687
672 714
729 690
645 690
89 95
473 389
261 351
276 261
857 863
473 479
729 678
601 607
601 562
95 50
607 517
51 46
95 14
351 326
89 95
389 392
818 863
735 663
95 34
473 479
351 261
818 863
857 773
773 818
356 270
473 479
863 857
735 645
20 64
54 118
818 882
89 95
729 715
517 607
863 818
351 306
761 751
601 517
729 735
306 345
857 863
985 991
901 991
773 857
223 217
901 991
690 645
223 178
863 818
946 985
473 434
735 690
178 223
517 535
217 223
95 89
645 687
735 645
729 645
985 946
345 306
89 100
5 68
223 159
89 95
729 735
729 735
690 645
50 95
690 703
271 339
607 562
735 654
818 773
223 217
351 261
345 261
54 125
306 298
946 901
991 985
99 79
562 607
954 1021
141 235
773 809
818 857
729 690
89 50
517 607
217 133
985 991
913 971
901 991
95 23
89 95
5 42
690 739
479 389
351 345
985 946
479 473
773 826
351 345
434 415
5 50
5 73
729 690
89 95
58 75
434 430
95 89
645 735
223 217
89 95
857 863
960 1008
863 857
345 351
5 123
985 973
434 479
50 95
178 223
178 133
607 562
178 223
261 351
985 991
985 961
818 863
991 901
867 851
690 767
178 217
345 351
345 261
985 946
601 562
95 89
223 133
857 863
645 735
645 729
773 818
479 473
946 991
575 608
517 601
946 991
351 345
735 719
857 863
645 723
985 991
729 735
645 735
178 169
991 901
517 607
901 991
818 857
345 261
607 595
89 95
901 991
50 14
690 645
95 5
479 434
217 223
50 5
95 5
389 467
990 957
434 473
479 473
223 178
517 607
562 607
857 818
765 738
15 34
479 473
217 133
946 991
857 818
526 593
473 479
473 389
703 736
63 96
729 645
562 607
863 834
223 178
306 351
648 660
50 5
345 261
217 223
50 2
217 223
58 83
223 212
633 608
133 223
434 389
729 756
434 479
985 991
863 857
729 690
351 261
901 991
306 351
863 857
863 857
946 1020
223 217
473 443
729 735
729 735
857 791
217 178
601 607
735 729
773 863
946 985
479 473
863 857
601 607
625 562
5 95
623 582
479 462
345 351
857 863
306 351
261 329
479 483
178 217
960 955
991 946
89 50
345 351
389 457
434 479
5 89
985 991
607 601
818 863
601 607
5 73
863 818
223 178
946 985
818 863
345 351
729 735
261 345
818 857
985 946
773 857
773 863
819 778
473 479
991 914
178 217
788 832
473 389
223 217
389 479
389 434
89 95
946 991
729 735
735 729
985 946
517 607
479 473
89 50
351 261
729 690
863 782
473 459
857 860
345 351
985 901
818 863
241 176
473 479
736 756
95 5
479 434
306 333
351 261
345 351
601 607
170 179
89 50
901 991
735 690
729 690
434 479
517 562
217 169
345 351
607 601
985 946
306 336
217 223
345 301
345 306
434 473
607 517
607 517
479 389
601 562
306 351
690 735
946 991
89 95
345 351
50 95
223 133
434 479
434 479
857 863
985 991
857 823
473 434
818 773
691 703
985 991
217 223
479 389
5 95
729 735
818 857
735 729
473 434
735 729
148 136
607 535
985 991
601 562
241 186
434 479
217 223
133 223
653 723
473 479
50 95
773 863
946 981
178 223
95 89
217 223
645 735
601 514
217 223
818 857
479 434
735 697
819 851
434 473
607 562
645 735
133 232
985 901
690 735
601 607
473 479
89 95
881 826
345 351
178 223
89 95
50 95
223 217
818 773
89 95
196 143
735 697
133 178
223 178
607 601
607 517
95 89
434 479
773 847
178 145
857 773
607 517
645 690
5 117
607 535
217 223
991 910
261 345
818 771
50 89
517 559
863 857
595 527
863 845
857 863
991 985
601 517
377 290
735 654
377 315
89 50
133 217
576 595
517 528
729 645
223 133
223 178
401 464
345 371
517 559
562 607
788 832
217 223
991 985
133 223
645 690
479 434
857 863
562 538
901 991
345 351
690 735
901 990
946 980
223 217
863 818
857 773
479 473
562 607
89 95
261 306
306 261
773 863
946 991
351 345
203 217
89 95
991 946
434 479
133 223
345 351
479 398
89 95
345 326
857 818
946 991
351 345
901 928
479 407
822 884
261 351
89 5
217 223
690 735
773 818
345 306
773 815
601 607
133 223
857 863
985 991
946 991
863 857
479 473
946 991
5 95
89 38
607 601
5 47
473 434
479 389
1019 901
89 95
95 50
217 223
89 50
217 223
1002 979
729 690
434 422
261 329
729 735
434 389
389 435
946 991
95 5
985 991
562 517
901 946
345 351
985 991
991 901
345 351
89 95
607 595
773 818
133 217
479 473
857 863
818 863
222 209
473 479
729 735
562 607
611 614
601 583
89 95
562 517
479 401
517 583
729 690
217 223
818 863
729 763
601 607
863 857
818 889
425 452
537 618
607 562
479 473
479 434
479 389
178 217
389 479
991 946
217 133
5 89
473 479
607 562
473 389
389 479
479 389
729 735
89 95
5 95
857 773
645 735
1009 982
517 601
607 517
729 735
95 89
89 95
473 479
985 991
985 1014
389 434
479 473
946 959
607 601
889 787
601 607
345 348
473 479
857 863
447 504
178 223
133 217
217 178
306 261
985 901
89 75
570 520
95 50
901 985
818 863
773 863
729 735
991 985
473 389
517 562
946 974
946 991
985 991
889 861
306 261
863 818
857 863
223 217
601 607
89 50
306 298
351 306
517 607
607 601
985 991
95 89
479 434
473 434
735 729
735 645
320 276
818 773
89 95
517 547
345 351
645 687
857 818
178 170
601 517
389 479
95 82
607 601
5 89
773 818
178 223
946 901
831 851
95 50
690 735
133 223
690 645
601 607
607 601
517 601
946 991
178 166
690 735
290 367
735 654
473 434
89 50
645 735
985 991
89 91
735 654
345 261
645 690
306 350
729 690
517 607
306 261
473 479
217 178
946 985
517 562
818 881
601 607
735 729
818 893
351 345
223 178
261 348
351 306
473 479
818 863
479 473
818 863
89 95
901 968
985 991
178 223
996 1015
901 991
607 601
991 985
345 351
645 738
261 306
95 5
50 95
773 863
95 89
625 570
178 223
607 517
818 773
351 345
95 89
735 645
773 857
479 434
89 50
178 217
645 735
261 345
473 479
601 517
306 351
351 345
773 841
857 863
95 89
857 863
601 614
901 943
306 261
345 351
473 479
607 517
351 345
95 50
425 501
95 89
773 857
938 947
479 473
133 223
901 943
89 95
735 645
863 818
345 351
261 351
178 220
690 670
345 351
729 735
857 818
773 863
857 863
50 95
345 261
389 479
351 345
735 645
607 517
217 223
985 991
601 595
601 634
562 607
607 601
690 735
133 201
89 95
89 95
351 261
89 95
985 997
818 848
729 690
985 946
562 607
50 91
991 985
17 52
434 473
645 674
352 302
985 946
50 15
517 529
223 217
818 863
95 50
735 729
5 95
5 47
985 991
50 31
261 351
607 562
89 95
89 95
345 351
261 345
562 639
95 50
89 95
345 351
818 863
735 729
473 479
580 526
50 5
729 735
601 517
178 223
729 735
223 217
612 526
985 946
345 351
306 351
223 142
434 479
261 351
991 953
946 991
773 857
217 223
223 251
690 735
863 773
377 259
857 773
434 479
529 524
473 434
306 351
473 479
479 473
473 479
607 601
133 178
434 479
5 65
14 95
863 857
991 910
389 479
345 261
601 517
217 223
985 901
351 306
63 120
601 607
601 561
991 985
601 607
473 479
607 601
179 204
773 815
223 217
645 690
351 345
773 863
434 479
857 863
831 864
601 607
348 351
783 802
857 818
133 223
15 83
901 900
735 729
479 473
89 5
818 857
89 95
50 95
735 729
645 670
5 95
89 107
306 261
50 95
5 95
454 426
223 142
901 938
946 988
479 407
818 863
576 600
50 95
217 223
773 863
473 479
729 690
601 607
473 479
946 991
562 606
901 991
1017 907
448 497
690 735
89 95
601 607
5 50
729 654
345 306
857 818
178 223
133 217
389 434
601 607
991 985
985 991
735 690
773 857
938 985
985 901
479 473
985 991
607 562
645 729
192 153
562 637
773 863
306 351
690 645
863 851
89 95
729 645
261 351
863 869
345 298
95 89
217 223
5 95
773 863
863 794
735 729
985 991
809 879
601 607
991 985
985 991
217 223
223 217
991 985
217 223
95 89
607 601
473 434
95 89
657 751
517 562
863 773
50 89
281 362
217 223
178 133
473 434
345 351
991 901
434 389
857 838
223 217
863 773
857 773
991 946
991 985
863 852
601 607
217 223
223 217
773 863
261 306
178 223
345 351
133 217
985 991
217 223
473 479
306 351
178 184
729 735
306 351
178 204
223 148
985 991
991 901
991 901
901 991
992 928
352 316
345 261
857 863
645 735
473 389
863 857
434 389
985 991
857 863
351 345
863 773
369 314
607 601
607 562
977 938
217 223
306 351
857 863
985 946
89 5
133 175
562 607
863 857
562 601
985 991
89 95
50 95
863 857
863 870
479 473
345 306
857 791
562 517
857 815
389 434
217 178
479 434
178 133
95 89
517 601
901 935
306 327
306 351
473 479
946 991
217 178
937 911
473 479
946 903
632 628
645 735
562 601
1009 975
690 729
607 526
217 223
607 601
818 776
517 601
765 663
991 901
223 217
607 562
345 351
645 729
863 857
857 863
735 729
690 735
479 473
473 434
434 479
89 95
261 376
217 223
735 687
857 863
818 863
946 901
991 985
261 306
345 351
261 306
389 431
901 991
95 89
985 901
985 991
562 607
991 985
345 306
857 863
517 601
818 864
601 607
946 995
434 489
345 351
601 607
217 225
351 259
306 351
959 975
249 169
479 473
5 89
901 946
223 217
89 95
178 244
985 1006
351 261
261 345
690 735
89 50
89 95
306 351
985 991
473 434
261 306
729 690
985 1007
50 5
544 586
351 322
473 479
985 991
95 89
217 223
351 345
95 14
985 991
479 389
991 985
133 223
818 863
223 133
729 654
601 607
89 5
729 735
133 223
223 145
735 690
217 133
50 89
217 178
223 178
345 351
95 89
901 985
178 217
479 389
473 389
729 735
389 479
94 64
89 5
601 607
601 561
96 44
479 434
773 893
729 735
223 217
389 410
227 145
946 985
690 735
857 863
901 991
938 977
562 632
5 47
374 321
735 645
901 991
479 473
645 735
95 50
89 71
389 434
473 479
5 47
351 306
607 601
729 735
306 351
911 975
201 166
351 345
95 89
818 863
690 735
261 306
601 517
690 735
434 479
306 351
735 729
773 863
991 946
985 991
729 735
89 5
863 818
830 857
562 639
345 306
345 351
562 601
857 818
434 479
985 991
5 50
985 991
1009 954
351 270
217 178
473 434
735 729
178 223
89 50
50 113
479 434
672 714
819 806
729 735
434 401
857 828
223 175
946 901
133 201
517 607
50 7
818 863
901 946
5 50
729 645
345 351
89 50
946 991
645 735
217 223
601 607
735 715
729 735
306 351
223 142
729 690
345 357
389 434
89 50
345 351
473 479
946 991
645 721
857 863
946 991
991 985
5 42
562 607
735 690
690 645
89 5
729 645
434 479
473 479
133 143
89 50
389 434
89 95
601 607
991 946
133 217
345 306
178 133
217 133
735 729
818 807
89 5
601 619
223 217
517 607
991 946
985 901
374 269
351 345
217 178
473 479
178 223
434 389
217 223
947 896
223 217
5 95
645 735
991 985
818 811
351 261
645 735
261 351
223 142
5 95
389 434
857 773
95 123
729 735
479 434
223 178
473 434
351 345
773 818
562 607
601 564
178 223
857 863
276 264
345 306
345 351
607 562
946 991
946 985
351 270
389 479
735 729
645 729
5 95
89 95
601 607
857 863
479 398
345 351
517 619
345 351
217 178
50 55
389 434
517 601
601 607
223 217
863 857
773 818
517 607
818 863
223 133
863 773
228 247
818 773
607 601
690 645
773 863
901 985
985 991
261 329
690 645
857 818
95 89
261 345
901 991
985 901
946 991
479 398
985 991
261 345
345 351
63 120
946 991
991 985
133 178
517 559
223 217
607 605
863 831
1014 938
345 351
735 729
863 818
690 645
985 991
991 901
985 991
42 51
145 191
857 818
89 95
217 133
946 901
946 985
901 991
217 223
765 735
991 901
434 479
857 818
351 345
261 351
89 50
271 290
217 223
133 208
5 89
985 991
217 223
351 306
863 857
601 607
857 863
946 991
735 729
901 954
217 223
833 867
89 95
479 434
946 991
169 179
345 306
985 938
379 375
863 818
946 991
601 607
601 607
857 863
517 601
5 47
985 991
315 306
857 863
562 607
607 562
857 785
690 735
89 50
479 473
261 345
473 479
223 217
818 773
729 735
773 857
133 223
261 345
479 473
50 95
729 735
434 479
729 645
729 735
690 729
389 473
223 217
690 735
217 133
223 217
389 404
351 345
863 857
517 601
345 351
857 863
217 223
399 418
133 223
991 901
261 351
645 735
913 982
223 217
562 607
178 223
89 5
89 95
607 601
857 851
223 133
351 261
690 735
217 223
773 863
95 5
857 863
901 946
703 760
307 265
345 306
479 473
562 607
818 884
645 690
863 773
607 601
607 543
95 56
901 985
434 479
645 753
708 655
901 991
735 729
690 729
690 645
857 863
389 473
261 345
607 601
217 178
947 960
223 142
517 607
5 89
178 223
729 735
863 857
178 223
351 306
389 473
985 937
345 351
454 426
607 601
473 479
985 991
479 473
261 303
95 89
95 5
773 818
607 562
95 5
306 261
434 479
729 735
690 735
473 479
95 5
389 473
306 351
351 345
178 223
479 434
607 601
223 217
345 351
479 473
447 480
601 607
645 687
306 275
690 735
562 607
223 133
473 479
946 991
217 223
217 223
901 991
96 10
901 925
735 729
509 458
5 47
818 857
50 5
351 345
178 223
434 479
991 919
345 351
335 336
306 299
434 479
985 901
222 145
123 119
351 345
345 351
857 863
729 688
946 919
607 535
857 863
473 479
969 901
479 473
690 735
607 601
217 223
473 479
729 735
607 517
345 351
50 5
517 601
345 351
729 645
479 398
863 773
818 863
133 178
351 306
95 5
601 554
222 189
991 946
863 857
736 725
345 351
217 178
352 295
5 95
345 263
217 223
217 223
517 562
517 607
178 223
479 434
863 857
473 389
306 345
735 645
818 797
735 690
479 473
729 735
50 95
517 601
607 601
401 389
434 479
863 791
217 178
729 735
217 223
946 991
479 389
95 5
645 735
735 690
261 345
946 985
517 601
434 473
217 133
729 735
434 389
438 475
863 857
133 223
5 50
729 735
261 306
735 729
937 964
991 901
517 559
857 818
985 946
729 735
306 345
479 434
473 479
89 5
351 306
223 217
607 601
857 863
729 690
601 607
89 95
863 857
818 857
473 386
729 645
960 979
857 773
483 502
89 50
690 735
434 385
863 857
991 919
389 479
975 959
223 133
89 95
601 607
985 991
857 785
699 645
607 601
863 857
735 690
901 985
863 773
479 389
863 857
261 274
601 607
179 146
95 23
345 261
857 779
261 351
5 95
133 217
217 223
729 735
389 473
111 70
473 434
735 729
133 178
5 47
156 253
992 944
735 702
345 261
306 345
991 979
50 95
211 153
133 208
901 991
178 151
217 223
170 148
89 95
818 773
89 50
473 479
345 306
5 89
223 217
479 473
985 981
645 729
261 351
729 735
473 434
50 89
261 351
479 398
735 729
351 306
50 95
345 261
985 946
306 351
89 95
20 8
901 991
50 95
991 985
133 175
601 607
946 985
89 95
517 512
729 735
690 735
89 95
345 306
50 89
946 941
314 315
946 991
991 946
434 479
345 351
946 985
517 607
645 735
345 351
946 985
991 985
217 200
306 345
729 687
5 95
991 901
946 901
991 901
95 89
562 607
133 223
50 89
133 223
473 479
5 95
645 735
434 459
95 89
50 95
5 50
121 119
345 351
729 645
121 115
50 95
901 985
562 628
5 95
345 351
479 473
5 50
601 607
133 178
217 133
50 95
479 501
690 729
562 580
735 690
217 223
991 946
217 202
351 306
901 991
863 857
645 735
479 473
473 416
89 50
863 773
985 991
818 845
345 351
479 389
645 729
50 95
729 735
991 985
729 735
946 991
345 351
901 943
857 863
735 690
946 985
479 389
729 690
991 985
473 479
607 517
345 351
991 946
261 351
345 351
562 565
985 991
466 473
562 517
735 690
990 949
434 473
991 901
645 735
351 345
562 607
765 735
863 857
223 217
5 89
517 601
223 224
735 645
389 479
863 773
901 985
863 791
601 607
562 607
985 991
178 133
857 863
178 223
479 473
479 472
306 351
178 223
298 307
217 223
991 985
479 473
89 95
645 729
434 473
633 572
217 133
217 178
562 601
178 217
178 206
217 223
562 607
479 434
607 601
857 863
645 687
389 479
133 217
389 473
601 607
273 378
554 563
261 345
217 223
818 863
773 857
228 247
473 479
473 479
607 601
901 985
95 127
857 846
645 735
517 585
479 407
601 517
351 306
217 227
351 345
991 985
351 270
473 479
133 223
178 223
345 261
690 735
645 687
773 857
89 5
50 95
607 562
690 735
479 473
562 601
89 95
389 473
991 985
345 306
389 479
985 967
228 247
946 991
562 535
217 223
313 345
426 435
773 863
991 985
818 863
818 810
991 901
601 607
645 735
89 95
5 50
345 351
562 597
863 857
773 841
133 217
5 89
773 857
901 991
735 645
690 735
773 863
345 351
946 901
863 857
95 50
5 38
735 690
479 434
5 95
121 119
985 901
89 50
601 607
985 901
645 690
351 279
690 729
351 345
729 645
345 306
133 178
95 5
946 991
223 178
178 223
991 946
50 95
271 335
608 614
690 735
261 351
435 482
863 773
729 690
479 389
89 95
306 261
261 345
345 331
735 729
601 607
133 217
89 50
5 50
306 351
601 607
857 863
89 95
901 991
690 729
773 857
479 473
434 479
351 345
901 969
306 261
601 607
601 627
985 946
818 857
223 217
601 607
773 863
645 690
434 479
729 735
351 345
95 118
946 994
985 946
178 247
351 339
345 261
345 261
690 645
133 202
351 286
729 690
601 607
645 690
607 601
991 946
818 827
985 991
946 985
223 217
991 946
223 178
773 863
473 434
5 89
217 133
389 479
946 985
991 1012
389 479
601 586
389 479
96 9
991 985
473 434
479 407
901 991
729 735
223 217
473 479
306 351
5 89
729 735
601 562
95 50
607 562
991 938
991 901
601 607
985 991
178 217
306 345
857 773
562 607
89 5
991 985
985 901
729 735
217 223
690 735
607 601
562 607
480 469
991 946
857 863
773 818
985 946
261 306
985 901
351 306
517 562
473 479
607 535
729 690
690 645
607 526
217 223
401 509
863 857
601 607
985 991
607 517
351 306
479 434
351 261
50 5
89 95
473 479
735 729
17 125
857 863
473 479
227 192
985 991
607 601
89 95
690 735
261 329
306 351
985 991
50 89
261 351
517 601
95 89
217 133
473 482
863 857
985 938
601 607
50 89
729 735
517 601
239 198
985 991
991 946
223 133
473 434
773 863
601 562
863 857
857 863
601 607
217 133
479 473
479 389
479 426
607 601
50 95
847 838
473 479
223 217
479 473
261 379
857 863
607 535
5 95
223 133
517 607
351 270
223 217
863 818
601 607
345 332
223 178
89 95
89 5
735 729
178 223
479 473
818 863
729 735
351 261
690 735
15 79
607 559
276 320
178 133
729 690
773 863
389 431
133 201
773 844
89 95
735 645
562 607
5 95
95 89
991 985
345 357
857 863
991 946
89 5
735 729
690 735
857 863
345 351
479 473
946 985
89 95
857 863
5 95
645 729
729 735
601 607
389 431
857 818
601 607
863 857
645 713
89 95
473 479
601 562
601 562
991 985
223 178
901 946
95 5
479 389
818 863
901 985
261 351
570 542
133 175
990 939
434 479
111 42
89 95
946 991
479 434
351 306
351 345
345 351
133 144
729 735
345 376
351 279
729 735
601 607
306 351
5 95
729 645
991 901
434 479
479 473
735 729
223 133
946 991
735 645
607 601
991 901
217 223
434 389
946 985
89 95
562 601
991 985
607 601
473 389
863 877
50 5
735 645
133 217
473 479
985 1003
765 720
473 479
985 1012
223 217
99 95
473 384
223 178
857 852
729 735
729 735
562 621
89 95
89 95
14 5
985 991
479 389
985 991
607 562
946 901
223 217
991 985
607 562
509 447
645 746
991 901
544 586
297 279
863 818
832 851
857 863
985 914
133 178
601 607
473 389
217 178
773 857
74 100
321 311
991 985
601 562
217 223
89 5
901 946
857 863
863 818
217 223
89 95
196 169
729 663
985 946
863 773
991 985
601 583
562 601
857 818
133 217
479 473
562 517
345 261
901 991
345 351
946 991
857 863
985 1012
991 946
960 975
818 863
223 133
389 473
946 901
946 985
863 782
985 946
95 5
457 473
607 517
690 735
434 479
645 690
345 351
901 991
773 857
217 223
729 735
345 306
985 946
178 223
95 50
89 95
735 645
191 248
133 223
975 996
901 985
279 351
985 991
434 473
773 863
261 306
345 261
133 223
857 863
247 228
601 517
345 353
479 473
729 735
89 95
857 863
223 217
645 690
15 83
601 557
473 479
50 17
50 95
729 735
690 701
773 863
729 735
735 729
58 59
601 607
89 50
306 345
607 601
857 863
261 345
818 863
991 946
818 811
217 223
985 946
607 601
857 769
863 818
863 857
946 991
223 217
773 857
389 479
857 812
345 351
985 901
457 389
660 648
736 655
818 863
645 729
517 607
729 735
133 217
607 517
901 985
89 50
473 434
645 735
735 645
251 247
832 796
735 729
133 178
479 473
351 261
857 863
985 946
863 773
345 351
607 601
810 819
306 345
389 479
217 223
601 517
601 607
306 345
479 434
479 434
818 773
562 607
306 321
351 312
89 82
607 562
562 607
645 690
261 351
404 448
729 705
601 607
223 217
901 962
5 89
473 479
857 863
985 946
345 306
89 95
645 735
893 856
690 735
345 351
991 901
5 50
690 735
261 315
857 773
484 503
773 818
946 991
729 645
345 351
985 991
623 601
351 306
479 389
178 223
389 434
95 89
729 735
351 345
901 1014
818 863
178 133
261 345
434 479
25 106
178 223
434 464
497 442
434 473
729 735
863 818
857 863
479 434
818 863
306 298
95 50
773 857
389 431
351 306
765 749
223 217
50 95
178 223
389 473
479 389
50 95
818 863
601 607
89 50
735 729
773 863
977 938
729 690
863 818
985 991
562 607
5 89
946 991
89 8
133 223
985 991
517 607
735 690
991 1017
50 95
857 863
389 434
179 177
527 591
89 95
985 991
946 991
735 729
901 985
690 735
985 991
345 306
50 89
857 773
601 517
517 562
473 389
857 818
991 985
863 857
818 863
345 306
473 479
217 223
607 562
473 479
818 853
645 690
577 555
223 142
773 851
95 63
645 735
95 89
773 863
178 223
345 351
306 351
363 269
946 1021
946 942
607 601
89 50
389 457
893 827
946 991
517 601
473 443
645 735
690 735
479 434
601 607
985 946
95 89
351 345
491 397
133 175
479 473
946 991
473 479
863 818
517 559
100 119
694 758
607 562
562 601
473 479
141 235
345 351
50 89
637 617
864 768
517 607
735 690
773 863
217 133
901 985
857 773
687 735
133 217
5 95
863 773
729 735
351 345
773 857
473 479
985 901
911 930
991 900
857 863
377 304
473 389
306 345
901 991
345 351
479 473
434 479
223 178
607 562
95 23
857 818
50 5
645 735
5 89
857 818
729 735
261 345
178 133
517 601
601 607
765 659
857 863
479 434
345 306
306 351
863 791
901 926
654 721
690 735
517 562
645 729
217 178
818 773
645 729
517 630
306 351
607 562
601 607
735 723
89 5
714 740
601 517
863 773
351 261
857 818
607 562
473 479
389 473
517 607
345 351
50 95
857 862
306 351
95 50
479 473
64 105
901 969
576 595
217 223
863 857
89 75
351 345
517 562
562 530
517 601
178 223
985 991
473 434
261 351
901 1014
562 607
901 946
5 95
345 351
389 457
946 991
89 95
133 217
607 517
473 479
479 473
351 345
133 178
473 479
351 306
94 4
306 351
847 848
607 531
261 306
601 562
901 985
992 990
607 562
735 729
5 95
261 351
20 64
901 909
729 645
601 517
682 734
985 991
345 351
50 5
991 901
607 601
345 351
607 517
345 351
607 535
217 223
735 729
532 576
657 760
217 223
351 261
352 339
961 954
434 489
690 735
985 991
223 133
857 863
345 261
601 607
562 517
991 946
223 178
735 729
95 123
729 735
901 946
223 178
863 857
901 991
735 729
857 827
351 345
479 473
223 133
345 351
857 863
517 607
773 857
261 351
50 89
223 217
217 223
178 173
991 946
607 562
234 141
473 479
133 129
735 690
601 607
601 607
224 227
389 479
249 148
601 607
133 223
133 191
991 901
773 863
178 223
729 735
5 95
576 606
389 473
601 562
223 133
863 857
89 50
991 946
434 479
991 985
479 389
179 173
5 73
261 351
89 50
89 95
351 345
735 645
133 146
607 526
818 857
607 601
601 517
345 261
901 991
863 818
601 607
991 946
223 133
857 818
517 607
479 473
389 473
690 767
991 985
434 389
89 95
773 863
178 223
562 569
95 50
946 991
818 863
5 95
601 607
89 95
306 345
261 301
434 479
5 89
863 857
562 595
863 773
818 863
217 223
79 83
729 735
607 601
261 306
735 690
857 863
985 991
389 479
985 980
562 601
601 517
863 857
5 95
601 571
50 95
217 223
95 77
991 946
729 735
345 261
735 690
517 607
133 191
991 929
5 50
89 95
133 223
89 5
645 690
857 825
562 517
217 223
434 389
818 863
505 467
271 335
217 178
735 645
601 607
89 95
5 89
345 306
562 601
473 479
479 473
946 901
351 345
735 645
946 991
704 653
261 351
479 434
416 458
133 223
985 946
863 818
985 991
351 306
178 223
473 389
729 658
946 991
178 185
637 560
389 473
473 389
261 306
946 901
351 345
306 351
690 735
389 479
5 50
607 517
985 910
89 5
5 18
479 434
345 351
473 389
345 351
351 270
857 773
735 729
946 991
186 203
690 735
89 50
996 1015
95 5
89 50
857 773
832 841
217 223
822 842
857 863
729 735
773 863
473 434
345 351
773 863
991 1019
217 223
50 5
306 351
690 735
345 306
985 991
351 345
601 562
601 562
901 960
473 479
133 223
735 660
95 89
991 985
223 217
601 607
863 773
991 985
223 217
178 204
50 95
857 818
729 735
690 713
434 479
217 223
517 601
753 698
946 998
991 985
601 562
857 863
89 95
773 863
985 991
345 351
434 459
178 223
735 645
863 857
735 729
773 863
133 223
729 645
729 735
985 991
133 217
178 217
601 517
607 601
351 345
517 554
985 946
654 721
351 345
89 95
345 306
729 645
773 863
946 991
985 991
517 562
818 863
857 863
946 962
601 562
473 466
5 50
223 133
991 946
434 389
217 178
607 631
351 345
351 261
345 351
434 479
473 479
562 607
773 889
735 729
473 479
818 857
178 223
991 985
50 5
901 969
773 891
473 479
645 735
473 479
228 247
345 351
95 89
479 389
217 204
5 3
345 261
645 729
863 831
5 95
178 223
690 729
946 964
389 420
5 95
261 345
435 493
178 217
473 389
946 991
645 747
601 607
50 89
89 95
729 735
5 56
753 698
601 517
95 89
943 901
517 562
89 95
345 351
5 95
818 863
178 217
89 95
863 857
217 223
773 857
863 818
946 991
991 946
337 356
601 607
822 796
991 985
473 434
217 223
261 290
459 473
601 607
991 946
434 479
721 735
601 607
222 130
434 389
223 133
893 817
901 985
351 345
473 479
178 223
345 351
345 351
703 719
517 601
631 595
64 8
95 10
479 434
607 601
133 217
517 585
435 467
562 607
991 901
223 133
991 985
761 665
399 463
261 351
729 735
133 217
217 223
517 601
607 517
479 389
985 946
89 5
178 203
351 303
223 178
517 607
434 479
773 818
857 818
946 901
95 83
479 473
690 728
223 178
857 873
601 562
601 562
345 351
690 735
985 901
985 991
985 979
261 345
473 434
178 133
479 434
729 735
389 434
345 351
133 223
95 5
434 418
473 479
991 985
729 690
729 735
479 389
223 178
389 434
217 133
95 89
223 217
985 991
473 479
223 178
562 517
985 991
735 729
345 351
261 351
863 857
562 601
434 389
89 95
306 351
607 562
345 351
985 991
276 264
660 648
89 30
645 691
345 261
351 374
735 690
473 479
95 50
261 306
607 562
389 444
95 89
100 14
773 863
389 479
178 221
345 351
50 95
863 791
479 389
351 345
517 601
434 479
985 991
517 562
985 910
89 50
729 690
261 351
473 503
901 985
985 991
95 89
607 601
857 863
645 735
89 95
99 28
607 601
611 582
901 943
773 863
818 863
5 89
178 223
601 562
946 991
178 223
345 306
735 645
607 562
773 815
857 773
95 89
857 782
729 735
473 389
735 729
389 418
95 5
991 901
601 562
901 946
607 601
818 857
991 985
645 703
863 782
217 223
607 601
223 133
901 991
601 607
89 82
607 595
735 690
562 607
434 479
645 729
50 89
601 607
253 224
50 95
703 760
345 351
95 5
991 985
735 755
479 434
690 747
89 95
217 178
5 89
991 946
95 23
562 601
946 921
345 316
857 863
857 863
5 73
601 559
818 813
89 95
247 251
633 635
5 50
857 773
217 223
217 148
809 778
857 773
517 607
261 345
863 857
151 223
223 133
83 106
345 351
479 389
729 660
901 989
645 729
74 100
607 601
473 447
562 607
148 136
607 517
473 416
434 479
601 607
145 226
735 645
143 224
89 5
607 601
517 562
50 95
261 351
306 351
50 95
473 479
479 407
947 959
473 479
857 831
473 479
95 50
95 89
729 690
50 95
5 95
306 351
95 5
95 29
89 95
13 121
223 178
857 863
95 89
601 517
95 50
223 133
5 95
345 306
95 50
434 479
473 479
735 729
217 133
217 133
593 554
916 904
1003 909
306 351
479 473
345 351
773 863
735 663
729 735
178 223
863 782
351 345
473 434
222 180
645 729
517 559
991 910
985 901
261 286
857 863
217 133
601 607
946 901
50 115
473 479
89 95
863 791
261 345
351 287
100 119
