1024 10000
818 772
5 95
991 985
601 598
434 473
89 5
985 991
345 351
345 352
89 95
901 985
729 735
434 389
729 735
863 857
735 729
434 389
89 95
946 985
473 389
645 729
389 473
735 645
89 95
857 863
473 387
863 782
89 95
345 261
517 559
389 479
217 223
345 351
645 735
473 389
479 473
601 635
89 95
389 473
345 276
517 585
389 473
389 479
601 562
89 20
94 32
298 350
601 607
985 991
729 735
89 50
50 95
857 863
863 862
50 89
601 607
306 351
95 89
562 517
473 434
345 351
145 223
473 479
89 95
773 863
89 95
601 517
223 151
261 345
729 735
735 729
223 133
434 473
863 773
601 607
133 178
89 95
901 991
320 269
735 645
133 217
562 601
473 479
191 170
133 201
276 320
261 306
89 50
306 261
178 133
645 729
50 5
901 991
607 601
95 50
345 306
50 95
389 479
95 50
690 729
434 472
729 735
50 95
223 178
985 901
5 95
89 50
991 946
562 548
217 223
434 389
479 473
735 690
818 881
611 575
818 857
607 601
89 95
5 89
708 655
735 729
783 802
473 479
818 857
735 690
351 261
223 221
645 729
586 612
306 351
607 535
345 306
133 223
991 901
50 95
473 479
217 176
690 729
690 716
434 389
89 95
991 1019
89 50
991 985
863 857
89 95
261 351
223 251
819 813
50 95
217 223
729 690
901 946
217 178
306 261
434 479
217 223
991 985
345 351
857 773
576 628
985 991
223 178
863 857
645 735
517 607
479 473
645 729
562 517
389 431
985 901
946 991
89 95
50 95
607 601
985 991
863 831
223 217
857 818
41 29
89 95
89 50
863 857
89 50
857 818
645 729
857 863
223 217
5 73
261 345
901 991
863 818
345 261
735 645
729 690
95 5
985 991
729 735
991 946
729 735
95 5
863 857
735 729
479 414
50 95
247 251
947 896
479 473
95 5
217 223
985 991
607 601
773 863
985 946
857 863
562 607
473 419
735 690
473 434
818 773
89 5
645 735
818 857
389 479
5 89
607 583
306 351
178 223
863 852
223 217
345 306
223 178
857 818
95 50
306 261
389 473
5 95
729 735
601 607
601 517
95 50
89 95
89 95
517 591
95 5
818 781
991 919
473 434
473 434
351 306
863 857
553 614
89 82
991 946
89 95
95 89
645 735
607 517
857 863
601 517
217 174
946 905
969 901
735 729
645 690
607 562
863 857
690 719
645 735
985 946
901 946
991 985
562 607
901 991
773 863
223 178
857 773
735 645
434 479
901 985
389 489
479 473
729 735
345 306
345 266
729 735
434 463
261 351
703 719
946 991
345 261
991 946
434 473
345 351
826 843
223 178
434 479
89 50
517 562
306 351
729 735
690 687
473 434
831 888
89 50
95 50
351 261
729 690
50 89
473 440
192 182
517 562
389 473
818 857
818 863
5 95
178 217
50 89
223 133
223 133
857 863
479 473
217 223
773 818
345 310
223 178
133 223
991 901
863 773
89 95
95 89
389 434
607 601
89 95
351 306
901 985
473 479
133 223
345 351
818 863
601 517
479 473
960 957
95 5
735 733
773 857
50 95
645 729
857 863
133 217
601 562
345 351
729 735
690 735
601 562
50 89
217 133
857 773
133 201
601 607
345 351
901 991
729 735
818 863
479 473
99 105
95 50
64 10
901 985
217 178
857 773
946 991
473 479
41 62
178 223
50 79
818 863
925 946
735 698
345 341
217 223
645 735
89 5
253 226
479 434
601 607
785 782
261 306
473 479
306 261
50 95
89 95
857 863
178 133
753 698
223 178
901 946
818 863
345 351
389 431
261 276
607 517
95 50
735 729
479 389
50 95
517 607
50 5
601 607
645 753
133 178
818 863
81 42
223 178
985 991
529 592
217 201
389 473
276 264
857 773
222 198
133 223
991 946
223 133
121 119
217 223
601 607
479 389
351 345
607 517
352 274
517 607
478 495
517 562
607 601
223 133
261 345
133 178
773 857
690 645
261 351
857 863
345 351
89 50
479 473
217 223
946 940
729 735
479 432
50 89
991 985
645 729
345 351
345 351
179 164
479 473
601 607
735 723
773 818
479 407
351 306
306 354
217 202
261 351
363 269
351 261
645 735
345 351
607 517
991 946
95 89
223 178
773 863
773 818
94 98
306 351
389 434
389 479
345 351
42 51
562 607
89 95
473 389
324 270
729 735
345 286
809 862
434 479
991 985
217 133
345 351
607 517
985 991
517 562
351 306
89 95
946 990
473 434
562 607
625 586
735 690
901 991
601 517
735 729
270 356
607 601
601 513
191 224
729 690
773 863
345 352
607 601
601 562
223 217
473 389
345 306
261 306
729 735
607 562
68 15
223 217
389 473
89 50
607 601
857 863
735 690
985 901
857 773
773 841
89 54
133 223
818 863
178 223
306 351
133 187
985 946
735 729
946 991
946 991
182 228
89 5
985 901
985 991
399 467
985 901
735 711
479 473
729 645
735 729
863 857
50 3
645 690
645 729
607 601
773 863
178 223
261 340
857 863
773 863
562 607
89 5
479 434
985 901
857 863
473 389
562 573
182 220
607 601
690 735
434 479
434 479
434 473
857 818
217 223
50 95
389 473
178 217
5 95
227 239
901 946
351 345
773 863
95 5
601 562
991 1006
729 690
601 517
345 306
306 285
223 217
863 791
901 991
95 89
991 946
217 178
857 863
89 95
857 870
601 607
235 141
479 434
473 479
735 678
389 473
985 946
133 178
89 95
645 729
89 95
901 985
773 857
217 223
863 857
306 345
178 229
217 223
773 863
178 223
178 133
607 601
351 306
916 904
863 773
607 601
479 405
133 223
946 991
601 517
389 473
345 306
645 729
351 261
133 178
351 333
985 991
345 351
473 479
351 261
985 901
735 729
217 178
95 50
217 223
645 710
345 308
217 133
306 351
637 518
473 479
580 526
473 484
345 351
261 341
729 690
729 690
425 452
517 601
857 863
857 833
863 791
217 223
473 479
95 89
645 695
607 601
5 50
143 162
452 398
985 991
729 735
991 901
729 735
217 223
223 217
601 607
217 223
89 5
389 457
223 251
505 395
991 985
95 89
818 773
276 264
217 223
857 818
479 391
773 841
434 479
818 773
607 601
901 946
729 645
562 607
875 781
991 946
985 970
261 351
607 601
223 178
735 690
729 645
479 389
863 773
178 223
735 729
217 223
991 946
261 345
735 729
690 735
345 351
50 95
1021 991
607 601
901 991
351 345
178 223
479 434
985 991
133 223
562 601
434 389
479 473
991 946
95 50
261 303
553 519
5 95
434 479
773 849
351 256
773 857
217 223
261 286
95 89
217 223
389 479
818 857
911 930
901 946
217 225
818 857
985 991
261 329
863 782
473 479
479 473
133 178
351 261
178 223
345 351
729 645
389 479
389 479
89 95
306 351
345 351
473 389
89 50
773 863
434 479
50 95
985 991
95 89
517 607
857 773
89 95
946 1018
991 985
991 901
562 607
690 735
863 857
473 389
217 133
5 89
818 857
276 264
223 217
607 601
818 857
809 774
562 517
5 89
863 773
50 95
473 479
901 991
434 389
473 389
235 133
517 562
517 595
389 479
479 473
562 601
607 546
345 351
223 217
133 175
5 95
607 601
438 463
818 863
228 247
479 473
306 345
601 607
690 645
5 18
351 261
178 217
601 562
645 735
735 645
729 735
601 607
95 17
50 95
434 479
178 223
50 95
478 387
5 95
729 690
345 306
89 95
89 95
345 351
818 863
645 735
690 735
95 50
857 863
217 223
351 306
50 95
95 89
818 863
50 95
985 991
5 95
434 479
991 926
985 991
389 447
690 718
351 345
261 351
223 142
985 901
345 306
261 329
306 351
479 473
339 261
261 329
690 645
690 729
351 345
901 946
901 985
645 729
5 89
601 517
515 607
223 217
991 919
223 178
729 735
351 345
389 434
601 562
562 517
601 517
863 844
50 95
133 178
345 351
509 485
434 479
261 351
351 345
857 863
863 857
5 95
434 422
50 95
991 985
434 473
863 773
991 946
217 223
690 735
863 857
729 735
690 661
517 585
434 469
389 479
985 991
50 95
479 473
607 601
818 863
601 607
261 351
133 235
306 304
601 517
389 473
729 735
991 985
946 991
95 89
729 735
434 389
50 95
178 138
690 735
517 607
5 89
729 735
690 735
217 223
645 680
50 95
178 217
95 123
306 351
306 351
937 896
479 473
217 223
223 133
690 735
729 735
223 133
306 351
991 985
479 473
133 223
5 95
863 773
133 228
607 562
901 1022
345 306
991 901
350 363
89 50
351 339
434 479
946 985
863 857
735 724
857 863
985 991
352 383
515 562
95 38
89 95
89 95
178 133
562 607
946 985
985 991
857 863
351 345
5 89
389 503
261 351
345 351
901 991
261 345
857 773
601 607
601 607
50 5
901 946
729 735
345 351
50 38
345 306
562 517
960 922
306 261
89 95
261 344
562 512
735 690
863 857
5 95
773 857
426 422
352 334
473 479
50 5
217 133
517 601
607 601
133 217
985 901
223 217
739 691
985 991
473 389
729 735
389 473
223 178
857 863
473 479
223 217
351 345
261 301
863 857
306 351
223 178
818 773
473 434
89 50
601 634
389 407
345 351
690 729
351 327
89 5
991 946
50 95
184 178
133 223
133 223
434 473
142 223
89 95
645 735
991 946
729 735
123 119
89 95
95 50
645 735
261 306
991 901
89 50
345 329
434 479
351 345
351 261
729 645
178 217
217 223
434 473
473 389
351 345
217 223
985 991
985 962
863 857
563 552
217 223
607 517
306 261
351 261
178 223
601 607
517 562
729 735
985 988
607 601
601 562
991 985
818 863
217 223
473 467
721 654
223 178
50 95
473 434
5 89
773 857
601 607
306 351
901 946
276 320
389 457
729 735
351 306
434 389
479 473
857 818
690 735
345 351
735 695
991 1005
857 887
306 332
50 5
946 991
345 351
991 901
463 467
50 95
479 434
690 645
95 50
863 857
89 5
901 991
389 479
178 133
893 863
690 735
601 607
735 663
306 345
946 991
985 946
690 735
857 863
607 562
985 901
50 95
5 95
170 179
89 50
133 178
473 389
863 773
857 773
223 217
217 133
863 818
223 178
217 223
601 562
863 818
517 607
261 351
607 601
863 818
133 223
729 735
306 261
857 863
261 351
89 50
479 388
217 178
95 50
901 991
690 735
473 479
95 89
473 434
223 133
765 735
50 26
985 991
601 562
306 351
223 217
729 735
818 773
89 95
863 857
20 8
351 306
217 223
473 479
345 351
223 245
89 111
562 601
89 68
56 5
89 5
607 601
690 729
345 306
345 261
607 535
95 50
345 351
901 991
729 735
95 89
818 773
217 133
217 223
946 901
223 178
562 607
947 959
863 857
473 389
473 479
857 863
773 863
217 223
857 863
178 133
178 223
735 690
345 351
473 434
690 735
607 562
89 50
985 991
857 863
587 601
562 627
473 402
863 818
217 223
95 89
345 306
690 729
95 42
773 857
562 607
473 389
773 857
217 182
601 610
345 306
729 735
223 217
5 73
818 863
217 133
863 839
645 713
991 985
389 507
235 141
5 50
735 729
818 863
901 991
985 991
351 345
690 645
690 735
690 729
562 606
389 434
773 818
857 773
217 220
863 791
479 473
473 434
389 479
133 201
863 857
178 227
863 773
562 607
818 863
133 223
50 95
690 711
729 690
763 659
690 645
473 479
434 473
773 863
351 345
50 89
351 345
822 835
473 479
217 223
89 50
901 978
863 773
645 729
217 223
217 223
223 217
389 473
729 645
389 479
985 991
223 206
306 351
607 562
133 217
217 178
345 351
857 863
645 713
50 95
901 964
857 863
178 133
991 985
950 995
479 434
89 95
517 559
95 109
729 735
818 877
351 345
690 735
773 818
261 351
729 735
863 818
607 517
89 50
729 708
217 133
818 863
89 95
901 947
729 735
857 863
178 251
345 351
505 406
857 863
261 348
261 306
863 785
133 227
991 985
89 5
473 507
607 517
735 729
178 133
985 991
985 991
857 863
223 217
345 351
607 562
985 991
863 818
5 47
217 133
607 517
5 89
773 863
389 479
133 178
5 95
601 562
517 562
217 178
434 479
729 645
601 607
306 345
473 389
389 457
985 901
773 857
392 404
89 59
607 526
178 133
857 863
517 607
345 326
351 261
306 345
178 223
345 306
735 690
50 95
473 434
89 95
729 645
735 692
985 991
729 690
5 89
729 645
5 95
178 223
345 351
818 863
857 863
178 159
857 863
729 645
434 502
89 95
867 866
818 857
562 601
217 178
681 708
345 261
991 985
946 991
133 223
306 351
735 729
217 223
479 473
479 473
217 223
306 345
601 562
345 351
601 607
217 223
473 389
479 434
857 773
863 773
517 562
857 863
601 607
607 562
145 221
89 86
89 109
991 946
50 95
133 217
857 863
351 261
178 251
178 223
178 187
857 863
601 607
95 89
473 434
351 307
857 773
985 946
223 133
735 654
985 962
946 991
89 95
729 735
182 132
223 133
946 991
601 577
473 479
306 351
690 645
5 42
985 901
178 133
857 863
306 351
345 306
645 735
306 345
306 351
95 0
479 473
995 1010
946 973
306 351
607 601
690 645
863 857
991 946
645 729
863 857
449 418
601 607
857 863
480 404
901 946
345 351
761 747
517 585
601 607
434 479
261 351
306 345
306 345
217 223
517 607
857 773
985 991
178 217
818 863
89 95
473 434
991 901
735 690
607 601
735 690
517 607
89 95
89 50
985 991
857 863
857 863
991 946
217 223
991 901
223 217
735 729
601 562
735 690
946 901
345 306
89 95
89 95
863 857
473 479
178 223
946 991
133 223
729 645
178 133
991 946
306 261
517 541
89 50
735 729
985 991
946 991
306 351
96 33
690 729
95 5
601 607
645 729
818 860
645 729
95 5
223 133
985 991
133 178
50 95
991 985
818 857
985 991
863 773
735 729
985 991
991 946
607 601
133 131
89 50
773 863
985 991
389 457
773 863
425 452
991 985
773 857
857 863
306 351
607 601
345 351
345 261
306 351
345 306
690 729
351 345
178 229
517 564
729 645
901 1011
607 517
473 479
645 724
89 95
783 802
473 434
863 818
729 735
517 519
89 5
261 351
818 857
479 434
178 212
946 985
601 591
562 626
607 601
89 5
946 991
729 690
601 607
95 50
178 230
306 351
320 323
517 607
901 985
645 685
217 133
389 479
351 306
223 216
601 562
857 863
95 89
434 479
89 50
818 851
735 729
351 306
434 479
389 434
89 41
517 607
389 479
765 735
857 818
223 199
985 991
818 863
217 223
351 306
351 345
735 645
773 857
271 339
306 261
351 345
863 818
773 818
345 351
473 479
735 729
389 479
345 306
562 607
601 607
223 133
479 473
857 863
95 89
473 389
773 818
607 535
5 95
901 991
562 607
913 956
645 713
946 940
50 95
857 818
729 735
20 64
389 473
473 479
645 735
89 50
306 345
473 479
773 824
607 517
601 607
178 223
434 479
434 479
645 713
217 223
479 434
261 351
863 847
735 645
773 818
601 562
473 479
434 473
946 991
473 479
562 607
223 178
985 901
261 345
729 735
735 690
575 608
473 389
645 690
95 89
351 261
5 95
222 183
261 345
645 729
50 95
901 946
607 562
389 479
991 985
864 877
50 89
223 217
95 89
985 991
389 457
351 345
729 645
857 863
863 773
735 690
306 351
517 559
473 455
607 601
297 324
434 479
434 479
351 345
473 479
389 457
217 223
5 89
217 223
601 562
985 991
985 991
50 89
868 819
729 735
217 178
89 95
473 389
178 217
857 818
863 773
133 178
133 178
607 526
857 863
95 5
465 426
306 345
985 991
306 351
735 729
223 217
133 223
223 178
818 784
345 383
261 306
5 50
857 818
223 217
729 735
562 607
985 991
607 601
607 562
89 95
345 351
729 735
864 869
261 345
307 357
645 690
355 296
473 389
133 178
217 223
89 95
729 690
217 223
601 517
735 645
306 339
345 351
985 991
857 773
217 223
507 503
351 327
473 479
729 735
735 688
249 211
690 763
89 95
991 946
217 223
217 223
434 473
398 465
95 14
351 345
735 690
735 729
217 223
735 729
473 434
901 985
125 48
178 223
178 223
517 608
473 479
863 791
217 223
473 479
306 362
133 223
773 818
607 601
345 363
863 857
345 351
306 345
306 261
562 601
703 736
601 607
991 1019
857 818
133 178
345 306
911 975
601 607
178 217
89 97
345 351
95 50
217 128
223 217
377 339
89 95
217 223
735 663
773 841
863 773
601 607
857 863
857 773
434 479
217 223
607 517
50 46
5 47
607 601
351 345
985 991
857 863
985 991
479 434
563 554
193 227
261 329
857 773
434 491
857 863
690 679
645 663
5 89
729 645
985 991
690 725
607 562
857 818
818 857
946 991
345 351
729 690
601 562
857 773
351 270
729 735
100 119
564 607
607 540
217 223
645 713
483 390
261 351
729 735
985 901
5 95
434 479
223 217
645 687
351 306
133 217
690 735
351 345
911 975
89 95
95 50
810 819
448 508
691 690
893 895
607 562
389 479
690 660
479 389
95 30
857 810
991 946
857 863
946 1012
95 89
351 345
89 50
345 306
562 607
320 339
217 223
607 601
946 901
223 170
133 223
345 351
89 5
95 89
223 133
389 473
818 857
863 857
985 946
645 690
735 729
735 715
863 782
601 607
991 901
991 901
89 50
223 182
946 991
857 863
363 269
991 985
389 479
178 217
773 863
434 427
729 735
479 473
818 863
735 729
946 991
818 863
735 645
729 645
654 735
690 715
351 345
985 991
735 690
178 133
607 601
818 773
946 991
901 991
735 729
729 735
234 198
946 985
306 345
351 345
223 133
50 5
562 517
690 645
217 179
645 690
690 735
473 479
645 729
601 607
227 131
562 518
261 345
946 991
217 178
306 345
223 133
818 854
735 645
217 223
356 270
497 442
261 345
946 989
562 607
946 991
601 607
389 479
601 607
95 89
735 654
985 991
601 607
946 991
223 178
178 223
389 473
818 857
517 526
41 44
735 729
729 690
217 133
95 89
818 857
96 84
95 5
553 532
818 773
601 562
735 690
223 217
735 690
5 89
473 434
735 729
633 526
178 133
351 306
857 863
306 351
89 95
607 601
991 985
389 479
857 863
607 601
50 89
217 223
345 306
345 306
729 645
773 818
857 773
261 345
261 345
434 479
448 478
223 217
818 863
991 901
479 434
735 737
607 562
991 946
690 641
729 645
901 985
178 217
991 946
345 351
351 345
89 95
133 243
484 503
50 95
946 991
65 35
217 223
351 261
607 517
991 910
857 773
434 473
857 818
50 95
901 943
946 991
217 223
345 306
601 607
473 479
345 351
773 845
473 479
95 89
901 985
95 5
223 252
735 690
434 389
607 517
729 690
562 613
729 735
645 735
735 645
601 562
729 690
389 479
517 623
89 95
690 711
517 601
345 306
217 223
607 517
985 991
483 416
729 735
223 217
607 562
517 562
562 601
607 517
985 991
434 479
335 336
50 31
901 991
5 89
261 351
473 479
47 5
607 583
985 991
517 607
223 133
773 818
601 607
345 261
857 886
729 703
773 863
345 351
857 863
831 847
857 863
729 690
735 663
729 735
389 479
729 735
133 217
217 223
389 479
95 89
950 1008
729 690
607 611
351 345
901 950
818 863
601 560
607 601
351 273
985 991
178 217
351 345
863 818
399 418
517 562
133 223
735 690
818 863
857 863
607 635
345 351
473 434
321 332
345 351
50 86
570 605
306 351
729 735
5 95
223 217
160 133
473 479
217 223
729 690
863 818
89 50
434 389
5 73
735 645
351 345
133 187
345 351
401 473
991 985
95 50
729 724
223 217
645 735
857 863
345 306
389 479
178 223
863 857
345 351
979 975
133 178
435 447
863 857
985 991
261 351
607 601
217 133
654 721
217 178
95 5
133 178
223 217
773 841
985 991
562 607
991 946
735 729
970 996
438 435
261 306
857 889
985 991
261 306
863 857
473 434
773 857
473 479
434 441
95 89
479 473
261 345
611 610
389 434
303 261
351 308
261 351
857 818
351 345
729 690
434 479
857 818
434 479
479 473
434 389
946 991
946 901
473 479
96 66
133 196
306 345
345 351
356 375
607 562
901 991
601 607
345 351
178 217
601 562
345 306
223 133
63 120
178 239
991 946
946 985
377 326
690 688
148 136
89 50
645 735
645 735
178 248
976 946
133 217
261 306
735 729
223 217
857 863
223 133
89 5
735 690
991 985
818 863
729 735
50 95
901 985
645 657
601 607
351 261
527 591
478 511
607 526
601 562
178 217
985 991
473 389
645 735
735 729
857 863
991 985
773 793
690 735
946 991
818 773
901 991
517 607
729 735
863 857
654 721
690 723
389 479
773 818
178 211
217 178
991 901
95 89
729 735
773 863
562 572
178 162
517 607
217 223
5 50
857 863
645 690
95 50
479 473
601 562
351 345
863 818
562 601
345 351
345 366
991 946
389 479
223 151
714 740
729 690
217 223
645 704
690 735
5 95
517 601
690 735
773 863
351 306
351 270
95 50
261 329
863 791
946 958
729 735
351 345
901 991
517 614
345 351
306 345
690 735
735 645
773 857
863 773
690 735
89 95
434 479
985 991
133 223
735 729
351 345
345 351
389 479
389 479
562 554
601 607
345 351
389 479
562 607
434 479
601 562
690 735
735 729
89 47
473 479
645 735
473 479
563 593
217 178
729 735
532 520
473 479
345 373
992 1020
735 729
223 133
863 857
89 116
607 601
601 607
946 902
5 89
690 645
863 818
351 261
434 511
345 306
601 607
773 815
985 991
89 95
645 674
351 374
645 735
985 991
345 351
729 735
729 690
389 479
217 223
209 228
133 192
473 489
345 306
473 434
178 187
319 376
261 306
50 10
735 690
434 479
645 735
601 517
473 479
517 607
946 991
735 645
991 985
857 863
217 223
863 857
991 901
735 729
351 345
306 275
611 564
810 819
601 562
773 863
178 206
389 434
479 389
223 178
645 729
217 223
335 339
473 479
645 735
434 479
818 791
95 8
306 286
889 841
985 991
645 732
223 133
223 217
479 473
901 985
991 901
217 223
562 607
991 946
217 223
178 223
901 991
857 863
901 985
351 345
690 662
89 50
773 857
818 863
5 95
51 92
389 434
95 23
601 557
645 735
95 5
601 607
601 607
863 857
863 773
89 95
351 261
937 910
735 645
729 645
345 261
178 223
95 5
389 473
143 207
50 95
822 826
660 704
773 863
857 773
473 389
857 818
345 306
345 351
517 607
50 95
306 351
89 95
345 351
857 863
178 133
142 223
645 722
217 133
351 261
261 351
89 95
89 95
223 217
857 818
133 217
133 223
351 306
729 735
50 95
857 863
645 687
765 654
125 70
601 607
279 351
178 223
607 562
95 5
389 431
991 985
41 68
5 48
89 5
217 133
681 766
89 50
351 379
991 946
217 223
818 863
901 1020
991 985
601 562
562 529
985 991
50 1
601 607
946 991
901 985
223 151
607 562
985 991
991 946
601 607
985 991
690 735
1015 995
690 735
601 607
645 690
223 178
50 95
355 284
517 607
562 601
985 901
985 991
601 607
473 479
972 991
532 576
863 773
818 773
985 991
434 418
857 773
479 407
601 562
178 223
223 178
601 562
479 434
863 773
479 473
735 654
89 95
473 389
351 261
473 479
985 998
473 479
345 306
607 601
306 351
729 690
947 914
818 811
306 268
178 189
985 991
729 645
991 985
389 473
901 991
261 351
645 722
901 991
946 985
517 601
985 991
261 306
735 729
217 223
857 818
985 991
133 217
217 133
473 479
89 95
782 868
479 389
985 991
5 95
434 473
863 857
345 351
910 977
991 985
773 863
133 223
991 901
479 389
5 95
473 479
351 281
223 217
425 511
863 818
50 5
729 733
729 735
607 562
985 991
479 473
946 985
133 223
133 178
623 582
607 520
818 773
562 607
729 735
991 985
517 601
645 690
345 351
857 863
818 863
735 645
901 966
50 5
50 95
170 179
473 479
773 857
562 607
473 425
527 546
133 217
306 345
95 89
473 389
985 901
863 818
913 966
729 735
217 223
351 261
133 173
479 473
601 562
977 938
553 551
95 68
479 473
95 123
867 891
562 607
601 634
735 729
5 89
991 985
562 601
607 517
217 223
389 473
253 198
345 351
901 991
729 690
89 95
223 133
773 857
351 261
863 878
389 479
808 857
306 261
479 473
95 89
991 901
735 645
217 223
89 95
50 95
217 223
645 735
991 985
473 434
89 95
306 351
89 95
857 863
601 607
857 818
351 339
601 607
950 979
601 607
601 517
89 50
690 735
901 946
601 607
479 434
601 607
345 351
434 479
601 607
345 351
517 562
985 991
298 307
345 306
985 946
607 562
946 991
217 223
351 261
857 863
863 857
901 991
857 818
356 375
818 863
991 916
946 991
729 690
178 223
351 345
735 663
901 991
345 351
133 178
306 261
729 682
729 735
991 946
985 991
389 479
473 479
95 89
938 947
217 223
89 2
562 517
601 517
690 735
729 735
946 901
681 765
95 23
389 434
857 863
306 351
351 306
217 133
389 434
607 601
367 298
901 985
729 723
946 991
345 274
473 394
607 517
773 818
985 901
473 434
946 991
89 95
773 818
479 473
946 991
479 473
345 351
473 434
223 182
863 857
473 479
818 863
729 735
95 50
601 562
773 857
133 223
89 95
818 857
991 985
217 220
89 95
863 857
473 479
562 607
95 122
133 217
217 223
863 818
601 607
473 479
473 479
50 95
178 133
178 217
473 434
306 345
217 223
857 863
857 863
553 582
985 991
946 901
389 479
729 690
351 279
857 773
985 991
79 15
50 45
479 473
735 729
740 654
985 991
306 351
946 985
517 554
690 687
818 863
601 517
95 89
217 223
901 991
729 735
517 607
217 223
901 985
133 178
89 50
479 473
306 351
178 133
773 815
863 818
434 389
345 367
64 83
710 699
89 30
893 892
735 729
351 261
50 95
645 687
261 351
217 223
729 735
133 223
345 351
517 562
607 517
937 936
857 782
50 95
863 782
818 785
735 690
735 645
217 223
735 654
729 735
991 946
336 381
217 223
345 351
857 818
601 562
51 50
123 119
351 345
946 916
442 437
901 991
991 946
351 306
89 95
863 857
351 345
857 863
818 863
857 818
985 926
985 901
351 306
473 479
479 434
133 217
690 729
473 434
306 360
773 857
645 735
735 729
479 389
479 434
483 437
753 698
517 559
607 517
306 351
601 562
335 298
735 645
735 642
863 844
517 562
95 5
178 223
601 562
691 645
133 223
133 223
178 223
818 857
818 857
864 847
479 509
223 178
389 479
473 479
735 729
601 607
473 479
95 89
645 687
298 307
773 863
351 261
351 261
351 345
95 89
729 735
735 645
857 773
473 479
345 351
448 467
863 818
645 735
473 389
306 345
517 607
985 991
985 991
217 223
223 133
818 773
389 479
818 863
217 178
729 735
901 985
133 175
690 653
89 95
356 375
434 444
473 479
735 645
818 773
690 735
946 896
836 857
863 818
345 261
473 479
5 54
818 863
261 345
389 479
818 863
857 773
217 223
261 351
990 1014
517 607
991 985
434 479
89 5
985 946
438 402
891 887
473 479
50 95
601 607
991 985
655 674
473 389
261 351
690 735
517 601
345 306
389 473
985 991
857 818
946 901
95 5
473 389
50 95
345 351
133 217
601 607
345 306
946 991
562 607
434 389
619 525
389 434
857 863
601 517
479 473
223 217
729 735
89 95
985 991
479 473
822 860
681 701
133 223
5 95
735 729
345 351
89 95
479 434
729 645
818 857
345 261
901 969
758 682
389 479
991 956
857 863
434 479
351 345
473 479
89 5
991 985
735 729
818 863
863 816
479 473
5 10
985 991
95 89
351 306
473 479
351 306
857 773
985 991
633 595
351 306
426 482
261 345
818 850
818 863
345 306
389 473
89 15
863 791
345 351
434 389
89 50
946 991
389 434
863 857
351 345
645 735
773 857
690 735
857 863
735 690
95 89
89 95
473 479
1021 991
857 863
985 946
389 479
645 682
452 399
601 595
217 178
351 306
863 818
690 735
223 178
306 351
773 818
178 223
992 950
601 517
818 863
863 857
261 339
133 217
517 562
985 991
434 479
746 735
484 398
217 223
217 223
857 863
985 991
95 89
389 473
306 351
562 601
306 351
133 217
735 729
562 514
562 601
645 729
985 946
562 517
857 863
773 857
479 434
448 432
601 607
261 345
857 863
818 863
5 89
991 985
5 95
178 217
645 717
946 952
389 479
985 991
690 735
389 473
985 991
351 345
345 351
89 95
434 479
857 773
645 735
473 479
473 434
306 351
985 991
562 607
223 178
729 735
497 442
306 345
607 530
991 910
345 306
773 857
601 607
351 306
901 991
901 985
89 95
901 991
89 95
857 856
946 991
992 1019
773 863
729 645
473 479
991 985
389 434
735 641
985 946
89 95
773 857
607 526
818 773
345 261
517 607
645 690
351 306
473 389
946 901
133 217
607 601
345 351
810 819
991 901
863 818
389 479
959 1016
562 601
857 863
863 857
217 223
307 380
601 607
773 818
517 560
645 690
345 378
276 320
991 919
345 351
818 863
863 818
863 773
562 601
50 95
645 690
479 473
217 223
601 607
729 735
223 217
818 863
5 89
818 773
645 681
17 95
479 473
217 223
434 506
217 223
607 526
95 50
473 479
729 690
133 217
607 562
985 946
178 171
729 735
217 178
863 818
985 946
50 95
729 690
729 735
434 479
133 217
95 30
991 946
345 306
818 863
517 601
261 351
607 517
625 586
901 946
473 507
389 479
607 601
729 735
125 114
818 773
223 217
261 351
735 759
479 389
601 517
95 50
178 223
625 570
901 985
729 690
818 857
223 217
223 178
690 729
434 479
863 818
773 863
857 773
601 607
261 314
690 735
645 729
601 607
345 261
946 901
607 601
863 782
434 473
517 607
68 41
351 279
985 991
434 479
351 306
416 458
773 839
148 192
479 473
562 607
601 607
991 985
863 869
991 926
601 607
389 479
345 351
517 562
729 735
306 322
178 223
261 345
985 991
985 991
217 223
217 223
857 863
5 89
351 279
389 479
179 184
217 234
217 223
473 479
113 74
773 818
223 217
473 479
964 911
601 562
946 901
985 946
434 479
473 434
977 938
601 607
655 674
89 95
435 426
178 223
735 714
5 50
517 562
434 426
562 601
178 133
217 223
473 434
645 735
223 217
729 735
223 133
818 863
223 133
507 389
345 351
645 735
991 946
690 735
645 690
178 219
479 434
800 842
991 901
773 863
735 729
818 857
434 500
479 467
857 863
994 958
217 223
601 607
977 938
818 852
985 946
729 690
261 345
690 735
217 223
133 178
178 217
773 815
223 133
985 946
223 151
479 387
95 89
729 690
690 729
345 351
946 901
729 690
729 735
729 717
773 863
660 704
473 479
479 473
863 773
249 255
991 901
473 389
5 50
857 773
857 773
133 223
350 342
607 601
306 345
735 690
434 479
735 690
261 303
261 306
735 733
89 95
63 79
123 89
913 1006
329 261
901 991
985 991
434 417
990 915
345 306
345 261
351 279
479 389
773 818
562 607
645 735
985 901
5 50
529 607
857 818
217 178
345 351
901 946
607 526
985 946
607 562
345 351
985 991
517 595
434 479
178 223
345 306
5 95
389 479
473 479
479 434
440 389
434 479
818 863
89 59
5 89
831 847
345 351
50 97
389 479
5 95
601 607
657 643
345 351
389 473
351 316
473 479
435 446
985 946
223 217
991 946
95 89
223 178
601 606
517 601
690 735
5 95
351 306
996 910
178 223
133 223
223 217
223 205
95 23
985 991
773 863
773 863
729 645
438 434
50 95
389 479
607 517
991 985
5 50
773 863
479 473
601 517
991 985
611 532
562 607
562 607
863 818
946 926
306 351
94 35
178 223
773 818
352 350
863 845
562 601
863 857
607 601
389 434
818 863
863 818
601 607
96 75
517 607
89 95
351 279
985 901
13 107
645 690
223 178
89 95
729 739
389 473
223 217
50 89
95 50
863 773
991 901
818 857
434 389
729 735
50 95
985 991
985 991
857 863
863 857
991 985
773 857
133 223
946 991
946 995
601 607
223 217
601 562
479 422
217 178
601 607
863 818
228 142
306 351
562 601
389 479
95 89
473 479
818 857
818 863
223 178
95 5
89 95
735 729
434 479
601 607
562 601
607 601
735 690
601 513
178 242
985 991
735 729
479 473
50 89
473 479
690 735
223 133
133 250
438 450
89 95
607 562
729 645
345 351
735 729
954 904
223 217
473 479
645 714
729 722
645 713
985 991
761 747
985 991
991 1021
223 217
217 178
217 133
645 735
863 773
217 223
607 517
389 479
708 655
645 735
479 473
345 351
434 508
178 223
901 946
901 991
133 178
95 89
223 142
345 261
562 517
607 601
645 735
217 223
985 991
434 473
95 89
729 720
217 223
607 562
810 819
479 398
434 389
601 517
473 434
434 479
223 217
133 223
223 217
306 261
857 863
645 735
178 133
601 607
690 735
89 95
946 991
306 345
473 436
89 5
517 585
345 351
261 306
773 863
735 654
729 735
98 50
901 946
351 345
690 729
306 351
601 607
857 818
517 607
735 679
645 735
765 735
50 55
901 1009
991 901
5 50
857 773
611 592
562 601
89 46
389 434
991 985
389 479
562 607
223 178
607 535
645 735
818 773
223 217
217 136
5 95
991 901
729 735
562 607
479 434
773 863
735 645
916 960
1015 995
351 345
178 217
191 248
773 818
901 991
5 95
223 133
729 690
473 389
217 133
601 607
799 867
113 58
525 619
389 473
690 645
645 735
238 217
857 863
607 513
601 607
261 303
271 290
223 217
50 93
735 690
773 863
345 351
95 38
50 44
601 607
479 434
857 863
389 479
479 434
389 479
985 991
142 133
261 351
909 1003
601 607
690 645
89 5
95 89
89 95
89 95
991 946
991 985
985 946
601 607
985 1021
351 286
991 919
601 607
735 645
351 345
217 223
601 607
217 223
473 434
223 217
261 336
473 389
351 306
217 229
601 607
857 818
857 863
89 18
607 517
89 95
345 351
735 729
89 5
991 946
89 95
473 389
217 178
601 607
729 645
857 818
645 729
5 95
89 95
217 223
479 468
857 863
976 946
736 673
89 95
971 985
223 217
735 722
133 223
50 95
946 991
351 261
178 223
809 836
991 910
937 919
735 645
15 34
426 435
261 351
985 946
901 946
345 351
479 473
217 223
404 392
479 473
690 683
345 351
991 985
261 379
645 729
735 690
389 473
95 89
95 89
607 562
562 517
217 223
901 946
735 690
645 735
729 735
473 403
517 607
479 473
645 735
966 938
607 591
690 729
562 517
479 389
863 857
389 479
645 687
901 985
389 434
217 223
473 434
991 985
95 23
735 690
601 517
217 133
946 991
178 133
601 562
261 345
95 89
863 857
601 517
473 479
946 985
306 351
517 562
863 857
985 991
601 607
773 857
517 563
517 559
863 857
217 223
178 222
773 818
95 5
345 274
985 991
645 735
133 217
901 946
261 290
217 223
562 630
735 690
381 348
729 645
901 991
473 479
178 223
690 739
89 95
50 95
729 699
985 991
735 729
863 773
901 991
946 991
95 89
773 863
729 645
809 836
735 690
607 601
645 735
645 729
351 270
261 306
473 479
553 606
517 607
729 735
345 351
389 479
479 389
217 133
178 223
562 637
351 345
479 398
607 601
849 832
261 312
601 607
261 351
991 906
735 690
223 217
729 735
306 351
389 473
468 473
818 773
729 735
306 266
133 217
857 818
991 946
601 517
178 133
946 922
946 901
863 857
63 120
857 863
985 991
991 919
985 991
517 601
607 601
50 5
217 133
351 306
857 865
178 221
991 985
484 458
735 729
517 559
95 91
985 946
607 601
261 351
389 434
991 985
223 217
991 946
351 261
517 635
562 607
479 434
463 438
562 601
479 473
50 95
351 279
690 735
178 223
306 348
901 946
729 735
5 95
95 14
50 45
645 735
435 440
345 306
133 223
479 473
690 735
863 818
351 345
345 306
89 50
479 473
729 735
517 601
473 479
223 142
50 95
773 863
985 991
818 863
306 351
192 207
901 991
517 638
690 729
773 863
857 863
121 63
645 735
991 985
818 863
818 773
985 991
345 306
217 178
479 473
985 979
562 607
113 58
818 787
991 901
473 462
601 517
985 991
95 50
178 223
601 607
517 575
345 351
479 485
409 490
773 863
351 345
960 910
729 690
601 517
133 145
857 818
735 729
729 735
985 946
306 351
734 723
133 223
5 50
857 863
223 178
773 818
261 351
95 5
517 562
217 223
985 991
351 345
351 366
479 434
133 175
5 95
773 863
223 133
473 389
95 23
223 253
298 337
946 901
5 95
857 863
928 970
473 434
223 217
607 601
810 819
601 607
601 607
306 351
985 991
607 562
178 170
729 735
985 991
351 261
857 863
89 68
133 223
901 946
818 773
473 499
223 217
863 773
351 306
473 479
729 646
985 904
729 735
223 178
893 790
50 95
517 562
5 13
901 991
217 178
473 479
562 623
479 434
729 645
473 434
607 601
863 857
991 985
5 89
178 223
607 562
351 345
607 517
351 345
753 698
818 857
729 735
985 991
479 401
261 329
5 95
351 324
95 89
178 223
517 601
89 95
223 217
178 255
773 863
735 654
946 991
857 863
89 95
863 773
818 863
985 900
901 946
479 389
95 118
818 773
601 607
133 223
985 991
729 735
5 95
901 946
89 30
901 991
607 517
985 991
389 479
857 773
473 479
562 601
729 735
773 863
863 857
729 645
991 985
434 397
985 901
434 479
324 271
985 946
133 217
261 351
351 345
480 416
389 448
517 601
562 591
773 863
351 345
148 192
773 863
133 223
207 211
985 991
607 562
729 735
50 95
89 50
990 917
645 735
991 985
773 863
261 345
857 863
863 857
601 527
517 601
818 863
607 517
223 217
389 473
782 868
985 946
133 201
345 261
345 351
389 429
217 223
133 217
773 857
985 991
690 645
345 306
601 607
625 570
473 479
5 95
985 991
645 735
95 89
991 985
306 345
320 350
991 910
217 223
818 863
473 434
5 50
223 217
133 217
985 991
562 601
178 217
389 479
5 95
479 407
351 345
434 473
95 5
580 553
773 863
89 5
517 559
946 991
95 89
261 351
169 205
95 89
901 991
217 223
178 223
473 479
857 773
946 985
5 89
473 479
601 517
601 607
601 607
946 991
435 395
89 95
89 95
438 444
690 735
735 729
729 645
434 476
345 261
345 351
946 991
50 95
345 274
345 261
863 773
608 523
740 759
505 404
645 671
910 977
306 351
479 389
645 735
306 278
434 473
479 434
857 773
607 562
729 688
473 435
261 351
946 985
95 89
41 74
235 248
473 479
89 95
985 991
847 867
729 690
351 345
196 143
729 735
991 938
857 863
729 735
517 601
261 345
991 946
729 645
517 607
479 473
170 249
851 782
201 133
690 735
217 210
473 479
601 607
985 1003
991 985
991 985
351 261
89 59
601 517
191 160
89 95
857 818
479 473
857 863
178 217
217 223
351 345
473 479
324 271
690 729
217 133
473 479
323 345
985 901
773 831
773 863
223 133
863 818
351 306
50 89
261 306
479 407
223 217
729 735
95 50
5 50
946 991
434 479
863 818
479 473
160 202
473 479
375 355
345 351
345 363
5 95
95 5
729 690
178 217
735 729
985 991
5 73
217 178
517 562
217 178
562 607
729 735
690 645
601 607
832 793
217 133
473 434
389 473
857 850
345 351
473 479
601 517
601 526
479 473
95 89
306 351
434 389
946 991
607 562
607 601
601 607
562 601
690 735
473 479
345 351
946 991
901 969
857 863
178 133
191 248
479 473
50 45
863 839
351 345
473 479
946 991
985 946
863 857
857 863
306 351
517 607
773 863
857 863
217 178
562 517
857 863
729 735
217 223
607 601
773 863
351 306
133 223
773 841
434 443
473 434
217 223
607 517
217 206
473 479
389 473
89 50
901 991
901 946
946 901
985 1012
601 562
729 690
607 601
345 261
271 335
773 857
89 95
985 991
261 316
901 985
645 729
473 389
306 261
857 863
735 645
178 133
857 863
89 95
901 985
50 89
473 479
345 351
479 434
434 473
223 217
479 434
606 566
261 345
223 133
562 607
389 479
345 351
345 351
327 306
217 223
95 89
904 961
818 863
217 223
345 351
563 595
857 863
729 645
217 178
89 95
479 473
14 81
178 223
991 946
350 310
59 70
690 735
985 946
261 345
389 479
345 372
223 133
690 716
758 682
223 133
901 946
601 562
345 351
389 479
601 562
735 645
484 435
645 735
985 991
434 479
223 251
735 729
735 732
345 351
901 991
562 607
863 857
306 351
89 95
985 901
601 562
517 622
991 946
798 818
389 434
607 516
113 58
857 863
735 729
89 123
517 544
95 50
729 735
345 306
217 178
217 178
562 601
178 223
818 863
473 479
946 991
562 517
133 175
345 351
95 50
863 773
5 50
89 95
217 223
479 394
133 217
645 735
223 147
735 729
773 818
389 486
985 901
818 847
520 631
434 479
985 946
261 345
863 857
735 729
729 690
480 456
178 201
351 345
223 217
729 735
95 89
822 818
645 668
601 607
5 95
95 89
50 95
89 50
178 223
607 562
133 217
5 95
857 863
517 601
479 473
818 773
473 434
773 857
690 729
50 95
133 217
959 1016
434 394
217 223
261 327
223 178
517 607
991 985
818 773
818 773
690 735
645 729
191 224
223 178
601 607
991 985
434 473
196 143
645 735
601 619
946 985
473 479
345 351
507 503
729 645
773 812
306 351
607 601
133 223
223 204
178 223
261 306
351 345
89 95
729 645
773 863
389 479
645 713
217 133
306 351
178 223
735 645
607 562
645 735
735 729
633 594
50 89
857 863
832 792
735 663
690 687
729 723
690 645
351 345
818 782
991 985
645 687
729 735
946 991
223 217
991 946
473 434
345 351
601 562
261 345
690 735
306 345
89 95
345 351
473 389
133 223
607 562
473 479
261 345
735 729
133 201
5 95
863 818
5 95
985 901
319 376
601 607
473 479
306 261
645 735
271 290
818 857
178 223
479 473
5 50
473 434
607 517
773 857
50 95
517 585
818 863
985 946
351 306
389 431
985 946
473 479
901 991
89 5
562 607
729 645
985 946
735 729
89 5
95 14
562 607
473 479
985 946
735 729
517 607
95 5
50 18
690 735
345 306
345 351
729 735
306 351
857 773
690 735
607 517
601 517
178 217
517 589
50 95
946 991
261 319
217 223
863 857
607 562
517 546
50 5
211 234
729 645
217 223
611 598
261 345
217 133
434 479
217 222
601 607
735 663
601 607
694 715
863 857
389 479
901 946
863 857
729 735
217 223
863 857
601 590
863 857
818 863
345 261
133 223
50 89
345 261
50 95
985 991
735 645
389 431
95 89
5 95
818 863
735 645
601 607
473 479
601 517
389 473
690 735
601 517
133 250
601 607
479 389
601 607
735 729
729 690
863 857
345 351
434 479
113 58
991 946
991 985
434 479
985 991
607 601
735 645
517 601
836 783
818 863
345 261
991 985
89 95
5 89
261 306
444 438
389 473
991 985
89 50
345 351
351 345
345 351
719 703
133 223
261 303
133 170
50 95
985 962
223 178
434 467
857 818
389 434
761 688
89 120
261 345
901 985
729 690
434 479
901 991
223 133
473 434
863 818
601 607
863 773
946 991
517 607
881 826
223 217
479 389
479 473
261 345
133 223
464 467
946 910
607 601
985 991
434 479
562 607
261 329
95 89
434 479
729 735
217 223
89 95
607 628
773 841
261 306
607 601
901 991
773 857
857 818
50 89
517 601
985 991
601 562
89 95
985 901
601 607
946 985
818 863
217 223
985 991
223 133
946 991
901 985
517 607
217 251
991 985
434 401
517 601
729 645
478 396
89 95
517 601
969 901
863 818
607 562
479 389
631 611
133 178
473 479
735 729
133 201
946 991
178 192
601 538
345 306
95 89
857 818
447 504
607 562
223 133
345 351
345 353
50 95
484 503
985 991
133 223
351 345
217 178
559 532
595 618
224 223
345 379
50 95
473 479
991 946
773 863
351 345
178 223
857 819
773 863
645 735
345 351
562 607
985 901
50 95
473 434
985 941
517 585
735 645
58 89
985 946
5 50
607 601
345 351
607 601
818 863
89 5
261 345
473 389
223 178
133 223
306 351
95 5
479 434
517 607
863 857
345 261
904 916
217 223
857 863
89 95
354 306
95 89
479 434
63 120
729 645
857 863
306 345
645 690
863 857
473 479
473 479
217 178
178 223
985 991
690 729
562 601
223 133
735 690
645 713
994 947
351 345
690 735
261 306
818 863
261 351
946 991
946 985
985 971
473 479
991 946
985 991
217 178
517 601
473 479
729 645
345 307
607 562
601 607
95 23
863 810
345 351
345 261
607 517
773 863
517 607
223 142
607 517
351 261
178 223
178 254
133 223
64 121
89 95
901 946
607 562
351 336
857 863
178 133
517 607
991 910
95 89
857 773
95 89
306 351
607 562
735 665
479 473
389 473
95 89
196 169
562 639
601 607
261 329
345 351
517 607
729 690
901 1002
601 517
607 601
946 998
985 946
991 967
562 601
473 479
89 45
261 306
517 562
601 607
818 857
50 95
261 351
473 389
863 818
901 991
946 898
863 857
735 729
601 607
562 607
133 223
434 479
389 479
178 217
502 449
306 351
562 570
217 223
345 306
479 398
517 601
345 258
735 729
261 345
690 729
969 901
261 351
345 351
389 479
89 5
991 985
95 89
345 306
517 601
350 367
857 863
562 601
217 223
178 223
95 89
901 991
657 738
434 389
735 729
735 729
901 946
517 562
334 261
991 985
645 713
89 95
863 818
773 815
223 133
89 84
645 646
434 479
5 89
479 473
89 95
857 863
991 901
298 307
517 607
991 910
818 863
434 479
89 5
223 133
89 95
645 713
607 601
484 503
345 351
178 223
217 178
562 517
434 479
95 89
389 479
857 863
901 985
178 244
480 430
735 663
901 946
89 102
985 991
901 946
517 622
607 601
985 946
735 643
261 351
607 601
479 454
946 991
576 598
178 223
857 773
389 479
735 729
729 735
178 138
351 261
729 670
306 308
985 991
133 178
690 735
479 473
473 479
562 587
901 946
50 5
389 473
690 735
946 991
735 670
473 389
601 607
991 985
473 479
946 932
517 601
601 562
601 562
985 991
645 735
95 50
607 562
351 261
351 345
351 345
818 877
901 943
351 306
50 5
773 863
601 607
95 23
690 680
178 243
473 434
217 223
818 772
729 735
729 691
901 985
306 261
345 351
601 607
223 217
735 729
389 434
434 473
773 782
473 479
351 345
351 306
1015 1019
729 735
5 50
985 946
261 306
351 345
517 601
89 95
645 690
645 735
601 607
690 735
863 857
89 95
657 716
351 306
50 54
306 351
351 306
223 178
901 985
345 306
306 261
985 991
261 345
985 991
517 607
991 946
901 991
217 223
473 479
690 657
863 773
223 178
857 863
576 551
434 479
735 729
434 479
863 857
89 95
345 351
434 414
857 863
735 763
946 985
261 351
985 991
95 50
601 607
50 95
261 367
5 50
306 351
532 576
729 735
690 729
95 89
607 601
517 601
991 901
857 863
607 562
89 95
773 863
607 601
479 434
473 479
178 145
735 729
79 54
133 175
517 607
351 345
133 223
991 919
645 735
607 562
607 517
562 517
217 223
434 479
261 303
479 431
901 991
351 306
863 818
729 735
434 389
223 133
818 857
473 389
223 217
857 863
729 690
991 901
133 201
479 459
306 351
50 14
991 901
89 95
678 729
690 735
607 601
89 95
178 146
635 631
306 345
735 654
991 1011
601 588
562 517
107 13
351 345
601 562
601 607
857 863
133 223
517 607
261 351
607 601
369 314
473 479
517 607
217 133
985 991
217 223
985 901
306 261
645 758
345 351
261 351
95 50
261 303
901 991
946 991
645 735
517 562
901 946
473 434
729 735
818 863
729 690
479 473
133 167
89 95
434 479
517 576
351 306
484 398
89 95
217 223
223 217
773 863
818 863
222 210
991 985
306 351
967 985
773 857
607 562
306 351
345 351
178 203
306 345
818 891
479 414
261 351
946 985
351 345
389 402
863 857
773 841
345 351
985 991
729 735
345 351
601 595
991 970
95 89
863 860
203 217
351 306
729 645
735 729
736 657
729 735
351 270
178 223
857 773
818 794
306 351
178 223
223 151
985 991
5 95
479 389
95 50
985 991
735 645
729 690
95 50
306 345
773 818
985 991
735 690
562 607
50 95
601 607
89 95
735 729
217 223
434 479
991 946
991 946
261 351
857 863
607 601
178 133
985 991
773 857
389 457
133 223
691 703
217 178
645 682
160 202
473 389
50 95
133 217
50 121
223 178
434 473
735 729
735 690
473 479
601 517
901 985
95 89
50 89
217 203
50 117
735 645
946 985
517 601
345 351
345 296
601 562
133 178
991 901
434 389
562 555
532 576
985 901
601 562
735 645
89 95
818 773
729 645
389 479
217 178
473 389
857 819
261 351
351 345
473 479
562 530
729 663
133 223
5 95
345 351
601 607
991 985
434 479
818 806
964 911
886 833
735 690
479 389
562 607
985 991
901 1022
729 735
735 729
863 857
729 690
645 735
95 5
473 479
473 479
607 601
479 473
223 178
601 562
51 0
645 735
261 351
345 351
601 607
95 14
729 735
690 735
178 223
473 489
517 607
217 223
857 863
527 595
607 562
773 818
863 857
991 901
517 562
178 223
773 881
50 95
601 562
863 857
601 607
863 818
946 991
991 901
946 991
690 735
995 907
217 223
729 735
601 605
601 607
5 95
985 991
601 517
517 607
473 479
601 607
818 863
901 948
862 833
223 178
857 863
5 14
5 73
306 351
95 50
261 351
223 217
863 857
217 223
729 735
729 645
261 306
50 95
345 351
5 95
50 95
729 735
687 660
473 479
363 376
857 863
985 946
863 857
345 351
389 479
389 479
298 307
946 985
991 972
95 89
351 306
773 818
946 939
345 351
479 473
389 473
985 901
618 607
607 601
389 473
517 607
306 351
273 300
735 645
630 577
89 50
735 690
178 223
863 773
946 991
95 89
89 95
89 95
946 901
178 223
89 50
389 479
991 946
517 559
261 303
645 729
133 223
345 351
217 178
773 863
217 178
473 479
473 479
389 473
473 479
217 223
217 178
89 26
217 223
690 735
562 607
857 863
991 985
645 687
517 559
345 351
863 791
985 991
389 473
773 818
985 901
645 735
95 89
473 479
50 95
773 863
568 517
345 306
645 735
946 991
857 818
5 50
369 314
217 133
473 434
601 607
50 95
857 863
217 223
217 223
345 351
773 857
607 532
729 735
178 223
434 479
261 345
479 389
690 735
434 389
351 306
863 773
735 729
473 389
847 831
729 735
863 788
857 818
5 73
863 875
217 133
306 351
223 217
735 648
960 967
562 607
223 217
51 38
5 95
729 735
863 818
735 645
5 118
985 991
479 473
985 901
517 562
863 857
857 863
89 95
818 863
991 910
985 899
601 607
217 223
473 479
351 345
601 607
89 95
389 479
735 719
479 473
227 130
351 261
345 261
434 473
729 735
425 452
351 345
818 863
50 127
217 182
857 773
389 438
729 735
818 863
50 95
95 89
857 818
857 863
5 50
95 89
314 331
261 351
217 223
729 645
773 857
351 306
517 559
517 596
178 217
217 178
735 690
133 223
857 863
178 223
217 178
473 479
946 991
473 479
345 351
50 95
13 107
15 34
217 223
946 952
389 473
773 863
89 115
946 991
58 113
89 76
217 241
901 991
601 607
601 551
601 562
601 607
345 306
297 369
389 473
350 265
473 479
985 991
434 479
857 818
434 464
1007 966
729 645
607 601
329 261
729 735
690 729
89 73
261 345
389 473
54 123
473 479
249 143
857 863
389 479
217 178
223 133
862 893
773 857
434 477
434 479
901 943
985 901
479 473
893 851
735 663
479 473
633 563
857 863
773 857
985 991
901 946
89 50
473 434
509 497
645 729
735 645
601 607
261 306
857 863
89 95
50 89
351 381
690 729
857 786
276 320
991 985
857 863
818 863
148 136
818 851
64 17
517 562
985 946
517 562
178 217
863 773
601 607
473 479
217 178
217 178
735 722
946 985
735 645
178 223
133 223
306 351
306 351
818 828
223 217
773 841
607 517
389 479
223 251
773 818
133 178
133 178
735 645
601 591
273 297
89 50
601 607
601 562
223 225
473 479
95 89
178 212
818 886
991 985
773 818
901 991
178 223
178 223
863 769
735 729
857 863
562 607
261 351
863 818
5 95
178 133
178 207
863 853
434 397
857 863
601 607
217 223
773 818
601 607
133 223
401 434
223 133
50 95
178 223
434 481
261 351
901 991
401 455
729 645
729 690
351 284
863 818
261 303
946 991
985 991
946 991
438 417
133 217
345 306
857 840
133 217
89 50
345 351
95 89
517 607
1003 1016
89 50
306 345
89 5
704 765
863 818
601 609
261 366
5 95
261 306
223 217
434 479
345 351
863 857
607 517
729 735
645 735
89 50
345 351
601 607
991 901
95 89
990 929
473 479
330 356
479 434
729 690
502 426
607 562
691 682
736 680
473 434
217 223
729 735
345 365
601 512
946 991
946 901
729 645
95 89
133 223
217 133
434 479
690 735
738 723
893 856
389 434
89 95
95 89
773 818
946 985
50 95
479 473
773 885
863 773
401 402
901 946
562 577
133 223
223 217
261 351
735 690
479 407
50 5
901 946
261 351
223 178
991 946
261 270
95 50
857 863
729 735
95 89
818 863
345 351
255 133
601 607
991 971
601 607
729 690
633 638
389 479
217 223
991 946
351 261
928 970
223 178
901 946
601 607
345 306
473 434
178 223
473 479
818 773
562 601
306 261
389 434
95 84
95 96
607 562
818 863
729 735
729 735
223 227
253 187
901 985
5 50
773 818
89 95
867 854
89 50
217 223
601 607
818 857
857 863
607 604
863 818
991 946
546 623
517 562
729 735
847 819
434 479
913 942
735 690
223 217
818 857
389 479
985 991
5 95
985 991
562 601
985 990
345 261
479 389
217 223
434 473
863 857
345 306
473 479
217 223
645 735
735 645
479 434
217 223
832 864
217 219
735 707
5 95
133 235
345 351
94 114
89 95
517 607
89 5
773 840
17 125
735 657
345 351
818 773
690 735
708 655
607 535
442 497
479 473
5 95
95 5
625 570
782 849
946 991
261 306
473 479
818 839
991 985
89 95
133 217
985 991
991 901
517 607
901 991
351 345
857 863
450 473
5 89
857 863
5 50
773 857
607 526
261 319
901 991
261 306
178 217
223 217
479 431
351 306
95 50
601 517
735 716
202 228
991 975
645 729
985 946
690 735
5 50
95 89
350 277
133 217
690 678
863 818
51 70
818 773
607 535
351 306
473 434
479 389
351 345
178 217
54 16
645 735
773 857
773 818
351 345
261 351
863 773
473 479
351 306
50 95
178 223
217 223
434 479
351 345
863 773
735 645
50 5
645 729
562 517
562 607
992 980
607 517
735 690
345 306
517 585
566 629
178 223
601 607
901 991
345 306
690 729
89 95
89 95
729 735
473 434
223 142
261 351
517 605
345 351
196 143
306 261
562 607
5 117
404 490
601 607
89 115
133 223
857 822
645 713
473 479
863 857
261 345
645 735
901 985
223 178
863 857
223 217
991 985
562 607
729 735
729 735
863 857
961 908
5 89
990 916
479 440
178 223
985 941
562 542
434 443
217 223
473 434
223 205
985 901
517 607
729 735
729 645
133 217
95 89
351 306
261 277
217 223
901 985
345 351
434 473
729 735
725 729
95 50
50 89
20 8
901 991
261 345
601 562
985 991
345 306
479 389
857 863
5 95
985 988
863 791
946 1021
729 735
217 191
261 351
601 562
562 607
479 434
178 137
351 345
223 142
193 140
314 369
735 711
991 985
901 985
735 654
985 946
985 946
703 736
645 690
345 351
818 863
261 345
473 412
562 601
735 645
991 946
517 601
864 812
601 607
991 946
479 384
160 202
479 473
645 735
389 479
857 818
964 910
434 389
901 991
50 95
991 958
735 690
517 601
580 527
863 857
320 260
89 5
601 607
863 857
985 938
473 479
517 585
345 351
517 628
261 345
217 133
95 89
50 89
345 351
818 863
217 178
985 946
223 133
133 223
306 357
5 95
89 5
50 89
178 223
389 457
473 479
306 351
217 223
601 562
389 479
857 863
89 95
217 223
991 946
345 351
89 5
818 863
857 818
946 901
261 351
89 95
50 89
351 345
434 416
95 89
729 735
345 261
607 601
562 517
50 26
351 345
89 71
297 324
345 351
345 351
562 601
729 735
473 479
345 334
729 735
985 991
434 479
89 5
479 473
345 261
223 217
261 351
601 607
753 698
863 773
601 607
773 857
95 89
178 223
773 863
645 687
434 481
479 434
863 782
985 991
517 513
345 306
345 276
562 607
735 690
946 985
863 857
479 473
261 306
991 985
473 434
95 89
991 946
863 818
857 830
607 601
607 562
985 901
473 389
729 690
985 991
601 607
607 526
339 367
345 351
901 975
223 217
178 223
517 628
223 217
50 95
89 95
306 261
145 141
133 217
729 735
773 818
946 901
479 398
473 479
729 690
96 0
434 473
217 133
196 143
517 607
991 901
985 993
473 479
863 818
601 607
818 794
178 223
479 434
601 607
479 434
133 217
773 818
773 863
863 857
345 351
434 479
607 562
89 50
857 788
228 247
89 95
946 985
133 178
857 818
217 223
517 607
991 946
583 601
991 901
434 389
5 50
345 351
645 729
735 729
223 217
351 261
985 901
607 562
345 351
261 351
479 434
901 985
562 517
345 351
50 95
562 630
729 735
690 714
89 63
89 95
479 434
946 922
351 306
863 857
863 857
985 991
985 946
517 607
5 95
389 479
985 991
178 187
217 223
345 351
553 527
562 607
133 223
601 607
996 1015
345 351
601 562
863 867
863 857
729 645
863 857
217 223
95 89
89 95
434 479
708 681
95 89
261 329
729 735
857 863
901 991
773 818
95 23
306 351
985 991
50 13
517 607
261 345
223 217
389 473
694 687
306 345
50 111
818 785
261 272
5 89
690 735
479 398
729 735
389 434
562 601
89 94
857 818
607 517
991 946
389 473
857 863
818 863
351 261
389 479
601 562
351 345
351 345
729 735
773 863
178 223
601 586
133 223
306 351
89 95
562 601
893 827
306 291
50 5
863 857
901 985
223 178
729 713
562 607
985 901
735 690
517 594
729 735
261 345
690 679
690 735
607 601
434 412
985 991
95 5
261 306
517 607
133 178
773 857
601 562
217 133
306 261
133 142
773 815
223 151
985 991
223 217
773 863
133 223
735 729
601 562
50 73
95 89
818 857
345 351
473 479
645 721
601 607
95 89
178 217
863 818
863 857
857 863
517 601
601 607
911 901
95 89
50 95
5 50
657 670
182 253
735 729
818 863
991 985
89 95
645 729
645 735
217 223
607 517
306 345
601 562
479 389
901 926
351 345
946 991
735 690
473 479
729 645
223 178
991 922
473 479
351 345
985 991
607 601
818 863
857 818
217 223
345 261
601 607
223 178
5 95
645 762
729 735
345 261
479 434
479 434
690 735
901 961
773 841
857 818
985 1006
735 729
857 806
449 481
553 544
351 306
562 572
562 607
818 769
985 991
985 991
991 985
223 133
857 863
991 901
857 773
645 735
133 223
223 178
89 95
473 479
5 89
473 434
601 517
818 863
601 607
826 881
645 741
95 89
217 223
351 345
179 254
901 991
863 857
50 95
729 690
345 351
351 279
729 735
991 946
345 261
863 773
95 89
735 645
863 857
863 773
857 863
607 601
89 95
729 735
217 223
901 946
473 479
89 95
479 389
182 228
729 663
863 773
985 991
345 261
729 645
5 95
336 306
5 89
517 607
178 131
729 735
89 95
991 901
363 269
95 89
729 735
773 863
562 601
223 151
857 863
690 735
5 95
345 351
217 251
351 345
985 901
824 773
946 985
729 747
434 473
916 960
765 704
223 217
818 863
5 89
223 217
595 623
222 151
261 291
389 434
690 735
261 306
479 473
223 219
773 857
607 562
832 851
562 601
345 351
946 901
95 89
857 863
690 735
517 562
735 645
261 351
607 526
95 89
517 601
517 607
479 410
434 479
217 223
473 479
133 170
113 58
863 857
729 735
223 217
95 118
645 729
690 735
863 818
901 985
985 991
857 818
601 607
261 345
479 398
133 217
601 607
389 473
389 473
729 690
818 863
389 479
901 985
985 991
729 682
50 79
5 50
901 953
857 863
773 863
645 735
473 389
133 223
773 863
566 630
991 946
306 345
863 818
645 690
5 95
691 641
857 863
398 465
857 791
729 735
863 884
389 479
5 83
1021 912
50 95
95 50
95 50
95 5
89 95
89 95
95 89
901 991
818 863
735 645
50 95
5 34
735 729
133 223
473 479
773 863
178 133
735 690
857 863
217 223
133 223
991 919
95 50
479 407
517 607
297 302
818 857
389 431
345 351
946 991
345 261
217 133
863 818
645 735
473 434
464 509
479 473
479 389
863 857
5 89
985 901
818 863
517 601
517 601
95 50
345 351
985 991
351 345
601 562
729 735
473 479
985 991
826 847
217 223
68 15
217 223
106 98
306 351
607 517
645 735
434 479
345 351
479 473
217 178
479 389
601 607
645 729
261 345
345 306
89 50
306 261
473 479
773 863
818 857
601 607
261 306
985 946
5 89
133 223
901 991
735 663
901 985
735 690
607 517
261 345
261 306
5 95
991 985
864 814
601 607
479 473
818 794
479 473
735 666
133 178
857 863
5 113
601 607
645 735
217 223
95 89
89 95
985 991
356 375
690 735
818 863
517 562
901 943
223 178
473 479
857 863
50 95
191 207
89 50
261 351
729 735
261 351
223 188
217 133
690 735
601 607
607 601
562 601
133 217
735 690
89 5
95 89
5 95
517 607
351 306
479 473
351 345
601 607
783 802
690 735
473 479
479 422
517 562
434 479
178 223
690 735
351 306
601 607
5 89
607 601
946 991
562 529
473 389
863 857
735 690
995 993
192 157
562 607
95 89
223 133
857 818
306 279
985 946
690 729
863 857
306 261
389 473
562 517
946 991
479 389
601 607
133 223
818 857
99 88
773 818
1002 955
607 517
893 863
901 991
857 818
95 89
5 95
729 735
857 818
223 217
217 223
473 389
473 479
473 434
517 526
345 351
985 946
773 863
645 735
785 840
50 95
473 479
5 95
95 50
773 818
645 735
217 178
995 1019
133 223
985 991
89 95
473 479
863 791
985 991
682 691
95 5
601 562
95 50
867 784
690 735
857 863
601 607
306 351
562 607
562 607
735 729
89 95
479 473
89 5
985 991
434 497
351 306
345 351
95 89
5 73
946 985
729 690
178 223
729 735
690 723
601 607
601 543
818 863
735 729
946 901
985 991
901 991
991 985
345 306
351 345
857 863
946 1018
946 991
50 5
133 175
261 345
818 863
985 991
89 95
601 562
178 133
645 690
261 351
946 985
607 601
505 429
863 857
42 94
857 863
901 991
377 382
729 690
863 857
729 678
223 133
729 690
985 946
351 306
351 261
773 863
601 607
694 723
473 434
95 5
991 919
89 95
389 434
351 345
223 178
223 217
182 207
562 524
857 845
773 857
735 690
735 729
306 320
601 596
562 607
946 911
95 89
217 223
223 151
645 690
992 998
901 946
345 365
645 735
857 863
601 607
960 1012
178 223
645 690
818 863
434 432
901 991
504 447
473 389
5 95
991 985
773 863
773 863
601 517
440 389
178 168
473 501
863 857
89 95
178 223
607 562
910 977
601 607
901 946
389 479
351 279
497 442
95 89
863 818
863 890
857 863
479 398
463 467
50 95
517 607
863 818
991 901
735 729
601 607
509 409
435 509
479 473
95 79
89 84
901 946
389 479
601 607
819 790
95 89
735 645
991 946
351 261
645 690
601 532
261 351
773 841
217 133
601 607
89 5
601 607
863 857
601 517
601 607
479 434
517 562
735 729
611 596
89 5
401 416
479 473
690 735
261 306
991 946
946 991
773 874
133 223
690 735
985 967
809 769
95 50
435 469
729 735
473 479
739 741
946 901
601 607
819 848
601 635
89 50
729 645
89 95
5 95
345 261
601 607
601 607
434 389
351 306
645 690
479 473
601 607
985 901
389 434
345 351
133 223
517 585
345 351
133 223
517 607
735 729
857 863
818 857
389 479
95 89
261 351
223 210
351 261
389 473
217 159
607 517
645 735
178 211
607 517
857 863
517 571
946 991
306 351
50 85
95 89
223 178
655 723
95 40
773 857
601 607
645 735
351 345
133 223
50 94
452 425
425 469
735 645
517 635
607 601
721 682
479 389
773 857
562 601
729 735
179 184
901 985
5 47
217 223
389 473
991 946
50 95
607 601
89 95
473 479
901 985
946 901
901 946
5 95
95 5
306 261
351 345
217 178
95 50
863 773
857 818
863 857
729 645
89 95
95 23
607 562
991 946
217 223
479 473
946 901
42 51
217 223
601 607
217 128
517 587
857 863
50 95
607 517
217 172
434 479
261 351
985 901
178 181
473 434
306 310
863 857
729 735
438 435
645 729
261 351
857 818
434 479
89 95
89 8
773 863
729 690
345 351
601 607
773 857
985 991
473 479
857 863
729 690
788 832
479 473
479 462
170 208
217 243
133 223
991 985
434 479
473 434
735 645
223 178
857 863
729 690
5 89
913 1021
345 311
178 217
306 351
863 818
389 457
517 607
657 765
351 345
17 84
729 645
857 818
133 223
178 133
562 607
576 527
223 217
607 562
208 253
729 735
857 863
178 246
434 479
517 601
50 95
50 89
345 351
690 735
863 857
479 398
178 133
517 522
645 735
473 389
601 607
991 964
261 345
351 261
946 901
735 690
950 979
729 735
729 735
601 607
991 985
950 921
985 991
517 562
517 601
41 113
857 863
985 991
306 345
562 606
50 95
381 315
857 863
5 95
773 863
735 645
89 95
389 479
473 479
960 979
735 729
601 544
217 223
863 857
217 244
645 729
857 863
735 729
735 645
223 178
133 160
133 217
946 901
946 991
473 389
473 479
50 95
985 991
562 607
946 985
690 729
178 223
645 658
863 818
345 351
601 607
473 479
985 991
991 901
985 901
217 133
818 863
178 223
95 5
946 985
735 690
89 50
863 857
261 351
434 479
735 690
261 375
178 217
479 389
89 95
50 85
223 133
735 729
611 517
479 473
901 985
645 735
223 178
601 607
434 389
773 818
100 119
217 223
985 991
946 991
178 217
562 607
901 985
227 150
473 479
517 562
818 831
89 95
434 479
863 791
985 991
818 863
178 223
223 178
89 50
434 397
217 223
607 609
505 446
991 901
178 133
473 479
89 5
306 307
863 857
95 89
261 329
562 607
938 947
729 735
217 223
645 690
690 735
217 223
985 901
345 351
773 841
601 607
735 654
690 735
89 95
473 389
95 50
729 690
223 133
351 345
5 89
735 690
133 178
5 50
133 223
473 479
857 863
345 351
5 95
261 307
434 479
991 985
389 479
89 5
479 398
217 178
985 991
553 591
50 17
434 479
863 851
857 863
345 351
306 345
306 261
607 562
473 479
345 351
1021 938
479 389
991 985
913 990
133 217
985 991
89 94
729 645
345 351
610 531
607 601
729 690
655 719
479 389
479 434
306 261
473 479
89 95
217 223
443 454
389 459
89 95
863 857
863 818
645 724
901 991
991 985
562 607
434 479
735 690
607 601
217 178
209 192
735 645
857 773
863 782
985 991
50 95
517 607
773 818
863 857
217 223
946 985
863 857
863 857
306 261
729 758
729 735
991 985
773 788
946 985
434 418
562 601
89 95
89 95
89 50
773 857
191 248
979 975
517 601
50 95
704 720
261 303
818 816
607 517
217 223
50 89
946 991
133 191
901 946
601 562
601 607
857 863
479 413
526 593
607 535
178 226
261 345
773 796
217 129
261 303
89 95
601 562
645 735
345 351
857 863
306 345
985 991
95 50
991 910
863 818
345 261
261 335
819 811
351 261
50 5
991 985
217 178
735 690
473 389
625 570
133 223
991 970
117 95
479 473
345 351
351 345
217 205
729 720
601 607
345 261
517 618
351 345
991 985
89 95
345 351
607 601
223 217
517 601
434 479
89 50
306 345
89 94
479 398
601 562
690 735
979 960
690 641
729 735
985 946
245 217
964 979
985 991
773 818
133 217
223 142
735 663
148 192
601 607
729 645
217 178
5 16
345 306
985 901
857 863
562 607
217 223
946 991
479 473
773 857
985 946
217 178
517 607
473 434
868 782
473 479
645 729
95 5
601 525
916 975
15 83
857 863
607 562
607 601
729 735
946 991
901 946
351 261
735 690
306 351
217 178
857 863
345 351
645 735
901 991
735 663
729 645
223 217
991 985
946 901
562 607
178 188
89 95
901 985
89 95
473 479
735 654
389 479
946 991
351 345
89 5
306 351
133 217
562 543
773 863
345 351
217 223
818 863
690 735
601 517
389 434
863 818
95 5
690 722
857 818
773 857
735 690
985 946
473 479
740 759
351 306
473 479
89 95
351 261
776 851
562 526
5 95
517 601
946 985
473 479
607 562
946 991
434 473
479 398
351 345
729 735
517 601
863 773
729 690
645 729
223 217
133 217
89 95
95 50
607 517
351 261
89 57
545 529
857 863
818 773
991 985
857 773
351 345
517 562
473 434
434 479
601 607
985 991
857 863
562 607
479 389
89 95
985 991
601 607
857 818
89 4
306 351
50 5
785 770
704 734
735 729
217 133
863 818
901 913
389 473
5 50
985 991
601 607
473 434
50 95
773 818
729 735
818 857
607 601
479 473
217 223
857 863
517 562
735 729
544 586
863 773
562 607
217 133
261 345
645 735
473 479
306 345
611 595
479 507
857 863
434 389
217 178
434 479
5 50
15 79
896 946
607 562
946 991
773 857
217 223
89 50
645 729
729 735
991 985
217 223
517 607
345 261
818 863
836 782
178 223
223 178
863 782
601 607
517 601
5 95
729 735
901 1010
223 217
473 389
178 166
473 479
985 946
223 178
133 223
607 562
217 154
863 857
863 773
434 389
473 479
434 479
95 50
217 223
217 223
479 473
261 351
985 901
351 306
15 34
946 991
863 857
985 991
50 95
921 1002
985 991
95 50
818 863
178 217
355 271
690 735
517 562
389 479
735 729
217 223
473 389
607 517
223 217
217 223
735 729
217 223
857 778
517 607
517 601
818 773
329 261
773 863
635 566
473 479
607 529
607 535
822 818
645 713
782 849
946 991
306 261
863 818
479 434
607 562
133 217
729 690
261 339
217 223
473 479
607 601
89 5
863 773
351 261
351 261
479 389
473 389
133 223
345 351
389 434
473 479
991 985
89 95
607 517
483 449
473 479
773 863
819 866
217 223
901 991
562 607
351 306
89 42
729 735
5 50
351 345
89 95
863 773
901 985
345 351
601 607
345 328
601 607
867 836
607 601
946 991
863 857
682 691
345 351
95 23
901 968
857 863
306 351
345 351
351 345
946 991
562 517
223 133
473 479
196 169
306 372
351 345
89 50
351 345
345 306
601 607
473 479
351 306
690 736
946 901
217 223
217 223
178 223
946 991
479 473
985 991
217 223
773 857
517 607
50 5
5 50
434 473
276 264
985 991
217 223
345 306
389 473
601 607
857 818
261 351
306 351
517 607
479 434
223 217
517 562
50 95
645 735
991 1019
901 985
946 985
773 815
729 681
217 223
261 351
729 735
607 562
991 985
562 639
857 863
863 791
857 865
389 434
562 607
345 351
351 345
351 345
5 95
773 807
729 645
351 345
345 351
223 217
729 720
863 818
389 473
735 654
351 324
178 133
223 133
690 657
89 95
217 136
5 95
345 351
95 89
562 607
645 690
306 351
832 849
217 133
729 735
911 979
863 818
306 351
351 345
479 455
473 434
479 507
690 735
857 818
901 946
562 584
247 251
133 223
479 473
901 985
473 479
50 49
473 434
517 601
607 562
178 223
351 306
818 857
261 351
818 863
95 5
261 306
517 607
901 985
306 345
991 901
217 178
562 607
345 351
133 201
645 735
211 142
773 818
517 562
473 479
991 946
991 901
178 217
773 863
435 419
517 607
773 863
345 351
946 991
133 223
261 351
601 529
773 863
985 991
735 645
89 5
50 95
991 946
517 559
479 389
527 595
773 857
901 991
306 351
223 217
809 783
913 991
991 901
985 991
694 720
901 969
261 327
223 178
65 50
345 351
818 857
306 299
562 517
345 333
729 735
740 759
89 5
562 517
473 434
1003 909
5 89
601 517
863 773
217 223
991 985
399 418
818 857
442 478
645 752
351 261
389 473
857 863
5 50
95 89
773 818
178 225
351 345
645 690
818 863
389 473
946 991
887 776
217 158
89 5
89 95
133 178
473 479
991 901
89 95
991 985
690 645
517 585
517 522
857 863
901 969
479 389
434 479
261 345
985 991
946 991
345 351
89 95
473 479
946 991
517 585
5 95
729 690
479 407
985 991
601 517
729 735
50 95
223 217
901 985
401 395
729 645
217 223
735 729
607 562
857 863
607 535
223 151
946 991
729 645
773 863
473 479
320 339
562 517
729 735
351 273
5 89
95 50
1021 991
601 562
517 607
95 23
773 863
946 1000
735 729
946 931
819 830
345 351
517 562
178 217
562 607
818 857
178 217
601 607
95 50
937 964
863 857
345 351
89 95
389 479
217 223
223 142
818 773
434 400
946 991
818 863
985 991
473 479
607 601
217 223
985 991
946 991
89 50
863 857
946 991
645 703
562 607
133 223
400 505
351 261
95 5
389 473
612 526
434 435
96 88
857 863
217 223
434 479
566 529
601 517
50 94
735 756
217 223
645 762
690 645
89 95
178 175
946 991
178 217
601 607
601 517
863 857
345 350
223 217
601 565
473 479
345 351
946 991
473 389
946 985
690 645
351 261
178 170
985 991
735 729
729 735
261 306
345 351
818 863
389 434
645 735
729 717
660 704
517 585
345 351
217 243
182 148
601 607
901 946
773 857
857 773
355 289
217 133
735 719
473 479
217 223
991 985
5 95
562 626
5 95
50 123
345 351
818 773
863 857
857 773
901 946
479 407
95 89
991 985
241 186
991 919
351 261
857 863
601 607
517 601
517 562
217 223
773 841
95 89
857 863
601 562
389 473
50 12
434 477
351 261
389 473
517 562
985 991
863 857
773 863
863 857
901 946
345 261
217 223
735 729
690 645
991 946
133 223
473 493
351 345
991 901
601 562
89 50
517 585
345 351
690 735
345 351
863 857
991 1019
633 601
389 479
133 223
217 223
261 306
735 757
345 306
863 818
985 991
473 434
178 223
261 351
913 918
223 217
901 985
178 133
178 223
911 975
991 985
261 345
473 479
818 773
434 479
690 735
89 50
223 151
95 89
863 791
223 142
857 863
345 351
985 901
223 217
5 95
562 517
729 645
479 409
645 690
985 991
473 389
473 389
735 645
261 306
133 178
306 351
95 5
601 517
223 217
729 735
345 351
735 729
223 153
306 351
985 991
389 399
857 863
607 601
217 133
99 17
863 773
985 991
901 985
479 467
601 606
389 473
223 142
261 303
50 89
857 863
473 389
217 223
832 845
345 306
50 9
517 610
223 217
95 89
601 604
193 242
857 863
985 991
170 179
645 668
901 985
863 857
217 170
601 607
178 217
946 991
5 95
857 818
517 607
223 217
991 985
345 261
946 991
645 735
735 690
881 826
389 479
863 857
783 802
601 607
601 562
306 295
601 607
601 607
607 595
5 50
50 95
497 442
562 607
217 223
95 23
580 527
192 171
773 863
517 562
517 607
261 351
223 133
607 601
473 434
50 95
345 261
818 863
261 351
729 735
95 89
857 773
261 306
577 591
985 991
473 460
345 351
223 217
818 863
133 223
95 89
89 50
345 351
729 724
95 5
729 735
217 223
483 494
985 937
217 223
863 773
562 607
759 763
691 733
89 50
946 991
729 690
261 351
601 607
690 735
607 562
601 517
95 5
389 479
89 95
818 857
645 687
473 479
735 729
261 351
863 799
946 991
133 217
687 645
645 690
729 690
985 901
479 398
223 217
901 943
729 645
473 434
819 828
601 617
901 985
345 351
735 645
89 102
89 95
217 208
479 473
473 479
690 645
351 345
857 863
831 847
306 345
434 479
182 171
351 345
89 50
345 351
601 607
735 729
580 527
818 863
991 901
985 946
607 566
463 447
517 562
50 95
607 562
473 479
985 1016
377 268
473 479
562 607
479 389
95 5
863 857
223 217
133 178
473 479
901 991
946 901
601 607
863 791
89 95
863 791
5 89
601 607
857 863
857 863
729 690
991 985
517 607
901 991
5 89
89 50
503 483
50 16
178 217
773 818
217 178
345 270
50 95
729 690
20 64
217 223
261 345
261 351
729 735
863 857
217 223
351 339
863 857
735 729
735 645
473 434
985 946
729 645
863 778
50 5
729 735
351 345
261 351
818 857
645 735
773 863
345 351
607 601
601 607
345 306
389 479
562 554
735 729
389 479
729 735
276 320
735 729
601 562
735 729
89 95
857 863
261 306
739 681
89 50
729 690
979 951
979 1002
261 351
178 176
389 434
857 863
901 969
985 991
991 946
818 773
261 306
985 991
223 178
857 863
473 479
261 329
473 413
473 479
601 607
637 582
735 645
857 773
985 991
773 818
946 947
261 351
960 1019
857 863
946 991
217 225
601 517
209 133
351 306
991 985
222 148
729 735
562 607
479 398
601 607
89 95
223 178
991 966
729 735
178 223
351 345
985 946
863 773
223 217
863 773
991 985
901 991
50 89
985 901
473 479
773 815
5 95
517 601
735 654
170 179
985 991
607 601
601 562
133 175
217 223
517 601
223 217
351 261
178 141
89 95
478 397
996 1015
473 479
857 863
562 607
133 223
217 223
517 601
351 345
306 351
261 303
690 719
89 95
863 818
735 645
601 607
690 729
818 863
89 94
473 389
351 353
217 223
89 95
938 947
517 562
95 89
479 434
5 73
133 223
434 427
217 223
562 601
133 217
89 95
674 751
681 729
857 863
985 991
729 735
901 985
681 655
178 217
773 818
479 434
601 607
306 351
901 896
960 979
133 223
479 410
729 724
253 175
607 517
985 991
985 991
985 901
985 991
729 735
314 333
479 434
818 773
991 985
95 89
773 818
735 654
89 29
773 884
729 735
64 113
223 178
517 607
217 223
607 559
946 985
479 407
121 32
473 389
479 434
89 5
434 473
645 735
601 562
946 918
217 223
637 560
517 559
818 773
345 351
95 89
818 785
729 735
473 479
991 973
607 562
773 824
946 991
235 141
729 735
601 607
946 979
526 593
985 946
818 866
735 645
223 217
133 217
399 418
351 345
89 95
352 285
517 607
223 217
607 559
345 306
270 351
345 261
223 142
351 345
729 690
50 17
306 261
729 735
517 588
863 857
434 479
473 479
857 773
217 223
17 19
517 607
345 351
89 74
601 607
818 863
729 645
735 729
601 562
345 351
95 5
306 345
857 863
351 306
818 773
991 901
89 95
345 326
217 178
65 34
473 479
133 223
261 345
345 366
991 985
5 50
985 991
773 857
345 351
261 345
735 729
818 770
133 226
773 815
985 991
434 479
95 89
946 988
125 115
601 562
5 95
345 306
729 663
863 857
434 479
562 517
178 217
601 607
223 217
50 47
95 89
938 916
601 540
479 473
133 178
95 5
991 985
351 345
773 818
985 991
645 713
217 178
601 607
345 351
479 473
351 261
690 735
434 473
50 5
351 345
50 95
345 351
118 13
345 261
50 95
178 217
690 735
985 946
223 217
773 863
818 863
818 863
261 351
133 175
133 178
473 479
345 351
735 690
89 95
818 863
261 345
601 607
985 991
601 607
562 517
389 479
857 863
991 901
601 607
89 5
562 607
857 818
645 735
847 851
773 818
95 89
946 1007
985 901
217 178
729 735
191 248
473 389
863 851
434 479
517 607
95 50
345 261
735 729
863 857
729 735
645 729
95 50
729 735
735 729
991 901
946 991
351 261
645 690
223 170
773 857
50 89
857 773
306 351
607 601
95 5
95 89
985 991
681 657
473 434
351 306
89 5
735 729
271 335
735 729
351 274
735 645
89 95
89 95
645 757
985 991
729 735
223 178
607 526
345 261
50 95
389 434
773 818
193 237
17 85
89 50
345 351
479 389
50 20
352 342
374 321
562 607
89 50
351 345
818 773
178 223
735 729
985 1006
690 735
645 690
645 729
473 479
857 863
89 50
985 991
687 645
729 735
133 223
89 50
51 72
345 261
863 782
773 863
645 690
735 729
891 887
562 601
773 815
690 735
946 991
351 345
95 14
562 601
351 345
217 223
960 979
729 735
863 857
306 357
50 89
41 48
178 133
50 95
473 434
607 605
607 562
901 991
729 690
901 991
517 607
473 457
473 479
562 607
50 5
217 223
351 345
690 729
434 479
95 89
863 782
5 95
773 857
863 782
227 208
217 178
50 95
351 345
612 563
607 601
133 223
434 479
434 479
645 735
601 629
458 484
818 857
562 601
89 5
690 735
473 397
483 484
389 473
857 863
133 223
729 735
89 95
217 133
601 607
5 95
89 95
351 306
434 479
95 89
517 585
261 306
991 985
991 985
5 95
607 601
562 538
473 479
562 607
473 434
434 479
261 351
985 901
946 919
729 644
985 991
735 729
562 607
351 345
863 773
223 217
261 345
729 690
223 217
473 479
985 901
901 991
306 345
645 690
916 904
89 95
901 946
473 479
607 562
479 439
178 223
50 95
985 991
473 479
562 607
773 863
473 479
351 261
562 607
5 95
273 321
261 345
178 223
473 479
901 991
818 863
645 735
473 392
601 607
517 562
306 351
985 991
607 517
223 133
950 908
729 690
306 269
479 473
607 601
562 536
345 351
306 351
5 89
607 601
729 735
351 306
645 735
735 690
351 345
991 901
211 234
473 479
735 729
901 991
601 562
389 416
612 526
479 473
729 735
818 863
479 506
473 434
279 351
479 434
607 517
351 345
729 645
991 985
857 863
729 735
95 5
517 607
351 261
985 991
306 351
645 735
89 50
95 5
517 607
985 946
991 985
95 5
434 479
946 979
306 345
389 479
691 681
607 601
217 199
729 690
261 345
729 735
306 351
729 645
63 120
223 178
735 645
857 773
389 479
901 991
901 985
261 351
95 89
381 351
601 607
389 429
601 607
985 991
991 901
729 735
857 863
479 407
306 351
434 479
815 788
562 607
729 640
606 616
345 351
50 95
306 351
351 306
729 735
217 223
95 50
345 302
773 818
95 23
517 601
601 517
985 991
473 389
89 50
133 178
517 607
223 217
818 881
95 50
857 860
351 261
351 261
729 735
818 893
946 991
345 351
95 89
261 345
773 825
261 351
15 34
517 601
832 817
223 217
50 89
729 735
517 585
389 479
818 777
306 351
434 479
479 434
990 966
985 991
447 504
389 479
818 863
96 72
985 946
985 946
211 234
178 135
89 50
133 217
857 818
601 607
729 645
5 50
729 735
773 857
857 863
389 434
901 943
735 645
985 946
517 607
517 585
261 351
434 479
991 901
351 306
601 517
901 985
223 217
946 901
89 5
517 585
351 306
223 178
991 901
682 691
217 223
324 271
217 223
735 690
729 735
223 217
351 345
601 558
345 304
562 517
178 133
345 351
729 735
690 735
5 89
601 607
645 729
729 645
857 863
95 89
901 946
690 645
562 567
601 607
320 353
261 306
901 991
607 517
306 303
863 773
42 51
729 654
178 133
351 306
517 601
901 982
985 899
389 479
562 607
607 590
517 607
729 645
473 434
306 351
735 690
223 142
345 351
863 773
133 217
89 95
645 690
473 479
473 479
913 938
351 345
857 818
5 89
479 473
901 991
473 479
89 102
735 690
345 351
261 345
773 863
991 961
607 562
473 502
818 773
479 430
991 985
946 991
773 863
991 985
645 690
773 863
434 473
5 0
991 901
133 223
857 818
133 178
261 351
15 34
89 95
946 901
863 782
645 735
178 217
345 337
729 645
863 842
217 223
607 562
50 54
863 857
901 946
217 223
473 457
863 773
857 863
223 217
434 479
946 967
351 373
818 848
985 991
143 207
345 351
306 351
217 223
773 863
607 517
351 261
863 818
64 95
773 857
246 170
991 946
389 479
645 735
601 607
217 223
345 306
960 909
857 863
729 735
857 863
89 95
729 690
479 473
985 991
863 773
893 786
773 863
901 991
985 991
818 773
985 901
946 991
133 178
261 351
217 133
41 68
434 479
479 389
345 351
217 223
50 122
306 261
607 608
389 431
473 479
991 985
607 562
351 264
864 783
133 178
991 961
133 206
351 306
253 223
607 601
434 389
985 946
691 729
434 479
261 345
217 178
89 95
50 5
773 863
217 223
690 735
351 269
217 223
479 389
818 773
345 261
178 223
224 193
645 687
863 857
5 50
847 822
100 119
601 517
351 345
690 735
434 479
5 50
324 271
586 612
95 5
5 95
985 901
690 735
901 946
735 645
434 473
133 223
911 975
95 23
729 735
355 318
133 223
991 985
389 483
473 479
479 398
729 735
306 281
1014 909
217 223
773 841
607 562
479 473
735 729
479 473
473 479
217 223
306 351
985 991
223 178
562 607
985 901
773 863
178 223
753 698
133 223
473 479
991 985
857 863
607 535
517 601
991 946
916 960
857 863
389 479
517 601
389 473
345 306
818 863
133 227
95 5
217 223
818 863
345 306
729 735
645 735
261 351
735 729
261 351
562 607
607 601
351 261
50 13
223 133
857 863
89 95
863 857
261 351
729 735
985 991
773 867
473 434
306 351
50 5
479 473
607 601
985 1018
946 901
735 654
690 735
857 818
735 690
864 773
601 607
89 95
946 934
50 95
562 598
95 89
345 351
606 629
867 782
863 818
345 351
261 351
773 863
253 187
562 607
89 5
389 479
985 991
729 690
217 223
729 735
473 389
562 611
601 607
479 473
645 735
566 627
606 538
217 223
735 729
50 5
991 901
946 991
314 334
95 50
479 473
479 473
735 690
389 479
773 857
818 863
818 794
946 950
517 601
857 818
607 601
473 434
397 465
473 479
818 863
351 345
473 389
95 89
690 735
729 735
633 595
773 863
818 773
690 735
217 178
946 991
735 645
601 562
217 141
818 833
735 645
50 84
223 133
607 517
133 201
601 538
607 526
5 95
306 351
473 479
95 50
133 223
217 223
479 434
217 223
735 729
50 95
261 351
645 735
473 479
345 351
654 721
50 95
773 818
50 5
223 133
95 50
223 142
916 960
178 223
261 306
979 910
389 473
729 762
607 601
95 5
645 735
345 306
818 773
223 217
517 607
479 473
223 178
818 857
89 95
985 991
607 601
351 261
223 217
735 690
261 345
351 261
520 577
241 186
729 735
991 993
735 690
377 276
345 351
863 857
735 645
95 5
389 479
345 306
946 985
773 863
217 223
991 946
562 607
217 178
645 690
601 607
306 351
261 351
434 479
991 985
785 818
50 2
351 306
351 345
473 434
133 217
223 217
946 985
473 479
773 863
434 479
729 690
735 645
306 345
351 345
133 223
729 690
729 722
351 306
857 863
735 654
133 223
985 991
435 499
50 5
735 729
607 562
985 991
5 89
729 735
607 535
607 601
773 863
645 729
863 857
645 735
351 345
261 358
690 735
434 479
857 863
601 607
345 351
473 508
946 991
351 306
351 261
601 607
442 459
607 601
133 178
645 729
729 722
50 95
807 818
351 306
345 351
562 517
735 690
261 269
269 363
100 119
351 345
991 985
217 223
89 1
645 690
389 397
657 752
991 985
863 773
985 946
818 863
601 517
562 607
818 863
729 735
863 818
345 337
857 863
946 916
473 479
645 703
479 473
607 517
89 50
223 170
607 601
645 735
95 14
133 219
985 991
985 991
306 351
345 261
946 991
740 654
857 773
607 562
729 735
95 89
217 178
133 223
645 763
345 351
89 50
133 178
991 946
178 129
645 690
607 562
389 473
946 991
863 857
473 441
14 50
607 562
434 479
735 756
985 901
562 607
345 351
517 607
351 261
601 562
690 735
601 517
307 319
351 279
863 773
223 217
985 946
735 729
5 95
95 89
607 601
133 217
781 875
41 68
345 351
356 375
562 607
729 735
690 735
991 901
261 279
217 223
217 243
607 601
562 607
345 351
89 95
729 735
5 51
261 351
901 991
294 297
991 919
479 389
261 345
50 95
50 89
607 562
690 759
20 64
991 946
818 891
223 217
217 223
133 223
818 863
813 857
818 857
217 223
178 217
345 261
89 95
95 5
473 479
985 991
857 818
729 694
735 673
857 773
5 89
991 985
690 678
89 95
645 735
601 607
773 807
306 261
562 607
773 857
473 479
95 14
645 690
773 857
133 217
89 95
773 818
577 546
991 946
729 762
729 763
479 473
857 818
690 735
901 904
261 351
434 444
133 217
434 479
223 133
178 133
857 778
217 223
5 89
601 562
223 217
863 773
729 645
991 926
217 223
773 863
389 397
95 89
985 901
729 735
729 735
95 5
389 473
321 355
261 306
133 223
217 223
893 874
381 314
601 607
306 345
241 186
217 133
223 133
351 306
773 857
946 991
601 607
89 95
857 782
479 502
434 470
818 773
95 89
217 244
217 133
178 246
681 733
517 585
729 735
601 562
773 863
863 773
985 995
178 223
863 782
95 50
946 901
517 601
223 178
479 434
306 351
217 223
345 261
95 14
434 478
607 601
601 607
690 645
223 133
601 517
863 857
178 145
125 53
224 232
735 650
889 814
217 223
479 407
