1024 10000
562 574
740 759
306 345
863 857
773 818
306 261
133 217
261 303
863 773
473 479
773 818
818 863
690 729
261 322
517 607
178 223
863 857
473 499
645 735
479 434
95 89
223 151
50 5
261 345
773 863
729 735
611 563
517 607
89 95
217 178
735 729
89 50
217 223
479 434
178 223
479 473
985 991
345 351
857 891
473 434
389 434
95 5
729 645
517 562
558 601
601 607
217 223
351 345
479 423
991 946
89 95
479 389
389 434
223 202
991 997
607 517
89 50
223 217
946 985
607 601
217 178
306 345
735 729
690 735
517 607
991 901
985 979
653 690
736 756
857 773
217 178
133 223
946 906
607 601
819 785
857 863
479 473
985 901
306 351
217 233
645 763
773 863
773 841
517 607
50 95
857 863
946 991
374 298
857 863
985 1013
601 607
735 663
818 863
562 517
89 50
991 946
773 857
527 546
601 607
217 223
473 389
345 351
345 261
946 991
729 735
863 773
690 735
517 601
5 95
351 306
351 276
473 479
178 223
729 735
5 95
517 607
729 690
306 261
517 562
690 735
645 690
217 223
95 5
89 95
50 122
217 178
306 351
857 863
434 473
818 863
345 306
991 972
881 847
938 1007
389 479
89 2
223 133
570 536
601 517
946 985
625 570
479 389
991 946
601 607
607 562
729 645
223 217
479 473
645 690
345 351
434 473
991 985
261 351
985 974
345 351
696 645
95 89
5 66
655 723
735 640
351 261
351 339
133 178
985 901
473 389
178 223
434 392
351 345
800 842
857 773
15 79
473 481
607 521
479 389
818 863
1019 1015
857 863
901 969
261 306
601 607
389 473
729 690
89 95
434 479
89 50
690 729
645 729
863 857
690 735
5 120
95 94
517 607
261 345
288 330
178 189
95 89
857 863
946 975
473 479
95 50
50 95
985 991
985 991
517 585
985 901
223 178
729 645
735 729
409 458
517 559
5 81
517 601
818 863
95 89
773 818
473 479
601 562
601 562
985 991
946 901
133 217
223 217
89 48
601 562
690 688
306 351
479 473
351 349
985 946
217 223
351 261
517 601
345 351
223 133
607 512
818 857
901 946
389 434
562 607
864 821
985 991
133 136
735 741
389 434
217 223
249 148
217 223
607 562
307 261
901 959
50 95
985 946
690 735
345 351
434 479
517 607
985 901
857 863
479 473
95 89
178 145
351 261
261 303
351 345
345 306
217 223
607 595
601 607
434 479
729 735
178 223
735 690
345 351
345 306
735 690
607 517
857 863
809 873
735 729
95 5
351 345
434 467
261 306
601 607
729 690
818 863
910 991
690 729
217 223
562 601
217 178
217 178
261 306
991 901
223 133
901 991
95 89
95 50
690 735
991 953
773 857
607 562
473 479
735 690
89 50
223 133
479 434
645 735
601 562
89 50
473 434
601 607
735 663
95 5
607 601
50 5
389 425
345 351
729 735
261 303
607 517
690 735
473 479
89 5
863 818
735 724
517 607
95 89
50 5
645 735
345 306
95 89
473 389
818 773
50 89
601 607
306 351
345 261
645 729
217 223
345 351
389 434
985 946
351 345
729 735
773 863
5 89
857 773
217 178
773 857
5 50
863 773
517 601
863 773
89 50
901 1016
517 562
133 223
991 985
601 517
223 217
690 735
5 95
991 985
351 342
298 307
735 690
479 434
217 178
901 985
985 946
434 389
690 663
50 95
735 654
133 223
946 1023
517 601
863 862
434 473
985 1003
901 946
133 175
562 601
773 863
818 773
217 138
217 223
133 178
773 891
863 857
735 729
901 991
217 223
178 251
89 95
773 863
818 857
863 818
517 585
223 217
863 857
526 607
857 863
434 473
473 479
985 901
729 690
133 146
178 223
389 402
389 385
261 345
261 282
735 729
389 434
95 50
133 223
938 947
479 483
89 95
985 991
89 50
178 223
729 735
345 351
389 457
857 863
5 63
271 335
773 863
261 351
223 133
20 64
434 479
991 985
857 773
562 607
729 690
901 991
601 607
458 484
985 901
857 818
729 735
607 562
607 601
89 95
773 857
223 217
351 306
89 5
434 432
991 946
98 106
351 261
351 306
991 946
857 853
223 217
89 95
223 217
95 5
351 261
223 217
991 910
562 555
5 89
901 991
306 375
261 306
306 351
946 991
389 473
857 863
351 345
601 607
964 937
985 991
5 95
863 857
991 985
89 95
735 729
601 607
517 585
169 232
345 351
901 991
249 207
89 95
735 645
473 479
223 133
217 223
479 473
690 645
688 645
863 818
223 145
562 607
178 217
857 863
773 857
735 729
345 261
217 207
89 95
479 473
223 217
89 95
946 991
863 883
89 35
133 223
217 178
990 958
991 990
645 729
306 351
89 5
985 991
601 607
50 95
345 351
729 645
404 448
517 607
479 389
562 607
261 351
223 217
95 5
95 14
863 857
946 991
178 223
985 991
690 663
735 645
133 178
946 991
863 818
389 479
5 95
910 977
735 650
479 473
857 818
562 607
607 562
729 735
735 729
178 217
946 991
729 735
747 653
690 729
729 690
434 389
946 991
261 306
607 601
562 607
863 818
178 223
50 95
89 50
517 601
607 517
985 991
857 863
863 818
735 723
562 517
857 818
818 831
607 601
50 89
261 345
735 690
389 485
133 223
901 977
217 244
217 223
314 331
351 261
306 261
473 479
946 991
473 507
729 690
729 690
593 554
857 863
863 892
5 50
261 335
479 434
133 178
901 991
178 223
261 351
857 863
95 5
670 735
601 517
735 729
946 991
818 769
690 735
178 212
261 345
95 89
473 434
89 5
434 479
306 351
503 507
863 857
479 389
5 116
133 223
729 645
89 50
729 663
224 187
223 217
95 29
178 158
863 818
217 223
223 133
517 562
863 857
729 682
133 217
95 89
985 991
223 178
985 901
479 434
434 479
217 143
483 479
89 95
729 645
985 901
901 985
601 583
306 329
178 133
434 479
991 901
991 901
901 991
261 351
178 223
217 223
389 434
773 857
773 863
562 607
133 144
863 782
95 89
217 133
389 479
351 306
133 223
863 791
207 182
217 223
729 735
351 261
426 465
863 857
133 217
306 351
178 223
729 735
479 389
985 991
345 351
306 345
64 13
89 42
863 825
985 991
645 735
690 735
690 645
645 717
946 901
645 735
735 729
863 773
773 841
607 601
303 261
5 89
63 120
5 50
517 562
178 217
575 608
735 645
369 314
178 223
223 217
863 773
5 89
473 434
818 863
434 479
223 133
5 95
985 991
434 473
735 729
133 178
217 133
607 635
946 991
473 495
735 729
217 205
95 50
351 261
223 207
857 773
83 5
901 976
985 946
345 306
991 985
901 985
690 735
517 601
95 123
985 901
991 985
857 863
729 735
863 773
389 479
901 991
479 434
223 217
901 991
553 611
351 306
192 158
89 5
517 562
345 306
345 351
306 351
261 351
345 351
217 223
479 473
95 89
50 95
178 133
178 244
425 408
50 5
601 562
601 517
479 473
261 306
517 607
601 562
389 473
15 79
178 133
735 690
729 735
735 729
50 95
345 351
1017 932
991 910
50 71
946 991
389 434
946 991
345 261
991 985
607 562
645 654
217 133
607 517
89 5
946 991
959 1016
991 985
607 517
261 351
178 158
607 578
773 818
517 601
5 95
223 217
1009 954
261 345
133 223
142 209
479 389
473 491
946 901
607 595
355 335
729 690
645 735
217 133
95 89
735 690
901 991
735 690
345 351
765 679
178 217
991 946
217 178
729 735
345 306
473 479
857 773
345 306
389 479
454 443
946 991
601 517
857 773
479 473
89 84
910 991
133 178
89 95
985 946
863 818
261 318
985 991
818 857
217 133
995 927
735 645
345 351
818 857
611 573
89 95
863 883
690 722
345 261
169 198
473 389
95 89
223 217
306 345
50 56
857 773
985 991
601 517
5 95
773 863
350 258
863 791
991 901
863 773
207 143
89 95
389 473
735 654
217 178
517 607
345 257
351 304
345 261
517 601
434 479
857 863
217 178
89 95
645 729
601 562
217 223
729 690
89 95
345 351
389 479
765 658
351 261
5 95
89 95
607 562
320 348
818 773
345 351
863 773
89 95
345 351
601 607
607 513
960 979
217 178
729 690
217 133
645 729
434 449
991 985
89 95
729 645
857 863
5 95
729 735
345 351
608 625
607 601
217 223
645 735
857 818
991 901
133 217
389 479
857 863
89 95
351 345
133 223
389 473
95 50
345 351
761 689
606 594
562 607
89 5
517 630
217 133
5 89
863 857
690 729
473 389
633 636
479 398
946 991
517 601
133 217
5 89
857 863
217 178
985 991
345 351
306 351
562 607
857 818
207 182
690 645
95 89
261 351
89 51
306 351
389 479
985 946
607 601
773 863
773 863
217 223
857 863
857 818
562 517
479 473
389 431
217 223
351 345
479 407
601 517
562 607
345 351
217 223
479 434
901 991
95 50
473 479
773 822
479 473
773 813
857 843
991 985
773 857
985 991
517 601
562 517
434 479
863 818
916 1019
991 901
473 479
729 735
217 133
148 192
89 95
89 5
729 735
133 178
479 473
735 690
857 863
946 934
217 178
89 95
818 863
345 351
773 863
95 5
68 41
223 217
473 434
351 345
217 178
193 211
306 351
601 547
479 434
607 594
901 946
517 562
985 991
863 818
178 223
991 901
50 5
473 479
133 223
345 351
863 851
690 735
95 50
50 95
991 953
345 351
601 607
857 863
517 601
217 178
217 198
351 345
735 729
991 1016
818 850
607 517
517 552
985 991
517 559
345 351
345 306
89 50
991 919
89 95
863 857
217 223
5 50
351 345
818 857
434 479
50 95
217 133
889 865
217 223
703 760
223 217
863 818
95 56
223 151
178 237
562 607
133 178
735 729
306 351
89 95
562 607
50 95
89 95
863 857
901 991
517 601
143 211
735 690
95 23
473 441
857 818
857 863
5 95
223 217
473 491
261 345
261 345
65 99
95 89
991 946
645 735
946 991
5 95
857 773
946 991
5 89
223 182
863 818
133 223
95 89
473 407
389 473
306 351
261 306
773 857
773 863
54 101
473 389
863 857
985 946
735 729
729 735
985 991
389 473
89 5
133 175
729 735
863 857
345 351
863 857
690 713
261 306
562 607
735 711
217 223
836 818
729 735
95 50
473 434
863 791
901 985
479 473
345 351
345 351
818 812
178 183
601 607
223 217
818 857
345 282
223 166
729 735
345 261
773 818
857 810
857 863
306 351
991 946
562 517
607 517
562 607
95 14
306 351
607 601
178 223
89 95
729 735
95 5
320 339
607 535
336 261
133 223
89 35
479 434
89 95
729 735
517 586
991 985
517 607
901 991
95 89
389 479
473 479
178 207
562 607
985 946
991 919
5 95
89 95
991 910
473 434
857 863
261 329
95 89
50 95
857 863
473 389
901 991
246 133
351 279
735 645
89 95
857 863
351 345
178 217
89 95
95 89
5 115
815 773
223 217
729 645
133 201
223 151
89 95
863 857
217 223
985 901
863 782
601 607
601 517
735 690
991 901
345 351
607 562
223 217
133 223
607 635
562 517
351 345
735 690
857 863
690 643
753 698
223 217
41 125
89 95
473 479
473 479
473 389
133 223
517 562
607 601
857 863
946 985
901 946
562 619
985 946
690 735
773 863
178 226
517 569
690 721
991 946
479 389
690 735
50 89
863 857
133 217
479 473
261 351
223 217
133 178
345 351
434 479
576 621
345 351
645 729
351 345
178 217
95 23
607 517
601 517
217 223
607 601
50 29
773 863
479 473
479 434
5 50
95 14
178 223
857 800
345 306
217 133
345 351
345 351
351 345
261 306
389 473
223 142
223 217
901 946
645 648
217 223
306 351
63 120
389 473
389 479
473 479
985 916
985 991
517 601
133 178
473 479
479 473
991 985
95 50
261 345
729 735
517 601
306 261
645 729
217 223
5 57
517 601
345 351
179 249
690 735
217 133
5 50
729 735
857 773
863 857
857 863
690 729
735 750
389 479
261 351
95 89
217 223
217 178
223 173
857 806
217 223
601 607
991 901
735 645
261 345
645 729
729 735
729 735
857 773
901 991
601 607
517 607
946 985
773 857
735 645
479 389
985 946
434 479
50 89
133 223
178 223
217 178
735 690
95 25
607 562
178 211
95 89
729 735
306 351
95 89
95 50
434 473
5 73
863 857
89 50
5 50
473 500
345 351
50 89
863 773
89 75
645 729
818 773
946 991
562 607
95 50
985 991
223 178
985 946
607 562
607 601
223 178
51 106
773 788
729 690
729 645
735 690
857 863
5 89
773 809
261 351
991 946
645 729
345 351
50 95
517 601
601 607
473 389
645 694
479 389
50 10
857 818
946 991
434 390
735 645
735 645
133 223
601 607
773 857
729 735
863 857
863 791
964 911
517 607
89 5
991 901
3 50
473 479
5 73
89 5
95 89
601 607
133 217
611 553
217 223
863 857
729 690
562 607
227 162
306 351
89 5
690 750
729 735
735 690
473 389
991 985
857 818
601 540
306 351
178 217
434 473
601 562
50 8
133 217
985 966
5 89
261 351
735 690
729 690
517 562
89 50
729 645
562 607
133 223
901 985
729 735
389 479
857 773
863 857
345 351
991 985
434 507
694 711
89 50
51 63
562 601
991 946
729 735
473 389
95 122
50 95
50 95
863 862
479 398
857 863
773 863
729 690
601 562
517 601
818 863
690 645
729 735
217 223
857 863
690 735
351 261
5 50
5 95
15 34
809 831
95 23
50 95
95 50
863 857
985 991
479 473
217 223
217 223
479 473
857 818
217 138
473 479
50 95
473 479
473 479
261 351
345 351
857 863
517 607
223 217
473 434
389 460
901 934
857 863
645 735
253 241
217 223
601 517
946 901
217 223
434 479
735 663
729 645
729 641
601 562
739 731
607 601
863 857
517 559
690 735
601 607
89 95
991 985
601 517
479 473
89 95
729 735
901 991
863 857
473 479
345 351
389 479
991 946
473 434
5 47
991 1013
645 735
735 645
389 414
991 919
95 5
479 389
261 351
95 89
946 985
601 568
773 863
217 223
937 911
223 217
735 729
479 483
351 345
479 389
665 714
645 729
306 345
479 473
660 648
985 991
991 985
601 562
601 517
133 178
306 261
863 857
645 729
223 148
1021 991
479 473
985 991
351 306
991 901
857 863
857 863
223 217
95 50
223 217
178 133
95 23
645 767
217 223
133 217
818 810
89 50
645 699
223 178
985 946
5 95
681 641
660 704
351 333
261 345
735 729
985 991
985 901
95 89
473 479
690 735
5 95
217 223
217 178
735 663
729 653
857 818
601 607
857 771
473 479
773 863
95 50
961 995
95 50
517 562
946 991
601 607
351 345
985 991
89 95
562 601
306 351
351 261
261 345
51 63
991 946
473 479
735 764
178 223
389 434
735 729
985 901
773 863
985 991
773 863
985 991
729 735
133 247
645 735
389 434
389 441
50 5
985 901
901 985
345 306
473 479
735 644
857 863
217 223
857 863
479 473
89 95
50 95
985 991
276 264
178 223
89 95
5 95
818 863
517 607
5 73
607 517
517 559
389 431
479 473
217 223
434 479
306 371
133 217
111 42
735 729
857 773
306 351
517 607
473 479
479 389
517 526
133 178
223 133
985 991
217 223
89 38
645 690
818 770
991 901
261 351
991 901
133 223
133 178
434 479
351 310
901 985
178 223
729 690
223 217
95 5
946 991
773 863
473 479
89 5
5 95
863 857
985 937
857 887
306 351
991 985
178 223
89 94
863 857
95 5
217 223
991 901
95 89
178 217
735 690
345 306
607 601
729 690
133 217
729 720
690 729
818 863
601 562
517 601
89 95
345 351
5 89
645 687
345 351
345 261
735 654
217 133
729 735
473 486
857 863
89 95
645 735
863 786
479 389
946 991
131 178
389 501
517 601
863 891
985 991
773 863
217 223
107 13
95 50
985 935
991 985
479 422
946 955
89 95
95 89
306 341
690 735
95 76
601 607
351 273
271 339
985 901
601 607
89 95
350 310
5 95
562 601
773 797
389 473
818 781
217 223
601 517
773 857
89 115
863 773
773 841
863 782
729 735
217 223
690 750
818 827
479 434
773 857
479 473
857 863
89 95
863 857
773 863
765 734
517 541
473 479
985 991
306 345
479 473
345 261
601 607
479 473
773 863
89 95
562 607
473 479
64 65
857 863
863 857
985 991
985 991
991 910
95 89
517 607
729 735
985 991
473 479
735 734
773 857
562 607
690 741
991 946
985 991
735 719
217 223
217 223
95 14
559 517
473 404
473 434
985 991
473 399
261 351
863 773
351 345
729 735
434 473
345 270
607 559
50 95
374 321
645 735
690 735
601 517
735 729
612 631
607 601
985 991
133 223
178 223
901 946
735 729
818 863
566 622
345 351
223 217
314 333
863 818
818 863
89 5
562 526
838 810
601 607
857 846
389 457
89 95
95 89
217 178
133 223
562 607
607 517
735 729
818 863
946 985
946 956
5 89
351 345
473 479
178 223
985 991
306 351
729 645
991 985
133 223
478 507
473 479
863 791
192 243
690 735
985 991
306 345
773 815
645 729
818 773
345 261
517 601
901 985
50 5
991 985
562 587
479 389
50 21
351 345
20 8
478 410
306 351
729 735
601 607
217 223
217 223
217 223
690 695
217 223
217 223
562 531
463 479
50 95
690 735
473 479
5 89
217 223
5 95
389 431
320 339
562 529
345 306
50 95
178 223
562 601
50 95
345 306
857 863
735 690
773 857
593 554
306 351
991 985
601 562
729 735
217 223
217 223
562 517
985 991
50 89
645 729
735 729
991 985
89 95
389 434
113 58
178 150
857 863
857 863
729 691
389 479
310 279
735 729
434 473
946 991
991 979
735 679
645 690
89 95
389 457
901 946
434 479
645 687
192 141
324 270
607 517
345 351
95 31
729 690
89 95
345 351
389 473
601 607
690 645
831 888
818 857
919 946
645 735
95 89
473 477
133 210
17 40
645 735
985 991
306 351
351 306
991 901
916 904
991 901
857 863
735 729
434 482
95 29
690 729
306 351
133 178
719 723
729 735
217 133
178 223
1021 953
345 306
223 217
690 735
847 851
473 479
857 863
985 901
773 818
735 690
473 481
991 985
729 645
345 351
50 17
401 506
818 857
345 351
863 773
946 901
863 773
89 95
645 729
946 897
389 443
5 89
5 50
607 517
434 389
133 166
217 204
863 818
985 991
89 50
473 479
681 708
517 607
223 217
607 619
89 95
690 729
517 607
985 991
473 434
389 479
351 345
690 735
276 320
601 607
89 50
773 863
901 985
991 946
50 5
645 758
223 178
271 339
89 50
946 991
690 735
601 562
735 729
607 562
991 946
525 619
857 863
133 223
133 201
389 434
729 735
985 991
857 818
178 164
729 735
133 178
857 818
473 479
223 217
434 479
517 562
351 306
773 857
217 223
217 202
690 729
729 690
901 943
690 696
99 60
217 178
217 223
95 93
946 991
473 479
735 658
990 911
729 690
607 562
50 94
5 95
351 279
863 773
607 512
50 95
5 95
223 133
735 663
985 991
345 306
434 479
223 133
729 735
818 790
389 434
473 479
735 645
562 607
5 100
916 960
5 89
223 178
901 985
729 735
133 217
690 678
735 729
735 729
562 596
145 137
223 142
261 345
306 351
517 562
479 509
281 350
607 601
223 217
946 991
729 735
607 601
95 50
505 467
473 434
607 562
345 351
178 223
473 479
729 735
261 345
89 50
857 773
690 645
517 633
985 991
910 901
89 5
985 991
223 178
217 223
306 351
857 810
735 729
985 944
95 50
645 735
479 389
601 517
217 191
985 991
562 607
985 991
89 95
517 607
473 479
351 345
985 991
991 985
473 434
601 607
985 991
863 839
601 562
217 223
562 569
690 735
946 991
345 351
179 238
89 95
479 434
223 217
133 178
991 985
773 863
473 434
261 351
946 957
734 654
985 928
946 991
946 901
607 562
562 607
645 690
217 223
729 735
479 389
517 601
946 991
473 479
50 5
690 735
517 607
389 473
89 95
222 137
857 818
863 773
601 607
863 857
901 946
223 187
178 133
345 261
607 627
517 585
690 668
217 223
857 802
389 398
946 991
857 818
434 479
345 261
729 690
729 735
17 39
857 863
857 863
601 607
985 991
863 818
261 351
690 735
434 479
223 142
95 89
517 562
985 901
389 473
773 863
729 735
991 985
863 818
434 508
133 178
89 95
985 946
607 517
345 306
178 223
645 735
89 5
473 479
473 479
991 946
50 89
239 170
89 95
95 89
5 18
556 562
562 607
345 351
991 946
729 645
735 729
261 345
735 729
389 479
89 50
863 818
351 269
306 287
89 50
729 645
389 479
562 587
911 975
773 857
517 601
645 690
5 50
17 22
729 735
562 607
133 223
95 89
773 857
729 690
452 425
473 479
217 223
217 223
818 863
389 479
178 223
606 559
345 261
863 847
991 985
562 607
50 95
223 217
217 178
5 95
735 729
351 345
985 896
5 95
80 50
729 735
234 133
223 217
901 991
345 351
89 95
170 132
217 223
562 607
818 857
601 607
901 978
306 351
857 863
985 991
887 891
529 521
857 818
601 607
818 857
133 223
89 95
857 852
946 991
985 991
389 384
857 773
223 217
985 991
529 637
223 217
133 223
89 95
606 582
863 857
773 844
729 735
729 690
389 485
89 5
434 479
178 133
913 1019
607 601
50 23
226 211
223 133
351 306
690 729
735 729
857 833
690 735
863 782
479 434
178 217
178 223
473 479
377 334
601 517
261 351
735 729
95 89
703 736
857 863
645 713
901 946
50 5
607 517
89 50
690 735
389 479
645 735
985 991
479 473
95 89
89 95
517 601
217 133
607 562
320 311
223 217
645 735
773 863
937 934
89 50
729 735
601 607
679 729
89 95
773 841
729 735
601 607
985 991
95 89
913 946
517 572
473 479
351 345
645 701
863 773
178 223
217 223
517 607
351 261
773 819
345 306
773 863
401 384
985 946
773 857
5 95
901 991
857 863
209 228
434 473
901 946
434 479
217 178
985 991
729 735
95 71
261 351
601 607
863 818
473 434
601 517
729 645
95 89
562 607
735 729
223 178
773 841
607 551
434 473
261 351
50 5
562 607
985 991
5 95
601 625
985 946
729 735
345 306
50 95
735 645
562 607
601 607
562 607
89 95
89 95
818 863
517 585
893 851
95 50
178 223
270 261
434 479
985 991
863 773
913 980
985 946
479 467
306 351
89 95
985 946
857 863
473 479
502 449
89 95
645 735
562 607
729 645
50 95
217 223
479 434
735 690
479 389
217 223
50 95
261 345
857 770
607 601
818 863
517 607
773 863
601 607
991 901
901 991
964 1017
217 178
526 562
991 985
351 306
691 682
58 106
5 95
863 857
863 773
306 351
133 223
729 690
95 89
50 124
133 223
306 294
95 50
479 473
297 324
991 946
601 562
657 746
729 645
217 223
389 434
217 223
178 223
729 735
735 645
479 389
946 991
389 479
133 178
735 729
901 959
645 735
50 89
991 985
863 818
607 562
133 178
389 473
95 23
773 857
473 479
645 690
89 50
690 735
818 863
729 642
946 913
389 479
601 607
223 178
690 645
261 351
89 95
434 479
703 736
223 217
95 89
50 89
690 735
946 991
223 217
857 885
645 690
690 729
607 517
351 261
17 79
5 50
5 95
729 735
690 645
473 479
133 223
95 89
434 479
306 261
223 217
351 279
857 863
735 645
970 996
818 863
169 219
351 345
773 881
95 89
601 517
217 223
857 863
577 521
881 826
473 479
607 601
818 863
857 863
991 985
645 735
735 719
5 89
345 306
517 562
223 245
306 273
818 773
223 217
735 663
473 479
773 863
89 95
434 479
89 95
95 89
863 773
143 207
484 398
735 645
645 690
985 991
946 991
863 818
735 690
773 863
735 690
991 985
863 857
690 645
607 562
985 991
95 50
773 863
857 863
517 559
351 345
773 818
863 818
261 345
223 217
351 345
729 735
773 857
306 330
345 351
133 246
217 223
863 773
389 479
479 434
601 607
601 604
95 89
818 863
261 351
50 5
863 773
89 95
251 247
901 991
223 217
133 178
881 824
607 601
223 133
100 119
5 89
863 818
133 223
479 473
133 223
479 389
729 735
517 601
857 863
729 735
178 133
991 900
434 479
985 991
217 223
345 351
95 89
434 389
729 735
351 261
434 389
773 863
89 110
186 152
5 95
863 832
95 54
562 517
645 687
607 601
261 351
306 351
985 901
434 473
735 729
863 782
473 434
901 991
95 50
178 222
729 645
690 645
889 828
985 991
345 351
306 345
89 94
261 306
345 351
729 735
389 479
857 863
863 773
389 467
473 479
133 217
863 791
473 479
133 223
389 431
89 95
89 95
5 95
473 434
211 239
818 863
345 351
89 50
178 223
473 389
857 773
601 607
601 562
562 530
473 479
818 857
735 645
601 607
473 479
479 434
50 95
50 95
601 607
389 404
89 95
985 910
306 313
217 133
351 306
479 473
217 223
867 890
345 306
89 95
20 8
735 690
946 985
217 178
773 863
719 703
818 773
473 479
95 89
991 901
690 735
479 450
345 338
306 261
473 479
351 261
502 449
345 351
863 857
985 991
217 223
517 607
857 863
95 5
479 461
562 607
89 95
735 715
351 306
985 991
434 479
434 473
601 607
5 89
217 223
50 95
991 973
517 585
946 991
946 940
434 467
306 350
729 735
863 857
960 990
863 857
857 863
893 827
580 526
133 175
690 735
985 950
479 473
517 607
95 5
901 985
434 441
261 330
735 729
345 306
868 887
901 985
89 95
946 901
857 870
178 223
133 223
729 735
645 729
601 562
857 773
434 479
901 991
946 901
729 645
576 588
223 217
527 595
5 95
345 351
306 351
901 991
735 729
517 601
89 50
985 991
401 479
863 773
434 479
1021 1013
809 841
261 351
479 455
351 261
863 818
857 808
773 863
645 735
607 601
79 63
729 735
991 985
345 351
857 863
729 735
95 89
946 991
729 645
223 133
946 985
50 89
133 217
735 690
89 95
50 95
434 479
345 350
5 95
479 473
306 261
447 504
345 351
729 735
217 223
985 991
223 147
223 178
473 479
434 479
228 179
985 991
473 479
818 863
261 351
857 863
95 23
95 5
89 50
645 735
655 723
517 607
389 431
50 95
601 607
94 124
50 95
473 479
133 178
611 605
217 223
517 607
434 479
938 947
389 431
729 735
241 169
89 95
261 335
95 5
601 607
773 857
351 345
100 14
729 645
729 747
95 75
95 23
788 832
863 893
5 95
517 607
50 5
434 479
601 607
735 729
345 351
5 95
479 473
863 818
517 601
607 601
690 645
735 729
345 261
89 5
434 479
5 89
434 479
479 434
178 133
562 607
601 562
178 133
971 985
901 946
246 239
857 863
217 178
607 562
473 389
261 333
50 125
133 223
367 326
434 389
178 141
351 306
601 607
729 668
991 985
857 863
601 562
901 946
479 434
178 223
607 601
985 991
261 351
607 517
133 217
89 50
517 562
223 217
645 735
991 946
601 607
5 95
735 690
735 645
655 719
5 89
901 900
261 306
351 345
562 517
985 991
121 83
735 690
479 473
611 600
206 217
985 991
901 991
473 479
863 857
946 991
89 95
345 351
351 345
607 562
985 991
178 223
985 991
303 276
645 713
985 946
306 345
95 5
217 223
901 946
306 351
345 306
645 687
773 863
601 607
946 961
698 669
729 735
261 351
985 946
351 306
946 991
479 434
95 89
217 223
819 785
473 479
901 985
351 279
985 991
223 133
735 729
217 223
473 479
985 991
54 2
5 83
345 340
735 729
479 473
178 156
645 735
735 729
17 1
601 607
690 735
5 89
991 901
198 170
95 5
351 261
562 601
735 729
729 735
735 690
729 735
479 434
5 95
773 818
645 735
857 863
857 818
863 818
178 241
818 863
351 273
818 863
479 389
50 89
217 178
306 351
950 946
857 863
306 351
306 261
818 857
95 5
985 991
473 479
5 89
863 857
261 306
217 204
729 690
5 95
729 735
690 697
946 974
690 645
89 5
133 217
937 939
473 438
261 351
690 682
351 261
857 773
735 690
517 607
645 690
937 912
607 562
95 89
690 735
735 690
735 729
5 50
562 601
773 863
985 901
306 351
5 95
773 863
306 351
217 198
991 946
223 178
735 729
601 607
517 607
351 306
223 133
479 389
217 223
985 991
217 223
217 223
901 962
985 991
389 434
601 607
223 133
729 735
89 95
261 351
612 631
351 306
901 985
601 607
991 985
863 818
832 851
306 269
601 607
517 601
857 863
473 479
946 991
217 223
985 991
818 773
246 224
857 863
217 173
89 95
261 306
818 863
223 217
991 985
991 919
473 434
217 178
729 690
178 142
178 244
575 591
735 718
223 133
809 862
601 562
261 351
729 690
607 562
773 857
562 517
473 479
562 607
217 223
562 607
607 601
682 691
261 345
818 863
473 434
345 351
389 434
389 473
991 919
345 351
630 554
50 95
517 607
473 479
95 89
95 89
389 473
223 217
178 223
946 901
576 595
901 969
985 901
985 991
901 975
434 479
389 431
857 863
261 351
946 985
607 562
5 89
991 946
351 261
601 562
306 351
479 473
351 306
773 863
601 607
473 479
705 765
306 261
95 89
351 306
89 5
223 142
473 479
5 95
516 562
113 58
863 864
261 351
479 434
401 464
464 434
562 607
818 857
601 607
178 244
217 178
601 607
95 89
735 645
133 223
991 985
690 735
434 473
735 718
735 729
985 991
133 223
473 479
863 813
217 133
985 991
946 991
729 690
95 117
223 151
773 863
735 645
483 496
50 89
351 345
985 946
473 479
133 223
735 645
217 223
773 863
985 991
735 645
261 306
223 178
607 526
773 818
345 306
217 223
985 991
991 985
352 350
95 89
985 946
100 119
954 1009
133 223
653 747
95 50
351 345
601 562
217 223
5 73
991 946
223 217
5 89
89 5
178 133
901 991
223 142
645 735
901 991
345 351
857 818
5 95
473 479
434 473
178 223
473 389
863 782
946 991
434 389
729 645
306 345
223 217
729 735
773 857
133 217
729 663
5 89
857 863
735 690
690 735
351 307
818 845
863 779
818 863
473 389
389 479
729 735
217 223
5 95
645 735
381 286
133 217
619 525
818 825
991 985
473 488
70 42
178 223
601 607
773 863
479 434
217 223
178 217
985 943
645 729
89 95
690 729
389 473
747 645
607 601
5 95
434 479
517 562
946 934
95 89
773 863
729 735
645 735
601 607
601 517
133 178
601 607
95 50
434 479
735 690
133 223
5 89
479 473
773 841
345 256
223 177
133 178
607 601
729 735
964 911
607 601
345 351
690 735
862 776
901 946
351 264
217 178
345 351
578 517
946 901
89 95
601 532
601 542
434 479
434 479
601 607
785 786
351 261
95 5
946 991
645 690
735 690
985 991
735 729
601 622
50 95
691 718
901 991
434 479
178 147
217 178
351 306
473 479
217 128
5 89
178 223
178 223
601 585
351 345
818 867
89 95
261 306
306 261
306 261
985 946
607 601
345 306
593 554
517 562
833 769
89 95
985 946
306 261
568 517
95 5
740 759
345 351
261 351
607 628
479 473
601 607
261 351
345 306
601 607
985 991
133 222
857 863
735 762
901 946
645 690
729 735
389 413
818 773
306 351
479 434
517 562
95 89
985 991
601 543
351 261
133 223
601 607
5 95
133 175
729 735
261 351
857 818
217 223
863 773
863 818
389 464
335 310
729 735
133 223
517 601
178 223
857 773
857 818
479 434
690 735
645 729
576 525
857 863
946 989
345 351
389 441
479 473
645 729
857 773
690 729
473 479
773 863
601 607
5 115
690 735
955 976
773 809
857 788
570 587
901 946
857 781
863 857
50 13
178 223
217 223
607 562
479 473
517 607
133 223
473 479
946 906
479 473
50 5
479 389
517 607
901 943
351 270
607 601
483 436
985 991
89 95
95 89
991 901
690 735
89 5
345 351
5 50
473 479
479 473
261 351
607 601
690 735
50 93
991 946
351 306
562 607
601 517
389 434
178 223
473 434
901 946
217 223
217 223
607 601
735 729
645 729
389 479
89 95
601 607
89 50
217 178
235 228
729 751
991 901
857 863
517 607
735 645
857 818
41 74
145 208
434 479
863 818
479 473
818 773
601 607
991 985
517 607
690 645
773 857
863 773
95 50
729 645
985 991
729 645
991 985
607 601
351 306
562 607
773 863
473 479
985 991
473 479
773 815
5 101
89 50
601 562
223 133
261 351
517 559
645 735
645 729
345 351
178 249
985 946
223 178
95 89
351 345
818 886
690 729
985 991
89 5
729 690
729 735
985 991
857 863
729 735
306 261
479 389
217 223
473 479
345 261
351 279
857 863
50 95
306 326
773 863
351 345
50 89
133 149
690 735
479 473
133 217
863 857
261 351
306 261
95 89
473 389
818 775
217 234
345 351
735 690
985 946
50 95
178 154
389 431
50 57
818 816
991 946
473 479
223 178
473 389
946 985
601 607
217 178
223 133
351 261
306 371
133 223
857 863
178 223
729 690
178 166
162 193
217 178
306 351
50 89
351 345
601 517
484 435
434 392
562 601
901 991
735 729
223 217
133 217
985 946
690 729
901 985
818 857
863 818
5 47
863 867
735 645
479 434
601 607
735 729
881 826
389 473
223 169
517 607
178 223
345 351
95 89
351 306
729 735
473 479
901 969
645 735
351 345
306 351
217 243
389 479
434 404
223 217
217 199
517 562
863 857
735 729
223 133
5 50
345 351
473 479
985 991
345 351
133 217
901 985
857 863
473 479
178 223
946 901
95 89
690 735
607 601
517 562
41 68
95 92
562 607
351 345
331 261
985 946
857 773
735 690
645 735
562 538
479 402
261 345
306 351
223 217
345 351
50 102
217 223
186 152
473 479
133 244
50 95
363 275
863 786
985 929
562 517
690 735
773 863
735 645
479 434
473 389
773 863
901 991
946 934
479 473
818 863
857 863
985 936
818 773
133 209
729 716
901 985
178 223
89 23
217 223
857 863
217 178
306 345
995 1011
601 607
217 178
89 95
5 95
991 901
389 479
479 434
991 985
529 574
645 729
946 991
178 223
857 863
607 601
857 863
857 863
991 985
690 735
351 261
178 223
901 991
645 729
5 89
261 351
562 607
479 389
645 690
645 690
729 735
985 991
95 56
857 818
178 223
690 729
178 223
729 655
352 277
729 735
351 345
95 89
306 351
863 773
818 857
473 479
818 785
985 991
479 473
690 735
991 946
857 784
901 991
729 690
645 729
95 5
473 479
223 151
306 261
95 5
690 735
645 735
306 328
351 298
306 351
95 89
818 863
735 690
217 178
729 690
901 991
645 734
773 868
351 375
985 946
735 729
729 690
95 89
857 863
607 601
389 479
863 782
223 217
735 729
345 261
345 351
857 818
95 5
479 434
95 48
89 95
517 601
261 303
690 660
217 223
434 473
735 729
351 345
479 473
217 223
345 351
261 326
690 729
223 217
178 223
857 863
735 690
946 896
89 95
901 971
818 810
434 389
54 50
601 517
89 5
479 389
946 991
145 237
434 479
901 991
736 740
306 351
773 863
473 434
630 525
217 133
89 95
818 773
389 434
863 818
505 462
89 95
345 306
863 867
345 261
863 857
389 479
306 345
901 991
217 223
306 261
121 82
438 437
89 95
261 351
818 863
991 901
630 554
729 735
249 183
473 479
89 82
607 535
645 715
517 601
857 860
985 991
645 735
223 133
5 77
345 351
306 351
601 607
946 991
217 223
601 587
479 473
818 863
434 469
773 863
434 389
89 95
690 735
434 509
473 479
729 735
607 601
5 95
389 473
645 735
818 863
479 402
89 95
223 178
601 563
857 863
306 345
818 863
563 517
735 729
89 95
857 773
5 95
50 95
645 735
217 223
991 985
562 607
985 991
857 863
434 389
217 178
345 339
345 313
690 645
133 217
985 991
645 746
601 607
133 178
562 517
773 867
473 479
729 645
985 946
89 95
345 261
133 175
857 863
95 89
434 479
863 773
690 744
601 607
562 607
601 523
5 47
217 223
223 217
517 607
121 24
773 841
831 864
773 818
946 901
1002 955
690 735
857 839
178 133
735 729
133 223
818 863
178 223
818 812
261 351
434 479
607 601
562 607
562 607
191 248
690 735
645 735
89 5
89 95
434 389
532 576
351 381
901 985
261 350
857 863
735 729
223 217
729 737
473 479
901 991
901 991
735 690
857 818
5 95
729 645
351 345
601 607
946 901
89 95
690 729
517 601
991 985
863 866
473 459
479 401
607 562
50 10
857 788
729 690
5 95
217 223
901 946
306 261
89 95
479 473
901 991
434 493
985 991
901 975
434 482
473 434
89 95
306 261
5 89
857 784
89 95
654 721
5 50
95 89
991 985
434 473
818 857
50 5
473 479
991 901
946 1013
607 601
857 863
991 901
562 607
562 607
985 946
601 607
50 95
473 479
517 585
601 607
735 645
142 223
985 901
645 687
351 345
5 89
306 351
434 389
306 279
133 223
345 351
735 729
478 409
863 773
863 857
607 630
261 345
857 773
729 735
479 473
94 89
5 47
601 562
645 681
298 307
857 863
863 773
217 223
601 607
857 863
566 578
562 607
404 505
389 479
95 50
645 735
217 133
261 306
946 922
5 95
95 50
389 479
575 517
863 857
601 607
607 601
682 691
607 517
601 607
735 729
217 178
863 818
217 223
562 601
223 217
818 787
89 95
773 863
95 5
473 479
645 729
601 607
133 238
351 345
345 351
735 645
217 133
50 95
223 133
217 223
223 193
517 607
857 863
306 345
89 95
607 535
916 960
89 95
985 946
857 863
607 562
857 863
857 863
690 729
729 735
818 773
985 991
96 127
607 601
857 863
95 23
306 351
473 479
601 607
863 857
645 735
473 479
479 434
261 329
690 735
517 607
863 857
261 351
345 351
729 660
985 946
901 991
479 407
345 306
857 863
773 863
819 790
473 389
901 943
735 645
133 178
345 351
434 389
95 89
645 660
217 223
351 261
5 50
863 857
223 178
710 746
857 863
217 223
306 351
735 657
586 612
607 562
601 517
729 735
95 50
735 690
630 554
50 95
735 729
345 351
345 351
985 991
601 554
863 791
601 607
857 863
306 351
729 735
351 306
223 151
601 607
178 223
434 479
901 991
601 607
735 690
217 223
389 434
857 773
223 133
735 645
857 863
576 634
473 479
517 601
985 946
351 345
857 818
562 601
473 477
345 261
901 985
345 351
818 773
95 23
553 582
857 852
389 479
946 932
345 351
261 303
381 351
735 729
735 645
601 607
223 217
89 95
818 863
863 857
857 863
901 985
562 557
480 440
863 773
178 223
133 175
5 50
89 5
645 735
5 89
95 89
517 562
818 824
863 857
479 473
863 818
324 297
773 815
306 351
562 607
345 306
178 133
818 857
389 479
562 530
345 261
95 89
729 690
65 57
217 223
473 479
473 479
261 351
857 818
562 607
5 50
217 223
178 133
818 863
261 351
946 991
517 635
985 901
857 863
223 217
946 991
607 517
985 991
946 985
335 352
217 178
690 735
985 991
901 991
690 735
991 901
635 631
223 217
991 901
729 758
345 350
5 81
729 735
863 773
735 690
946 991
937 1013
389 479
133 223
353 345
773 785
601 607
345 306
351 345
735 729
946 985
434 479
991 985
901 991
601 607
562 607
434 389
178 217
985 901
699 645
901 991
857 789
261 351
89 95
985 991
938 947
89 95
607 601
946 901
306 351
607 535
133 223
991 953
857 863
818 863
937 919
991 901
217 133
345 306
735 729
946 991
857 818
178 159
645 735
729 645
223 217
857 863
89 95
517 562
5 95
306 284
729 735
89 95
434 483
351 270
89 95
479 402
985 991
95 14
818 863
562 628
857 818
991 985
479 473
517 562
306 345
946 985
857 863
345 261
562 601
985 901
607 517
946 991
729 735
857 818
601 607
901 912
223 133
351 345
345 351
857 818
473 479
901 985
645 687
95 89
345 351
389 434
729 735
729 690
41 68
991 985
991 985
818 863
345 351
645 690
389 473
178 223
50 89
857 863
991 985
95 89
863 857
133 246
690 735
601 563
607 562
306 358
729 735
735 729
473 389
223 133
345 261
601 607
209 228
985 991
729 645
133 201
826 881
729 735
223 217
857 863
901 985
261 345
729 735
345 351
857 834
351 345
818 857
473 479
517 601
825 818
562 607
64 83
479 473
217 235
95 89
5 95
601 607
345 351
389 473
374 298
601 565
345 351
601 607
735 645
473 434
389 473
985 991
729 735
517 607
217 203
434 479
479 473
306 261
261 341
261 306
729 735
607 562
473 479
735 729
217 133
857 798
389 479
50 89
434 479
690 645
479 389
690 735
379 375
178 217
473 479
473 415
320 339
517 562
885 863
133 217
517 601
89 5
946 1003
857 818
773 841
473 479
729 735
690 729
562 607
458 484
735 763
607 601
178 223
479 434
479 473
270 356
261 351
937 935
601 607
351 345
991 919
645 729
901 991
425 452
5 89
320 319
818 857
434 389
773 857
178 203
529 526
345 306
863 782
857 863
95 89
351 345
946 985
5 95
133 182
95 89
863 818
89 50
435 444
985 991
95 89
217 133
607 517
178 223
857 818
217 223
217 178
5 77
601 607
5 57
857 863
5 95
901 985
95 54
607 601
351 345
729 645
818 863
857 863
345 351
261 351
735 729
351 345
223 225
598 601
351 345
863 857
729 645
217 223
991 970
479 389
601 562
175 133
773 857
991 985
985 991
479 473
729 645
133 217
95 89
607 535
345 351
562 529
345 351
773 886
735 729
991 985
133 178
690 762
479 473
946 991
690 714
562 601
95 89
261 351
773 863
863 857
434 500
758 705
351 306
217 225
985 992
946 991
133 217
261 339
517 585
729 645
306 351
5 95
601 607
985 991
223 178
354 366
857 863
5 95
351 345
479 473
607 554
478 451
5 95
345 261
178 217
399 418
729 735
601 570
735 729
95 89
608 591
857 863
863 818
607 601
773 863
217 178
351 345
389 479
473 389
434 479
473 479
841 773
89 5
947 929
857 863
217 178
729 735
946 991
645 690
50 95
901 991
729 645
601 562
479 389
607 601
217 133
857 813
223 251
893 863
95 89
217 223
735 729
178 223
901 991
5 95
645 735
946 901
296 306
399 418
42 51
985 959
857 825
901 985
306 351
217 223
351 345
95 50
991 989
479 407
42 51
306 310
818 857
818 857
473 479
735 690
399 434
447 426
381 323
223 217
729 645
223 217
351 270
991 946
991 901
857 818
985 991
601 562
729 690
657 687
857 818
735 690
901 946
351 345
50 5
735 690
178 223
863 773
517 594
434 479
991 1019
89 50
946 980
89 95
473 389
89 50
178 223
735 690
261 303
735 723
223 217
182 251
306 261
261 297
857 863
389 479
306 351
434 389
818 863
178 185
517 559
473 493
729 645
479 389
145 211
178 217
891 887
818 869
729 690
473 389
434 479
946 991
133 178
434 479
857 863
473 479
389 431
223 217
434 479
351 345
562 601
979 911
217 178
473 389
901 985
14 81
735 729
345 261
857 863
729 725
729 735
89 54
690 729
479 389
351 270
89 56
829 893
434 479
729 735
345 351
729 735
517 607
946 991
729 735
95 5
479 434
857 863
863 857
306 351
562 601
5 95
187 208
562 551
901 991
946 901
735 645
857 818
773 863
473 479
554 563
473 479
517 607
223 217
473 434
985 991
306 351
249 207
261 351
217 133
306 261
645 729
601 607
729 690
479 407
434 479
133 223
901 985
306 351
345 351
857 818
916 904
687 645
857 863
89 50
479 434
425 406
217 223
857 853
729 735
985 927
223 217
209 170
345 351
985 991
345 351
89 50
223 133
345 351
50 99
345 351
95 5
50 89
729 735
89 95
479 389
345 261
5 74
735 729
345 306
89 5
607 601
857 863
991 985
818 842
991 901
782 849
217 223
532 576
473 479
95 77
426 495
95 105
473 389
979 1002
601 562
857 863
133 223
5 111
217 223
89 95
601 588
133 251
95 89
946 991
217 223
89 95
601 517
729 690
645 729
389 479
235 248
50 95
773 818
389 434
857 863
133 154
261 351
517 607
818 863
479 473
607 562
819 868
863 791
50 95
473 389
773 875
687 645
50 95
863 857
645 729
863 857
261 345
217 178
223 217
985 991
889 780
479 389
607 562
178 217
901 969
473 479
660 648
985 1019
479 434
217 223
977 996
310 380
729 690
345 320
351 261
857 818
217 223
95 89
601 607
863 818
261 351
178 176
857 863
607 601
562 601
5 95
389 479
517 607
473 479
454 459
345 351
690 735
5 89
991 985
946 991
473 389
863 782
351 345
473 434
217 223
351 270
863 857
517 559
351 345
351 327
467 434
735 679
306 321
818 773
273 313
818 863
729 690
735 645
94 25
5 95
773 863
479 473
857 818
178 255
857 863
901 991
985 901
473 479
773 818
729 645
607 630
5 95
863 773
606 591
607 562
857 863
5 89
901 985
178 223
473 389
95 50
857 863
95 71
89 77
479 473
89 95
434 389
601 562
434 420
133 248
985 991
50 5
735 690
735 729
690 645
5 50
818 863
5 50
857 773
306 351
607 562
607 601
95 89
223 217
473 434
217 133
985 991
473 479
321 290
434 479
245 178
89 95
607 517
89 5
863 857
729 735
985 901
517 607
857 818
857 773
223 149
143 211
729 735
95 23
389 479
991 985
41 79
562 607
773 863
863 768
351 345
434 479
645 735
389 479
729 645
223 133
217 221
517 585
818 773
261 333
857 818
223 178
223 217
345 306
223 217
601 607
836 783
404 507
351 345
607 601
389 473
345 261
985 991
773 857
125 41
223 133
985 991
991 901
916 904
5 73
434 401
178 223
479 434
473 479
735 645
479 473
95 89
133 217
306 345
217 232
985 991
217 223
351 306
89 95
89 50
261 379
261 345
133 201
479 473
601 607
729 648
95 5
223 217
773 857
479 434
345 351
601 517
991 901
345 306
50 95
562 517
818 814
306 358
434 479
178 156
645 735
991 901
5 50
950 905
479 473
95 5
473 479
217 223
389 475
985 991
645 729
863 857
345 306
985 991
479 473
690 724
991 985
991 985
306 261
473 479
178 133
479 434
607 562
345 351
95 5
217 212
89 95
857 863
607 517
345 306
133 178
704 753
607 601
473 479
946 910
517 562
765 678
601 607
5 95
5 50
217 196
729 645
5 95
863 773
473 389
133 178
562 607
735 690
985 991
345 351
985 991
217 223
89 95
729 645
690 735
773 863
881 826
985 938
985 901
351 306
369 314
635 517
773 893
690 735
863 857
901 985
473 434
946 991
351 306
95 5
223 211
178 133
306 345
473 434
473 479
169 187
857 773
601 607
901 946
788 776
133 217
223 217
645 735
607 601
527 591
351 306
607 601
645 729
729 735
306 261
178 133
729 690
991 946
217 223
690 729
217 223
773 818
729 735
773 863
607 562
601 607
857 818
473 476
345 261
89 95
773 857
345 306
345 261
479 389
95 50
991 901
5 73
645 729
5 95
133 223
729 735
95 50
857 863
857 860
261 329
985 991
562 522
306 351
729 735
690 692
607 517
857 773
729 735
178 223
50 89
345 351
389 473
857 863
735 690
261 355
223 217
479 389
89 116
473 389
601 538
735 663
351 345
729 735
479 407
50 95
857 818
991 985
901 991
609 553
690 735
389 479
729 645
223 133
345 351
517 559
729 735
223 217
345 351
517 601
345 306
223 133
601 550
946 985
217 223
729 735
133 178
901 991
863 773
133 223
991 946
818 841
89 50
261 306
345 306
276 377
946 991
50 89
351 345
89 5
607 601
735 694
991 985
985 991
563 521
89 95
473 479
89 95
261 306
502 426
901 943
901 985
473 479
793 874
217 223
562 555
5 95
901 991
351 270
223 151
735 690
191 207
988 946
223 217
217 223
217 223
133 223
985 991
601 562
473 434
247 186
261 306
95 89
601 607
95 50
607 601
223 217
178 223
479 389
261 351
235 141
95 5
773 863
601 607
178 180
217 133
729 645
729 735
985 991
735 729
351 337
217 133
601 607
345 306
217 223
601 562
863 798
991 992
773 815
901 946
50 83
735 729
306 261
729 735
729 735
607 601
601 607
217 223
985 991
337 261
985 991
5 95
946 991
95 89
857 863
517 562
331 345
1003 909
991 985
434 479
178 133
645 690
20 64
735 696
562 517
351 261
50 95
645 713
5 95
5 95
946 991
985 991
773 857
345 306
479 473
356 375
178 133
95 23
729 735
345 306
863 773
562 607
345 306
735 663
50 95
818 863
901 991
946 985
89 50
901 991
351 345
863 773
991 985
306 378
89 95
863 818
901 946
985 991
562 607
601 607
773 841
773 863
217 178
223 133
351 345
5 95
351 261
985 946
601 607
306 351
773 863
690 735
735 645
133 223
484 503
89 5
133 201
351 345
773 857
517 562
735 645
306 351
54 66
503 507
832 851
223 217
89 95
89 95
434 479
223 170
351 306
434 481
601 607
517 562
95 50
991 970
607 601
473 428
601 607
946 991
857 863
217 223
223 217
133 178
217 223
133 178
985 991
217 178
991 985
389 479
389 407
473 479
645 688
473 434
818 863
479 398
345 351
223 217
863 782
991 985
50 95
50 95
99 53
991 985
306 351
863 857
261 345
729 735
601 607
690 729
345 351
601 607
217 133
145 223
473 479
995 975
377 298
729 735
818 863
223 178
261 345
729 735
434 389
5 89
217 178
517 562
217 223
901 985
50 95
497 442
345 351
991 901
517 559
863 818
517 607
473 389
479 473
389 431
607 562
479 473
645 729
857 773
863 857
473 389
729 735
593 554
985 901
735 645
818 863
223 217
473 479
345 351
479 434
54 26
261 345
946 991
735 690
729 735
562 607
985 901
607 562
690 735
261 345
217 223
645 691
306 351
607 520
729 690
991 910
562 607
562 607
985 991
901 985
735 723
5 47
473 434
473 389
389 479
50 89
860 863
901 931
133 223
345 351
223 142
891 779
601 607
729 735
50 89
434 479
901 946
863 791
773 857
5 89
818 863
345 351
601 607
517 555
607 517
217 223
95 89
345 351
601 607
345 306
782 868
857 818
773 862
345 306
50 95
50 95
89 95
601 607
690 735
985 991
601 607
607 601
178 154
645 735
479 473
178 223
5 95
389 479
868 782
991 985
217 223
985 991
946 969
178 133
473 389
517 607
50 95
690 735
223 217
985 991
345 351
729 735
645 735
729 735
601 546
223 142
901 985
645 765
857 834
773 857
434 439
352 310
517 607
479 389
473 479
991 901
50 73
946 991
991 910
901 985
223 151
985 946
690 721
601 607
946 991
991 919
89 95
217 223
773 818
345 351
473 479
261 345
660 645
133 223
473 434
5 50
182 205
89 5
133 223
863 785
946 991
645 735
901 946
473 389
607 601
946 948
350 324
345 351
473 434
345 306
5 95
389 434
773 857
773 776
178 223
345 306
23 95
217 223
735 645
607 562
95 89
95 50
645 735
306 261
351 345
607 601
306 351
89 95
857 863
773 818
89 95
473 479
217 223
517 618
901 991
818 863
5 94
818 796
95 89
517 559
89 5
517 601
50 95
946 991
863 782
89 5
818 857
217 223
527 595
729 682
562 607
857 863
217 223
773 777
473 479
735 645
863 818
89 95
178 238
351 279
601 607
645 650
95 18
645 729
773 841
857 863
517 601
479 398
479 473
434 479
89 95
946 939
434 389
985 901
434 479
985 991
985 991
901 991
178 145
946 901
985 991
351 345
261 379
389 434
351 345
434 431
217 223
473 389
89 68
133 223
95 89
529 610
607 562
89 95
607 562
217 178
56 13
946 991
517 601
479 389
178 223
351 345
178 223
601 562
50 89
985 991
690 735
217 223
857 863
389 455
389 479
857 863
818 785
735 729
178 133
863 818
991 901
297 373
473 479
607 634
735 663
186 241
5 89
985 946
351 306
517 601
89 95
169 198
818 863
601 607
601 607
735 645
389 479
985 991
819 773
389 473
946 979
773 863
517 601
217 223
89 5
601 607
863 857
89 95
690 729
50 95
261 303
857 863
601 607
773 863
985 991
5 50
562 607
345 351
991 985
857 863
517 601
607 562
517 629
863 791
985 901
985 1010
223 217
863 818
89 95
261 351
863 857
863 818
217 223
95 89
601 607
901 991
735 729
345 351
601 607
773 863
863 851
601 607
607 601
857 863
946 991
89 5
89 95
818 863
901 991
351 345
306 351
89 50
822 791
178 223
857 773
690 735
261 306
479 434
345 351
398 465
479 389
818 863
95 89
133 223
607 601
95 50
89 95
607 601
473 389
223 133
857 863
857 863
991 985
434 389
425 463
901 946
863 818
389 508
901 991
351 261
473 479
5 89
991 901
479 389
434 479
89 95
95 89
345 351
607 526
42 111
773 857
562 607
217 223
562 530
645 735
773 857
562 517
50 89
483 468
345 306
773 818
946 991
389 479
809 838
607 517
740 759
223 133
857 773
818 863
995 975
517 601
946 991
818 863
985 991
479 398
818 863
345 261
857 773
271 339
351 345
991 901
721 682
985 991
863 857
985 946
562 601
133 223
645 729
729 735
95 89
991 946
946 991
306 351
473 479
517 607
261 303
217 223
133 196
178 223
607 601
729 735
345 261
729 735
89 95
223 178
580 553
133 223
991 901
985 946
857 863
857 850
217 223
95 5
223 206
946 901
773 863
946 985
607 517
985 946
95 23
601 607
607 562
404 448
729 645
473 479
729 735
345 306
735 690
217 223
178 133
95 89
857 773
992 955
991 901
607 611
773 863
735 690
50 95
351 306
735 729
345 306
113 58
562 589
261 306
178 133
50 95
448 408
95 50
729 645
985 901
985 944
389 479
690 735
645 729
217 223
729 735
306 259
985 991
50 17
818 863
223 178
95 89
946 901
735 645
473 479
773 857
950 925
95 50
351 345
985 946
517 607
5 89
607 530
607 601
217 223
133 223
217 151
857 863
721 682
857 818
818 857
483 449
857 863
351 306
217 223
601 607
351 306
503 507
985 901
473 479
857 863
831 864
818 790
434 465
217 178
857 886
735 690
345 371
42 51
473 479
389 473
351 345
261 306
818 863
773 818
735 690
645 735
863 773
217 133
223 211
946 991
985 978
735 663
773 863
223 217
479 434
901 946
857 773
562 550
857 818
133 223
434 479
95 89
95 56
223 217
735 663
223 178
89 95
345 332
479 389
857 863
15 83
306 351
434 389
901 985
178 223
50 71
832 796
434 479
389 479
765 767
729 715
729 735
434 389
133 217
729 735
217 178
863 857
50 95
306 351
901 946
89 95
785 803
389 434
217 178
5 95
601 562
473 479
607 601
95 89
863 773
434 479
607 517
577 601
901 952
223 133
345 351
729 645
63 42
89 5
434 473
729 690
217 223
479 434
991 985
562 631
911 979
223 217
193 238
607 595
68 41
735 691
89 50
217 178
857 863
562 517
133 223
773 857
5 89
169 198
645 690
645 723
345 351
690 645
818 857
857 773
133 178
863 857
217 223
985 991
991 946
479 473
448 392
946 926
223 217
601 607
89 95
479 473
351 345
389 434
729 735
946 985
645 729
991 901
782 849
345 351
735 729
946 991
901 946
351 270
89 5
607 601
818 807
50 45
735 645
645 714
607 517
89 95
223 151
95 89
95 50
735 729
95 5
434 482
95 89
729 735
735 690
89 50
473 434
818 863
690 645
178 217
562 607
5 95
434 473
773 857
818 863
681 655
89 95
901 985
473 434
351 261
95 89
729 735
473 479
729 735
562 607
985 991
479 407
355 338
473 389
857 810
863 818
857 863
178 223
985 991
261 306
901 910
818 863
261 345
991 901
223 217
601 607
182 203
562 607
5 95
306 350
425 452
133 223
607 601
818 891
434 473
863 857
645 690
345 351
517 607
729 735
729 735
690 735
991 946
946 991
434 479
95 89
399 418
89 95
773 857
735 640
178 223
735 729
50 95
517 601
991 946
601 607
645 735
50 105
857 818
729 735
517 607
5 29
901 985
473 434
5 95
985 946
985 991
502 449
527 591
559 532
857 818
857 863
864 845
217 178
517 562
5 95
601 562
562 607
645 735
473 479
178 223
351 306
261 306
223 133
89 115
320 261
601 517
607 535
473 434
857 863
133 223
5 95
857 863
89 50
735 690
991 910
985 991
89 50
306 338
345 306
991 901
729 735
601 607
306 345
562 607
351 345
562 517
217 223
133 178
95 89
703 760
178 223
857 831
261 306
223 178
960 959
351 345
562 607
901 991
434 446
735 663
479 473
857 885
985 1005
223 217
857 863
351 350
863 818
645 729
306 345
389 479
217 133
593 554
261 351
178 175
306 351
217 223
773 810
645 729
645 729
217 178
5 95
50 95
690 645
95 14
50 89
517 601
985 991
562 542
178 217
223 142
863 857
863 773
389 457
857 773
95 5
601 528
607 601
5 95
735 729
270 337
5 104
434 479
863 773
223 178
773 818
690 735
645 714
223 142
191 248
562 607
479 389
735 645
178 133
113 64
946 991
479 434
89 95
985 991
473 479
607 562
351 306
901 991
351 345
50 42
404 392
178 167
483 488
690 674
133 248
991 901
479 407
95 50
773 857
645 690
261 351
217 223
306 257
566 555
345 351
857 773
89 95
863 857
562 607
991 959
473 389
729 645
50 95
5 95
863 857
320 339
857 863
735 645
735 690
537 586
95 50
217 133
178 223
607 517
517 607
89 5
645 729
389 473
298 307
517 601
773 863
473 479
178 186
389 434
389 431
645 735
89 95
5 95
991 946
857 863
863 818
729 735
838 827
607 517
479 473
100 119
261 345
562 601
473 479
5 95
95 89
991 985
517 607
946 991
570 571
133 223
89 95
319 376
479 389
607 562
991 985
5 89
601 517
863 857
479 473
95 89
473 444
251 247
857 863
607 562
261 351
217 223
863 851
133 217
133 223
479 477
95 5
223 178
217 223
863 773
729 735
747 653
773 863
89 5
473 479
735 654
601 562
50 56
95 89
389 479
619 525
729 735
735 729
996 910
473 414
133 175
690 735
729 735
863 818
133 223
991 985
863 773
217 174
729 645
708 655
95 89
607 601
178 175
473 479
991 985
735 690
345 306
690 729
601 517
306 351
985 991
607 574
479 473
517 601
351 345
773 841
863 857
389 434
985 963
810 862
818 857
133 223
729 735
351 345
868 782
351 306
133 175
178 223
5 95
434 473
818 773
985 991
857 863
818 863
818 773
729 735
729 735
50 95
5 47
345 351
690 645
991 985
5 89
223 133
959 975
607 542
480 446
607 601
991 985
946 901
863 857
735 690
261 351
223 178
985 991
223 178
546 595
306 351
434 479
607 601
985 946
517 601
50 95
351 306
434 479
901 946
306 345
734 725
601 607
690 735
50 95
735 645
350 331
729 735
607 586
735 729
985 991
729 735
857 773
50 60
607 601
133 178
991 985
50 5
50 5
517 601
985 991
345 261
773 863
345 351
985 1023
985 912
517 601
473 412
601 607
133 223
857 863
946 991
818 863
306 351
479 473
991 946
857 818
217 133
414 434
178 133
985 991
818 773
479 473
17 127
261 303
434 479
351 345
473 479
991 946
863 857
601 562
946 991
345 351
178 223
217 250
601 562
50 95
217 223
690 735
901 991
562 517
562 517
517 607
217 178
351 270
729 735
434 479
217 223
831 849
402 473
991 985
223 217
89 95
50 18
851 887
857 863
178 223
729 735
562 607
601 607
735 690
217 223
857 818
345 261
261 345
345 306
758 653
99 86
773 833
89 95
434 473
901 991
735 663
223 133
95 89
623 582
991 985
5 50
217 223
435 447
178 133
351 345
345 351
89 95
50 61
901 991
133 217
601 517
991 946
223 133
690 735
729 735
389 479
607 601
261 351
517 601
729 735
178 147
306 351
735 690
729 735
5 95
601 607
351 306
901 991
223 133
473 389
729 735
351 345
818 863
729 645
607 538
985 991
818 863
517 601
306 261
562 607
261 351
863 857
223 217
398 465
473 434
729 759
217 223
473 389
345 351
901 985
217 133
261 298
133 136
532 520
345 351
5 50
5 50
517 601
434 389
5 50
345 351
133 178
517 601
95 5
517 607
5 95
253 190
178 217
773 863
404 448
217 158
991 985
434 479
773 857
690 735
306 351
148 136
611 607
954 1009
729 735
857 863
389 473
901 985
345 306
345 351
479 398
5 89
562 607
50 95
863 857
483 428
389 473
562 566
808 857
95 5
985 991
773 818
991 985
95 3
479 473
863 773
946 991
729 735
985 991
133 223
434 473
863 857
946 991
223 178
89 5
95 5
345 351
857 863
818 773
133 178
863 857
50 89
217 223
217 212
991 901
223 178
473 479
946 901
133 223
306 261
95 89
601 562
448 489
89 95
991 985
389 479
773 857
946 916
473 479
601 562
434 478
901 979
607 517
911 930
857 863
351 261
1014 938
473 389
985 991
306 261
517 562
217 223
607 526
261 351
50 39
660 648
991 985
217 223
389 467
690 735
479 434
95 102
645 735
89 95
217 178
818 857
351 306
50 95
517 601
863 857
223 217
985 991
89 50
133 223
223 211
473 434
562 607
946 991
601 517
690 660
991 946
985 991
351 261
886 810
434 404
773 841
271 339
89 50
89 95
306 351
946 991
729 735
863 773
773 863
857 863
863 773
946 1009
389 479
601 607
261 351
479 434
100 14
95 5
217 133
306 331
690 753
601 607
990 963
223 246
89 95
89 95
479 402
601 517
735 663
818 798
50 95
133 223
217 223
50 7
991 946
601 607
448 473
50 95
991 944
345 366
133 223
479 473
690 678
143 162
89 50
818 863
223 217
690 735
89 95
863 857
351 345
95 89
735 690
517 601
863 857
857 863
517 607
562 607
352 326
217 178
863 833
735 729
729 735
178 133
645 690
991 901
345 351
95 89
473 479
306 261
863 857
223 217
479 500
729 645
89 95
857 773
351 261
818 863
223 151
818 857
991 985
261 303
479 389
473 479
991 946
307 259
991 979
985 901
960 927
345 351
50 99
601 607
863 809
179 136
553 541
345 351
517 607
434 469
89 73
473 479
345 351
783 851
562 517
217 223
473 479
50 89
223 133
5 1
217 178
601 562
517 607
95 5
261 345
773 847
985 991
178 132
261 351
857 773
735 729
607 601
5 95
224 225
729 735
95 89
192 241
261 352
133 217
351 345
345 351
773 857
601 607
89 50
985 946
863 791
857 818
5 95
5 95
901 991
178 203
857 875
517 562
261 345
389 479
645 754
473 434
261 329
178 133
735 645
479 455
345 351
985 946
857 863
306 349
133 223
434 389
889 853
306 351
351 261
562 607
601 607
990 1016
985 901
473 479
351 330
729 690
223 178
178 223
345 261
573 553
773 818
735 644
345 351
991 985
601 607
306 261
479 473
645 735
773 818
735 763
351 261
863 819
991 985
473 479
735 663
863 818
691 703
50 95
946 985
133 178
735 645
645 762
50 89
773 863
773 818
434 497
473 511
473 479
991 901
434 479
985 991
89 95
217 223
345 351
517 607
345 306
690 765
645 735
473 479
217 223
985 991
735 663
217 223
479 473
735 729
773 863
479 473
991 985
89 95
404 448
991 985
690 735
857 863
607 601
857 818
50 89
479 423
217 223
735 645
645 690
178 242
735 645
133 217
985 901
729 711
901 991
473 479
946 991
473 479
351 306
352 314
95 89
607 601
389 479
89 95
133 142
345 351
89 95
388 480
345 351
995 971
946 985
261 345
863 857
773 839
529 590
217 223
729 735
50 95
735 729
562 607
864 793
818 857
788 832
735 729
857 818
991 985
729 735
223 217
217 223
389 479
178 223
857 863
517 607
178 223
178 177
261 351
601 607
703 760
601 607
607 601
607 562
612 562
690 735
306 345
223 217
307 356
473 479
735 718
607 601
818 889
773 857
223 133
631 611
857 863
5 50
133 223
50 95
863 857
729 690
735 729
89 36
690 735
89 50
345 351
645 690
773 857
178 223
1014 909
735 729
95 50
562 601
306 261
389 473
20 64
645 722
133 223
512 517
95 89
345 306
345 351
809 783
607 562
985 991
389 479
223 217
261 309
562 517
863 773
351 345
5 89
601 607
991 979
857 863
95 23
645 729
473 479
991 946
223 133
818 857
89 50
517 562
562 607
178 223
89 95
5 50
562 601
217 223
473 479
985 991
601 594
5 89
133 223
991 926
345 351
5 89
985 991
517 607
818 863
818 857
607 535
223 217
389 479
178 230
729 735
351 345
544 607
228 142
178 217
223 133
637 595
223 217
690 735
946 985
818 889
434 473
261 351
95 89
991 901
607 529
89 50
517 601
95 89
607 601
178 223
65 86
773 863
857 863
857 863
345 351
562 607
863 883
5 95
525 619
863 857
473 479
645 687
862 838
607 621
857 863
5 54
351 261
345 310
729 739
985 991
95 117
601 562
297 355
690 645
389 394
223 217
991 985
497 442
222 208
89 95
601 607
95 50
601 607
857 863
773 818
985 980
857 773
89 95
773 818
473 434
991 910
562 637
773 857
261 306
314 369
306 351
517 562
985 946
479 473
562 622
401 509
217 223
95 89
690 669
985 901
735 723
517 607
5 89
857 863
985 946
601 607
607 601
729 690
690 735
868 782
95 5
690 735
863 791
306 351
576 525
901 985
991 901
389 473
708 655
810 866
223 178
607 562
517 607
863 818
345 261
857 773
991 1019
645 735
345 351
819 831
901 943
502 473
479 473
389 473
50 5
479 485
217 223
345 351
50 5
517 631
223 178
345 351
857 863
729 735
601 607
946 991
607 517
562 607
389 434
473 434
985 991
345 351
601 562
625 570
901 985
133 217
985 901
89 50
178 223
690 645
985 946
863 818
773 798
773 895
178 203
818 863
351 345
351 297
857 863
345 351
479 407
601 607
773 863
473 479
217 178
857 818
261 351
735 729
735 645
473 479
178 223
857 773
223 133
740 759
901 943
985 991
818 893
517 607
351 306
306 351
773 863
517 607
985 946
985 946
818 857
89 50
735 653
345 258
89 95
351 306
773 788
991 901
985 991
483 430
773 857
607 601
217 223
5 95
479 473
345 351
978 1021
473 434
863 773
991 985
479 407
95 14
434 479
217 223
985 991
223 217
761 754
5 95
479 389
133 175
818 857
223 133
434 479
735 714
562 517
345 306
89 50
729 735
863 857
89 95
351 345
985 991
735 645
306 351
729 645
351 261
735 729
95 14
690 735
479 473
345 306
735 645
95 50
901 938
89 50
473 479
601 562
362 326
946 991
857 863
562 610
217 178
473 479
351 261
50 95
5 50
5 95
991 901
306 351
815 839
306 351
434 479
601 607
261 351
133 217
133 223
217 178
517 532
562 601
223 217
601 607
985 991
89 50
985 991
351 306
306 351
857 773
773 841
133 217
690 725
306 345
178 223
729 735
863 818
306 351
223 217
937 919
217 223
901 991
89 95
601 607
735 641
857 863
735 645
217 223
607 554
637 520
345 351
601 607
601 607
5 32
89 95
89 50
901 946
345 351
645 713
389 479
351 379
946 991
345 351
773 863
389 473
985 946
473 479
517 562
473 434
217 223
95 82
991 985
901 985
473 389
645 735
95 23
50 95
479 455
690 645
473 479
434 479
261 345
50 95
991 946
773 818
89 50
89 95
89 95
133 201
89 95
473 434
45 89
223 217
217 178
5 50
50 79
345 351
735 663
991 910
261 276
690 729
857 818
946 901
89 95
271 290
389 479
773 863
217 223
946 985
690 729
89 95
426 478
261 351
818 857
946 991
735 654
857 773
389 434
1009 954
261 353
985 901
562 535
479 398
729 735
1021 932
863 857
223 178
985 946
773 863
761 671
946 991
690 729
729 735
345 351
178 223
89 95
645 735
562 607
133 217
601 607
473 479
306 351
985 991
217 178
985 991
690 645
223 217
479 434
735 663
985 901
345 306
773 841
901 946
857 778
863 875
223 133
345 270
345 351
89 95
735 729
863 773
5 50
217 133
818 863
645 735
818 780
217 223
773 863
729 735
562 607
863 857
178 217
576 541
95 5
479 389
985 946
735 729
434 473
434 473
345 351
227 174
345 351
985 982
479 473
178 223
735 729
133 178
517 601
690 735
985 991
345 351
89 95
479 473
946 991
306 312
223 178
345 306
473 389
50 95
719 694
562 607
434 479
351 306
773 857
345 351
637 543
345 306
473 479
729 645
729 735
306 351
991 985
773 863
351 261
89 95
985 946
95 89
857 863
345 351
5 50
773 857
473 434
857 818
217 223
217 223
857 863
133 217
517 562
991 910
89 75
15 34
773 863
901 991
479 389
901 946
5 89
946 901
389 479
985 946
345 351
690 645
223 139
645 690
217 223
351 278
479 407
5 95
645 691
773 857
729 735
607 601
601 607
434 479
601 517
863 857
345 299
95 89
607 619
517 607
687 660
517 634
601 517
261 345
985 991
345 306
133 223
434 389
857 788
276 320
863 818
857 818
704 658
985 991
217 133
178 223
916 904
946 901
527 591
765 657
345 351
517 601
223 217
473 479
991 985
261 345
479 473
479 389
389 479
901 946
607 601
310 329
822 818
601 517
690 737
991 985
517 607
217 178
5 63
217 223
351 261
479 473
857 863
991 985
89 52
729 735
601 517
985 991
50 95
5 95
645 687
133 217
623 582
217 133
223 133
729 735
857 773
217 223
607 601
657 654
5 50
985 946
89 5
261 329
960 910
607 517
857 863
95 23
592 562
351 345
217 223
601 607
991 946
818 773
857 863
217 133
985 901
484 398
5 95
773 863
89 95
857 863
64 38
89 95
863 773
345 306
979 911
773 818
351 306
50 61
773 863
434 476
985 901
133 223
690 735
95 5
529 629
315 336
857 863
645 735
857 818
473 479
645 690
645 735
562 601
473 389
306 313
351 261
217 223
625 605
5 95
217 223
351 261
681 668
434 479
261 339
473 479
217 133
857 863
517 562
479 473
985 991
991 985
89 5
8 64
985 946
217 223
985 946
857 773
607 601
690 735
863 857
223 217
758 705
729 645
773 857
937 1023
217 223
601 607
985 946
50 89
818 863
645 729
307 347
832 838
389 479
985 991
399 418
517 630
991 901
95 89
985 901
517 585
505 431
991 985
857 818
345 263
345 351
5 95
863 818
645 735
901 991
607 562
306 348
562 607
345 261
434 479
901 991
261 256
729 735
517 571
345 351
601 607
345 351
89 95
857 773
690 735
562 607
479 473
735 729
773 857
729 735
217 178
389 434
517 562
217 223
5 95
306 351
133 178
818 863
857 773
178 223
133 217
601 607
818 773
729 706
601 607
389 436
946 979
985 991
857 863
89 5
389 479
473 479
607 517
306 345
223 178
607 517
607 601
985 991
857 818
517 562
89 95
217 178
261 351
217 223
901 991
735 690
729 735
133 178
261 351
217 223
351 306
645 657
735 729
479 434
5 50
985 991
306 351
178 147
857 863
217 133
991 901
261 355
5 50
5 95
223 153
729 690
735 645
434 479
178 223
645 729
773 857
729 735
735 663
473 479
223 151
729 735
729 690
121 94
601 517
479 389
50 89
985 946
261 345
517 562
562 607
473 444
735 645
5 89
178 223
863 857
479 389
1017 994
735 765
735 729
985 991
901 991
133 223
178 133
345 261
991 985
517 562
473 481
517 562
601 517
464 434
133 179
979 991
991 985
991 946
473 401
389 434
434 479
434 479
89 95
473 389
42 51
991 946
5 95
473 389
95 50
901 985
991 901
473 389
773 841
473 434
773 818
479 440
901 946
351 261
991 985
345 306
223 217
863 773
985 901
863 857
607 562
607 517
5 95
89 95
773 818
217 133
178 161
690 645
601 607
607 601
607 562
996 910
473 479
389 473
345 284
479 473
434 479
63 79
351 261
50 5
241 182
857 818
5 50
985 946
517 562
479 473
306 351
601 607
735 729
607 517
985 901
601 517
863 857
863 771
985 901
261 351
607 517
809 836
857 863
95 89
735 697
389 479
479 485
735 690
351 345
818 863
271 335
479 473
223 133
95 50
773 863
607 517
217 223
434 400
562 601
985 991
985 991
95 89
985 991
773 863
985 991
217 223
758 705
901 964
217 133
345 351
607 562
857 773
473 434
991 901
89 5
607 562
479 407
377 348
773 857
345 351
991 901
345 351
601 562
991 919
345 306
901 946
901 946
351 345
217 223
562 607
261 351
223 217
95 89
607 601
690 729
601 607
863 773
562 607
473 479
223 133
996 910
985 991
389 491
946 991
351 306
479 401
665 723
607 601
345 351
133 223
133 223
95 89
645 687
473 479
703 735
178 223
100 14
735 645
690 645
473 389
607 601
5 50
773 863
54 38
985 991
607 562
729 735
863 857
473 389
217 133
50 95
479 473
434 479
562 591
893 785
389 473
913 947
178 223
5 121
857 863
175 204
562 616
89 95
42 83
517 607
517 601
729 735
517 607
434 479
148 136
223 133
788 776
434 389
434 479
509 490
89 5
351 261
991 1011
479 473
601 607
223 178
50 89
473 479
637 558
562 606
645 735
389 473
517 607
562 607
345 306
223 178
901 946
729 735
464 434
735 729
985 991
729 735
89 95
554 563
389 473
729 735
735 729
773 815
89 95
50 95
985 991
985 991
270 337
991 985
345 261
818 863
735 729
562 607
473 479
89 95
857 863
645 735
773 818
133 223
434 426
863 818
562 601
503 507
95 89
863 806
601 564
690 721
133 178
306 351
217 199
178 223
473 389
89 48
178 223
946 991
20 8
133 178
473 389
345 351
438 444
223 217
133 217
863 857
479 473
217 250
217 178
985 991
95 14
985 901
95 89
901 946
398 479
389 479
607 601
857 863
607 517
351 345
690 735
5 95
351 306
946 985
434 440
946 991
991 985
261 306
735 690
351 306
178 223
261 351
991 946
562 607
985 946
5 89
133 178
455 389
402 479
497 442
832 851
178 223
217 223
223 133
739 719
601 607
901 947
351 306
434 479
351 306
991 979
234 198
991 985
473 434
633 573
985 991
703 760
404 448
729 735
875 781
607 601
389 479
857 773
857 818
937 964
89 50
223 217
818 785
857 773
645 690
50 89
345 351
351 341
345 261
733 735
991 985
818 863
645 735
947 987
479 389
351 345
857 863
901 985
857 863
434 473
89 95
781 832
690 735
217 178
351 306
133 223
645 724
273 353
223 178
434 473
351 345
50 89
863 818
345 351
95 89
690 757
389 479
178 223
985 991
223 133
863 857
857 863
773 863
857 863
217 223
351 270
601 562
655 719
660 704
261 351
751 719
473 479
985 991
389 473
601 517
607 526
690 663
306 351
863 773
50 89
434 479
601 562
991 901
223 178
773 815
735 663
473 466
95 50
698 715
601 562
985 946
645 763
178 217
690 735
818 863
857 818
863 818
655 719
818 857
479 473
345 261
819 832
95 89
89 5
306 351
178 223
991 901
178 160
217 223
89 95
479 389
863 869
345 351
473 389
261 303
351 261
655 674
227 248
562 601
473 479
306 351
690 735
729 735
178 223
690 645
89 5
946 915
818 857
863 818
89 95
479 389
946 991
5 95
479 389
601 607
217 223
729 757
389 434
901 1006
601 517
479 389
607 601
655 674
473 479
217 223
479 473
607 601
389 457
273 370
5 95
217 178
517 601
607 601
863 782
690 729
985 991
217 223
89 95
351 279
479 473
473 479
857 818
818 773
50 89
601 562
89 50
484 503
89 95
763 759
645 735
761 755
89 95
306 351
480 510
434 389
389 434
95 5
857 773
690 736
89 95
729 690
857 863
133 223
338 381
773 818
946 991
773 863
735 729
95 89
133 223
217 128
690 733
690 735
901 985
178 223
753 698
345 351
5 73
735 645
351 261
345 306
601 607
434 479
473 457
735 729
857 863
562 517
946 901
133 223
901 946
901 991
857 836
729 735
608 601
517 562
607 601
690 650
645 729
350 319
345 306
690 729
389 479
607 601
645 690
95 89
246 170
690 645
946 1018
389 434
818 863
319 376
857 818
89 50
89 95
89 95
735 729
95 89
729 690
95 23
50 95
95 85
434 479
735 645
95 89
345 306
607 517
517 601
601 607
351 345
985 991
601 607
985 991
985 991
517 562
985 958
901 991
223 178
473 389
985 991
946 991
517 562
217 133
601 562
735 729
863 857
345 306
223 217
345 351
601 607
261 306
479 389
991 897
253 223
473 479
479 458
773 863
857 863
595 526
5 89
645 729
985 946
735 729
765 710
818 863
50 5
306 345
607 535
473 479
985 991
223 217
985 991
645 713
690 735
389 473
703 736
946 991
607 517
645 735
345 351
562 517
562 517
633 618
607 562
389 479
217 223
517 601
985 991
735 729
985 991
133 217
95 5
946 991
601 607
89 95
479 434
65 84
985 991
479 434
96 38
89 95
809 888
601 517
89 95
50 5
985 991
473 479
607 601
5 89
479 473
863 791
473 479
306 308
857 818
306 321
857 863
479 473
95 5
434 479
5 95
306 351
89 50
985 991
351 306
601 517
479 389
691 675
985 991
761 680
5 95
50 70
479 473
818 863
217 223
729 690
857 863
901 991
517 607
901 946
473 389
601 562
863 773
517 601
857 773
946 991
479 473
946 979
863 773
223 184
351 345
645 642
261 345
901 985
217 178
818 863
773 862
217 133
261 351
867 824
351 345
645 735
729 645
473 434
985 991
607 517
735 690
241 186
517 601
217 223
5 89
479 389
95 89
857 807
562 627
178 136
517 607
95 50
473 479
223 217
857 863
434 479
191 207
857 863
473 479
89 5
306 258
607 601
479 389
351 345
389 479
223 178
473 479
306 351
434 389
217 223
991 901
991 985
735 690
50 95
985 1010
863 857
735 729
577 579
479 473
901 918
217 223
350 270
261 345
857 863
901 991
223 217
991 985
747 653
133 223
473 434
50 89
601 562
276 320
473 434
601 517
5 95
249 245
773 818
479 473
601 607
517 562
306 351
345 294
483 482
655 723
901 991
223 217
601 607
863 773
773 863
261 306
857 818
345 306
95 50
133 145
607 601
985 991
345 351
735 729
133 178
729 690
133 178
306 351
133 175
901 991
95 89
690 735
133 217
729 735
607 526
5 50
901 991
863 857
89 95
690 729
435 429
217 223
601 564
351 306
261 351
735 645
901 991
735 729
223 217
89 95
857 863
607 601
857 863
178 208
946 991
223 178
89 95
946 991
517 601
133 217
306 345
306 345
863 773
261 351
601 607
5 50
17 125
566 556
351 279
473 389
145 193
89 16
345 351
479 434
217 223
473 479
857 863
389 434
601 562
306 261
479 434
645 690
857 773
50 45
960 917
645 729
95 5
95 89
517 601
690 738
601 517
773 863
217 178
94 50
50 5
345 296
857 863
89 95
95 14
857 773
517 601
690 729
434 389
95 23
729 690
473 479
345 351
5 73
723 751
985 991
351 261
351 261
991 985
351 345
690 735
857 863
217 223
818 773
345 351
479 389
690 735
345 306
601 517
223 178
389 434
773 810
434 479
985 910
946 985
178 133
645 656
306 261
985 946
434 389
946 901
223 238
645 735
217 223
261 351
223 178
479 434
645 714
389 473
345 351
735 690
133 178
607 517
857 818
991 985
901 985
607 517
306 345
217 178
345 306
601 607
351 345
473 434
217 223
306 351
89 83
601 607
690 729
985 991
946 901
306 261
985 922
729 735
645 735
946 991
729 735
223 178
901 985
434 473
479 473
690 645
351 353
271 339
435 464
68 15
857 863
729 735
345 306
601 607
351 365
857 863
319 376
562 607
133 201
479 440
434 479
857 863
637 607
863 773
89 5
991 916
601 562
517 601
217 223
601 562
89 17
235 141
773 818
601 607
217 223
607 517
223 133
601 607
901 985
562 607
5 95
645 735
601 517
261 306
303 261
345 351
901 985
857 773
985 946
95 89
562 517
863 773
985 991
818 863
729 658
857 863
306 345
773 857
345 351
517 607
5 95
735 758
217 178
818 863
223 151
351 261
223 178
178 223
473 389
133 217
517 607
735 690
946 1021
95 93
223 142
645 713
946 991
261 306
773 857
857 863
645 729
473 434
729 735
345 351
121 42
527 546
178 223
64 54
261 306
113 50
483 467
170 246
773 815
645 690
985 946
133 223
345 351
351 274
133 178
271 335
50 89
863 818
901 985
89 50
5 95
818 891
479 434
607 517
818 790
607 601
223 217
50 89
601 517
690 735
345 380
50 5
345 351
607 562
773 857
217 223
991 985
50 95
517 607
345 351
601 562
345 261
133 178
479 473
351 345
517 562
306 261
985 991
89 45
217 223
306 261
434 479
729 645
601 607
517 562
473 479
95 50
607 601
89 95
223 217
351 261
857 773
832 860
857 818
479 389
306 351
735 729
480 433
946 901
985 991
5 95
818 863
345 306
946 991
178 128
802 833
985 991
729 690
783 847
601 607
517 607
601 607
95 89
857 834
901 991
607 526
133 217
345 351
607 601
985 901
133 222
95 89
562 607
601 607
223 178
985 946
645 690
517 585
901 946
89 5
735 654
345 351
434 473
818 863
607 562
473 389
863 773
773 863
148 136
345 319
562 635
729 690
607 517
306 354
611 523
89 95
434 479
773 884
857 818
479 473
985 991
473 479
389 479
345 306
434 389
607 601
345 351
517 607
389 473
863 857
601 607
306 351
345 351
50 95
217 133
625 570
690 645
729 645
217 223
473 434
991 901
729 735
89 50
645 690
729 735
133 201
217 223
217 223
863 773
729 735
223 178
473 479
857 818
818 863
991 901
431 389
223 217
479 473
223 133
901 946
601 562
217 223
863 818
345 351
735 729
133 142
1021 966
223 178
985 901
857 863
601 607
89 50
50 89
479 434
434 479
863 857
991 901
389 434
996 910
217 178
946 991
517 562
601 607
133 217
601 562
223 133
863 857
178 217
473 434
607 601
261 298
223 178
89 50
434 473
217 133
985 944
991 946
89 95
217 246
875 781
223 217
818 773
607 517
389 479
773 818
601 517
517 559
735 729
991 985
601 607
818 796
1009 946
261 351
351 261
985 901
601 607
517 607
729 690
95 50
479 473
857 818
133 223
178 223
5 89
306 261
735 729
645 687
601 607
89 95
217 223
729 735
735 729
901 959
261 351
217 223
434 387
517 607
389 447
223 217
351 261
50 5
5 89
223 133
991 901
389 479
223 217
351 306
607 562
857 773
985 991
89 5
729 735
223 182
991 985
645 735
95 89
133 178
690 735
345 351
773 818
95 89
645 690
434 473
89 50
306 261
389 384
389 479
95 89
729 735
729 735
729 735
434 478
95 89
89 50
901 991
601 562
306 351
261 351
517 607
690 766
857 834
863 895
345 306
5 95
690 735
991 946
645 729
345 261
261 345
857 863
607 517
690 653
217 223
645 735
863 847
306 351
857 863
434 467
773 857
991 1018
818 773
89 95
133 223
95 89
223 217
773 863
223 178
863 773
863 857
479 457
14 81
607 517
537 612
946 985
479 473
729 735
5 50
863 784
562 601
133 223
901 964
473 434
217 178
95 83
217 203
389 479
95 89
985 946
857 863
645 690
863 857
985 971
50 95
223 142
133 217
991 985
601 562
655 719
479 444
473 479
345 306
863 773
306 351
985 991
818 863
735 729
735 729
818 863
95 23
729 735
95 50
992 948
473 479
261 345
901 985
95 14
985 946
985 991
473 479
473 479
991 985
217 223
735 729
261 306
985 991
601 607
473 479
178 217
306 351
991 919
95 89
89 73
601 607
223 217
345 373
223 217
223 217
473 479
857 818
645 735
50 5
985 946
946 901
729 645
217 223
729 735
729 645
601 562
601 607
351 261
773 857
985 991
818 857
133 223
773 857
946 913
434 389
946 991
479 407
306 351
389 479
178 212
306 351
735 645
95 5
223 198
773 791
729 735
479 398
985 968
95 50
601 614
89 104
345 261
389 479
473 384
773 857
223 217
5 47
89 50
773 857
946 985
735 729
901 985
306 351
142 228
735 729
736 723
901 946
601 517
479 473
773 857
930 910
517 607
479 434
729 735
690 645
178 133
601 607
89 39
351 261
5 89
473 479
735 645
863 773
964 911
991 946
5 95
857 818
607 601
5 89
473 434
607 562
991 985
946 991
223 217
273 260
473 479
5 23
447 504
178 223
773 863
857 842
50 95
682 691
863 857
985 901
735 729
901 991
562 529
509 429
857 863
473 479
5 95
985 901
89 50
306 345
178 217
434 473
5 50
480 488
863 773
729 735
479 473
946 991
645 735
916 904
95 89
985 991
687 729
223 178
434 479
607 517
95 89
133 217
863 818
389 434
985 991
857 863
562 607
261 345
607 601
261 351
645 729
389 431
901 985
809 863
704 642
607 601
857 863
901 985
735 729
178 223
442 497
946 957
633 544
857 860
222 128
217 223
297 324
607 517
991 985
389 479
479 434
345 351
690 737
645 687
434 479
306 345
351 345
946 901
985 991
473 389
991 946
89 95
389 479
89 95
690 735
901 978
985 991
479 473
761 755
601 607
735 729
351 345
89 95
645 687
5 50
306 351
351 261
223 142
517 607
901 946
479 434
50 95
465 484
517 601
601 607
351 261
434 473
95 89
985 991
228 182
223 178
690 735
5 95
946 914
479 434
345 261
857 863
223 217
863 857
178 223
479 392
479 473
773 863
517 601
857 863
607 601
985 991
473 389
601 607
5 95
985 991
985 982
425 498
607 601
562 607
735 654
50 95
645 735
690 657
985 991
729 735
810 819
690 733
473 479
261 289
452 399
607 535
480 439
223 178
178 223
217 178
985 991
89 95
479 473
389 434
297 324
601 607
261 345
773 857
991 901
875 781
217 178
178 223
217 223
818 863
985 991
261 345
133 201
89 95
818 863
867 881
863 857
901 991
345 351
991 946
479 473
729 735
389 473
306 316
818 863
601 562
645 735
773 880
857 818
991 946
50 89
345 306
89 5
946 991
50 89
563 554
306 345
345 351
5 50
473 479
261 306
389 479
985 946
133 223
645 668
818 813
473 479
601 607
89 50
562 517
735 729
985 991
351 306
479 389
857 863
89 5
735 690
465 426
562 607
178 223
89 5
95 14
645 729
729 735
857 863
306 351
5 122
607 562
479 473
901 978
575 632
133 199
306 269
434 479
995 990
985 991
351 261
930 961
95 89
729 723
133 217
863 857
345 351
729 690
901 997
261 351
857 863
89 95
484 503
735 729
607 601
729 735
901 946
991 901
857 863
735 690
223 199
607 601
985 901
217 223
863 818
690 729
345 351
95 50
645 729
345 351
217 142
261 306
735 690
985 898
345 306
863 773
217 173
479 434
985 991
991 985
179 228
89 8
601 562
985 946
178 133
479 434
306 345
345 351
857 863
857 818
863 861
178 223
351 261
389 479
645 729
50 89
517 562
306 351
223 151
261 358
690 735
473 479
729 690
5 73
863 791
517 601
601 607
729 735
562 527
601 607
345 306
818 841
562 607
95 89
857 863
345 306
89 95
729 715
863 818
729 735
901 946
985 991
345 351
818 863
773 890
857 863
991 946
261 303
690 645
901 1015
607 601
985 991
655 674
991 985
729 711
818 886
857 863
773 857
985 991
345 351
95 89
857 863
991 901
645 682
389 434
5 20
985 1002
529 592
473 479
178 223
991 985
735 729
95 89
261 345
601 607
857 818
607 601
818 857
95 50
95 23
345 351
479 473
909 1003
50 5
946 991
901 995
473 402
473 389
857 863
426 435
89 50
389 473
607 517
601 596
773 863
946 991
133 217
20 121
601 607
351 339
911 979
95 14
350 327
307 262
223 217
345 306
261 274
306 351
261 351
345 306
273 265
645 690
479 473
217 253
818 790
735 729
735 729
863 815
901 991
54 91
946 985
20 8
985 946
985 946
345 306
133 131
479 473
607 562
863 857
217 223
901 946
601 607
95 89
562 535
645 729
857 863
690 735
690 729
473 434
32 5
345 306
473 479
857 863
351 279
89 50
351 261
517 607
89 95
217 223
901 955
261 351
818 857
479 473
261 306
729 735
735 690
991 985
773 857
991 946
479 473
178 228
5 47
782 863
517 562
822 838
50 5
946 985
89 50
95 50
223 178
946 901
818 857
89 95
50 95
351 345
607 601
985 991
223 178
991 946
901 946
735 690
217 223
217 178
89 70
434 427
345 274
50 60
89 95
607 601
690 735
690 735
735 733
729 735
773 815
217 223
89 95
527 595
306 351
645 690
863 857
434 479
261 345
735 645
434 473
5 89
946 991
985 946
306 261
5 89
645 713
735 663
50 95
729 724
645 690
133 151
479 473
947 1022
50 95
946 985
351 345
517 607
729 762
576 611
607 562
479 473
20 64
857 773
608 514
729 690
857 863
991 901
345 351
351 306
601 562
587 601
818 863
857 818
223 205
517 562
818 857
991 985
389 440
434 389
351 306
389 479
562 594
473 479
562 601
434 473
351 294
473 434
5 73
351 261
223 133
217 223
192 136
5 95
607 601
217 223
133 223
607 601
223 217
473 434
389 479
217 133
601 607
306 316
657 671
607 601
261 306
374 269
306 290
95 89
946 1015
479 473
735 690
863 857
729 735
473 384
479 434
306 345
5 95
95 5
89 50
601 562
223 153
223 133
991 901
345 261
345 351
818 863
479 389
554 563
857 863
735 729
729 690
434 493
601 562
562 607
5 95
479 473
509 384
985 904
735 690
133 182
223 217
517 607
473 479
479 473
95 89
818 863
95 89
89 95
351 345
690 735
863 773
223 151
133 217
473 387
735 729
389 479
5 95
351 306
901 985
345 351
867 878
89 95
863 818
479 473
985 946
217 220
735 729
351 261
735 690
5 95
857 863
89 95
95 23
517 601
345 351
1017 912
517 607
985 991
223 142
