1024 10000
89 95
818 863
582 571
389 473
389 434
217 223
89 5
479 434
863 857
89 95
223 178
991 946
261 303
729 735
351 345
607 555
815 773
89 95
517 601
863 891
479 473
517 601
217 223
434 467
178 223
991 901
345 351
479 434
217 223
133 223
857 863
133 223
89 95
389 473
479 473
601 607
217 142
857 773
223 217
729 690
345 351
863 818
261 351
601 562
89 5
223 217
5 95
862 867
50 95
517 607
863 778
985 991
5 50
818 863
857 809
562 607
178 223
991 985
863 857
473 479
985 901
89 50
473 479
964 911
95 89
690 729
473 479
601 607
434 431
473 434
178 223
345 351
985 991
473 389
473 479
5 95
89 95
517 607
473 479
645 690
389 479
473 434
434 389
729 690
985 946
985 946
607 535
601 517
223 178
607 526
946 991
601 607
95 89
50 95
901 946
704 723
562 607
345 306
345 351
223 184
773 863
89 95
345 351
133 217
946 991
95 89
857 818
517 607
773 863
133 178
765 710
351 306
151 217
857 863
729 735
306 339
404 392
946 991
601 607
645 729
95 50
351 345
776 788
351 338
946 985
479 473
389 473
901 991
863 818
217 133
863 842
991 901
223 217
50 95
601 562
773 857
217 178
562 601
223 217
89 120
5 14
473 479
389 479
434 479
818 863
607 562
389 473
645 729
473 444
434 479
5 95
178 223
863 843
5 95
479 407
991 985
473 389
729 690
217 223
562 529
306 351
473 434
901 1005
217 223
217 223
178 133
601 562
261 351
729 690
133 235
991 901
178 245
261 371
562 607
345 351
645 729
5 95
5 95
89 95
517 607
863 857
5 95
223 217
517 601
729 735
517 569
50 95
985 991
345 351
95 38
690 729
690 758
690 729
50 89
690 735
729 735
133 223
434 479
345 306
601 607
182 178
133 178
729 735
645 753
901 991
946 985
708 655
473 479
946 985
89 118
95 89
857 863
946 985
517 562
5 89
729 690
133 223
857 818
345 306
261 329
479 389
89 95
991 936
389 434
389 479
863 857
5 95
223 178
964 910
818 773
261 351
946 991
345 351
607 517
95 89
50 5
985 991
901 991
170 148
389 473
5 95
351 345
601 607
735 729
479 391
434 479
351 345
345 306
901 910
937 991
946 991
223 133
473 479
473 389
473 479
479 473
89 52
991 985
985 946
735 729
223 217
479 473
178 223
601 607
473 479
985 991
89 50
857 773
434 484
991 901
818 863
351 345
735 729
217 223
946 985
345 351
517 601
607 601
562 607
601 517
306 261
217 178
562 517
95 89
991 985
434 479
209 192
857 863
645 735
345 261
217 133
345 366
50 5
133 217
345 306
601 607
690 735
773 857
479 473
223 199
857 776
89 95
50 95
601 607
991 901
479 473
95 89
306 351
991 985
178 217
842 868
857 863
261 351
89 5
735 729
133 178
863 857
133 223
217 223
946 991
818 863
249 207
985 946
735 729
735 645
89 95
369 271
389 479
5 50
729 735
991 946
517 544
818 773
345 351
690 747
389 479
306 351
145 206
562 607
351 345
473 479
473 479
95 89
389 479
985 901
991 901
345 365
901 991
389 479
863 857
607 629
95 89
532 576
178 223
89 95
434 479
389 434
50 89
946 985
306 302
261 306
345 351
223 217
601 607
857 773
729 645
351 261
473 434
95 5
261 351
773 818
389 473
601 607
682 761
389 473
985 901
345 379
434 460
50 95
217 223
729 735
735 729
389 479
607 562
991 901
351 345
178 223
89 95
479 473
985 991
607 517
991 901
729 645
773 886
562 564
607 562
5 89
51 94
479 507
991 985
729 645
133 217
985 901
601 607
178 217
178 203
735 690
562 607
473 434
95 50
223 133
729 735
473 479
261 345
645 729
345 351
5 89
479 434
985 991
758 705
783 802
107 13
434 473
223 217
959 1016
5 95
89 5
729 690
863 857
345 351
857 863
178 133
217 223
985 901
89 95
178 223
479 473
517 601
306 351
5 95
50 5
389 457
857 863
729 656
901 991
913 992
434 397
50 95
901 991
818 844
818 863
517 607
306 345
991 985
473 479
217 223
50 17
607 562
857 818
857 773
133 201
946 985
690 735
434 473
991 985
517 562
217 223
89 95
89 50
735 729
901 985
47 30
991 919
351 306
345 351
5 89
89 50
946 991
517 607
863 818
247 228
863 857
345 351
857 863
217 223
818 863
773 857
217 178
931 985
58 59
690 729
773 815
729 645
863 791
479 473
690 735
645 729
223 133
773 863
690 735
223 244
15 83
345 351
857 818
89 50
517 607
857 863
95 89
645 729
645 690
389 473
306 362
217 223
818 773
607 601
217 178
479 473
447 504
857 863
562 517
857 796
50 95
601 607
857 818
119 20
306 345
473 479
818 815
351 345
306 351
351 345
607 601
479 473
141 235
320 350
857 863
562 607
95 89
473 506
389 473
484 503
863 857
345 351
562 517
729 735
217 223
306 351
863 857
601 562
601 607
178 179
479 438
95 89
735 729
901 991
863 857
473 434
50 95
863 857
985 991
735 690
517 562
818 863
857 850
645 735
818 776
517 566
729 735
74 99
991 985
217 223
562 517
857 773
351 345
517 607
217 178
178 217
95 89
729 735
223 151
991 946
178 223
434 456
178 223
735 729
351 306
89 50
89 95
901 991
223 217
50 95
690 654
479 478
479 473
601 562
527 591
985 991
735 690
389 431
133 223
89 95
729 735
562 607
217 246
601 607
946 991
901 985
479 473
729 735
89 95
217 223
314 331
916 1002
517 562
753 681
479 473
50 95
818 773
562 607
5 89
601 607
261 351
223 133
306 351
5 50
479 407
306 351
217 223
5 50
517 601
473 479
95 5
991 985
645 657
95 89
857 863
133 217
607 601
261 306
89 5
985 901
991 921
607 529
991 946
217 223
863 818
601 583
178 217
223 217
991 985
479 389
863 791
655 674
735 645
735 690
773 863
729 641
133 178
857 863
946 991
50 95
261 351
351 306
425 413
473 479
946 985
133 201
261 313
946 991
601 607
351 330
223 151
223 133
89 95
133 217
389 479
479 434
89 14
517 607
389 412
224 172
306 345
351 306
217 178
601 562
645 729
50 89
857 818
306 351
562 607
217 133
95 89
178 223
819 847
133 217
133 223
773 818
517 601
351 345
818 863
901 943
351 306
133 217
773 857
607 562
818 863
901 979
991 946
857 863
473 479
729 735
607 601
985 946
5 50
863 797
95 89
276 320
50 95
607 601
645 713
735 645
863 773
517 607
483 412
818 824
857 863
601 607
517 634
217 223
985 991
95 89
690 669
95 89
645 735
223 178
389 457
985 991
89 95
601 607
473 389
735 663
95 50
985 991
5 47
223 133
601 607
601 562
261 345
345 261
306 261
985 901
901 946
601 607
95 89
690 735
223 133
345 351
601 562
95 89
773 841
351 335
863 857
645 735
434 479
690 711
857 863
773 863
735 690
729 690
95 14
345 306
857 863
261 351
562 553
863 773
89 95
946 991
89 95
517 585
645 690
89 5
169 167
1014 909
95 89
351 270
264 350
991 985
133 178
345 261
601 607
434 479
601 562
389 479
645 708
901 991
389 479
735 729
901 985
50 95
857 863
991 985
5 95
601 607
345 261
306 351
261 351
863 857
735 687
773 863
50 95
217 223
89 95
223 217
89 95
473 479
818 857
479 389
50 95
735 729
991 919
857 863
826 827
690 747
735 729
473 479
857 863
178 133
345 375
306 261
497 479
729 735
223 217
306 351
991 946
89 5
901 991
345 351
985 991
473 389
351 279
562 586
735 723
818 863
261 333
473 479
655 723
223 133
857 818
985 991
735 690
645 729
345 306
178 133
991 985
50 89
5 95
985 991
601 607
5 51
223 178
345 261
991 910
857 863
818 863
89 95
306 379
5 95
434 449
863 773
223 217
217 178
306 317
690 729
601 562
735 729
345 351
261 351
306 261
434 479
217 223
607 562
217 142
95 5
729 735
735 676
703 719
985 991
50 95
601 607
351 345
773 857
729 735
735 645
178 209
991 985
857 863
479 389
818 863
729 690
562 607
178 201
223 217
562 607
735 645
306 351
351 279
438 477
50 95
89 95
857 863
735 729
434 389
306 351
946 985
946 991
690 742
946 961
729 735
350 362
645 735
991 985
306 336
985 991
350 312
946 991
645 757
473 479
345 276
901 969
985 991
946 928
601 607
607 601
389 479
735 714
5 116
50 104
479 434
601 594
517 619
601 607
562 607
479 473
690 757
857 773
863 782
473 434
95 89
434 479
562 607
351 345
345 351
95 14
479 389
562 601
857 773
351 279
863 857
607 562
179 208
223 133
89 64
857 863
985 991
89 50
306 307
863 773
434 479
991 901
473 479
562 607
473 479
89 50
479 434
223 217
863 818
690 715
5 95
857 863
217 223
5 89
729 735
607 601
320 273
319 335
89 95
95 89
261 345
434 479
5 50
345 351
991 985
479 389
736 645
607 515
729 690
985 991
601 607
133 178
601 607
5 89
351 270
217 223
690 735
223 217
857 818
562 517
735 729
89 95
502 397
857 773
517 607
306 351
991 985
655 674
133 217
50 95
178 223
50 5
562 517
261 351
95 89
95 50
89 95
178 133
773 848
170 209
389 483
863 857
473 394
690 735
261 351
818 828
607 601
863 857
223 217
479 407
601 607
351 261
562 517
901 969
217 131
601 543
133 223
217 223
217 178
54 49
735 729
517 607
95 55
562 630
306 351
223 178
946 991
479 473
435 467
985 901
773 846
601 562
196 169
991 985
857 773
985 991
607 601
985 991
995 991
607 601
484 503
223 217
178 184
985 991
178 133
95 5
729 690
857 863
345 351
345 306
607 601
389 431
479 389
818 857
306 351
517 601
690 660
217 178
261 345
223 138
5 95
351 345
345 351
729 690
735 690
863 857
857 863
863 773
857 773
857 863
89 50
473 434
690 729
991 985
473 438
601 607
901 991
773 818
818 863
5 50
729 690
857 863
690 729
582 554
773 863
517 601
773 857
901 985
735 729
991 921
818 857
985 946
217 178
50 5
95 0
690 645
345 261
193 187
178 223
95 5
985 991
729 690
95 23
389 479
479 434
645 729
95 89
217 223
809 856
234 198
178 207
607 562
89 95
729 735
729 690
601 607
601 562
601 607
352 369
901 970
946 985
863 781
562 607
690 645
991 901
517 607
729 735
479 434
517 607
601 562
773 818
89 45
690 735
607 517
607 517
479 434
857 863
306 351
404 507
133 178
991 985
729 690
223 217
345 261
985 991
985 946
1021 945
946 991
23 95
607 601
735 729
985 946
178 217
601 607
367 298
261 303
601 607
938 901
985 946
345 351
863 857
601 562
207 224
985 991
690 735
735 729
773 857
761 753
89 95
89 95
735 729
351 345
863 857
374 298
607 517
434 479
991 901
773 863
979 1007
991 901
946 990
991 901
517 589
773 863
691 654
217 223
633 528
991 946
735 645
261 345
261 351
95 89
946 975
690 645
89 95
95 50
985 991
345 351
729 735
50 95
985 991
517 601
729 735
306 345
95 5
95 50
857 863
995 975
818 776
434 389
223 227
985 991
562 517
607 601
735 729
89 5
911 975
89 95
601 607
818 857
607 517
863 857
133 223
916 904
306 345
89 5
479 473
773 818
818 863
479 434
645 690
99 100
735 690
89 95
95 5
901 950
773 831
479 414
729 735
261 306
818 857
818 847
607 601
991 985
89 79
345 351
89 5
253 245
223 217
863 815
306 270
89 95
773 863
351 261
505 406
5 50
946 921
991 946
95 5
89 50
389 434
89 5
645 735
217 133
473 434
217 223
735 729
133 243
95 89
223 217
89 95
773 863
818 773
217 133
857 863
351 306
857 863
351 345
562 607
434 389
562 517
930 961
517 601
133 178
434 473
217 133
5 89
863 857
645 690
645 735
901 991
89 95
985 991
857 863
607 517
645 735
985 991
479 473
517 559
729 735
217 223
735 645
607 601
863 857
857 863
950 946
479 407
345 306
818 863
690 729
223 217
690 757
330 307
625 570
991 901
5 50
601 607
50 89
607 601
351 306
345 351
607 601
89 50
857 773
178 217
773 863
735 729
735 697
345 306
345 306
89 5
517 607
857 863
5 95
863 818
729 735
345 351
517 607
901 991
351 306
645 735
5 50
857 818
857 863
773 863
857 863
54 50
5 95
178 223
735 729
857 863
517 562
857 773
345 329
946 991
479 434
345 351
479 473
345 290
133 217
89 95
345 306
863 857
223 133
991 985
985 963
985 991
345 351
901 991
655 674
345 351
50 101
261 306
991 901
517 601
863 857
306 351
389 479
991 985
389 473
345 351
223 217
729 735
351 279
645 657
261 381
5 73
690 735
562 542
645 735
818 863
5 89
50 95
473 389
607 601
345 261
223 142
345 351
5 95
345 351
473 434
985 991
351 345
217 191
562 607
601 517
517 607
735 729
217 178
473 434
319 352
857 771
351 274
351 345
735 690
389 414
991 901
901 991
5 89
729 690
95 89
1017 979
345 362
473 479
818 863
562 607
223 217
50 95
991 901
223 146
783 847
178 223
946 991
562 607
985 991
345 351
946 991
217 178
434 479
729 645
708 654
217 178
735 654
217 223
985 943
729 645
89 95
863 857
991 919
223 178
601 607
434 479
217 133
389 479
607 601
217 133
479 434
351 371
773 863
818 773
261 306
217 178
217 223
863 857
735 729
818 863
192 222
991 901
345 351
901 969
479 473
133 178
89 95
169 196
818 773
389 473
818 773
345 351
645 690
223 217
345 351
479 434
818 863
178 223
223 245
479 407
178 199
345 351
985 991
50 57
991 946
985 946
473 434
991 985
217 223
729 735
345 351
946 985
389 479
601 607
946 944
223 217
89 95
95 89
64 55
851 783
473 479
452 399
985 991
473 389
946 991
65 126
351 270
306 351
901 943
473 479
351 345
562 607
473 479
178 223
89 95
434 479
50 29
89 95
351 261
991 997
690 735
735 654
345 351
425 437
607 601
863 818
645 729
773 818
901 991
217 223
601 607
818 794
645 687
345 261
261 329
990 945
217 133
89 95
208 253
690 735
306 351
95 50
95 89
735 729
473 434
562 517
389 479
517 607
857 773
473 479
645 729
351 345
473 479
133 223
345 351
162 133
690 645
345 351
645 718
5 47
863 857
217 223
901 991
607 517
630 601
818 781
5 47
479 473
217 223
729 690
729 645
991 901
345 351
735 645
773 863
645 735
89 5
434 389
857 818
863 857
863 857
863 788
991 946
389 468
479 404
991 919
5 73
645 735
691 683
479 473
857 818
901 946
863 773
601 607
985 991
517 607
351 345
773 863
479 473
857 773
991 985
50 95
735 645
783 851
479 434
479 473
863 818
50 95
946 913
645 735
562 517
351 345
261 351
946 985
773 857
89 95
601 607
261 306
89 50
473 479
351 345
434 384
773 857
991 985
863 857
857 818
89 80
351 349
991 985
261 306
345 286
42 51
818 773
729 690
89 95
133 217
729 645
863 818
607 562
133 217
833 780
708 655
645 735
89 95
217 223
95 89
857 863
41 23
991 901
434 473
191 224
345 351
217 133
89 95
517 607
434 479
863 857
133 217
863 773
479 389
50 95
50 20
857 863
863 857
133 223
645 713
562 607
434 479
178 223
217 223
389 473
473 479
217 178
729 735
261 345
50 95
690 767
857 863
619 525
562 607
473 434
901 985
95 89
601 583
50 95
351 306
298 337
217 223
345 351
773 863
89 50
5 99
223 133
985 991
901 985
607 601
5 95
223 151
434 479
857 863
690 645
857 818
637 614
645 690
863 818
607 517
517 562
223 133
607 601
985 901
345 306
95 50
601 607
991 901
217 223
178 223
601 607
306 261
645 690
473 479
145 179
89 50
517 557
133 158
645 735
479 473
5 95
95 89
479 434
95 89
946 991
735 729
389 457
217 178
773 818
857 773
985 946
857 863
729 645
223 178
773 857
946 985
517 607
389 479
5 95
562 606
54 95
818 863
133 129
473 479
434 389
857 818
196 169
95 14
601 526
735 739
607 562
89 5
863 773
818 857
479 398
217 178
991 901
351 306
901 943
690 729
818 863
729 640
690 735
690 735
809 863
857 773
351 256
479 389
857 863
517 562
178 234
946 991
50 95
223 217
351 345
645 735
113 58
223 182
345 351
375 379
345 351
178 130
95 5
773 815
95 50
863 782
50 95
857 863
517 601
690 729
863 782
50 6
434 479
89 14
690 735
178 217
991 901
261 345
645 713
178 223
223 217
473 389
818 863
607 601
946 991
5 17
50 95
473 479
985 946
818 863
690 735
729 735
217 223
601 562
857 773
601 607
985 946
223 217
985 973
261 329
351 340
809 777
857 863
729 735
94 46
517 601
217 223
95 50
857 818
133 142
985 901
351 318
991 985
946 991
690 735
901 985
729 735
223 178
341 345
985 901
133 217
434 473
517 601
473 479
773 863
946 913
217 178
946 991
222 227
857 863
863 818
435 480
601 607
77 58
351 345
946 901
223 234
517 601
773 815
991 946
946 902
261 351
473 479
345 350
5 95
637 514
473 479
5 95
857 818
773 863
985 991
345 306
818 863
351 345
217 178
562 529
959 991
261 351
946 901
729 690
729 645
985 991
473 479
5 47
601 607
345 351
217 223
735 690
5 50
217 223
773 857
901 991
20 83
863 857
601 607
89 5
729 690
729 735
991 901
735 690
95 5
178 223
601 547
306 351
351 270
729 691
562 607
473 389
946 991
601 607
645 735
306 266
645 658
601 554
389 473
95 89
345 351
345 371
736 645
261 345
601 607
261 345
606 590
473 479
217 212
734 718
985 946
985 991
818 863
601 607
601 607
223 178
690 675
473 503
601 562
690 696
473 434
601 562
562 582
479 509
5 95
562 517
863 787
946 969
720 690
645 735
991 985
345 351
857 863
133 132
261 351
473 389
867 780
261 345
414 473
729 690
601 517
773 841
479 389
566 601
857 863
857 863
95 89
645 735
217 223
217 223
217 133
351 279
607 562
178 223
818 857
351 270
345 306
601 607
5 23
50 95
562 607
863 791
517 607
562 607
306 310
601 520
95 89
434 479
223 178
50 95
133 175
601 607
345 340
95 89
553 544
645 690
991 946
217 178
857 863
901 1019
857 863
985 991
5 89
95 23
818 773
95 89
517 601
95 5
351 345
735 729
645 735
178 223
261 345
773 857
645 687
473 479
735 729
607 601
729 735
345 351
89 79
306 351
345 261
95 89
5 95
991 915
601 562
729 735
148 192
345 351
607 517
306 351
1015 1019
517 607
601 517
479 389
735 729
991 985
690 645
645 729
89 95
612 526
473 434
645 735
645 687
601 607
735 729
217 133
507 503
601 635
100 119
562 517
517 583
985 991
857 773
389 473
863 857
985 991
735 729
434 479
434 479
857 863
857 863
351 345
857 863
479 473
601 607
654 735
946 901
89 95
479 473
479 389
89 5
946 980
690 735
50 95
351 306
857 818
985 946
857 818
389 479
479 473
95 23
886 781
863 857
562 607
345 306
601 557
389 473
95 89
306 261
434 445
306 345
607 601
729 690
223 217
985 991
601 590
89 50
261 345
89 95
729 735
517 607
345 351
690 735
863 773
473 479
473 389
517 585
389 457
868 782
389 473
857 863
729 735
89 95
223 178
345 261
863 773
857 863
133 223
51 59
389 473
782 849
562 607
473 479
345 351
863 773
792 818
601 517
217 178
351 345
601 607
389 473
690 729
901 991
645 735
773 818
223 142
562 607
857 818
50 89
773 841
217 223
351 345
178 247
735 696
351 345
729 735
729 735
95 89
306 345
729 645
773 863
901 991
223 178
5 95
345 351
217 191
345 351
735 690
735 690
389 479
223 217
818 863
635 631
235 141
991 985
818 863
607 517
735 645
735 729
633 618
857 863
133 217
89 95
985 991
473 479
857 791
473 434
89 50
95 89
345 261
133 217
562 517
345 351
991 910
985 991
473 479
735 690
773 815
601 607
645 735
729 735
479 398
773 863
607 601
566 562
857 863
5 95
484 503
607 601
223 178
863 857
448 389
950 924
217 223
810 819
367 306
857 863
729 690
351 345
690 729
351 281
133 178
389 434
729 735
773 847
901 991
729 735
729 645
607 601
5 95
901 991
991 985
389 434
261 345
601 606
562 513
985 950
306 351
473 389
223 217
51 63
217 223
479 473
645 687
345 351
818 863
857 863
217 223
5 95
89 95
985 991
473 414
729 735
946 991
351 345
991 985
901 991
773 819
479 473
261 351
985 946
223 217
276 320
991 985
601 517
901 985
261 351
773 863
178 223
857 818
857 818
729 690
133 201
389 457
601 517
690 645
223 133
946 985
452 398
637 544
345 306
217 223
389 434
729 735
601 607
645 690
178 223
735 690
448 467
223 217
901 985
434 389
95 89
89 95
178 133
735 729
517 585
863 857
946 945
690 735
607 562
351 306
991 985
517 607
345 351
217 223
985 946
991 985
50 89
473 479
818 857
773 818
773 857
607 601
901 985
50 45
5 50
133 178
223 217
89 5
773 863
223 142
389 447
434 473
857 863
473 389
261 351
517 601
818 863
95 89
562 517
991 910
89 95
217 148
857 863
5 89
217 223
901 977
473 479
991 946
223 217
690 735
89 95
345 351
95 5
479 473
47 98
217 245
189 227
601 607
95 83
946 991
863 818
50 89
314 280
517 562
735 690
473 389
223 178
345 351
690 694
434 473
901 946
517 601
729 735
434 401
818 775
479 389
729 735
690 736
818 863
89 50
735 671
729 741
50 95
345 351
863 857
818 863
479 473
178 133
345 306
389 479
351 261
50 95
607 601
389 479
729 735
261 351
901 946
601 562
89 50
399 467
133 223
633 574
261 306
991 901
345 351
479 407
434 389
261 381
434 389
223 217
223 194
473 434
50 5
517 607
95 14
517 601
517 607
901 985
473 507
178 217
985 946
345 306
345 351
857 863
479 473
601 607
991 919
473 479
251 247
89 5
985 946
913 973
217 223
89 50
178 223
50 38
223 142
863 857
89 95
479 473
306 351
389 434
345 261
946 991
217 223
690 735
217 223
178 133
607 562
351 306
133 178
735 729
645 729
89 95
306 351
729 735
50 95
42 51
345 351
50 95
217 223
977 960
389 479
50 95
601 517
857 818
818 863
991 901
479 473
178 223
729 645
991 985
729 735
345 351
351 345
517 607
178 223
735 645
223 151
517 559
497 442
217 133
818 863
261 306
473 434
89 95
217 223
351 261
50 89
625 570
607 562
773 857
607 601
562 517
991 946
735 645
868 887
863 857
345 261
389 473
690 645
857 863
946 985
95 5
50 5
601 562
818 857
857 818
735 690
607 622
946 991
985 991
729 735
133 222
217 223
832 809
729 735
223 178
473 434
473 479
345 306
473 479
517 607
946 991
389 473
227 254
985 991
217 223
863 857
5 89
223 133
479 434
857 818
863 773
773 818
5 89
946 944
434 458
773 857
89 95
773 828
351 261
345 308
121 88
607 562
473 479
562 607
5 30
217 223
5 89
601 607
345 261
996 910
601 562
562 601
517 607
261 351
562 601
95 14
217 223
133 178
562 555
345 351
645 735
991 901
217 223
735 729
773 857
607 562
690 735
351 345
601 607
562 607
946 1015
473 479
95 89
863 857
607 562
479 473
389 434
729 735
729 735
901 991
985 991
645 729
479 434
223 217
217 223
50 95
690 645
607 601
89 95
946 991
601 517
473 479
985 991
479 434
306 261
95 14
5 50
345 306
773 845
729 735
857 818
133 217
178 217
601 607
505 506
901 946
857 863
607 562
434 479
473 434
217 178
389 431
223 133
143 162
729 735
479 389
857 863
345 306
133 223
178 223
946 1002
863 857
901 991
857 863
356 375
991 946
223 217
690 729
773 863
601 517
985 991
729 703
178 223
868 887
345 351
562 517
645 690
389 459
351 345
178 255
690 735
95 89
306 351
5 95
901 946
345 306
473 479
990 912
818 773
901 991
473 479
95 89
389 431
178 223
223 178
479 473
601 607
785 844
261 306
58 77
818 863
434 479
377 339
345 351
473 479
517 562
985 901
479 473
863 857
306 351
473 479
261 306
901 943
653 747
89 95
729 735
773 857
863 857
901 1012
94 70
351 306
377 292
946 991
735 690
863 857
217 223
50 5
517 589
773 863
985 901
223 133
223 133
601 550
217 223
5 95
729 735
95 89
985 991
645 729
991 985
345 351
95 89
991 985
345 329
389 434
946 991
473 479
773 863
607 562
690 701
562 607
473 479
345 351
517 601
991 901
607 601
857 863
863 857
611 571
901 947
306 351
607 601
607 601
739 761
735 729
14 100
857 818
178 145
773 818
735 645
773 818
473 434
355 304
735 729
261 345
345 340
210 133
991 946
601 562
178 251
991 901
857 863
985 946
5 89
785 782
345 351
985 991
916 960
863 782
607 601
946 991
562 517
729 690
690 729
562 601
562 557
345 306
985 946
133 182
663 690
735 690
389 473
178 223
178 199
223 217
729 645
901 969
223 133
773 863
50 5
901 991
950 981
89 50
290 271
857 773
389 479
773 861
223 178
607 517
690 729
773 863
306 261
735 729
50 89
607 601
946 991
345 333
306 345
857 773
863 857
901 985
729 735
479 434
389 479
991 985
95 57
223 133
601 607
735 690
985 991
217 223
345 351
89 50
345 351
735 729
607 601
351 345
985 991
517 601
5 95
645 735
223 178
985 991
946 991
389 479
601 517
217 223
729 735
691 707
345 351
389 402
479 473
857 818
863 857
985 946
5 50
133 223
729 735
306 261
946 991
601 562
607 601
729 735
901 946
607 562
351 345
351 345
133 223
601 607
89 85
857 818
863 773
473 479
434 479
857 818
607 601
345 351
857 863
473 479
645 690
809 836
991 985
50 17
345 306
223 151
729 735
389 479
479 389
306 338
89 95
517 601
217 223
773 863
901 985
217 223
901 991
50 89
351 306
133 178
217 223
601 607
89 50
729 735
901 991
607 610
985 991
217 133
818 863
901 985
217 223
991 901
473 479
991 946
729 690
563 592
985 946
729 645
5 89
773 857
50 95
901 985
479 434
5 95
223 133
566 621
645 690
729 735
645 735
345 351
269 363
690 735
182 213
690 740
479 473
306 345
95 5
818 773
985 901
729 690
645 729
946 991
217 223
690 735
901 946
89 95
946 991
818 806
729 690
351 261
857 863
525 619
735 690
217 223
857 863
607 601
306 345
773 863
473 479
207 224
89 95
133 178
133 217
517 562
729 690
735 690
223 133
1017 1008
660 746
946 991
89 95
517 607
473 479
89 5
729 735
178 205
690 735
345 261
50 5
261 351
133 178
857 863
434 479
473 479
389 434
645 735
17 94
562 601
89 95
389 434
89 95
863 773
857 863
133 223
178 223
690 735
818 773
345 351
95 50
345 261
729 735
946 985
50 95
133 223
351 345
601 517
119 123
985 1012
735 645
148 192
735 645
217 223
729 735
575 593
773 857
857 818
517 559
910 977
782 868
991 985
991 946
729 735
345 351
434 479
261 381
729 645
389 484
217 223
946 991
306 351
89 95
83 106
729 735
735 690
217 223
991 946
145 223
761 731
50 95
901 991
434 473
133 217
345 351
735 729
607 603
734 707
345 306
148 192
818 863
306 351
95 89
50 95
901 991
223 133
17 125
985 901
306 351
946 991
562 517
95 89
863 818
95 80
345 351
95 89
351 345
178 223
261 345
863 857
773 847
517 607
985 946
389 479
5 50
5 50
601 517
5 50
5 95
223 151
601 607
735 690
133 205
985 946
351 345
345 261
5 50
434 479
729 690
448 467
773 863
773 857
306 261
479 473
50 95
223 178
607 535
89 95
473 389
857 863
901 991
389 473
479 434
857 863
818 863
95 89
217 223
5 50
143 211
818 863
773 841
562 607
223 133
261 345
178 223
50 74
217 223
645 690
773 815
89 50
601 607
601 596
735 690
95 89
133 217
89 5
562 607
351 273
985 901
89 50
991 901
645 729
946 1002
217 223
517 562
50 5
625 570
306 351
95 89
345 351
89 5
517 601
5 50
178 213
5 47
946 977
473 479
178 223
690 735
223 151
985 946
863 862
434 458
133 217
645 729
562 607
562 607
276 320
479 473
133 223
681 729
990 969
330 356
739 694
690 735
479 389
345 261
89 50
434 404
479 473
217 223
223 199
562 607
473 479
351 345
95 5
5 81
306 351
351 261
345 306
773 863
818 863
729 645
479 434
729 645
95 89
863 773
261 351
479 465
601 607
345 366
178 133
479 473
345 351
735 749
434 427
345 306
89 70
434 473
863 818
351 345
946 1006
261 345
818 863
473 479
345 351
601 562
985 901
562 607
985 901
351 270
264 321
729 645
389 479
95 50
223 217
89 95
89 50
735 729
863 818
89 95
217 178
729 735
729 690
389 473
89 5
822 863
704 721
95 23
831 847
517 603
217 223
562 607
479 434
434 479
562 607
601 562
985 901
261 351
729 735
601 517
735 729
562 601
863 773
178 223
345 351
473 479
434 479
562 607
562 607
133 223
645 690
306 351
562 517
985 946
863 773
857 863
517 607
223 133
479 434
985 991
601 607
517 607
735 679
607 517
270 356
773 857
863 857
89 5
178 133
985 991
857 818
863 857
734 675
985 959
991 946
863 791
94 20
50 95
223 178
645 729
351 303
901 946
133 178
729 735
901 991
645 735
575 591
857 863
857 818
645 663
946 901
562 607
306 351
857 863
985 991
694 726
178 217
517 607
985 934
306 261
607 591
41 35
351 345
857 818
345 351
735 658
773 857
857 818
389 473
50 51
223 217
95 89
729 688
306 351
339 271
601 607
434 473
306 351
690 729
89 48
389 479
133 223
735 663
223 217
734 756
601 607
863 857
645 729
217 212
223 222
729 735
901 946
5 73
89 95
729 735
178 133
345 351
601 607
503 507
773 863
857 863
729 735
479 389
690 742
5 50
910 996
645 735
99 6
562 616
985 991
125 64
901 991
985 901
223 206
479 473
607 517
950 1001
729 690
95 5
517 562
946 901
562 607
217 223
89 95
857 863
645 690
306 351
946 991
351 345
89 95
95 5
89 95
517 601
645 670
306 351
645 735
50 95
223 217
773 863
517 607
473 389
50 95
133 207
261 329
857 863
473 479
345 351
351 306
473 479
562 601
306 261
306 351
735 645
901 991
345 306
991 946
607 601
601 607
345 306
517 607
607 601
729 690
991 946
345 306
773 863
434 479
690 735
607 601
818 863
773 865
517 601
566 627
345 261
601 607
64 83
223 178
985 901
178 133
479 473
691 731
473 434
773 863
607 562
202 148
95 89
217 133
517 607
864 831
178 133
389 479
985 991
217 223
95 23
607 559
345 379
773 779
178 150
601 607
607 601
217 223
946 991
50 5
133 217
735 729
714 660
901 991
601 517
89 70
95 89
601 557
351 306
217 178
946 901
977 938
863 773
946 985
306 319
863 773
729 735
345 306
601 607
434 473
351 306
735 690
857 863
729 735
51 42
217 133
473 434
95 89
217 223
306 349
425 405
857 818
735 645
991 946
735 654
479 434
818 863
50 95
985 946
735 663
473 479
863 857
645 729
223 133
217 223
863 782
351 345
607 601
217 223
479 473
217 223
985 991
991 972
601 607
95 50
223 178
863 773
985 991
479 398
901 991
645 729
517 607
89 5
223 217
178 223
434 479
937 942
118 65
217 223
527 595
991 985
729 735
645 763
901 1011
704 759
991 985
818 863
729 735
178 145
863 773
607 566
5 89
151 223
133 178
562 607
217 223
389 434
857 773
95 50
434 479
223 151
133 223
389 431
857 863
863 857
261 351
217 133
261 306
223 133
5 89
517 607
95 50
479 389
95 89
5 73
863 818
991 901
773 857
645 735
223 192
818 863
645 713
985 991
601 607
133 179
217 223
985 991
729 735
89 50
985 991
893 862
857 773
863 857
735 729
857 818
863 857
389 434
773 863
991 985
217 223
223 217
773 818
734 767
223 178
991 985
50 95
818 773
773 818
473 434
133 217
345 306
389 473
479 389
517 607
50 53
819 822
517 595
985 901
863 857
607 515
773 863
389 473
535 607
261 351
901 985
946 985
479 389
306 313
729 735
857 863
729 735
89 95
991 910
479 473
261 351
479 473
345 351
985 991
473 479
729 735
389 473
434 479
818 773
95 89
50 95
607 601
351 345
985 991
223 133
818 863
473 479
735 645
735 645
818 863
909 977
601 517
901 991
95 5
345 351
562 517
946 991
473 479
607 517
562 583
773 891
645 713
553 630
601 517
735 729
246 170
901 985
345 351
473 434
89 50
985 991
607 562
645 729
985 901
863 878
345 351
818 863
223 178
857 863
351 306
133 217
389 473
645 735
223 133
985 991
261 351
985 946
985 991
601 607
5 89
985 991
901 969
50 89
857 863
178 223
306 347
729 735
351 261
729 735
345 347
434 479
434 479
857 863
178 217
223 217
991 985
223 217
179 128
918 946
601 607
345 351
946 901
562 607
5 89
704 688
389 479
645 690
434 495
729 735
562 607
735 729
389 473
345 351
735 645
473 479
901 946
306 261
479 394
901 985
601 607
389 479
5 73
863 857
473 434
991 985
345 270
479 434
985 946
306 345
985 946
473 389
607 561
818 836
735 690
217 178
607 601
601 607
901 991
729 645
345 306
637 518
473 479
426 465
178 217
351 306
351 279
991 946
306 274
345 351
857 831
351 261
261 345
645 729
607 562
89 5
345 279
601 607
217 178
901 991
133 217
473 491
479 473
601 607
133 178
5 89
89 50
351 306
857 863
735 729
479 398
818 863
473 479
306 351
690 735
306 351
223 133
133 217
562 512
306 351
473 479
607 562
690 735
479 434
345 258
95 50
473 479
735 729
657 690
345 261
351 306
435 484
729 763
863 773
261 345
89 95
729 735
857 863
307 278
863 773
601 562
657 735
601 607
857 773
310 302
991 946
985 912
857 863
217 223
306 351
857 773
178 133
857 863
401 509
50 95
351 345
351 261
991 985
306 351
991 985
991 901
217 178
601 558
434 479
601 517
434 389
901 991
351 375
473 389
223 217
217 223
783 802
863 857
607 517
369 314
389 479
857 863
178 223
517 607
178 223
217 178
261 345
95 89
901 985
729 735
351 373
645 729
735 690
5 95
517 631
473 479
389 435
345 351
217 223
735 729
601 517
946 991
217 178
607 535
601 629
991 901
223 217
89 113
95 5
985 946
479 431
991 946
389 434
991 985
645 735
223 151
345 306
5 95
351 306
1021 994
562 601
178 217
946 975
991 919
901 993
95 89
306 261
95 5
517 607
178 223
791 863
857 818
857 818
434 479
517 607
863 857
866 874
773 818
863 773
223 178
473 479
857 863
217 223
985 1003
857 863
306 261
729 735
601 607
857 818
946 901
946 1017
217 133
95 5
223 217
991 985
857 863
133 209
345 306
345 306
217 223
473 479
740 759
901 991
729 735
217 133
857 785
345 340
479 434
473 434
690 729
50 44
657 723
985 901
729 735
735 690
261 351
991 985
473 389
223 229
857 818
863 791
95 89
133 178
831 864
985 991
601 562
791 863
645 729
857 863
818 857
95 89
15 34
95 89
891 887
467 490
601 607
607 601
735 645
306 345
261 345
95 89
517 562
991 985
473 434
985 991
351 345
306 351
735 729
735 690
479 434
601 517
345 331
773 863
690 735
729 735
562 607
479 473
773 863
89 95
729 734
389 473
89 95
601 517
729 735
50 95
345 321
818 857
601 607
601 562
478 486
690 729
857 863
434 389
773 827
985 947
178 223
434 389
946 915
217 223
351 349
857 818
698 753
863 857
723 655
217 178
985 901
178 182
345 351
351 306
5 95
345 306
306 375
389 473
901 991
863 818
773 857
133 223
818 863
601 607
690 757
901 1002
562 607
985 991
729 735
985 946
729 718
223 217
607 562
601 568
991 946
985 991
946 991
95 89
901 991
5 41
991 946
601 517
95 14
607 562
645 735
89 95
434 426
863 857
601 607
946 991
863 818
901 1019
434 479
985 991
729 690
389 429
5 95
946 991
217 223
473 479
773 818
607 569
434 389
946 996
345 351
217 223
479 478
434 389
100 119
690 654
473 479
857 818
607 517
345 351
217 178
985 991
389 479
985 991
50 95
645 690
178 217
562 607
985 946
434 479
473 479
434 479
434 473
985 946
473 479
601 607
818 863
901 946
735 729
863 857
729 731
517 607
690 735
50 95
479 473
389 479
863 831
223 133
434 409
601 562
133 223
345 275
735 729
773 857
985 991
729 735
89 95
985 991
857 818
306 383
217 223
735 729
89 95
345 351
473 479
479 473
729 690
991 985
863 773
89 95
729 735
911 930
374 321
50 76
991 985
857 863
133 223
434 460
89 95
50 92
517 562
217 178
729 735
223 133
351 261
133 223
773 863
938 947
773 818
657 765
389 434
601 607
217 223
5 95
178 253
946 901
217 223
735 729
133 217
473 479
857 863
773 863
271 335
95 30
985 946
991 919
345 351
306 351
601 607
729 735
601 607
351 261
990 1015
261 306
735 729
89 50
901 991
351 279
857 847
517 587
690 735
362 354
607 562
95 8
389 479
345 374
517 601
517 562
479 507
809 854
645 729
601 562
89 95
50 95
601 607
601 618
607 562
178 217
133 217
729 690
773 818
773 809
818 857
863 818
217 223
857 863
601 607
729 735
133 178
690 765
946 978
645 690
345 261
601 607
479 434
607 601
645 735
729 645
773 857
89 95
50 127
228 182
991 946
601 607
54 110
345 286
562 636
818 863
562 517
228 247
593 554
473 384
217 223
601 607
306 261
306 351
479 467
217 178
473 434
991 985
217 223
95 89
863 857
607 562
217 199
50 95
645 690
50 47
601 607
95 83
946 924
991 946
729 690
607 601
818 863
95 14
729 735
389 479
223 245
89 5
345 351
690 735
946 991
351 306
601 607
479 473
223 133
985 991
178 198
863 857
351 345
601 607
607 535
735 645
645 735
133 178
985 991
985 991
985 941
773 788
223 142
901 985
351 350
261 303
389 473
607 562
773 857
901 985
562 607
89 81
985 991
729 735
5 89
261 345
863 857
473 479
178 199
601 607
517 543
261 351
389 473
562 596
562 541
773 863
133 223
178 198
857 862
95 89
736 685
443 447
133 178
517 562
345 306
351 261
473 434
601 607
5 95
473 389
773 863
735 645
985 946
857 863
434 473
857 863
645 714
985 991
473 479
690 735
857 863
261 351
473 479
217 178
991 985
607 601
913 932
473 479
729 735
645 735
857 863
223 183
985 901
607 601
863 818
133 223
607 601
95 5
389 473
857 818
434 389
562 607
562 522
306 351
479 389
985 939
280 350
351 335
863 857
991 985
89 50
217 133
479 389
217 178
389 479
473 479
857 773
5 89
517 559
857 863
223 133
946 991
607 601
54 83
434 473
946 991
389 452
81 100
223 142
89 95
133 178
404 448
946 991
473 479
1017 973
863 773
562 607
178 223
306 351
901 980
818 863
901 991
50 5
345 306
562 601
5 50
601 607
729 735
223 178
95 29
562 586
607 517
389 479
220 178
562 601
690 735
448 467
217 223
228 179
217 223
261 351
345 257
434 389
601 607
857 818
729 735
783 851
223 133
89 50
818 863
645 729
645 735
95 5
133 254
863 857
473 479
857 860
217 178
5 47
95 89
223 217
217 223
389 479
345 306
479 473
345 351
434 479
473 389
901 922
389 473
819 868
672 714
985 991
818 857
95 50
517 601
5 50
592 562
607 562
857 863
261 306
517 601
901 991
261 270
946 991
89 95
645 687
50 95
607 562
601 562
5 95
901 991
857 863
562 607
991 985
50 95
479 473
89 5
351 345
863 857
645 729
473 434
985 991
863 857
729 690
562 608
863 803
611 628
818 863
729 735
261 345
818 863
857 818
50 95
985 901
901 985
857 773
690 735
261 355
991 985
178 223
351 270
389 457
864 806
857 863
50 89
89 95
765 719
389 479
773 863
479 473
479 389
345 261
351 306
985 991
857 863
985 991
95 5
729 735
729 703
217 223
735 729
217 223
473 479
310 339
735 690
690 645
89 50
505 473
345 351
729 735
729 735
345 351
5 73
857 818
306 351
479 434
991 946
886 810
95 14
773 857
479 407
89 95
591 571
601 607
193 202
985 946
389 479
729 735
607 562
178 217
479 389
345 351
729 735
479 434
89 95
89 95
89 50
985 991
95 5
645 735
89 95
863 818
857 863
306 345
690 645
601 562
5 95
985 946
351 345
867 850
125 60
217 223
5 93
351 345
217 223
50 95
818 863
901 991
404 448
735 654
434 458
729 735
133 223
345 351
351 261
607 562
217 223
601 611
985 991
50 82
434 389
985 991
946 972
729 735
351 345
690 645
601 607
562 607
517 634
690 729
857 863
345 351
818 863
25 106
389 473
351 279
434 479
434 479
178 223
601 607
645 690
217 133
991 985
857 863
991 899
133 223
607 601
690 735
345 351
261 259
562 607
607 601
351 306
645 735
607 562
517 607
735 690
863 773
261 306
517 607
729 735
345 261
345 351
991 901
351 345
63 79
985 991
306 351
217 223
95 89
863 857
985 901
473 434
95 89
261 351
991 1021
863 857
901 991
517 601
991 985
729 645
729 735
261 351
306 351
985 991
818 863
133 223
95 89
473 479
991 985
985 991
607 517
473 479
261 351
345 351
89 95
562 607
863 857
857 863
985 980
517 562
434 479
985 991
901 946
5 50
818 820
562 607
985 991
479 473
901 985
729 735
946 922
89 50
645 735
345 351
89 50
351 345
729 735
306 261
607 601
389 479
326 335
351 261
863 857
562 607
261 379
479 389
473 479
89 95
753 698
645 735
95 89
546 526
690 729
223 133
223 217
133 217
306 351
434 479
178 223
645 735
773 818
703 760
975 979
517 562
133 223
607 601
607 562
473 434
857 863
95 50
607 601
607 601
601 607
389 457
901 991
389 479
434 479
89 95
479 473
345 351
5 95
473 479
479 389
735 690
863 773
377 375
351 261
645 690
946 991
946 991
773 857
351 355
601 607
985 995
490 479
788 832
133 145
425 462
89 95
517 562
351 270
946 959
351 306
901 991
389 434
276 264
50 89
64 44
729 735
818 863
223 217
50 95
473 479
434 479
857 773
562 607
694 704
863 857
133 178
863 818
773 841
223 217
985 991
991 985
261 345
735 729
985 1016
89 50
690 657
89 95
562 607
729 718
991 985
857 863
434 479
985 901
473 479
562 607
133 217
607 601
5 50
95 89
607 601
345 351
818 863
345 351
901 946
690 735
351 345
690 735
735 690
863 857
261 333
601 562
690 660
822 780
729 642
517 607
473 479
735 645
946 901
217 223
943 932
50 89
818 807
946 991
261 345
261 383
5 73
763 759
50 89
645 690
217 178
554 623
773 863
434 479
89 5
306 351
857 843
479 389
553 551
863 857
351 306
182 183
306 331
863 877
785 835
95 89
601 607
729 735
857 863
985 991
389 404
95 89
270 337
601 562
729 735
448 477
434 454
50 95
729 735
133 223
217 178
99 42
985 991
1002 991
818 824
645 735
176 178
473 434
729 735
864 808
479 473
5 50
5 89
473 479
991 985
946 991
735 690
223 151
345 351
863 857
562 601
217 223
351 270
217 178
735 729
223 178
645 729
773 857
517 607
681 683
389 479
985 991
479 434
228 247
351 345
217 178
479 389
991 946
991 985
345 306
818 809
857 818
345 306
607 601
50 95
863 857
261 345
479 473
645 735
773 863
473 434
985 991
729 690
178 151
351 357
5 95
991 985
729 735
946 991
217 223
601 562
473 479
217 178
223 217
517 562
601 607
690 645
818 821
473 479
735 662
601 517
729 690
479 434
351 261
735 729
223 178
690 735
89 50
479 434
562 607
389 479
991 946
601 562
601 607
946 898
5 89
857 818
591 526
863 857
178 210
223 221
473 479
562 609
991 946
863 773
773 863
690 735
50 95
217 223
95 59
261 339
261 351
113 58
351 274
729 690
735 690
473 389
607 601
89 95
946 991
345 377
89 95
562 607
50 95
133 178
607 562
148 192
473 479
5 95
95 50
89 46
377 339
729 690
345 306
645 735
223 142
133 217
351 345
50 95
89 95
473 479
607 595
607 601
863 857
991 985
601 607
607 601
434 389
601 607
601 607
479 434
473 479
389 479
913 1000
607 562
863 857
607 601
946 991
473 434
607 601
607 562
223 217
434 463
5 50
94 61
517 601
5 95
20 8
863 782
690 735
50 95
133 217
89 95
857 863
217 223
306 261
863 857
863 857
758 653
473 479
901 985
985 991
857 863
991 990
863 857
601 562
735 729
261 351
89 95
863 857
818 857
562 517
946 955
735 729
562 607
89 39
351 306
525 563
690 729
735 729
517 562
729 690
729 735
991 946
985 991
517 607
345 351
863 773
89 50
601 515
729 715
773 818
1003 909
351 366
863 782
863 857
217 223
946 991
351 335
517 609
217 223
345 351
562 631
351 345
89 95
857 849
985 962
773 862
645 729
901 964
985 991
261 303
863 857
261 345
95 89
89 95
399 418
133 217
735 645
729 690
783 851
991 985
857 825
946 991
473 479
601 517
89 95
562 607
5 89
345 336
89 95
985 946
601 607
95 89
95 5
517 562
601 607
601 562
133 217
50 89
517 562
306 351
89 95
690 729
89 95
89 95
818 854
217 223
217 223
223 217
562 535
389 415
847 831
946 956
178 223
901 991
298 307
645 735
217 223
479 434
863 857
261 351
660 704
645 713
607 535
217 223
345 306
479 434
217 223
863 822
217 223
95 89
991 985
351 345
863 773
690 729
601 607
345 351
857 863
946 985
690 729
261 306
345 351
178 223
901 991
607 562
306 345
5 50
5 76
901 991
479 389
434 431
729 690
178 133
5 95
818 863
645 713
345 351
95 5
211 234
50 5
517 575
901 985
5 95
601 562
351 261
863 818
5 95
985 946
5 81
389 479
261 351
95 5
89 95
434 390
50 17
863 857
601 607
389 479
729 735
645 729
773 857
818 863
351 345
985 901
5 50
345 272
607 601
351 345
217 142
601 607
473 479
95 50
345 261
645 685
818 863
133 178
517 607
607 601
913 1023
901 991
479 473
63 96
50 95
5 50
479 473
562 607
735 690
479 473
133 223
89 95
306 345
991 946
991 946
473 479
607 601
223 217
601 512
729 645
473 479
434 480
5 95
946 991
563 592
735 645
479 389
261 334
89 95
910 977
345 351
480 498
68 41
223 133
645 713
729 690
473 389
95 89
985 901
601 565
562 607
848 818
178 158
321 292
345 351
819 848
562 607
562 607
133 223
562 633
89 95
479 473
261 306
434 479
5 89
517 546
863 884
345 306
5 50
645 735
133 243
735 729
345 306
645 690
306 345
133 190
985 946
345 351
645 690
818 857
818 863
690 735
182 195
5 79
89 95
95 89
517 607
735 645
217 223
959 992
89 95
991 985
133 178
946 901
473 479
553 600
306 261
89 95
223 133
690 735
863 857
89 50
985 991
178 223
217 223
50 89
831 888
225 217
434 473
89 95
89 5
473 389
133 223
991 919
607 562
901 969
178 134
401 406
479 389
991 989
857 863
306 351
442 408
345 351
89 95
601 635
434 479
95 23
217 223
89 50
773 863
434 479
351 306
345 351
345 351
479 473
911 979
351 261
562 517
89 95
985 991
178 157
261 306
729 645
735 729
479 463
857 818
562 543
473 479
857 863
217 223
517 607
601 607
89 95
601 607
729 735
607 562
41 23
306 351
50 95
95 5
50 95
660 704
5 81
178 223
991 946
729 735
217 178
601 517
178 217
773 818
985 924
448 455
857 863
345 351
946 901
607 562
863 857
990 1023
223 217
735 729
690 735
729 690
601 607
735 645
645 735
637 529
857 818
50 95
985 901
991 901
5 95
991 985
178 223
345 276
306 351
985 991
5 99
345 351
473 479
991 946
607 601
946 901
946 985
690 645
95 5
89 95
306 345
985 899
607 535
133 223
434 389
645 735
5 95
901 1006
261 306
863 857
345 351
217 223
1003 909
985 991
473 479
645 687
954 1009
5 95
434 479
217 178
95 89
222 230
178 133
351 261
89 95
479 447
89 95
901 955
517 538
863 818
601 607
857 863
133 217
946 901
261 351
857 773
783 802
601 562
345 351
857 863
425 473
773 864
50 89
345 351
985 979
729 735
729 690
473 434
863 857
95 50
479 389
773 818
601 607
50 95
901 991
985 1008
991 946
818 863
593 576
434 389
223 178
479 434
991 946
89 5
178 223
473 479
473 410
645 735
473 479
222 211
863 810
601 607
50 93
5 2
473 479
863 818
607 517
562 517
517 607
985 991
946 985
133 175
473 479
479 473
178 223
857 863
479 402
562 607
696 645
169 178
601 562
306 345
217 223
681 708
729 690
601 607
690 645
178 133
223 158
991 901
690 735
434 389
645 735
345 306
345 261
562 601
991 901
857 863
1021 900
645 690
50 5
645 717
389 431
434 479
735 690
822 851
991 985
773 818
345 351
381 356
773 881
562 605
607 562
946 901
818 853
5 95
345 261
217 223
857 863
479 434
50 95
857 863
901 991
857 863
690 735
690 751
261 351
773 863
223 175
298 307
389 479
985 991
223 178
224 246
517 562
223 151
729 735
857 850
729 735
607 601
901 991
345 351
517 607
89 95
217 223
735 645
729 735
857 863
473 434
863 818
223 133
773 863
351 261
562 607
345 261
50 5
133 217
345 371
50 95
601 517
351 306
223 133
735 729
729 735
773 818
345 351
89 95
473 479
857 863
345 351
601 607
532 520
5 95
434 479
985 991
562 607
345 351
645 690
991 985
601 562
5 73
178 223
690 735
434 389
863 773
985 991
89 5
607 637
345 351
351 261
857 863
89 5
995 979
995 1023
562 607
178 223
473 389
607 562
133 223
857 863
618 563
607 601
901 991
50 95
5 75
773 818
89 29
690 645
473 479
773 772
682 751
901 969
773 857
434 479
901 985
946 991
178 157
607 517
223 217
946 937
645 735
601 607
389 479
89 95
517 585
95 89
729 645
389 479
645 735
479 473
5 50
89 50
863 818
991 985
887 867
857 891
306 298
562 601
351 261
857 849
985 991
89 95
89 50
50 95
351 345
345 351
773 863
351 261
901 991
89 95
645 723
729 735
479 389
133 217
773 863
985 939
857 863
985 991
306 261
345 306
434 389
735 690
562 607
562 517
901 991
95 93
991 904
95 18
95 50
607 601
89 50
223 151
465 484
434 389
690 735
946 948
645 735
601 607
562 598
645 687
863 857
781 875
5 95
50 91
601 562
223 133
735 729
735 663
946 974
946 985
178 133
345 351
351 261
773 857
863 857
985 991
89 95
857 863
729 690
223 133
645 735
562 607
434 473
971 901
50 89
818 797
434 473
192 141
690 735
113 58
819 831
562 607
261 351
95 89
5 50
607 562
960 903
601 607
178 223
735 645
306 351
857 818
217 178
89 105
645 729
479 389
562 538
562 607
345 351
261 329
690 645
645 687
345 351
607 532
89 95
729 645
946 991
601 607
946 985
562 517
690 735
690 767
95 20
857 879
985 988
473 479
985 901
389 479
901 991
89 95
345 261
178 223
89 95
818 863
473 434
517 607
478 393
901 991
607 601
345 261
50 5
690 735
217 223
345 351
708 655
434 509
217 223
985 946
562 607
89 78
223 217
479 389
601 607
310 306
735 729
735 645
690 735
607 562
985 946
479 473
345 351
517 601
601 562
735 729
517 607
946 991
991 985
735 703
607 526
95 40
217 133
857 863
901 991
261 329
389 479
517 601
133 223
729 645
562 607
178 223
217 133
735 690
625 570
601 607
261 288
985 901
690 735
735 729
223 230
818 863
601 517
473 479
735 690
985 991
434 478
133 201
389 434
690 735
479 473
818 799
89 95
773 863
473 479
601 607
694 706
345 306
50 5
517 601
985 991
517 601
857 863
89 95
217 223
985 991
178 217
601 562
729 690
473 479
345 306
961 1002
985 946
529 562
50 89
818 863
95 50
223 133
773 863
863 773
863 857
729 735
735 729
192 250
985 991
389 479
306 351
50 89
517 607
863 773
95 89
937 988
991 985
607 535
217 223
607 601
5 30
434 479
389 479
690 735
607 517
562 607
857 773
392 404
351 345
133 223
345 306
473 479
818 857
690 735
735 690
946 985
479 398
645 735
607 601
729 735
863 891
729 735
729 735
479 389
773 818
773 857
99 35
261 345
217 178
529 638
389 473
773 863
50 95
89 95
345 261
773 857
517 607
729 735
729 735
690 733
729 735
562 607
401 396
222 255
735 645
95 5
857 818
735 645
563 616
223 133
223 217
89 50
729 735
690 735
607 535
261 351
863 773
345 351
178 223
517 607
562 517
857 818
729 735
863 857
133 223
89 95
562 607
645 690
991 919
223 133
351 261
857 773
655 719
607 573
645 735
857 863
857 773
5 89
607 601
901 991
729 690
554 563
351 306
601 607
985 991
773 857
95 89
601 607
89 50
351 306
729 760
178 223
434 389
5 97
95 89
178 223
818 863
562 607
690 735
95 5
607 601
773 857
991 946
946 937
306 349
133 217
473 479
249 212
690 729
95 8
261 303
249 153
261 351
223 217
946 901
735 645
389 479
261 306
306 351
690 735
818 863
345 351
95 50
729 735
223 151
601 517
223 217
607 535
517 607
270 261
607 601
89 18
306 351
735 729
729 735
306 350
751 682
5 73
991 985
434 394
261 351
434 479
607 526
729 735
985 901
735 765
729 763
351 345
857 863
345 306
223 178
729 735
517 607
985 991
773 818
223 217
447 504
857 818
991 985
773 863
690 729
480 458
713 645
773 893
261 351
95 23
5 50
985 991
950 963
645 735
479 473
223 217
50 95
133 223
729 735
729 735
95 5
434 415
89 5
50 95
178 217
913 914
517 607
50 95
224 184
178 223
857 891
991 985
434 432
479 389
735 645
991 901
473 479
985 946
320 269
217 178
5 95
389 467
601 562
89 95
217 223
473 434
306 345
89 5
351 306
517 631
89 95
89 50
517 585
954 906
857 863
517 607
607 562
473 479
601 607
223 217
389 479
901 991
601 517
297 350
479 473
389 457
601 562
133 217
473 479
434 479
946 991
223 217
601 607
645 735
50 95
985 901
345 261
601 592
645 690
479 473
857 863
479 473
217 178
50 95
729 735
133 178
729 690
223 133
217 133
223 217
50 95
985 991
95 89
985 991
863 857
50 95
345 306
473 389
735 645
5 95
946 991
389 473
818 857
901 991
169 247
473 479
991 943
351 270
773 863
729 645
645 735
447 426
857 863
991 985
991 910
95 89
178 223
645 735
178 141
50 95
607 535
271 290
178 224
645 735
607 535
5 89
217 178
217 223
261 307
601 607
645 729
901 946
217 178
517 607
735 690
223 225
985 991
89 95
517 607
788 832
863 791
729 735
607 601
735 645
985 991
729 735
434 501
479 398
946 985
306 345
901 946
217 129
223 237
389 434
479 434
479 410
773 863
434 473
50 95
857 863
995 922
863 857
946 1011
562 607
735 724
473 389
227 208
570 517
946 959
95 5
985 991
261 349
857 863
985 991
881 857
901 969
863 773
517 585
901 985
261 329
351 261
991 985
863 773
50 64
601 607
867 847
217 223
351 261
223 133
946 938
946 991
306 351
389 479
818 863
863 857
818 857
5 50
217 223
857 818
178 217
517 562
306 261
148 192
418 449
479 473
863 857
773 863
50 20
133 175
306 294
946 985
735 645
985 991
306 351
473 434
5 95
735 690
645 690
95 5
863 857
607 562
479 434
818 863
601 607
601 607
5 127
607 587
95 76
735 645
735 729
857 863
425 494
95 5
217 223
946 985
517 562
473 389
601 607
465 426
5 89
946 952
351 345
351 345
863 773
607 562
818 863
901 969
601 512
351 279
217 223
517 557
562 607
389 434
729 735
735 729
601 607
991 1016
5 73
991 985
306 351
690 735
729 735
729 735
223 217
306 351
345 351
473 434
95 89
297 327
857 863
863 857
434 501
607 601
217 223
434 389
479 389
223 133
857 773
991 962
473 507
601 607
863 857
857 818
645 735
690 735
50 95
857 863
863 857
217 223
5 50
607 562
479 434
645 713
319 376
985 991
434 479
50 89
517 585
690 745
95 50
217 133
89 95
842 868
773 841
483 449
389 494
729 735
50 89
351 270
985 991
601 607
351 279
637 571
947 914
217 223
107 13
438 457
351 261
657 744
601 517
985 991
473 479
223 171
178 220
51 83
345 306
985 991
434 473
818 782
607 517
133 178
473 434
857 773
473 479
863 857
434 473
857 839
434 501
169 244
577 618
735 729
985 991
690 718
773 818
95 89
517 601
261 345
901 985
306 345
434 473
566 584
178 223
729 735
133 201
228 142
95 50
901 943
517 607
345 351
607 517
479 389
857 818
473 479
133 192
607 601
773 831
562 601
133 223
729 735
517 601
5 50
133 217
345 351
345 261
389 431
729 657
946 991
178 211
985 991
607 517
991 985
562 601
735 729
217 223
223 133
985 991
575 591
735 645
562 607
95 50
857 818
517 607
729 670
95 89
261 306
178 174
901 946
89 95
985 991
729 735
345 261
178 133
985 991
479 407
645 690
473 479
690 735
946 934
261 303
637 617
50 95
857 773
217 223
773 863
345 351
42 81
178 223
857 818
729 735
425 452
5 89
95 64
857 863
473 388
345 329
473 479
389 479
473 479
985 991
901 991
389 434
89 95
901 973
89 5
306 351
178 217
857 863
901 969
389 473
562 607
690 735
5 95
562 517
223 178
985 991
473 402
100 51
517 562
5 89
479 473
735 729
178 223
473 479
217 223
607 562
607 517
886 833
985 991
527 591
95 5
133 217
32 74
601 595
857 863
389 479
601 607
735 729
306 351
345 306
729 735
389 478
863 857
89 95
95 50
345 351
985 991
901 991
89 95
223 133
178 223
607 562
916 960
946 991
758 645
351 270
562 517
89 50
863 857
345 261
690 735
985 991
863 818
89 95
178 223
857 863
562 517
729 735
389 434
89 95
351 345
773 818
306 345
217 223
484 398
601 607
143 211
946 985
985 906
261 351
345 261
473 389
607 562
217 222
991 985
89 95
601 562
375 335
5 89
351 306
345 351
562 601
690 645
517 607
818 863
773 863
729 735
729 690
178 223
985 991
217 178
95 5
607 601
729 655
773 857
223 217
601 562
261 351
517 562
735 645
261 345
645 735
351 345
985 901
991 919
645 648
562 607
818 857
601 607
448 452
735 690
773 863
991 985
562 607
761 723
389 479
818 862
996 947
479 389
261 351
863 857
479 473
881 826
562 517
306 261
217 223
434 389
389 434
133 217
389 479
345 351
863 857
517 607
17 4
479 414
95 5
223 142
633 538
434 389
601 607
818 890
562 601
479 434
529 586
133 217
985 946
95 50
985 991
351 345
50 95
5 50
473 479
946 1022
562 607
857 863
863 857
345 351
479 389
5 73
645 735
479 473
50 67
217 133
18 50
601 517
41 123
991 985
607 542
857 773
351 345
253 213
89 18
5 95
601 607
14 81
389 434
607 517
89 95
690 729
735 700
735 645
863 857
773 863
306 351
991 901
735 690
818 773
645 735
389 479
133 178
5 50
773 857
985 901
473 479
89 50
351 261
261 345
191 248
306 345
261 351
351 306
351 261
473 479
645 690
95 89
89 95
601 607
351 345
389 479
773 818
601 618
473 457
434 479
434 473
89 95
818 863
473 434
687 645
773 863
217 223
223 217
217 223
985 901
773 857
645 723
729 735
857 863
690 645
946 991
50 80
857 863
50 89
729 735
89 95
735 645
178 223
607 601
690 645
946 985
434 479
517 601
89 95
735 663
607 601
991 985
223 217
729 735
479 407
517 591
773 818
735 690
389 479
991 985
223 212
261 290
473 479
306 351
50 95
178 217
95 89
857 863
169 224
20 64
89 5
818 863
753 698
389 434
645 729
991 985
601 607
773 857
217 203
479 473
938 977
857 863
729 735
89 95
5 89
473 479
261 329
946 991
479 389
261 351
95 92
50 95
607 517
836 783
223 217
133 223
223 178
434 479
991 985
863 797
261 381
901 985
857 863
473 479
690 729
946 985
89 42
601 517
601 605
95 89
473 499
735 690
857 863
473 479
398 484
261 345
607 562
991 919
517 601
946 988
985 946
351 306
729 735
863 857
178 133
389 479
729 735
735 729
351 345
479 398
863 857
217 201
645 690
179 228
345 306
217 223
217 222
389 479
345 351
345 306
735 729
765 739
345 351
50 56
50 95
773 818
645 687
178 223
89 5
223 178
645 674
223 133
985 946
991 985
857 773
473 479
434 479
601 607
434 479
655 674
818 886
217 178
857 818
946 901
991 985
985 991
217 133
991 946
946 991
729 735
773 782
89 50
434 479
563 634
50 39
690 716
985 991
773 818
735 729
735 729
217 178
601 607
447 504
89 50
562 601
901 969
178 223
991 901
607 517
95 5
479 473
50 95
586 612
562 517
985 991
261 351
985 996
863 782
601 607
133 217
601 607
217 223
178 223
217 133
729 735
89 95
690 735
690 729
857 818
479 389
473 389
143 169
479 434
601 604
306 345
473 479
773 857
345 306
969 901
857 863
434 406
601 562
473 479
690 649
191 248
95 89
690 735
690 735
217 223
246 141
562 575
566 568
133 178
857 863
607 535
773 818
434 479
306 345
306 261
783 802
261 345
655 723
991 985
857 863
607 601
985 946
473 479
89 95
601 562
389 479
5 95
217 133
473 434
54 12
351 306
991 985
863 857
223 133
645 690
601 562
773 818
345 306
601 562
517 607
389 423
345 351
434 438
601 607
889 824
818 863
985 991
517 554
901 985
735 654
345 306
473 434
857 863
562 607
95 89
95 5
389 479
217 178
473 479
133 223
566 578
863 798
690 735
95 14
735 645
217 206
773 857
946 991
601 562
985 991
473 479
50 89
345 351
607 601
991 985
479 407
50 5
991 985
5 50
995 913
217 223
735 690
576 595
863 857
223 217
389 479
946 918
89 95
95 23
690 645
901 991
133 178
350 361
517 562
607 592
89 95
345 306
473 479
389 431
818 863
89 95
133 178
991 985
306 351
735 654
434 479
645 717
133 153
729 735
857 863
562 583
645 729
5 50
690 735
314 315
473 467
704 671
773 863
261 290
351 345
562 601
729 735
178 223
562 517
946 936
576 632
517 585
5 95
345 261
960 914
857 840
351 345
95 89
857 863
863 773
735 654
601 517
857 863
690 735
178 223
50 95
435 462
735 729
735 729
133 223
479 434
223 178
690 735
95 89
991 985
5 50
23 95
601 562
5 73
901 946
946 991
832 851
217 223
121 35
729 735
389 434
223 133
5 95
178 223
681 663
601 607
191 170
473 479
479 389
857 773
818 841
217 223
863 857
838 810
479 473
89 50
89 50
985 991
735 645
601 562
351 345
95 23
351 261
89 95
901 946
991 985
345 351
729 735
601 517
5 50
991 946
735 645
863 773
809 836
217 223
913 976
985 991
479 402
593 525
50 39
985 901
991 901
351 345
89 95
991 985
527 591
5 47
818 863
690 729
690 645
593 554
991 985
1009 954
479 389
601 607
690 742
863 773
434 417
217 223
985 991
601 607
178 133
729 645
863 857
645 729
50 95
217 223
690 735
818 857
222 179
901 943
5 23
351 306
479 473
517 607
601 562
735 645
306 257
160 202
50 5
95 89
991 985
345 351
863 857
735 663
991 985
735 690
89 95
217 223
178 223
351 345
223 133
991 946
5 95
601 607
857 863
818 857
991 934
773 890
818 857
690 735
261 351
735 645
223 142
133 178
735 654
178 184
946 985
473 479
351 306
5 89
217 223
50 53
863 857
562 597
473 479
863 773
217 223
818 785
595 618
946 991
89 95
479 389
95 5
985 991
178 223
857 818
645 699
985 901
17 79
217 133
773 863
89 95
740 654
729 735
991 901
389 473
857 773
389 434
95 50
89 5
345 278
601 607
435 463
473 479
133 178
863 857
601 607
50 5
562 607
773 818
223 217
985 973
223 239
562 517
773 818
985 991
985 991
607 601
50 5
223 178
479 434
89 95
434 479
89 50
991 901
645 735
946 991
351 261
133 178
50 95
345 351
985 970
946 991
89 50
89 95
946 991
217 133
729 735
773 857
5 95
607 629
217 223
351 261
985 1014
946 913
818 796
645 735
735 690
562 517
735 729
601 607
442 463
479 473
345 351
735 729
95 89
306 345
192 129
863 773
169 131
1014 909
863 818
645 690
223 178
345 261
89 95
178 223
863 857
217 205
351 306
562 607
133 199
729 735
345 351
178 223
645 708
217 223
261 345
601 607
985 910
223 178
95 89
729 690
818 857
985 946
434 389
773 818
473 479
601 607
562 607
818 863
345 351
306 261
735 729
773 857
50 95
916 960
89 95
607 517
607 562
946 991
946 991
690 763
991 985
306 261
601 607
868 822
736 698
217 223
645 729
223 217
690 735
345 261
89 95
857 863
479 473
985 991
562 607
729 735
601 607
863 857
223 133
217 223
223 142
729 735
306 351
645 735
95 50
607 601
473 479
352 356
818 773
345 351
345 306
690 735
517 547
645 765
562 607
178 166
261 351
601 562
601 607
133 201
690 729
345 351
351 345
969 946
484 503
345 261
601 607
217 227
607 517
729 735
473 479
223 142
576 608
553 583
95 89
473 479
261 345
389 479
901 985
562 607
901 969
217 223
729 735
985 991
607 627
645 735
773 857
95 89
217 223
503 507
95 89
442 397
911 979
863 857
217 133
985 991
95 5
473 454
351 345
901 951
473 479
601 569
562 607
985 901
601 607
389 479
863 818
991 901
261 306
818 863
901 991
901 944
601 633
788 776
223 174
217 133
345 296
562 517
217 178
473 479
818 773
991 985
133 212
607 601
773 863
911 930
345 351
857 863
50 5
690 696
473 479
863 818
607 517
217 223
601 607
857 863
773 819
434 479
473 434
133 217
434 473
607 562
607 601
985 946
991 901
473 479
729 690
89 95
713 645
345 351
901 991
223 217
261 351
985 991
985 991
818 777
690 735
95 89
17 32
847 881
946 991
465 426
901 946
5 89
479 398
857 863
946 967
991 946
991 946
601 607
735 729
217 178
345 306
473 479
223 217
95 97
991 985
857 818
607 601
729 735
773 818
601 609
946 991
473 479
261 351
389 479
5 50
133 178
785 781
434 463
946 937
261 351
479 389
473 434
857 788
389 473
261 351
901 991
735 729
783 847
729 735
50 95
261 351
479 473
901 946
729 735
562 607
351 345
773 863
479 434
479 473
133 223
607 629
607 526
601 530
223 217
223 151
261 351
15 34
473 479
479 434
985 991
818 863
306 351
178 217
991 946
517 559
223 133
601 562
849 868
478 506
690 735
389 502
434 479
601 607
5 75
529 601
434 473
345 351
217 196
735 690
345 261
479 473
690 729
99 16
389 479
479 434
345 306
389 457
645 729
857 863
691 698
729 735
351 261
345 351
690 735
660 648
261 340
217 133
645 729
89 50
473 479
345 351
217 223
306 366
607 535
937 996
389 473
473 479
223 217
601 607
857 863
479 389
217 223
95 23
857 863
607 517
50 83
729 735
832 861
857 863
729 735
217 223
517 601
857 782
473 479
729 735
562 607
261 351
698 723
729 735
99 62
836 783
306 261
133 178
217 223
946 991
818 785
50 89
690 735
217 223
133 223
178 223
645 735
985 991
645 737
991 901
517 607
434 479
306 351
863 857
306 351
50 95
89 50
351 261
690 729
374 298
773 863
729 735
217 178
95 5
217 238
345 351
517 586
261 345
818 773
690 765
818 863
601 607
991 946
351 345
505 444
857 863
89 5
95 89
601 562
345 351
857 863
991 985
89 95
517 607
345 351
959 992
95 5
223 139
5 95
857 818
985 901
985 946
645 729
133 223
479 434
991 946
857 818
473 479
645 678
479 509
473 404
389 499
345 351
345 304
306 261
223 133
901 946
89 95
345 351
356 375
645 729
729 735
223 217
351 366
985 991
946 991
818 863
729 735
901 991
95 89
351 306
223 217
601 607
729 735
89 95
729 735
345 360
901 991
351 306
857 863
863 857
178 223
690 729
950 984
351 261
389 473
985 991
217 223
217 178
729 735
178 223
601 517
991 901
946 1002
991 985
5 89
991 943
729 735
473 438
261 329
991 985
389 478
517 607
985 901
351 261
133 178
389 431
261 345
601 607
857 773
89 83
217 223
735 691
517 607
729 735
946 967
729 682
5 50
50 95
261 351
89 5
95 89
89 95
217 223
729 690
351 345
991 985
991 946
690 735
95 89
95 89
991 901
351 261
217 223
50 95
645 690
473 434
306 345
345 351
857 863
473 479
133 223
89 95
857 863
306 345
735 690
351 345
946 985
901 946
735 729
787 875
178 166
5 50
985 991
863 782
607 601
1003 909
690 687
434 389
735 729
345 261
601 607
607 517
601 607
607 601
517 601
645 713
729 735
645 735
89 95
261 345
178 217
399 425
223 207
64 83
434 479
479 434
83 106
773 815
562 607
991 985
389 462
434 389
473 493
901 991
399 418
89 95
901 991
479 473
306 345
818 863
773 857
389 417
517 562
389 479
729 735
89 95
991 901
735 654
773 863
89 95
985 943
95 89
276 320
916 904
95 50
389 479
645 729
389 479
527 591
345 351
434 398
893 773
946 985
635 631
857 863
217 223
985 901
351 261
690 735
95 50
261 351
857 863
217 178
223 133
95 54
863 857
473 457
773 863
645 690
448 397
473 479
991 985
351 345
50 89
133 163
351 306
261 351
261 306
434 479
473 434
345 351
345 351
517 601
946 991
991 985
217 223
517 631
217 223
351 345
306 292
5 73
773 863
857 863
261 306
261 345
473 479
773 857
788 776
95 50
345 261
593 525
5 73
857 863
607 601
345 306
434 479
389 473
857 773
863 857
479 429
818 863
64 26
5 89
261 306
991 985
5 95
434 389
434 473
306 261
473 479
517 607
729 735
562 601
735 690
645 687
223 133
133 223
607 601
901 991
345 261
479 473
645 735
985 991
735 711
345 306
217 178
985 901
657 698
95 50
690 735
217 223
562 517
863 818
178 145
473 389
505 467
473 434
822 818
351 261
991 946
985 991
217 178
653 704
857 863
434 473
133 223
438 434
351 261
645 735
133 217
178 223
479 473
562 567
901 913
735 645
50 106
991 901
946 927
389 473
479 473
819 839
818 863
562 607
863 857
607 601
690 645
479 434
320 379
95 5
601 517
857 862
306 345
946 991
901 991
690 735
863 883
95 14
261 351
473 479
863 818
863 773
857 863
306 351
735 729
562 607
89 50
946 991
946 924
389 479
729 735
607 593
601 607
89 24
822 857
985 946
223 217
645 735
729 645
389 434
89 95
473 479
607 601
901 991
517 601
434 479
991 901
857 863
389 442
607 601
473 389
985 991
157 223
5 89
601 517
217 223
217 223
729 735
532 520
946 991
901 991
901 985
959 1016
68 15
178 223
261 351
351 261
517 607
645 690
517 607
562 601
773 818
995 930
351 345
351 345
178 185
178 223
483 486
479 389
178 223
95 89
178 223
601 572
946 991
434 473
729 735
223 133
217 223
991 975
95 23
857 863
223 217
946 985
985 991
89 95
735 729
351 261
863 814
729 735
223 217
133 217
985 991
5 47
133 223
223 133
473 479
290 321
857 863
133 201
773 863
5 95
773 863
95 5
729 735
351 345
50 95
735 690
901 991
345 351
729 735
350 280
729 690
517 542
217 223
985 991
554 563
434 479
351 335
863 857
818 863
946 991
389 473
946 991
133 178
690 729
261 351
601 607
645 735
690 735
133 223
220 217
529 562
1009 954
991 901
562 607
607 601
217 223
351 279
306 351
5 89
857 863
434 479
345 306
991 946
601 607
576 633
345 351
729 735
306 279
517 607
50 82
306 345
991 901
901 991
179 211
5 71
261 306
729 735
863 857
729 735
182 130
223 217
351 279
601 607
985 1011
735 645
690 653
95 110
863 773
818 857
223 217
389 457
217 178
735 729
345 351
773 863
729 645
345 351
946 985
5 109
690 735
310 334
773 857
607 517
223 217
562 552
863 791
389 434
89 50
562 607
217 178
223 217
735 645
991 985
89 95
223 217
645 704
991 901
946 991
5 117
473 479
345 261
735 690
133 217
645 752
735 729
868 773
729 690
479 434
991 985
5 95
601 517
5 50
178 133
563 531
517 607
735 737
133 189
178 182
735 729
389 479
473 479
217 223
351 345
178 223
351 306
690 645
562 607
818 833
916 904
63 96
985 975
223 245
133 158
223 133
178 217
851 874
863 857
562 607
5 89
217 223
607 517
351 345
645 729
178 223
601 607
345 351
217 212
314 335
261 351
601 517
645 735
946 991
863 857
345 261
517 607
735 645
735 645
479 473
447 504
857 773
735 729
985 991
601 630
479 473
985 919
729 735
95 89
473 479
5 95
601 607
306 351
517 607
473 479
273 381
389 477
735 690
345 351
133 217
133 217
735 733
306 351
704 721
217 178
607 601
690 735
607 517
473 479
562 607
261 351
601 607
351 345
50 95
818 796
773 863
765 672
389 473
729 735
985 991
473 479
815 788
351 261
5 10
601 517
351 345
479 473
857 863
351 345
178 151
901 991
863 773
473 434
735 729
351 306
223 133
434 479
89 95
345 351
991 946
607 517
562 607
191 207
946 991
261 351
434 479
601 517
473 479
773 857
273 319
32 74
517 562
857 788
857 863
601 607
345 351
89 95
690 729
447 504
729 735
864 788
5 89
223 217
991 985
985 959
479 473
735 645
601 562
306 329
479 473
863 818
946 915
857 818
178 133
991 985
95 5
857 863
438 415
223 133
517 607
351 306
946 901
261 351
306 261
473 479
857 863
479 389
645 735
831 847
729 645
89 95
223 217
261 351
946 991
562 607
517 601
89 19
901 922
562 636
601 607
223 217
690 729
217 223
562 607
818 863
95 50
735 663
729 735
5 89
479 434
89 95
95 48
729 645
249 153
133 223
818 863
345 261
901 991
773 863
261 306
729 735
601 607
479 398
635 631
607 601
473 389
946 901
985 946
645 713
95 5
182 246
863 773
901 985
178 223
351 345
729 690
562 607
517 601
473 389
562 607
517 562
217 170
645 735
5 95
991 901
223 245
729 645
145 141
217 178
345 351
601 607
223 217
601 607
95 83
261 351
133 251
863 857
178 158
735 690
655 723
991 946
345 351
575 632
345 351
217 222
473 479
434 479
50 5
729 645
607 601
479 473
5 50
857 890
690 657
345 306
645 690
119 123
223 178
690 729
729 735
473 479
630 554
306 345
133 201
95 89
389 473
351 345
568 517
729 690
95 5
5 89
991 985
178 223
729 648
223 217
434 479
223 217
990 975
389 434
517 607
389 481
473 389
517 607
50 95
217 223
735 729
901 991
95 50
857 863
822 851
773 815
947 940
95 50
89 95
217 223
857 773
345 261
645 690
729 690
89 5
261 345
818 863
217 223
735 690
217 223
5 95
729 690
345 351
690 735
389 431
857 863
607 554
306 261
351 345
345 351
261 306
345 351
306 351
863 818
773 863
901 946
607 517
47 20
719 690
351 345
133 217
681 663
223 133
562 517
985 946
608 589
773 863
351 306
345 306
607 517
473 479
913 936
345 351
863 818
946 991
261 303
95 50
735 690
773 818
818 857
562 601
5 95
217 178
89 95
306 351
857 863
690 729
345 351
178 223
601 607
178 223
479 473
607 517
351 345
946 985
985 901
89 50
893 838
562 517
178 217
223 142
351 261
89 95
89 50
479 473
345 351
434 479
818 773
217 223
607 601
553 612
607 517
351 345
479 398
818 857
217 251
473 434
607 515
351 306
261 351
217 133
991 985
562 607
818 798
985 946
178 217
345 306
818 857
178 223
562 607
345 351
773 857
351 353
985 946
217 223
425 407
991 985
946 991
389 473
133 217
857 818
517 562
562 607
434 479
261 351
985 991
217 223
261 351
178 203
133 223
946 991
95 89
729 645
773 863
479 434
607 601
389 473
517 607
345 351
217 178
729 735
857 863
5 47
991 985
601 607
479 389
601 607
133 223
863 818
351 345
473 479
351 261
473 479
901 991
261 306
863 818
345 261
773 863
5 50
857 818
389 434
645 735
601 607
351 345
985 991
729 645
562 607
562 601
89 95
645 735
729 737
473 434
867 874
217 133
562 607
306 351
89 95
607 535
991 906
5 50
607 629
601 607
20 64
517 607
95 50
89 95
473 479
178 217
1009 901
773 841
773 815
893 838
246 170
306 261
517 562
901 991
345 351
473 389
351 345
89 5
734 691
517 607
593 554
351 345
729 735
607 601
306 351
991 985
735 729
735 729
645 713
434 473
178 223
773 818
345 351
95 5
178 223
95 89
345 351
985 991
95 14
5 83
517 607
89 95
607 517
562 572
735 729
991 946
261 351
946 985
223 133
89 42
345 351
645 687
901 969
223 217
351 345
351 306
735 690
434 479
473 479
901 985
473 434
5 95
389 457
345 351
991 985
985 946
306 351
479 434
434 473
773 863
89 95
473 434
857 818
479 473
946 948
645 713
690 717
601 607
434 479
863 818
89 95
729 735
818 857
473 479
729 735
223 217
479 473
351 270
217 229
133 205
985 946
690 735
389 457
889 851
261 351
601 607
645 690
729 735
857 886
857 773
607 517
479 462
50 89
857 773
607 517
645 735
261 303
562 517
985 991
773 863
435 429
223 217
345 261
991 901
5 89
479 389
863 857
985 942
818 863
991 985
857 863
473 434
223 217
818 863
645 735
345 351
133 223
306 345
863 857
985 964
241 186
351 261
645 690
863 773
351 345
261 345
562 583
389 479
306 351
857 863
223 178
607 562
89 95
645 687
389 473
601 607
735 645
434 479
5 89
217 223
50 40
223 142
735 690
434 479
15 79
601 607
89 50
703 760
151 223
217 223
261 351
607 601
773 818
89 95
735 729
298 337
50 95
369 314
863 857
901 980
857 863
818 857
985 946
50 115
5 95
985 901
223 133
389 479
645 720
261 351
223 133
95 89
261 351
735 729
50 89
863 857
223 217
306 272
306 351
690 735
721 682
818 863
601 607
985 946
479 434
345 351
306 261
607 562
133 223
517 607
473 389
601 607
178 223
50 89
773 818
5 89
345 351
601 607
991 901
448 415
735 729
306 258
5 50
901 985
729 690
50 95
690 729
773 857
985 974
95 89
735 729
601 634
901 991
857 863
901 985
223 133
729 735
434 479
690 735
607 517
601 607
473 479
133 223
50 5
345 261
645 729
946 985
773 863
345 351
637 595
863 818
729 735
991 915
857 891
645 735
690 729
517 607
601 562
517 607
89 50
178 223
434 479
389 468
345 351
351 261
875 781
729 690
217 223
690 725
601 607
5 89
601 607
261 306
773 851
345 351
345 351
517 562
50 95
729 735
645 690
89 95
401 433
95 89
985 991
345 306
479 389
991 985
901 921
217 223
473 479
991 946
863 824
901 985
389 473
217 223
434 395
946 991
473 434
517 585
946 901
562 517
261 351
857 863
50 89
857 863
985 991
562 595
607 517
857 863
345 351
473 479
911 979
345 306
345 306
95 89
959 992
223 217
50 23
645 735
50 76
985 991
729 690
985 901
479 434
345 363
946 985
310 339
465 426
217 178
607 601
479 389
261 306
306 261
306 261
50 95
50 89
735 729
645 735
389 479
351 354
89 95
89 5
863 857
389 479
729 735
645 729
95 14
389 434
389 434
389 434
517 562
729 645
484 398
863 818
729 735
434 389
479 389
95 50
95 89
857 818
337 298
351 345
479 473
95 89
818 863
562 607
223 178
217 201
690 708
863 818
217 213
517 585
607 517
681 735
607 601
345 351
148 192
857 863
601 607
773 863
729 645
223 217
863 857
89 50
818 863
95 5
95 89
217 178
985 991
562 607
89 50
729 735
517 601
473 389
473 434
352 320
351 345
178 223
389 457
50 95
95 50
434 479
95 89
95 89
50 95
735 690
985 991
89 95
985 946
479 389
5 89
217 223
473 389
58 75
217 179
217 133
991 946
773 863
261 351
473 479
857 863
818 863
369 314
434 465
857 863
50 17
223 217
985 991
601 607
517 607
690 735
562 601
773 863
619 525
261 351
991 946
434 473
901 985
607 562
562 608
95 50
389 500
946 941
133 217
479 473
630 577
479 434
735 690
95 5
517 601
479 491
857 863
985 979
729 645
818 773
773 863
5 89
95 50
857 818
217 223
389 428
351 261
818 875
985 946
985 991
901 991
434 479
351 345
562 566
95 50
89 5
607 517
985 991
637 571
345 351
89 5
89 5
95 50
95 50
89 95
607 601
857 863
985 991
601 517
351 270
863 857
863 773
985 991
306 351
729 735
223 204
857 818
729 735
217 223
223 133
95 50
178 246
133 223
249 148
562 607
985 991
758 705
89 95
729 645
607 517
562 517
863 857
729 735
89 50
479 389
857 863
89 95
473 479
991 901
178 223
517 607
985 946
991 985
991 901
729 735
143 211
607 562
217 223
773 818
562 625
5 66
434 389
901 985
351 306
985 901
607 562
863 818
735 690
985 991
729 735
818 850
729 735
217 178
50 89
991 985
562 607
863 857
645 735
133 178
178 223
863 857
479 434
89 95
479 389
991 985
178 223
178 223
901 969
261 351
261 351
50 95
607 601
517 601
345 306
133 223
133 223
690 735
818 857
306 355
95 89
273 376
729 735
89 50
857 863
645 690
261 306
729 735
985 991
5 95
217 178
223 142
729 735
736 702
95 89
261 329
223 133
946 991
681 738
863 773
985 991
479 473
735 729
773 818
345 306
985 991
889 800
601 607
729 690
50 95
729 645
89 5
473 479
991 906
89 5
690 729
389 457
401 389
729 690
178 223
426 465
89 94
179 144
217 223
224 254
345 351
607 517
831 888
863 818
729 685
601 562
63 120
946 991
607 601
991 946
351 306
133 217
991 901
133 178
729 735
389 434
306 269
991 901
473 389
857 773
729 735
735 729
690 645
857 818
217 223
497 442
306 345
351 279
901 985
133 239
89 95
217 178
773 863
863 825
607 535
946 985
389 479
810 819
473 479
369 314
781 875
735 645
994 947
5 89
901 985
901 985
601 607
517 554
261 329
985 991
902 985
479 434
133 223
95 89
605 562
901 991
527 595
479 434
729 735
690 735
389 479
729 735
991 985
735 729
517 601
690 735
690 735
89 95
89 95
985 991
178 156
50 95
991 985
991 946
601 562
901 985
735 690
729 735
389 392
985 991
863 857
434 479
562 607
901 910
345 306
89 95
863 857
985 991
735 729
479 434
389 447
306 351
601 512
645 735
645 729
562 601
235 141
690 729
479 389
17 40
306 351
991 946
217 237
473 434
863 857
946 991
517 585
517 607
562 527
217 223
306 345
89 95
223 178
946 991
985 946
735 729
389 479
901 991
345 372
946 901
857 863
562 607
863 852
863 773
575 608
901 991
863 857
690 741
863 773
857 773
857 818
991 985
991 985
901 991
690 735
95 50
133 211
50 89
645 735
95 89
89 5
434 479
863 857
773 863
133 217
901 991
479 473
690 735
562 529
985 991
223 217
217 223
991 985
389 457
297 324
473 479
479 497
50 89
818 773
991 946
991 985
345 351
857 863
985 991
607 562
5 89
690 720
562 607
607 601
901 946
15 79
517 607
773 863
178 133
5 50
179 191
991 985
434 475
606 582
991 985
991 985
735 729
991 946
473 389
857 818
345 351
5 47
261 335
645 690
645 690
991 985
946 991
89 5
217 133
89 95
5 95
857 863
729 735
818 863
434 479
857 818
473 479
985 991
901 991
217 178
351 345
217 223
991 985
178 223
95 50
729 735
261 351
401 427
735 663
217 178
95 50
601 562
601 607
901 991
601 517
946 901
449 488
223 178
991 946
863 773
223 217
735 645
89 95
297 272
223 133
517 601
857 818
89 50
95 50
125 74
479 398
857 773
473 434
991 946
985 982
89 95
889 881
734 738
345 261
306 351
819 886
571 637
607 562
473 479
654 690
857 773
217 223
261 351
729 735
389 491
645 690
863 857
601 607
473 479
5 47
133 223
562 610
306 351
178 223
473 479
95 50
991 946
991 901
985 946
351 306
960 979
950 979
729 735
985 991
178 142
857 863
434 479
89 56
818 863
89 95
389 473
601 607
901 946
985 946
946 985
985 901
50 95
607 601
645 729
217 223
681 642
491 467
729 690
729 735
985 991
389 479
50 79
345 351
89 95
389 473
223 133
991 946
261 351
601 607
601 607
223 178
473 479
389 431
178 199
863 791
857 863
863 857
946 991
991 985
306 351
50 95
601 607
50 95
601 607
863 818
223 217
985 991
818 827
773 857
946 937
95 0
607 601
133 217
133 223
351 306
484 503
818 863
351 345
857 773
863 857
389 434
946 985
985 991
95 50
985 991
121 126
5 89
785 832
985 991
863 857
517 601
857 875
607 601
645 713
901 946
607 562
601 564
690 657
517 601
95 5
479 389
351 306
89 95
95 50
5 50
261 351
735 729
863 857
5 95
818 773
946 1023
818 857
901 946
601 562
434 479
729 690
729 645
985 991
991 901
261 306
991 985
89 5
946 985
645 735
89 123
818 839
857 818
217 223
89 50
729 735
345 306
783 847
863 857
562 607
601 607
223 133
473 479
345 306
985 901
1009 970
95 89
593 554
5 73
735 729
711 729
857 818
601 607
818 812
223 217
261 366
351 379
95 23
217 223
735 729
645 729
735 750
50 95
479 434
901 1013
517 607
351 345
217 178
946 991
306 351
261 306
345 261
991 914
479 473
690 645
991 985
575 632
601 607
306 345
601 607
133 178
351 345
389 479
223 217
735 729
223 217
901 991
562 601
345 351
50 95
306 261
901 991
985 946
773 863
351 306
5 73
947 943
261 351
95 89
889 868
479 473
645 735
223 178
991 985
351 270
434 479
735 645
729 735
773 863
863 773
89 50
946 991
857 818
601 562
223 133
857 863
133 223
601 607
345 306
645 729
735 690
645 735
729 735
735 729
473 479
991 985
89 81
345 351
479 473
985 946
863 818
857 863
178 223
118 13
89 95
89 95
607 517
89 5
729 735
517 607
857 818
223 154
217 133
89 95
223 217
50 5
480 463
901 985
645 729
729 735
601 607
89 95
735 729
601 540
178 223
479 389
81 64
351 261
473 479
473 479
217 223
645 735
901 985
901 991
562 517
261 351
735 654
261 351
95 89
178 133
217 223
607 601
192 211
985 991
729 690
89 110
345 306
261 345
562 607
455 434
178 223
345 351
306 269
857 863
434 479
345 351
729 759
863 818
217 242
389 473
857 863
991 946
389 479
735 645
991 985
389 434
389 479
571 575
297 332
863 857
601 517
729 735
217 178
133 223
261 351
562 607
479 473
473 479
217 223
645 735
975 915
217 223
985 991
473 434
50 95
473 389
857 863
167 223
479 398
261 339
95 89
985 991
943 901
729 735
985 991
434 389
5 50
818 890
562 607
562 607
345 351
818 857
773 863
729 690
223 133
473 434
901 991
645 690
178 223
822 851
473 479
729 643
345 306
773 857
985 991
601 607
607 601
901 991
773 851
735 729
729 735
946 901
434 479
95 84
141 235
389 424
562 566
351 345
345 306
901 985
601 607
601 517
857 863
351 306
645 735
857 773
607 517
479 389
517 607
479 434
50 89
217 178
217 223
50 45
562 634
901 985
991 985
773 848
389 472
901 943
110 5
601 562
95 25
607 601
901 991
261 345
350 313
607 601
517 585
473 424
217 178
271 339
479 434
985 904
991 901
217 144
901 991
178 223
178 133
473 479
863 798
857 863
50 98
479 473
690 735
857 818
223 217
735 729
479 389
89 95
601 607
223 217
985 901
217 178
857 863
345 351
562 607
389 473
857 863
985 946
773 857
217 223
959 1016
601 517
607 635
729 645
223 142
389 479
526 593
345 351
601 585
985 991
901 946
735 690
434 479
50 95
89 95
857 863
863 773
298 342
217 133
473 389
773 863
473 389
601 607
607 562
50 5
735 654
946 985
306 261
306 351
345 351
217 178
735 690
637 630
863 806
196 169
351 270
729 737
735 729
479 473
306 351
703 760
95 89
946 991
729 735
645 735
133 207
306 351
985 941
345 351
562 607
729 735
345 351
351 306
312 261
517 607
690 645
985 991
351 345
473 434
857 863
959 992
985 901
630 577
133 217
985 991
985 991
607 562
729 735
339 271
434 473
645 735
991 901
306 345
312 261
133 241
601 562
434 479
645 713
178 223
351 261
991 901
13 107
223 178
746 710
89 95
735 729
863 782
985 946
438 448
5 95
863 819
991 985
729 735
473 389
660 648
89 30
261 345
178 223
473 434
95 5
985 991
389 473
351 306
946 957
217 178
773 863
991 985
863 818
389 479
911 930
351 261
479 434
563 595
991 901
729 735
735 643
5 95
261 345
607 526
434 479
946 991
729 735
89 95
690 735
389 473
645 759
517 585
479 434
735 654
985 901
217 133
351 345
601 607
306 372
601 607
434 479
479 389
607 562
985 995
217 223
223 133
89 95
389 414
89 95
601 562
562 601
479 407
448 504
479 389
735 729
178 223
735 690
479 473
5 89
345 306
946 985
729 735
473 479
95 14
607 562
517 562
703 736
991 946
985 979
863 857
89 95
901 946
857 863
735 762
517 607
857 818
607 601
89 95
223 251
42 89
261 279
818 862
729 690
985 991
95 23
729 645
389 434
223 217
89 5
148 136
217 223
645 690
729 645
729 645
223 133
607 601
729 735
601 607
857 818
5 95
473 400
434 466
261 345
607 562
645 721
