1024 10000
690 682
306 351
985 946
863 857
607 601
223 133
95 89
95 5
985 901
479 422
985 946
607 517
89 38
901 991
261 351
729 690
857 863
607 535
345 261
690 735
351 306
345 351
645 735
995 970
891 857
991 985
473 479
818 851
50 89
991 985
192 211
773 857
735 729
306 351
261 345
985 901
434 479
95 89
607 535
95 50
473 434
178 223
473 389
479 389
991 946
345 351
645 735
223 217
351 276
125 80
562 601
261 351
95 5
818 829
562 607
985 971
89 59
351 306
735 690
857 863
261 345
95 31
217 133
857 818
991 985
217 133
645 729
351 281
735 729
773 863
434 479
517 559
863 791
351 273
990 984
863 818
89 95
729 645
991 946
473 440
320 347
434 398
89 95
89 95
735 690
863 884
351 306
857 863
612 631
607 601
50 95
991 946
351 261
601 562
729 690
89 95
857 863
690 735
95 5
217 170
735 757
773 813
690 735
831 864
863 818
261 351
389 431
601 607
901 991
901 991
517 607
527 595
345 351
857 799
345 261
479 473
735 654
729 690
89 50
473 479
473 499
729 645
863 818
5 95
818 863
985 991
863 773
473 479
434 479
133 178
351 345
95 107
217 223
223 178
735 729
601 562
645 729
351 261
351 345
946 991
601 607
645 735
857 863
479 431
690 641
901 991
89 5
381 326
389 479
857 773
991 985
89 5
517 607
89 95
857 863
434 479
517 607
857 863
863 857
863 771
985 991
351 345
345 261
434 479
473 479
901 972
51 79
389 434
562 596
223 217
607 601
645 729
991 901
5 95
729 735
985 901
991 910
306 261
735 729
479 434
434 479
946 991
479 473
562 619
607 601
690 735
645 690
133 217
729 735
223 151
601 562
729 645
473 479
601 562
351 261
690 735
607 601
991 985
607 516
985 991
517 585
863 857
862 788
178 223
735 729
863 818
217 223
863 857
985 991
306 351
527 546
946 991
389 473
729 735
690 729
63 120
901 943
991 946
857 863
607 601
863 857
435 495
681 708
345 371
345 306
818 816
985 946
773 863
89 5
562 607
729 735
901 985
607 562
133 217
178 133
607 535
729 735
601 607
607 517
901 991
306 345
5 95
857 824
977 938
857 818
735 729
729 732
601 607
178 223
729 690
645 735
345 351
857 818
991 910
901 991
217 223
389 479
818 863
773 857
89 95
562 607
818 863
735 645
773 857
729 735
306 351
448 451
802 879
50 94
479 434
985 913
1021 960
217 128
690 735
223 217
217 178
517 601
89 95
645 747
901 991
818 863
654 721
178 238
223 217
735 690
473 479
89 95
217 223
5 95
566 573
345 306
607 601
601 595
921 1002
991 985
473 434
473 479
645 729
562 607
178 217
863 857
562 606
345 306
735 663
773 857
601 607
261 351
729 700
946 991
607 542
985 991
863 773
901 946
690 729
857 870
985 991
89 95
985 914
479 434
473 479
50 95
345 351
991 946
95 89
133 223
601 517
479 473
178 217
991 901
857 768
863 818
1021 897
773 818
601 607
601 562
89 0
223 178
479 473
985 991
217 223
345 351
729 650
351 345
113 58
89 55
773 863
690 735
857 863
857 773
773 857
479 501
857 863
729 735
434 479
178 223
729 735
729 735
351 261
306 351
389 479
89 95
863 857
645 735
350 351
217 247
223 142
473 479
217 238
95 5
863 857
729 655
5 95
842 800
50 95
479 434
434 389
985 991
41 68
178 133
223 175
217 223
1014 938
946 926
735 690
479 434
223 178
901 991
857 863
306 351
89 95
863 782
562 517
217 223
735 645
857 863
818 863
404 392
434 473
279 335
223 217
479 473
645 735
562 517
736 674
735 690
601 607
389 434
857 885
434 473
607 517
735 645
660 704
773 863
89 95
729 690
901 991
217 178
857 863
863 791
95 89
345 351
831 810
729 690
607 562
389 479
345 351
178 223
389 473
773 857
562 607
857 773
434 389
50 5
217 223
89 5
601 537
562 607
562 527
223 178
735 690
95 5
863 773
985 991
946 901
857 818
473 479
517 601
351 345
89 95
217 223
326 298
42 94
223 151
5 89
735 729
479 473
223 217
306 351
217 239
95 5
345 351
857 863
601 595
863 857
5 89
517 607
645 690
991 985
601 562
901 910
95 5
729 690
351 345
985 901
901 991
178 128
351 261
89 95
562 568
863 857
645 729
863 892
50 5
345 306
946 1002
735 645
735 729
473 479
345 310
857 863
473 434
818 857
946 985
310 362
857 818
89 50
345 306
306 345
729 735
217 133
51 63
345 351
107 13
479 434
473 479
562 601
398 465
178 223
223 217
607 601
985 901
911 930
601 607
389 479
729 735
351 345
991 985
473 479
690 735
690 735
434 479
351 345
479 473
217 223
863 857
562 611
434 389
5 89
273 317
601 607
207 211
479 434
473 389
261 345
89 95
562 607
261 327
740 691
735 663
351 345
735 645
1002 966
379 306
345 261
690 735
217 223
217 133
857 863
223 151
517 562
223 217
178 217
473 434
345 262
729 735
857 818
217 223
95 84
261 351
133 217
607 601
351 261
345 351
562 607
434 422
217 223
223 217
690 735
217 223
601 607
857 863
473 479
434 463
729 735
818 863
381 351
63 96
389 473
345 306
773 863
991 985
857 875
89 50
601 562
133 188
217 223
434 473
95 89
554 517
473 434
773 857
389 473
553 527
5 95
434 473
857 863
89 5
89 95
517 562
345 257
607 562
479 473
434 479
857 863
306 279
223 133
50 89
356 270
562 607
434 440
5 50
735 729
946 985
607 551
729 735
857 863
50 95
607 562
479 473
479 473
389 479
389 473
690 645
479 473
345 306
473 479
773 818
773 857
607 601
857 863
562 607
355 328
261 345
306 351
729 690
985 991
389 479
991 985
89 50
41 12
223 217
34 111
729 735
95 29
729 690
389 479
89 5
645 735
946 991
50 95
345 261
224 139
985 946
178 223
601 562
95 50
562 631
217 223
735 723
479 389
473 389
991 946
910 977
601 607
351 261
95 89
857 863
178 223
735 645
601 607
306 327
473 500
217 223
298 350
389 479
217 223
50 21
70 42
261 351
95 89
479 473
473 479
857 863
991 901
735 729
306 351
729 690
901 943
818 863
729 735
50 89
133 223
178 217
562 607
645 690
484 503
946 991
773 857
434 479
818 863
351 337
645 735
863 773
95 14
345 351
178 133
434 479
601 607
306 351
645 735
89 95
645 735
89 95
261 351
178 223
306 345
133 217
351 261
985 901
479 455
89 95
133 217
985 991
773 818
345 306
991 946
645 690
773 857
351 261
217 178
991 901
89 95
863 818
306 286
271 335
473 479
863 857
434 479
345 351
607 562
735 654
857 863
479 401
773 841
863 818
306 345
479 434
345 351
389 479
985 991
479 473
991 985
473 479
95 89
201 133
50 89
601 517
261 351
645 735
94 53
991 985
438 399
223 178
89 5
95 23
985 991
694 756
946 991
601 562
818 869
345 306
529 559
690 749
857 818
89 95
351 261
89 5
818 838
818 863
345 351
479 473
946 991
729 645
169 192
517 601
562 607
735 729
773 863
345 351
562 607
729 690
345 351
818 816
601 607
946 991
735 645
991 967
729 735
562 603
991 946
473 479
863 882
479 473
863 818
217 133
991 985
389 473
562 607
645 690
517 607
645 729
857 863
473 434
527 591
89 95
50 5
306 345
991 985
178 223
345 351
959 992
261 351
351 371
517 607
89 95
735 729
985 901
735 729
473 479
178 145
479 434
985 991
345 351
601 562
857 818
857 863
345 306
946 991
89 50
261 351
505 462
601 607
946 991
479 473
483 446
517 607
991 946
517 562
607 562
601 517
562 607
133 175
223 133
5 95
601 607
434 479
133 223
901 969
479 473
306 351
306 345
345 351
857 773
50 89
398 484
178 223
473 389
306 345
389 473
50 95
345 351
985 991
863 857
857 863
773 863
95 89
133 212
50 5
223 217
95 89
857 863
345 308
223 178
89 95
217 178
863 791
178 217
601 517
985 901
729 644
946 985
991 901
261 375
89 5
133 217
562 607
517 559
818 773
89 95
857 863
818 863
735 755
645 729
95 14
261 303
306 345
562 568
857 863
389 473
991 985
601 562
345 351
50 95
946 991
735 729
351 261
5 34
89 95
345 351
991 910
601 562
434 389
901 985
901 991
178 133
773 857
95 50
95 50
434 479
946 915
985 991
261 351
985 991
50 95
950 898
389 404
863 818
607 517
601 535
607 601
729 645
473 479
985 901
5 50
562 607
133 178
178 223
223 217
5 57
773 818
863 773
479 473
946 901
178 133
217 223
271 290
729 735
601 568
601 607
857 786
735 645
5 89
133 223
473 479
5 89
791 863
607 538
224 180
517 601
95 89
425 399
479 473
735 720
434 495
690 735
202 228
178 193
601 562
479 398
729 735
818 825
133 223
991 919
601 517
434 505
223 142
607 562
517 607
95 89
89 5
690 735
133 178
50 89
946 950
705 694
95 89
306 351
729 735
473 457
863 799
479 389
89 95
690 729
863 773
223 217
223 217
690 735
351 281
690 668
306 351
729 735
738 657
178 154
261 345
435 484
657 720
857 773
857 773
479 434
985 901
857 863
562 607
819 810
863 791
601 607
901 991
89 50
517 601
901 991
50 89
607 562
946 991
913 900
65 99
857 893
889 851
133 223
740 759
690 735
389 473
479 407
5 73
601 607
479 389
991 901
607 562
217 223
223 217
385 473
863 773
89 50
473 479
946 991
345 286
818 863
857 818
303 276
306 351
773 863
857 818
479 473
517 559
857 863
946 987
5 89
306 261
261 368
5 89
985 991
89 50
95 89
261 345
818 857
985 901
217 223
690 735
473 467
261 351
351 345
857 863
223 178
857 863
351 306
863 818
473 434
991 985
5 95
991 985
729 735
50 95
729 735
735 729
863 857
389 479
50 4
729 734
89 50
818 863
223 133
261 345
89 95
645 735
735 737
434 429
901 991
946 991
985 991
985 946
729 735
645 735
863 857
89 95
601 607
479 455
223 133
607 517
178 223
729 690
773 857
645 735
645 735
473 434
577 618
857 818
89 95
95 89
351 261
601 607
601 607
261 372
479 434
818 863
735 729
217 223
601 544
143 207
389 467
863 773
5 95
946 991
479 473
345 351
261 345
645 763
306 351
133 217
473 389
690 729
517 562
901 985
345 351
217 178
217 223
133 173
217 223
473 434
601 607
95 79
773 874
946 901
217 223
351 345
946 991
985 973
5 73
50 96
434 473
133 178
818 831
306 351
562 601
607 554
851 874
389 479
607 601
690 735
479 473
857 818
95 5
479 473
479 389
729 735
607 601
863 857
15 83
857 863
479 473
857 863
901 991
857 773
111 14
607 517
217 223
735 645
562 601
351 345
729 735
991 985
448 449
95 89
690 729
473 479
178 223
89 95
991 901
434 473
607 601
773 863
178 223
217 223
734 720
182 166
601 607
985 991
217 178
901 946
773 785
89 50
261 351
985 991
99 89
473 434
729 690
121 20
50 5
89 95
517 559
389 473
532 520
261 361
773 863
538 607
95 89
217 178
95 50
95 89
473 479
991 901
133 178
985 991
857 863
946 991
857 863
389 473
169 226
601 607
645 735
857 863
818 810
351 274
729 735
50 77
389 479
863 857
345 351
389 473
863 818
562 607
857 818
261 329
562 607
901 985
517 607
223 151
607 601
434 467
645 682
95 14
217 171
389 473
389 473
607 526
562 607
95 89
434 479
901 943
601 607
985 991
735 645
611 577
863 857
985 946
434 479
440 434
89 5
479 473
95 89
479 473
479 473
133 223
562 607
306 351
645 729
607 601
562 607
729 735
261 303
351 345
95 50
473 479
857 773
735 729
601 562
985 967
985 991
94 91
562 635
863 782
857 863
645 735
473 434
345 351
985 991
306 351
223 217
89 95
473 479
645 718
818 840
562 569
568 517
389 434
517 562
389 473
985 901
479 434
901 991
345 351
645 713
473 479
89 95
261 329
857 818
682 673
306 339
1015 995
473 479
901 991
690 735
223 217
857 863
517 607
601 607
351 261
473 389
729 690
645 735
517 559
50 121
517 607
773 863
261 351
178 223
133 223
50 95
562 607
465 426
50 95
863 818
729 690
306 261
601 607
985 991
79 5
735 645
178 242
862 786
133 178
5 18
50 95
863 857
261 306
645 720
517 601
217 179
351 306
351 306
351 345
479 473
351 276
89 95
607 535
389 473
773 857
857 863
217 223
901 991
50 5
479 498
645 729
345 351
735 645
223 209
473 479
345 297
991 901
178 223
863 818
178 223
735 729
133 178
95 89
196 143
473 389
735 645
217 223
729 735
473 389
223 178
645 735
217 223
223 151
863 773
345 351
946 985
991 946
735 654
5 72
473 434
89 95
901 991
729 735
517 607
607 601
991 985
89 95
562 623
64 8
735 690
690 645
857 818
645 729
517 601
729 735
690 735
345 272
5 102
351 306
228 142
735 690
217 178
351 345
217 223
133 199
735 729
223 178
345 306
223 217
479 473
773 863
991 946
946 991
178 223
95 89
601 607
601 607
217 223
89 95
345 351
217 178
306 345
735 729
901 991
985 991
947 1001
389 473
857 818
1010 913
479 473
607 535
991 985
517 607
223 217
479 434
601 607
773 841
818 863
178 243
690 735
89 95
351 261
5 50
818 771
985 991
351 372
601 562
89 50
857 850
773 808
562 598
863 857
562 607
863 857
562 601
89 95
223 178
223 179
729 735
223 178
645 767
473 434
89 50
783 802
991 985
306 345
89 95
479 407
448 459
985 991
95 50
985 991
306 273
637 541
901 946
916 960
473 479
818 857
729 735
89 95
345 357
959 913
985 991
773 860
690 735
857 773
991 901
818 863
479 473
645 687
473 479
863 857
985 991
788 776
351 372
946 991
645 729
261 351
345 306
863 773
50 5
601 607
479 473
133 192
306 351
517 529
89 95
434 479
690 761
50 5
729 650
610 591
857 863
607 601
345 351
479 389
306 345
178 223
5 56
473 457
389 473
611 617
645 690
217 223
660 648
261 351
351 261
645 735
991 1019
645 735
473 389
178 217
389 434
399 418
857 867
607 562
473 479
217 223
729 690
735 729
217 223
5 50
89 95
562 607
773 857
479 389
607 601
223 133
389 473
729 690
473 434
95 89
217 223
818 811
223 178
857 773
479 389
562 601
517 601
818 863
729 735
306 351
607 517
985 990
836 783
818 863
178 223
946 985
95 5
473 479
50 5
50 95
985 991
182 178
991 919
95 5
946 991
729 690
863 791
345 351
601 517
223 133
50 95
601 597
434 473
50 95
479 473
261 275
306 304
227 193
389 473
133 178
389 473
991 985
991 901
544 586
810 874
645 713
223 151
773 818
601 562
818 863
389 479
562 517
809 836
473 479
735 690
473 389
133 223
217 223
863 773
991 919
479 473
985 946
857 863
773 857
928 970
351 345
690 645
345 351
320 324
729 645
345 351
448 470
704 752
729 735
345 306
729 735
217 223
50 89
50 95
532 520
607 601
735 729
89 5
5 50
50 89
985 991
773 857
434 479
857 851
645 735
95 89
1003 909
901 991
89 95
351 261
320 339
601 607
389 473
913 982
946 985
223 178
345 351
217 223
223 133
351 339
351 345
645 690
729 735
479 473
389 434
645 729
863 857
946 926
306 351
95 5
50 95
473 479
985 991
863 857
985 901
601 607
857 773
735 729
351 345
517 607
735 690
345 306
217 133
345 261
351 379
345 306
5 50
389 458
434 473
89 95
54 45
217 223
133 217
217 133
345 351
818 863
434 479
690 735
607 517
911 930
517 601
735 729
607 517
985 946
607 526
345 347
810 819
729 735
5 59
818 773
773 863
601 562
985 991
434 479
223 217
217 223
133 178
217 223
178 217
5 47
345 351
818 773
818 863
901 969
607 601
217 178
178 217
857 863
133 217
50 95
178 223
434 479
517 607
479 389
645 735
345 261
729 663
133 217
5 73
645 729
389 479
50 95
217 223
434 473
601 607
916 960
217 223
306 261
985 991
351 261
773 802
261 339
607 601
345 306
345 351
729 690
857 819
306 351
321 352
178 233
729 735
95 50
351 270
601 607
562 535
345 351
857 818
345 306
223 133
729 645
601 609
261 351
473 435
399 467
863 773
991 985
526 517
226 178
271 290
991 901
690 739
601 607
479 473
818 857
735 645
857 863
95 5
50 5
473 479
946 901
729 735
901 991
991 946
223 178
306 275
985 991
729 690
133 223
985 991
479 402
89 95
217 223
50 30
625 522
946 991
261 345
13 64
389 473
985 991
223 133
735 729
607 517
217 223
690 735
223 151
50 95
223 178
389 479
479 473
517 607
223 217
473 479
133 178
735 723
601 562
345 306
217 133
991 946
351 306
306 318
690 767
601 591
607 601
991 979
434 389
607 517
863 818
857 863
863 818
95 89
562 592
5 50
50 95
690 645
735 722
645 735
529 598
991 919
473 389
607 601
729 645
991 985
306 351
223 217
473 389
389 479
217 178
479 473
223 217
434 479
345 310
863 773
562 607
89 95
857 863
607 601
473 434
863 818
901 985
601 607
389 507
857 818
607 562
345 351
133 217
690 729
479 473
345 351
654 721
863 857
863 857
645 690
473 479
89 50
901 985
818 863
704 713
517 607
601 607
434 509
818 863
913 920
857 818
133 202
991 985
735 729
95 50
352 348
645 687
901 1009
901 946
991 901
985 991
909 977
690 735
575 608
625 517
389 479
690 735
785 825
217 223
351 270
223 217
5 95
863 857
312 261
580 527
261 351
607 601
601 607
89 95
351 261
306 351
133 223
261 306
473 479
991 946
95 5
473 389
217 223
94 34
946 1017
178 223
601 517
819 840
217 223
95 89
818 821
773 857
473 479
473 479
645 735
517 607
95 89
818 857
351 345
607 601
95 50
473 434
345 351
170 239
133 217
133 217
857 863
857 773
562 517
345 351
857 863
729 735
729 735
517 607
473 479
562 607
306 351
5 73
601 562
735 645
735 654
89 5
735 654
818 861
857 863
306 351
345 351
863 818
50 95
946 991
351 345
818 773
389 479
607 512
607 601
345 306
607 562
601 517
491 473
517 607
601 562
351 345
690 645
729 690
947 990
479 473
729 645
261 351
217 223
223 217
217 151
601 607
89 5
863 773
517 585
434 479
217 133
562 607
889 774
351 270
95 125
729 735
690 708
729 735
261 270
389 473
735 645
89 95
607 601
273 294
351 335
473 434
217 133
607 526
223 217
562 607
223 178
773 847
645 690
901 964
985 991
217 223
473 479
959 901
863 857
690 735
607 526
307 268
901 991
818 857
562 601
473 389
473 434
389 473
985 991
575 608
991 941
901 991
217 223
133 209
946 991
607 601
729 735
991 901
991 901
473 479
217 133
991 946
389 473
985 946
729 735
637 571
50 5
980 947
5 50
479 473
735 690
261 351
50 102
345 351
389 434
261 351
473 479
901 991
479 407
562 607
479 434
562 628
434 479
857 773
473 479
217 223
133 217
50 89
89 95
517 607
985 991
5 89
5 73
133 223
89 95
434 479
178 203
857 863
306 351
729 666
607 562
473 479
946 985
729 645
690 735
729 690
89 95
690 729
223 178
217 202
863 818
517 601
991 946
351 306
863 857
434 479
607 562
562 607
729 690
729 690
985 946
645 729
607 562
5 95
562 607
178 217
345 261
351 345
991 974
985 1003
479 473
773 895
601 607
389 479
818 773
517 607
985 991
217 223
473 479
773 857
857 773
735 663
89 95
434 389
601 607
351 270
261 345
863 818
818 773
735 729
50 123
473 479
473 434
68 14
889 854
985 991
217 223
909 1003
985 946
991 985
89 95
133 178
985 946
178 133
946 1010
863 773
607 601
452 399
863 818
946 991
351 345
223 217
223 133
863 828
576 595
65 112
50 1
735 690
345 351
562 607
985 901
133 223
479 473
818 863
178 156
345 261
607 601
261 345
729 690
89 95
345 306
645 690
50 95
95 5
946 947
95 50
5 50
261 351
133 223
261 351
89 95
473 429
607 517
89 95
517 607
50 16
434 479
863 857
345 261
473 389
351 270
89 50
729 645
89 50
434 401
178 133
473 389
517 607
133 178
473 479
434 479
306 335
607 562
5 50
773 786
529 530
133 217
479 434
1014 938
351 345
690 729
690 735
985 946
50 95
50 89
857 863
133 201
89 50
178 133
809 847
345 274
901 946
473 479
601 562
345 351
863 818
89 5
223 211
89 95
479 473
735 690
434 389
50 101
306 351
946 991
89 95
729 735
271 339
473 389
473 479
306 351
5 89
857 818
223 133
50 95
645 729
773 841
345 351
645 690
818 863
473 479
89 5
178 145
690 735
773 818
822 821
345 306
601 607
89 95
857 776
95 5
562 517
901 969
734 645
601 607
345 306
773 818
517 607
479 389
389 434
607 601
562 572
351 270
857 863
729 735
434 479
985 991
479 389
607 562
901 985
479 434
773 818
863 857
857 852
50 95
991 985
89 50
89 95
857 817
607 526
881 778
729 735
223 217
64 40
881 826
351 345
425 452
345 306
389 479
261 351
223 217
657 695
345 261
562 519
473 479
389 434
178 133
389 434
991 985
434 389
345 351
946 985
133 217
5 95
5 95
178 223
223 133
562 598
773 863
261 351
178 223
857 818
863 773
133 178
901 943
601 607
133 217
50 95
607 562
298 307
985 991
261 351
50 95
985 991
65 24
729 735
5 89
901 946
690 729
946 991
223 178
261 351
160 202
729 735
901 946
818 863
89 5
517 562
434 479
655 723
645 735
345 351
345 351
857 863
991 946
818 863
735 729
223 220
901 991
991 946
95 89
601 517
473 438
601 607
645 729
607 562
217 178
601 562
985 946
857 773
50 95
863 818
863 857
857 863
991 978
89 95
570 625
601 607
89 95
729 735
345 351
89 50
50 89
473 389
601 517
735 663
773 818
143 211
261 303
223 217
223 133
389 510
223 133
223 217
345 351
345 351
389 419
517 562
345 261
217 223
851 879
447 480
253 154
452 398
645 690
133 211
857 863
657 747
479 434
351 348
985 991
223 217
990 1003
645 735
645 682
217 223
901 991
345 306
607 601
217 223
607 535
306 345
306 351
351 345
89 95
645 735
985 991
261 306
946 991
434 479
985 946
345 351
479 477
479 389
178 223
306 345
434 436
985 922
473 479
863 818
818 863
857 863
818 863
601 607
930 1007
345 306
351 335
985 991
479 473
50 89
50 95
857 863
389 479
991 901
857 818
473 479
479 473
479 389
729 735
729 714
89 50
607 601
863 818
735 729
751 710
818 863
133 223
271 290
95 50
729 735
729 690
991 985
857 863
991 901
389 410
901 991
178 254
601 607
601 562
345 351
95 5
217 223
601 607
729 711
50 95
735 690
863 857
351 279
991 985
479 473
306 328
217 251
729 739
509 386
690 735
261 306
729 690
479 389
143 207
517 601
223 217
985 991
389 434
41 68
89 5
690 735
95 17
89 95
818 863
223 178
601 577
901 985
434 479
473 479
133 223
5 89
601 562
517 601
479 473
901 985
95 102
261 345
473 479
249 162
434 389
562 606
946 915
729 645
434 479
601 583
946 976
178 223
985 991
985 991
863 857
434 473
863 857
690 735
985 952
788 832
857 818
729 735
345 306
985 991
857 773
863 791
50 95
479 389
351 345
735 729
773 815
645 690
345 351
217 178
95 50
345 351
562 601
985 946
809 783
223 217
517 601
729 735
857 863
298 307
946 985
479 389
5 11
217 223
184 133
345 351
607 601
345 306
946 985
881 811
389 479
473 440
901 991
261 351
601 562
985 901
601 606
818 863
690 735
607 562
389 473
901 969
89 5
863 851
479 389
261 351
389 479
645 717
389 479
345 351
607 517
773 863
345 351
901 991
345 261
946 991
818 785
946 991
562 607
946 991
601 607
434 479
991 946
857 863
217 223
517 607
297 382
818 863
473 479
562 607
261 349
601 607
479 434
735 729
690 735
562 601
79 83
857 863
985 991
991 985
50 95
517 607
479 473
345 261
473 477
217 223
857 863
479 473
985 991
773 818
729 690
222 223
133 217
729 645
857 818
991 985
857 818
562 517
5 89
223 217
735 729
729 735
217 223
345 306
345 351
68 15
434 479
736 733
5 23
95 98
306 354
133 217
473 429
607 601
223 217
946 991
991 946
217 223
773 818
261 351
178 204
89 95
306 261
89 95
735 729
5 89
5 50
473 479
729 735
133 223
351 261
607 562
50 95
791 863
434 426
50 95
818 857
345 261
729 645
100 119
690 732
306 351
89 95
178 223
739 699
517 542
345 351
985 946
133 178
645 715
991 901
51 80
690 744
946 991
479 473
178 223
645 729
351 306
985 901
991 946
863 857
133 217
345 351
562 607
517 607
223 217
517 601
473 434
217 223
434 479
562 601
607 562
863 857
389 473
178 245
345 351
562 601
355 333
735 729
773 863
133 182
345 351
645 724
773 841
479 473
345 261
690 735
517 601
473 479
473 434
735 729
601 607
345 351
345 351
645 687
473 479
735 751
735 690
217 223
863 857
473 479
217 223
901 991
345 351
818 863
863 857
261 351
901 985
857 863
89 50
5 47
223 178
735 729
5 50
89 95
601 562
991 919
773 857
857 818
729 645
434 479
863 857
434 401
217 223
655 674
261 351
857 818
223 178
607 526
950 969
601 607
773 818
893 878
50 89
217 168
991 901
133 217
601 607
645 735
434 473
351 345
217 223
345 327
645 735
351 345
818 863
991 985
351 345
607 601
345 306
735 690
473 479
857 818
773 863
356 270
223 142
517 601
42 51
991 901
473 495
223 217
985 991
89 95
735 729
223 133
601 607
946 1009
893 890
5 50
527 595
178 217
863 773
217 211
690 735
601 517
178 223
985 946
645 735
857 863
991 985
473 434
729 690
306 345
985 1005
863 773
351 345
351 276
607 517
261 345
690 729
178 217
857 863
991 919
863 818
729 690
517 601
306 286
818 863
517 562
369 330
601 607
729 735
601 604
479 389
434 473
863 857
145 133
345 261
306 351
946 991
345 351
178 223
473 434
607 517
217 178
729 735
857 863
479 473
985 901
601 562
857 860
857 773
645 735
985 991
217 223
818 797
178 223
50 52
729 735
5 89
178 223
985 991
857 863
5 89
601 607
818 863
991 946
735 663
773 857
863 773
479 389
217 223
607 601
89 95
50 95
434 389
113 95
562 607
261 345
729 690
133 223
985 991
223 217
901 943
217 223
857 863
217 223
729 735
857 794
857 818
729 690
5 89
306 351
404 392
5 89
562 601
223 217
901 985
863 857
562 607
690 735
818 857
5 95
5 50
89 95
217 223
217 223
985 991
607 517
1009 954
479 473
719 694
729 749
89 95
434 479
211 234
645 690
5 95
735 690
241 186
985 991
389 479
562 601
178 187
857 863
133 217
217 223
50 95
863 791
517 607
217 178
735 663
818 857
517 601
351 345
857 863
306 314
553 569
601 607
985 946
133 223
345 313
261 351
991 1016
690 729
1021 972
991 946
607 601
351 306
5 95
857 796
223 217
133 223
607 601
862 889
479 473
95 5
125 3
223 178
562 607
223 151
674 705
89 95
818 863
223 178
351 345
345 306
345 306
985 970
95 89
773 863
345 306
735 729
401 477
306 351
735 729
261 345
333 381
690 735
434 473
217 223
389 434
133 211
992 1021
89 95
901 985
735 729
89 95
345 351
991 985
601 607
901 969
601 517
50 95
985 946
306 351
601 607
946 991
985 946
473 389
95 89
862 773
389 479
50 110
607 517
690 735
345 351
389 473
857 818
479 473
645 735
479 473
479 473
991 985
434 479
217 223
601 562
81 13
351 345
217 223
601 607
857 798
389 473
351 261
351 261
601 562
389 434
345 351
479 434
857 863
465 426
735 729
857 773
690 735
89 95
901 991
434 479
479 452
857 863
89 95
479 473
89 96
901 969
89 95
729 735
562 607
901 985
95 89
773 774
645 658
5 73
306 324
601 562
5 50
95 89
217 178
217 223
351 306
985 991
901 991
261 351
601 607
532 576
95 89
351 345
857 863
960 979
690 729
901 985
345 351
946 991
735 729
783 847
729 735
89 95
133 250
985 991
345 261
985 946
946 985
773 818
901 991
345 351
434 479
985 901
517 601
857 863
95 89
351 345
369 314
857 773
133 217
261 345
946 985
985 991
601 562
863 773
773 857
863 773
863 773
517 559
735 645
863 857
631 517
863 857
562 601
473 479
345 351
729 645
261 345
306 351
735 690
306 273
916 1017
389 479
223 217
985 946
735 729
509 454
434 473
562 607
690 679
89 50
857 863
735 645
704 723
601 517
857 863
601 597
985 1015
95 89
217 223
351 261
389 434
946 991
261 353
95 50
434 479
562 538
223 133
607 583
431 389
473 479
473 468
95 5
473 434
607 601
100 119
607 601
863 773
517 562
517 562
89 95
708 655
133 223
690 645
985 1009
306 351
991 979
389 434
729 735
479 434
729 645
223 217
261 351
68 5
14 95
351 345
773 857
704 758
946 901
857 863
901 946
95 5
217 179
217 178
479 473
985 946
729 735
857 863
985 991
178 217
985 901
434 459
351 345
690 735
690 735
690 645
607 601
50 95
223 217
729 645
50 95
479 389
645 713
186 207
434 479
773 863
389 479
133 223
261 351
904 990
434 412
690 735
901 943
217 133
345 351
473 434
729 735
303 276
729 690
991 946
809 884
601 560
483 402
562 607
434 473
985 991
857 863
389 479
735 645
985 901
645 735
992 960
502 397
345 351
345 351
977 996
991 910
217 223
351 345
690 729
991 946
351 345
901 991
261 348
901 991
601 607
473 479
690 755
991 963
964 911
867 825
991 901
863 857
133 178
479 473
133 217
868 887
351 345
95 89
607 606
985 991
773 863
95 5
607 562
345 351
690 645
857 863
479 387
517 601
89 95
690 735
89 95
901 1017
991 985
517 559
601 517
857 863
89 19
729 735
133 223
89 95
306 345
306 351
345 354
223 217
345 306
992 950
473 389
479 389
133 178
133 131
857 863
306 261
95 14
89 95
178 223
729 645
729 735
601 562
818 875
857 773
217 178
773 863
434 479
735 729
607 601
351 279
473 434
964 937
601 607
788 832
601 607
5 95
217 223
351 345
946 991
261 351
985 896
735 729
5 89
690 729
50 95
735 729
479 394
223 178
946 917
345 261
773 863
5 73
607 601
434 479
89 95
863 773
261 345
133 223
729 735
223 178
517 601
434 473
607 562
818 857
178 217
601 607
95 5
223 178
118 65
473 479
562 607
389 473
473 479
985 991
473 389
345 351
261 306
186 152
985 946
901 969
580 527
991 901
991 946
351 345
125 91
818 773
517 601
89 107
857 773
89 5
985 991
89 95
735 690
217 223
735 663
351 345
690 645
479 507
863 857
217 223
133 223
863 818
261 306
178 223
217 223
773 857
773 815
89 5
863 857
691 682
133 223
735 729
351 258
607 601
95 89
345 351
479 434
217 223
601 607
901 946
985 901
532 520
991 985
601 562
985 991
434 477
479 473
95 89
389 473
95 89
345 261
271 339
645 690
434 479
454 426
946 991
479 473
345 327
729 690
857 863
297 288
345 306
345 351
251 253
479 473
306 356
389 434
946 985
601 607
562 607
946 991
901 991
517 601
562 540
223 217
819 780
50 39
607 596
893 863
479 398
473 479
217 150
178 217
473 494
351 348
818 857
863 857
857 863
479 389
217 223
217 178
562 607
601 607
261 306
261 351
690 735
991 946
645 735
306 351
946 901
479 473
729 735
601 607
50 5
217 223
985 946
479 473
773 863
946 985
729 690
306 376
517 593
217 223
217 223
901 946
479 473
50 45
527 546
517 607
178 223
901 969
818 773
773 818
223 217
434 431
178 223
645 735
133 217
217 223
473 434
133 178
818 863
601 562
818 773
729 690
351 345
517 607
985 991
818 773
491 397
345 351
473 479
607 639
690 645
217 223
946 985
832 840
863 786
178 223
50 95
434 430
351 261
306 351
434 473
863 818
985 991
901 913
217 223
89 48
857 818
857 863
306 345
217 223
562 601
473 479
607 601
985 991
178 217
306 327
985 946
857 863
818 863
473 389
89 5
607 562
95 93
95 5
473 479
223 133
818 863
50 5
94 59
94 24
473 479
729 735
479 401
121 6
601 607
946 937
5 95
261 303
645 729
901 991
857 863
178 223
773 857
133 223
729 735
434 473
773 863
517 607
857 818
479 389
592 562
773 863
50 5
20 8
389 434
601 607
434 479
401 480
95 50
818 863
89 95
690 735
729 735
633 516
729 735
351 345
133 178
253 242
95 5
690 645
345 351
223 217
426 473
607 562
89 50
991 901
95 89
434 479
517 562
261 306
517 595
95 89
985 922
426 435
863 773
991 967
473 458
517 559
773 818
479 434
217 178
473 490
729 685
645 690
89 95
479 473
389 434
306 351
607 517
690 735
178 223
863 857
473 479
473 389
863 851
773 841
95 50
133 217
690 735
381 327
345 351
773 863
857 818
704 719
857 863
562 607
857 863
434 473
809 783
729 735
351 270
690 735
351 345
95 89
735 645
178 173
223 178
863 857
473 479
223 178
133 223
50 95
562 607
434 483
178 217
995 1018
209 207
261 345
562 607
345 351
946 985
901 991
601 562
473 479
607 601
690 735
223 174
562 607
818 863
946 991
857 863
351 345
223 133
434 473
217 178
223 217
479 434
735 729
95 50
601 517
133 217
562 607
553 559
863 773
345 261
178 217
607 601
473 479
95 5
217 223
601 562
985 946
690 729
345 306
217 223
281 362
374 298
645 735
991 924
645 729
954 955
601 607
473 479
273 381
89 95
735 729
985 991
607 601
345 351
607 517
863 857
89 50
645 687
223 217
355 320
991 985
863 773
946 991
473 479
133 223
601 517
985 991
607 601
729 645
645 735
607 562
729 735
223 133
345 351
735 703
133 217
95 89
729 751
389 479
607 517
729 735
5 47
261 350
434 479
345 351
95 89
434 479
690 735
434 473
345 261
645 690
438 434
217 178
645 735
690 729
5 50
735 729
690 735
434 479
479 434
857 863
434 479
946 901
217 223
351 345
946 991
345 306
389 410
690 735
89 95
607 517
735 690
690 729
601 607
991 985
271 335
562 607
320 350
5 38
5 89
133 223
345 351
434 479
690 735
729 735
479 434
306 351
773 798
864 862
473 434
473 479
217 223
563 612
601 562
223 217
473 479
735 729
517 601
50 123
89 95
306 370
857 863
133 178
389 434
857 863
863 857
601 607
863 818
217 223
946 985
95 50
505 467
818 863
217 223
562 607
133 185
690 735
345 351
89 50
351 345
217 178
601 607
50 116
345 306
773 863
479 473
217 223
857 818
601 607
473 434
89 95
389 434
773 863
479 434
50 79
389 479
389 473
178 185
985 991
42 51
985 991
345 306
818 863
217 223
389 434
473 479
517 607
434 476
863 857
223 178
985 901
517 551
345 306
1017 917
901 991
261 335
261 306
50 38
566 515
1009 954
601 562
179 153
517 601
690 729
857 773
739 652
863 773
389 434
601 607
438 480
645 703
479 473
773 863
729 645
818 863
729 735
217 223
562 607
818 882
991 910
773 818
261 301
863 818
517 607
50 95
729 645
888 810
479 389
991 985
89 95
645 729
601 562
345 330
818 863
588 608
178 133
389 434
901 991
645 729
901 991
51 83
985 991
95 89
735 729
89 95
601 607
810 819
818 857
991 946
991 985
473 479
5 89
562 607
645 735
735 690
601 562
517 587
562 607
946 991
261 351
473 479
657 765
857 818
991 946
389 473
691 753
946 936
345 351
89 50
950 946
473 479
857 863
133 223
50 95
89 50
562 607
389 434
89 95
5 50
946 985
133 178
434 479
351 345
351 306
5 95
901 991
228 142
15 79
217 223
89 95
351 261
901 991
473 450
589 601
818 863
351 261
729 735
5 89
217 223
178 223
863 773
729 735
345 351
5 95
345 351
479 434
735 690
735 715
607 562
517 537
217 223
735 645
601 562
863 857
479 389
5 89
607 601
863 819
95 5
5 95
389 479
601 607
306 351
351 327
434 479
517 607
473 479
901 946
901 946
306 353
1003 909
729 735
857 818
261 306
901 985
133 158
607 601
306 345
863 818
447 463
857 778
607 517
891 887
773 857
985 991
434 479
50 95
863 773
223 133
601 607
773 857
133 217
690 735
729 735
306 351
133 184
95 5
351 261
307 312
992 975
607 601
601 607
690 735
818 863
261 306
901 991
991 946
217 223
261 378
261 345
404 392
857 863
601 607
517 601
985 991
345 313
562 568
223 133
991 972
217 223
645 729
857 818
690 735
50 95
50 95
351 345
991 985
857 773
389 431
95 5
50 5
345 351
307 258
89 5
178 133
95 50
306 261
133 178
946 991
89 95
857 863
690 735
735 645
306 351
863 773
473 479
735 729
985 946
517 551
473 434
901 946
704 707
946 901
601 607
178 223
703 719
217 223
345 306
857 822
389 473
729 656
89 95
351 312
645 735
985 991
562 517
196 143
351 345
601 607
611 552
601 607
517 601
169 196
946 991
95 14
645 738
345 261
901 991
345 351
5 95
50 95
389 434
389 443
178 133
645 735
991 985
389 479
223 133
863 857
607 562
818 881
479 389
991 946
178 223
217 223
473 479
818 857
95 89
562 517
901 985
690 735
863 857
345 351
479 389
654 735
178 133
645 713
5 95
223 133
863 773
5 89
857 863
434 479
217 223
178 223
479 434
473 479
345 261
985 938
863 818
416 458
473 389
50 17
985 991
217 223
479 467
89 95
818 857
261 351
729 735
773 863
50 95
473 479
223 217
217 223
434 479
946 957
389 434
351 345
5 95
95 5
601 613
306 261
562 607
351 345
653 747
223 217
401 497
217 178
401 509
645 713
389 473
991 985
991 985
818 857
735 729
645 729
517 601
985 991
681 647
434 389
911 975
473 389
857 818
89 50
773 818
818 773
261 351
946 915
517 607
5 89
607 517
773 863
863 857
345 358
479 473
857 806
479 473
217 178
479 473
985 991
985 901
345 366
261 351
5 89
217 223
645 735
946 991
389 457
434 473
607 601
217 223
223 217
51 42
345 306
89 95
89 50
645 735
50 95
985 944
729 735
946 901
901 990
306 351
345 261
251 247
735 645
479 473
985 901
178 223
901 991
473 479
517 562
985 901
562 589
246 170
95 23
351 306
389 479
217 214
901 976
178 223
261 351
985 919
857 863
5 14
479 434
601 517
645 690
261 351
694 704
729 735
601 607
434 473
735 729
306 351
95 50
89 30
89 95
991 985
601 607
217 178
223 151
601 562
5 95
857 863
261 351
863 773
857 863
735 654
479 473
863 773
5 89
607 617
479 389
351 345
729 735
389 434
773 857
851 879
607 601
306 351
690 735
89 50
351 274
473 479
901 910
991 901
773 857
857 818
306 351
1015 916
773 888
5 95
389 479
901 973
607 601
818 863
89 50
729 735
857 863
434 479
681 731
863 818
985 946
95 23
857 863
473 479
863 851
863 773
345 351
95 89
985 991
637 526
857 818
857 863
133 217
479 473
479 434
690 645
50 95
645 687
946 901
484 503
178 133
261 339
645 735
306 345
434 457
41 15
818 863
985 901
985 946
863 818
389 473
133 178
729 690
473 389
178 223
601 607
601 607
946 991
473 479
901 943
5 89
857 863
991 901
217 206
985 991
562 607
901 969
857 863
95 115
818 863
690 735
58 113
601 607
991 901
901 991
991 985
89 5
729 723
389 479
345 351
735 729
434 479
473 479
863 818
473 389
89 95
89 95
818 822
306 260
985 902
729 645
729 735
562 601
857 843
645 729
985 946
473 479
479 434
891 863
381 351
690 735
261 329
434 479
363 269
89 95
217 178
479 473
773 850
645 735
362 354
261 351
345 351
223 178
95 5
607 601
178 223
351 270
991 985
473 434
562 601
735 663
729 735
89 95
223 133
434 479
389 473
473 479
985 991
985 946
818 863
517 586
985 991
345 351
773 863
5 95
985 991
601 607
473 479
857 863
143 162
178 217
818 863
645 735
345 351
562 607
857 863
261 329
946 991
607 517
517 607
517 601
901 988
223 133
601 607
607 601
473 434
133 178
857 773
133 217
95 89
473 432
345 351
404 448
832 862
479 473
351 276
791 863
133 223
217 223
863 857
517 607
351 345
89 95
690 645
50 95
645 735
178 223
133 227
261 345
607 526
991 901
729 690
438 434
178 217
95 89
729 737
345 351
223 217
735 729
351 261
735 645
991 985
95 89
773 863
818 863
517 601
434 473
89 95
389 479
985 946
773 857
601 562
479 473
773 863
345 261
133 178
645 735
351 345
729 718
223 151
601 517
562 607
478 406
253 138
217 223
729 735
306 345
607 562
863 867
819 870
178 223
645 658
607 601
690 733
95 89
345 309
857 863
562 607
901 985
89 23
517 607
5 89
473 389
985 991
562 517
473 479
607 535
389 431
773 818
721 682
50 95
473 479
133 217
991 914
479 389
729 735
857 863
89 95
223 151
857 773
473 479
50 95
5 95
5 50
863 818
95 5
479 473
351 261
434 479
351 320
645 690
735 729
601 607
690 645
607 562
389 467
345 351
95 5
901 985
473 389
306 351
985 901
178 238
473 479
753 698
729 690
473 447
985 946
133 246
345 351
985 991
5 95
991 985
735 645
473 479
479 473
901 969
64 17
50 95
735 645
607 601
479 389
857 863
517 607
517 601
389 473
517 562
133 217
434 473
985 991
818 773
863 857
580 526
690 735
473 389
351 306
306 261
985 901
735 645
735 690
985 946
389 479
434 479
735 645
223 217
75 89
735 690
217 133
857 818
773 857
645 713
690 735
434 389
217 158
182 220
857 818
389 479
351 345
985 991
261 345
473 434
389 434
985 991
517 607
178 223
170 205
261 266
991 985
991 985
818 863
532 606
5 89
473 479
89 95
729 735
773 818
735 729
261 306
5 95
261 351
95 50
389 434
601 607
690 645
473 478
818 857
818 857
517 562
217 133
133 217
946 991
601 607
50 95
946 985
223 157
773 836
991 901
601 619
89 95
985 991
607 526
607 567
479 389
601 562
95 89
133 223
133 223
351 345
399 467
857 863
95 50
901 985
863 818
690 735
17 98
217 178
985 991
50 95
857 773
818 863
690 735
562 607
818 863
223 217
729 735
95 89
977 938
345 279
50 95
729 735
946 991
773 818
562 607
217 223
562 612
773 863
473 479
735 729
690 729
729 735
690 735
261 351
985 901
217 223
607 601
434 501
261 351
479 407
306 351
434 479
89 95
89 95
133 223
133 223
739 645
985 991
401 400
217 178
857 863
601 607
991 985
729 735
985 991
217 223
217 133
133 223
261 345
479 394
645 729
630 577
773 863
690 735
5 80
261 303
434 479
607 601
818 863
389 481
601 607
50 95
562 517
991 901
991 946
857 818
89 50
863 818
223 178
95 5
479 473
601 607
946 991
690 735
133 185
857 863
479 434
89 50
306 353
133 217
434 389
901 985
479 434
985 901
307 306
306 273
517 607
822 812
946 991
178 228
991 985
735 645
607 526
473 434
735 729
178 223
306 351
517 601
133 178
601 562
425 463
473 479
729 735
169 196
5 95
607 517
729 690
773 818
517 607
363 269
95 50
601 607
345 351
261 351
351 261
645 713
246 217
991 960
223 178
306 351
901 991
95 14
773 841
607 529
133 223
946 988
133 223
773 887
773 890
306 351
351 345
619 525
473 434
985 991
562 607
217 133
473 479
985 991
223 133
901 969
345 351
601 517
133 221
517 607
985 991
345 261
729 645
452 399
345 351
735 690
345 306
374 321
857 863
306 351
863 857
479 389
645 690
645 690
351 270
473 434
89 95
217 178
389 457
985 901
261 351
50 89
736 717
217 223
729 735
773 857
694 690
178 145
89 95
985 991
178 133
863 857
351 345
351 270
991 946
601 607
690 729
178 223
517 601
306 351
473 479
991 901
857 806
306 308
345 261
261 351
985 913
985 991
217 134
473 479
95 5
901 911
306 351
182 191
773 818
434 479
95 89
50 95
261 345
41 68
271 324
253 223
178 223
5 34
261 345
473 479
223 217
306 319
345 351
735 645
901 991
95 89
479 389
5 89
217 223
946 985
223 133
991 985
985 946
306 351
20 8
601 607
991 985
95 50
517 585
601 517
985 991
960 938
434 479
607 601
607 517
479 473
946 901
729 645
473 479
690 735
690 729
351 345
434 389
857 863
95 5
89 50
857 863
901 985
985 991
89 50
857 818
351 339
735 645
434 479
345 306
985 991
517 601
473 479
95 89
345 261
690 735
946 1021
389 473
95 5
901 969
95 50
735 690
735 654
261 306
89 50
89 50
562 529
389 434
601 607
863 857
178 223
270 337
389 479
389 479
434 389
479 450
434 479
857 863
857 818
192 158
95 50
5 50
438 431
690 735
261 366
389 434
946 990
192 174
735 645
818 834
306 351
223 217
735 645
607 562
562 558
95 89
773 863
517 607
89 95
991 985
985 991
438 423
389 507
857 863
857 818
857 863
389 434
89 95
351 345
434 479
95 23
901 946
818 773
306 345
89 95
921 1002
601 607
601 524
735 763
901 941
985 901
5 50
389 473
863 857
89 50
735 690
991 944
473 479
389 434
95 5
857 863
261 351
473 389
306 345
729 675
607 562
351 372
217 223
223 217
217 223
645 735
985 1019
985 991
95 5
261 351
553 610
50 5
133 217
645 687
901 991
991 946
223 217
223 133
517 601
985 946
345 351
857 818
89 95
985 946
809 836
473 479
964 911
182 140
217 178
901 991
345 351
217 133
261 306
217 223
562 604
479 389
857 863
5 89
345 261
133 223
691 762
5 95
991 919
95 89
985 991
857 818
345 274
261 351
389 463
857 818
517 601
54 113
133 223
261 351
133 223
729 735
729 663
517 607
735 690
818 773
133 243
857 863
389 457
901 991
351 345
857 773
773 818
857 863
863 818
517 559
133 223
133 223
473 434
473 479
5 95
773 863
946 964
389 434
217 223
517 607
473 434
729 690
473 479
95 89
857 863
773 857
351 312
985 946
818 863
773 863
901 991
875 889
133 178
473 478
434 479
89 95
607 601
562 601
223 217
479 473
217 223
356 270
645 729
735 690
773 863
690 735
178 217
729 682
217 133
95 89
479 473
223 133
857 863
15 83
818 863
734 756
985 991
946 994
79 121
729 664
381 335
89 5
389 434
425 452
217 133
473 479
217 178
857 818
89 50
562 628
5 50
729 735
345 351
601 607
351 261
479 473
223 133
5 50
133 223
517 562
607 517
863 857
901 985
399 407
223 217
434 479
517 562
389 479
345 351
50 95
607 601
991 985
345 261
729 735
133 178
345 351
719 723
824 773
223 178
863 818
773 863
223 217
985 991
857 863
606 521
985 991
95 89
50 95
473 479
991 985
633 636
863 857
985 946
857 863
389 479
89 50
607 517
729 645
818 865
306 351
562 607
975 991
832 828
223 142
89 95
735 645
351 306
345 306
857 775
345 261
645 729
479 473
735 703
607 529
946 1018
946 991
901 991
345 351
729 735
261 351
857 818
50 95
601 607
601 517
178 133
95 89
261 306
473 479
575 632
473 479
479 473
223 217
217 178
818 857
50 89
479 497
261 351
517 607
607 526
607 562
729 735
473 479
479 434
345 351
307 308
217 133
991 901
345 351
857 863
991 946
217 223
863 851
369 339
355 266
95 5
818 863
223 217
217 223
306 351
261 303
89 110
473 479
857 863
50 5
607 562
479 473
306 351
351 261
133 223
562 601
217 223
95 89
857 863
389 434
985 946
607 601
991 901
863 857
473 434
473 389
729 735
387 434
901 971
345 351
389 479
690 729
818 817
435 463
601 512
645 735
223 217
479 473
991 985
901 991
345 351
607 517
89 5
901 985
863 818
399 463
261 345
178 223
985 991
89 95
729 669
991 971
480 457
991 985
306 337
351 345
985 991
901 985
985 946
479 389
261 351
729 735
5 89
89 95
50 95
223 217
991 946
217 223
133 223
50 89
95 89
5 95
645 735
133 223
719 659
875 781
729 735
178 223
434 479
95 89
783 847
863 857
389 473
985 991
991 901
345 351
133 223
133 220
863 818
857 773
985 946
89 95
601 607
729 690
261 345
946 991
991 941
690 735
5 50
901 946
261 351
261 351
729 735
601 517
773 863
473 479
517 601
625 570
306 351
607 517
985 991
345 306
5 95
910 977
217 223
473 479
857 863
95 71
517 607
95 89
479 389
729 711
223 142
261 345
735 645
985 909
729 690
690 735
901 946
223 133
532 576
729 735
863 857
479 439
562 517
50 95
657 650
517 607
946 985
217 147
991 985
217 223
20 8
645 735
729 645
946 930
601 562
857 863
946 991
601 517
217 223
178 133
607 601
473 431
473 463
690 758
946 991
261 345
735 729
223 217
857 863
223 217
607 568
735 645
562 544
58 50
645 735
729 690
985 946
601 607
857 863
351 261
351 345
773 863
985 901
985 991
434 479
729 735
389 479
217 223
773 863
50 95
434 479
217 223
434 467
345 351
473 479
217 133
735 729
857 863
95 89
306 351
607 562
351 345
901 991
217 178
505 427
729 690
261 351
345 306
901 946
761 682
893 827
645 690
50 29
607 601
178 133
601 593
601 517
735 658
517 562
473 479
290 321
607 526
735 729
435 490
857 863
705 671
607 526
345 351
95 5
64 36
601 562
591 592
517 585
217 223
345 351
729 735
946 991
355 287
95 89
41 68
562 517
223 198
818 828
857 818
773 863
133 223
351 261
345 351
729 690
690 735
818 863
227 168
985 991
223 178
5 50
351 306
473 389
729 735
234 223
735 729
857 873
389 426
517 601
133 223
404 505
985 991
991 985
601 607
351 342
389 434
89 68
178 223
345 306
136 247
901 946
89 5
479 389
143 162
857 773
607 517
434 412
681 708
345 351
133 217
306 348
729 735
381 339
607 535
401 473
857 844
95 50
95 50
863 857
985 991
5 89
223 217
345 351
690 729
645 735
261 345
223 217
5 95
729 707
901 946
645 735
607 562
729 735
735 690
345 351
985 991
729 690
345 351
261 351
351 261
89 95
729 735
434 479
345 261
306 351
50 95
223 217
5 95
217 178
517 562
217 136
985 901
729 735
881 826
50 5
345 351
473 479
438 435
601 607
351 306
253 198
729 690
946 985
89 95
351 345
562 517
991 985
307 298
14 89
645 729
901 946
438 467
479 473
857 863
178 223
734 719
985 991
735 729
5 95
261 351
217 223
217 178
345 261
133 217
306 261
345 351
857 773
95 83
863 857
788 874
818 863
50 19
223 217
991 946
306 290
562 607
223 217
217 178
601 607
729 735
223 133
729 690
261 345
5 89
985 990
306 351
595 623
5 95
473 497
473 423
681 655
306 351
601 607
345 261
89 110
901 946
133 169
690 729
645 729
434 479
209 170
985 946
89 50
434 479
818 866
345 351
89 50
607 601
261 345
261 351
50 5
473 434
994 946
306 261
601 562
5 50
434 479
223 217
351 279
223 133
985 901
607 517
261 306
857 863
645 690
473 479
517 607
857 773
863 884
473 389
217 206
389 479
306 351
601 607
95 50
901 973
633 589
901 991
601 607
448 391
625 570
991 901
985 991
89 50
645 722
351 261
562 619
434 402
351 261
89 95
601 517
434 479
89 95
645 735
607 526
985 991
473 434
306 345
818 863
607 601
345 306
901 946
735 690
89 95
735 690
773 863
217 133
517 562
818 863
946 991
946 991
991 973
991 985
729 690
946 901
991 946
345 351
735 690
645 735
217 133
5 50
95 89
690 729
601 607
89 95
50 5
351 345
5 50
901 991
306 261
891 887
857 818
901 991
773 818
773 863
729 735
857 863
818 781
735 690
601 607
562 515
261 351
901 991
351 306
863 890
5 89
95 5
351 345
773 818
389 434
857 818
251 247
473 479
729 735
50 95
5 8
401 390
517 607
389 434
645 690
857 863
985 991
306 351
217 223
991 946
818 863
729 690
389 507
217 178
50 95
562 566
690 645
15 79
223 217
473 479
133 223
50 5
89 95
863 818
389 473
729 645
479 473
1007 966
434 473
193 254
601 607
690 735
645 735
113 83
41 68
337 298
351 261
729 690
991 901
946 991
729 645
857 863
473 389
89 95
89 95
226 211
133 178
133 178
473 475
991 985
562 607
729 735
106 98
690 735
985 991
473 479
991 901
5 89
863 818
434 398
810 819
133 217
985 991
217 223
601 607
562 614
607 601
223 178
765 699
345 351
645 690
645 735
89 95
345 351
740 694
351 372
261 319
351 345
690 735
601 517
306 301
991 985
434 473
434 479
261 329
178 223
473 389
690 735
223 133
773 863
562 559
607 576
517 591
863 857
773 818
351 345
217 178
306 363
50 95
818 773
862 838
479 473
10 89
473 479
818 810
89 5
645 735
223 178
351 306
89 5
991 946
889 780
89 50
473 479
517 601
133 178
863 857
601 607
314 280
95 5
773 841
985 991
729 690
223 133
729 735
307 269
901 946
991 925
473 479
217 223
191 248
345 306
133 223
985 946
517 562
735 729
473 479
601 562
133 223
562 601
345 351
985 991
345 351
887 891
690 645
223 217
601 607
473 479
89 95
95 89
657 703
690 747
562 601
601 607
690 735
351 345
773 815
863 818
223 217
729 735
217 223
857 863
729 690
351 345
50 95
505 479
143 211
306 261
351 306
178 223
178 223
261 310
404 448
601 607
345 306
5 89
351 339
261 306
985 946
223 133
434 479
217 178
517 601
729 735
89 5
89 50
389 473
95 50
351 306
985 991
901 985
991 946
473 434
946 985
607 517
773 863
5 89
473 479
857 863
223 178
479 473
89 95
985 991
645 729
901 975
868 887
223 178
389 473
735 729
946 991
473 425
133 201
261 351
95 50
5 89
95 89
607 562
50 95
133 223
89 50
261 345
434 479
89 95
729 735
63 96
773 863
863 773
735 657
985 901
479 473
399 418
985 946
863 818
20 8
735 729
89 95
601 607
990 910
271 290
818 857
710 645
217 223
473 389
607 601
773 863
863 818
729 735
607 604
345 351
735 690
389 479
234 223
223 217
345 351
473 479
729 735
517 566
863 857
729 735
735 690
17 125
562 607
222 187
601 607
517 607
89 95
345 351
773 794
306 345
89 95
773 863
517 585
562 607
351 345
645 729
473 479
601 517
735 645
345 306
223 217
601 607
473 479
645 735
261 351
607 601
857 818
217 223
434 479
473 389
946 991
351 345
607 562
985 991
690 735
345 351
946 901
562 601
601 607
607 557
857 863
223 133
517 607
857 863
991 946
729 735
607 562
645 640
607 601
562 612
351 279
601 635
261 351
601 517
133 175
991 985
991 901
89 50
773 857
562 601
5 50
50 95
479 473
5 95
946 991
389 479
645 735
690 735
863 782
95 5
729 735
473 479
89 95
133 223
773 863
729 735
809 783
857 863
995 961
607 562
985 991
645 729
89 95
345 351
857 863
89 50
89 5
857 863
690 735
5 14
479 473
5 89
473 479
217 223
479 427
818 863
818 850
351 338
479 473
729 735
217 223
345 351
863 857
645 690
473 479
261 306
992 905
473 389
645 703
133 217
818 863
857 798
977 938
223 217
857 863
901 969
773 818
645 687
729 735
133 217
217 144
473 479
901 969
601 517
473 479
404 448
95 50
729 698
818 863
223 133
601 607
818 836
773 863
690 735
95 119
261 329
351 345
607 601
690 660
89 95
42 51
217 178
345 306
601 607
351 261
217 223
133 223
729 735
879 810
991 985
261 351
985 991
601 607
434 479
217 223
729 735
178 223
985 946
863 857
517 537
863 818
15 79
690 645
217 133
434 479
217 223
735 645
345 351
729 690
690 735
95 89
831 888
607 562
89 95
985 901
207 147
345 310
95 50
979 915
99 67
479 473
143 162
863 818
690 735
261 345
351 345
389 479
619 525
281 362
735 729
729 735
473 491
50 95
223 178
95 89
473 389
345 351
857 773
991 985
601 562
517 601
217 223
985 943
773 863
345 306
1021 966
345 351
985 991
857 863
89 50
121 111
863 857
50 95
89 50
729 690
217 133
991 914
946 943
991 985
50 95
863 835
959 992
822 816
320 335
946 991
89 95
681 747
991 946
50 95
729 690
857 863
217 223
818 769
690 670
306 372
351 339
863 857
351 345
178 166
735 729
473 479
729 645
351 345
950 946
89 95
985 991
645 690
217 133
517 601
211 234
517 607
818 773
735 690
178 223
690 735
645 687
223 217
389 478
985 991
601 607
223 217
863 857
261 306
729 690
306 378
857 773
601 607
473 479
991 985
345 306
223 133
864 874
690 735
729 645
601 607
985 991
657 735
345 351
50 95
133 223
607 526
389 473
345 261
863 865
89 95
434 389
901 991
473 479
479 473
351 270
645 690
738 717
529 601
901 946
223 133
473 479
901 985
946 991
356 310
991 985
178 217
389 434
863 773
89 95
645 729
95 50
324 271
223 217
729 735
434 464
473 389
261 306
857 818
42 51
5 60
607 562
863 857
345 351
991 985
645 735
773 863
290 321
645 729
946 991
234 226
729 735
89 41
863 773
389 473
773 848
946 991
95 89
857 773
479 473
655 674
389 479
773 863
261 306
601 607
306 261
991 931
601 562
261 345
95 19
857 863
601 607
261 351
95 89
517 601
434 479
389 479
217 223
223 133
991 901
345 351
133 178
729 735
261 345
345 341
389 431
735 645
729 690
690 735
729 690
345 351
985 946
5 95
946 985
217 178
735 763
345 351
735 729
735 729
562 607
50 89
729 735
89 95
901 991
607 562
473 479
857 818
863 818
601 594
857 863
946 991
133 223
223 202
607 601
818 863
517 607
89 95
434 479
479 401
818 857
345 306
223 133
788 832
645 663
5 95
863 818
517 513
607 535
863 773
50 99
863 818
332 261
217 223
50 95
306 351
601 607
562 607
89 50
946 901
901 913
89 95
89 57
306 351
857 863
991 985
178 223
133 223
607 562
991 985
479 450
946 985
645 729
95 50
479 473
217 133
991 985
306 285
68 15
5 42
601 607
645 666
729 685
389 473
95 14
739 690
5 89
735 690
735 729
729 641
113 5
607 562
473 434
991 985
690 735
473 479
818 773
345 351
261 306
434 479
857 773
345 351
601 607
217 223
773 815
985 946
729 690
645 735
857 863
601 607
452 399
345 261
562 517
217 223
601 607
863 773
607 517
901 991
601 517
601 607
773 857
321 354
89 5
729 735
562 607
857 863
857 773
991 985
562 517
607 601
601 607
857 863
178 223
601 607
729 735
607 535
729 690
89 50
473 389
946 991
729 690
690 735
991 985
818 863
50 13
345 310
985 946
434 410
133 223
991 901
95 5
645 729
217 223
857 863
217 223
276 320
863 818
857 891
991 985
505 408
857 863
345 306
985 946
857 863
607 562
426 435
601 607
133 223
517 607
223 217
946 899
863 773
389 479
5 50
773 863
89 5
479 389
479 460
901 946
389 479
863 857
562 601
241 186
576 572
434 473
306 351
857 773
863 857
95 89
306 351
901 991
645 735
223 253
645 729
901 991
901 991
473 479
690 645
681 644
89 95
434 389
89 5
95 50
645 690
863 857
223 251
901 946
818 773
645 690
479 473
473 479
735 654
473 434
89 95
729 645
351 345
133 223
133 178
773 863
95 89
397 448
270 351
601 607
901 985
601 635
261 351
479 407
517 513
901 985
5 95
133 223
950 1009
735 645
729 690
562 627
345 351
89 95
985 991
217 178
5 50
645 735
479 434
729 735
985 991
809 836
217 223
479 473
517 607
389 431
95 18
863 857
217 133
211 207
95 89
261 329
473 479
601 517
601 562
857 863
729 690
729 735
5 50
576 548
261 351
217 223
901 985
398 465
601 607
729 690
271 290
773 884
50 1
50 89
985 991
217 223
517 607
607 562
735 690
607 526
241 186
756 735
434 473
991 985
89 78
863 857
901 991
645 734
401 419
434 473
985 946
95 89
261 329
607 555
89 95
857 773
517 543
607 562
690 755
223 217
946 991
893 866
50 95
306 351
607 526
773 815
306 345
601 517
345 306
217 223
351 306
985 991
690 645
901 985
89 95
95 89
217 223
991 985
735 729
389 479
818 863
607 517
857 863
729 735
217 223
389 434
517 562
601 514
473 479
389 473
320 339
133 217
660 648
389 434
773 882
217 175
901 991
991 901
89 95
223 151
223 217
690 645
562 624
306 261
645 729
645 729
306 351
901 991
645 690
601 607
901 946
95 89
729 735
857 863
95 5
217 223
479 473
729 735
251 247
601 532
916 960
857 863
261 345
985 991
89 95
607 535
818 863
178 223
607 609
991 985
735 704
729 735
5 95
985 901
735 690
946 991
351 306
863 773
729 735
389 479
818 863
133 217
345 261
261 345
473 434
729 735
901 910
645 690
863 773
473 434
50 89
351 306
89 95
223 217
601 607
473 479
473 479
5 50
473 479
857 863
601 607
562 517
857 863
607 569
261 345
95 89
729 735
517 585
831 888
297 373
5 50
120 116
178 223
479 473
345 329
601 607
729 735
729 735
857 863
345 313
95 5
857 863
729 735
223 217
601 517
857 863
133 178
217 198
133 178
607 517
517 607
191 224
5 54
5 95
351 306
946 985
50 95
517 601
50 34
607 526
223 217
517 562
389 407
217 223
729 735
729 735
345 351
985 991
479 407
306 351
822 867
133 230
5 95
261 351
645 735
89 99
50 95
735 653
351 345
607 554
735 729
985 901
729 690
473 479
345 306
337 298
261 351
479 434
601 607
901 991
818 843
389 479
857 773
434 473
217 223
601 607
863 773
479 389
773 863
95 5
729 735
719 735
901 985
473 479
562 607
985 991
505 450
448 392
1017 967
5 95
345 351
822 847
863 818
50 95
645 654
133 238
867 796
217 223
191 248
985 991
607 517
473 479
95 89
857 863
223 169
517 607
178 142
868 887
863 818
223 217
985 991
773 863
818 863
306 345
345 273
5 50
985 991
345 351
5 50
261 345
607 574
773 857
133 223
645 739
985 991
857 863
217 223
985 1011
729 726
223 178
601 607
271 339
95 5
473 404
434 398
991 985
89 5
5 95
773 791
992 925
389 404
133 223
351 306
690 694
223 217
345 351
345 351
217 223
434 479
818 857
479 434
607 622
192 190
306 351
517 601
517 607
985 991
690 735
818 893
735 729
133 178
601 607
217 223
351 345
95 89
223 244
818 773
389 479
473 389
5 73
306 351
351 345
261 306
351 345
690 724
217 223
178 223
89 95
479 465
645 729
985 946
991 946
735 729
857 773
819 863
913 1015
473 479
261 306
857 863
645 735
601 607
735 687
217 178
389 479
566 622
911 930
479 473
5 89
562 607
517 607
479 407
735 729
690 732
857 818
729 645
345 351
729 735
223 217
607 517
857 818
601 607
223 217
434 473
434 389
901 943
261 351
5 50
5 95
223 133
306 261
133 217
857 818
223 217
985 946
223 133
946 991
729 735
863 857
464 509
404 448
89 50
434 479
434 479
645 690
70 42
50 110
985 991
217 223
857 818
645 729
473 479
729 735
991 985
901 985
818 863
178 133
89 50
857 863
95 5
985 991
479 434
607 526
735 686
133 217
434 473
95 68
389 398
345 351
735 690
576 595
479 407
170 179
735 729
345 351
773 863
607 517
217 220
690 735
133 223
89 81
901 991
985 991
351 345
773 857
95 89
607 601
985 991
351 261
901 985
809 783
223 151
946 913
479 473
601 562
479 473
735 645
857 773
985 901
562 601
223 178
729 735
351 345
351 345
89 95
690 735
389 473
223 133
50 95
991 910
223 133
217 223
729 645
351 345
773 863
133 217
863 857
345 334
217 223
601 607
773 818
404 448
217 223
985 901
990 963
95 89
729 735
607 601
607 535
473 479
345 351
818 863
818 857
857 773
312 261
389 496
947 1009
5 89
601 607
562 607
261 306
985 991
345 287
729 735
889 851
857 818
306 319
1021 994
479 473
345 306
735 690
306 261
50 95
223 151
473 389
223 217
901 946
95 89
217 223
601 607
345 351
863 857
863 857
5 95
473 479
99 17
818 857
261 351
217 223
5 95
434 473
5 50
517 601
991 950
50 89
862 847
645 729
319 284
985 991
532 576
50 95
479 473
773 863
217 223
991 985
901 985
50 5
473 401
690 735
645 735
50 5
434 389
50 95
773 818
517 601
690 645
89 95
389 479
345 351
601 607
95 50
657 699
765 692
261 285
985 991
261 345
818 863
863 857
517 607
601 607
863 818
857 863
601 562
607 562
857 863
818 870
985 901
773 841
645 735
857 863
863 818
261 345
645 767
345 261
217 178
601 635
5 50
863 857
473 479
63 96
601 607
735 729
438 434
473 389
773 863
729 690
729 735
89 95
601 607
901 991
517 562
223 151
306 261
901 946
946 991
345 306
95 14
95 50
891 887
434 389
178 223
351 266
690 735
818 869
178 251
133 178
991 946
857 818
351 324
351 345
217 223
217 223
223 217
607 517
645 735
261 345
991 946
735 729
50 89
607 601
223 178
607 601
473 479
690 735
690 705
5 95
601 607
857 863
223 133
729 735
89 57
95 89
601 607
991 1019
901 991
601 535
351 345
1021 994
5 50
473 479
517 562
345 306
729 735
89 95
729 735
690 735
985 991
297 298
818 862
985 991
818 863
351 261
345 306
5 89
223 178
729 690
89 95
818 863
223 217
306 261
862 788
217 223
389 473
773 863
532 576
735 690
95 10
601 517
89 50
133 223
985 991
729 690
434 479
479 398
517 634
479 473
735 690
473 479
217 133
95 50
389 431
857 863
89 95
89 95
479 473
562 607
607 562
306 351
178 223
991 946
479 473
985 991
473 479
377 369
645 690
607 535
345 351
473 434
89 5
261 329
217 178
950 902
857 863
773 857
306 261
217 223
691 645
901 985
517 562
562 587
351 345
83 106
479 473
133 223
985 991
389 434
473 434
562 517
473 479
562 607
223 217
191 224
818 773
607 562
645 735
729 735
50 89
1014 938
133 178
351 261
50 95
575 608
729 735
351 306
381 315
89 95
901 985
517 607
479 477
901 985
133 178
601 607
178 223
526 593
271 335
723 655
985 946
735 645
217 133
95 119
985 991
217 133
985 946
863 857
985 991
223 133
217 133
473 389
690 735
773 863
50 95
857 773
645 729
217 223
517 607
991 985
434 473
645 720
345 306
345 351
991 985
901 991
735 645
473 479
89 95
95 89
217 178
563 575
753 698
645 729
832 851
562 607
5 89
601 607
607 517
562 607
389 434
389 479
607 517
178 217
690 658
306 351
217 133
345 306
857 863
95 5
818 863
178 217
389 479
95 50
985 991
306 351
473 479
729 735
279 351
473 389
601 562
863 832
261 345
473 479
526 593
607 601
223 178
857 863
389 484
729 723
306 351
863 773
306 345
473 491
306 351
601 607
50 89
773 857
991 985
337 298
645 687
434 414
95 89
241 186
773 863
991 919
89 5
991 985
601 554
901 946
562 607
89 79
50 0
901 991
473 479
261 345
818 861
479 473
351 345
223 217
773 863
217 223
562 611
729 645
473 479
89 50
863 825
990 938
223 133
345 351
601 607
261 306
51 41
95 50
991 946
946 991
95 50
654 721
946 985
133 160
223 252
50 5
306 345
95 50
345 261
729 690
991 995
434 479
473 479
930 910
89 95
223 217
133 201
562 561
601 607
121 116
89 95
89 95
601 607
857 773
601 517
937 995
761 759
729 690
345 351
985 991
601 607
5 71
863 857
601 607
480 496
857 863
479 507
946 991
690 735
64 44
5 95
89 23
857 863
818 863
89 5
345 351
351 306
601 607
389 473
735 700
223 217
773 863
562 575
306 351
50 95
562 543
645 687
747 653
985 946
5 47
818 863
223 217
473 479
818 857
473 479
607 517
729 735
89 95
773 815
863 818
89 95
306 345
178 223
946 973
261 306
178 223
985 946
351 261
645 735
473 479
901 943
261 351
785 848
985 946
607 601
434 478
991 901
223 217
991 985
217 145
601 607
95 47
389 434
50 95
182 210
478 504
901 985
479 473
991 946
729 735
985 901
133 201
946 991
497 442
729 690
735 729
307 374
985 991
607 562
985 991
857 863
95 14
261 351
729 690
50 95
857 863
901 991
345 351
261 286
50 39
601 607
863 857
479 473
5 95
261 351
95 14
107 120
306 351
389 479
729 690
991 946
473 434
857 863
690 719
473 479
505 477
517 607
479 508
645 729
937 946
645 729
773 818
607 562
857 818
994 946
690 735
863 857
607 517
735 654
5 95
389 434
389 473
345 351
690 735
351 339
863 857
857 773
985 917
818 860
601 607
985 991
773 818
89 95
50 89
729 735
991 946
483 478
601 562
729 645
473 479
95 39
484 503
473 389
389 434
389 434
863 857
269 363
863 843
217 133
607 562
991 985
217 178
89 95
863 818
473 479
729 735
991 985
473 389
178 223
910 977
857 850
479 434
389 479
345 351
223 133
857 863
543 607
946 973
227 141
863 791
133 222
985 991
473 479
864 838
690 735
601 607
857 773
5 50
773 857
217 223
217 223
601 607
345 351
946 991
95 89
182 217
863 857
351 345
95 89
261 309
857 818
89 95
863 857
901 991
178 133
217 223
690 735
562 517
217 223
473 479
601 517
217 223
645 735
818 773
517 607
479 473
223 217
89 95
562 607
562 607
261 306
241 186
818 773
601 517
178 217
562 607
133 175
645 735
562 529
863 857
217 223
5 95
601 607
606 607
863 818
345 351
351 355
89 95
261 306
901 991
729 690
95 89
601 607
345 351
985 991
351 345
5 89
946 991
863 857
863 857
217 223
601 607
223 217
729 690
517 562
863 773
50 95
298 307
562 601
133 217
601 607
607 526
50 5
389 434
690 735
729 690
345 306
473 479
818 773
50 95
517 537
261 345
857 775
89 95
89 95
985 941
645 735
601 607
991 985
991 946
601 607
351 345
901 991
5 95
306 261
261 306
985 901
307 279
89 95
223 182
89 5
985 978
389 479
832 785
562 606
857 818
351 339
857 818
217 133
985 946
473 434
223 133
735 690
601 607
133 217
351 345
729 735
473 479
351 261
223 217
89 95
473 434
991 985
345 259
691 761
95 89
426 435
389 479
479 473
479 473
554 563
389 473
261 306
95 89
381 352
261 303
345 351
95 50
607 562
479 407
186 241
306 351
562 607
479 473
818 863
901 946
178 213
517 607
345 306
5 95
223 178
857 818
863 773
438 488
217 223
857 818
985 991
217 148
434 479
95 89
473 479
857 863
345 351
690 756
89 95
857 863
562 522
996 950
133 217
5 95
5 95
729 735
562 607
351 270
351 261
645 735
473 479
916 960
217 223
645 708
50 94
729 712
991 946
95 5
50 25
699 710
389 404
601 607
473 434
729 735
985 991
434 479
729 735
479 434
773 863
473 447
95 23
345 306
306 351
119 99
901 943
89 5
389 479
601 607
601 517
857 773
223 217
863 773
690 735
985 991
306 351
690 735
133 217
100 14
985 946
306 351
456 483
607 601
89 50
857 818
729 735
517 562
857 773
985 969
479 389
306 351
863 773
178 188
389 469
50 105
911 930
473 479
857 818
863 773
217 223
217 133
223 178
562 572
50 83
479 473
729 735
985 969
863 772
434 452
217 223
223 193
773 863
217 178
95 50
946 991
563 553
645 687
345 351
95 23
89 50
223 217
345 351
89 95
178 223
345 261
479 473
479 434
389 434
863 818
729 735
562 607
389 479
645 735
975 976
5 95
818 863
985 991
473 389
479 398
351 345
985 991
133 178
223 217
991 985
479 389
645 729
832 851
735 690
607 601
473 479
991 946
773 863
95 50
133 217
306 351
306 351
818 773
345 264
434 473
178 223
607 562
857 863
95 50
261 351
217 178
223 217
991 901
645 729
773 863
5 89
901 991
351 261
672 714
178 223
479 434
645 690
809 813
473 479
985 991
217 223
818 863
863 857
562 601
863 857
690 729
133 223
389 479
366 306
389 473
645 729
178 129
818 773
5 95
857 863
95 50
479 473
306 351
178 133
351 270
946 901
5 95
996 1015
773 863
819 875
735 690
217 223
473 479
773 863
645 735
89 50
223 178
818 863
473 479
645 729
473 479
223 133
345 261
645 729
729 735
985 991
261 345
773 857
852 857
985 946
863 791
89 95
89 95
50 95
95 50
178 223
991 985
223 133
479 473
89 50
729 690
562 607
89 95
985 991
607 627
434 479
857 773
217 178
729 735
479 434
389 473
217 178
20 64
562 607
345 351
223 133
345 337
863 773
434 479
601 607
479 473
729 735
178 223
831 864
473 434
735 723
517 607
505 425
607 562
985 946
473 434
178 184
735 645
645 735
562 607
89 5
690 645
607 517
5 89
735 729
223 178
991 935
562 588
857 773
862 834
223 178
367 326
223 217
389 479
479 509
223 217
517 601
473 434
901 943
818 857
773 863
625 568
178 217
223 133
773 857
434 479
95 89
223 178
946 991
601 562
389 431
562 607
729 645
389 479
95 89
217 223
50 95
562 607
133 217
901 991
517 601
306 261
473 479
765 738
95 50
89 95
401 480
946 901
217 178
5 95
562 601
705 643
479 402
223 133
246 133
735 654
345 351
645 735
857 818
818 863
562 517
434 416
434 479
601 562
818 863
985 991
351 260
178 222
946 991
735 663
479 473
345 351
729 735
89 95
517 607
389 473
306 315
985 991
607 517
985 991
50 95
223 133
991 946
601 607
351 307
479 407
562 517
201 133
765 728
773 818
729 645
857 863
89 95
517 607
645 729
857 863
89 95
690 735
735 729
735 645
607 517
95 89
133 175
818 857
178 134
765 640
89 95
773 832
223 217
217 223
729 645
389 479
601 517
50 5
306 351
901 985
809 801
991 946
857 863
690 712
735 645
389 473
345 261
645 729
479 434
377 276
95 5
729 735
562 601
389 479
261 351
857 863
261 306
5 89
863 857
473 479
773 776
479 473
133 223
645 735
473 434
991 946
901 991
985 991
857 863
5 95
178 223
773 818
50 42
434 479
50 72
818 857
607 517
223 133
389 431
991 946
223 178
739 719
985 991
985 914
857 773
691 723
351 345
5 89
479 473
773 857
818 773
991 946
479 389
985 978
985 1018
389 434
607 529
863 857
517 585
89 5
389 479
223 217
645 713
517 607
133 223
913 976
901 969
729 735
434 479
389 479
261 351
133 179
729 735
991 985
217 223
985 946
306 261
985 991
985 946
607 562
217 128
864 853
5 89
351 345
95 14
729 650
517 559
517 607
306 345
901 946
985 991
345 351
645 729
261 351
345 270
863 773
857 863
479 434
223 178
178 223
306 351
729 735
985 991
601 607
261 345
389 434
89 95
694 651
479 398
857 773
735 729
178 223
946 991
389 473
517 601
345 351
473 434
773 857
178 133
473 389
818 799
601 605
729 690
345 348
991 926
351 261
721 682
660 704
773 863
479 389
89 95
729 690
389 509
517 585
946 991
729 735
863 773
217 223
217 223
306 261
89 95
434 473
773 818
178 223
601 607
345 351
601 607
5 89
517 608
89 95
5 50
690 735
89 95
320 339
773 857
100 119
863 857
479 473
223 133
818 773
89 95
389 434
89 50
991 901
1007 966
946 939
729 654
563 571
222 214
985 971
306 261
652 765
857 778
434 479
690 729
991 985
473 479
857 773
133 201
729 735
822 834
345 351
946 991
434 479
857 818
345 351
985 991
50 89
773 857
773 818
857 818
690 732
690 735
562 601
729 735
729 690
479 434
645 735
345 306
133 201
223 217
223 217
473 479
89 95
681 708
921 970
465 426
217 223
729 735
857 863
690 659
473 389
517 607
773 857
95 89
89 95
601 607
735 690
901 991
729 735
601 562
601 607
991 985
773 863
985 991
178 217
217 223
729 735
434 389
473 479
985 991
863 818
607 601
857 773
729 645
133 223
857 773
991 985
879 810
133 223
562 607
607 601
261 345
5 30
273 381
345 371
261 345
389 479
178 210
15 34
473 479
306 351
517 607
351 345
985 946
261 351
985 901
729 735
133 223
306 345
389 434
863 857
133 223
818 863
601 607
946 991
735 690
836 809
607 601
473 479
601 562
345 351
306 345
991 985
601 607
95 50
89 47
857 773
320 287
985 991
690 645
473 479
863 773
89 95
901 991
946 991
607 562
580 527
351 345
208 178
345 261
261 324
985 991
133 223
773 839
682 691
985 991
217 223
788 832
729 735
217 178
217 223
479 398
645 690
434 479
389 473
818 857
217 223
170 179
95 123
863 857
690 689
389 479
89 95
89 95
89 95
601 607
261 303
863 857
306 351
690 735
985 991
133 201
946 985
473 479
535 607
857 863
645 735
773 818
607 517
729 735
729 690
223 217
857 818
95 89
89 5
517 562
601 517
133 178
473 434
964 911
517 607
857 863
773 863
222 254
50 5
50 95
223 217
517 607
863 818
95 75
562 607
735 690
89 95
773 857
601 607
773 841
473 479
479 473
946 985
5 95
479 434
985 991
562 601
89 95
217 223
306 320
901 991
818 773
818 863
345 306
389 479
89 95
479 473
985 991
50 17
517 607
857 863
351 306
985 991
991 946
179 191
889 822
655 719
50 95
868 887
735 690
223 217
562 607
351 261
306 351
818 773
261 351
735 663
95 5
607 601
690 661
517 562
178 222
89 95
991 946
863 857
133 223
95 89
517 586
217 133
389 434
336 306
729 645
473 479
5 95
991 946
389 434
946 985
5 47
306 351
351 345
607 545
50 95
562 607
434 479
345 351
50 54
351 261
261 351
991 901
473 479
434 479
690 735
133 223
645 735
351 345
473 479
434 479
690 735
818 863
178 217
306 351
857 863
5 95
607 601
729 735
818 861
690 735
306 290
89 50
601 517
562 607
818 773
607 601
607 601
991 901
95 50
645 690
351 345
306 345
223 178
306 351
261 351
148 192
261 351
473 479
95 89
857 863
351 345
95 89
50 70
562 607
223 217
178 133
607 568
655 674
217 133
89 95
473 434
773 863
729 725
735 654
729 666
5 89
863 857
217 211
351 306
863 773
901 1005
178 242
901 991
95 5
306 351
562 517
735 690
47 5
54 98
389 473
645 735
773 841
217 223
863 818
690 735
985 1011
985 991
5 50
901 985
729 735
729 735
54 43
351 306
182 128
50 89
479 434
690 735
351 306
178 223
818 857
729 735
863 857
261 259
217 133
863 822
223 151
946 985
863 773
729 735
399 463
562 517
991 985
261 306
473 434
985 991
901 991
645 729
5 82
178 223
217 212
223 178
857 818
735 729
351 306
339 261
607 601
306 345
773 863
553 565
901 991
562 607
217 133
601 607
217 223
479 434
89 5
89 32
562 607
517 542
601 607
601 607
735 729
863 818
133 250
389 479
735 729
345 351
946 991
479 434
133 204
306 345
857 863
729 756
345 351
95 89
479 434
690 735
95 50
473 434
735 729
473 434
133 223
690 735
178 217
891 887
473 404
306 351
133 223
389 473
217 223
351 279
607 517
389 479
217 133
434 479
345 316
607 622
601 607
729 683
473 386
991 946
217 223
985 991
705 720
306 261
660 704
773 863
479 473
991 985
351 261
607 562
94 34
601 607
121 83
389 434
345 306
645 735
645 735
217 223
217 223
607 601
901 985
729 690
345 351
901 991
389 434
89 0
20 64
351 261
50 95
735 724
729 735
473 434
5 89
690 735
178 235
857 863
601 607
479 434
645 690
773 863
223 178
5 81
601 607
985 991
351 270
857 863
690 645
223 133
95 89
54 83
517 530
985 991
607 601
89 5
690 729
901 991
345 351
434 389
389 473
217 133
479 389
473 479
389 434
479 473
985 901
473 506
89 95
389 479
351 270
517 607
863 818
901 991
607 601
946 985
89 95
217 223
434 479
261 351
601 607
985 991
479 473
863 773
607 601
562 630
601 596
307 298
217 133
261 329
818 773
863 872
824 773
473 434
399 467
473 478
5 95
178 223
196 143
389 473
133 195
182 176
89 95
601 517
345 341
645 735
434 479
690 735
473 389
5 89
563 633
223 166
306 261
607 517
901 991
818 878
389 431
607 601
818 863
645 729
306 351
991 985
735 729
729 735
729 718
89 95
985 946
601 607
223 217
517 607
857 863
351 345
690 716
89 95
89 95
682 691
178 217
306 345
517 585
50 95
473 389
985 991
946 991
261 351
562 607
734 758
901 946
324 297
5 89
345 351
901 985
735 729
479 473
607 517
901 946
946 1011
17 84
50 95
389 479
95 50
946 1014
178 136
42 51
473 389
217 178
913 955
607 517
178 133
818 857
607 562
857 863
517 585
345 351
562 582
991 961
94 50
645 690
89 95
5 95
735 729
426 435
95 5
89 95
479 434
601 607
818 863
261 306
223 217
517 601
5 50
645 705
448 441
5 89
389 479
690 735
985 991
133 217
773 863
991 985
169 177
434 473
991 946
89 95
645 735
601 607
473 434
389 479
985 991
608 597
863 857
306 374
735 654
863 818
133 178
389 479
425 434
217 223
735 729
985 991
601 607
735 690
991 946
217 223
89 95
729 670
601 607
607 601
901 910
261 351
89 95
985 946
434 479
562 601
946 985
89 95
515 601
773 857
350 322
857 863
729 645
217 223
434 479
95 89
223 217
389 457
946 991
217 223
217 133
910 901
351 306
434 422
345 351
985 946
857 863
133 217
223 178
863 818
50 95
389 479
473 434
991 946
657 711
601 607
95 50
946 991
863 857
223 128
351 345
991 946
601 607
991 985
901 991
645 729
143 207
773 857
562 607
217 223
89 95
601 607
985 991
351 306
133 217
827 847
818 863
434 479
133 223
479 389
351 345
479 434
946 936
223 211
89 95
223 145
479 473
645 690
89 21
607 517
991 901
389 479
857 818
95 89
863 857
857 818
95 14
991 985
857 773
223 133
985 991
729 735
991 901
818 863
352 376
703 760
89 95
261 351
133 150
946 991
857 863
89 5
434 473
345 294
261 306
351 279
991 910
729 735
690 735
818 863
217 223
306 351
735 665
479 389
351 306
562 607
729 763
601 582
735 729
735 690
223 133
223 217
89 95
178 223
473 389
601 538
178 223
562 607
729 645
985 1020
273 301
729 735
562 517
306 345
479 389
434 473
351 333
729 735
479 389
345 351
217 223
223 178
351 305
434 479
473 434
729 645
15 34
645 729
89 50
901 991
901 946
857 863
223 178
193 179
985 991
729 735
479 398
351 345
345 351
217 178
133 201
389 473
607 562
473 434
729 735
5 95
517 601
479 473
473 434
818 883
479 473
389 473
645 729
985 901
351 273
169 151
517 562
735 729
89 50
690 735
991 985
473 479
645 713
50 95
773 857
857 863
985 901
389 479
645 685
425 407
95 50
991 901
857 863
133 178
473 479
351 369
261 329
1021 977
985 946
645 729
479 389
562 607
601 517
217 148
946 991
863 818
857 818
601 596
95 50
863 857
857 818
389 434
901 985
729 735
345 351
473 479
479 473
320 304
217 223
857 818
901 991
345 261
5 118
473 479
133 237
729 735
857 863
985 991
261 272
235 153
991 901
95 89
473 434
607 517
729 735
50 95
223 142
389 479
773 867
991 901
479 473
217 223
5 89
217 223
783 847
95 23
5 89
863 857
223 178
306 351
217 223
601 607
96 115
681 661
901 985
607 517
690 645
946 901
991 985
5 95
729 735
818 857
89 50
89 95
729 735
601 607
223 213
991 946
249 168
991 985
729 690
223 178
89 50
901 946
601 607
178 223
901 985
178 223
223 178
991 946
991 901
946 901
562 517
50 71
133 223
178 217
389 479
735 690
89 50
729 690
857 863
351 345
351 345
729 718
729 645
479 473
857 863
89 95
783 847
773 818
857 863
773 802
985 946
217 223
89 95
479 407
389 434
698 744
735 690
99 8
434 479
735 645
389 473
50 5
910 996
473 479
351 345
306 351
479 389
857 863
479 473
50 89
985 991
735 658
607 562
729 735
217 223
479 434
351 279
682 691
95 5
950 910
271 339
818 863
345 339
773 863
133 223
857 863
351 261
773 863
217 178
306 351
473 479
178 223
473 479
1003 947
729 735
261 303
857 773
178 133
773 863
863 857
517 585
946 901
735 739
857 782
960 979
389 434
261 351
736 656
351 345
50 29
133 244
991 946
345 306
991 901
705 665
857 863
217 178
389 457
310 327
217 223
857 863
690 729
345 261
729 735
133 217
479 434
773 857
5 89
985 991
645 735
89 95
735 690
41 15
473 507
836 783
735 690
901 991
223 151
89 50
735 645
901 985
611 536
89 95
857 863
946 991
857 818
887 788
389 473
517 562
345 351
562 574
985 946
901 946
901 976
985 991
95 89
818 863
901 985
473 479
223 178
95 79
133 223
89 95
479 434
735 656
901 969
863 857
729 645
434 473
5 50
735 645
562 607
217 223
306 351
562 601
89 95
601 607
985 901
729 735
946 991
473 479
601 607
863 782
223 151
601 607
306 351
306 351
985 946
379 375
562 601
863 857
473 479
95 89
863 824
946 991
517 607
645 687
566 585
5 95
178 217
345 374
178 223
991 946
223 217
223 217
729 690
857 863
946 899
863 818
729 735
351 306
991 946
261 345
607 540
217 133
729 735
178 223
479 407
306 261
351 261
389 479
133 161
735 654
351 306
345 351
863 857
351 345
810 854
863 857
223 133
351 261
5 50
89 95
89 5
703 682
217 223
607 517
261 351
95 14
345 351
657 751
50 127
690 735
562 529
901 991
223 217
479 389
351 319
479 473
95 30
223 142
735 645
351 272
729 735
517 601
517 607
95 50
857 773
54 57
89 95
479 469
306 315
50 89
50 95
690 728
217 223
345 351
729 690
901 991
306 351
611 563
901 991
479 434
985 991
473 389
125 115
863 813
50 95
345 351
133 223
645 762
818 789
901 946
223 217
901 991
50 5
645 690
95 5
690 735
345 351
735 690
434 479
434 479
607 601
773 857
345 319
729 735
857 863
178 133
601 607
857 818
991 985
729 735
562 607
517 619
223 133
660 648
169 135
479 473
95 50
345 351
985 946
867 859
818 863
863 857
306 261
690 645
863 857
473 479
612 631
729 690
50 95
607 601
479 398
89 95
223 217
562 607
133 217
901 985
946 991
463 438
261 351
363 269
773 797
517 607
217 223
178 223
187 208
857 773
89 95
217 223
133 223
223 217
645 666
607 601
345 306
178 217
562 601
89 95
517 562
95 89
5 89
351 306
562 517
818 863
473 479
857 863
619 525
601 515
351 306
345 351
345 306
562 607
345 351
217 223
95 5
607 601
223 142
217 223
985 974
434 479
217 133
729 735
95 14
473 479
601 607
625 535
735 729
133 178
345 351
857 812
351 345
857 773
1021 913
133 217
345 351
735 729
863 857
473 479
223 133
607 562
607 601
89 95
901 946
863 791
985 1003
612 526
178 223
178 217
217 223
389 479
517 607
479 473
89 50
306 332
178 223
773 863
223 133
351 345
89 95
352 345
223 178
473 479
95 5
818 863
991 919
143 207
735 729
818 863
5 50
345 316
89 95
438 476
351 270
544 586
607 592
425 409
894 773
532 520
261 351
601 562
517 607
89 95
735 690
345 351
562 542
306 351
703 729
857 773
607 562
729 735
223 217
985 991
89 70
50 95
690 735
601 607
991 901
89 95
178 223
946 952
479 389
985 919
863 857
901 989
991 946
217 133
479 434
351 345
773 841
473 434
991 985
607 562
863 818
607 562
473 479
351 345
863 782
729 735
729 690
562 607
991 946
946 958
607 601
985 946
690 729
95 14
690 735
857 863
562 607
863 773
562 601
601 579
991 967
89 95
261 306
363 269
601 607
863 773
645 650
863 773
607 535
985 990
306 351
95 89
985 991
178 144
729 694
351 306
351 345
863 818
863 857
261 345
857 773
601 573
601 607
991 919
857 818
991 901
690 735
985 991
473 423
178 223
434 482
857 818
50 95
352 275
857 863
261 345
735 729
95 89
863 818
985 991
223 217
95 5
223 178
217 133
562 517
729 735
178 250
281 261
562 601
434 473
306 351
89 95
607 583
857 863
735 729
607 601
985 946
479 473
729 645
5 89
509 482
50 107
517 585
901 985
782 868
863 791
223 133
729 690
307 317
577 527
223 217
818 857
389 473
991 910
222 224
306 369
50 89
734 684
95 89
818 863
95 89
562 607
690 735
607 517
389 473
690 735
562 601
773 863
690 698
479 473
562 607
306 261
863 773
50 95
991 910
479 389
217 133
261 329
562 607
857 863
178 223
473 479
50 19
607 601
217 223
822 816
217 223
985 901
587 601
773 818
690 736
601 562
607 535
389 434
351 261
369 330
517 562
607 517
261 351
729 735
50 95
5 38
345 306
133 217
946 991
991 901
773 818
735 729
5 95
223 151
809 836
601 517
345 351
729 735
5 95
345 351
735 729
729 735
517 607
217 133
473 434
735 645
133 223
223 133
5 95
818 857
94 41
217 223
818 882
601 517
434 479
773 863
607 601
601 562
223 217
324 271
473 434
857 863
482 435
562 601
901 991
345 261
473 503
985 991
351 286
95 110
261 351
473 389
517 601
50 95
690 662
857 863
601 607
517 601
991 985
217 133
901 946
913 981
261 306
562 607
645 713
170 179
562 517
434 479
178 217
306 351
606 619
863 857
517 607
345 351
729 735
607 517
434 479
261 329
223 217
991 985
389 473
562 601
89 50
5 95
351 306
857 863
345 351
95 14
5 50
735 729
991 901
601 607
479 389
529 589
857 863
478 473
818 863
729 690
601 562
5 95
351 306
773 848
145 201
773 863
217 178
901 991
818 773
946 901
991 990
345 261
