1024 10000
863 773
818 857
261 351
89 95
162 239
306 345
857 863
857 863
5 95
729 690
690 735
601 607
857 818
735 690
857 863
479 473
95 89
991 901
279 351
607 535
946 990
89 95
864 838
345 351
857 863
223 133
95 23
89 95
306 351
89 95
426 478
857 863
273 331
223 217
729 735
345 351
818 863
606 576
352 300
863 818
901 991
645 735
946 991
20 106
95 89
223 133
89 95
946 991
306 276
467 463
562 601
607 601
178 223
261 351
5 95
306 351
601 607
5 95
261 345
576 606
601 542
261 351
818 863
307 356
261 351
306 351
735 729
729 735
985 901
985 901
607 562
562 607
352 342
562 607
991 985
261 351
223 142
857 863
306 271
50 3
562 517
857 863
473 406
818 841
217 133
857 818
473 479
868 887
95 75
389 473
562 607
5 95
690 645
217 223
217 223
298 319
133 178
50 95
217 223
95 5
473 434
857 788
729 735
89 50
217 178
473 479
991 946
95 50
985 991
729 690
901 991
345 306
133 178
607 601
89 95
901 985
479 407
479 473
735 690
863 834
223 133
729 690
735 645
345 261
217 223
857 863
607 601
863 818
478 480
729 735
434 479
435 433
893 863
818 773
857 818
95 50
351 306
857 818
517 618
991 985
818 773
345 351
857 863
217 142
473 479
601 607
857 818
306 351
351 345
985 901
517 562
601 607
818 832
351 270
601 607
473 479
306 351
345 306
991 985
601 607
261 351
351 345
946 991
389 434
223 178
345 306
89 95
831 864
729 735
133 217
607 601
306 261
735 729
95 89
319 376
434 401
178 223
217 223
389 473
863 857
345 351
217 223
901 991
473 479
345 351
434 486
306 261
836 783
223 178
261 345
351 345
133 248
601 607
50 95
473 479
562 607
178 223
517 562
985 946
901 991
690 645
345 306
404 448
857 783
5 94
479 389
351 306
89 50
50 17
985 946
473 434
690 735
735 665
517 607
89 95
473 434
95 23
517 607
133 157
517 607
178 193
773 799
901 991
735 654
351 381
473 479
389 479
601 607
95 50
51 42
563 595
261 303
178 223
261 351
89 5
729 735
946 991
863 857
729 735
89 50
645 735
991 946
434 422
473 479
1017 912
351 261
901 946
985 901
89 95
50 5
345 306
178 223
645 735
217 223
178 223
729 735
601 607
607 601
473 479
985 991
735 729
223 133
133 223
217 133
690 735
261 351
857 863
857 863
901 985
562 607
351 306
857 846
818 863
89 95
863 791
178 217
991 946
473 389
601 607
690 735
306 351
217 178
985 991
729 645
345 261
601 562
690 735
345 351
479 398
217 178
645 729
389 435
5 95
601 562
517 607
389 457
389 479
133 217
607 562
5 73
773 818
217 178
434 429
261 345
345 351
389 479
857 863
261 351
5 89
562 607
133 217
473 434
729 711
601 562
1009 954
601 607
345 351
863 847
901 985
857 863
261 351
345 286
857 772
857 863
645 711
479 473
434 506
991 946
306 351
901 946
178 206
169 214
473 389
735 711
217 223
946 901
517 562
947 975
735 690
985 991
773 818
345 351
690 735
223 178
607 628
985 946
178 223
601 607
345 339
857 863
178 133
517 570
345 261
133 175
95 50
863 857
991 946
601 607
690 729
735 645
645 690
946 991
50 85
50 89
133 217
89 95
133 217
434 479
345 351
473 389
773 841
5 95
601 607
601 607
729 645
217 223
50 95
729 735
479 494
863 791
1015 916
857 863
946 930
991 901
735 729
773 863
985 941
5 53
389 457
473 479
601 562
773 863
223 142
985 901
818 787
517 607
261 345
217 223
735 729
601 607
223 217
217 133
857 863
355 279
901 946
517 601
217 223
178 133
351 261
434 435
261 351
946 991
434 389
306 261
434 479
178 223
690 645
473 479
601 607
517 607
735 729
50 95
607 526
660 704
351 261
635 631
773 863
133 223
517 607
562 607
89 95
562 625
735 645
991 985
773 868
607 562
345 306
690 735
434 479
95 89
50 5
562 601
228 142
729 690
261 351
773 863
809 783
729 763
306 351
735 729
25 95
345 351
946 912
306 261
633 595
901 985
434 479
389 479
985 991
991 910
434 389
562 607
818 863
645 735
217 223
773 863
133 223
601 607
133 223
729 735
601 607
217 223
735 729
473 389
425 441
217 223
729 690
217 133
178 217
818 857
314 335
261 381
857 818
729 735
473 479
217 247
607 562
862 770
607 601
864 825
434 479
95 5
601 607
345 351
479 473
601 562
645 729
690 735
991 985
607 601
89 95
473 479
94 120
690 735
133 223
89 95
991 985
261 345
607 627
645 735
645 685
306 351
818 863
5 89
553 544
773 882
991 961
729 645
946 991
901 991
690 645
857 863
601 517
89 95
517 601
473 479
50 65
345 351
247 228
217 223
863 857
5 50
857 818
223 133
345 261
178 217
517 607
178 217
473 479
50 95
306 351
901 985
353 261
89 95
50 89
217 133
5 50
601 517
985 1019
306 351
89 50
901 985
223 217
95 5
351 345
298 307
5 95
95 93
95 89
857 863
217 223
434 479
818 845
985 991
473 479
223 178
729 645
946 985
964 937
729 735
95 50
473 389
729 735
17 89
244 217
950 979
735 645
991 901
601 607
517 601
351 261
607 601
751 682
95 89
217 178
95 50
89 80
217 223
698 717
133 178
223 178
351 345
320 350
434 389
773 863
729 735
89 95
857 778
345 351
79 54
562 607
5 95
946 991
345 351
517 585
818 880
473 479
928 970
95 83
345 351
690 735
246 170
133 178
351 261
735 729
645 729
863 773
178 195
473 479
991 985
473 479
729 735
946 901
562 601
178 157
601 607
179 159
734 745
946 985
818 863
50 23
273 381
818 863
645 729
351 306
601 607
217 178
607 562
389 449
562 607
261 351
306 351
217 223
434 479
517 601
562 607
223 133
991 985
773 863
601 562
479 434
95 50
601 607
991 946
690 735
178 133
223 217
89 95
345 351
562 601
95 89
985 991
473 479
729 735
985 953
985 991
50 95
389 434
553 564
637 591
178 133
389 434
261 351
729 735
15 34
345 351
607 601
223 133
773 857
517 607
819 853
89 50
89 95
729 735
562 572
399 463
735 729
690 735
473 479
473 434
818 857
985 991
729 735
389 434
95 50
389 473
345 351
351 261
601 562
261 329
607 517
773 857
857 891
729 735
473 479
901 991
818 773
901 991
863 773
991 985
133 175
645 690
607 567
729 735
863 857
345 351
89 111
562 517
89 95
479 473
178 223
607 601
985 991
306 351
247 251
729 735
607 526
863 803
351 261
985 946
985 991
714 739
95 89
20 8
645 729
434 389
960 904
223 217
645 713
863 857
479 389
217 223
351 261
345 351
690 735
773 771
5 40
863 790
946 978
261 351
532 520
261 345
223 222
645 690
223 178
690 735
50 95
434 401
857 863
89 95
901 946
345 351
729 711
991 985
959 992
223 142
985 946
345 304
863 857
690 735
50 95
901 943
89 95
133 223
223 217
991 985
901 991
351 306
654 721
217 178
178 217
473 434
773 863
773 863
306 316
5 95
50 89
607 601
901 946
690 735
95 5
64 8
735 729
729 735
863 818
351 279
532 520
345 351
133 211
818 857
223 217
857 773
5 50
690 735
217 223
690 735
857 818
351 345
735 645
473 479
818 863
473 479
479 473
863 857
95 89
363 269
473 479
985 991
389 479
863 773
735 645
863 773
306 308
735 729
223 217
479 412
306 351
50 96
223 133
50 123
818 773
562 594
261 351
562 607
729 735
223 217
473 479
473 479
133 223
729 690
818 863
729 744
562 601
345 351
517 607
601 559
217 223
863 857
645 713
223 217
5 95
434 479
985 991
95 89
5 89
562 512
261 380
479 459
217 223
89 95
473 479
735 729
223 217
389 473
145 208
50 95
863 818
178 143
901 914
645 735
985 991
901 991
389 479
306 351
645 735
261 306
319 335
306 351
217 223
729 723
946 901
50 95
133 223
946 985
690 645
735 729
306 345
473 434
517 562
345 351
645 735
822 875
89 5
773 818
345 351
562 595
996 1015
345 351
729 645
985 991
735 690
857 863
562 607
306 351
351 306
133 217
89 95
857 863
517 580
345 306
645 690
473 479
946 901
946 991
473 434
509 442
479 473
517 562
517 607
729 735
735 763
517 607
517 607
517 562
601 607
133 223
735 729
530 577
991 946
729 715
5 50
479 407
473 434
991 901
901 991
223 217
729 690
729 735
607 517
690 729
89 95
434 479
345 306
517 607
473 479
645 690
735 690
133 223
566 626
479 473
389 473
818 863
562 517
818 863
773 857
95 82
729 735
306 296
473 479
729 735
735 690
857 863
863 773
729 735
89 33
729 690
562 612
946 991
261 351
735 717
217 223
729 735
261 350
217 223
351 306
562 517
217 178
345 351
223 178
351 279
773 778
345 351
479 434
345 351
773 841
356 375
517 601
645 735
178 133
306 351
5 50
5 89
729 735
863 773
418 398
901 991
991 919
345 306
857 863
89 50
857 773
937 981
690 715
389 473
562 607
89 95
863 867
818 863
261 306
985 991
223 133
729 735
863 857
118 65
350 329
351 345
434 479
645 735
690 735
517 607
729 735
601 562
735 729
351 345
985 991
133 217
782 849
399 467
1009 954
351 306
95 89
133 176
473 479
773 863
389 479
991 946
818 863
89 4
345 261
857 773
89 95
217 223
517 559
306 351
178 133
863 773
223 133
857 863
345 351
271 339
985 991
89 95
985 901
50 81
345 378
857 773
857 863
791 863
562 607
15 34
985 991
517 607
306 351
946 991
217 178
178 223
901 946
223 217
345 351
729 731
345 306
735 729
857 863
607 601
729 735
479 473
785 893
991 901
729 735
5 85
321 354
217 223
223 217
89 95
773 863
991 901
95 61
479 389
985 991
645 687
178 217
857 863
1015 1019
863 857
89 50
690 692
607 601
345 261
985 919
857 863
434 509
818 863
473 479
857 863
645 735
735 729
857 863
655 674
89 95
607 562
863 773
690 735
95 89
729 763
479 434
306 351
985 991
473 479
434 479
5 50
306 351
249 211
434 388
991 901
178 133
217 178
5 50
679 729
601 562
517 607
729 735
607 601
985 901
818 863
562 601
991 985
681 752
630 577
526 562
645 735
645 735
351 306
818 863
991 913
985 901
991 901
217 223
473 479
985 981
863 773
479 473
473 434
306 261
601 607
133 223
517 601
5 24
601 607
50 5
691 659
223 178
5 89
261 351
95 89
566 514
178 223
991 946
223 217
133 223
985 991
857 863
818 878
857 863
95 89
601 607
946 991
985 991
991 985
351 261
438 386
261 345
261 351
690 734
946 927
223 211
773 863
729 719
133 217
95 50
261 306
985 991
729 735
991 985
217 178
607 562
306 278
946 951
704 679
562 517
351 306
773 818
434 431
306 345
133 223
818 773
473 389
562 592
434 479
5 50
863 857
863 818
133 217
178 217
554 563
645 729
979 975
735 663
991 896
562 517
217 178
473 434
178 205
985 991
729 735
517 601
517 607
345 261
606 536
857 818
1015 904
735 690
517 562
562 517
985 991
863 782
223 142
901 943
351 306
479 434
223 133
473 479
863 857
946 991
607 532
729 688
473 479
50 95
991 901
991 985
607 535
50 5
690 729
946 913
985 991
729 690
479 389
901 985
735 729
5 50
473 479
863 782
217 178
270 337
95 50
125 70
645 729
473 479
607 562
223 217
601 529
645 735
517 559
178 253
601 590
690 762
95 50
281 362
857 887
591 575
473 479
607 601
479 398
96 123
89 95
729 735
223 179
178 217
857 773
479 434
261 345
223 217
261 351
480 509
607 562
351 270
735 729
389 479
913 942
729 735
89 95
479 473
89 120
563 554
50 95
50 95
473 479
863 786
178 223
217 179
863 857
351 261
607 526
863 773
946 991
863 773
517 601
434 473
425 452
645 735
607 601
773 863
217 223
788 776
223 133
985 960
261 329
178 223
985 946
729 735
95 89
133 178
901 991
735 729
946 991
601 607
992 997
39 50
729 764
607 601
819 831
985 991
818 857
946 947
89 95
389 434
946 991
434 479
261 345
946 991
50 95
473 479
51 5
532 595
863 857
223 133
261 351
863 782
857 863
473 434
946 909
773 863
735 729
645 735
607 529
133 217
901 946
517 607
351 306
818 863
818 863
479 473
350 259
991 985
473 479
863 857
434 479
601 562
473 389
89 5
773 857
223 217
773 857
55 121
773 818
473 434
601 562
367 298
857 792
729 735
261 353
178 223
435 457
89 95
607 515
857 863
473 479
901 991
863 818
133 223
946 991
133 223
89 95
911 930
901 946
95 89
946 901
729 735
863 791
690 735
857 863
95 5
133 217
133 223
729 645
401 389
133 217
857 863
773 818
15 79
223 217
345 351
946 991
734 669
95 14
735 657
562 607
901 946
985 991
517 559
473 479
946 985
479 473
306 351
351 306
735 729
473 479
133 178
747 653
133 228
631 606
95 89
773 863
985 1015
217 223
345 306
946 985
863 773
562 607
479 473
355 335
223 133
345 351
64 20
690 735
89 95
479 389
901 985
601 562
63 120
95 5
306 295
857 863
351 318
818 863
863 773
223 217
901 985
217 223
690 735
89 50
645 735
901 969
991 1006
473 479
217 132
297 259
690 735
946 991
729 735
345 351
985 991
306 351
517 559
89 95
223 133
223 128
601 517
863 818
601 517
223 178
985 901
89 95
681 682
50 95
985 991
991 985
601 544
434 479
773 818
517 622
782 849
351 345
657 688
690 729
479 434
991 910
645 735
473 434
991 988
645 690
607 517
735 690
601 607
178 223
773 818
479 389
479 389
729 735
857 863
345 351
133 178
351 345
645 735
178 223
763 759
735 645
473 479
904 901
985 991
991 901
178 142
192 234
223 178
985 991
345 351
607 601
5 95
223 133
89 50
261 351
857 818
434 479
223 158
50 5
5 50
554 563
517 562
991 910
517 607
473 389
473 479
601 607
857 863
863 773
562 607
773 818
178 138
178 223
607 601
863 791
607 601
473 479
857 863
133 223
991 998
133 128
375 379
576 618
356 375
89 5
735 729
479 473
517 607
473 389
985 991
178 217
50 79
773 841
89 50
517 607
645 690
901 946
645 713
345 351
601 607
133 223
985 991
729 645
223 133
223 217
735 729
5 95
351 345
306 261
473 479
562 607
479 389
991 901
389 479
901 985
601 607
562 601
857 863
223 178
991 985
729 735
50 95
306 351
773 839
985 991
863 818
863 857
89 95
261 351
946 985
5 50
645 691
223 133
863 851
345 351
345 261
95 89
562 607
562 607
607 595
89 50
261 379
345 261
773 863
773 863
479 434
442 497
607 517
857 863
351 261
601 562
261 351
985 946
50 89
562 607
637 558
223 217
261 306
345 351
5 95
178 158
505 503
133 223
217 223
5 50
735 690
5 73
735 690
985 991
773 857
729 735
863 818
434 479
729 735
217 178
223 178
345 339
863 857
217 223
473 434
345 306
818 857
133 217
645 735
473 389
351 279
345 351
178 133
261 351
729 735
345 351
735 710
985 904
178 133
863 782
901 985
946 991
217 178
901 985
223 217
601 607
946 991
937 911
479 425
901 991
438 498
704 681
857 863
133 178
351 273
690 722
985 946
857 863
217 178
729 723
645 735
985 991
434 473
607 601
562 586
50 89
682 691
473 479
901 969
434 479
50 95
735 660
95 5
601 607
729 735
773 863
223 142
601 553
479 473
223 178
818 773
863 773
946 991
857 863
991 901
991 985
773 818
735 690
351 306
306 351
63 79
5 95
783 802
985 1019
735 645
991 901
5 89
473 402
985 991
473 479
735 690
946 991
95 89
479 434
863 857
690 735
991 901
473 434
217 223
991 985
89 95
178 217
217 223
729 735
217 223
773 776
224 191
434 473
818 847
985 991
473 419
818 857
50 10
985 991
89 95
645 735
95 23
857 863
133 217
946 991
95 5
857 813
389 479
178 217
946 991
863 857
857 818
964 937
434 479
306 351
276 320
196 169
227 156
178 223
50 95
901 946
5 50
95 50
217 133
95 89
991 985
345 351
607 573
89 95
601 607
125 58
389 457
217 223
217 211
5 89
235 141
50 95
946 995
735 729
473 479
562 607
857 773
773 841
735 706
991 910
5 89
345 261
345 261
473 479
729 690
735 729
818 863
479 473
50 95
223 217
351 261
15 34
946 991
401 479
479 434
991 985
694 646
50 95
473 479
729 735
607 601
89 95
991 970
95 89
773 863
89 50
729 735
345 306
563 540
473 479
54 7
729 735
326 298
901 985
901 991
5 95
50 95
832 864
350 256
217 178
946 991
735 729
217 223
473 479
89 95
433 479
607 562
5 89
351 345
985 901
95 89
645 735
735 729
863 857
89 95
345 261
690 735
735 729
434 479
601 607
95 50
5 50
773 818
223 217
863 857
479 473
95 89
306 345
863 782
389 473
473 479
633 604
946 943
818 773
607 517
479 473
473 479
345 351
473 479
50 95
863 857
901 946
178 223
645 713
345 306
747 653
909 960
601 562
95 84
901 985
517 607
735 690
178 212
223 217
901 991
729 711
729 690
473 389
991 946
773 857
901 991
607 517
562 606
261 334
479 503
863 818
434 389
217 223
857 818
863 818
261 306
306 345
50 95
863 818
901 991
901 985
50 89
377 277
351 327
991 901
51 63
351 345
178 223
223 217
607 517
690 735
261 351
50 5
306 351
729 735
89 95
217 133
645 729
517 601
517 601
601 562
601 559
217 178
729 735
306 345
217 223
863 857
517 607
223 217
178 223
729 690
601 580
735 729
857 863
729 735
351 345
985 991
50 95
645 690
95 5
857 863
863 857
818 889
133 182
985 946
223 178
351 345
345 351
425 452
857 863
601 517
95 89
818 863
863 857
857 863
985 991
645 735
5 95
306 333
729 690
473 479
607 601
985 991
223 178
178 217
217 178
351 270
562 607
473 479
729 735
133 178
607 601
735 729
306 261
563 554
89 95
351 345
351 306
857 773
434 460
434 479
345 351
50 95
261 345
607 601
479 473
306 261
5 50
438 434
217 207
50 97
991 901
729 735
735 729
389 479
351 345
479 445
479 389
345 351
607 517
95 89
857 863
690 692
985 995
857 769
562 607
857 863
735 729
89 95
985 995
345 351
63 96
351 306
857 773
351 345
351 345
729 735
729 735
946 957
89 95
473 434
901 991
562 607
645 711
901 1019
985 991
601 567
345 351
818 775
306 345
81 42
991 985
217 223
473 479
818 863
863 773
607 601
985 991
223 178
5 95
351 261
129 227
261 351
517 607
985 991
479 398
1015 1019
479 389
389 479
863 857
389 479
434 473
89 95
601 571
991 985
818 863
178 217
479 398
345 351
991 901
473 434
773 863
473 389
50 95
95 89
473 479
950 910
89 95
345 306
540 601
345 351
735 645
261 303
217 223
473 479
818 824
985 991
473 479
985 995
690 735
95 50
261 351
473 479
5 95
178 133
857 768
223 217
83 100
345 338
89 50
773 857
863 818
89 95
863 857
857 783
729 645
89 95
729 735
223 217
261 335
473 434
517 513
178 150
261 303
690 735
863 791
5 89
95 5
601 517
601 607
345 306
345 306
991 946
351 261
601 517
607 601
893 844
50 95
133 217
345 261
952 901
473 389
729 735
5 89
985 991
601 607
434 414
857 851
479 389
345 261
690 729
217 178
857 818
562 607
473 479
223 133
735 690
133 223
773 857
601 562
946 913
178 217
607 601
89 50
95 89
5 89
5 95
946 901
818 773
863 818
345 306
479 473
645 729
434 479
694 723
849 810
434 479
729 735
434 479
601 517
434 479
473 479
946 985
217 144
991 901
133 175
735 729
95 89
901 1021
607 601
95 89
735 729
863 857
89 95
434 473
901 985
735 645
601 607
601 562
991 901
434 389
901 969
857 863
985 991
434 479
310 333
345 306
607 562
818 863
773 863
223 217
729 735
261 303
985 908
608 563
562 597
178 223
96 2
133 217
473 451
389 473
740 759
178 223
223 178
133 217
729 690
818 857
89 50
5 89
946 991
217 223
863 857
306 351
306 345
607 535
517 601
5 50
261 338
887 867
562 601
985 946
178 133
562 607
345 261
389 479
601 607
306 351
351 306
857 863
735 690
607 535
607 517
562 607
690 729
50 95
601 607
729 735
473 389
217 244
345 261
434 473
50 89
5 95
735 729
863 857
690 735
351 345
946 991
178 133
985 991
901 995
223 178
735 654
306 366
562 607
50 95
178 250
89 95
223 176
517 585
601 583
729 645
442 410
562 587
217 223
473 432
389 473
690 729
607 601
217 178
50 95
562 607
818 863
645 735
178 223
690 688
857 818
351 345
118 65
729 690
857 818
690 735
645 663
985 991
607 535
729 735
517 562
991 921
351 306
261 306
50 95
473 389
857 863
946 991
217 133
985 901
89 95
479 434
89 5
351 306
479 389
50 95
369 314
985 991
217 223
473 389
901 946
246 193
690 735
773 863
89 95
690 735
217 223
89 5
351 345
562 517
785 893
857 863
89 50
901 946
517 562
601 607
729 710
818 773
735 729
831 888
217 146
479 473
345 351
901 991
690 735
217 223
261 306
601 607
217 133
435 467
473 479
473 479
517 607
601 607
381 315
89 50
473 434
761 657
448 447
261 306
857 863
946 991
735 650
389 434
223 217
901 931
735 729
223 178
735 690
178 223
434 473
690 759
901 991
389 511
223 133
729 690
351 306
818 863
991 946
351 345
95 89
434 479
818 863
773 857
607 601
517 562
435 444
690 735
735 729
901 938
857 863
601 607
729 735
729 735
826 881
946 896
479 473
217 223
729 735
818 857
351 306
946 991
389 479
261 351
479 389
857 863
729 690
217 178
863 773
133 217
863 818
562 573
901 991
5 95
818 863
351 261
946 901
773 863
991 985
95 89
89 95
306 345
991 901
708 655
345 351
473 498
901 967
901 991
645 735
645 735
89 95
991 985
473 479
261 351
95 5
729 690
601 607
690 645
473 479
89 50
95 50
217 223
735 690
261 345
5 89
50 95
452 399
133 223
773 863
89 50
690 729
517 607
89 95
497 442
562 607
133 217
133 175
89 50
985 901
901 991
223 178
773 857
773 857
729 735
271 339
5 50
479 473
729 735
178 223
857 773
985 991
5 50
473 479
991 897
5 89
601 607
217 223
857 863
690 735
479 473
785 848
1007 966
345 306
306 351
863 857
217 133
735 654
916 904
377 257
773 857
517 622
601 607
857 863
473 389
857 773
601 607
5 95
773 863
985 991
601 563
351 306
345 379
217 223
736 664
863 857
690 729
562 607
863 782
946 991
857 863
473 398
345 351
735 729
601 562
473 479
773 863
425 475
863 857
223 178
306 372
562 522
991 985
946 985
50 2
562 601
133 223
298 307
607 530
601 526
690 658
690 729
607 554
607 601
985 991
691 752
690 726
217 223
345 351
645 735
473 389
50 95
607 601
517 585
217 178
985 946
351 345
50 95
306 345
142 223
901 991
818 857
901 991
517 601
217 133
95 50
306 351
351 261
985 991
517 607
607 517
447 504
95 89
867 809
473 389
991 985
901 991
89 95
607 562
607 601
517 607
607 517
5 95
729 735
306 351
5 89
562 601
607 526
517 526
50 95
389 473
217 178
607 562
991 985
351 345
735 729
434 479
133 201
773 861
857 863
133 223
351 345
735 643
473 479
473 479
246 193
473 479
345 351
851 874
690 735
95 50
991 985
863 773
946 991
857 863
991 985
645 729
991 901
857 863
217 223
479 473
753 698
818 863
345 351
434 479
434 479
54 81
863 773
562 589
479 434
901 985
818 857
5 95
479 473
985 901
133 217
857 863
89 5
901 985
89 95
345 351
991 901
735 690
345 306
363 269
691 761
607 601
645 729
479 407
5 17
133 178
690 735
601 607
479 434
882 857
133 211
729 735
306 351
562 611
95 50
217 175
729 690
54 5
607 517
517 562
863 857
985 901
735 729
601 607
345 351
969 901
143 162
991 985
607 601
89 59
178 223
51 9
449 418
379 375
729 645
562 517
729 735
773 863
306 351
5 95
479 473
863 857
345 351
773 863
473 389
517 601
89 50
901 946
517 607
95 89
389 494
729 690
50 20
479 473
893 831
479 398
434 479
50 5
517 607
818 863
601 607
991 985
991 985
991 946
217 223
479 434
306 351
261 345
133 220
306 351
217 223
345 351
735 729
178 136
601 562
133 217
857 863
735 690
217 133
985 991
946 901
223 178
881 842
607 601
178 217
562 526
50 95
95 5
79 107
690 729
773 818
133 223
946 936
478 496
389 479
818 863
178 223
5 80
261 345
645 735
901 985
901 985
351 373
729 735
818 863
863 823
729 735
389 434
434 479
351 327
863 818
133 178
94 125
351 261
517 607
377 277
50 95
306 351
735 645
607 601
901 946
479 473
990 996
991 985
729 735
863 857
818 863
479 389
991 985
217 249
729 735
223 217
217 133
389 479
517 562
601 613
5 89
389 479
562 601
645 735
345 306
133 223
95 50
306 351
223 217
857 863
95 5
473 426
601 607
133 173
50 43
178 154
319 335
223 133
554 563
89 50
351 345
345 351
788 776
223 178
473 479
89 95
479 473
946 991
517 559
473 389
735 729
857 818
50 95
178 133
223 217
5 95
607 605
479 473
125 57
729 735
363 269
857 773
857 863
645 735
729 735
863 818
434 479
946 901
867 812
729 735
389 479
818 863
977 938
89 5
160 202
863 782
863 857
857 884
473 407
562 517
473 434
5 95
901 991
217 178
645 690
479 434
863 857
863 791
217 223
178 223
863 782
729 735
985 946
5 73
857 863
607 601
690 735
345 351
473 479
735 690
223 133
89 5
607 562
389 434
473 389
345 369
389 473
735 729
601 607
736 707
694 719
729 735
735 729
690 645
217 223
479 434
857 863
992 905
118 13
89 95
857 818
729 735
473 479
985 946
89 50
517 607
320 287
690 729
985 946
735 729
479 398
389 431
434 479
517 607
89 95
818 773
735 729
389 434
306 351
901 991
553 534
645 729
991 946
306 351
133 223
946 991
857 818
857 863
735 690
601 590
253 138
95 50
645 729
985 991
901 991
479 473
324 271
389 449
857 818
479 473
729 735
223 217
434 479
601 562
473 404
178 223
729 690
351 306
473 455
457 389
345 351
729 735
637 607
5 95
211 234
601 517
345 351
261 379
655 723
645 729
532 576
178 154
985 991
133 217
379 375
389 479
946 901
89 95
306 261
911 930
310 339
389 479
473 416
473 479
89 95
991 901
217 133
217 223
601 607
601 607
601 607
946 901
223 178
434 479
89 95
901 991
735 645
5 50
306 345
946 1013
89 5
863 857
645 735
89 95
991 985
345 306
645 735
133 223
607 601
863 782
89 95
517 607
178 223
857 863
345 351
607 517
735 690
389 457
601 607
607 601
223 217
50 49
89 95
434 479
389 479
389 479
473 479
473 479
133 223
862 784
89 5
562 607
937 982
818 862
954 1009
479 407
5 47
306 351
690 729
306 345
95 5
690 645
773 857
729 645
473 479
810 849
217 223
50 89
217 223
901 991
89 5
89 50
392 448
89 50
991 979
985 946
50 95
601 562
901 985
306 342
473 389
857 818
857 818
690 735
729 735
985 946
351 345
306 277
351 345
901 985
735 729
985 991
473 479
217 133
261 306
607 562
991 901
261 329
562 607
985 993
818 863
50 19
729 735
377 276
818 863
601 607
601 562
901 1019
473 434
217 223
645 729
991 985
773 863
863 857
863 857
985 946
261 345
306 316
89 95
351 345
217 223
479 434
89 95
735 645
178 223
729 735
601 562
735 645
773 863
562 593
601 607
991 901
261 257
607 601
863 773
950 946
601 580
562 607
5 50
253 254
261 285
306 351
50 6
729 645
818 863
735 654
223 250
223 142
473 479
89 95
708 655
351 306
985 946
345 351
95 89
863 857
345 351
178 133
5 95
389 434
991 901
863 818
217 223
473 479
645 679
690 735
50 4
991 946
735 663
54 5
887 788
729 690
479 473
196 169
901 991
356 375
863 818
517 562
425 402
223 178
985 991
985 946
901 991
517 607
363 269
95 5
345 351
133 178
857 863
863 818
133 208
601 562
729 690
223 178
690 729
89 5
178 223
857 806
645 729
223 217
517 515
645 729
645 735
89 95
50 95
345 351
314 345
473 479
89 5
705 739
5 50
89 5
735 729
473 479
601 517
735 690
194 178
729 735
95 23
351 345
389 434
389 479
690 669
345 351
857 863
345 351
223 133
800 842
351 261
857 863
601 607
5 50
178 223
223 151
735 645
991 985
690 729
389 434
345 351
217 178
781 875
479 473
479 434
89 5
133 175
901 985
857 863
517 607
95 50
345 351
517 607
261 351
217 205
729 645
276 345
985 991
857 863
389 401
607 601
133 178
434 479
178 223
95 89
345 367
261 351
389 479
479 473
306 332
938 947
601 607
645 729
607 526
562 517
985 991
818 863
261 351
223 133
991 985
479 473
857 863
5 95
50 34
857 818
95 89
89 95
863 857
607 517
690 735
601 562
217 133
690 735
351 261
857 863
345 261
535 607
95 5
863 857
89 95
818 773
143 211
261 306
601 607
773 818
985 991
351 306
946 991
261 306
863 857
479 473
985 991
95 89
607 530
95 89
773 818
996 1015
217 223
479 473
389 434
645 690
217 133
95 50
217 223
946 956
818 773
89 14
473 479
729 735
991 901
217 223
729 735
306 351
217 223
178 230
735 729
434 479
389 431
479 389
735 663
351 345
351 273
217 223
261 351
5 95
479 473
50 95
389 434
773 863
992 984
773 818
901 946
690 729
901 985
645 732
178 223
222 131
217 223
261 345
479 387
491 504
5 50
773 815
857 863
991 908
95 89
655 723
473 479
217 223
223 133
818 857
95 14
217 178
818 857
607 526
95 23
601 562
434 479
178 133
735 690
351 306
857 863
217 223
946 991
95 89
479 473
985 991
818 863
345 351
133 178
434 443
473 434
89 95
946 991
857 863
818 857
672 714
601 562
306 351
601 607
517 559
389 473
507 503
95 89
562 606
773 778
178 161
50 89
473 479
575 591
479 473
607 562
562 517
857 773
985 991
389 479
261 324
690 735
178 223
773 863
178 133
607 517
345 261
89 95
607 517
89 30
863 857
960 919
306 259
601 562
517 559
473 434
517 607
985 991
389 457
479 434
381 366
991 985
901 1007
80 106
345 351
863 794
261 345
178 181
89 125
89 95
261 351
863 791
729 735
818 863
946 991
946 991
261 351
217 223
95 89
306 261
351 345
645 690
389 434
607 601
217 223
818 779
901 991
857 884
5 50
946 991
261 303
822 773
818 863
473 434
863 857
389 434
50 95
601 627
434 389
729 735
479 473
217 223
818 863
607 517
369 373
739 718
991 985
306 351
645 729
607 526
425 399
223 133
991 985
901 991
133 223
345 261
985 952
735 690
729 690
857 773
5 89
985 946
306 345
178 223
5 50
517 607
5 89
95 5
89 50
773 841
351 355
601 607
306 351
389 479
479 473
389 479
863 857
479 473
479 473
217 133
345 351
473 389
473 479
991 985
306 353
434 479
223 133
607 517
562 601
5 89
335 339
133 223
562 517
261 303
345 351
863 857
735 645
434 479
389 434
562 607
351 269
50 95
818 863
178 223
89 95
729 735
863 857
95 5
517 607
217 207
607 601
735 729
351 306
991 974
473 479
217 223
223 217
377 331
89 5
773 857
991 985
457 389
479 434
601 607
89 30
645 746
562 606
729 735
562 517
399 418
89 95
601 607
735 729
645 713
479 473
857 863
192 136
690 735
261 351
5 47
863 818
946 988
374 269
484 503
729 735
690 645
985 991
645 729
133 217
5 95
133 223
306 351
601 607
389 479
991 946
261 351
735 729
818 863
791 863
5 47
645 713
95 50
223 217
95 89
691 757
818 806
290 321
562 607
729 645
863 847
562 607
345 294
479 473
735 729
351 306
729 690
261 345
607 601
261 306
50 89
133 223
479 473
863 857
985 946
946 901
985 991
946 901
985 946
946 985
14 81
607 562
50 83
261 329
735 729
729 690
223 217
735 690
217 133
991 946
356 270
991 946
473 479
306 351
991 910
985 901
607 517
773 818
729 735
473 479
473 434
991 985
345 351
690 735
434 389
351 345
345 351
178 223
261 306
607 601
517 607
857 863
985 991
389 479
985 991
773 863
345 351
960 979
863 773
991 974
761 723
434 479
991 901
473 479
306 351
217 223
729 682
345 351
607 601
223 133
473 480
201 133
857 863
818 863
306 312
818 863
607 601
517 585
1017 937
946 985
389 473
479 434
809 771
473 389
473 434
735 690
133 223
645 690
901 943
223 217
217 223
89 95
901 946
261 306
575 608
991 946
5 50
89 5
601 607
351 261
217 152
32 74
818 863
517 605
178 223
50 95
601 517
89 95
389 434
404 392
773 841
178 223
729 735
5 50
326 298
857 852
818 847
729 735
607 562
991 985
479 434
735 729
863 891
89 95
857 863
118 65
836 809
857 863
863 857
389 479
946 901
818 773
773 863
517 601
179 199
223 178
5 95
223 133
773 857
133 201
601 562
985 991
217 133
50 95
389 473
985 991
351 306
690 735
306 351
178 223
773 857
473 479
773 857
645 735
434 473
345 351
985 946
863 773
863 778
89 50
562 607
601 607
857 773
562 560
937 964
306 345
479 434
601 607
690 735
735 645
89 5
901 985
389 434
946 995
345 306
442 467
351 345
735 729
223 178
562 601
901 991
389 479
863 818
562 601
434 479
818 863
50 40
89 57
946 991
217 223
223 217
217 223
95 5
901 991
95 14
89 95
863 773
690 683
863 818
345 306
655 719
345 351
345 351
863 810
985 946
985 946
151 205
89 95
261 345
729 735
345 306
729 645
473 463
655 723
607 562
95 50
178 223
223 133
351 266
645 735
517 591
729 735
89 95
645 735
217 223
217 223
946 985
473 479
863 857
261 345
95 42
946 991
479 434
217 178
893 848
178 133
133 223
306 351
306 351
863 818
473 389
223 217
434 389
607 526
863 857
217 223
389 431
223 251
645 735
89 95
863 773
345 351
607 601
484 503
735 645
985 901
473 479
729 735
857 863
479 473
601 607
505 494
261 351
223 217
178 145
735 665
729 735
607 601
5 50
735 729
345 306
133 217
607 562
735 654
217 212
17 89
473 434
562 607
306 345
479 407
345 351
50 5
690 753
991 941
607 601
562 607
217 178
473 389
479 501
50 95
645 729
735 729
89 5
735 729
261 306
729 725
985 991
306 351
351 345
690 645
261 306
89 95
223 217
863 857
607 562
217 223
217 223
259 306
601 517
178 223
773 841
473 479
261 345
351 261
473 479
306 351
434 473
991 992
991 946
89 95
306 351
306 351
89 95
473 389
50 95
473 434
473 479
351 306
863 857
773 818
473 434
345 351
345 306
645 713
857 863
601 607
818 887
985 1018
818 863
223 217
601 517
690 734
601 607
729 735
223 178
345 270
901 991
991 985
217 133
645 735
857 818
857 773
901 1023
479 434
473 479
601 607
389 479
345 261
863 773
607 517
178 223
473 389
690 735
350 365
601 517
857 863
562 607
169 143
601 517
863 857
178 223
601 607
601 607
946 1006
729 735
261 351
607 601
468 449
991 985
735 663
601 517
562 601
690 735
729 735
95 89
601 607
217 223
223 133
223 133
562 607
389 480
345 351
645 735
735 729
89 95
95 23
217 178
773 818
389 479
690 640
645 735
351 345
773 863
434 473
306 351
729 735
473 389
985 991
517 607
95 89
223 178
261 351
306 351
473 479
217 178
863 791
562 607
991 901
818 863
5 95
729 762
434 389
479 434
562 573
479 473
857 863
223 180
89 95
991 946
690 735
773 823
178 223
50 89
562 600
125 88
351 306
345 351
89 95
773 863
148 192
223 217
434 389
857 863
261 351
690 735
389 502
985 946
217 223
273 381
607 563
434 401
645 735
645 729
497 442
863 773
217 223
345 351
735 729
960 993
479 468
809 836
985 901
985 991
217 223
306 345
863 857
351 345
863 818
729 735
89 95
345 351
607 601
50 5
89 95
818 773
517 607
735 731
479 434
857 863
223 133
729 735
89 5
473 479
401 393
607 526
735 729
306 351
655 719
345 351
17 49
657 738
901 991
89 95
5 50
857 863
607 517
434 389
863 877
211 133
607 517
217 223
95 89
389 431
345 351
345 351
345 351
50 29
351 306
345 306
5 89
901 946
345 351
735 739
217 223
351 345
857 863
818 857
434 479
960 979
473 479
223 217
5 95
95 5
473 479
818 857
50 95
223 133
729 690
223 217
345 351
645 729
729 735
985 991
863 818
517 562
178 217
95 89
861 863
389 434
345 306
901 1021
473 479
849 810
434 473
89 95
818 863
351 261
857 863
601 607
773 863
473 422
862 883
217 223
517 607
773 815
89 5
95 89
351 261
773 818
223 217
607 562
735 729
95 89
735 645
863 857
217 178
473 469
306 294
761 679
601 526
985 991
217 133
351 345
818 857
345 351
89 95
5 89
729 735
729 735
178 207
690 729
517 562
985 991
228 247
863 857
985 926
434 389
901 985
562 607
517 601
95 5
607 562
729 735
178 223
479 459
5 95
5 89
863 857
991 946
645 690
991 946
729 735
901 985
345 351
946 991
991 985
133 178
991 901
178 221
351 303
753 698
517 601
991 985
479 389
788 832
89 50
818 857
690 729
985 991
217 148
985 991
178 223
645 690
306 351
601 607
389 473
50 95
50 46
435 511
601 607
985 991
95 5
991 985
95 89
15 79
345 327
985 991
178 133
729 690
517 607
601 562
345 306
50 74
690 659
645 729
234 226
901 991
985 991
5 50
369 314
89 95
389 496
863 773
773 851
143 162
601 517
574 576
434 479
89 95
89 95
479 398
483 406
99 114
345 351
389 479
985 901
773 863
985 991
473 479
389 479
818 863
735 645
473 479
306 351
985 991
729 735
773 818
857 818
351 345
607 601
985 991
985 958
563 604
729 735
50 95
479 473
95 89
345 329
479 410
89 95
645 704
479 473
133 201
351 345
223 217
690 735
261 306
601 607
517 607
5 89
991 901
645 735
857 863
389 507
645 690
517 601
645 687
735 729
946 991
473 434
345 351
857 839
95 5
517 601
351 345
306 261
985 901
473 479
601 562
351 345
89 95
133 142
473 479
985 991
562 607
389 440
389 434
991 970
434 425
601 607
985 991
773 818
517 562
351 270
5 50
690 723
50 95
995 909
601 607
178 223
985 946
320 336
645 729
985 991
479 434
735 729
607 601
89 95
985 926
857 863
773 863
857 863
434 479
223 133
261 351
985 910
178 223
729 735
434 479
729 688
50 5
473 479
857 863
89 75
351 261
857 863
271 339
645 690
985 991
607 601
985 946
654 721
729 735
351 279
217 133
217 133
133 201
985 901
473 389
217 178
681 708
607 517
261 351
121 32
351 306
645 713
95 50
389 473
863 851
95 89
735 729
857 863
985 946
178 133
5 89
991 946
735 729
351 306
1017 898
223 142
729 645
89 5
901 985
217 223
389 479
95 17
735 654
479 473
434 479
729 645
223 217
133 223
985 991
625 570
991 901
729 735
89 95
735 729
517 607
781 875
345 306
351 261
389 479
773 841
5 95
857 818
473 389
217 223
217 178
863 818
223 178
985 991
517 607
95 50
985 991
862 878
178 223
389 434
822 854
729 735
729 735
306 261
351 306
857 841
227 170
863 818
961 911
938 994
857 773
345 351
223 151
562 517
562 601
857 863
217 178
901 991
89 50
985 991
50 95
261 306
434 447
261 345
223 133
389 431
857 773
345 351
89 95
133 179
5 95
389 417
729 735
729 758
345 306
381 351
89 95
473 479
479 434
434 479
89 5
607 517
50 95
857 863
133 175
857 863
434 479
178 223
690 729
991 901
729 697
217 223
133 212
434 389
991 985
50 89
735 663
217 223
479 389
863 857
601 607
473 479
351 345
863 857
863 824
178 217
351 306
351 261
863 773
704 641
991 985
306 261
389 434
178 223
352 278
473 479
562 517
133 223
50 95
505 418
901 946
5 89
306 351
389 431
473 502
89 95
351 345
95 50
223 217
735 729
95 5
5 89
473 479
434 414
95 50
306 345
857 818
690 735
729 645
946 901
950 949
51 66
517 601
985 1002
20 8
901 943
625 570
985 991
178 133
89 83
345 306
985 991
50 5
857 814
351 345
517 601
473 434
985 901
857 773
601 607
89 18
473 479
818 863
645 663
729 690
345 351
985 991
1002 966
223 133
857 863
818 770
479 473
863 773
133 217
607 601
607 562
345 261
735 645
818 863
645 729
645 729
601 607
517 512
5 89
946 991
83 89
235 141
89 95
351 316
351 345
345 378
345 351
345 351
901 985
690 729
517 562
89 5
946 945
133 154
857 773
473 479
473 479
729 735
473 434
50 95
223 217
178 223
50 95
352 272
946 985
735 690
729 735
985 946
261 351
351 306
729 645
473 479
351 345
735 690
991 901
223 217
517 607
703 760
773 857
739 645
946 989
389 509
473 479
5 95
351 306
690 668
473 434
601 562
729 735
223 217
473 434
985 901
178 183
818 863
207 211
773 857
863 857
217 223
562 607
306 351
217 178
223 178
729 645
946 973
223 178
306 351
473 434
645 735
133 217
473 479
201 133
306 345
50 95
479 506
345 334
991 946
306 351
863 857
729 645
5 50
818 863
863 857
601 607
133 217
863 810
473 479
863 791
991 985
911 979
133 178
182 207
857 863
345 351
89 95
217 223
345 351
857 863
223 217
223 133
473 389
946 901
351 306
473 467
729 690
89 95
985 991
351 345
223 133
89 73
773 857
863 857
991 901
901 991
857 863
473 463
946 991
991 919
985 946
601 562
217 223
690 741
223 178
5 89
690 735
217 223
773 863
773 807
857 863
985 969
601 607
773 857
217 133
562 607
991 901
89 50
5 50
991 901
868 782
690 735
381 383
217 178
729 690
447 480
735 729
562 607
178 148
306 351
306 351
223 133
991 919
818 857
818 814
479 434
1021 900
916 904
479 434
217 178
857 863
351 306
601 607
729 735
735 668
857 863
345 351
306 276
946 982
479 473
946 991
479 407
601 607
818 863
691 680
351 345
345 261
729 735
5 95
863 818
601 607
857 818
601 607
607 526
985 946
562 517
217 223
773 818
735 729
133 223
601 562
178 133
690 729
217 178
886 833
89 50
916 904
946 991
517 607
50 95
345 351
345 277
735 729
946 991
434 479
517 629
863 818
690 645
178 223
818 863
601 562
306 351
735 737
223 133
389 434
729 690
992 952
735 729
607 601
50 95
562 601
690 645
818 863
95 50
1017 997
473 479
735 645
479 473
261 306
863 838
473 479
818 863
601 607
261 345
601 607
95 50
473 479
985 991
217 178
107 64
5 95
985 991
591 558
118 65
517 607
178 223
991 985
217 223
863 857
985 991
223 133
223 217
377 321
261 306
863 791
735 645
89 95
985 991
479 434
773 863
178 217
735 690
729 735
345 261
901 991
434 429
857 773
345 261
5 50
178 223
345 301
607 517
95 5
261 306
5 50
857 863
607 601
217 133
607 601
50 95
735 690
946 985
217 223
389 479
351 345
261 351
985 991
133 223
89 50
95 5
50 95
601 562
562 588
690 735
818 863
345 351
991 904
133 178
434 389
863 818
863 857
735 663
818 857
991 985
434 433
818 863
985 991
133 178
554 623
991 985
735 690
690 735
773 863
857 863
389 479
857 863
773 863
562 542
735 729
306 351
517 607
857 833
773 846
991 946
5 95
224 233
178 223
89 95
351 261
306 345
95 89
5 50
901 946
51 80
985 946
729 645
863 773
89 5
345 306
985 991
985 991
901 946
863 857
50 95
562 568
95 50
345 306
50 5
389 434
473 479
729 735
863 857
773 841
991 946
217 178
991 901
729 735
735 744
345 261
15 83
58 113
89 95
694 764
729 645
729 735
261 351
178 193
818 814
857 863
901 946
901 991
517 601
690 729
575 554
857 863
351 345
345 351
223 133
863 857
863 773
601 562
985 991
217 223
729 690
351 306
863 857
473 479
50 95
479 425
95 111
601 562
901 985
473 414
261 306
601 607
95 89
645 690
735 729
178 223
50 95
473 482
223 178
479 434
946 991
736 665
562 607
133 223
863 857
645 690
95 50
991 985
217 133
89 95
985 991
901 991
133 217
946 991
946 991
729 735
434 479
133 223
133 223
389 473
729 690
178 133
133 253
863 773
517 607
50 99
863 773
5 95
517 607
351 306
985 946
5 47
765 756
785 777
261 345
729 645
95 89
345 351
960 990
178 223
217 178
773 857
690 735
351 261
985 991
729 645
434 479
773 857
217 223
818 863
735 690
818 773
275 261
607 601
607 562
690 729
345 306
946 991
690 656
857 798
901 991
133 223
434 479
863 857
351 270
1009 954
517 562
50 95
473 434
690 645
261 351
178 210
857 773
298 307
306 345
607 538
473 479
345 351
345 306
50 89
857 863
991 985
608 528
681 747
345 351
217 247
389 473
479 473
611 604
95 89
818 783
95 89
473 479
389 473
473 479
735 758
607 517
773 857
991 985
735 729
223 178
345 261
217 223
133 178
217 178
857 773
985 901
133 217
351 306
985 991
389 434
729 658
946 991
479 473
479 434
517 607
217 178
601 607
623 553
306 261
133 223
857 863
345 261
89 95
607 601
404 448
298 354
991 946
735 645
89 95
261 306
95 23
5 95
601 562
434 482
946 942
901 985
261 345
389 479
473 479
735 729
89 95
857 835
479 452
50 95
178 223
857 822
261 303
901 943
863 773
5 95
89 95
601 607
601 562
818 773
95 89
89 123
645 735
901 935
217 223
306 351
607 562
479 419
351 348
607 601
473 479
863 818
50 95
863 857
89 95
773 863
729 671
645 735
645 690
306 351
306 345
306 261
601 607
89 50
306 345
734 749
690 735
562 607
351 345
306 351
729 735
818 798
857 889
735 729
143 207
261 345
345 351
351 261
473 434
261 351
389 431
389 473
773 818
913 973
863 857
50 95
121 114
133 206
729 690
89 5
690 735
178 223
223 217
434 459
818 863
473 479
601 607
261 306
729 735
438 467
223 217
223 217
89 95
601 605
261 345
517 585
735 645
345 351
857 863
601 607
946 934
985 991
89 95
306 317
773 863
818 773
434 400
857 818
345 306
601 607
306 345
178 217
223 217
479 473
517 562
773 785
95 89
773 863
601 517
434 479
133 194
345 261
645 729
959 1016
729 735
517 601
607 601
89 5
607 562
562 607
863 773
89 95
178 217
901 975
517 562
991 946
611 594
261 306
985 954
306 261
306 351
95 5
601 607
773 796
389 479
601 607
95 89
901 946
985 991
50 95
399 463
729 735
735 690
50 89
227 220
50 5
217 133
818 863
345 261
857 863
729 645
434 479
223 212
217 223
178 203
601 607
985 991
601 607
217 223
50 61
217 133
125 5
991 901
95 89
735 661
434 479
50 95
729 735
345 270
960 909
473 479
20 8
735 645
857 863
479 434
306 351
601 607
345 306
857 773
601 607
389 473
735 729
142 209
351 345
345 306
95 89
645 690
863 875
946 991
133 223
601 517
736 741
517 607
351 306
607 562
893 809
822 768
50 95
479 473
261 351
818 857
857 818
729 735
729 650
89 95
434 473
517 585
857 818
863 773
991 946
532 520
261 306
95 5
121 83
473 479
818 863
479 473
479 473
178 217
991 985
95 89
95 50
517 607
818 773
95 89
178 223
320 273
857 863
95 26
729 690
645 687
133 175
178 223
133 178
985 901
901 969
911 979
991 985
729 690
5 50
14 81
329 321
863 839
479 434
562 580
50 95
434 456
434 414
351 345
95 50
345 306
434 479
857 818
223 217
690 729
862 860
690 729
320 339
345 261
857 818
517 601
351 345
607 601
517 562
133 178
351 345
863 818
473 479
89 95
985 991
217 223
306 345
985 901
89 50
473 479
729 735
818 773
690 735
345 351
133 223
133 223
133 223
50 5
235 141
735 645
95 5
607 517
223 178
773 863
261 351
473 479
773 863
517 607
645 729
223 217
633 570
991 946
389 479
95 50
857 818
991 985
389 479
863 791
223 217
217 178
50 49
217 133
5 95
5 95
946 991
217 133
517 607
133 212
95 5
217 223
217 223
601 607
690 735
601 517
645 713
95 89
351 345
473 479
735 729
562 607
89 5
991 946
89 95
690 735
178 223
89 5
562 577
351 306
857 863
729 720
645 735
483 384
191 235
434 473
857 818
89 50
434 473
729 735
607 601
50 5
306 345
89 95
351 261
89 95
223 151
867 890
50 95
345 351
857 818
991 985
217 223
735 744
5 95
517 562
645 735
345 351
901 955
5 106
89 95
351 306
607 517
89 95
818 773
729 735
562 517
901 985
89 50
434 473
690 729
95 89
473 479
729 735
735 729
601 607
729 735
95 23
473 479
818 863
261 306
89 95
389 479
946 991
89 95
991 901
735 729
946 991
991 901
645 735
863 818
351 306
479 473
607 562
773 857
89 5
89 95
991 901
133 175
434 473
729 685
946 1019
473 434
5 94
50 95
95 89
351 306
729 645
562 607
50 89
985 991
389 479
562 601
5 95
306 351
473 479
946 916
223 227
261 306
217 178
985 946
5 50
345 261
89 50
50 95
570 625
601 607
217 223
773 857
5 123
5 50
389 479
95 89
901 991
601 607
389 479
89 95
345 351
645 735
645 735
901 991
857 800
930 910
601 607
50 5
178 207
217 223
223 217
985 946
863 884
223 217
89 5
946 991
985 991
946 991
601 562
863 818
5 95
351 261
863 857
306 270
223 151
729 735
223 217
178 217
217 223
479 407
178 223
985 919
729 735
178 133
223 178
217 223
345 374
434 479
735 729
473 479
178 217
517 562
217 223
351 345
991 985
133 223
607 601
95 23
473 479
351 345
434 479
773 857
223 133
217 223
818 863
345 261
863 818
831 888
345 372
217 223
729 690
217 223
182 178
991 946
863 818
479 389
601 517
217 223
5 66
985 901
601 607
95 50
217 223
985 901
985 991
95 89
261 351
345 351
95 89
133 223
773 818
178 223
95 50
479 407
991 985
562 568
991 946
607 562
991 985
434 426
89 50
133 223
818 857
434 459
217 133
133 223
857 863
217 178
345 351
434 458
562 607
89 5
479 434
645 735
735 690
95 5
562 607
133 178
645 735
773 818
217 133
517 601
601 517
95 89
863 857
473 479
399 467
345 306
562 607
425 506
729 735
735 690
857 818
875 781
517 607
985 991
857 863
601 607
601 517
121 15
178 223
601 607
133 223
946 991
178 223
345 306
863 857
985 991
818 863
473 479
133 223
729 735
735 729
345 280
473 479
818 857
946 932
863 782
5 71
89 50
223 217
217 178
479 473
223 178
319 352
473 434
562 607
345 351
645 690
345 351
601 562
773 863
473 479
133 223
473 479
217 223
857 818
818 857
261 345
389 479
729 735
857 863
517 601
863 773
222 201
901 946
946 991
434 391
133 178
95 50
729 690
479 398
434 473
389 479
991 901
735 690
351 261
351 306
217 223
345 261
985 991
434 473
223 217
223 217
601 607
985 991
729 735
690 735
5 89
601 517
217 223
729 690
479 485
729 645
773 857
89 95
479 473
517 562
345 351
89 95
729 742
857 773
782 868
857 863
857 852
857 895
351 345
217 223
735 729
50 95
517 607
991 985
306 351
223 217
5 89
389 434
95 59
89 50
863 773
351 366
562 557
901 1021
645 729
261 335
351 345
5 58
434 389
901 985
809 875
351 306
473 404
901 985
217 229
735 729
345 382
735 690
690 735
50 95
818 863
133 211
479 473
89 50
223 217
601 607
857 818
773 863
217 133
463 389
473 434
857 863
389 479
351 261
178 223
473 389
223 133
517 607
729 703
5 73
473 389
901 946
818 885
690 735
863 818
729 735
89 5
89 95
690 749
773 863
863 773
133 223
901 961
857 863
351 279
735 729
389 473
133 217
434 479
89 50
434 389
95 5
502 449
601 517
735 645
217 223
261 345
217 223
314 339
690 735
729 645
95 50
985 901
89 95
345 351
863 773
517 601
351 345
351 261
645 735
178 223
857 818
306 345
607 601
517 607
133 223
95 5
729 690
95 5
95 50
351 345
479 389
178 133
985 991
818 863
857 863
261 345
690 735
1009 954
89 95
223 142
735 729
345 351
607 526
710 746
178 223
350 337
901 946
517 607
95 89
645 690
5 111
178 217
773 857
773 815
223 145
901 969
178 217
607 595
178 217
985 901
863 891
345 351
985 1006
89 95
133 217
607 517
607 562
601 562
601 607
991 946
985 991
133 223
991 946
68 15
345 351
473 479
818 863
345 334
473 479
517 607
431 390
991 985
381 315
479 473
991 901
345 351
735 682
901 991
5 95
517 522
345 261
773 863
818 885
434 389
479 434
645 690
758 705
863 818
223 178
89 95
345 351
964 911
345 261
351 270
985 991
601 607
351 345
517 607
901 985
223 151
991 985
729 735
178 133
690 735
601 562
773 857
863 782
734 724
324 271
985 919
863 839
434 479
217 133
473 389
863 857
5 47
178 223
517 601
729 735
630 577
690 735
946 918
991 946
857 818
863 857
473 434
735 733
345 351
381 339
5 89
5 30
863 818
735 729
351 306
473 479
990 1015
345 351
178 133
773 863
89 5
479 473
223 217
863 883
106 83
985 991
729 735
133 223
645 758
985 946
991 946
991 901
517 601
601 562
690 735
601 559
735 645
434 389
946 991
351 261
479 473
95 89
217 223
525 619
773 857
593 554
351 306
729 690
607 588
345 351
863 818
729 735
351 306
857 863
223 217
133 223
818 857
991 985
223 133
95 89
818 863
261 351
773 863
985 901
89 95
946 901
345 351
223 211
857 863
217 223
89 50
345 306
985 901
985 991
901 985
133 223
601 562
261 351
946 991
217 223
306 351
985 991
991 901
133 217
473 479
863 818
946 985
345 261
735 729
345 327
601 607
645 735
517 601
831 888
867 826
434 389
881 826
857 773
389 437
735 645
434 479
607 562
645 713
473 479
857 773
562 601
901 991
217 223
473 479
832 813
479 473
133 223
223 217
89 95
133 223
645 690
251 247
637 596
863 818
223 133
517 562
729 735
773 863
95 50
863 857
857 863
5 95
345 306
562 526
857 863
735 729
306 372
729 669
773 863
217 223
345 306
89 50
261 329
735 645
434 459
607 517
217 133
991 985
345 351
921 991
857 818
985 901
729 735
178 217
781 875
191 248
601 562
345 351
735 729
857 863
89 50
645 729
517 607
50 74
306 351
818 857
473 434
351 261
217 178
562 551
857 773
857 863
601 607
95 50
473 393
345 351
562 607
985 991
178 159
729 735
351 261
89 17
601 607
95 5
223 154
95 89
517 607
863 773
434 479
991 985
351 306
473 427
261 351
25 106
223 217
735 729
901 943
434 479
306 351
276 377
601 607
479 473
89 78
306 299
901 991
217 223
389 452
473 479
95 50
607 601
89 95
735 690
217 223
985 991
434 479
881 826
601 607
95 89
178 191
89 5
89 5
89 95
306 261
351 306
261 345
223 151
607 562
582 554
178 223
345 261
95 50
863 818
985 946
645 687
217 133
261 306
178 243
5 89
178 223
217 133
607 601
863 791
985 991
985 991
133 217
863 857
863 791
223 133
389 479
645 735
735 729
985 901
985 991
857 863
729 735
133 223
133 178
473 434
607 601
601 607
991 946
389 479
389 457
863 857
223 191
645 735
178 133
89 95
473 479
223 217
857 773
946 991
601 607
223 178
50 74
217 223
735 729
857 863
810 879
863 857
773 863
345 306
765 640
991 985
735 645
261 345
864 870
601 607
985 946
473 389
562 595
223 178
399 463
991 985
50 5
178 133
351 345
562 607
601 562
739 725
399 418
991 985
729 735
473 389
562 601
5 50
735 729
985 991
306 312
607 517
818 863
887 867
729 723
89 95
735 729
901 985
645 729
562 607
217 223
729 690
517 547
192 224
946 901
690 729
607 535
985 991
228 247
517 607
133 175
773 890
479 473
818 857
607 601
404 392
863 857
857 773
517 607
5 89
178 217
50 89
89 95
473 479
690 735
178 217
95 50
479 473
261 351
89 5
645 735
517 562
95 89
5 88
818 773
527 546
217 223
773 863
553 576
857 773
473 479
5 50
946 991
818 863
479 389
654 679
345 316
607 517
217 223
690 735
223 217
89 116
562 607
133 178
746 735
217 178
345 261
50 5
50 95
991 901
607 628
217 178
345 351
863 818
389 473
389 479
863 857
729 735
217 223
690 735
729 654
223 217
345 351
562 607
735 690
95 89
991 985
434 473
345 351
517 562
178 133
729 735
607 601
607 631
5 95
818 863
985 991
473 479
434 479
773 857
690 735
95 5
601 607
217 223
517 569
133 150
901 991
562 607
863 857
857 863
985 980
979 960
946 985
345 306
42 81
50 89
607 583
473 479
89 95
133 201
991 946
517 562
735 690
946 901
217 251
946 901
901 946
345 351
178 150
479 389
351 345
901 991
473 485
133 175
261 351
863 857
991 946
217 223
217 178
607 526
607 517
178 223
857 818
133 175
261 351
570 587
735 645
434 479
991 985
50 89
95 50
425 407
857 818
351 306
351 261
946 901
473 479
857 818
473 479
133 223
261 345
607 517
985 901
857 773
857 863
601 555
818 891
345 351
473 479
473 479
773 818
345 306
95 50
389 447
562 607
345 351
217 223
217 223
479 473
773 863
729 717
389 479
95 89
517 557
655 719
89 50
645 729
479 473
729 735
94 78
95 5
575 554
345 261
345 351
261 351
729 690
985 901
345 351
645 729
729 690
857 863
89 95
223 217
729 735
389 434
306 286
223 217
95 89
223 178
645 735
306 351
857 818
645 735
89 95
729 690
133 178
434 479
50 95
89 57
351 306
946 905
479 473
601 562
217 178
434 479
50 89
645 729
562 607
479 387
901 946
645 735
427 434
479 473
377 374
690 735
351 261
729 735
479 473
339 356
729 735
434 462
857 863
645 735
863 818
863 864
863 773
818 788
351 345
517 607
434 473
517 562
857 863
735 729
89 95
352 314
863 818
690 735
950 1013
607 601
901 991
985 1010
857 844
345 261
479 473
773 863
991 985
473 434
601 562
89 95
601 562
857 863
480 448
473 479
729 735
95 79
891 887
95 99
479 389
562 607
306 351
5 95
985 901
729 735
601 562
607 601
735 729
223 217
901 946
178 223
345 310
735 729
223 217
991 946
223 148
946 991
479 473
645 690
991 985
479 434
178 223
729 735
217 133
773 863
261 303
351 345
517 601
434 410
454 463
562 607
89 95
389 479
351 345
345 351
479 434
63 79
607 562
601 562
601 607
729 735
178 217
645 735
735 663
89 95
857 863
133 178
479 491
217 133
473 434
5 50
645 735
345 261
351 374
991 946
863 818
217 223
473 479
690 735
217 133
729 735
223 178
690 645
991 946
217 223
345 298
261 306
645 755
645 729
50 94
50 5
735 729
607 601
389 479
345 351
690 645
863 839
434 479
479 473
735 645
223 217
985 991
223 178
607 562
95 5
306 351
223 217
89 95
178 133
306 261
607 601
186 241
223 142
473 479
734 652
857 863
223 142
41 64
607 601
645 713
601 607
601 607
864 873
473 479
89 95
89 95
747 691
217 223
5 95
479 473
645 690
306 261
985 991
773 857
863 773
133 223
729 735
473 479
607 574
729 735
223 133
985 946
473 434
389 434
810 862
729 735
857 818
773 818
739 657
1003 909
729 735
389 473
89 95
89 95
133 158
223 178
479 434
89 95
95 5
601 562
479 473
517 607
306 351
434 479
991 946
473 452
234 198
946 991
5 95
5 95
910 977
223 217
607 562
818 863
178 223
5 73
601 562
306 351
601 607
345 351
178 133
601 607
863 857
991 946
863 773
95 50
735 645
645 758
901 1019
351 270
729 735
773 895
735 690
607 517
601 517
645 713
479 473
434 473
223 133
217 223
985 1009
454 426
95 50
5 47
773 818
985 991
178 141
227 222
223 217
607 601
306 313
50 95
863 857
223 133
217 133
729 735
223 217
818 863
389 479
223 142
178 223
857 818
133 217
985 901
645 735
89 84
901 991
901 946
991 901
863 857
345 351
645 690
991 919
729 735
223 133
857 818
601 568
345 306
434 444
985 901
991 985
351 345
473 479
100 119
479 473
863 857
946 956
5 16
690 735
345 261
690 735
89 95
735 645
645 735
95 50
690 648
690 645
991 985
901 991
645 753
345 378
950 898
901 991
217 133
95 50
133 178
985 991
351 261
857 863
562 607
5 95
773 863
223 217
473 479
863 818
690 729
946 991
425 452
223 133
773 857
217 223
645 735
345 351
217 223
857 820
735 690
562 601
607 562
729 735
991 985
5 89
946 985
473 479
261 351
5 89
143 207
645 735
991 901
89 95
223 217
345 351
178 223
517 607
607 517
991 985
857 773
136 222
562 601
434 479
434 479
434 473
863 857
985 991
601 607
735 729
985 991
857 863
351 345
517 562
261 351
607 601
133 217
89 95
517 607
735 711
901 943
179 235
991 985
985 1023
735 729
562 607
434 475
473 479
389 479
273 327
352 378
479 434
747 653
863 791
517 611
601 562
345 351
306 351
306 377
818 863
773 797
50 95
133 223
473 434
5 50
991 910
857 851
50 95
576 590
857 863
690 645
901 946
89 95
773 857
39 121
901 991
63 120
991 919
690 729
5 95
261 351
601 607
562 573
261 306
773 818
863 857
434 463
729 720
645 685
50 123
479 473
645 735
89 5
525 619
690 735
479 392
735 729
735 663
985 991
351 279
178 217
773 818
735 729
734 735
863 818
51 50
89 95
50 95
985 991
306 351
729 735
773 818
601 607
389 473
345 261
217 223
182 178
735 645
89 5
479 473
351 261
479 434
863 782
735 687
607 517
479 473
607 601
201 133
645 733
690 654
818 780
434 479
479 449
601 607
345 351
857 863
645 729
985 991
818 773
389 473
818 848
690 645
473 434
95 50
50 56
601 607
857 863
434 473
645 735
901 991
351 306
645 690
89 50
133 178
690 735
857 863
601 532
306 351
89 123
857 818
389 434
217 223
434 479
89 95
562 607
735 729
857 863
946 1014
607 601
297 357
345 351
306 351
306 261
306 345
739 761
818 875
178 223
261 316
345 351
261 351
985 901
133 217
735 729
607 562
389 444
901 943
729 645
306 261
345 261
863 818
389 457
133 217
863 818
991 985
95 14
261 345
89 50
985 946
345 306
95 89
351 306
729 735
857 863
479 407
306 345
831 864
681 650
307 277
389 479
901 985
773 857
178 223
50 5
562 607
351 345
517 607
50 2
601 607
991 910
50 5
729 735
562 607
351 345
473 479
690 735
389 473
89 95
473 479
89 5
95 89
223 217
389 473
473 434
89 95
362 330
261 351
50 43
479 389
991 946
217 178
95 5
729 735
224 255
434 479
857 773
5 89
517 607
223 178
562 607
985 901
562 607
818 857
306 315
729 735
991 985
690 713
946 901
601 607
389 434
857 818
645 713
306 351
690 735
63 96
223 217
607 568
89 50
690 657
690 729
95 89
479 389
645 729
389 428
601 607
729 747
95 89
901 985
985 991
178 217
50 95
991 984
729 671
89 95
735 694
50 5
946 997
729 645
95 50
857 863
645 735
773 832
946 991
601 607
857 863
601 562
351 261
133 217
479 473
95 23
773 857
351 257
133 175
223 133
690 662
5 95
562 607
434 479
178 133
857 818
517 607
217 223
857 863
118 13
729 735
729 735
946 957
473 434
345 261
753 698
991 985
601 607
434 462
857 863
690 657
95 5
389 473
863 857
5 3
901 985
95 89
735 729
306 351
192 220
345 266
735 750
735 645
773 863
607 601
261 351
89 95
50 95
735 690
223 217
607 601
133 223
735 645
261 345
434 473
607 517
473 479
735 645
95 83
502 397
479 389
946 901
857 863
473 434
434 479
179 191
345 306
89 50
694 673
178 217
645 735
473 479
345 351
306 351
601 607
729 735
95 5
985 991
985 991
985 991
217 223
41 22
735 690
562 601
575 554
729 735
857 818
217 178
857 863
857 851
607 601
217 223
809 836
946 942
690 735
50 95
479 473
345 306
5 95
991 946
261 315
729 735
645 735
345 351
645 687
345 351
863 857
473 389
601 517
991 985
773 843
735 729
335 310
306 345
818 863
946 991
473 479
991 985
434 479
863 857
991 985
901 943
729 645
773 818
217 170
434 479
89 50
818 865
434 479
645 735
479 398
645 735
607 562
217 223
89 50
345 261
345 351
985 991
690 735
729 755
773 818
985 991
306 379
562 589
217 223
223 193
479 473
857 863
345 351
857 863
440 465
568 517
345 306
345 306
434 447
50 89
345 306
729 645
345 351
517 559
407 479
351 261
863 885
480 494
729 764
645 729
563 552
946 991
735 645
217 178
434 473
857 863
571 517
5 47
729 645
735 690
133 178
473 434
607 562
729 735
863 818
901 991
946 991
473 479
95 59
773 818
601 607
690 645
517 562
901 943
818 773
901 991
217 178
729 690
901 991
178 223
735 690
50 89
822 879
89 83
690 724
95 5
863 857
345 351
773 863
95 23
607 517
863 818
645 690
991 946
517 601
991 946
601 607
991 998
562 517
857 818
857 818
601 607
607 589
946 991
690 645
863 857
960 916
306 365
562 517
389 459
178 154
389 431
607 562
217 223
601 607
178 203
133 178
217 223
479 434
261 306
89 50
729 735
575 608
89 50
645 735
991 901
1014 938
517 607
89 17
773 857
473 479
601 576
389 473
473 389
434 410
306 264
306 351
89 50
5 50
473 434
133 223
261 351
145 178
729 690
89 50
307 328
863 791
601 607
89 50
89 95
389 462
985 991
223 178
345 352
479 398
473 479
991 985
261 351
729 735
473 479
601 607
690 735
473 479
735 719
645 735
601 607
562 601
735 645
735 729
991 946
5 89
739 716
645 729
991 946
351 345
729 735
735 663
991 985
5 89
5 47
217 223
601 562
735 645
517 607
970 901
991 985
991 919
217 223
399 467
389 404
562 601
729 756
863 857
306 261
100 119
89 95
345 306
5 95
818 863
992 998
351 345
985 991
5 95
89 95
729 735
946 901
601 560
517 622
735 729
729 735
517 607
729 690
985 946
503 483
261 345
345 306
462 473
773 863
89 95
434 479
133 230
714 740
217 223
345 351
434 479
217 223
562 607
1009 954
133 223
374 321
818 773
773 863
864 793
261 351
645 729
607 517
857 863
345 306
901 946
729 735
863 818
261 351
89 95
863 818
261 273
89 95
991 946
50 89
89 50
223 217
434 449
562 607
473 479
223 178
473 479
389 507
607 601
223 217
864 773
473 479
50 89
946 948
863 773
473 479
89 95
473 434
607 601
399 467
89 95
479 389
735 645
562 607
985 901
607 535
30 50
562 607
959 985
223 217
351 350
351 381
735 717
735 645
89 5
946 991
345 306
89 56
223 133
601 562
345 306
479 473
773 820
690 735
178 133
985 991
306 351
818 788
857 863
479 473
607 562
562 607
223 178
133 217
863 857
729 735
133 201
95 5
145 156
857 863
50 95
857 863
562 607
389 434
857 863
50 95
351 345
133 223
654 740
479 473
601 562
345 351
89 5
991 985
729 640
863 857
217 223
95 83
694 679
389 479
217 223
901 946
991 901
473 479
261 351
901 991
708 655
434 473
607 562
133 223
95 84
773 819
217 223
473 479
473 479
133 178
261 306
946 901
479 434
479 473
95 89
607 601
592 562
517 562
985 946
818 863
612 631
306 348
736 663
223 178
261 306
857 863
562 607
5 50
991 985
223 217
857 818
480 417
985 991
271 335
729 719
863 773
857 818
991 946
991 946
307 358
985 991
351 261
735 729
217 223
345 351
261 351
818 857
690 735
735 729
473 479
351 306
345 351
729 735
133 178
607 601
985 946
901 956
729 735
306 351
345 351
607 526
985 991
857 812
351 345
345 351
729 735
89 95
863 773
223 133
773 857
827 848
946 985
562 607
217 223
306 317
517 607
95 89
261 345
345 306
690 735
818 863
946 901
389 479
95 5
946 991
607 601
473 479
261 351
133 217
261 306
901 991
735 729
985 991
985 991
479 434
985 991
857 863
479 434
857 863
729 658
991 985
985 991
5 89
50 89
5 89
306 351
607 588
351 306
145 141
389 434
217 223
645 729
601 607
217 223
645 729
655 674
5 95
223 217
345 306
601 517
857 863
607 601
857 863
389 479
729 735
479 473
133 217
217 178
517 607
434 389
89 95
601 607
178 199
133 217
991 985
690 735
95 28
89 95
345 351
601 562
735 663
690 688
773 852
773 786
89 95
818 863
306 295
863 773
818 833
562 517
473 479
389 466
345 351
345 351
479 473
901 991
729 735
901 1019
773 863
946 901
217 223
434 399
191 248
691 729
735 729
517 585
89 80
991 989
217 178
217 133
306 351
562 517
223 133
509 394
985 941
653 747
985 991
818 857
690 735
832 851
857 863
389 457
606 622
601 517
818 773
517 601
261 303
729 659
653 747
562 607
857 875
178 223
89 94
690 713
863 818
985 991
89 95
735 678
351 383
607 601
178 133
889 788
607 601
985 901
690 735
133 217
562 601
5 50
818 773
389 479
773 818
351 345
223 178
223 178
95 50
50 76
89 95
562 517
217 133
901 969
517 607
946 985
607 517
223 178
645 708
735 729
95 50
223 217
351 345
985 991
217 223
479 473
607 535
89 95
601 514
345 351
50 95
985 946
5 24
857 773
601 607
645 729
729 735
773 791
89 95
345 351
729 735
946 901
645 735
261 351
452 399
928 970
473 508
991 1015
857 863
985 991
50 95
729 645
607 562
863 847
479 477
607 601
217 199
857 863
703 736
389 479
601 517
389 473
306 351
233 223
608 517
863 818
901 943
681 653
479 384
306 351
857 773
178 223
857 863
178 223
735 729
946 991
863 857
306 351
473 479
473 479
89 95
729 713
133 217
351 306
50 95
901 991
95 5
985 991
863 857
223 133
473 434
863 818
178 217
479 389
351 345
50 95
966 1002
729 735
729 735
735 690
345 261
490 454
601 607
645 735
818 773
901 977
502 397
818 867
736 661
89 95
607 601
601 631
479 473
863 773
729 735
389 479
985 991
497 442
985 991
473 479
562 601
95 5
351 261
773 818
985 901
985 991
517 607
857 863
818 807
479 434
773 863
89 95
735 729
857 818
562 607
306 351
434 479
223 217
261 351
95 50
946 991
217 223
607 562
5 50
991 910
217 223
89 95
434 479
223 178
566 573
601 517
473 389
5 89
351 306
619 525
985 901
217 133
517 629
89 5
901 946
345 306
89 95
729 735
345 351
645 690
863 818
351 340
345 306
95 89
562 607
345 261
607 517
89 95
50 12
133 223
991 985
901 985
985 946
946 991
306 351
601 607
217 178
607 601
188 217
351 345
601 607
223 133
95 23
89 50
964 911
89 95
526 593
607 529
50 95
178 223
857 845
223 133
345 261
223 133
223 217
261 351
479 480
89 50
306 270
261 351
151 223
223 217
5 89
50 89
773 883
729 735
227 129
178 223
601 562
95 50
479 389
479 434
901 946
985 991
985 1005
389 473
345 351
562 607
5 50
773 857
863 857
517 562
95 50
345 351
991 985
601 607
223 184
223 217
178 223
303 378
601 607
645 729
575 591
50 95
261 351
847 814
901 991
118 13
434 473
217 133
89 26
985 991
946 901
389 479
89 50
911 930
735 645
901 955
517 601
729 733
562 607
729 735
645 690
946 985
690 685
434 479
857 883
562 601
389 473
217 178
89 95
345 351
946 991
473 479
217 223
857 863
863 791
143 162
690 679
607 601
607 517
5 95
95 50
95 89
607 517
562 607
133 250
50 89
306 345
991 1006
389 479
95 5
89 95
690 735
985 991
217 141
690 735
562 597
465 467
345 306
351 306
985 979
729 735
95 89
734 739
517 607
95 89
735 690
5 95
773 818
217 223
735 729
517 584
50 95
89 95
178 217
690 729
607 517
50 95
89 95
261 345
306 351
735 690
479 473
96 76
473 479
645 735
434 479
991 901
857 863
148 192
818 857
345 261
857 863
607 562
773 815
645 729
261 345
306 351
223 151
42 121
89 95
864 846
201 133
946 991
818 776
479 389
351 261
977 909
517 607
351 261
857 818
50 5
607 535
991 970
863 773
223 217
479 434
5 89
729 735
261 351
389 479
133 217
863 773
991 985
901 946
449 462
818 857
517 607
985 901
223 217
991 901
234 226
601 607
306 345
607 517
690 735
863 857
773 863
901 946
729 645
95 89
985 991
235 141
601 557
473 434
601 562
991 985
178 223
50 5
901 991
991 985
863 857
479 473
217 223
773 863
345 351
345 351
351 345
857 818
773 863
562 607
217 182
217 223
729 690
690 720
345 261
351 306
985 991
991 926
517 607
223 133
607 601
473 479
562 607
15 83
89 95
517 562
601 607
517 607
223 217
645 735
389 473
351 261
991 985
425 416
991 975
729 645
991 901
95 50
178 223
479 389
857 863
735 729
89 95
479 398
95 5
473 434
729 758
703 760
863 818
645 729
857 863
729 690
946 991
133 223
946 991
729 690
857 863
645 729
438 444
985 991
473 434
735 645
223 133
306 345
645 735
425 454
946 991
857 863
217 133
50 95
601 562
562 601
95 89
381 350
473 434
991 1020
901 985
601 607
133 223
178 223
142 209
985 991
479 389
345 261
863 857
729 733
239 170
690 645
50 95
151 223
89 50
178 184
517 587
729 654
729 713
261 345
473 479
306 351
479 473
729 690
985 991
217 223
473 479
434 479
50 95
217 223
681 660
89 5
607 535
434 389
946 991
991 985
818 863
729 735
735 645
985 901
5 95
89 95
351 261
818 863
985 991
773 857
217 133
991 985
857 773
735 729
50 95
50 89
735 654
857 863
985 901
690 735
966 938
345 306
345 351
217 223
607 562
517 570
306 345
991 979
601 607
95 76
913 958
50 5
950 974
95 50
562 522
607 601
773 863
89 95
178 133
729 660
479 389
434 479
223 217
607 601
50 89
345 261
434 479
985 959
389 434
601 607
133 223
601 607
389 473
434 473
562 607
479 473
985 991
601 607
901 969
442 497
991 946
479 473
735 729
607 601
562 617
473 501
389 479
818 857
645 687
818 863
5 123
95 17
223 217
585 517
5 95
991 946
217 223
985 991
863 857
351 306
345 351
901 985
217 178
857 863
377 339
773 857
478 488
261 306
389 473
729 735
261 306
217 223
178 222
178 133
729 735
857 818
857 863
735 729
857 818
857 818
601 607
857 863
601 517
863 773
351 345
178 217
89 95
985 991
389 479
217 223
50 42
991 978
118 65
306 341
50 95
601 607
857 863
601 607
985 991
645 690
857 863
985 901
607 517
217 223
178 223
351 270
473 479
473 479
133 217
863 818
50 60
818 863
121 109
517 607
261 351
991 946
345 351
264 321
734 686
901 946
857 863
901 991
985 962
517 562
479 407
178 223
95 5
985 991
773 857
223 217
50 95
345 261
271 335
479 473
179 199
562 607
217 223
345 261
601 517
645 735
345 351
991 985
261 378
607 517
89 95
690 645
729 735
351 345
729 735
773 884
857 863
991 946
991 901
473 479
473 434
89 73
607 601
562 517
562 517
946 985
345 351
818 863
729 735
985 991
261 306
601 607
991 946
863 818
735 729
517 607
133 178
863 857
261 303
345 351
345 351
479 473
985 991
773 857
901 991
773 857
645 735
991 946
601 607
133 223
89 50
351 345
133 223
5 95
89 127
517 601
345 351
217 223
484 398
527 595
345 378
645 757
985 991
857 773
133 234
306 351
991 919
645 729
601 607
946 991
95 89
562 560
261 351
562 607
729 735
178 223
479 389
223 133
729 735
916 904
901 998
479 473
223 133
473 506
479 473
735 729
729 735
562 566
89 95
261 351
345 261
217 223
95 89
217 223
217 223
345 351
473 389
562 601
178 223
946 985
985 928
645 735
863 839
473 479
479 473
351 261
729 735
735 645
389 473
223 133
95 89
863 857
863 782
690 735
601 562
946 991
735 690
607 526
690 735
306 351
351 279
818 773
133 223
50 95
223 217
946 991
863 785
306 351
217 223
89 95
901 985
95 89
991 985
562 607
901 991
473 479
601 607
863 773
355 311
818 863
857 863
553 535
217 223
223 217
435 484
601 562
517 614
434 479
645 752
645 690
217 178
901 991
901 946
95 89
5 125
133 217
601 607
863 857
217 223
601 607
307 319
306 339
479 389
601 607
857 818
729 690
306 351
345 351
985 991
729 706
901 991
761 723
217 223
249 128
729 735
178 233
50 89
985 991
729 645
95 89
729 690
996 910
773 818
818 895
89 5
857 863
473 434
306 345
351 345
473 479
601 517
479 473
735 690
708 655
306 261
217 223
95 26
133 217
562 607
601 607
729 735
479 467
479 473
601 607
985 991
740 654
217 178
5 50
95 5
473 479
178 211
89 95
985 946
479 473
95 89
217 223
261 306
645 729
857 863
773 857
690 735
54 92
345 351
645 735
217 223
901 946
901 943
863 779
89 95
517 607
562 607
178 223
473 466
863 857
434 473
345 298
306 264
729 735
351 261
133 251
95 89
50 89
261 363
985 991
517 580
645 687
857 863
729 735
735 729
645 729
735 690
217 156
217 223
479 473
985 991
479 389
991 985
89 95
345 351
223 178
50 95
729 735
645 690
89 50
729 735
473 479
50 95
645 735
95 50
690 729
479 389
901 991
575 632
946 985
729 690
50 95
985 991
645 729
729 735
89 95
223 217
434 479
985 946
985 1005
483 441
223 133
857 818
178 221
217 223
901 985
863 857
178 148
735 645
729 735
517 607
601 607
946 985
89 95
645 735
345 351
95 14
857 827
351 348
985 901
223 217
729 735
607 601
133 217
351 261
95 5
607 601
50 23
595 576
991 985
901 985
946 991
261 306
785 866
601 607
65 99
645 690
517 607
473 389
985 946
857 773
607 601
5 89
345 351
991 901
735 729
729 735
985 997
261 345
473 434
89 50
169 160
389 473
985 991
223 245
773 863
991 985
351 345
857 814
645 735
735 729
690 735
863 857
985 901
773 857
985 991
607 562
473 479
345 261
178 133
261 351
901 991
95 50
946 991
426 465
901 943
690 729
857 863
857 863
89 95
473 479
389 473
735 729
351 261
517 562
351 345
389 434
729 650
41 114
773 863
660 648
306 351
223 217
479 434
351 345
864 866
345 351
479 389
517 601
306 303
479 473
863 857
818 863
735 645
223 217
601 607
607 517
985 991
582 571
863 857
473 398
223 217
133 178
729 723
517 559
601 607
261 351
389 473
735 690
818 863
389 479
434 480
847 851
985 991
601 607
473 459
133 178
773 818
345 261
89 78
857 818
645 735
479 434
729 645
5 20
729 690
217 133
985 946
345 261
89 95
345 306
306 351
217 167
818 863
773 845
148 136
985 991
345 306
133 189
479 389
473 479
351 345
473 434
389 479
223 133
901 991
434 479
735 690
946 970
857 863
42 51
95 89
133 223
645 735
562 607
946 957
985 1013
95 89
217 223
729 735
95 89
863 773
261 357
607 601
217 223
773 863
217 223
351 274
857 863
473 479
562 607
223 217
562 601
89 5
479 473
434 414
223 217
133 208
223 217
863 831
607 517
857 773
601 607
351 345
473 479
729 735
95 5
178 133
95 89
192 211
50 43
345 306
818 857
434 479
991 910
562 517
773 857
447 426
517 607
50 5
690 729
735 729
601 517
226 178
645 658
306 345
857 778
345 351
946 991
261 306
479 473
611 596
89 95
89 95
607 601
991 985
178 133
306 351
389 479
217 133
217 133
985 901
351 345
694 719
601 562
306 286
601 607
960 929
690 735
863 857
985 901
901 991
223 133
562 607
473 434
89 95
857 773
351 345
985 991
345 351
773 818
351 261
306 319
735 729
351 306
601 607
857 773
645 690
985 991
217 178
562 517
735 640
985 946
217 223
901 991
893 831
517 601
89 5
306 261
223 133
217 133
901 991
473 389
389 479
133 217
985 991
351 303
562 607
607 517
95 89
991 946
50 95
95 50
863 773
178 242
901 946
306 284
690 735
991 896
223 133
991 985
217 178
517 607
991 946
5 99
645 735
517 607
857 818
351 345
297 324
95 89
735 690
607 526
773 863
345 351
735 729
690 645
479 473
261 306
473 479
818 887
479 398
50 83
601 607
607 601
773 863
857 863
735 729
178 223
901 985
818 863
863 818
818 857
351 306
735 729
991 985
735 756
345 306
217 223
133 223
133 217
223 151
89 5
601 607
991 985
298 307
735 690
457 389
729 735
601 607
773 818
857 863
985 991
89 50
901 991
351 279
261 329
985 991
773 818
863 791
985 991
473 479
351 279
217 223
389 478
345 261
562 607
517 607
5 95
773 818
217 220
901 946
601 607
729 645
100 54
306 312
473 479
729 735
729 735
991 946
178 223
223 217
601 607
133 143
601 517
473 479
223 217
480 455
473 434
223 217
607 601
178 223
562 517
517 535
818 863
645 735
863 857
306 351
985 946
473 479
89 5
985 946
389 473
946 991
991 898
818 857
95 89
351 345
473 479
857 818
735 729
345 351
773 818
473 479
735 654
735 645
217 235
601 607
434 473
591 608
95 5
473 400
601 597
690 735
857 818
857 863
273 258
863 857
857 863
50 95
601 562
690 729
773 822
434 479
562 517
729 735
89 50
946 991
985 991
735 645
735 645
729 735
562 601
857 816
89 30
773 857
517 607
773 818
773 818
89 95
133 217
223 133
645 729
178 145
345 351
517 562
607 601
63 42
991 985
389 434
223 178
607 601
991 901
991 985
601 607
991 985
729 710
517 607
901 991
857 818
306 345
473 479
133 217
389 473
901 985
434 479
857 863
863 857
818 810
857 773
517 562
729 735
985 991
89 50
351 261
261 351
223 178
369 330
89 5
345 306
761 703
991 985
351 261
389 479
985 991
946 991
729 735
901 991
95 89
5 95
517 562
217 223
991 1014
735 729
178 223
729 690
975 959
95 5
5 50
517 562
773 818
434 479
133 223
178 223
479 434
562 601
607 562
217 178
75 89
479 473
217 133
985 946
857 863
529 587
601 517
217 133
306 381
249 254
946 901
773 863
818 863
773 818
217 133
5 14
946 961
5 95
261 303
946 901
89 25
735 729
553 580
901 946
389 473
95 79
517 562
690 729
337 356
389 434
783 851
223 217
729 690
1021 969
345 351
863 857
857 863
133 237
95 5
773 863
773 841
345 351
645 735
901 991
985 991
95 89
863 772
562 607
690 735
901 985
95 89
857 773
735 723
261 345
5 50
389 479
645 735
985 991
345 351
818 863
217 225
133 217
645 690
729 735
345 261
178 223
15 83
630 577
261 345
434 389
601 562
473 479
351 306
133 223
217 223
735 729
5 95
5 89
729 690
996 1015
607 601
991 946
41 43
345 351
434 479
562 607
473 434
645 735
479 473
607 595
351 381
345 306
95 50
818 863
946 971
901 969
863 857
985 991
818 857
991 946
479 398
886 879
473 389
946 991
690 735
645 735
985 991
89 95
95 89
517 571
223 217
95 14
179 242
601 627
818 863
479 434
306 351
95 89
217 223
473 389
729 735
601 607
479 473
601 607
89 94
479 434
440 389
857 818
217 180
946 985
517 607
535 607
387 434
863 857
991 946
479 473
608 634
89 50
217 164
434 479
223 133
991 985
392 478
562 607
863 857
532 576
473 479
863 818
773 857
95 17
276 264
607 562
217 229
89 95
857 780
857 863
818 863
246 170
645 690
863 818
89 123
434 479
729 735
690 735
442 467
773 863
223 217
89 95
217 223
5 89
818 773
818 863
217 133
351 303
351 345
857 863
607 583
389 489
351 345
562 518
729 735
497 442
95 89
434 490
118 65
223 133
607 535
50 60
857 863
217 133
223 217
306 261
473 434
517 607
261 345
773 818
783 851
133 178
863 773
985 901
418 495
857 773
601 562
773 863
133 223
223 217
479 389
217 223
351 279
857 863
448 391
601 607
50 89
345 351
89 95
261 351
89 95
857 863
473 434
223 178
351 345
50 54
5 95
217 133
857 818
991 985
133 223
178 133
223 217
863 857
63 79
351 332
5 89
434 398
473 434
89 95
473 479
985 946
217 243
946 998
946 991
89 95
857 818
95 50
95 5
217 223
818 863
607 517
991 946
818 863
306 351
389 457
5 34
601 607
133 178
857 818
306 345
434 389
601 548
857 870
901 991
5 50
306 345
217 178
729 735
5 76
89 5
601 607
50 89
863 857
691 703
389 479
89 95
345 351
345 351
985 991
901 935
901 946
351 345
863 773
562 607
818 816
985 1008
178 138
773 818
773 863
389 473
645 690
95 50
735 729
434 389
217 178
89 57
89 95
857 818
434 479
562 601
601 517
991 901
479 473
306 345
901 991
991 919
217 133
735 729
946 991
50 89
89 95
729 735
389 479
95 89
223 217
306 298
178 211
601 517
89 117
351 345
818 863
729 690
483 479
434 392
985 946
345 351
223 217
690 729
901 946
645 729
946 1012
133 217
863 818
645 735
517 601
217 184
857 773
562 517
901 985
351 261
729 690
645 690
261 345
389 473
223 133
389 479
217 223
735 663
562 607
857 863
863 851
607 604
946 985
729 735
735 690
746 710
434 479
562 594
479 434
607 562
517 607
133 201
473 479
729 735
89 50
735 645
473 389
857 863
729 739
517 607
562 607
818 863
735 729
178 223
217 223
217 223
261 351
95 89
562 587
223 217
5 95
261 320
857 863
517 562
345 351
887 891
351 345
645 735
345 351
261 274
729 735
306 351
345 351
532 520
818 857
682 691
223 220
351 345
479 389
773 857
562 554
5 89
479 473
517 562
473 389
99 75
857 863
217 223
178 133
473 389
50 5
683 705
729 735
857 863
223 235
1021 991
351 345
95 89
645 729
985 946
223 178
517 607
863 857
479 434
434 494
607 562
735 729
306 351
351 306
985 946
261 345
601 541
818 863
271 290
261 345
50 95
389 479
5 89
223 133
985 946
473 479
985 896
473 434
645 713
133 223
690 679
473 479
95 5
601 554
863 818
223 138
125 80
517 562
223 217
473 479
991 946
89 95
261 345
735 729
434 479
133 223
479 473
261 351
95 89
773 863
261 321
261 351
901 991
479 389
985 991
473 434
50 89
473 434
479 407
351 345
228 247
89 50
517 637
217 223
434 479
517 601
863 891
729 735
893 877
985 991
389 507
607 601
601 517
773 857
818 863
857 863
985 946
863 857
473 434
89 122
690 735
479 434
735 729
991 985
601 517
735 729
901 946
690 735
223 178
133 201
89 116
95 89
63 120
601 544
345 306
351 345
985 991
351 306
307 300
607 517
735 690
261 351
735 690
5 95
306 351
818 884
107 13
690 717
473 479
351 261
985 946
178 133
5 50
985 991
217 223
133 223
51 55
729 735
517 624
95 50
345 351
178 223
351 261
857 818
473 396
857 886
95 89
601 562
434 389
223 217
660 704
607 601
517 562
773 818
901 910
217 223
857 863
473 479
863 773
95 89
178 223
985 991
89 95
223 217
217 178
517 607
261 306
991 985
863 857
607 517
901 991
517 562
217 178
473 434
645 690
517 585
810 866
901 991
228 247
217 223
735 729
645 729
901 985
217 223
223 217
50 5
178 223
901 946
562 531
690 735
601 607
607 596
345 351
818 773
735 690
95 50
389 452
217 178
89 95
991 985
985 991
735 729
217 175
133 223
89 95
223 133
345 351
735 663
607 562
818 857
479 473
735 690
735 660
857 790
601 607
473 389
601 607
607 562
96 125
991 919
645 767
985 1014
818 773
601 517
345 335
863 782
857 773
473 389
89 95
389 479
901 991
991 946
261 306
729 690
306 351
473 479
863 818
345 351
735 645
351 311
818 773
434 479
601 607
645 729
479 473
345 261
351 345
32 94
946 991
261 297
562 607
601 607
345 351
788 832
607 601
178 223
133 223
389 434
645 735
901 969
601 562
479 473
818 863
133 223
351 261
217 223
857 773
601 607
562 529
5 89
645 719
818 863
645 698
991 901
729 735
351 306
217 223
857 773
276 320
389 479
306 351
517 601
607 562
818 863
735 729
5 95
517 562
310 280
857 863
729 690
985 901
985 901
946 991
191 248
345 351
901 991
261 351
223 217
729 645
389 434
479 407
818 773
517 601
50 89
448 428
473 434
479 473
818 773
345 261
178 199
735 729
345 306
729 735
857 863
729 645
89 95
645 751
857 818
901 991
217 223
735 690
351 345
261 306
351 345
50 91
690 645
691 740
306 276
690 694
911 975
178 223
261 306
562 607
217 133
773 815
5 95
857 863
479 434
389 479
607 535
261 345
991 985
306 351
345 351
473 389
645 729
89 95
50 95
857 818
773 841
729 645
765 710
690 735
857 863
434 479
818 863
985 991
95 50
601 607
223 217
690 735
517 601
95 119
991 985
735 645
223 178
351 306
306 349
991 985
438 497
690 729
946 985
863 796
351 306
5 47
601 562
562 607
479 434
509 489
261 351
217 223
607 517
261 345
690 664
783 802
601 517
345 351
517 601
818 863
217 223
857 863
946 901
901 985
822 791
351 345
15 23
95 14
89 95
517 607
178 223
389 479
729 735
985 896
89 95
381 335
857 818
89 95
351 345
389 418
985 958
946 991
517 585
306 351
985 901
389 443
517 562
133 175
690 645
867 812
601 607
729 731
992 1020
637 571
946 901
389 479
729 735
178 248
991 901
178 223
901 946
729 735
133 217
95 115
389 473
434 479
306 351
601 562
901 985
