1024 10000
645 735
434 401
351 261
901 991
729 690
50 95
601 607
473 479
985 991
178 223
307 264
601 562
178 223
863 857
95 50
217 223
223 217
729 690
133 178
434 473
645 729
985 946
217 133
857 863
991 985
345 351
690 735
239 170
345 351
601 562
991 998
607 517
985 901
645 735
217 223
473 389
178 223
178 223
434 389
50 38
601 607
690 645
95 89
95 123
89 95
351 306
985 991
178 223
389 479
645 735
607 601
773 857
95 5
217 223
95 50
729 645
946 991
735 645
995 1014
345 306
50 95
389 473
893 851
601 607
517 607
434 473
645 735
133 178
562 601
345 351
223 178
473 434
601 607
729 735
133 201
729 723
601 517
89 5
95 89
991 955
985 991
991 985
645 690
50 95
253 219
50 95
735 645
818 863
306 351
735 729
729 735
345 351
729 735
351 261
601 607
863 773
217 223
261 351
863 857
425 452
901 991
95 5
765 767
729 690
473 479
133 253
985 946
857 839
306 269
735 729
607 526
89 50
857 773
690 735
223 133
729 735
857 863
601 607
607 517
607 601
434 479
809 777
473 479
434 449
178 223
611 595
89 0
223 217
735 645
178 145
562 515
607 601
991 946
645 702
345 351
773 818
645 729
773 863
863 851
857 784
351 345
217 178
223 217
351 306
5 89
217 223
857 863
5 89
345 351
863 818
991 919
946 985
601 562
223 178
946 985
562 585
261 345
901 991
563 514
864 818
509 463
222 152
473 434
645 690
434 467
607 601
50 89
306 273
863 773
991 946
562 607
261 345
857 890
5 63
351 345
645 690
95 89
142 223
601 607
562 594
345 351
822 818
607 601
901 985
857 863
345 351
645 729
562 517
5 50
95 89
479 473
729 645
473 434
261 351
946 985
389 431
645 735
857 863
729 645
690 729
89 95
339 356
690 735
351 345
473 434
473 434
50 95
660 704
381 351
261 345
351 345
473 479
901 991
818 863
916 904
563 638
863 791
178 223
50 5
479 473
773 863
857 863
601 517
601 562
729 735
345 306
89 95
389 434
178 223
562 543
306 351
5 50
818 863
89 5
729 735
601 607
479 407
517 630
773 778
223 178
50 95
217 223
178 217
223 217
857 863
5 95
901 985
223 217
50 5
306 351
601 607
50 33
601 517
985 991
857 846
607 601
857 863
223 178
389 473
532 576
95 50
985 991
5 95
133 223
690 735
223 133
473 479
217 133
818 863
434 479
306 351
946 991
654 721
729 708
946 991
729 735
562 607
222 248
517 585
857 863
601 607
306 351
223 133
946 991
773 818
5 89
389 434
217 178
178 223
690 735
178 223
601 607
729 735
345 351
901 946
601 562
345 379
345 351
690 645
133 129
690 735
690 735
517 607
95 50
89 50
345 351
223 217
464 425
562 601
473 434
607 562
645 703
5 89
306 330
5 73
553 593
729 735
217 223
946 991
95 5
690 687
991 985
607 601
389 479
389 417
991 946
261 306
773 857
991 985
562 607
89 23
729 735
857 863
89 95
223 178
178 223
455 473
818 863
351 306
261 345
818 863
5 95
517 562
50 95
946 991
217 133
991 901
473 384
50 5
345 306
95 47
345 351
985 991
631 611
89 50
991 959
818 863
773 857
345 351
223 217
5 95
946 991
178 223
857 863
217 223
985 991
991 946
857 843
946 985
351 306
223 217
991 985
1021 966
217 223
261 306
607 526
345 351
607 601
473 434
170 217
95 122
1009 1021
985 900
89 95
607 601
985 979
773 857
985 946
607 562
863 818
950 975
690 729
690 735
729 735
773 857
857 773
818 857
345 261
857 863
773 863
562 530
89 95
735 733
89 95
946 991
5 89
351 261
217 223
89 95
434 479
857 863
841 773
434 473
601 607
995 950
863 818
434 479
320 369
479 398
517 639
95 89
867 808
611 538
5 7
89 30
645 735
217 223
818 857
306 308
133 217
901 934
261 306
601 607
50 95
607 601
863 818
863 839
985 991
307 304
479 473
473 479
306 345
95 93
601 607
525 576
991 985
95 89
345 351
991 901
857 773
735 690
729 645
729 735
645 729
773 863
223 217
473 434
389 473
209 141
857 801
690 729
261 351
479 434
50 14
863 857
773 861
50 89
562 607
217 178
773 863
857 818
95 23
223 178
50 95
729 735
5 89
95 89
607 601
351 345
729 755
985 991
612 526
562 607
554 563
261 306
991 964
601 562
473 479
178 217
223 217
901 975
601 517
95 5
133 217
223 217
223 217
223 217
601 607
562 607
857 863
601 607
857 818
532 576
985 991
991 901
351 345
261 351
89 95
133 178
89 50
607 601
857 863
773 841
863 773
773 818
562 607
133 201
217 178
434 473
223 178
473 479
729 735
901 991
345 351
345 261
223 178
345 261
5 47
473 479
946 1014
95 89
479 434
50 95
985 901
645 735
345 338
760 682
607 601
773 863
95 89
517 607
133 223
5 58
863 857
473 389
217 223
306 273
5 50
562 564
133 220
261 268
901 985
133 223
901 952
5 95
991 1019
95 50
261 351
473 389
389 473
306 351
946 985
863 773
901 946
5 74
345 270
601 607
217 178
89 95
946 991
178 223
351 306
735 729
601 607
337 298
306 261
735 690
345 351
351 381
5 95
389 503
991 946
863 773
946 991
5 95
389 479
729 690
562 559
223 178
178 217
306 351
223 217
526 593
773 784
50 80
89 95
607 588
178 223
946 991
193 141
89 95
607 601
5 50
50 95
5 82
633 567
261 351
729 735
773 863
991 946
863 885
645 729
389 434
517 601
601 562
773 857
901 946
434 473
601 517
601 607
473 434
178 133
991 946
345 351
5 89
690 735
690 735
601 607
389 473
690 735
261 351
857 818
946 901
261 345
735 699
223 151
434 479
479 473
217 223
901 946
857 863
857 818
729 690
862 859
946 1007
601 607
434 473
5 95
345 306
946 901
729 735
857 809
864 818
857 863
601 587
434 389
517 607
696 645
479 434
479 507
217 223
645 735
261 351
389 434
773 863
473 479
517 601
178 133
425 457
645 706
217 178
473 479
133 223
479 434
351 270
657 643
351 345
50 95
306 345
735 690
434 479
261 371
857 863
345 351
397 502
607 517
645 735
690 760
773 857
985 991
389 470
690 750
991 985
306 261
576 598
95 89
562 617
479 473
735 663
94 113
133 217
95 89
901 985
901 991
517 607
729 735
517 607
857 773
389 486
397 491
89 95
389 479
985 946
351 345
217 223
217 178
645 735
217 223
89 95
479 389
857 863
863 831
991 993
217 133
985 980
89 95
345 336
729 645
773 863
479 389
227 235
133 223
946 991
479 473
818 863
607 562
985 901
473 479
601 607
217 223
857 863
985 991
217 223
601 517
729 735
217 223
223 178
261 345
345 351
729 735
901 991
479 473
562 601
985 991
95 89
345 351
901 946
178 238
761 640
735 719
991 901
863 818
448 467
901 991
601 607
479 407
66 95
735 663
562 607
946 985
133 178
735 690
351 345
857 863
5 95
857 818
601 607
901 991
946 985
901 985
735 729
96 83
863 818
729 735
901 991
863 818
95 50
729 735
223 133
562 607
645 729
89 95
562 607
863 857
690 700
133 223
960 979
901 985
991 910
818 827
554 563
5 50
946 985
901 946
611 554
83 106
818 798
345 261
735 729
985 946
645 690
729 645
95 5
434 479
345 371
607 517
946 904
857 863
479 389
735 716
601 613
50 88
217 133
690 645
217 223
5 89
1009 954
773 818
901 946
306 351
479 473
125 70
946 991
729 735
50 5
223 217
991 910
901 946
133 201
601 583
133 217
434 455
607 562
223 145
985 912
607 601
863 818
133 217
822 826
5 89
473 434
95 5
50 95
991 946
863 773
735 729
857 863
89 78
517 601
223 217
389 479
217 133
479 407
773 841
985 896
991 985
351 306
351 306
434 479
351 269
5 95
178 142
434 389
133 223
223 133
297 324
479 473
345 261
946 1006
95 50
863 857
946 997
89 95
261 345
306 351
434 479
985 995
95 50
217 223
562 580
473 479
50 5
89 50
89 95
5 89
133 217
389 434
89 95
901 946
729 690
562 517
217 223
133 217
985 991
690 645
985 901
857 863
857 818
946 991
985 927
601 607
562 607
89 95
345 351
773 863
89 95
89 77
5 95
990 953
735 729
607 601
389 434
351 345
607 562
690 713
50 5
818 773
729 735
223 178
434 479
5 89
690 735
690 729
351 261
857 863
133 223
479 389
5 95
473 455
729 735
601 607
89 5
818 816
607 601
389 479
517 601
217 223
562 532
735 663
946 901
985 991
133 178
607 601
95 50
729 645
735 690
607 562
818 863
133 142
554 623
89 95
562 607
89 95
996 1015
223 178
857 863
5 95
351 345
351 345
645 729
562 607
985 991
985 991
351 345
479 507
690 735
223 217
985 901
607 601
991 901
517 607
261 304
773 815
601 607
517 607
223 133
345 351
479 434
601 607
223 178
857 818
857 818
645 735
690 685
479 434
690 729
857 863
306 351
690 645
863 818
345 261
178 223
690 735
434 410
818 863
434 473
306 351
773 863
473 479
389 479
729 735
95 50
345 341
217 178
735 729
773 863
418 398
991 985
985 1012
562 582
517 601
89 50
479 473
893 866
473 479
601 562
818 785
601 562
50 95
985 991
991 901
863 857
479 473
946 1013
645 735
479 398
601 517
479 473
818 863
95 5
735 729
601 517
50 95
389 473
217 223
1017 937
345 261
562 607
95 70
345 351
95 14
351 261
645 729
729 735
473 479
133 223
985 991
389 483
729 645
89 95
857 818
562 607
306 261
479 473
398 469
607 562
863 798
645 690
690 735
50 89
95 89
759 740
607 562
562 517
773 851
223 178
89 50
868 782
217 169
901 943
389 473
645 729
217 223
857 773
20 8
473 479
473 479
901 985
306 331
389 434
217 223
133 223
690 733
857 863
607 601
946 985
562 517
601 580
690 735
261 345
345 306
857 818
217 223
985 1003
223 217
773 818
735 729
991 985
345 351
89 5
389 434
178 217
985 994
223 217
306 345
729 735
95 23
473 479
479 389
50 89
773 863
562 529
818 863
735 711
261 345
991 985
50 58
729 688
857 818
601 550
517 607
863 782
888 884
690 729
473 389
133 223
729 645
863 857
532 520
113 58
985 991
217 133
842 867
5 89
607 517
306 371
217 223
991 985
601 607
601 607
306 351
306 367
397 465
857 818
729 735
473 479
351 261
863 773
345 261
89 95
729 735
607 526
50 5
946 991
991 910
217 223
729 735
607 601
345 351
351 345
306 261
261 306
95 34
857 791
818 863
89 95
434 479
562 607
217 223
818 863
729 721
562 517
133 217
434 473
645 735
857 818
89 50
690 729
991 946
773 818
473 479
50 95
389 479
857 863
699 703
704 723
223 217
253 209
345 351
773 857
735 645
729 735
50 95
985 991
89 5
562 587
351 345
351 306
89 95
389 440
473 479
601 562
223 166
5 73
729 735
473 479
985 991
818 863
607 562
729 735
710 734
473 469
773 863
261 351
434 479
89 5
601 607
96 73
863 857
473 479
178 223
223 212
818 863
89 95
223 217
133 217
645 735
562 601
735 711
788 832
985 991
133 217
601 621
345 306
306 351
818 863
95 89
434 422
601 607
857 813
735 737
473 479
434 473
50 95
729 735
704 762
473 479
50 95
389 434
735 690
261 340
389 479
479 473
601 607
818 857
857 818
479 389
773 818
389 473
89 95
473 389
818 863
991 985
991 910
351 327
517 601
946 901
473 479
389 473
434 479
217 223
601 542
389 473
991 910
729 735
95 50
89 95
857 773
473 479
607 631
517 562
517 601
345 259
857 818
863 818
991 914
946 985
901 943
857 863
223 178
5 89
133 178
517 562
5 89
864 875
473 389
601 607
473 479
95 50
345 261
389 434
735 690
5 50
863 857
223 178
261 351
178 217
438 499
729 735
261 351
601 607
645 687
351 345
946 991
991 946
434 389
345 306
645 690
901 985
601 607
223 217
818 863
261 303
217 158
389 479
217 223
985 1007
601 607
95 89
729 645
261 351
607 562
991 906
601 607
434 389
89 5
645 735
601 607
576 597
735 729
991 901
946 990
818 863
729 735
473 479
690 729
690 735
863 857
351 261
985 901
306 351
735 645
223 142
946 985
991 985
562 601
351 306
645 735
901 991
261 351
818 863
351 306
864 822
773 857
89 50
473 479
261 351
404 392
50 98
89 95
473 434
217 133
857 863
946 991
345 261
601 562
178 223
95 50
601 607
891 773
95 89
473 479
479 388
607 517
946 991
473 479
857 863
306 351
991 985
863 818
985 991
735 690
223 142
735 645
95 89
735 729
517 554
178 175
345 351
5 89
306 345
562 517
473 434
217 193
990 996
473 389
217 223
217 178
473 479
479 407
217 178
818 773
721 682
89 95
818 877
645 643
389 457
857 818
818 863
479 473
562 607
89 95
645 735
517 607
306 351
863 791
89 5
991 946
857 863
89 50
345 351
95 89
818 863
389 479
690 735
473 434
351 345
473 389
735 690
217 223
818 773
473 479
857 863
729 690
351 261
202 223
178 223
306 315
562 607
913 904
389 434
133 235
863 857
95 50
298 350
306 345
562 517
991 985
345 351
196 143
773 857
50 95
15 34
863 857
729 735
95 50
690 735
389 479
991 946
178 203
818 863
735 645
863 773
857 836
133 223
89 5
690 735
389 479
89 50
473 479
261 345
985 946
178 255
601 607
307 312
863 773
991 985
517 607
217 223
625 570
434 479
217 178
857 802
95 89
773 863
306 351
5 50
690 671
178 223
863 857
217 133
178 223
223 217
857 773
735 729
864 856
473 479
473 479
217 178
217 223
991 901
473 389
345 351
89 95
607 601
901 946
517 601
690 735
473 434
601 562
773 839
607 517
479 434
50 5
773 863
473 479
89 95
473 389
729 747
479 434
345 306
473 479
601 562
223 217
601 517
473 479
562 607
89 18
100 119
389 475
765 764
863 857
95 89
991 985
601 607
345 306
735 729
645 690
690 735
389 479
735 729
901 991
389 473
601 607
306 351
89 95
946 991
985 991
50 89
306 345
223 133
729 682
389 392
696 645
562 607
690 735
875 781
946 991
89 95
306 351
306 261
601 562
517 601
133 223
351 306
985 991
133 217
863 818
517 601
690 735
601 607
95 50
901 925
473 434
351 345
223 217
985 991
178 217
682 691
863 850
223 217
50 89
729 735
761 752
690 735
857 863
607 517
690 643
95 89
901 985
217 223
729 690
178 224
217 223
178 221
133 217
562 559
734 708
729 735
473 434
465 426
473 479
50 89
991 985
645 729
985 946
517 607
601 625
991 946
735 724
178 223
64 21
473 479
345 261
991 985
893 852
133 223
5 89
607 562
133 201
261 351
178 223
862 882
517 585
261 320
89 95
473 389
228 142
95 89
434 479
479 434
261 351
306 353
553 591
95 89
857 809
271 290
857 863
863 883
818 863
351 261
345 351
818 863
645 735
345 351
438 439
562 607
217 223
95 50
351 306
863 857
89 3
251 253
50 95
5 95
95 50
690 735
133 223
857 863
517 601
479 434
473 389
479 484
89 95
818 857
473 467
562 607
434 479
735 645
690 729
5 95
5 95
217 178
261 351
991 985
857 773
857 863
601 517
89 5
946 1010
223 217
526 517
991 985
473 479
389 434
901 991
434 479
735 645
178 217
601 607
857 863
306 351
863 818
306 351
964 911
517 607
863 857
217 223
863 782
274 261
729 735
133 223
601 607
729 735
479 473
389 434
223 217
735 690
901 991
857 863
857 773
857 863
562 601
818 857
985 991
985 946
607 562
735 729
217 178
562 517
857 863
423 473
735 690
473 479
946 991
306 261
473 479
434 479
473 479
601 541
694 714
991 985
729 678
773 857
946 991
601 607
479 434
985 946
891 887
261 345
517 562
306 261
946 985
351 314
369 314
217 223
473 479
863 773
607 517
89 95
306 345
345 351
735 645
517 601
857 818
261 345
345 365
690 735
223 217
345 351
729 707
479 473
818 863
818 863
901 946
217 223
5 89
985 901
946 991
991 946
345 261
89 95
996 950
901 946
601 607
985 991
863 782
985 901
645 723
863 818
729 735
473 479
374 307
863 818
991 980
345 351
901 985
89 5
473 479
601 517
601 607
306 351
223 139
857 818
690 645
350 284
345 306
517 607
473 389
739 731
50 95
479 398
5 59
729 735
89 83
133 217
133 223
857 863
735 723
217 223
857 863
223 205
223 178
729 645
473 434
54 15
133 203
223 217
729 688
729 735
690 645
985 901
601 562
332 306
607 562
735 645
735 690
133 217
517 607
345 306
773 810
826 881
607 517
345 261
601 607
89 50
901 991
89 95
351 261
178 248
217 223
735 645
5 125
178 217
351 345
223 133
223 133
562 607
50 95
133 178
133 178
479 434
351 345
261 351
857 863
991 901
217 223
50 5
985 937
818 863
601 607
729 735
517 559
479 473
785 880
901 985
178 223
735 763
89 95
645 690
217 204
473 479
964 911
434 473
389 434
991 985
729 735
217 223
1007 966
729 735
991 946
607 526
517 601
517 587
217 223
607 601
389 434
479 473
601 559
473 479
133 217
863 773
351 306
576 591
601 562
562 601
735 645
946 991
345 351
217 164
601 562
985 946
133 223
133 223
601 562
517 607
985 991
863 857
601 607
442 460
601 607
690 738
89 95
601 562
306 261
89 5
95 50
95 50
345 351
473 479
473 479
916 960
351 345
15 83
960 990
729 735
517 601
991 985
863 818
991 985
261 351
389 473
261 351
89 95
5 95
729 645
645 735
660 648
517 537
434 479
601 607
50 5
985 991
473 389
818 870
89 95
517 607
306 374
50 95
306 345
729 690
50 5
95 50
223 217
223 178
773 863
985 991
434 473
351 345
562 607
169 196
735 729
89 95
985 901
863 818
306 351
467 495
473 479
773 863
783 851
89 95
389 479
645 735
729 735
5 95
901 969
505 443
351 340
95 50
765 676
89 95
645 690
473 479
261 345
607 562
517 607
735 729
178 223
223 133
5 95
351 326
271 352
345 261
479 473
607 601
50 94
345 351
901 991
345 306
721 704
985 952
217 133
389 473
95 23
517 607
818 863
991 946
985 946
818 829
729 735
857 818
351 345
773 863
178 217
89 50
1014 1007
645 729
773 863
562 543
809 836
645 729
473 479
991 901
735 645
601 607
690 735
818 857
148 192
690 729
735 729
601 607
261 306
729 735
601 607
99 17
89 95
261 353
473 414
5 50
729 735
645 690
690 729
351 345
473 479
857 863
607 517
868 887
217 223
773 863
735 729
517 560
89 5
985 901
863 857
991 985
690 729
50 95
351 261
351 345
937 987
345 351
191 207
223 217
345 351
479 478
217 223
178 223
473 479
306 345
607 535
89 95
687 645
735 729
223 133
223 178
729 735
196 169
89 5
607 601
89 95
991 919
735 729
601 607
389 479
901 946
223 133
863 841
809 877
223 133
863 818
735 729
517 607
517 601
473 479
479 437
217 178
857 818
345 300
901 969
473 479
985 991
601 585
307 272
517 601
5 47
345 351
345 351
601 607
223 217
217 178
389 451
946 991
95 89
818 857
946 901
473 479
946 926
601 628
735 762
607 601
389 398
217 223
95 50
735 645
517 562
735 729
223 178
862 781
985 991
517 585
607 526
645 735
473 479
434 479
89 95
729 735
690 666
479 389
863 857
178 223
863 857
946 991
434 389
351 261
765 687
217 178
532 576
178 213
261 345
127 121
645 690
985 991
645 690
389 479
5 95
735 690
735 729
5 50
607 535
645 735
261 351
857 863
217 223
389 473
601 607
985 946
857 863
645 729
473 479
261 351
133 166
345 306
399 467
887 868
89 95
261 351
306 261
857 863
179 228
517 607
735 729
985 991
50 89
517 601
601 607
473 479
351 270
575 608
89 5
133 142
773 863
95 89
863 776
133 217
261 351
691 720
857 863
735 729
389 479
261 319
223 217
593 554
143 162
434 479
991 901
857 865
34 14
261 345
178 223
991 985
863 782
901 991
133 223
95 89
95 89
901 985
223 217
901 946
217 223
89 95
89 50
473 479
398 465
985 991
351 345
773 840
735 645
217 223
729 645
473 479
479 473
389 473
479 389
857 863
517 607
345 351
473 434
735 645
50 95
178 223
863 857
857 863
849 810
89 95
645 735
306 351
810 849
863 818
5 47
690 729
562 573
607 517
601 562
345 351
985 991
607 562
863 773
985 991
645 690
985 991
306 351
735 711
690 729
517 585
901 985
310 263
729 735
773 863
735 729
95 89
351 345
735 729
863 789
985 991
735 690
857 818
178 223
735 729
351 306
910 977
95 89
601 562
20 123
773 863
868 822
818 857
5 89
89 5
50 89
607 562
818 773
601 575
473 479
377 361
50 5
473 479
434 479
562 517
473 468
645 729
306 345
217 223
89 5
517 635
473 479
601 607
735 729
479 389
601 517
910 977
562 601
50 5
607 517
735 683
991 913
729 690
95 89
95 50
95 89
261 351
729 735
517 563
991 946
223 217
863 773
517 607
223 178
223 217
607 517
306 351
735 690
607 562
901 985
601 607
261 351
773 782
479 473
818 863
985 991
5 89
517 607
50 5
133 223
223 133
217 133
223 178
729 735
607 601
818 773
863 818
991 901
901 1003
562 607
721 682
389 479
735 729
89 5
298 307
607 517
773 857
985 946
729 735
946 989
479 473
729 735
857 863
991 985
306 351
901 985
517 601
863 778
133 223
133 251
351 261
306 351
434 447
818 857
857 815
306 261
946 991
729 735
735 645
50 95
345 351
345 351
5 95
133 178
946 991
133 170
517 607
863 818
178 205
690 729
310 353
178 223
178 223
345 261
773 788
98 95
435 447
345 261
89 76
562 601
562 601
261 351
351 306
601 517
863 775
389 479
351 345
946 991
50 95
261 355
351 345
729 681
735 645
89 5
345 351
990 1006
89 50
625 570
735 645
607 517
473 479
735 690
178 217
985 991
773 863
857 863
479 434
562 607
645 735
351 306
89 95
818 773
901 991
473 479
857 773
773 893
863 857
261 351
434 389
345 306
223 129
473 434
818 863
95 89
50 95
178 217
473 479
735 690
562 517
345 261
729 735
50 95
857 863
995 956
434 477
133 223
479 407
261 351
426 435
991 938
857 863
434 479
818 773
607 601
434 389
217 133
133 175
5 73
178 223
735 654
217 133
306 345
946 991
946 985
351 345
196 143
217 178
517 601
89 95
217 223
729 735
901 991
911 930
901 969
601 562
985 991
50 95
351 306
217 178
345 351
601 607
389 410
676 690
306 298
306 351
729 680
773 857
863 818
96 12
645 690
89 5
735 729
857 863
857 863
645 729
473 398
758 719
901 991
434 414
217 223
985 991
863 773
668 729
261 324
50 89
857 863
223 217
601 607
857 863
607 517
946 997
68 41
863 818
223 217
5 95
473 479
5 95
985 991
985 991
517 601
818 773
960 1000
735 690
261 345
946 991
95 5
345 306
857 818
223 133
351 261
857 863
345 351
729 735
881 826
345 351
50 89
607 601
690 719
562 517
818 857
985 991
89 5
773 818
946 991
50 95
261 351
729 735
607 601
434 479
863 782
89 95
479 473
95 89
857 863
345 351
773 818
261 338
5 89
735 690
633 605
991 985
125 99
5 95
50 95
41 23
223 178
351 345
89 50
479 459
95 5
5 20
217 223
345 351
389 473
217 223
217 223
607 601
351 261
773 863
345 351
50 95
773 833
517 587
345 261
863 857
773 863
607 601
133 178
345 351
434 479
529 533
351 345
306 345
196 143
562 542
645 690
133 217
306 351
345 351
217 188
89 120
517 601
645 729
306 351
645 690
133 223
985 991
517 607
89 5
735 729
473 479
607 601
95 50
991 985
607 517
735 729
601 608
773 818
345 351
729 735
484 503
985 991
5 95
562 530
818 863
217 133
607 515
857 863
473 434
5 95
389 479
95 89
95 89
991 985
191 248
946 958
50 5
217 223
857 863
473 434
89 95
985 991
133 217
863 778
818 857
473 434
389 434
306 261
946 991
89 95
345 306
434 409
133 217
217 223
832 776
249 147
473 479
607 601
389 479
886 810
608 578
735 645
133 210
607 562
612 526
863 791
901 969
133 223
217 146
297 374
729 735
985 943
735 668
89 95
351 345
217 178
51 89
345 351
562 601
389 479
729 645
863 857
645 690
773 801
345 351
479 389
991 946
985 946
345 261
434 473
562 585
217 133
863 773
95 54
690 735
345 306
857 818
985 991
985 991
345 261
5 95
320 272
133 178
901 985
991 985
217 223
576 627
985 901
261 351
125 78
991 985
5 54
261 306
351 306
690 735
991 901
735 729
345 351
223 217
95 14
857 863
217 223
251 247
765 723
389 443
818 857
351 306
89 95
434 473
985 946
863 857
133 178
479 473
261 345
479 473
95 89
50 95
5 95
901 991
562 601
133 217
863 857
991 901
773 841
985 901
351 306
735 645
351 306
345 261
473 389
479 473
946 991
863 818
729 690
601 607
857 863
473 479
901 991
607 517
351 345
306 345
5 50
389 434
389 473
89 95
991 985
818 895
607 517
991 946
601 562
729 645
473 479
875 781
645 729
637 630
89 119
601 607
271 297
479 389
991 901
607 601
735 645
857 863
607 601
479 473
729 735
306 336
351 361
544 586
217 178
217 223
601 517
434 479
517 562
345 351
434 391
985 991
562 607
434 479
832 866
473 389
985 991
389 479
133 223
345 306
773 857
715 753
729 688
389 434
645 690
306 261
985 991
809 882
345 351
473 434
901 985
562 607
576 600
89 95
351 261
5 89
223 217
351 261
991 985
473 479
991 985
473 434
607 517
473 479
729 711
562 601
703 760
5 48
306 263
133 217
818 863
389 473
857 803
947 976
985 991
345 351
95 5
50 95
690 735
479 477
633 568
89 50
479 398
389 385
95 5
901 946
690 735
389 479
601 562
773 815
473 479
863 857
345 306
389 479
479 473
601 607
562 607
133 223
705 719
946 1017
389 479
863 773
562 607
729 735
690 645
690 735
562 571
607 562
645 650
473 479
345 306
473 389
351 261
345 286
985 991
133 217
133 178
217 223
601 607
735 645
773 818
133 223
217 223
89 95
399 467
857 818
991 985
607 559
479 389
351 261
946 985
389 479
178 223
473 479
89 95
306 351
645 735
562 601
857 818
901 991
223 217
434 479
351 261
517 601
946 991
576 637
562 601
178 223
607 517
217 223
735 729
517 562
857 863
148 192
960 1023
913 976
261 351
5 89
946 991
562 517
288 351
857 818
95 50
901 991
217 222
857 798
985 991
25 74
901 985
473 479
345 351
773 863
50 95
125 59
966 901
351 345
818 863
985 901
68 41
773 863
857 773
95 89
217 223
863 818
735 690
985 946
729 735
735 729
729 735
306 351
89 50
479 389
473 479
351 270
562 607
261 351
985 991
517 601
863 843
729 645
223 250
50 89
223 178
306 351
479 389
479 473
857 863
223 178
985 991
863 818
178 133
729 735
133 178
782 863
985 1014
946 985
517 607
690 735
217 223
729 645
425 399
517 607
89 95
580 527
310 362
345 353
5 118
434 401
95 50
5 50
863 851
306 351
89 95
729 735
645 729
5 50
473 479
5 95
901 985
95 89
645 735
351 345
607 562
241 186
178 223
95 5
389 473
517 601
831 810
818 863
434 479
601 607
434 473
217 133
991 985
217 223
217 223
985 991
426 435
601 607
729 703
690 645
946 901
901 946
645 735
985 991
773 863
857 863
142 209
50 95
946 985
729 724
133 217
95 50
690 729
95 23
298 307
785 776
606 518
985 991
345 351
479 473
345 351
901 991
818 863
89 95
473 434
562 633
562 560
607 601
857 818
345 351
345 351
95 5
946 991
479 434
5 89
946 991
217 250
601 607
5 95
863 857
991 946
901 946
133 223
389 473
306 345
601 562
773 863
729 645
705 696
857 818
479 434
479 407
345 351
773 863
133 223
601 607
473 479
89 50
863 857
479 425
389 434
479 434
857 863
133 223
261 351
479 473
654 721
682 714
217 133
95 23
735 645
50 95
178 223
818 863
20 121
473 479
773 818
818 863
223 217
345 351
479 473
223 133
306 261
345 351
473 434
704 664
991 901
735 729
479 434
89 95
857 818
864 789
223 133
223 133
425 393
479 473
729 735
857 773
261 373
991 901
473 479
473 389
985 991
99 82
991 946
607 601
601 548
818 863
68 14
473 389
479 473
991 985
857 863
89 95
89 95
352 279
607 517
857 863
690 735
389 473
306 351
857 878
389 493
773 863
169 246
379 375
5 95
178 223
398 465
345 270
818 773
351 306
223 178
857 863
95 71
625 570
351 306
607 601
223 217
946 991
217 223
223 178
773 857
517 535
89 95
306 261
119 96
479 389
991 901
946 991
946 991
729 735
562 607
389 434
351 345
517 585
690 735
479 473
773 886
306 261
735 645
735 729
345 351
182 217
261 351
690 645
985 991
985 991
5 95
607 601
5 95
729 645
434 479
223 217
601 607
479 486
261 351
133 217
95 5
959 1016
601 607
217 223
857 863
985 946
901 991
901 985
133 211
562 607
50 5
223 133
773 863
601 607
306 261
217 223
562 607
351 306
546 623
601 562
773 857
690 735
735 729
601 607
857 863
863 857
479 473
562 607
601 607
479 473
601 607
306 351
261 345
690 729
50 70
836 783
434 479
607 601
857 773
875 781
690 645
773 818
863 857
735 729
773 863
389 479
562 536
645 713
690 735
562 614
735 729
50 95
261 345
729 678
818 863
985 904
601 607
985 991
351 306
735 645
133 223
729 645
985 901
857 863
223 217
89 5
306 351
736 755
562 559
690 645
863 857
735 729
261 351
946 985
991 946
601 607
345 351
863 857
946 991
645 735
901 991
223 217
690 735
818 863
377 312
819 793
857 863
306 301
261 351
576 595
901 991
690 735
217 178
306 351
729 645
857 863
773 863
389 431
985 991
479 389
133 201
773 890
690 733
345 351
985 946
473 434
50 95
50 89
473 479
690 662
562 601
690 670
946 991
217 223
729 735
601 607
645 718
901 991
389 435
985 991
100 14
473 479
345 351
133 223
95 89
818 773
389 473
133 223
601 562
178 223
223 133
133 217
89 95
985 991
991 946
95 5
690 735
50 89
479 473
473 479
857 863
143 162
690 735
14 100
473 434
773 863
645 735
729 690
985 998
735 729
601 566
601 562
217 178
735 755
985 946
473 479
479 473
863 818
773 863
345 351
901 991
645 690
857 773
95 89
434 479
125 70
351 306
645 735
601 607
690 735
729 735
857 773
389 473
271 335
601 607
950 994
607 601
89 95
89 95
389 479
991 985
985 946
306 351
729 690
50 95
473 479
991 946
690 735
235 141
773 857
690 744
529 626
261 345
690 741
893 883
682 721
901 946
773 863
196 143
223 142
473 479
761 685
434 402
729 735
389 434
89 95
89 95
991 985
729 735
389 434
133 234
5 89
351 338
473 479
377 333
729 735
337 298
985 991
857 869
901 991
479 473
601 607
133 201
479 389
89 5
345 261
729 735
479 389
729 690
389 473
133 128
479 473
773 863
306 301
223 178
946 991
95 89
991 946
729 690
645 699
95 5
217 223
886 879
517 594
985 946
773 818
89 95
991 946
607 517
261 306
473 434
473 416
473 389
946 991
178 217
95 5
992 1020
306 286
517 607
637 513
607 526
473 431
351 373
773 857
89 5
601 562
223 133
517 601
261 306
217 223
729 645
473 479
5 95
261 351
985 991
217 178
863 857
833 821
690 735
517 601
729 735
479 434
601 562
95 89
473 479
133 217
178 223
729 735
95 119
857 863
991 985
133 223
735 663
773 841
351 345
473 462
133 178
351 345
991 985
601 607
783 802
479 434
345 351
345 306
985 991
223 133
133 178
223 133
64 47
991 946
735 690
41 68
901 969
691 657
562 607
89 95
351 306
517 607
217 223
133 223
89 95
223 178
857 863
89 50
99 38
818 863
50 24
484 467
729 645
42 51
601 517
607 561
985 991
345 351
863 857
991 985
95 89
857 863
863 773
857 863
389 434
690 735
985 991
985 991
991 946
607 601
517 607
735 729
351 345
729 735
479 473
991 985
607 601
857 863
553 527
690 735
607 601
223 217
345 351
434 416
773 857
857 773
448 481
50 95
217 178
985 991
946 985
601 607
601 607
690 735
217 133
261 351
351 345
89 95
995 951
996 910
857 863
901 991
178 254
148 192
645 735
345 351
89 50
985 991
306 351
223 217
95 50
5 50
991 901
473 434
345 351
818 857
645 735
95 50
690 762
729 735
389 473
479 434
991 946
601 607
261 345
223 178
729 690
729 735
991 985
345 351
479 434
389 434
985 991
261 345
5 89
345 306
50 89
50 95
818 886
473 479
345 306
178 223
645 735
5 111
95 43
607 517
223 217
434 473
607 601
389 434
901 946
473 479
735 690
351 279
601 607
223 182
562 601
133 178
217 178
863 796
601 517
345 319
818 863
991 985
95 50
89 5
773 863
95 23
773 831
985 991
178 223
601 607
562 607
434 479
607 517
479 434
729 690
947 953
306 351
479 398
991 985
5 67
133 201
901 985
345 351
601 517
217 223
729 753
89 50
223 217
133 223
306 351
217 150
169 143
217 178
345 306
580 527
985 991
735 690
261 306
351 306
306 351
345 351
729 763
690 648
223 178
985 991
223 217
863 842
857 863
479 473
729 690
473 479
261 345
95 89
985 991
178 223
901 1002
50 95
946 991
863 818
217 178
479 473
223 178
690 735
434 449
389 434
601 607
773 818
857 818
223 133
517 562
479 473
133 223
351 345
5 57
991 985
690 645
404 392
217 223
473 434
50 95
479 466
345 351
562 517
832 851
901 991
217 223
601 607
857 773
473 389
148 192
389 479
729 645
50 31
389 479
389 479
985 946
351 261
351 261
479 434
645 716
607 601
916 960
5 73
223 217
607 562
133 217
89 101
345 351
5 42
901 991
223 178
607 601
562 607
562 601
217 223
562 607
217 242
607 601
345 306
773 845
690 711
416 458
50 5
89 78
601 562
50 5
95 89
473 479
562 607
601 517
261 329
729 645
351 261
773 815
479 473
5 89
901 991
306 348
178 133
735 690
735 645
223 178
133 223
217 133
863 857
735 645
14 81
601 607
901 991
857 863
863 857
785 870
434 449
261 351
517 607
690 735
95 50
438 434
345 351
729 690
345 351
89 95
217 223
985 991
479 434
857 863
857 818
773 796
192 225
95 50
479 473
517 607
991 946
351 345
607 517
729 735
959 1016
5 89
467 507
95 5
5 95
434 479
50 89
89 25
369 314
473 389
729 735
607 562
517 601
356 270
946 991
729 690
50 95
345 261
345 306
473 479
783 847
601 517
562 607
601 517
601 607
857 829
223 133
479 434
235 217
345 351
297 289
5 89
261 351
5 116
729 735
345 321
223 178
95 50
863 773
217 178
690 735
863 773
261 351
113 58
345 351
901 985
857 863
690 735
901 991
601 607
473 434
479 473
89 95
473 479
735 729
434 473
601 607
133 223
735 729
985 946
911 930
985 991
32 74
351 306
178 169
306 351
991 985
89 5
690 735
345 351
857 773
89 95
901 985
857 818
89 95
479 473
991 946
690 735
217 223
50 9
217 223
178 223
601 562
729 690
985 901
729 690
89 50
601 607
819 806
601 562
261 351
89 50
178 223
645 735
818 863
607 637
89 95
601 607
473 479
351 279
946 948
916 960
106 98
223 178
901 985
434 389
729 681
715 729
735 729
276 264
473 389
306 351
351 306
863 818
991 985
901 991
473 479
133 217
783 802
389 507
818 863
857 863
345 351
473 434
729 735
863 773
351 261
863 857
735 729
857 863
857 863
261 312
863 865
901 946
351 306
645 690
217 133
133 235
985 991
735 729
608 515
479 473
645 735
946 924
735 729
985 946
345 261
601 607
434 389
580 527
223 217
89 5
479 389
95 89
226 238
991 985
863 818
89 95
203 217
95 50
95 66
690 735
901 985
345 351
179 134
473 479
223 151
857 863
50 89
306 261
217 223
773 818
562 601
345 340
857 878
223 133
89 95
857 773
863 857
985 946
562 546
345 261
735 729
473 389
345 261
607 562
601 517
5 95
857 773
351 345
635 631
261 365
473 479
554 606
473 507
351 306
690 735
985 991
553 535
946 913
991 910
473 434
217 178
729 735
901 991
562 517
89 50
217 223
517 607
217 223
773 863
223 178
991 985
601 607
133 223
735 654
95 89
246 193
479 473
862 799
463 464
389 479
50 95
345 351
253 133
89 95
690 729
705 644
819 810
479 473
1001 985
901 985
133 217
601 607
95 89
562 607
645 690
223 217
111 79
351 270
991 985
660 648
765 671
1021 948
735 690
863 857
479 473
857 863
95 89
389 434
89 95
857 818
133 223
607 601
690 735
345 351
818 797
217 178
985 946
863 832
863 857
351 345
89 95
690 735
5 95
517 601
5 95
901 985
351 261
601 607
95 50
729 735
729 735
857 863
89 95
133 223
785 854
217 181
100 119
863 857
517 601
89 5
985 991
473 479
818 863
901 991
773 863
306 351
690 656
345 351
818 863
479 473
50 5
192 153
345 306
479 434
479 407
89 95
51 8
228 247
773 863
5 95
217 223
217 178
89 95
306 273
351 345
690 680
345 306
818 863
473 434
306 351
901 985
645 729
554 623
863 857
345 351
367 270
89 95
50 95
133 207
690 657
991 946
517 607
310 306
89 95
479 473
217 223
783 847
818 863
985 991
985 966
89 95
479 389
991 946
517 585
946 985
351 345
729 735
89 95
607 517
857 818
946 991
889 788
857 773
95 89
5 95
517 607
985 991
351 261
818 773
223 133
818 773
729 735
863 818
345 351
261 351
946 985
479 434
562 607
5 63
729 735
645 735
601 562
735 654
434 479
5 95
133 178
562 607
389 479
985 940
306 261
901 985
434 479
351 306
261 303
901 991
863 773
985 901
473 389
50 89
735 729
351 339
351 279
729 735
369 314
178 133
690 735
863 857
133 223
601 607
863 857
857 773
729 735
434 389
351 345
51 49
95 89
985 946
991 985
223 133
674 751
473 479
306 351
261 351
89 95
985 991
991 979
735 645
479 473
857 863
991 946
351 345
729 735
729 718
50 95
563 596
473 479
985 991
41 68
89 95
818 857
261 351
601 607
991 985
133 217
601 607
217 133
773 863
985 991
223 133
946 985
729 735
306 351
5 50
831 888
351 274
306 351
5 89
601 562
351 306
818 857
959 929
345 261
562 597
863 773
985 991
690 735
729 690
857 863
729 690
735 729
217 223
857 863
946 991
473 479
1021 994
50 89
479 473
857 863
517 601
517 583
345 351
901 991
601 607
857 863
133 223
389 434
434 479
901 985
54 81
351 349
345 306
473 479
690 735
273 333
607 601
818 863
976 946
735 690
479 473
261 345
345 351
991 946
351 345
1021 963
5 95
985 991
50 95
901 942
345 351
937 1023
223 178
351 279
607 562
991 985
345 351
223 217
857 863
50 89
345 351
434 479
818 773
335 339
991 946
217 223
729 735
901 985
818 852
389 434
729 735
857 863
985 991
729 735
729 735
89 95
351 345
863 825
857 863
261 351
735 690
729 735
271 290
601 562
690 735
735 690
64 73
954 901
901 985
607 526
351 306
857 863
991 901
345 261
901 991
818 785
473 479
773 891
991 985
773 863
985 991
857 863
985 946
729 682
857 863
985 901
946 991
473 479
473 479
351 261
690 656
223 217
601 562
217 223
89 50
95 5
690 735
729 645
178 133
601 562
946 991
261 351
223 169
133 201
345 351
857 820
901 910
89 5
95 5
89 95
217 223
690 735
465 448
479 481
991 985
773 863
562 606
517 607
562 517
306 351
89 50
223 133
901 991
645 729
517 601
985 991
729 735
729 735
345 261
985 991
223 217
5 95
434 479
991 903
857 818
857 773
645 690
991 985
735 729
729 690
818 863
389 434
991 946
345 351
389 431
374 298
434 479
178 217
517 607
178 145
389 479
857 773
345 351
58 113
601 562
479 389
729 690
735 645
991 919
99 55
89 95
517 601
517 583
95 5
729 690
985 991
479 473
645 735
985 901
991 901
217 223
773 875
434 479
473 479
601 562
50 95
479 473
645 729
863 857
735 645
690 735
601 607
178 217
863 782
863 857
818 863
773 818
729 690
517 601
735 645
473 479
306 261
901 913
690 755
351 306
89 50
517 577
857 863
89 40
991 946
306 351
645 690
645 740
562 517
690 735
645 687
645 735
607 590
5 89
306 351
765 723
607 569
351 345
630 554
863 773
946 985
729 735
306 351
217 223
133 201
991 985
473 479
735 729
517 607
479 473
345 261
645 735
89 95
473 479
345 351
89 5
50 93
690 735
79 83
517 562
863 857
857 818
351 264
773 857
991 985
901 985
991 901
857 863
601 517
946 901
729 645
133 223
607 601
473 479
729 735
946 991
473 470
89 95
985 991
178 217
857 818
562 607
946 991
89 95
857 863
991 985
857 863
217 223
601 562
306 351
690 687
223 217
50 89
517 607
863 773
95 89
818 857
863 857
133 248
298 339
607 601
562 607
690 735
612 631
479 473
5 89
351 345
479 473
946 991
863 857
133 178
389 434
625 570
863 773
306 345
345 351
645 735
473 389
645 735
991 985
95 89
479 434
95 14
133 217
306 345
729 735
857 818
217 178
690 735
351 345
517 607
50 5
345 351
601 517
235 141
946 985
50 95
223 178
946 991
42 95
735 645
863 791
223 128
863 847
773 863
80 50
607 630
773 815
735 645
991 985
562 607
863 857
261 306
178 184
818 863
95 89
50 89
985 946
690 645
729 735
5 50
729 688
89 95
857 863
89 92
645 690
773 841
857 863
351 306
345 351
217 178
133 178
261 351
818 863
550 562
50 89
901 969
198 170
95 68
690 735
946 971
818 794
729 690
773 857
682 691
479 473
50 101
645 687
133 223
818 857
773 863
345 306
178 217
479 434
690 729
946 991
351 345
133 223
310 355
473 434
735 729
857 863
690 735
735 645
351 345
562 517
946 991
1017 914
690 645
991 985
473 479
645 735
562 607
985 925
562 607
261 345
178 223
645 729
5 89
217 171
606 534
863 857
434 479
261 351
901 946
818 785
891 791
517 601
607 535
773 863
901 969
645 690
985 991
434 478
562 607
324 271
517 623
223 217
99 119
645 729
946 994
89 5
645 729
217 223
517 601
95 23
645 729
95 50
389 479
991 910
601 562
5 50
645 690
425 459
389 473
901 991
133 223
223 178
517 601
985 991
517 559
133 178
773 818
223 133
306 351
863 857
5 94
50 17
690 735
985 991
601 562
178 217
434 479
5 50
607 601
479 434
479 407
345 260
95 5
50 95
389 479
562 607
306 268
223 178
345 330
345 351
217 223
64 80
217 211
479 473
95 5
95 89
607 601
217 144
863 857
50 95
729 645
991 985
345 351
991 985
690 758
389 479
601 607
773 857
182 186
857 863
607 562
517 601
223 222
857 863
517 562
857 863
985 991
729 735
857 810
217 133
345 261
178 223
562 607
89 95
729 735
863 891
271 335
95 18
946 985
517 601
863 818
690 735
479 461
608 530
690 735
735 690
818 863
306 351
601 562
473 434
345 306
306 351
729 735
607 601
50 95
818 815
991 941
5 47
607 562
5 107
773 867
133 217
946 904
89 95
345 306
607 622
473 479
818 857
261 306
345 351
178 223
251 247
261 345
270 337
901 991
818 863
601 517
863 844
729 735
89 95
857 818
345 261
50 5
95 89
217 133
345 351
345 351
223 178
434 479
773 863
773 857
5 50
351 340
63 120
473 479
857 875
50 89
690 655
863 773
607 517
612 631
991 976
735 645
901 943
968 937
473 479
306 351
601 562
991 985
473 479
306 275
50 89
178 133
863 857
946 985
517 607
831 785
985 901
562 607
479 434
217 223
89 75
345 351
89 5
473 479
946 991
473 389
345 306
306 351
773 818
607 517
217 223
83 111
735 690
5 95
607 517
819 848
729 735
351 345
261 317
473 479
95 50
389 479
818 773
223 133
178 217
607 601
818 773
607 517
857 842
452 399
89 95
735 690
479 467
261 306
389 479
178 133
479 389
517 607
217 223
991 946
480 388
223 178
517 607
306 351
946 985
479 389
473 479
946 991
946 956
351 345
863 857
351 345
217 223
345 351
261 351
985 946
818 857
735 729
95 57
517 562
306 351
901 991
857 818
479 473
991 901
271 290
50 95
863 818
94 49
217 223
345 306
607 562
306 351
607 517
765 738
562 517
351 336
729 735
261 380
261 351
831 810
985 901
735 729
985 991
95 1
863 818
773 841
479 473
89 50
607 517
562 601
773 815
985 946
89 95
306 351
178 158
306 345
178 251
5 50
729 735
874 866
607 601
991 946
434 479
473 479
473 479
735 687
223 217
985 991
729 675
857 818
735 690
857 785
645 735
473 442
89 50
857 863
690 645
901 976
857 818
575 591
223 142
525 619
351 261
735 729
785 832
946 991
473 479
729 690
607 605
991 901
345 336
95 89
946 991
601 517
645 713
89 95
217 133
985 991
434 413
473 479
133 217
901 1015
773 857
901 946
95 89
89 5
901 991
985 901
645 663
306 261
562 517
261 351
857 863
735 690
901 985
297 279
985 901
261 351
729 735
306 351
946 985
261 351
355 336
473 389
601 596
517 607
863 773
89 50
607 601
217 163
351 345
389 459
645 660
645 735
901 946
818 857
434 473
89 95
601 607
601 517
645 690
47 20
946 901
351 261
735 645
818 773
607 601
389 479
991 910
223 178
562 517
306 351
89 95
223 251
5 95
562 517
217 223
607 601
991 985
178 223
434 479
818 863
95 89
223 217
41 23
178 133
178 217
645 735
690 729
773 857
473 479
89 5
601 517
89 95
50 95
89 54
42 51
223 217
306 261
434 479
207 191
95 50
133 207
985 991
818 820
133 178
503 404
473 479
857 800
985 991
223 178
946 991
351 345
857 863
307 298
735 663
261 306
863 773
389 434
389 489
729 735
985 991
763 759
89 95
735 729
517 601
517 554
601 517
607 562
985 946
345 306
351 345
735 729
562 607
178 133
601 562
479 389
351 345
217 223
473 479
345 351
389 473
217 133
527 591
985 991
863 857
473 479
473 479
773 857
389 473
351 345
735 645
735 654
169 196
773 785
735 645
729 645
607 562
517 607
729 645
863 857
5 73
434 479
946 991
473 389
89 95
818 863
735 729
479 384
818 788
345 306
857 818
223 178
223 188
479 389
645 735
50 123
473 479
607 601
261 345
473 479
773 863
261 303
473 479
901 930
217 133
20 64
253 156
601 607
690 735
991 985
50 95
473 435
857 863
562 607
133 223
735 729
89 5
735 690
306 261
985 991
601 562
773 863
645 681
991 1006
5 89
223 217
985 991
517 532
857 863
479 473
857 863
562 517
217 223
473 479
863 857
607 601
517 607
991 985
223 178
729 642
434 479
991 919
901 991
223 217
479 434
473 479
434 389
479 473
479 473
434 479
729 735
389 387
985 946
601 607
985 898
485 473
517 562
473 479
50 95
261 306
473 479
562 601
991 901
857 863
217 223
991 1009
217 133
261 345
818 833
95 5
517 607
479 476
985 991
601 619
95 5
217 223
735 729
517 607
50 95
217 223
306 372
351 345
473 479
517 628
178 129
863 857
434 479
863 857
133 217
857 794
690 735
735 645
773 818
502 397
434 440
910 977
351 345
985 991
734 767
729 645
682 691
261 351
562 517
901 985
217 223
306 304
735 690
991 985
95 89
389 457
735 762
654 735
217 133
351 345
228 142
901 991
601 517
735 690
95 5
517 601
217 223
479 473
773 863
729 735
773 818
690 735
261 345
735 729
351 306
517 607
857 863
89 95
735 663
991 985
863 844
434 473
517 601
89 95
306 351
773 815
473 389
857 818
901 991
863 857
868 887
223 151
133 175
473 434
863 818
729 735
389 434
946 991
729 690
985 953
857 863
991 946
479 473
473 434
351 301
89 95
735 729
773 863
818 773
178 143
916 904
901 985
601 607
729 690
607 535
735 645
991 1020
89 5
735 729
473 479
729 690
818 773
729 759
729 690
345 328
133 223
133 217
89 5
338 345
95 125
434 479
690 735
735 645
345 339
217 223
901 991
946 991
217 223
863 857
517 607
729 645
217 178
306 351
434 473
901 985
148 192
517 607
690 729
863 818
89 1
809 865
735 663
607 601
857 863
863 818
306 351
735 645
50 5
601 607
735 729
261 306
50 95
729 690
42 81
351 345
991 985
562 522
133 178
50 95
863 857
735 682
217 223
434 479
170 179
479 441
306 261
261 372
773 831
735 711
133 217
901 1012
566 595
351 306
5 95
217 223
601 583
178 223
306 269
217 223
773 815
261 351
645 729
434 473
690 749
273 354
89 95
580 527
468 389
607 562
217 133
562 607
133 178
217 223
863 773
261 351
991 946
765 710
223 217
735 734
735 729
729 645
142 209
314 333
946 985
306 285
857 863
735 729
95 89
946 991
479 389
473 484
517 529
5 89
479 389
345 351
306 273
50 95
95 89
607 614
95 89
345 351
345 351
89 95
601 517
5 95
178 223
50 95
607 517
729 735
50 95
20 8
562 607
991 919
857 863
261 351
479 389
601 607
901 946
773 815
133 206
735 645
901 991
857 863
345 351
985 991
735 690
473 479
601 517
729 735
89 95
473 426
133 223
863 773
223 178
601 607
783 851
562 526
223 178
306 351
601 562
351 306
306 345
223 178
818 863
863 819
447 504
735 729
178 133
89 95
351 345
681 736
89 95
95 71
217 223
217 133
946 985
857 879
863 818
553 514
434 478
89 95
985 946
50 94
857 818
345 351
901 985
863 773
297 326
351 261
473 479
345 261
217 223
818 863
645 735
529 552
991 946
607 517
562 607
729 735
985 991
946 991
17 3
434 479
178 146
95 5
5 89
473 479
351 345
228 142
991 901
517 515
729 690
916 904
991 946
133 223
625 570
271 290
645 729
479 389
985 919
223 178
217 237
985 946
901 969
818 869
645 735
306 351
562 601
226 179
217 178
503 404
991 985
351 339
345 351
532 576
601 607
473 479
473 434
517 607
946 991
517 562
818 863
276 351
735 729
985 991
50 95
729 735
5 95
345 351
985 991
607 601
857 773
517 607
223 178
345 351
901 991
660 648
434 479
517 601
601 621
611 571
601 607
473 479
991 901
991 985
562 607
985 991
645 735
281 351
863 857
735 729
562 607
864 862
857 863
217 178
773 863
773 818
818 773
601 607
991 946
89 95
607 562
857 863
735 729
306 261
946 975
478 462
729 690
992 950
1017 1000
95 89
133 178
729 735
773 863
223 178
901 985
306 345
89 50
133 178
729 690
773 845
89 50
735 690
261 257
434 479
690 735
773 818
690 729
690 735
735 729
773 863
261 351
473 479
89 50
607 601
89 95
261 351
95 89
601 607
729 735
223 167
95 89
690 735
517 607
324 297
306 351
95 89
178 223
89 95
857 773
89 95
818 863
345 351
818 863
729 735
479 389
95 89
919 901
89 95
607 562
425 497
901 991
991 946
587 601
985 991
345 306
729 735
822 842
473 479
857 863
473 434
345 306
95 89
857 863
479 434
261 351
785 807
517 607
946 991
985 901
773 818
345 351
857 863
89 50
690 735
273 382
991 901
893 783
607 595
901 985
351 345
729 735
133 223
89 50
703 760
991 946
217 223
261 379
916 960
946 991
389 479
351 306
857 773
351 345
473 434
389 401
5 50
765 691
89 95
985 991
991 919
991 985
645 735
95 89
991 946
721 704
857 773
5 23
434 479
607 601
773 863
217 223
901 946
607 601
389 473
562 601
985 946
886 833
773 818
645 735
50 95
351 306
217 133
178 223
50 89
690 645
517 590
89 95
217 223
133 201
306 356
133 223
946 991
434 479
773 818
345 351
857 773
681 662
450 473
261 345
217 178
991 946
773 818
223 178
645 687
345 351
351 261
690 735
89 95
729 735
773 857
5 50
723 655
497 442
217 223
249 146
857 863
95 50
607 601
773 857
473 434
863 857
306 351
217 178
901 991
89 5
735 654
95 5
863 857
306 351
773 857
729 735
601 607
223 151
223 133
985 991
946 991
601 562
113 58
89 95
985 901
938 947
818 853
607 517
223 217
985 901
20 8
473 389
50 95
223 133
306 303
517 638
773 863
735 645
857 863
261 351
946 991
389 473
517 601
729 734
863 857
345 351
527 546
133 223
345 351
946 991
690 729
607 517
89 95
351 345
217 133
666 729
261 351
345 351
901 991
773 857
434 431
690 663
473 479
473 479
479 435
178 162
607 601
178 217
735 729
351 345
50 95
479 407
645 690
645 690
681 710
89 95
773 818
863 857
50 89
607 601
901 916
217 178
5 81
729 690
607 562
133 142
690 645
991 901
991 901
389 479
612 631
729 735
351 261
735 729
479 407
645 690
517 607
133 175
217 223
473 434
690 747
985 899
985 901
479 389
389 479
473 389
50 5
261 351
517 607
217 178
473 434
991 910
782 849
217 223
95 50
5 57
985 991
217 133
985 906
601 607
690 645
985 991
5 50
50 40
946 991
261 345
946 901
601 562
818 863
133 223
607 517
729 735
5 89
580 527
300 351
150 178
345 351
946 901
901 979
95 89
261 351
751 710
426 495
479 434
217 178
434 473
517 607
261 345
50 89
50 95
857 818
389 479
818 863
479 434
690 735
5 95
345 261
729 690
133 223
217 223
351 345
985 974
5 95
867 887
857 863
351 345
991 985
985 991
607 526
857 863
946 994
223 217
607 562
857 863
857 863
690 715
133 178
729 735
50 5
863 818
818 863
95 120
345 261
517 562
264 261
773 818
607 542
345 261
735 729
690 729
517 562
562 607
261 345
645 690
645 688
735 645
818 885
857 818
505 478
351 306
690 735
223 133
306 351
306 351
178 217
133 223
473 479
857 863
5 89
601 517
601 607
95 89
690 735
857 863
729 690
479 473
818 773
901 946
95 5
735 690
306 351
562 601
863 818
991 985
991 946
857 863
985 946
729 735
223 151
335 261
645 735
985 946
473 434
991 919
690 645
690 729
526 612
95 89
901 946
991 910
133 143
818 863
217 223
735 729
306 351
517 601
345 351
857 863
95 50
773 818
708 655
1003 909
818 863
773 857
857 818
178 214
473 479
261 351
261 345
735 690
729 735
601 554
1015 985
217 178
601 607
818 857
217 223
863 862
89 5
607 601
95 5
863 818
389 434
473 479
217 178
217 175
345 351
857 863
239 170
133 217
434 494
985 991
5 95
991 946
473 389
645 713
95 50
645 735
901 948
217 223
199 217
985 991
473 389
324 271
601 607
601 562
351 261
473 466
818 863
601 607
991 985
818 863
89 50
946 991
95 50
773 818
562 607
178 223
863 818
306 351
351 306
735 729
857 852
50 14
351 345
435 495
148 249
89 50
261 351
729 690
645 729
985 946
96 16
217 223
63 96
306 351
863 857
719 723
729 690
773 863
288 330
345 351
985 991
345 261
223 217
818 893
857 863
50 95
562 607
306 351
857 873
479 462
261 351
517 601
729 735
729 645
434 479
946 991
217 223
191 207
345 306
261 351
946 910
991 901
607 517
345 351
729 735
601 562
50 95
517 607
178 217
351 345
607 535
857 863
351 345
345 261
773 863
133 223
89 50
100 119
473 479
690 729
985 991
89 52
479 473
223 133
224 235
645 687
991 946
345 351
479 389
89 5
773 857
324 270
729 735
89 95
857 818
601 607
133 178
345 306
145 208
5 127
517 607
946 969
863 773
89 5
217 210
645 729
607 601
306 345
351 345
89 95
389 479
345 313
179 191
434 475
960 934
345 351
946 991
645 735
735 645
133 178
601 517
351 345
133 217
995 1008
217 223
601 591
89 5
217 178
607 526
863 773
479 473
351 345
50 95
479 463
148 192
178 223
607 601
857 863
217 223
178 223
96 4
95 89
247 251
479 407
607 601
345 351
434 479
991 1005
607 526
473 437
562 517
708 655
217 223
442 478
473 479
133 223
473 479
178 133
345 351
517 607
178 223
223 178
601 607
857 818
946 985
434 479
991 946
351 345
217 223
729 735
729 735
875 781
133 217
178 133
50 85
133 178
223 217
575 632
121 19
729 735
985 992
562 517
901 985
223 217
178 223
729 735
223 217
694 723
729 670
89 95
217 223
985 946
863 818
473 479
50 95
54 18
95 50
217 178
345 351
95 89
645 690
89 50
95 5
133 217
818 869
946 991
95 48
479 473
601 604
479 473
208 253
946 991
479 389
735 663
345 270
690 735
735 729
345 351
389 479
517 585
306 351
306 358
473 479
985 946
729 690
404 448
607 562
773 863
773 857
217 223
991 985
479 473
479 473
223 217
306 351
901 943
345 286
473 389
562 557
217 223
178 129
473 479
306 261
857 773
434 389
690 701
306 289
601 517
729 735
89 95
223 178
857 773
306 261
985 991
479 473
133 223
991 974
863 818
562 607
345 351
645 729
863 782
735 729
517 601
735 729
601 517
95 5
863 857
985 1023
223 133
601 607
473 434
607 601
857 863
607 535
607 601
95 41
473 434
517 607
735 690
473 434
991 985
479 398
434 479
217 223
863 782
562 607
591 575
351 345
473 479
991 985
223 217
735 645
601 562
50 95
901 991
946 991
479 434
306 351
735 654
645 735
818 851
985 991
261 351
1015 904
178 223
479 439
261 351
345 351
351 256
517 607
209 170
345 351
5 54
178 223
773 857
607 517
20 64
645 735
857 818
645 735
89 50
351 345
562 601
351 261
479 473
389 431
773 863
863 857
729 735
95 89
89 95
473 434
121 67
690 729
50 89
345 261
473 434
133 223
399 467
607 562
389 479
133 217
857 863
601 607
89 50
601 607
601 607
217 133
95 20
473 479
800 857
217 223
985 991
50 89
607 562
473 479
607 517
345 306
645 735
89 5
473 479
729 645
601 607
473 434
389 431
89 95
562 607
946 901
345 351
773 863
351 261
479 389
95 89
601 607
985 991
351 261
178 227
863 857
473 479
735 729
991 946
729 645
133 223
985 991
434 479
857 863
857 772
601 607
133 201
434 479
645 735
133 179
715 729
985 991
674 751
479 434
681 708
178 133
261 351
89 95
351 306
345 351
169 196
729 735
729 735
345 351
351 261
901 985
479 473
345 351
901 985
562 601
178 252
306 261
217 223
178 223
345 351
729 690
901 991
773 863
389 473
562 607
645 690
133 217
1017 918
773 857
473 479
261 264
645 729
822 881
261 351
89 95
223 151
217 223
690 735
50 95
5 89
991 985
89 102
985 991
657 728
142 228
863 818
89 95
729 737
95 50
217 178
517 562
345 351
351 381
363 269
601 607
178 223
857 863
473 479
773 863
89 50
306 351
938 977
223 217
389 473
261 345
434 479
389 479
479 473
562 619
857 863
351 345
782 849
601 517
351 301
133 217
601 607
133 223
985 991
50 95
345 351
178 133
991 910
985 991
479 473
532 576
601 562
345 306
434 479
351 345
985 946
773 863
178 133
217 166
857 863
562 607
729 735
517 607
79 63
735 729
178 223
345 335
479 473
217 164
389 473
645 735
389 473
729 735
946 991
985 991
735 729
735 729
351 345
773 863
178 133
434 479
684 729
946 991
89 95
217 178
178 223
729 690
729 735
863 865
89 95
645 756
89 95
479 398
5 95
223 217
261 345
901 1001
562 601
351 345
901 946
306 351
345 351
645 687
89 95
553 597
729 735
479 473
985 1014
729 735
863 773
946 991
818 863
306 351
863 857
607 517
95 50
223 217
857 863
5 95
479 434
690 735
729 735
113 58
645 713
690 735
351 279
985 991
473 434
863 773
818 892
434 479
473 455
374 298
473 389
473 434
773 815
389 473
735 729
863 857
946 1019
351 345
901 991
601 607
89 95
517 562
89 95
607 601
946 991
306 383
729 682
95 89
473 479
479 473
178 223
479 473
389 479
863 857
729 690
178 240
178 223
946 901
351 345
901 946
95 5
217 223
735 729
50 95
5 50
261 345
178 217
946 991
946 985
89 95
601 607
946 991
729 690
217 223
857 863
223 142
773 863
704 688
645 735
345 351
863 857
479 473
133 178
5 95
133 217
479 442
261 345
178 223
946 901
946 944
133 255
95 5
690 729
223 184
991 985
389 431
261 351
5 73
645 729
985 974
863 773
818 857
5 89
517 562
217 133
863 773
601 607
946 985
517 607
50 115
735 690
773 815
223 178
217 223
345 351
89 95
773 887
916 1009
739 762
607 562
863 818
133 223
729 690
261 306
517 601
601 607
95 5
133 178
985 991
863 892
901 991
645 735
606 596
479 434
389 473
178 223
773 863
223 217
473 389
946 991
133 178
735 690
729 735
261 351
901 1023
306 261
473 479
735 715
607 601
864 800
217 133
607 517
690 735
479 473
991 989
133 223
562 529
690 670
601 517
306 351
607 562
217 223
773 818
89 95
95 89
50 95
5 95
95 50
434 479
50 5
50 20
985 991
217 223
345 351
345 261
562 607
306 261
50 89
389 473
601 607
389 473
89 50
223 217
223 178
50 95
89 95
434 479
223 217
223 133
89 66
473 434
89 95
867 775
345 351
351 345
306 261
645 735
562 607
690 735
389 483
729 645
601 607
351 261
893 861
857 809
89 95
985 991
553 625
991 985
773 863
178 217
735 690
473 479
95 89
223 133
223 133
735 729
645 644
729 735
95 14
729 690
479 473
89 95
857 863
473 434
735 666
863 791
50 89
601 607
901 991
178 223
991 946
217 178
389 479
434 479
901 991
351 345
601 562
50 89
645 735
901 985
100 14
857 863
857 773
345 261
601 517
5 89
261 345
271 339
50 95
735 759
351 345
345 351
607 601
95 89
645 729
601 562
601 607
864 884
479 407
601 562
261 351
607 562
434 479
50 95
729 735
607 517
345 261
517 601
517 607
479 473
773 857
271 290
178 217
657 747
321 309
645 735
857 845
517 601
863 782
351 261
50 95
389 500
479 473
690 645
645 654
601 562
601 607
857 878
95 89
857 863
735 729
389 479
729 763
261 351
217 223
901 946
89 95
351 345
133 178
479 473
517 607
517 607
607 517
351 261
89 50
479 398
735 690
517 607
946 991
601 607
223 178
645 735
178 223
434 473
479 434
95 50
1005 990
50 89
389 434
857 863
729 690
95 89
434 479
479 389
389 479
690 655
89 95
217 133
562 607
645 707
863 773
434 479
901 991
946 985
645 644
223 217
607 601
901 985
901 985
351 345
901 946
607 562
517 559
89 95
735 729
389 473
178 223
345 351
100 119
478 445
985 991
351 261
946 991
217 178
735 645
434 479
217 223
434 473
562 607
89 95
991 1012
735 645
601 607
261 345
389 479
735 729
729 690
682 691
690 735
217 223
434 389
601 607
690 735
458 483
89 68
985 991
50 7
473 479
773 857
985 991
607 601
223 217
473 434
89 50
178 223
50 89
985 946
607 517
690 735
601 607
857 829
857 863
645 729
857 863
133 223
735 690
125 95
985 901
261 345
389 479
118 65
345 351
178 217
857 818
119 20
601 607
50 95
729 735
735 654
351 345
857 891
645 753
479 434
89 50
473 479
690 715
479 473
389 473
89 50
306 345
857 818
5 95
422 479
479 473
660 729
478 467
991 901
95 50
306 261
991 901
95 14
607 517
735 729
133 223
133 223
818 863
95 89
89 5
690 729
363 269
351 345
434 479
5 50
645 735
95 89
608 529
562 601
729 759
946 991
773 857
901 969
89 95
306 309
95 89
178 200
95 93
875 781
946 901
389 434
645 690
50 12
217 223
818 863
729 735
306 339
389 479
517 601
217 223
89 5
601 607
729 735
261 306
937 907
50 5
857 836
479 389
217 212
89 95
306 353
50 89
223 133
601 607
818 847
306 311
863 857
351 345
434 479
473 479
645 735
178 146
562 540
178 223
192 211
901 985
217 223
857 863
729 735
735 729
133 175
50 95
601 607
389 457
50 122
479 389
985 991
473 434
901 976
178 217
729 735
517 601
479 389
261 306
645 690
50 5
601 554
473 457
601 607
735 645
729 735
389 402
425 399
601 607
735 729
350 328
133 223
601 607
5 95
985 991
985 991
735 715
345 351
345 351
473 504
261 351
119 123
735 711
479 473
345 351
729 690
95 50
991 901
479 434
217 223
562 607
473 479
562 607
479 389
517 607
735 645
1017 916
478 454
704 723
223 133
601 607
729 735
601 607
991 985
601 582
217 250
223 217
607 601
690 729
351 261
217 223
145 199
89 5
50 95
223 217
773 818
985 991
306 274
89 10
991 985
735 734
863 857
217 223
863 791
991 901
306 351
113 58
133 166
690 645
601 562
223 217
857 863
217 223
857 863
985 946
857 863
261 345
985 991
389 473
991 985
562 607
863 857
351 306
601 607
985 901
601 562
991 985
857 863
729 735
527 591
473 434
729 735
729 735
517 562
947 976
947 905
735 690
5 95
645 735
562 607
89 95
601 562
50 95
95 89
89 95
729 643
985 991
345 261
473 434
89 50
434 504
217 178
690 735
901 1003
818 863
50 95
690 735
729 735
773 863
601 562
773 863
345 261
773 857
95 89
562 607
607 512
735 729
351 345
217 178
601 607
473 479
223 133
607 601
345 351
345 351
729 645
991 985
261 306
479 473
818 863
517 607
217 223
478 415
946 991
345 261
991 985
985 991
223 217
223 217
773 863
345 351
580 527
389 434
607 562
690 714
773 894
178 207
946 991
297 348
857 863
985 946
562 601
607 562
50 5
637 553
735 729
345 306
901 946
473 479
34 111
351 270
345 351
133 241
729 690
435 394
345 351
271 335
434 473
345 351
133 223
345 351
345 266
864 779
773 818
901 991
50 95
100 119
554 563
89 95
991 985
261 329
50 95
517 607
479 434
133 223
133 223
901 991
479 473
607 601
773 818
735 729
95 89
607 601
517 601
608 529
351 345
863 892
133 178
223 178
517 601
901 946
306 351
773 893
517 607
133 136
901 985
857 863
735 736
351 345
645 690
991 946
479 473
479 473
991 901
985 931
5 50
546 623
261 307
434 480
217 178
223 178
434 401
645 642
5 62
95 50
473 418
985 901
89 50
607 601
351 345
89 30
389 458
645 650
5 95
985 943
89 95
389 479
89 95
178 223
704 759
946 991
133 223
857 773
818 773
479 473
857 849
473 479
901 985
985 991
901 946
5 89
562 607
773 863
607 517
178 223
351 316
95 50
991 946
223 178
735 729
351 306
985 901
95 50
863 884
345 261
601 562
95 89
991 985
178 223
217 133
761 719
261 351
773 857
735 729
985 927
479 473
306 273
434 479
434 479
389 479
389 479
479 473
178 223
389 479
601 517
773 857
223 217
345 351
261 306
645 729
95 89
217 133
690 735
645 687
562 601
517 601
645 735
89 95
345 306
532 576
217 223
442 497
64 83
901 948
729 735
991 985
5 95
217 178
946 901
562 517
857 818
729 735
306 351
601 607
991 946
822 818
473 479
89 95
95 50
95 97
261 303
773 875
690 645
857 818
901 991
735 729
473 479
901 985
178 223
985 991
479 473
607 559
133 223
133 217
389 479
479 434
306 351
125 111
985 946
517 607
223 217
946 985
89 5
946 985
217 223
729 735
773 863
89 95
95 89
50 95
773 863
690 654
562 607
261 351
133 223
901 991
857 773
389 473
863 818
5 89
351 345
863 857
901 991
5 95
773 857
517 607
345 330
985 910
306 351
306 351
863 773
273 336
517 559
434 402
818 863
50 3
773 863
479 389
527 595
96 118
223 133
50 89
735 729
50 95
818 770
747 653
438 477
645 735
645 735
217 223
863 857
217 140
773 863
991 946
351 261
773 832
901 946
919 946
985 991
306 345
178 133
863 857
517 562
633 532
89 5
729 735
607 611
601 607
857 818
95 89
261 351
89 50
133 217
991 985
133 217
562 601
601 517
178 217
389 473
5 81
863 773
991 985
645 687
690 645
89 95
178 223
68 15
1017 989
434 479
178 223
729 645
81 42
729 735
261 345
473 479
517 607
863 818
729 690
95 50
857 818
690 735
261 306
223 178
996 910
473 479
81 64
601 562
607 562
729 735
946 991
223 178
306 261
276 320
991 985
351 345
946 901
345 261
562 607
857 863
306 261
857 863
818 773
645 699
517 568
735 645
178 217
345 334
345 340
818 863
95 89
479 494
729 740
863 782
690 735
306 351
217 133
345 351
607 517
217 223
601 607
729 645
479 473
50 95
735 729
89 5
735 729
645 690
473 434
351 270
985 991
261 345
143 207
50 95
434 479
901 946
857 863
601 607
473 389
601 517
991 946
95 89
89 95
946 991
607 531
345 306
133 221
645 729
95 89
729 645
991 985
729 735
89 68
735 645
351 345
50 95
479 473
773 857
729 645
729 645
818 863
607 601
735 691
863 857
729 735
5 89
473 479
306 345
473 387
729 735
607 601
901 985
345 306
991 941
261 345
261 306
95 5
985 991
863 782
261 329
50 95
59 63
857 863
863 818
729 735
735 729
89 95
985 991
306 351
95 50
517 601
479 473
89 95
985 978
389 479
946 991
389 398
991 975
89 5
345 351
50 89
985 991
473 479
645 735
985 991
223 178
863 857
735 729
645 690
607 562
773 863
276 320
479 389
217 133
89 95
985 991
818 863
89 50
434 505
691 640
985 901
857 818
217 178
991 985
223 133
517 568
306 286
985 991
479 473
473 392
857 818
306 261
100 14
306 351
517 585
50 95
217 223
690 735
54 23
729 690
217 223
133 217
818 863
901 991
729 735
223 217
5 50
729 690
223 133
517 542
991 985
351 345
133 175
607 601
479 473
434 389
217 223
863 807
389 479
601 562
306 351
863 857
517 632
58 8
946 985
223 178
223 217
562 601
729 735
991 946
178 223
434 479
95 89
95 89
223 133
901 985
991 946
473 479
345 261
223 133
562 538
562 607
223 146
729 690
50 95
863 773
223 166
223 178
133 223
863 818
178 223
562 594
89 95
985 1017
217 223
345 351
517 607
178 223
217 223
735 645
991 985
473 389
89 95
479 398
479 434
601 562
473 479
793 874
223 217
5 89
345 306
517 607
601 607
991 901
863 773
735 645
946 901
729 735
306 339
345 351
645 687
217 223
729 735
473 479
601 607
991 901
5 95
729 690
351 339
434 479
991 924
133 201
50 5
50 5
601 607
517 562
473 479
95 93
345 306
857 863
345 351
95 89
345 351
857 863
79 63
773 863
479 407
50 95
345 351
479 434
95 5
179 170
345 351
645 690
473 479
991 946
690 735
946 991
991 985
473 479
729 735
985 946
50 89
95 50
773 827
773 818
601 607
434 479
729 690
479 473
434 479
773 863
985 946
601 607
452 399
224 162
773 815
345 306
735 729
89 5
389 473
345 351
857 863
95 89
306 357
809 836
690 729
911 930
133 201
473 479
223 178
434 473
223 178
985 946
735 729
985 946
607 517
473 434
863 773
729 735
217 133
5 89
517 565
345 351
818 863
479 473
690 654
619 632
351 261
473 479
95 50
434 507
479 434
178 223
607 526
50 16
985 991
690 735
261 345
95 89
351 306
729 735
5 50
690 679
690 724
601 517
991 985
89 95
735 729
996 1015
389 431
529 606
473 434
729 735
645 735
351 261
991 985
345 306
985 991
389 479
261 345
389 434
473 434
985 991
901 931
645 735
863 857
773 863
473 434
345 284
306 345
133 223
857 859
5 50
517 546
562 601
729 735
345 306
773 788
601 517
735 690
562 517
479 434
434 473
901 946
985 946
601 607
607 517
857 818
729 735
818 863
607 531
576 610
857 818
863 877
217 133
261 351
818 863
89 5
345 351
773 866
857 798
601 607
562 517
89 95
297 324
345 351
381 349
985 946
89 95
351 306
270 261
901 926
645 729
818 863
389 479
351 345
645 690
473 479
517 607
345 376
863 773
601 607
133 178
479 389
306 261
351 261
601 562
178 223
398 465
479 473
946 985
479 389
223 133
473 389
355 298
901 991
223 217
517 562
345 365
479 434
857 863
991 901
50 95
89 95
95 50
690 648
517 601
690 735
517 601
479 434
601 517
645 690
824 773
479 473
729 735
473 493
773 863
601 607
95 5
89 95
217 178
607 562
562 607
607 601
89 50
306 351
517 607
335 339
276 264
985 991
863 857
735 729
479 389
350 370
562 625
991 946
434 479
607 601
991 910
901 924
261 345
773 863
306 353
479 473
729 735
729 735
517 601
699 703
351 306
857 863
473 434
991 910
517 596
50 95
223 217
345 351
990 989
517 513
133 178
517 562
601 594
345 351
601 607
735 673
857 863
389 473
857 863
985 901
426 473
133 217
178 133
991 910
473 479
818 782
818 857
607 562
601 607
991 985
991 901
863 818
148 192
473 389
645 690
345 351
306 351
857 768
601 607
773 818
473 479
217 146
479 473
351 345
901 991
857 863
645 729
517 607
601 562
901 991
960 979
690 735
857 818
178 217
89 95
773 815
517 607
5 73
901 991
857 863
473 389
42 51
991 985
607 601
306 261
645 735
960 909
1009 954
389 473
50 95
818 863
607 617
223 178
946 991
306 345
95 50
223 217
660 704
89 95
773 863
985 991
389 473
95 5
345 261
704 723
517 562
729 690
863 818
479 398
517 601
818 863
306 333
991 901
196 143
863 857
89 5
479 473
479 389
901 991
985 901
729 735
434 389
345 261
345 351
729 735
645 735
773 828
607 559
601 607
517 607
517 562
389 479
261 351
479 473
345 306
50 95
607 517
735 729
517 601
901 985
50 89
389 479
985 991
217 223
345 350
89 95
345 351
217 178
863 857
89 78
148 136
217 133
319 335
261 351
89 5
345 351
345 351
729 735
217 178
345 351
729 735
901 973
863 847
426 435
261 351
562 607
133 217
50 5
473 422
5 89
345 351
217 178
985 943
217 223
345 351
773 863
735 690
95 89
901 991
479 473
479 466
133 223
645 735
89 95
5 95
89 95
479 473
901 946
217 178
517 559
734 665
345 306
985 946
95 5
991 910
479 473
95 5
690 653
217 223
857 863
133 181
901 985
345 265
946 985
217 133
901 985
50 5
479 434
773 863
911 930
645 729
217 140
607 601
601 607
473 434
901 946
729 735
89 5
479 434
95 89
690 735
345 261
517 559
601 591
857 863
608 550
434 479
5 50
601 562
729 735
351 303
729 735
377 309
735 645
89 95
901 991
985 991
946 901
223 217
95 89
261 351
601 607
991 946
95 89
913 1021
351 345
985 991
729 735
50 95
729 735
517 607
991 953
985 991
473 389
95 50
818 813
479 473
562 627
345 351
601 562
217 223
773 841
133 178
473 479
50 95
479 473
345 261
857 863
562 607
345 351
389 479
351 345
95 89
50 95
351 306
264 339
5 50
223 133
50 95
434 473
306 351
89 95
223 133
601 562
226 158
991 985
991 985
50 95
389 461
607 601
601 550
479 455
991 919
517 601
773 818
857 791
148 136
306 345
50 5
473 491
645 729
133 178
857 863
946 985
50 95
690 645
985 954
95 5
389 434
607 601
690 729
735 729
345 351
473 479
863 843
729 735
5 89
985 946
50 95
389 479
991 985
223 178
645 690
991 985
991 985
645 735
473 479
261 345
95 89
276 320
351 306
857 863
50 5
991 946
426 495
985 991
946 991
985 946
345 351
645 690
178 136
434 479
985 991
246 170
217 229
729 690
479 398
735 729
298 350
773 857
901 991
389 434
116 5
601 517
389 473
601 607
562 607
735 729
133 217
773 857
729 735
345 306
773 818
95 89
217 191
690 735
306 295
607 562
479 473
991 985
351 338
307 336
773 863
351 345
5 95
645 690
831 888
389 479
607 517
345 351
985 991
985 991
735 663
991 980
773 810
223 217
601 607
217 133
479 407
217 223
89 95
351 345
434 418
991 946
261 345
690 735
217 133
857 863
729 691
133 217
389 473
89 95
901 991
89 95
345 306
857 863
50 95
773 863
178 223
863 857
217 223
991 921
901 919
217 223
729 644
351 345
985 946
857 773
473 479
389 473
863 773
223 142
479 407
562 607
857 818
735 690
351 306
601 607
89 50
261 306
96 23
773 818
217 178
809 783
703 760
261 351
5 95
562 564
607 601
991 946
133 217
857 863
690 645
217 223
857 773
901 985
178 223
178 223
50 95
479 389
607 517
517 619
604 601
857 773
995 909
306 351
601 590
133 223
601 628
351 306
133 175
863 857
50 95
20 64
178 223
645 690
345 351
773 857
761 718
217 223
95 89
601 607
223 178
735 690
50 95
517 607
217 223
50 113
562 607
601 607
473 389
133 223
690 735
306 300
223 217
89 95
473 434
133 145
95 89
351 345
729 735
42 75
345 265
901 991
991 914
434 479
946 991
601 562
901 991
985 991
562 607
434 479
735 729
690 645
946 991
606 578
985 901
773 863
601 607
223 238
857 863
517 601
345 365
562 601
863 857
601 607
479 434
773 863
389 503
601 607
857 827
857 863
89 95
261 351
517 601
607 517
1009 990
217 178
345 261
261 345
352 259
223 217
607 601
223 133
5 89
217 133
690 735
261 327
133 179
89 95
345 351
345 351
911 979
479 389
818 863
345 351
95 89
517 607
601 607
901 991
89 95
729 645
818 863
479 473
601 562
306 351
479 389
901 985
729 735
473 498
607 601
735 645
863 818
601 607
50 47
946 939
735 690
95 89
50 6
863 857
389 473
857 828
607 537
261 351
645 735
306 351
404 392
607 517
901 946
875 781
857 863
352 339
389 434
217 133
735 690
857 863
857 863
901 943
985 991
89 50
886 781
217 178
223 133
465 426
5 89
601 517
729 690
473 479
89 5
991 985
517 629
479 473
50 89
901 946
133 217
389 473
50 95
68 15
645 735
434 408
607 601
913 1015
217 223
954 1009
607 517
345 306
857 863
607 601
607 601
690 645
735 729
607 535
261 296
991 946
217 223
223 217
607 601
985 991
95 50
985 991
5 50
50 5
381 326
479 497
857 773
223 222
50 95
50 20
985 901
991 985
729 671
857 863
729 697
345 351
562 607
818 788
223 217
479 389
473 479
5 95
223 178
217 223
50 95
601 607
735 729
89 95
729 690
479 434
479 473
566 617
434 473
345 339
985 991
863 857
473 479
729 724
473 479
50 5
818 863
765 716
946 985
901 946
960 901
645 721
223 217
351 306
607 517
473 479
818 863
773 815
89 95
946 991
434 454
434 467
306 351
901 943
434 389
217 223
735 729
901 946
345 351
178 223
5 95
601 607
89 5
946 985
50 117
50 89
857 863
351 306
773 857
517 607
645 690
473 479
735 729
217 223
857 818
729 735
735 729
351 345
351 345
601 562
601 607
607 601
601 607
729 645
50 95
773 863
473 479
991 919
64 8
434 473
5 50
729 690
479 434
351 345
223 133
735 690
985 991
729 735
690 645
729 699
857 818
347 355
930 1007
946 991
601 607
95 5
473 479
729 735
389 479
217 223
404 448
351 345
223 217
985 991
517 559
345 351
901 946
95 89
863 857
654 721
863 857
607 601
306 273
645 735
50 95
50 30
857 818
607 517
818 863
253 223
5 73
351 261
217 151
901 946
857 878
562 526
351 270
735 729
735 645
607 635
479 407
271 339
857 818
979 1002
479 407
735 729
773 857
690 735
351 345
50 5
479 473
863 857
351 345
345 351
735 729
729 645
321 348
5 50
607 601
946 901
645 735
991 985
562 628
345 269
261 345
351 261
729 735
901 985
818 857
434 389
863 773
690 735
306 351
601 517
601 517
261 351
818 863
89 95
223 217
473 507
645 735
223 217
818 828
306 273
389 479
991 985
857 863
345 351
473 434
223 151
991 901
517 601
95 89
735 729
479 507
89 50
89 95
170 179
438 414
985 901
95 5
133 217
178 223
345 261
946 901
729 735
434 479
901 985
729 741
217 223
991 985
831 888
261 351
389 418
991 985
345 351
735 645
681 655
217 133
234 223
645 735
645 735
857 863
228 247
345 340
261 351
389 479
178 223
729 735
306 345
306 256
50 43
985 901
946 985
89 95
735 645
217 223
735 690
729 645
1014 938
818 773
148 136
89 5
601 562
223 191
735 690
901 946
601 607
985 991
863 857
601 607
901 991
89 95
601 607
389 473
601 607
946 991
223 178
946 991
95 56
857 773
946 901
847 831
68 14
575 632
473 479
857 773
261 351
562 607
601 517
946 985
89 5
735 729
517 607
389 502
645 690
473 434
901 946
991 985
95 78
645 690
607 562
178 133
345 306
645 735
5 95
223 217
704 734
729 735
50 95
857 818
133 223
946 976
773 857
690 735
434 397
601 607
351 350
306 351
89 5
607 562
913 994
89 95
5 50
389 479
178 217
479 473
217 223
901 969
735 645
857 818
517 562
562 517
345 351
473 479
863 857
434 479
217 223
985 991
607 562
857 863
133 223
223 133
735 729
901 991
773 815
601 517
857 863
306 345
729 735
735 690
607 562
729 735
788 776
645 687
857 863
89 50
901 943
89 50
818 847
809 791
985 991
601 607
773 818
261 351
735 729
306 261
473 479
863 818
901 969
773 857
532 520
985 946
217 223
863 818
95 89
345 351
645 690
985 946
735 729
645 687
50 95
345 351
991 985
517 585
863 818
857 818
217 223
773 818
607 517
479 473
681 653
773 857
729 703
601 607
479 473
261 351
50 17
985 991
607 562
818 857
562 607
223 217
473 479
434 479
223 178
601 607
223 217
306 295
601 607
217 223
223 178
601 512
735 690
690 735
351 345
306 351
946 991
261 345
223 151
517 562
133 178
985 946
261 345
50 95
261 349
633 623
351 270
217 223
50 34
645 690
729 690
857 831
389 479
473 479
345 351
50 49
223 142
729 735
857 863
473 479
946 991
601 607
223 178
223 178
863 818
729 735
178 223
601 607
133 178
169 196
517 607
50 95
479 389
351 345
133 178
133 223
95 89
857 863
89 50
863 834
5 50
5 47
217 223
985 991
217 178
773 891
601 562
192 211
729 735
946 991
89 5
261 303
479 389
690 663
351 261
601 517
818 863
729 735
217 178
913 944
607 517
645 660
223 217
947 959
351 345
985 1014
473 481
985 946
223 217
729 735
645 729
729 682
473 479
991 946
217 223
223 151
946 985
89 95
985 901
479 473
434 473
479 473
946 991
517 607
352 320
645 687
345 351
442 459
89 50
857 773
389 479
217 178
901 991
863 857
729 735
306 351
479 473
735 645
946 985
89 95
389 479
857 863
729 735
479 389
562 607
95 80
89 95
735 670
50 95
351 261
89 95
261 351
735 690
517 607
857 863
729 735
863 818
247 251
223 217
64 44
5 94
261 350
261 345
51 35
991 946
95 89
607 601
95 5
773 863
773 857
818 791
133 223
863 773
562 607
89 5
946 991
562 601
306 351
473 491
217 223
753 698
95 5
517 601
89 95
645 690
645 729
562 601
729 735
857 863
562 607
389 431
392 448
95 55
658 690
758 705
690 735
990 921
991 985
351 306
645 690
473 479
434 389
735 729
479 434
217 178
818 773
773 863
95 89
95 89
517 607
351 306
95 89
985 901
351 345
479 434
178 223
946 991
178 223
735 729
607 601
50 5
729 690
217 178
434 479
901 991
345 351
345 306
985 901
601 517
178 223
863 857
985 991
306 261
818 773
946 972
601 607
133 217
473 434
217 133
351 306
306 351
351 345
178 141
729 735
223 176
178 223
735 654
5 89
863 773
863 857
645 729
479 389
690 735
133 178
818 857
143 162
946 959
946 901
601 607
50 95
818 820
607 601
645 735
89 95
645 729
479 473
473 479
946 985
690 735
95 89
434 479
89 5
473 479
479 473
345 261
517 607
517 607
321 368
404 392
818 889
901 946
517 607
690 735
735 645
351 345
95 89
985 901
562 601
729 690
434 479
773 863
991 919
991 985
217 223
133 223
227 130
95 89
351 261
991 995
351 306
809 802
857 863
517 618
389 479
261 345
389 473
89 95
601 607
178 223
306 351
345 261
690 729
729 735
863 857
351 345
345 351
985 991
389 479
479 422
473 434
735 729
601 607
729 734
708 681
351 306
991 921
901 1019
89 95
473 434
991 985
857 851
562 607
345 351
261 351
329 261
351 306
351 345
473 426
729 735
223 217
95 89
517 562
479 434
607 562
50 95
818 863
863 818
690 645
306 351
863 773
479 434
690 708
434 397
89 100
89 95
434 479
645 690
50 95
50 95
345 351
217 223
261 329
607 562
479 473
89 50
607 562
389 457
645 735
985 991
345 351
818 863
735 690
517 585
261 351
345 351
50 95
991 901
153 234
178 160
479 494
89 102
178 133
607 517
178 217
425 399
607 535
345 306
517 562
473 434
818 863
601 562
217 223
434 479
729 735
178 223
946 985
863 773
611 636
473 479
479 473
434 423
773 788
773 857
5 95
773 863
729 735
601 607
645 642
345 351
601 603
735 729
735 729
89 50
601 607
607 601
223 217
50 89
50 5
601 607
868 887
729 735
773 857
133 223
991 985
517 562
473 479
863 857
261 351
50 89
601 607
562 601
306 351
735 729
143 211
729 645
991 985
729 735
95 5
607 562
735 729
601 607
345 306
89 95
50 17
389 473
690 735
938 947
95 89
946 901
946 901
217 223
863 773
133 201
601 607
363 269
389 479
607 517
306 351
5 50
389 404
576 585
95 50
517 601
985 991
750 645
735 645
818 863
891 887
434 479
681 663
946 991
306 345
985 991
79 54
607 601
434 450
217 223
946 985
985 901
479 473
601 607
306 351
991 946
946 991
761 660
607 601
261 345
351 345
645 691
857 863
729 645
562 607
553 595
690 735
223 217
389 434
261 345
857 863
901 985
729 690
562 592
50 95
351 363
345 327
991 946
857 818
217 223
818 857
306 351
991 946
5 50
735 663
946 985
434 473
562 517
351 345
735 729
473 479
89 95
735 729
946 985
729 735
89 50
351 345
863 818
434 491
857 842
345 261
351 261
773 857
217 223
729 690
5 95
991 946
607 601
178 167
217 133
261 345
345 351
857 863
645 690
946 991
479 473
991 985
889 860
89 5
851 773
607 517
223 217
5 116
608 594
857 863
946 985
261 351
863 857
607 601
306 335
863 773
306 345
818 863
517 607
729 735
857 818
217 223
607 562
946 901
95 23
517 607
249 211
517 607
863 857
89 95
306 322
306 351
857 863
50 95
901 991
863 782
306 351
857 863
351 261
863 857
50 89
735 729
729 690
991 901
562 607
94 126
89 95
517 562
729 735
773 857
729 645
607 517
345 306
479 434
946 991
473 479
517 601
802 773
833 814
306 351
351 345
773 857
351 256
857 863
682 691
946 991
89 95
819 773
729 735
351 306
601 607
479 407
991 946
657 645
1013 990
50 5
691 703
223 217
690 735
946 985
729 735
857 863
961 985
729 735
217 133
223 217
223 133
5 73
863 773
217 223
857 863
607 601
351 306
901 914
133 175
473 479
479 389
735 729
901 946
50 95
562 601
773 863
473 434
345 370
434 389
985 991
223 217
332 345
606 528
991 906
601 562
89 44
5 95
133 223
223 151
991 985
517 562
735 729
125 32
473 479
473 479
635 517
217 223
133 223
89 5
89 5
95 50
645 729
991 946
178 223
601 607
434 479
946 985
729 735
50 95
389 479
345 351
95 93
389 473
857 818
690 645
826 881
901 991
517 559
223 217
601 607
857 818
261 303
773 841
991 1002
607 601
991 946
95 50
729 735
991 985
374 321
991 901
901 985
133 223
562 517
901 991
479 389
479 473
95 5
645 729
89 95
89 50
133 223
448 392
217 178
818 863
729 735
831 864
690 735
991 946
773 818
389 473
985 974
133 246
946 901
818 857
217 223
345 351
901 991
473 389
818 773
736 652
832 781
985 946
863 773
351 345
484 503
729 735
517 607
773 857
607 562
601 607
857 773
473 479
345 351
89 95
946 991
389 504
473 389
170 179
946 991
690 645
5 89
991 919
89 95
991 946
991 946
985 901
89 95
690 734
345 351
901 943
133 223
857 863
217 178
491 397
223 217
434 483
261 351
517 607
517 601
901 991
773 857
389 434
847 822
351 306
223 133
601 517
89 95
690 729
473 479
306 351
217 223
607 517
5 120
562 607
946 992
473 479
729 735
607 517
607 601
217 133
735 645
632 554
261 329
735 744
217 133
985 946
735 690
95 50
607 601
645 729
306 351
607 517
389 479
729 735
911 975
735 729
831 810
985 991
857 863
261 329
735 690
345 261
857 773
991 985
133 223
217 178
389 457
946 944
985 991
517 607
946 991
95 89
729 686
857 863
217 223
735 729
479 473
479 389
517 601
310 332
434 479
991 901
857 773
50 95
985 991
645 690
985 946
223 133
575 608
729 735
223 133
178 133
660 648
479 434
607 601
306 351
50 8
89 95
207 211
991 946
95 76
1014 909
630 525
773 857
137 169
863 857
306 351
985 946
601 607
857 863
223 178
645 729
593 525
857 863
690 729
818 857
89 95
223 217
517 562
261 345
434 473
991 985
601 607
863 818
89 5
217 223
89 95
95 14
217 223
773 816
89 5
818 857
601 562
217 223
690 717
261 303
479 473
223 217
389 464
985 991
857 773
473 458
89 95
119 123
562 607
178 223
8 94
479 407
133 178
479 473
178 230
857 865
985 991
863 773
95 5
729 690
901 946
991 985
690 645
217 223
773 863
89 95
901 991
178 223
729 690
217 223
818 791
306 351
217 178
517 607
479 389
479 434
64 122
217 178
50 5
991 985
937 964
857 771
901 943
645 735
921 1002
562 607
223 178
50 29
517 601
517 607
818 863
473 389
351 306
857 863
645 729
50 5
345 351
