1024 10000
729 645
133 178
946 991
863 857
985 991
178 223
479 473
818 863
690 735
5 73
601 607
985 946
773 818
985 991
479 434
818 863
946 901
351 345
473 479
95 5
261 351
50 95
645 729
223 217
473 398
729 705
729 690
607 562
50 95
517 585
946 987
991 943
729 735
217 223
601 607
178 133
901 991
89 95
863 857
562 607
863 818
818 773
133 178
133 223
893 781
261 351
261 306
735 690
690 729
735 715
306 273
271 335
133 177
178 151
562 607
389 473
95 50
404 448
389 434
50 95
753 698
479 434
729 690
729 735
729 735
607 601
434 479
50 95
178 223
773 863
50 95
991 985
607 627
863 857
857 863
783 847
389 479
63 120
901 946
261 351
5 50
351 270
479 473
89 95
607 535
133 217
863 857
89 95
601 562
217 223
619 525
89 95
217 223
479 389
901 946
473 479
985 991
479 434
991 901
991 946
133 178
660 704
901 985
562 547
345 306
875 810
601 517
645 690
645 735
306 345
5 50
389 457
773 818
50 95
857 773
601 607
33 95
217 223
434 479
479 473
345 351
863 857
857 863
991 985
5 94
985 991
991 901
145 253
607 562
389 434
178 133
95 23
249 217
5 89
5 16
607 628
89 95
562 601
306 351
991 985
223 178
517 607
863 791
645 729
857 818
249 208
351 333
261 351
991 985
991 985
985 901
991 985
95 50
345 306
217 223
217 133
607 601
89 95
50 95
351 306
473 479
217 223
178 223
345 306
991 910
473 479
985 991
601 607
682 660
773 857
345 306
389 473
306 345
773 818
517 562
985 1013
479 439
601 607
690 735
351 345
434 473
601 591
690 729
991 946
863 857
607 517
223 178
345 261
345 261
306 379
729 735
50 89
601 562
133 223
517 562
783 802
351 261
735 690
351 345
345 351
901 991
473 479
819 787
95 5
863 773
223 178
95 25
50 95
434 389
351 345
645 729
351 345
863 857
729 698
217 237
89 5
50 95
473 479
50 95
857 818
735 661
178 223
351 345
863 857
857 863
601 607
389 509
479 389
89 95
601 607
261 282
985 991
773 863
369 314
991 910
50 5
351 259
306 345
89 50
818 789
54 6
863 773
178 222
607 601
473 479
479 473
607 601
607 517
95 50
985 946
517 607
857 863
389 473
601 607
473 434
448 467
901 991
773 863
1014 938
729 690
261 306
434 473
863 857
5 95
886 810
345 351
696 723
434 431
857 863
901 985
857 863
95 97
818 863
389 479
473 479
690 729
601 628
857 818
645 729
529 591
740 759
517 585
735 645
857 863
5 89
960 971
5 73
818 790
345 273
901 946
95 89
345 306
901 985
217 223
95 89
645 690
868 887
562 607
607 601
946 991
479 389
818 863
601 607
773 868
133 178
178 233
645 735
473 434
863 773
690 645
645 687
601 607
217 223
133 178
729 735
288 330
351 279
345 296
178 223
645 690
601 562
345 351
991 946
50 5
863 818
901 991
5 123
351 345
479 473
5 95
991 910
133 217
562 517
434 479
601 607
351 345
434 479
819 836
217 223
279 351
863 818
601 562
223 185
991 946
95 89
95 50
946 991
901 946
95 89
607 601
607 517
645 735
601 607
345 351
434 473
690 735
306 351
473 479
901 985
991 901
729 690
729 690
133 223
178 249
773 863
601 562
5 95
645 735
729 735
50 95
863 857
645 729
389 479
985 964
857 863
479 467
261 351
729 645
694 665
729 735
223 133
434 499
345 261
95 50
607 601
50 95
601 607
473 389
645 729
41 125
901 985
345 261
904 990
818 863
89 95
479 434
703 760
306 351
601 607
985 991
645 735
517 607
562 607
985 991
985 946
50 95
607 601
729 735
735 729
438 480
133 223
178 223
473 479
690 729
857 863
991 1003
607 526
690 647
345 351
991 985
517 601
863 857
729 735
50 112
910 977
249 156
389 434
863 815
95 50
133 193
773 818
351 345
306 351
351 306
735 729
863 773
133 223
223 217
473 389
95 14
985 991
345 273
345 351
645 729
690 735
601 607
217 223
389 500
773 818
691 703
562 603
562 607
857 863
389 479
95 89
479 473
473 506
95 89
345 351
223 217
306 342
182 168
607 517
178 223
217 223
133 217
306 330
473 479
517 607
517 562
938 947
261 340
946 991
473 389
991 985
788 889
223 151
89 95
389 473
89 95
5 89
601 558
818 773
991 985
991 901
563 557
50 95
434 479
645 690
601 607
148 192
261 345
473 479
863 773
517 562
985 991
178 133
729 735
985 991
223 178
473 479
985 991
217 178
901 991
281 330
96 112
479 389
473 479
645 735
729 735
50 5
740 654
50 89
562 607
345 261
863 773
479 506
863 857
95 50
50 21
223 217
345 351
505 394
479 473
818 773
901 991
473 414
479 473
729 735
223 178
562 607
562 607
562 607
607 587
690 729
223 217
89 95
607 562
89 97
788 776
645 735
306 351
473 434
857 863
5 95
473 479
5 119
562 607
607 562
89 95
473 479
1003 947
863 857
729 690
261 345
479 389
729 735
607 562
729 690
223 217
345 360
601 607
562 607
434 443
729 735
178 223
843 857
690 718
773 798
857 863
345 351
788 776
473 499
434 402
991 946
517 569
607 601
607 517
223 133
946 991
351 272
261 351
517 601
345 351
5 95
133 217
133 175
607 601
607 601
818 857
306 351
735 663
991 985
946 901
434 479
517 562
601 607
345 351
517 607
985 991
729 690
690 735
434 479
607 526
991 985
607 601
89 95
729 735
991 959
261 351
831 888
863 782
601 607
479 467
502 426
607 618
306 345
261 316
217 223
517 607
729 735
434 479
857 863
133 151
857 863
729 735
95 50
5 95
637 571
95 89
818 863
473 434
261 303
690 735
991 985
863 857
351 261
645 713
434 491
217 223
5 95
637 584
946 1018
985 946
517 607
389 479
946 901
991 901
473 479
529 632
50 89
306 351
901 985
773 818
729 735
901 946
562 601
306 351
607 517
991 985
5 29
562 607
601 607
735 663
562 601
434 479
601 607
773 863
217 223
223 133
217 223
985 901
473 479
133 223
276 264
223 217
601 607
434 473
562 517
217 133
607 517
833 851
178 217
389 473
345 261
89 5
991 985
345 306
261 374
473 479
690 729
601 607
985 946
601 607
645 735
517 559
473 434
95 5
735 645
729 735
991 985
133 223
563 583
517 601
901 946
169 133
690 647
89 50
345 351
729 735
517 558
89 107
473 434
857 863
473 434
217 223
729 690
345 261
735 645
50 3
133 217
735 729
351 306
601 562
857 863
306 340
479 389
562 541
704 695
223 217
143 207
863 818
863 857
529 592
729 735
818 863
985 991
351 345
223 133
223 217
735 729
857 863
601 607
418 449
217 223
985 901
479 434
316 306
473 479
729 735
389 501
196 142
479 473
261 351
89 95
133 223
916 960
857 863
946 991
729 690
857 863
703 682
610 562
89 95
217 223
473 479
479 398
473 479
434 473
5 95
306 345
169 229
863 857
133 217
735 729
479 389
863 857
729 690
901 991
217 223
473 454
645 690
773 863
217 223
473 479
517 607
601 607
690 735
473 479
735 731
306 374
51 50
901 942
319 352
223 217
517 562
857 818
863 816
863 818
857 863
1014 961
217 223
89 63
217 154
50 95
434 479
901 991
178 217
818 863
946 991
517 601
690 714
178 223
773 863
89 95
863 796
1021 1022
434 479
601 607
473 434
217 223
89 50
607 601
133 223
479 401
89 50
946 901
729 645
818 863
223 178
351 306
991 901
223 217
562 601
818 863
991 985
901 991
115 50
217 223
985 946
345 351
517 568
901 991
479 473
223 178
389 479
601 607
901 991
773 841
345 351
601 607
434 389
306 261
735 690
601 607
351 266
261 322
133 178
985 991
261 351
345 306
729 735
217 223
607 601
607 622
306 261
818 863
773 863
95 45
389 479
517 631
261 351
601 607
306 351
985 991
1017 907
822 860
479 473
760 734
863 773
1019 1015
826 773
729 645
729 735
729 645
261 345
345 351
351 261
991 969
985 1012
729 690
901 985
690 645
89 5
89 95
389 434
729 735
729 735
351 261
351 345
169 194
653 747
89 95
601 607
50 30
655 719
178 223
345 351
729 690
479 473
217 223
50 53
434 479
473 434
985 991
398 479
857 863
133 223
435 440
857 773
645 729
50 95
901 943
991 985
50 33
601 562
261 306
261 306
351 306
991 985
351 306
479 473
473 479
479 473
562 517
992 957
89 95
991 985
985 975
690 703
473 479
773 819
635 595
89 50
345 351
345 351
389 479
217 223
645 729
761 751
735 645
857 863
607 562
729 735
773 857
223 203
857 863
261 345
607 517
223 133
601 607
946 991
773 818
946 902
863 818
901 985
223 217
389 473
607 601
330 356
345 351
991 985
645 690
479 473
178 207
473 479
729 735
995 1001
479 473
645 747
946 991
985 991
345 351
479 473
562 550
217 223
351 306
863 773
863 791
223 133
690 685
345 306
863 857
89 95
442 408
562 607
863 818
601 562
985 901
735 690
901 991
946 991
690 735
261 306
863 857
345 351
51 63
996 910
601 586
473 479
773 841
729 735
735 729
89 95
133 223
690 729
773 818
991 985
261 345
306 351
178 223
351 345
389 479
5 50
473 389
5 56
729 735
729 735
310 288
306 351
607 614
773 778
261 345
89 95
351 345
352 275
389 479
985 1006
473 434
645 729
563 519
863 773
601 517
345 351
223 178
479 473
306 261
991 946
389 479
434 401
133 175
351 345
690 654
133 223
473 479
832 851
50 5
735 729
473 389
773 818
735 729
857 863
389 479
645 690
655 723
351 306
946 901
434 479
838 810
227 244
946 901
178 223
223 217
601 607
607 566
863 857
889 849
479 473
389 473
857 863
946 1021
857 863
145 182
719 713
479 434
5 47
178 133
607 517
703 760
517 546
607 601
901 910
991 901
50 18
601 562
857 863
345 306
241 186
607 562
562 517
611 532
863 791
178 223
601 607
735 690
694 711
901 985
818 815
89 97
217 178
89 97
306 351
345 351
5 95
223 217
517 562
95 5
857 863
607 601
479 434
389 479
217 223
818 863
607 601
5 14
818 881
345 351
261 351
479 473
95 50
89 95
991 901
690 746
473 479
985 991
261 306
217 223
473 432
306 261
50 89
306 345
863 818
95 89
217 178
985 991
729 645
217 250
773 841
601 517
50 5
735 729
133 178
985 991
223 178
217 133
901 991
15 34
901 969
985 991
729 735
863 773
735 690
404 448
479 434
607 601
345 351
89 95
773 863
133 217
857 818
479 398
345 306
351 349
703 719
351 261
5 95
473 434
223 178
217 223
607 601
985 991
479 434
261 351
729 735
95 50
901 985
473 479
517 601
690 645
601 517
985 991
89 95
729 735
991 901
261 306
562 528
133 223
379 261
562 572
690 735
479 434
857 863
773 818
690 735
735 690
389 476
133 217
901 991
607 562
89 47
95 75
773 818
351 345
517 515
133 178
434 479
735 729
729 735
89 50
849 810
345 351
517 587
345 329
351 345
89 95
261 345
985 991
95 97
517 601
729 735
729 735
479 434
729 735
345 351
985 991
345 306
95 5
223 217
351 345
217 178
765 657
306 261
985 991
223 194
223 217
217 223
389 434
562 595
95 89
389 479
601 517
607 601
50 95
729 690
818 863
645 729
95 89
223 217
690 729
345 351
434 479
601 607
901 985
946 991
133 178
261 351
818 773
473 389
985 991
133 223
351 306
593 554
857 818
517 601
473 479
601 607
217 223
133 178
562 607
389 473
351 279
690 735
773 818
729 645
389 479
479 389
95 5
222 191
217 223
473 479
133 178
261 351
857 863
95 14
389 434
345 351
345 351
985 971
809 829
601 607
133 217
950 916
434 389
985 946
306 351
601 607
601 562
95 89
505 404
178 255
306 353
345 306
473 479
133 178
217 223
735 729
985 991
389 434
249 188
99 52
562 607
261 351
5 95
5 95
985 991
473 434
95 89
95 89
5 89
735 729
517 607
857 863
223 217
992 918
773 841
690 735
607 608
857 863
351 345
863 773
818 863
735 729
991 985
89 95
306 256
217 133
863 782
351 345
89 95
601 517
89 95
729 690
601 517
345 306
773 863
223 217
133 223
133 178
345 306
991 901
223 217
261 351
479 473
991 946
831 864
95 14
223 133
607 562
601 607
261 351
863 857
133 178
960 929
50 60
773 818
729 735
562 607
562 554
818 863
50 89
607 601
645 735
133 223
426 479
735 729
345 351
89 92
818 863
306 351
601 535
863 773
729 735
818 773
607 601
601 607
5 50
217 133
607 535
261 306
690 735
863 857
735 645
607 601
991 926
607 517
89 95
133 223
863 818
217 133
279 351
217 133
901 943
217 223
345 306
389 473
863 782
473 479
217 133
133 217
89 5
645 735
690 763
182 209
389 479
857 773
479 389
479 438
89 95
217 133
95 14
434 499
992 980
857 863
473 479
553 575
389 473
645 735
324 271
223 133
729 672
857 863
773 818
857 863
50 89
991 901
133 217
783 802
863 773
351 261
818 863
857 773
690 646
857 863
95 89
729 735
818 893
217 223
178 133
773 847
729 694
901 943
50 95
5 35
517 601
473 434
607 601
223 217
729 644
473 479
434 473
479 389
434 493
645 733
133 175
50 95
863 857
946 991
223 151
719 736
857 863
345 351
389 398
5 95
607 601
863 773
601 607
601 607
425 508
434 479
217 223
351 345
562 517
645 652
389 434
169 133
345 351
773 863
89 95
946 991
729 735
562 607
690 735
351 270
601 607
473 479
991 946
729 735
217 212
479 473
89 95
463 447
690 729
607 526
95 89
473 389
217 223
857 818
991 946
857 863
351 261
863 791
946 991
601 607
133 223
202 211
901 991
178 223
345 261
645 735
735 690
5 89
947 967
223 178
345 351
985 991
133 129
985 991
906 946
389 479
729 690
729 735
95 50
607 601
50 89
345 261
351 345
473 479
601 517
690 735
785 883
881 826
735 690
735 729
89 95
479 473
345 351
562 601
95 89
345 261
788 847
735 729
601 607
893 838
601 607
95 89
479 473
217 223
217 223
95 89
306 324
479 398
901 985
479 473
479 473
645 735
991 946
95 89
991 901
345 306
89 5
946 991
178 133
50 89
857 863
473 479
607 563
306 351
517 559
434 479
5 89
345 298
89 95
601 607
773 863
178 217
607 562
95 10
562 607
946 991
389 473
389 431
985 901
178 223
735 729
95 5
351 306
5 95
857 773
223 217
562 607
773 818
479 473
863 782
434 473
345 306
517 562
479 473
946 991
857 818
351 306
729 690
773 857
217 223
473 479
89 95
901 946
217 223
601 513
690 735
562 607
473 479
991 985
351 261
89 5
5 95
182 211
729 735
5 97
345 306
901 985
479 473
991 985
601 607
857 863
729 735
517 562
306 338
324 297
133 223
857 863
89 50
5 95
473 479
89 95
178 223
223 205
946 991
306 329
50 5
517 607
95 89
306 351
389 479
434 414
690 735
261 351
645 713
735 645
863 773
562 601
434 479
95 25
479 434
345 351
601 517
648 660
89 95
89 95
607 517
991 946
857 818
191 248
863 773
351 345
901 946
351 306
473 479
911 930
351 261
133 217
863 818
89 95
735 690
985 991
89 5
351 279
901 1008
217 223
735 729
818 857
857 863
5 95
434 447
306 345
351 294
601 607
818 773
307 261
170 179
306 351
607 562
345 351
95 50
95 89
690 705
690 654
223 217
991 985
223 178
217 223
735 729
193 254
991 985
473 479
89 95
601 562
217 223
217 223
217 133
607 601
473 479
901 991
735 723
345 324
601 517
857 863
479 434
690 735
857 863
857 863
351 345
89 30
562 607
901 985
818 863
95 50
901 991
729 690
434 479
773 863
645 735
735 729
809 836
95 109
345 351
607 526
773 857
985 946
601 607
893 773
95 89
435 452
473 479
133 217
133 223
89 95
645 690
192 183
389 457
217 223
345 315
517 585
645 729
608 575
832 851
735 729
946 910
729 735
473 389
901 985
261 351
991 985
473 479
89 50
473 434
473 479
228 247
773 857
729 735
306 351
217 191
50 5
857 818
729 735
619 525
41 6
217 223
473 389
389 434
89 95
690 735
434 479
857 863
601 538
857 773
473 479
133 201
857 863
95 89
773 815
95 106
178 223
479 473
473 389
690 735
690 735
838 810
222 128
178 217
857 818
729 735
89 95
761 658
64 53
95 89
690 645
857 818
5 89
690 735
607 601
261 345
89 95
611 595
517 559
133 217
863 857
249 144
857 773
389 479
690 729
345 351
345 306
991 946
991 1018
735 729
389 479
991 985
178 223
217 133
729 645
735 729
857 773
690 735
89 95
729 735
351 261
517 607
473 434
434 423
223 133
241 186
517 586
345 261
577 548
729 735
857 863
345 351
41 23
645 729
223 217
857 863
389 431
857 792
306 351
223 133
223 178
351 353
351 306
863 857
729 700
690 735
857 773
729 735
645 687
95 89
991 976
223 217
223 217
863 791
434 479
863 857
345 261
389 473
818 831
306 351
473 392
901 991
178 133
351 306
946 991
901 985
133 223
448 467
857 773
562 607
178 223
351 345
857 863
223 133
269 363
89 95
690 645
517 607
434 479
857 863
178 223
863 791
217 178
479 473
765 753
601 607
607 517
863 823
95 5
857 863
607 601
601 544
607 517
261 351
351 261
562 607
50 95
607 562
178 247
223 178
991 994
645 735
607 526
50 95
473 479
690 735
607 619
89 95
735 690
133 223
178 247
389 473
729 645
863 857
261 351
223 133
991 985
351 306
607 601
389 465
306 351
857 863
991 985
241 207
306 351
863 818
773 863
735 729
5 14
223 133
562 607
217 223
307 356
434 473
345 261
389 434
595 576
99 50
690 735
735 729
562 607
95 50
89 95
223 217
351 306
50 95
517 601
479 434
735 663
345 264
985 991
901 991
946 901
95 5
863 773
729 735
735 690
261 306
5 54
901 943
217 133
261 351
434 479
5 89
857 773
351 345
389 458
473 479
306 345
690 729
223 178
95 94
473 479
434 401
713 645
217 142
5 50
89 95
857 863
735 690
991 985
601 562
133 221
178 217
773 818
261 345
863 857
89 50
773 863
473 434
345 306
434 479
863 818
133 162
729 735
5 95
863 818
734 726
351 273
735 729
473 479
857 863
223 217
223 217
351 261
345 351
601 517
991 985
690 735
306 345
517 578
479 389
434 479
735 729
985 971
601 607
946 991
735 654
946 985
729 735
517 601
901 985
5 89
351 345
479 389
645 735
5 89
217 223
991 910
863 773
985 991
991 985
863 857
217 223
857 863
735 729
735 729
991 901
178 223
729 735
991 901
773 863
261 303
261 345
178 242
690 671
601 607
901 991
473 389
178 223
881 816
985 946
857 863
818 863
389 402
863 857
473 479
607 562
601 517
223 217
89 50
5 50
818 863
1003 909
223 217
857 778
133 217
345 351
607 601
991 985
434 401
863 857
261 351
946 945
389 479
434 479
517 601
901 953
735 752
351 306
991 985
985 991
217 223
89 95
601 522
946 985
946 1018
708 655
735 645
5 95
95 89
901 991
434 405
345 351
118 65
178 219
50 1
985 990
735 645
517 607
399 418
89 95
857 818
985 946
729 735
985 952
217 223
729 690
264 350
217 178
562 607
735 663
89 95
261 345
50 5
690 729
863 857
729 735
601 607
179 245
389 479
818 844
217 223
178 142
217 223
345 261
863 818
570 517
271 335
992 926
946 991
223 217
729 645
261 345
95 89
95 89
261 345
946 991
497 442
351 261
133 247
607 601
901 991
773 810
735 729
217 133
217 223
946 985
946 991
465 426
479 473
818 845
607 562
526 517
863 791
857 863
389 457
217 223
345 351
473 479
517 607
863 857
857 818
133 178
985 991
991 946
178 223
818 863
345 351
223 151
729 735
863 886
735 645
601 604
89 95
345 306
773 818
133 201
178 217
217 223
223 217
473 434
645 729
434 479
178 223
389 434
95 50
562 607
562 601
901 991
5 95
857 773
857 863
351 306
857 863
217 133
345 351
473 479
217 133
601 607
863 773
901 1006
133 178
389 479
5 95
645 735
442 497
217 178
345 351
473 479
5 95
345 351
95 50
217 175
946 991
985 991
306 358
946 935
217 206
735 663
217 133
901 946
601 607
735 645
351 345
773 851
133 223
479 473
178 223
479 473
857 863
178 223
345 351
306 351
562 607
306 351
964 910
607 517
133 223
473 479
773 857
901 946
601 607
964 910
350 276
133 132
261 351
863 857
863 857
89 71
562 601
363 269
83 89
133 211
345 261
178 223
612 631
637 566
532 520
479 389
607 601
735 690
991 901
985 991
773 857
901 946
601 607
985 991
607 601
690 735
50 95
89 95
735 729
985 991
345 351
901 991
645 690
901 991
50 14
729 735
374 351
351 261
601 607
729 690
991 901
89 95
985 991
178 223
735 714
306 282
89 95
601 517
608 594
857 863
818 773
434 479
479 398
818 773
306 261
89 95
729 649
17 5
178 223
178 133
645 690
946 991
473 479
389 479
985 991
261 351
690 735
434 473
95 5
261 306
517 607
690 645
601 607
377 268
95 5
960 910
217 133
562 601
863 818
261 351
645 670
991 985
562 517
863 773
736 761
473 479
479 473
517 607
473 479
818 863
5 89
553 580
729 735
985 991
479 473
217 178
95 89
345 351
345 306
607 568
261 329
434 489
562 517
133 178
345 261
345 351
89 50
178 223
645 735
345 351
389 473
857 863
562 607
217 133
645 687
729 719
991 985
517 607
223 211
601 517
601 607
773 818
773 857
223 151
645 687
946 991
818 863
345 351
50 89
773 841
217 223
863 857
89 95
690 735
601 517
857 863
863 773
5 117
5 89
765 691
217 223
89 45
985 991
601 562
89 95
473 434
946 910
375 355
473 394
562 522
517 607
857 863
95 89
473 479
345 351
223 217
601 607
991 946
389 507
217 196
645 690
851 879
473 434
773 863
735 729
306 351
223 133
178 223
645 729
857 818
178 217
729 690
50 95
5 50
306 321
479 401
253 211
645 735
306 345
729 735
645 735
89 95
601 562
901 959
857 773
345 261
261 351
89 74
773 824
306 351
645 735
985 991
217 223
306 351
645 729
690 729
261 351
5 95
773 863
345 351
946 991
863 857
5 50
479 473
735 729
857 863
95 84
946 985
178 223
261 351
985 991
863 818
729 645
14 81
857 833
946 991
351 345
866 869
223 217
607 562
351 345
729 690
773 818
729 735
217 223
818 863
351 261
261 351
946 991
89 95
857 818
178 223
991 985
863 857
345 351
690 749
345 351
985 991
985 901
773 818
89 95
246 193
345 351
857 863
473 479
345 351
729 735
95 89
89 95
562 540
434 389
735 729
645 719
223 133
703 736
261 306
563 600
95 50
985 991
985 991
479 434
479 434
985 991
95 89
5 73
901 946
818 811
434 479
345 278
690 735
345 306
50 95
575 554
857 863
306 261
729 735
857 771
991 985
985 991
89 95
991 919
178 223
306 261
601 607
217 133
381 333
991 985
473 434
50 89
729 735
261 345
863 857
345 261
735 729
95 50
729 735
50 5
645 729
223 217
5 89
473 434
857 863
735 690
735 729
607 517
818 863
479 434
901 946
857 791
89 95
351 345
389 479
985 957
857 863
95 89
562 607
351 306
985 991
857 818
946 901
946 985
857 863
645 711
178 223
554 563
306 351
818 863
345 261
773 815
991 901
133 170
133 175
89 95
517 601
133 223
985 946
297 326
607 517
473 434
217 223
517 574
818 773
601 607
133 217
473 479
607 517
223 178
601 607
389 479
690 735
704 659
773 857
89 95
645 735
562 607
562 607
50 95
773 857
985 991
818 857
434 479
223 142
223 217
345 306
351 261
517 562
729 735
89 95
5 89
607 601
991 985
223 133
562 607
217 223
985 901
735 729
89 95
690 721
389 479
690 750
50 5
562 517
306 345
818 863
690 735
473 479
217 133
133 217
735 729
306 351
562 601
645 729
601 607
857 863
645 729
901 985
223 131
863 857
517 607
601 607
223 217
389 479
223 142
223 133
389 434
735 729
946 901
985 991
223 133
985 901
95 25
729 690
562 607
434 479
857 863
223 133
306 351
517 559
740 759
351 345
434 473
89 95
95 23
253 194
863 818
690 737
607 562
479 473
734 729
607 526
223 217
991 985
601 607
5 95
50 5
351 345
351 306
473 479
125 28
857 773
133 223
434 479
297 349
729 735
735 705
389 473
562 607
985 946
133 223
217 223
562 607
517 607
991 901
601 607
473 389
473 479
95 122
89 50
434 479
89 95
857 863
50 95
306 330
479 473
857 818
345 351
101 64
857 773
473 479
389 479
351 261
985 991
95 23
946 991
95 89
5 89
857 863
217 133
321 354
377 317
133 217
991 985
607 601
95 50
89 50
735 690
223 178
735 645
95 5
133 223
857 818
773 818
434 401
517 607
89 95
735 690
729 735
729 645
223 133
946 991
509 410
290 367
133 223
484 398
434 479
434 511
261 345
89 95
818 857
434 479
50 89
133 223
133 223
223 217
517 607
434 473
857 863
345 351
773 857
178 223
517 559
345 306
818 863
473 434
133 223
601 517
818 863
773 785
729 690
95 50
690 729
645 735
484 503
50 5
985 991
857 818
946 985
133 178
50 95
985 991
901 985
562 601
901 991
178 223
261 345
50 121
473 452
946 991
729 735
660 648
217 223
991 985
178 223
517 607
901 991
977 938
495 454
261 345
223 217
345 261
5 95
601 607
389 479
682 703
351 345
50 5
473 479
345 351
479 389
901 985
169 150
690 729
517 562
473 389
901 946
735 690
607 526
690 645
434 495
5 95
5 95
351 345
735 690
517 597
946 985
351 345
818 857
863 877
607 517
89 5
389 434
863 857
345 351
818 863
991 922
351 261
729 735
857 863
89 95
310 332
863 823
479 389
857 863
345 351
89 95
818 863
729 735
351 261
473 479
261 329
729 645
601 562
351 261
95 50
773 863
946 991
178 223
89 95
601 517
223 217
479 473
133 178
985 991
773 815
178 133
681 646
517 607
178 223
223 178
306 351
276 264
735 645
735 729
434 479
345 351
178 129
901 946
818 811
818 863
985 910
818 863
271 339
217 178
601 607
434 479
223 151
95 89
480 434
217 133
946 901
729 735
690 729
133 178
345 351
89 50
95 5
389 479
773 884
434 473
818 857
773 841
863 857
261 345
479 434
5 95
479 414
517 532
991 946
562 607
473 402
773 863
607 562
735 645
735 690
389 473
473 434
729 735
607 517
479 434
645 758
434 389
89 95
479 434
223 178
867 869
434 398
434 479
765 710
517 607
217 133
41 68
735 645
133 223
601 517
985 946
985 901
261 351
261 350
863 857
217 178
178 223
89 5
389 473
562 607
133 223
89 50
946 918
434 473
729 735
95 123
5 73
773 810
849 832
50 95
946 967
223 209
473 479
89 60
985 946
217 223
645 735
178 223
985 991
660 763
5 50
133 223
95 5
690 735
345 306
1021 955
562 607
857 863
389 479
729 735
735 729
354 339
95 50
50 95
863 818
389 473
645 670
389 479
89 67
133 185
985 946
473 389
345 351
735 645
473 479
434 389
818 857
910 901
95 14
946 985
690 682
645 690
729 735
985 946
946 901
217 223
607 601
735 729
50 5
345 351
89 95
991 901
773 857
607 601
434 468
178 133
857 863
601 607
985 901
89 95
857 863
286 351
729 735
562 607
690 643
95 89
50 95
473 405
690 735
434 448
863 851
89 95
133 223
645 735
645 735
729 735
601 562
991 901
690 735
857 818
389 497
479 389
479 473
479 473
306 273
473 434
217 133
529 592
645 640
525 576
345 351
729 735
479 434
261 375
729 645
133 175
217 158
223 217
995 925
351 270
729 690
306 351
773 881
89 95
306 345
261 306
389 482
985 991
389 473
50 95
729 690
985 946
306 351
479 473
901 919
863 791
857 773
133 217
479 473
473 434
985 991
261 345
89 95
89 95
89 95
339 379
261 303
645 690
351 345
345 306
946 991
991 985
690 729
645 729
607 517
773 863
306 349
645 690
351 294
306 351
785 893
351 345
863 818
223 217
910 977
133 178
95 50
345 261
479 473
241 186
863 857
330 276
497 415
89 95
223 151
985 991
306 351
607 601
217 223
645 735
223 142
389 473
64 35
95 50
95 89
773 841
857 890
946 991
729 735
217 133
351 261
479 473
434 473
217 223
562 607
345 351
857 863
95 89
345 261
473 434
389 431
818 773
735 729
306 351
690 735
818 773
5 73
735 690
351 345
735 690
857 842
607 601
178 223
735 729
89 95
735 729
351 261
345 303
857 863
601 607
901 985
607 526
526 593
95 5
479 389
729 735
729 763
729 735
50 89
991 946
593 517
985 974
517 530
946 975
773 818
345 351
773 818
306 345
526 593
863 818
217 223
901 946
133 223
17 61
178 217
345 306
223 178
178 223
224 136
192 213
607 562
306 351
178 223
223 217
133 217
89 95
133 178
345 338
607 601
645 729
946 991
562 601
857 773
601 607
306 351
133 223
217 223
607 517
985 991
261 345
345 306
178 223
863 818
479 473
89 5
735 663
645 687
50 17
773 863
5 89
351 345
434 479
345 261
389 473
306 351
178 223
50 95
434 389
306 345
532 576
985 946
389 479
95 89
133 178
985 946
473 479
50 95
89 5
217 133
517 601
351 279
607 535
479 473
223 133
473 479
729 735
306 261
601 562
389 434
223 217
5 50
601 607
133 210
217 223
601 607
690 735
434 449
306 351
89 95
991 985
389 473
473 479
946 938
735 729
773 818
863 818
95 50
81 14
473 479
991 946
818 847
345 351
818 773
729 735
735 729
863 773
901 946
217 223
479 473
351 299
178 223
991 985
217 223
133 178
95 5
857 863
473 479
261 345
63 79
389 431
89 50
773 863
95 89
607 601
5 95
217 223
224 169
773 818
345 351
89 95
473 479
985 946
735 729
345 339
345 351
562 607
261 329
178 217
434 473
434 389
729 713
645 713
261 351
735 729
868 822
690 753
690 735
5 95
645 735
351 345
5 12
601 562
133 223
601 635
735 661
863 791
351 261
389 384
857 863
491 397
50 41
645 729
389 479
562 517
479 473
645 690
479 473
946 991
389 473
182 233
991 985
95 50
306 339
607 601
89 95
857 773
645 763
857 863
223 217
68 15
690 706
435 464
306 351
95 30
473 389
89 95
863 818
863 773
89 95
857 863
601 607
517 562
729 735
818 863
991 901
297 331
449 436
473 479
306 351
133 223
95 89
735 729
306 351
863 857
434 479
773 857
345 351
729 735
773 863
818 852
95 89
389 479
863 857
818 857
217 223
985 991
479 461
818 857
991 946
773 863
690 665
645 729
351 306
857 773
863 857
765 735
946 991
345 351
863 818
306 351
773 841
178 193
473 479
735 729
351 353
863 883
601 607
901 946
991 985
991 946
351 306
991 919
601 607
345 351
50 5
562 607
217 178
818 773
133 212
657 665
991 980
946 991
645 690
729 718
690 735
901 991
217 133
863 857
345 351
389 479
306 275
50 95
50 89
625 570
178 223
645 729
5 95
1003 909
223 151
946 1018
345 261
991 985
601 607
434 479
729 690
253 174
735 690
857 863
100 14
607 562
351 306
434 473
389 479
735 645
5 95
89 5
985 991
735 729
729 735
645 729
607 517
473 434
178 223
991 985
601 517
991 985
517 601
434 479
735 729
607 601
401 501
857 863
735 690
261 351
607 517
5 50
20 8
517 559
178 223
261 351
473 434
345 351
306 269
425 490
50 5
178 223
479 434
690 735
729 645
479 389
217 223
5 95
320 305
773 857
857 850
223 217
818 863
863 857
773 857
863 773
95 50
554 623
56 5
223 217
517 607
473 479
389 480
562 551
607 601
345 261
863 857
50 95
261 351
54 48
562 607
735 690
217 223
434 473
991 985
985 946
95 89
607 517
223 245
660 704
479 386
246 141
735 729
946 991
89 95
50 95
425 464
345 306
5 117
148 192
483 490
562 601
178 230
818 773
863 857
95 50
261 345
89 95
773 825
729 654
261 351
261 345
351 261
5 95
735 729
473 479
479 473
818 863
178 223
985 901
773 863
729 735
773 863
479 473
434 473
991 901
601 607
607 562
434 389
832 820
434 479
479 473
434 479
68 15
562 607
5 95
985 991
991 985
99 95
473 389
217 223
355 282
735 690
735 729
601 517
5 94
991 985
351 345
50 95
863 773
345 261
729 690
991 985
261 306
306 261
50 95
729 690
345 351
901 991
601 607
306 261
607 601
89 95
863 773
351 345
217 178
818 863
985 991
857 773
178 223
223 217
473 434
50 5
857 863
312 261
985 991
822 804
473 434
991 901
217 223
857 863
5 95
5 50
992 997
434 400
729 735
217 223
345 351
479 473
125 17
351 345
687 645
133 217
857 818
655 719
857 863
261 345
479 473
434 479
736 651
345 351
601 607
473 389
217 178
217 223
735 729
306 345
857 773
735 690
89 95
645 735
729 750
223 217
607 589
479 409
351 261
857 863
89 95
89 95
857 773
645 759
217 178
217 133
95 89
562 601
818 773
601 594
381 342
143 207
95 89
735 690
249 213
857 818
857 773
95 89
89 95
773 863
178 223
261 351
473 479
479 473
473 479
991 946
857 863
50 26
345 351
261 365
607 525
985 946
351 369
729 735
857 773
607 562
217 223
178 223
89 50
645 735
5 50
178 223
735 690
645 690
96 53
133 223
434 394
601 607
985 946
5 47
985 991
191 224
89 95
95 50
991 901
735 729
601 517
601 562
991 1018
345 261
5 89
473 434
517 601
857 818
735 729
389 479
857 863
5 50
517 607
517 607
50 95
607 596
5 50
178 223
985 901
735 690
607 601
223 217
901 991
50 95
735 690
729 645
735 690
50 17
946 901
601 517
345 286
729 645
607 562
306 351
50 95
306 350
857 818
645 713
351 345
95 5
345 351
991 946
261 306
818 771
389 472
178 154
345 306
601 562
95 23
562 517
95 50
735 658
473 389
985 991
5 14
729 708
863 773
576 556
133 223
601 607
473 479
645 729
601 607
857 863
89 95
133 217
217 223
901 1011
773 818
5 89
223 151
351 308
985 991
991 901
857 863
857 895
473 434
50 13
645 735
601 635
991 985
991 985
89 117
818 863
5 50
991 910
946 991
577 564
607 601
607 601
434 503
434 498
857 863
517 607
517 601
607 601
601 607
759 763
351 270
601 593
863 857
946 901
442 430
5 73
601 517
985 991
223 217
729 735
985 946
601 607
5 89
473 389
645 735
991 901
601 607
863 857
50 89
473 479
517 562
434 389
261 306
345 351
645 735
223 142
351 270
162 142
473 434
690 735
401 473
893 872
389 479
857 863
729 735
863 857
351 345
645 729
991 901
95 89
863 857
261 351
607 601
946 991
170 179
95 50
517 607
863 857
133 223
389 473
607 601
178 223
857 818
473 479
729 735
818 857
857 818
729 645
818 863
536 601
95 23
566 595
473 479
735 690
145 200
89 50
901 991
818 863
50 95
703 736
223 217
690 729
223 217
735 690
89 95
863 773
729 735
389 479
223 207
261 351
434 479
345 261
345 351
95 89
473 475
729 735
562 607
985 991
863 773
601 607
901 985
946 934
818 773
95 89
645 690
818 857
5 95
562 607
306 351
607 517
690 729
473 479
985 991
192 141
5 95
863 773
89 95
14 81
217 223
773 863
690 735
690 735
479 473
735 729
133 178
345 351
991 901
261 287
178 131
517 607
241 211
479 473
857 863
5 95
991 946
479 473
607 601
50 5
5 125
100 119
645 690
89 95
223 217
645 735
562 607
345 351
434 479
562 607
133 217
645 735
479 434
217 133
306 351
473 479
818 863
479 389
223 217
169 196
133 217
479 434
473 434
863 891
389 479
473 389
562 607
863 818
607 517
95 5
479 389
95 14
729 735
473 479
601 607
479 407
601 562
729 735
473 389
690 647
773 857
1009 975
217 223
89 95
473 479
473 434
985 901
887 851
773 818
473 479
50 95
434 479
89 56
223 217
217 223
607 535
351 345
857 818
735 763
473 479
276 320
133 217
345 351
133 178
89 5
89 5
479 389
223 217
217 232
985 946
106 95
857 773
479 473
261 306
863 860
517 607
133 225
473 479
223 133
901 985
863 818
95 89
562 601
863 862
645 735
389 473
473 434
89 95
389 426
345 351
729 645
857 818
729 645
601 607
991 985
473 434
178 223
690 761
607 601
351 345
251 247
863 773
991 985
95 50
178 133
818 863
607 517
601 517
991 946
991 985
857 818
502 426
607 562
985 1018
601 607
89 50
345 351
985 946
901 946
178 223
223 217
857 863
863 857
1009 954
89 5
345 351
601 517
832 881
607 526
89 95
133 251
351 306
133 223
95 89
562 607
946 991
690 729
89 50
306 351
473 434
217 223
337 298
473 389
15 34
306 351
985 921
857 773
261 329
178 142
261 345
607 562
601 562
89 5
389 473
95 89
89 95
910 977
95 50
473 479
223 217
985 991
217 223
389 407
345 351
729 690
901 978
562 527
562 607
645 690
50 89
607 562
223 178
735 729
89 95
473 384
95 14
985 901
601 607
389 479
351 372
473 479
351 345
517 546
351 261
633 523
863 773
298 307
818 773
645 729
690 735
270 337
473 434
857 863
938 947
473 389
773 857
864 847
473 389
645 700
980 985
607 535
351 345
857 818
50 95
178 223
562 601
601 562
729 645
818 847
345 351
217 223
356 310
818 863
863 818
435 425
389 479
345 351
5 89
818 872
178 175
479 434
261 351
863 852
473 479
735 729
133 223
5 95
607 601
857 863
991 985
306 261
50 109
133 145
95 50
50 95
601 607
735 690
50 95
991 906
261 351
563 633
434 479
306 261
601 562
735 729
735 729
351 365
857 818
306 351
178 223
729 690
985 975
645 690
645 735
735 729
95 89
863 773
95 89
133 223
690 735
223 133
345 351
133 223
985 991
690 687
345 261
818 863
601 517
345 351
5 89
473 479
133 178
50 89
509 443
735 729
554 593
863 786
473 479
217 178
345 261
217 178
389 434
457 389
788 889
991 946
50 95
133 223
729 735
863 818
50 65
690 735
901 985
389 479
50 95
217 223
345 351
857 863
473 479
985 991
863 818
773 863
351 345
473 441
773 818
607 562
607 562
729 735
773 863
434 479
223 217
645 702
133 178
351 306
690 645
517 535
985 946
473 479
633 558
94 72
306 351
562 607
89 95
261 327
345 351
434 387
351 261
607 601
991 985
991 919
517 607
217 223
345 306
89 5
223 178
95 50
991 985
133 223
345 306
375 379
607 601
857 863
773 863
133 223
261 329
645 735
50 68
473 479
17 19
690 729
5 95
345 351
773 863
729 735
735 729
473 479
735 690
601 517
818 857
345 351
863 818
645 735
517 607
946 991
857 773
562 607
735 729
345 351
946 991
473 479
729 666
95 89
991 946
351 357
901 946
601 607
121 20
645 682
1003 985
89 41
352 339
95 89
946 991
345 274
773 879
985 991
479 407
473 479
562 555
601 517
601 595
89 4
473 479
345 306
221 217
729 735
89 5
95 18
89 5
89 5
351 381
991 1006
607 601
857 863
946 991
857 863
562 564
5 50
562 607
607 547
223 178
261 306
867 879
345 351
985 991
601 607
857 863
735 729
249 228
607 601
133 217
690 645
351 261
479 473
95 50
637 607
306 351
223 217
985 946
781 832
479 473
985 946
901 985
345 349
345 302
261 351
434 479
818 863
351 279
50 89
473 479
351 345
729 735
5 50
306 261
345 351
89 63
223 151
946 926
607 517
345 351
479 473
857 863
133 251
985 991
89 5
985 991
345 351
261 351
50 95
261 345
736 767
517 601
389 473
5 95
985 991
473 479
601 607
320 365
645 735
734 658
645 692
473 479
729 735
223 217
89 95
985 991
690 749
562 607
818 863
89 95
729 735
89 50
991 946
857 773
95 5
401 464
985 991
389 457
655 723
345 261
655 723
50 95
544 586
223 217
389 479
261 351
389 479
946 985
95 89
253 235
901 991
607 601
89 95
818 863
95 50
857 818
228 142
5 50
389 479
946 985
735 729
261 351
773 857
217 223
467 463
985 991
50 95
607 601
50 95
351 345
857 863
517 562
5 73
645 681
607 517
389 472
517 585
863 818
517 607
901 991
857 818
690 735
645 687
517 595
562 607
345 351
607 601
517 562
1002 991
351 345
857 818
991 985
217 223
729 735
345 351
479 473
479 410
857 863
991 985
857 863
517 562
261 303
901 991
991 985
95 5
690 735
389 479
773 818
217 133
89 95
645 735
89 19
217 223
479 473
223 142
89 50
5 95
337 298
601 535
276 264
562 590
863 818
89 95
345 351
345 261
729 735
773 857
473 455
690 735
690 715
818 857
773 818
261 351
95 89
223 217
217 223
645 729
479 473
5 47
863 818
991 985
133 223
479 473
473 479
723 751
223 217
434 392
356 310
863 818
435 488
95 5
729 690
223 173
562 607
389 431
50 89
857 863
991 946
729 690
818 861
562 517
985 946
50 95
863 773
857 818
224 161
5 89
576 595
645 735
863 818
645 735
223 217
857 863
351 261
729 651
607 601
901 985
985 901
95 50
818 857
351 345
773 863
911 930
345 303
95 89
735 690
96 116
690 729
690 729
985 901
857 863
857 863
345 351
601 607
467 490
217 223
901 985
217 133
434 479
95 5
345 351
562 607
991 901
306 345
479 434
773 863
95 50
562 607
125 98
479 415
473 479
178 133
473 479
217 133
89 5
133 217
863 786
223 133
389 479
345 306
833 794
863 773
857 863
863 857
867 814
5 89
735 729
645 729
601 517
5 29
985 991
50 119
690 729
217 133
690 645
517 562
829 773
645 690
985 991
946 991
991 946
532 576
985 991
645 666
95 89
473 479
261 351
389 479
89 5
261 351
911 975
306 351
601 629
89 50
89 95
857 818
351 375
50 89
389 434
89 50
217 178
178 223
5 95
946 901
306 351
690 735
729 735
479 473
5 95
607 562
857 863
690 735
479 473
690 735
89 95
946 901
95 50
645 729
645 735
947 942
607 601
946 991
729 735
473 389
809 836
345 312
306 345
473 479
985 984
306 351
690 645
223 133
89 50
223 217
434 479
193 141
5 95
773 863
729 661
345 368
434 479
389 434
729 735
773 863
863 818
960 979
729 690
426 465
690 735
857 773
729 735
89 95
389 479
802 782
857 863
345 259
473 434
517 607
351 345
178 217
89 95
261 351
690 735
89 95
657 690
133 217
95 50
261 351
434 473
50 89
345 261
735 645
607 517
991 985
901 991
645 735
178 217
517 585
607 562
773 857
607 517
306 345
345 351
977 975
863 768
729 690
985 901
179 229
991 901
645 745
389 414
5 95
345 296
857 863
5 50
946 985
818 857
217 223
479 473
351 345
601 589
217 178
985 913
223 151
991 967
645 729
946 1023
459 473
607 517
601 517
690 646
178 133
607 601
473 389
601 607
985 991
735 690
89 110
857 863
735 690
607 562
818 773
133 223
729 735
345 261
607 517
434 479
479 434
133 178
217 223
178 154
479 473
223 217
473 479
5 89
479 389
306 345
389 434
95 50
601 607
345 306
735 690
607 601
217 133
352 340
479 389
655 723
261 351
735 739
374 298
479 507
351 306
735 729
389 479
261 351
89 95
901 985
261 345
645 729
729 690
735 729
434 479
991 957
810 819
345 306
306 345
434 410
601 517
223 178
351 261
261 351
399 418
601 607
426 435
473 507
479 389
991 901
217 207
217 133
5 4
601 607
473 479
133 217
41 68
818 863
857 863
690 735
217 223
729 694
473 479
133 178
261 351
1015 995
50 95
261 345
690 735
217 223
607 601
345 306
345 261
5 95
351 327
479 482
863 857
517 607
473 479
133 223
946 901
434 479
735 690
863 857
345 351
389 479
223 217
857 863
991 946
50 95
863 857
645 735
5 93
50 89
306 351
562 527
729 735
985 991
345 374
562 607
389 446
320 294
50 89
729 762
133 146
351 345
857 863
133 223
377 276
863 773
729 735
818 785
985 946
389 431
95 89
729 645
89 95
645 690
901 991
345 306
645 690
89 50
607 517
901 946
601 607
517 607
729 735
223 217
773 863
694 662
261 351
601 562
434 396
306 351
818 863
479 507
735 729
50 95
345 351
50 95
351 261
985 991
690 735
601 607
261 351
991 943
217 223
89 95
95 66
473 389
217 223
473 479
345 351
306 345
223 217
863 773
645 735
985 946
5 63
473 479
630 577
345 351
517 562
178 217
991 946
645 654
434 479
735 690
729 645
133 217
991 901
89 5
607 517
434 397
473 479
178 223
985 991
479 389
946 901
261 345
985 901
345 351
517 607
529 616
306 351
562 607
601 562
857 863
946 991
645 687
89 50
607 613
723 653
735 695
50 95
690 735
217 223
991 985
473 479
345 306
319 376
818 863
89 95
991 946
735 690
562 607
223 178
217 223
857 818
473 479
351 345
145 210
345 351
345 306
985 991
473 434
991 979
857 863
901 985
133 223
863 857
991 901
601 517
517 594
863 857
645 735
729 722
479 389
89 95
217 223
217 133
645 729
517 607
479 389
434 479
863 857
178 133
95 89
901 985
351 345
133 178
729 645
991 946
261 351
645 687
89 95
89 95
562 601
996 947
690 735
517 607
50 86
946 901
491 403
95 5
690 729
991 901
607 535
760 756
345 351
863 857
985 991
985 991
99 80
479 434
261 351
133 223
690 735
89 95
985 946
563 591
863 818
95 50
5 95
473 389
985 991
735 729
473 479
729 735
389 473
50 95
434 479
306 345
223 217
50 5
479 473
217 223
5 95
217 223
89 95
818 863
89 95
89 95
991 901
217 178
95 50
607 601
857 773
434 473
985 991
901 900
946 901
298 307
734 650
729 735
857 773
818 857
50 20
690 723
198 170
351 345
562 607
991 901
345 261
985 946
89 5
5 95
351 345
143 211
773 857
960 955
946 991
735 690
133 178
89 95
89 95
473 426
178 217
389 431
562 607
473 479
690 735
690 735
607 601
473 434
54 121
985 946
217 223
735 645
389 479
50 95
901 991
946 991
818 833
991 985
729 735
50 5
991 901
645 735
217 223
389 457
863 857
473 479
735 729
607 601
89 76
601 607
434 473
857 863
133 217
95 14
89 50
818 857
645 735
89 95
601 517
223 178
351 261
655 723
261 351
5 50
729 645
5 50
345 261
729 657
735 729
985 991
435 503
607 559
601 607
89 95
479 434
306 351
729 735
601 607
576 567
473 434
473 389
5 89
89 95
223 178
133 217
95 89
901 991
345 306
306 261
223 178
729 717
735 654
223 178
473 479
217 210
306 270
95 50
818 864
298 307
946 991
729 735
89 5
345 351
601 607
25 100
246 170
985 946
601 607
645 691
473 389
5 89
863 851
351 345
389 462
133 208
306 345
345 351
562 517
857 863
422 479
351 306
133 178
89 5
95 5
901 991
351 306
473 389
857 863
645 687
863 857
261 345
946 901
50 95
389 473
818 863
261 351
345 351
857 863
217 223
345 351
473 479
863 773
985 991
89 95
985 991
473 479
223 178
118 42
607 517
434 389
95 89
901 970
89 5
95 23
217 223
985 991
601 517
345 257
479 473
5 95
946 991
434 386
517 601
818 863
985 991
389 479
306 320
601 607
345 351
50 47
729 735
601 607
261 351
517 601
690 735
863 857
985 946
612 526
222 198
351 345
223 217
178 133
479 473
562 517
690 735
473 479
875 781
607 601
735 729
95 74
946 991
946 991
991 985
95 89
991 919
601 607
607 562
517 607
517 607
773 841
601 517
217 133
223 217
857 818
645 690
607 517
148 136
217 223
133 223
601 607
306 351
991 901
178 217
89 95
473 479
690 735
544 586
345 306
217 223
223 133
991 985
735 729
50 95
857 863
818 863
306 345
739 666
851 874
351 345
261 329
389 473
601 607
818 895
223 133
985 991
351 306
985 991
473 389
645 735
991 985
645 729
434 489
261 345
89 95
601 517
351 345
517 562
901 991
223 133
857 828
875 819
351 345
991 985
735 690
1014 961
351 345
133 223
401 494
351 345
735 729
473 479
991 985
479 496
217 157
773 857
473 479
351 261
473 434
735 654
217 223
479 473
645 690
473 434
95 23
434 427
985 946
351 261
178 223
345 351
690 735
192 211
473 479
345 306
645 729
985 991
985 946
729 735
261 306
562 607
89 95
690 645
50 99
217 178
170 249
857 863
345 261
345 351
89 50
901 991
217 229
345 306
434 479
50 95
178 223
377 272
89 95
89 95
463 467
991 985
345 351
351 261
473 434
217 223
690 729
517 601
351 270
217 178
601 607
95 89
434 479
5 50
434 482
601 607
389 501
601 607
985 991
729 744
857 880
773 863
517 601
153 234
217 178
351 306
133 223
863 773
89 73
389 473
863 818
223 136
563 517
133 223
729 715
946 991
857 773
89 95
818 863
223 133
517 607
690 735
148 249
729 690
562 611
389 473
217 223
857 870
133 223
89 79
170 179
517 562
434 479
729 690
729 690
607 562
991 985
178 133
946 991
601 607
89 106
89 95
645 735
95 89
479 434
773 841
729 735
562 607
217 223
735 645
729 645
985 991
217 223
735 645
118 5
217 223
946 973
15 83
863 857
217 223
241 186
946 901
562 532
223 178
562 517
729 690
985 1018
863 891
735 729
5 95
645 729
735 729
901 985
735 729
575 632
607 558
901 917
991 901
985 991
607 601
517 607
601 562
273 378
479 407
224 207
601 607
645 729
345 261
479 473
434 479
729 690
114 50
438 481
645 664
389 479
351 306
473 479
979 960
217 202
773 863
946 985
517 601
217 223
89 95
261 306
261 351
89 95
5 47
473 479
261 351
946 991
690 645
735 729
319 352
345 353
89 95
223 217
223 217
306 303
306 261
985 991
169 135
389 431
991 985
818 857
857 863
89 95
217 223
178 223
217 223
345 366
473 479
690 729
517 607
991 921
434 479
601 517
729 735
217 223
729 735
217 223
601 607
818 891
351 261
729 735
985 991
690 735
901 985
89 95
857 863
89 50
434 473
178 175
901 991
95 89
223 178
889 788
991 919
223 217
5 95
178 223
306 256
818 773
223 151
473 479
479 473
601 562
690 735
434 479
351 345
729 735
946 991
178 172
389 479
261 306
5 95
389 473
479 473
288 330
479 389
606 603
753 698
901 946
857 886
690 729
95 77
729 690
133 217
645 690
517 562
735 690
345 306
261 259
991 901
991 901
893 851
991 901
223 217
729 645
479 398
50 95
735 645
645 735
473 389
5 114
857 863
985 991
735 729
261 351
645 690
857 863
863 773
857 773
345 351
864 856
133 201
345 306
50 95
223 178
901 985
985 991
857 863
735 670
479 398
729 735
89 50
223 217
562 517
517 607
690 645
735 645
691 672
991 901
601 594
217 133
491 397
857 863
306 340
857 863
217 146
89 50
434 479
473 479
217 223
434 389
901 946
985 946
938 985
785 893
863 818
217 133
217 133
985 991
5 95
50 16
735 729
857 863
946 991
562 607
434 473
50 5
831 847
100 119
89 95
345 351
351 345
818 863
351 261
345 351
991 919
389 479
479 389
645 713
735 729
351 306
773 857
938 990
95 89
89 95
178 223
351 261
857 863
601 562
735 645
517 607
479 473
729 690
991 946
985 901
50 95
223 133
351 306
306 351
947 903
345 351
818 773
473 434
345 351
601 607
985 991
645 729
5 50
484 503
517 607
95 89
133 202
729 690
818 814
178 217
95 5
607 517
223 217
217 223
592 562
946 991
50 57
133 178
345 351
946 984
217 133
217 223
389 479
345 351
857 863
95 5
863 851
729 735
473 434
735 657
64 79
178 156
217 223
985 991
729 735
401 410
377 344
645 690
133 223
270 261
857 863
901 985
345 351
690 735
773 863
179 133
479 434
351 261
89 95
901 946
857 863
223 217
50 83
901 985
479 473
345 351
946 991
5 118
217 178
351 345
89 5
985 991
217 223
645 729
173 217
178 133
857 863
389 473
607 517
89 5
690 729
517 589
857 863
223 217
517 637
818 863
473 434
517 559
863 857
607 601
985 991
261 345
261 345
5 89
89 5
735 729
5 95
562 517
901 991
261 345
863 857
306 351
601 635
818 863
306 351
517 628
434 473
818 863
690 735
389 479
89 116
601 607
995 902
901 946
133 223
192 255
133 223
645 735
729 735
991 910
81 42
608 586
985 991
562 601
901 943
5 89
991 910
217 133
985 991
517 607
345 261
479 398
991 985
645 690
607 562
447 504
473 434
773 857
95 5
607 601
133 230
351 345
178 133
645 735
351 339
874 866
729 690
178 133
901 991
985 991
818 773
985 991
136 148
562 607
345 351
434 425
729 735
991 985
178 217
901 985
345 261
5 95
217 223
690 735
735 645
306 378
735 729
985 991
601 607
434 479
562 601
735 645
517 601
351 345
5 56
473 434
89 50
351 270
991 903
645 690
473 389
345 351
946 991
857 818
562 607
985 991
735 690
729 735
773 857
89 20
94 24
863 857
857 863
857 863
178 133
729 735
217 178
50 95
729 735
473 479
473 479
479 473
50 5
946 985
818 863
345 351
773 841
351 306
857 791
178 223
261 329
985 991
893 891
857 863
857 863
863 857
607 517
991 946
857 863
217 223
351 261
5 50
857 818
773 857
217 223
95 89
818 863
95 23
473 479
857 863
818 863
991 901
143 162
729 735
601 607
351 261
946 991
89 95
217 203
729 735
253 164
991 946
857 773
601 607
217 178
601 607
133 178
89 5
89 95
5 95
50 95
857 863
985 991
913 976
50 5
857 863
863 791
351 306
818 781
735 729
133 217
345 351
89 95
95 89
473 479
95 50
223 217
473 479
985 946
223 133
178 223
818 863
601 562
773 857
5 95
306 351
98 50
818 863
563 562
50 89
729 735
681 733
5 95
389 434
773 857
261 306
95 5
901 991
473 479
217 223
223 133
857 863
50 95
696 645
857 773
857 863
857 863
857 863
911 930
306 260
306 351
818 784
863 788
253 159
735 729
50 95
223 217
607 601
607 601
217 223
937 909
223 133
517 601
818 863
601 562
857 773
901 985
306 363
473 427
351 306
473 479
517 635
517 607
735 690
562 624
985 946
479 473
735 729
345 351
345 351
863 857
434 479
857 863
901 985
735 722
863 857
991 985
601 607
50 89
95 84
916 1017
100 14
217 223
729 735
985 991
517 607
690 735
946 955
375 355
562 607
690 729
217 133
645 735
345 331
836 809
351 306
690 735
735 729
729 735
729 735
818 773
721 740
273 331
261 351
95 23
345 351
261 306
261 351
607 601
863 773
42 94
50 89
178 223
261 345
773 857
607 630
517 607
50 95
607 601
517 601
729 735
562 517
223 217
397 491
89 5
345 351
690 735
95 89
261 351
178 223
369 314
473 434
389 479
901 991
562 607
690 735
535 607
996 910
505 467
863 818
306 351
95 23
901 991
50 5
607 589
89 95
473 479
473 479
985 991
818 863
857 863
307 350
985 991
857 815
389 431
729 735
345 351
729 735
473 479
773 827
857 773
306 345
351 379
261 351
479 462
857 863
985 991
479 473
95 89
473 389
345 319
178 133
89 50
729 654
601 517
946 991
562 607
479 473
89 50
389 413
389 473
735 645
773 857
729 645
857 818
690 735
89 95
217 223
773 863
601 607
100 14
991 985
345 351
345 351
217 133
517 601
133 223
351 345
735 645
217 178
818 863
389 479
601 607
95 50
473 479
223 217
991 985
735 645
818 863
89 95
217 178
729 645
133 178
345 319
217 178
562 637
89 95
562 517
83 106
133 223
351 306
434 479
217 223
580 553
690 733
5 95
773 863
223 217
517 607
946 991
345 261
773 857
389 479
345 261
345 351
89 5
89 78
645 690
729 735
178 223
857 863
601 607
857 773
645 735
89 95
818 863
217 178
261 306
562 517
818 857
89 95
729 735
351 270
261 351
901 991
223 199
50 95
261 306
985 991
306 261
217 223
389 479
735 729
729 663
946 991
773 815
473 479
901 985
863 773
95 50
985 938
735 690
5 50
217 223
773 818
5 95
985 991
729 645
95 50
351 261
473 479
95 5
517 607
946 991
645 735
473 398
306 261
985 901
479 434
818 773
645 729
773 857
946 991
857 810
901 985
562 559
901 991
473 431
735 729
95 89
985 901
276 320
690 729
479 434
95 89
473 479
223 133
178 133
95 89
645 690
389 434
901 946
901 991
5 89
217 223
729 645
601 607
868 887
435 464
863 857
261 329
645 670
729 645
645 690
863 857
645 729
89 95
517 562
901 985
178 133
773 863
178 223
351 345
434 389
345 351
89 50
217 223
601 517
985 946
601 607
985 991
985 946
479 389
473 479
223 133
50 91
735 729
735 641
991 985
735 690
857 818
773 863
438 434
901 991
601 609
351 345
857 863
901 991
729 735
261 306
50 17
345 306
857 863
857 867
901 991
345 351
133 223
479 434
217 133
178 223
434 479
765 735
345 306
857 863
89 50
946 985
479 473
607 601
178 133
601 607
916 904
479 473
389 479
95 50
991 985
575 591
690 735
479 434
901 991
95 5
818 857
911 979
857 863
479 407
690 729
217 223
576 595
133 178
5 50
89 95
901 985
773 788
991 946
223 178
735 729
901 959
95 89
863 857
857 860
946 991
901 991
261 351
434 473
389 493
261 345
434 479
223 253
320 357
222 174
959 975
735 648
133 223
5 50
991 985
389 479
217 133
773 857
901 991
690 735
5 50
607 517
863 857
389 434
818 773
89 95
863 857
645 735
345 351
645 672
95 89
261 345
133 223
729 645
68 15
601 607
351 306
389 479
479 473
223 133
857 818
351 345
89 1
351 261
473 479
479 434
351 261
261 314
601 527
217 223
562 517
690 735
991 985
562 607
473 479
5 95
125 94
857 818
991 985
217 178
345 281
473 479
901 946
178 223
729 683
5 95
223 217
985 991
351 345
355 374
645 729
89 95
95 89
434 479
351 345
645 735
438 501
607 562
5 95
946 991
607 601
773 863
434 501
473 479
985 901
601 517
297 347
89 95
729 690
996 1015
735 690
223 178
991 921
690 735
562 607
50 52
261 345
389 479
133 223
95 20
566 629
306 345
375 356
345 351
735 729
306 261
261 270
223 178
351 345
389 460
901 985
857 863
690 729
217 178
601 607
601 607
217 223
863 818
223 142
479 434
479 389
517 606
345 351
526 612
857 807
473 389
601 607
473 434
306 351
95 89
178 223
901 946
773 857
985 991
345 351
5 95
473 434
479 473
217 223
50 95
818 804
1021 901
818 863
351 345
985 901
833 815
985 946
868 887
562 572
517 607
479 389
479 389
607 562
901 991
479 473
178 217
985 991
473 479
434 479
473 479
607 526
607 535
607 562
601 562
995 1018
434 473
735 654
479 473
773 857
857 863
434 473
773 818
607 562
729 735
479 473
729 690
389 435
563 554
991 985
901 991
863 773
473 479
690 735
141 133
901 991
946 991
901 985
857 773
133 175
863 818
434 479
562 607
178 213
5 89
607 601
473 434
901 959
818 869
735 729
223 217
985 991
863 857
517 530
809 851
857 863
95 102
351 306
857 863
50 89
694 665
607 562
223 133
473 479
345 351
735 729
306 345
217 223
995 899
901 991
946 991
729 735
178 223
389 479
133 178
735 690
735 645
95 89
50 23
473 479
89 95
729 735
985 991
133 223
345 349
657 645
705 735
690 645
223 217
261 351
690 729
857 818
735 729
425 452
50 83
645 735
75 89
5 95
261 351
479 434
345 351
261 351
517 601
133 245
862 788
133 223
473 389
690 686
479 473
261 351
857 863
946 977
517 562
690 645
261 351
773 863
89 95
690 735
479 473
89 95
857 818
857 863
991 985
178 223
773 818
479 434
517 607
601 607
946 985
351 306
607 562
473 479
223 133
89 95
863 818
913 968
607 601
607 601
389 479
645 687
607 517
729 735
729 690
729 735
133 166
89 95
42 94
507 503
946 991
479 434
217 178
345 351
735 729
985 1011
223 133
863 787
985 901
434 389
89 95
95 5
916 904
773 857
217 223
570 562
5 95
217 178
991 901
735 663
735 729
682 721
89 5
607 601
607 601
729 735
133 178
133 217
601 559
479 434
178 223
991 901
223 217
389 434
818 773
5 50
735 645
434 479
985 991
601 607
863 818
89 50
607 601
89 95
1021 991
690 735
690 723
434 479
345 306
517 601
95 89
818 863
13 83
95 23
306 351
89 95
775 818
857 818
991 985
473 479
818 863
389 479
857 818
607 562
562 601
946 991
473 434
95 50
946 978
217 223
351 345
50 89
857 863
261 351
729 690
473 434
50 95
223 178
946 991
690 640
217 223
133 217
217 133
735 690
991 901
517 601
95 71
133 217
473 479
773 863
690 735
306 351
425 452
729 735
50 5
773 818
389 479
89 31
473 434
434 479
517 562
562 517
89 95
217 178
946 901
607 601
89 50
857 891
217 178
857 863
178 223
5 95
217 223
735 729
15 83
95 50
389 473
351 345
133 217
773 857
452 425
351 345
5 95
41 71
985 991
690 654
389 473
473 479
601 517
5 95
351 261
607 551
345 351
50 18
5 95
601 607
818 792
479 434
818 863
729 735
89 95
991 946
946 991
95 50
645 713
985 946
857 818
985 991
306 270
735 729
645 735
645 729
901 991
345 306
351 306
178 210
729 735
607 601
50 95
434 479
831 888
217 133
991 946
345 306
95 14
89 99
857 863
857 818
50 95
345 261
389 479
729 735
222 132
473 479
985 991
95 23
479 473
818 857
729 735
773 863
217 133
517 601
729 690
351 306
473 479
261 306
95 89
735 729
95 89
479 461
946 990
857 818
345 351
729 735
985 946
89 95
607 583
178 133
729 735
479 398
946 901
601 607
607 601
479 389
345 351
479 389
89 71
89 30
863 857
985 998
735 690
425 452
607 562
991 985
517 607
985 901
211 234
562 514
133 223
261 329
89 95
473 479
434 479
991 946
601 607
223 217
601 517
517 607
562 601
95 89
473 479
178 223
991 901
306 351
857 863
223 151
434 483
887 868
345 351
690 645
708 681
178 223
863 818
473 389
95 89
863 773
607 601
89 50
729 690
479 389
857 818
577 568
178 223
133 217
473 401
133 217
985 1015
985 991
479 473
5 95
735 645
863 857
946 991
351 345
51 63
607 562
89 95
735 654
389 434
50 95
773 818
5 89
133 229
857 842
729 735
95 89
261 351
601 607
426 465
434 491
89 95
832 772
735 729
517 601
729 735
729 735
306 352
95 50
645 698
223 208
133 217
5 89
389 434
5 95
911 930
818 863
306 270
729 735
818 773
517 585
753 690
178 223
306 340
223 133
773 863
389 473
562 607
773 888
773 815
479 434
991 985
217 223
735 729
473 479
89 95
133 223
901 946
735 729
473 389
818 857
389 473
735 719
607 517
857 813
773 863
389 479
735 729
389 479
389 479
690 729
352 263
863 857
217 223
473 432
773 863
863 857
562 601
473 434
863 773
178 223
818 836
473 479
735 690
857 807
479 473
345 351
50 89
217 133
434 479
479 389
261 306
261 345
89 93
607 601
601 607
690 735
473 479
735 690
785 806
345 351
5 50
729 645
857 863
946 991
95 89
389 434
389 479
5 95
607 562
608 591
473 479
729 735
473 479
901 946
857 863
5 50
985 901
50 89
89 50
246 193
901 991
857 863
562 607
818 863
89 95
857 863
223 217
473 479
217 223
562 607
985 991
729 690
5 89
95 5
89 95
729 735
681 708
645 713
345 351
178 217
735 729
217 223
389 434
479 473
901 985
818 863
261 351
473 479
351 345
863 857
95 5
601 562
178 223
645 735
133 214
735 729
351 261
607 517
729 735
1017 931
479 389
473 434
170 179
759 763
645 735
5 95
735 692
473 479
335 261
773 863
645 690
351 345
991 985
901 946
601 589
863 818
5 89
985 991
95 89
857 863
901 946
1009 954
95 50
217 178
863 784
217 172
517 607
607 601
133 223
306 351
601 607
818 863
735 654
89 95
95 5
5 89
601 562
345 306
306 351
645 735
863 857
729 735
601 607
442 459
862 863
5 95
735 763
223 217
857 818
645 713
133 223
345 306
389 479
217 178
473 434
946 985
261 351
735 645
89 50
562 517
326 298
434 479
735 663
454 426
217 223
991 985
601 607
133 217
517 601
306 261
479 410
601 607
345 351
601 562
818 863
217 223
690 645
562 517
345 351
479 473
351 345
985 946
50 95
863 857
985 991
306 351
217 223
434 389
473 479
261 306
901 946
607 601
818 863
389 479
261 351
910 977
50 5
434 479
991 985
479 473
645 690
851 889
223 133
773 863
223 217
607 601
473 479
946 991
601 517
729 735
946 991
261 351
690 729
991 985
729 735
479 389
607 517
178 223
306 261
735 729
690 735
51 43
95 50
645 735
946 991
389 479
434 401
416 458
607 601
95 89
729 735
991 919
217 223
818 785
729 690
985 991
601 607
991 901
857 863
351 306
916 960
601 607
992 1016
562 517
946 991
690 729
690 735
992 934
809 777
517 601
5 89
857 865
178 217
95 89
89 95
735 729
351 261
345 351
261 351
735 729
223 217
89 82
729 690
479 473
729 735
261 349
863 782
857 773
517 562
479 473
517 607
818 857
991 967
15 79
857 773
345 281
306 351
729 735
306 351
89 95
601 607
901 985
335 310
863 782
89 95
389 479
645 735
562 517
261 303
307 377
866 818
434 479
607 601
946 991
991 946
178 133
54 8
389 479
95 89
89 50
857 863
473 479
946 953
479 473
479 389
773 863
148 136
946 985
306 332
95 50
857 863
133 223
479 434
178 217
389 457
351 306
50 5
601 517
818 857
345 351
95 5
389 479
985 991
601 607
785 847
996 910
223 217
54 12
297 326
306 261
306 351
302 306
690 659
345 351
5 89
863 857
223 251
901 985
601 607
645 729
95 50
946 991
719 655
517 585
607 562
607 601
529 591
729 690
735 645
562 607
95 89
562 517
517 607
729 735
5 120
818 863
901 985
351 345
729 690
985 946
857 773
95 14
345 351
901 946
690 735
473 389
89 95
5 89
89 95
863 857
121 99
645 729
690 735
608 627
89 95
345 347
50 89
479 398
389 434
434 479
985 991
306 351
89 95
89 95
946 991
473 389
818 863
178 223
68 41
217 133
58 75
389 479
223 217
345 351
690 695
351 261
991 985
351 261
345 261
389 479
389 479
863 818
901 991
863 818
89 5
606 570
217 223
985 991
389 434
389 398
89 95
95 50
863 857
42 94
217 223
351 279
217 223
404 392
562 517
582 554
729 735
729 763
818 863
601 607
901 991
863 857
985 946
607 562
63 96
351 306
991 985
601 607
690 735
89 50
607 601
89 5
818 863
901 946
179 170
946 991
351 306
690 729
832 894
601 607
735 729
601 517
473 434
985 991
217 133
977 938
95 50
95 89
863 857
690 729
735 645
473 479
389 457
690 645
89 95
479 473
261 329
5 95
991 947
95 89
178 223
863 818
901 946
863 857
607 601
562 607
95 89
58 113
118 13
517 601
607 562
223 142
223 217
473 479
479 389
857 863
601 607
261 340
178 223
345 351
601 607
89 50
863 857
345 338
473 434
857 818
473 479
690 701
217 223
810 819
985 991
479 407
50 89
178 224
773 863
863 857
133 217
601 607
133 178
863 862
217 133
217 223
448 439
601 517
223 217
607 535
729 690
178 187
89 50
607 517
562 607
562 607
223 133
133 154
607 562
818 863
50 95
50 89
337 298
133 223
601 607
491 484
645 729
601 517
601 607
562 517
889 826
434 479
351 345
223 217
339 351
89 95
773 863
473 434
178 217
95 5
690 729
89 95
863 857
517 585
261 306
434 389
735 645
479 473
818 857
517 562
182 193
306 351
601 607
479 434
345 286
178 133
261 351
729 735
178 223
607 531
517 537
217 223
607 601
95 89
95 89
473 479
735 690
517 607
735 714
261 274
645 735
857 863
729 735
562 517
690 735
34 5
133 223
89 50
261 376
351 261
729 735
601 517
434 479
857 863
607 601
863 773
985 991
89 95
89 95
985 946
473 479
320 292
261 351
729 735
893 836
223 133
223 217
645 735
863 857
351 345
306 261
217 223
50 95
992 922
95 89
607 601
735 645
351 306
50 5
389 434
479 389
946 901
729 735
971 985
223 217
223 178
389 491
562 571
345 351
479 389
818 863
690 735
985 991
217 223
601 607
985 901
857 852
991 985
479 473
985 991
223 133
818 799
517 601
946 901
946 991
345 351
517 562
95 5
89 5
389 504
261 306
389 401
479 389
196 143
217 223
351 345
991 985
645 735
517 562
773 857
857 867
946 991
389 460
89 95
601 517
729 690
261 351
351 306
434 412
690 735
601 607
306 351
985 901
473 389
517 607
345 261
217 244
517 585
217 223
351 306
607 601
434 473
867 777
95 89
479 434
306 366
415 389
562 517
645 735
607 517
95 89
690 729
178 223
434 479
645 729
133 178
223 217
351 345
133 223
217 223
645 735
389 479
601 562
517 562
607 562
89 95
735 690
473 389
607 517
601 590
985 991
217 223
178 133
217 223
95 14
223 178
306 351
946 991
985 991
306 345
89 50
351 345
434 473
345 351
729 735
89 95
479 434
89 50
818 784
125 24
863 773
261 345
857 818
857 863
517 601
345 351
473 479
223 178
831 888
345 261
985 991
479 468
773 857
351 345
857 796
729 735
223 133
434 479
473 389
389 434
607 601
434 497
607 517
645 735
5 95
434 479
178 223
990 901
517 607
261 329
729 735
857 832
223 178
178 223
479 434
946 991
788 832
735 663
991 985
729 735
345 351
223 178
863 773
261 272
946 991
818 785
735 645
818 826
5 95
985 991
562 607
133 178
261 351
901 985
985 946
351 345
261 306
89 5
901 985
753 698
89 95
467 403
863 818
473 479
192 135
857 863
306 345
473 479
606 529
818 857
563 611
351 345
991 952
479 473
89 5
818 863
729 690
607 562
50 89
645 729
863 857
562 607
5 81
985 991
191 224
739 742
601 607
217 223
863 857
133 223
217 223
345 261
345 351
991 985
562 607
473 479
901 964
99 20
690 735
217 223
261 345
729 735
735 729
729 735
217 223
991 946
261 273
735 654
975 959
261 345
345 306
645 654
276 264
133 217
223 133
479 434
735 645
863 773
95 89
223 133
473 479
723 746
273 287
729 735
178 223
389 473
857 818
95 5
5 50
645 729
133 223
434 459
729 735
607 591
133 223
601 607
133 217
306 345
562 607
306 261
473 479
991 985
178 223
178 223
991 901
729 735
773 863
121 74
178 223
735 729
223 217
857 863
735 729
857 863
773 863
434 479
991 985
95 89
985 991
735 690
857 863
509 454
889 793
782 849
479 473
818 863
517 607
991 919
473 451
577 626
223 178
991 985
729 690
601 607
345 261
818 773
95 89
690 645
562 607
95 50
773 857
351 306
517 585
985 946
735 729
217 133
696 645
425 428
345 306
217 223
863 857
863 773
473 389
434 479
261 351
178 223
901 914
217 133
818 863
178 183
729 690
863 782
217 223
601 607
991 964
217 223
863 773
735 729
517 601
261 345
217 223
261 306
857 863
89 95
178 223
996 910
310 362
607 517
690 735
517 601
178 148
41 18
517 601
345 261
223 217
857 773
479 473
985 946
773 818
645 753
50 5
50 95
985 946
95 89
89 50
89 5
562 517
901 1011
601 562
601 517
985 991
133 223
601 607
223 217
223 217
223 217
645 735
479 434
517 607
89 95
306 351
389 434
901 985
178 217
729 735
818 863
773 857
863 857
306 351
5 50
50 89
857 809
601 607
434 389
89 78
729 735
729 735
217 223
818 857
306 345
345 336
690 645
863 857
601 607
818 863
607 601
818 823
479 389
729 735
389 473
831 851
729 735
261 345
389 447
690 729
818 863
863 768
818 863
991 985
261 312
985 897
473 479
389 473
729 735
809 838
985 991
991 901
434 479
601 588
818 773
479 473
473 479
351 284
601 517
783 802
306 345
517 607
857 863
729 690
223 217
901 946
89 71
690 760
645 663
517 601
946 985
133 223
857 863
863 773
901 991
389 434
133 217
133 179
89 60
863 857
479 434
345 351
575 554
479 435
607 601
601 607
217 223
434 410
50 5
818 857
389 431
479 434
995 917
857 863
95 5
971 985
217 223
5 50
985 946
89 95
473 389
473 434
893 866
473 479
773 818
133 201
133 223
729 735
601 562
223 217
517 607
217 223
261 345
863 818
946 991
95 5
473 479
991 919
773 863
857 863
901 985
261 345
857 863
223 178
607 562
562 601
607 517
607 562
193 179
95 89
601 607
773 815
607 601
729 735
89 50
473 479
729 645
729 735
473 402
217 223
5 95
607 517
645 735
95 89
133 217
473 479
217 223
473 479
901 991
991 901
351 306
479 473
946 991
473 479
89 5
985 988
735 729
133 178
607 601
645 735
857 863
818 773
735 729
517 607
217 223
901 991
818 863
985 991
5 95
901 943
857 844
863 818
729 735
483 406
5 95
773 857
178 217
607 601
773 818
690 735
223 162
729 735
690 735
729 644
690 650
434 479
607 530
517 600
345 306
89 95
479 473
261 351
985 991
479 434
5 95
133 217
985 946
389 473
946 949
133 201
946 901
223 217
223 217
991 985
946 985
89 95
773 863
729 735
607 601
901 943
818 853
946 991
345 286
607 601
831 888
306 351
223 178
690 735
261 351
985 991
217 133
1017 1001
991 946
729 735
863 857
473 479
351 279
5 89
271 335
351 345
217 223
133 145
637 563
863 773
473 479
50 95
178 133
991 985
729 735
473 479
601 562
479 473
991 901
601 517
690 731
901 985
773 863
89 95
857 863
991 985
729 690
434 479
735 645
729 690
729 735
946 991
517 601
991 985
306 351
50 95
5 95
601 607
863 857
261 345
857 773
261 345
133 217
735 721
901 985
863 773
857 818
901 991
601 607
857 863
985 991
345 282
426 443
607 562
351 261
375 379
5 113
479 473
217 223
946 906
773 863
351 261
509 444
223 217
517 562
217 223
517 585
50 89
89 95
434 401
306 309
729 723
223 178
863 773
217 223
601 562
63 120
473 479
306 351
306 345
991 979
196 143
857 818
985 901
985 922
389 479
217 223
306 351
690 735
479 473
351 261
690 729
125 32
223 178
607 562
306 369
946 985
863 773
178 217
118 5
381 351
473 434
901 985
607 601
645 729
479 473
473 479
991 901
211 234
223 178
517 607
351 261
863 857
601 562
351 306
5 95
434 389
601 562
95 5
217 223
901 991
95 50
857 810
946 901
857 863
690 645
5 95
735 729
517 607
345 261
245 223
857 863
991 901
473 479
95 50
607 562
901 985
223 178
729 735
690 735
991 985
690 735
351 345
434 479
505 404
217 223
946 1011
660 648
95 89
95 50
690 735
645 690
389 479
729 683
178 223
223 133
5 50
946 985
517 607
479 473
857 844
818 857
773 818
133 178
363 306
863 807
83 106
223 133
89 95
217 223
133 178
5 95
985 901
735 645
729 735
857 782
435 470
345 351
217 178
473 434
601 607
1014 938
857 863
89 95
95 89
818 809
89 95
857 863
223 217
473 479
773 857
389 479
991 985
89 93
50 95
5 50
985 946
178 217
261 345
178 207
351 331
985 946
863 857
261 351
857 818
95 89
15 83
89 95
1021 976
818 785
178 133
95 5
517 607
818 863
50 95
50 5
735 690
901 991
89 95
95 50
95 5
729 735
648 734
991 901
985 946
351 279
517 585
711 690
434 479
345 351
773 857
178 223
389 479
607 587
901 991
601 607
735 663
50 20
89 95
946 1003
645 729
351 306
946 901
345 261
89 95
735 729
857 863
773 818
217 223
901 991
773 818
576 595
901 946
89 95
893 835
223 217
473 479
863 857
773 863
217 223
562 621
178 166
95 50
703 736
946 991
50 95
473 455
351 261
223 178
351 345
261 351
601 562
946 991
985 991
857 798
926 901
901 946
946 943
50 95
133 136
735 690
773 818
857 863
452 399
985 991
991 910
95 89
178 251
645 735
601 517
601 517
527 546
479 389
389 479
758 682
863 831
133 223
89 95
901 943
729 735
5 123
735 729
133 217
593 576
857 863
901 985
991 946
217 223
607 562
645 690
89 50
95 50
517 607
591 563
389 479
389 479
217 223
133 223
50 96
351 345
691 663
351 279
351 345
946 991
89 95
479 414
389 434
178 133
5 95
217 223
985 901
473 479
276 377
224 235
562 607
985 991
473 479
217 223
690 729
351 306
868 782
473 479
473 434
819 775
901 991
261 306
20 123
645 735
901 991
5 3
389 479
306 351
223 151
773 857
479 473
985 991
729 735
601 607
735 690
517 607
306 351
389 473
89 50
985 901
901 985
389 479
223 217
690 687
607 601
818 857
729 706
479 434
479 441
517 562
985 991
217 201
601 607
645 735
345 306
645 735
562 607
310 350
351 270
991 901
5 95
133 136
735 729
473 479
223 217
562 607
473 479
946 991
351 345
133 223
217 178
389 479
345 306
995 902
434 479
351 306
857 818
863 773
434 479
901 985
479 434
473 479
562 607
857 771
351 345
306 351
601 562
178 223
773 863
601 517
217 223
50 95
178 223
133 178
89 50
217 212
735 729
562 607
645 735
389 473
351 345
857 863
89 95
601 517
54 14
345 351
306 380
607 562
133 217
601 607
517 601
178 223
217 198
5 95
992 1005
857 863
473 479
645 729
863 857
473 479
729 735
729 735
577 570
607 601
89 95
729 735
261 351
645 735
601 607
178 133
735 690
50 95
601 607
607 562
857 773
601 597
517 562
356 375
937 919
645 735
178 223
479 473
729 735
985 991
857 863
261 351
601 607
95 89
306 351
217 223
223 133
455 473
562 607
89 95
89 50
345 351
601 607
479 473
223 217
351 345
389 434
645 729
690 643
901 985
818 843
991 946
729 735
261 345
133 223
178 129
217 133
517 607
729 690
818 773
985 991
89 95
223 178
95 5
479 434
434 477
863 773
818 863
985 991
351 345
178 213
729 735
306 264
133 217
601 607
178 223
601 607
389 479
601 517
729 690
223 217
991 985
223 217
818 863
389 473
473 491
773 863
351 261
133 186
473 479
217 223
89 95
89 95
223 217
607 622
351 261
345 351
473 434
901 969
89 95
729 645
223 217
735 645
985 991
991 985
690 735
89 50
89 95
645 690
306 345
95 50
818 857
690 735
991 946
526 593
217 223
351 345
863 818
985 991
345 351
857 818
517 607
991 985
645 735
352 342
690 735
479 434
261 345
473 479
517 538
729 735
5 89
351 306
645 729
133 223
729 735
473 440
660 761
991 900
479 473
991 946
601 607
991 934
479 407
434 473
261 262
178 148
261 303
5 95
345 351
857 863
729 735
345 351
479 389
601 607
991 1023
484 503
473 389
133 223
5 89
857 863
985 991
133 223
223 217
996 1015
946 991
473 479
985 901
857 863
818 863
674 645
306 351
217 133
601 517
773 841
479 389
729 735
217 223
562 607
729 718
89 95
182 207
881 835
89 95
729 735
901 991
5 95
306 261
473 479
946 985
735 665
473 479
773 818
818 863
601 607
434 479
818 857
345 351
89 95
351 348
863 845
345 351
306 261
89 95
89 95
351 345
773 863
217 178
607 517
261 284
645 735
822 790
89 95
857 863
562 601
607 601
273 355
345 351
645 753
306 351
479 473
95 50
178 223
562 607
345 351
133 178
89 95
345 351
818 863
217 180
517 607
447 480
607 562
5 95
729 645
562 601
434 479
217 178
89 50
5 89
863 771
991 985
735 654
893 849
89 50
345 351
729 645
991 985
473 434
946 901
351 345
901 985
89 95
729 660
601 562
991 985
306 345
517 559
473 479
217 223
479 473
306 345
345 261
773 818
863 857
562 607
223 217
351 345
991 901
95 117
991 985
351 261
607 601
562 607
562 517
306 351
729 735
690 735
473 479
89 95
690 735
607 629
454 426
479 389
985 991
223 178
645 690
863 773
89 95
901 991
729 656
735 729
133 223
946 991
133 223
773 863
217 223
645 735
729 735
89 95
89 50
5 89
434 479
985 946
133 217
985 901
133 217
5 95
645 735
645 687
729 645
985 991
434 479
178 222
735 690
345 351
261 345
857 818
148 192
985 991
89 95
223 178
601 562
517 562
89 54
946 991
473 479
223 133
223 217
345 351
345 351
991 901
434 479
351 261
399 467
729 735
729 735
857 818
831 847
297 332
857 863
901 943
345 261
223 178
607 601
178 238
729 735
389 479
729 645
985 991
946 991
562 601
517 601
773 818
857 863
991 985
306 351
863 773
735 690
434 479
351 306
217 170
505 503
5 95
517 562
901 985
601 526
306 261
857 863
89 50
217 223
473 389
863 857
89 95
729 690
735 654
773 863
735 690
95 50
601 563
306 351
89 95
985 991
345 351
991 985
217 223
389 434
985 991
517 601
351 345
479 434
273 306
690 645
818 863
306 261
217 178
562 565
89 95
773 867
818 863
607 601
473 479
261 336
517 607
773 857
434 473
473 479
217 133
5 50
703 719
345 351
901 991
306 351
261 345
356 310
479 473
351 345
345 351
901 991
901 991
89 50
517 601
946 901
89 3
773 878
715 645
818 824
857 781
645 687
306 351
690 735
95 89
690 729
89 5
863 857
223 178
217 223
645 735
857 863
178 223
729 735
89 95
946 991
517 559
985 991
306 351
261 351
217 223
991 985
826 804
832 781
223 217
54 100
223 178
223 178
729 645
607 601
607 601
991 946
89 50
178 133
261 345
473 479
434 473
473 385
607 601
601 607
389 473
17 5
729 735
351 270
81 42
95 89
179 198
261 351
985 943
89 95
729 735
991 946
178 217
562 607
5 52
5 95
217 223
517 607
351 306
991 1013
863 857
351 270
95 5
217 223
562 601
178 225
133 223
50 95
261 306
985 946
857 863
601 607
223 133
601 607
89 50
133 217
473 389
148 192
607 517
985 991
857 818
223 178
95 89
89 95
148 136
345 351
517 585
729 735
473 479
261 329
192 211
113 58
170 179
345 351
217 223
607 517
345 351
261 303
5 50
178 223
690 735
133 217
223 133
89 5
223 217
95 50
759 739
50 95
607 601
601 562
345 351
178 223
735 729
863 818
5 89
996 1015
601 607
68 15
985 991
645 729
479 434
389 473
50 95
818 773
991 985
89 95
729 690
434 473
690 735
345 261
654 721
96 31
65 39
985 991
601 607
217 227
729 735
246 141
223 133
95 89
345 351
95 89
857 863
452 425
217 223
645 690
645 729
306 339
95 89
985 991
996 1015
345 261
562 607
351 306
729 690
562 607
345 306
95 89
517 601
729 735
479 473
89 29
863 794
985 991
473 389
857 773
857 863
607 601
690 735
345 351
5 95
178 223
369 314
517 607
223 178
89 47
992 987
50 95
351 345
645 678
690 729
351 345
448 494
985 1013
607 517
735 645
818 863
863 782
991 901
217 223
351 276
946 991
601 607
901 991
985 991
517 607
306 351
818 863
937 988
5 95
857 787
991 985
773 841
985 991
857 818
351 261
773 857
857 863
645 729
985 991
5 95
863 857
217 223
901 991
857 863
601 607
95 5
645 724
637 610
5 89
946 916
345 351
863 857
473 479
562 589
946 985
479 473
320 308
985 991
901 985
690 735
306 341
351 345
517 601
990 955
690 645
95 89
473 389
178 217
217 178
562 607
223 217
863 857
985 991
645 735
857 784
810 819
345 274
818 863
818 861
690 735
42 51
832 813
607 601
607 526
517 607
89 95
863 857
857 863
729 645
179 178
223 217
178 223
729 735
607 601
601 517
645 690
645 735
857 818
607 517
217 178
89 95
479 473
217 178
991 946
95 5
645 687
217 223
223 178
95 89
607 601
517 526
89 95
773 863
857 818
178 133
607 517
946 991
95 89
345 351
345 306
217 178
133 175
434 479
985 943
133 217
434 479
809 836
601 562
473 479
261 345
729 735
655 723
306 261
95 89
223 217
729 735
857 863
985 991
694 690
178 223
345 351
261 345
857 773
645 723
473 479
261 351
479 389
89 50
735 729
946 985
389 434
479 473
95 5
773 863
479 434
645 690
479 473
729 735
985 991
50 18
645 735
863 857
5 95
261 330
991 946
261 351
389 479
901 991
517 562
351 261
178 223
985 991
95 5
345 261
133 178
857 863
637 570
729 735
133 223
345 351
306 345
261 306
133 223
479 473
946 985
857 863
355 294
50 98
473 479
857 818
562 601
517 562
601 522
601 517
773 863
690 645
818 863
729 645
473 434
729 735
985 991
17 112
217 223
351 345
857 863
690 735
995 958
946 991
690 729
985 991
857 863
217 166
473 479
607 601
178 217
223 217
773 863
50 95
34 41
217 223
5 50
818 863
351 345
645 694
992 1005
937 919
729 735
389 473
901 991
729 735
89 94
306 351
479 389
991 919
527 591
363 339
735 729
50 95
351 306
562 607
863 857
223 133
729 735
773 791
729 735
473 434
690 729
95 50
261 379
946 991
857 863
5 47
985 991
434 405
223 217
89 50
985 991
89 50
735 690
345 351
178 145
217 133
50 89
818 857
351 261
601 592
223 224
607 601
863 857
857 863
389 473
95 89
261 306
345 306
389 479
991 901
690 645
217 223
729 645
479 434
690 735
517 607
601 607
5 50
773 863
517 607
601 542
562 622
426 435
818 857
773 815
607 517
50 89
389 479
306 277
991 946
178 245
345 261
389 439
261 351
831 888
95 50
479 434
607 526
89 95
473 479
729 645
178 223
306 351
50 95
89 68
223 217
601 562
601 562
50 95
95 89
991 946
217 223
818 863
645 690
351 345
434 473
946 991
562 607
178 223
601 607
223 178
434 479
946 913
497 442
95 5
601 607
389 479
473 434
89 60
857 818
345 351
75 89
690 735
607 562
773 818
217 178
351 345
991 946
857 773
178 145
773 818
83 15
857 818
562 607
261 345
985 991
5 95
261 345
863 791
473 434
89 95
729 735
95 5
351 261
946 991
690 735
473 479
985 946
868 887
223 217
517 607
645 735
345 261
435 458
50 89
261 351
484 503
89 95
217 178
785 863
306 351
351 345
479 407
729 690
645 729
351 306
133 211
41 56
773 857
818 857
351 345
562 517
517 607
601 562
89 32
773 785
251 247
5 95
178 223
473 479
79 15
479 389
5 50
946 991
89 95
991 946
601 517
261 351
601 517
985 946
818 857
690 735
306 261
479 473
310 348
345 351
991 946
601 562
690 735
473 479
389 434
824 773
203 217
562 517
178 133
479 389
95 89
863 877
434 473
818 863
223 133
857 818
863 773
601 607
473 479
217 223
261 351
517 601
133 175
473 389
735 645
946 991
389 479
991 985
517 562
15 34
562 607
863 818
818 863
946 991
178 173
261 351
517 607
740 654
729 735
473 479
5 95
863 797
645 729
601 607
863 773
217 223
89 95
607 566
645 729
729 690
479 434
89 63
351 345
261 345
89 95
863 773
985 991
913 969
223 133
607 601
351 306
50 95
217 223
95 50
261 351
133 217
223 217
345 306
773 797
223 217
473 479
729 735
739 685
345 351
389 473
319 376
133 178
95 83
178 223
5 50
562 607
351 345
50 89
345 306
89 95
985 1011
645 729
133 217
178 238
89 5
985 946
601 607
607 517
857 818
133 201
857 773
773 863
818 773
479 389
729 735
351 306
601 594
89 95
517 607
729 690
563 617
818 823
261 306
89 95
645 725
50 55
351 345
95 50
946 1012
89 95
351 306
345 307
89 95
690 729
253 223
178 133
351 339
473 479
863 857
473 434
479 473
178 145
985 991
645 729
985 991
351 261
690 735
645 690
857 818
261 303
645 690
95 89
50 95
95 50
324 297
351 306
946 1013
480 477
389 473
857 863
979 1007
89 66
562 517
645 735
991 946
690 729
562 517
946 901
241 186
351 345
351 261
857 863
223 133
377 352
607 562
946 991
345 306
479 389
773 857
991 946
901 985
910 977
517 601
473 479
351 345
645 690
985 991
133 223
704 691
479 434
473 479
345 351
607 517
41 68
217 133
729 688
562 607
517 630
133 217
223 230
645 735
261 306
42 51
479 389
178 217
818 863
89 95
645 690
735 690
985 991
306 261
601 607
89 50
985 991
517 607
863 818
276 320
89 5
863 857
729 735
901 946
479 434
50 5
562 601
735 729
95 50
50 89
345 351
89 95
735 729
125 95
729 645
740 759
473 434
473 434
857 863
901 991
305 345
363 269
473 479
261 303
50 5
178 223
217 178
351 345
517 562
990 913
645 690
5 89
389 457
345 351
901 985
991 985
729 735
351 261
655 719
901 969
729 747
345 351
809 851
217 223
937 911
985 991
851 857
473 434
95 23
345 351
601 607
89 95
89 95
635 601
306 261
95 50
217 223
223 217
50 95
251 247
133 223
261 329
351 345
601 517
832 819
89 5
773 818
178 223
345 351
729 690
95 89
566 522
729 757
607 526
946 991
729 735
729 697
473 479
960 961
960 946
1016 1012
868 782
735 645
901 991
5 89
729 690
985 991
991 1013
345 330
217 223
645 729
217 223
479 473
350 374
601 517
645 735
89 95
217 133
355 267
133 217
217 223
434 473
217 223
434 389
473 434
89 95
901 946
217 223
607 519
690 735
351 306
223 178
729 747
217 178
607 622
655 723
690 729
985 991
196 169
178 223
473 479
863 857
607 526
351 261
363 321
306 351
601 607
735 690
985 991
857 773
223 178
223 151
991 985
133 205
223 178
473 434
479 434
473 398
222 153
735 757
857 773
985 991
857 867
607 526
601 607
672 714
735 729
729 735
818 863
