1024 10000
901 991
389 507
50 5
95 14
50 95
562 596
389 473
223 178
607 601
473 479
517 601
691 642
921 970
95 89
345 351
863 857
389 473
223 142
985 946
645 690
196 143
223 217
89 5
123 119
479 389
178 223
89 95
690 735
607 517
818 863
607 601
473 389
217 192
479 434
306 345
50 95
473 415
735 645
223 133
645 687
601 607
818 857
351 306
351 270
607 601
690 739
818 857
434 479
947 987
389 473
562 554
517 601
249 240
389 473
773 857
729 735
960 909
729 690
863 773
345 351
473 479
95 5
645 690
50 95
991 946
389 473
89 95
517 607
901 991
991 919
562 607
517 607
985 991
345 333
479 473
217 135
857 863
601 542
473 448
562 607
217 223
773 851
479 434
601 517
601 562
735 690
351 355
991 989
690 735
891 893
863 857
223 142
562 607
89 95
223 178
95 14
41 68
235 147
133 178
217 223
345 351
601 607
217 223
517 562
389 479
389 479
95 5
345 351
1014 909
50 89
133 217
404 505
985 946
479 434
690 735
5 95
479 473
991 985
479 473
601 607
857 863
985 991
985 946
89 42
985 991
389 431
607 601
345 306
645 735
601 635
657 765
434 401
729 735
690 755
818 863
901 985
991 985
729 735
857 811
857 863
645 687
645 735
601 607
601 607
601 607
50 82
452 399
863 857
223 217
645 729
773 818
479 434
901 989
223 217
517 601
479 473
50 89
434 479
863 791
891 887
946 989
562 607
901 946
125 83
89 50
735 703
479 389
217 223
723 655
729 690
690 735
479 483
785 803
818 857
863 791
773 818
345 351
946 985
517 591
690 729
735 690
857 818
133 223
306 352
351 306
681 708
645 735
452 425
50 89
690 735
306 261
773 863
320 339
133 223
863 818
601 607
217 223
645 690
89 95
217 223
261 306
562 517
517 601
607 601
223 133
946 991
729 735
398 484
50 95
985 991
217 223
985 901
857 810
601 607
50 95
434 502
50 89
607 601
345 306
178 223
601 607
50 13
607 562
121 66
351 317
351 261
306 351
223 151
729 735
345 306
345 351
562 607
473 479
369 314
191 224
50 95
607 601
95 5
473 434
607 517
517 607
95 89
473 479
863 773
901 943
735 729
89 50
438 384
306 351
89 5
473 479
133 191
729 735
345 351
261 306
261 374
601 607
261 303
473 479
217 223
261 351
985 991
857 863
729 735
217 223
985 991
143 211
89 95
857 863
89 95
562 607
985 910
517 559
178 133
863 818
601 607
735 729
729 690
607 601
991 901
125 98
729 735
863 818
473 479
261 306
901 946
735 645
985 915
345 261
261 351
901 991
89 5
601 607
297 370
434 455
68 15
261 294
50 95
991 985
818 863
517 607
345 261
729 690
946 956
261 351
241 186
862 774
178 217
121 59
58 75
345 351
479 473
991 946
517 601
389 479
985 901
133 217
562 517
857 863
351 313
434 473
946 929
89 95
563 575
893 838
901 985
645 735
217 133
306 345
261 351
473 507
863 773
991 901
95 50
690 735
562 607
89 95
946 991
217 223
991 985
645 646
735 738
223 217
473 479
601 619
517 607
473 434
729 690
337 298
217 178
178 179
351 335
345 351
345 306
946 991
601 607
389 473
729 690
133 223
601 607
985 946
133 223
607 562
607 562
601 607
307 288
389 479
857 863
601 607
345 351
123 23
729 735
857 818
389 479
991 901
857 863
89 79
562 607
345 261
985 991
261 329
517 601
857 863
95 5
434 402
601 562
261 351
478 465
607 601
601 517
645 735
17 73
5 50
601 607
345 306
95 89
857 818
5 89
89 95
729 645
5 95
985 901
607 517
217 223
857 779
857 773
95 50
645 735
773 801
773 863
99 62
223 225
389 479
473 479
857 773
857 863
946 985
857 863
473 434
41 48
389 473
351 261
937 993
857 818
473 389
607 526
351 261
937 911
773 818
5 30
985 991
601 517
350 276
389 479
351 261
178 193
985 946
863 773
607 517
473 479
991 985
857 773
479 434
352 335
217 178
946 991
261 351
946 944
5 89
133 175
991 985
729 690
985 946
223 217
517 585
473 389
901 969
645 735
434 479
863 857
345 351
178 133
51 16
985 991
5 89
729 735
473 479
479 473
735 729
985 946
607 562
133 217
345 261
601 517
133 223
223 217
5 0
5 47
133 217
991 985
601 607
607 577
729 735
991 985
95 50
607 601
228 142
95 5
991 901
5 52
863 857
857 863
50 5
645 735
89 114
306 345
863 773
351 261
601 562
351 345
857 863
562 517
89 50
729 641
729 690
351 279
901 931
345 351
562 607
223 178
448 467
95 89
901 991
95 5
562 607
5 48
434 479
95 89
133 217
601 607
178 223
735 729
434 479
42 51
690 734
306 351
133 223
735 654
601 607
223 133
991 946
729 735
517 562
5 89
517 607
607 562
991 925
473 479
351 261
946 991
479 389
223 178
690 645
901 991
389 473
607 601
985 991
729 657
50 95
306 345
607 601
345 351
217 178
351 345
863 857
901 991
517 607
690 723
901 991
217 223
985 946
5 89
735 758
690 735
735 690
95 50
517 607
178 223
5 3
601 607
950 898
5 50
261 345
991 1014
517 607
901 991
5 89
946 991
857 863
562 607
473 434
863 857
645 729
818 863
434 414
517 585
223 133
901 991
690 735
261 352
818 857
95 89
133 223
690 735
178 223
351 345
217 223
178 223
773 863
351 345
89 95
306 351
863 857
773 863
901 991
601 562
473 450
985 946
857 863
729 735
818 863
261 351
601 607
863 884
95 50
306 351
345 286
607 517
389 479
479 473
89 95
607 601
773 863
95 50
345 348
217 178
95 5
261 353
473 479
601 607
345 351
773 863
645 735
946 991
133 223
473 479
818 862
901 991
601 562
389 479
306 351
863 773
857 773
735 729
562 607
467 399
690 735
217 223
619 531
223 178
5 95
217 178
562 607
479 389
562 601
95 50
1003 1016
901 991
863 857
434 479
434 479
991 1006
345 351
306 351
479 473
95 5
389 473
223 217
863 818
985 991
863 867
95 89
729 735
223 178
351 261
434 389
217 223
735 690
133 182
991 919
735 645
607 601
89 95
351 345
398 465
479 389
832 801
946 991
217 223
901 946
991 946
306 261
351 345
217 223
479 389
857 891
5 95
95 110
857 863
345 306
434 479
729 735
601 543
217 227
729 735
306 351
901 946
473 479
601 589
50 53
306 351
607 562
473 479
857 791
729 690
785 878
946 991
991 901
735 729
690 729
690 729
991 985
223 217
517 607
5 95
306 351
601 517
389 479
217 223
133 242
690 683
50 89
50 5
5 89
601 550
601 627
350 321
690 735
601 607
178 245
89 71
473 479
345 261
5 95
946 985
404 392
5 73
223 133
562 607
223 247
901 991
351 379
690 761
133 223
735 729
863 818
345 306
977 996
345 351
946 991
729 690
223 217
863 857
178 133
991 901
306 347
818 863
133 217
5 89
473 434
601 607
991 1019
5 89
735 690
434 473
473 479
991 985
791 863
178 217
863 818
5 95
473 479
946 908
217 223
217 178
193 207
607 535
977 938
959 992
735 729
735 645
473 479
389 473
857 863
645 735
133 223
735 645
89 95
857 863
818 863
17 21
857 863
473 389
901 985
169 168
857 863
761 692
473 434
517 607
729 735
645 735
95 89
217 178
426 435
479 407
89 50
901 946
351 261
217 223
517 562
345 351
690 724
178 217
660 704
517 601
345 351
95 50
729 645
249 168
729 690
351 273
5 50
517 585
863 857
133 178
479 473
729 645
773 863
773 863
473 389
529 605
306 345
306 351
863 773
352 306
389 402
133 217
5 50
178 131
345 261
306 345
991 985
345 351
306 345
261 381
729 735
946 991
773 863
857 863
991 946
836 783
985 901
482 506
50 89
217 133
857 773
306 351
901 991
178 223
479 473
478 455
946 991
479 388
607 517
345 351
690 645
735 729
5 89
985 946
95 50
89 95
729 735
345 261
562 575
20 64
434 479
217 133
525 619
473 479
665 740
217 223
735 645
89 95
991 901
389 434
857 863
857 863
5 95
601 607
389 479
95 5
735 729
729 735
985 991
517 607
690 735
217 223
223 169
517 601
601 607
223 151
822 827
345 351
517 607
857 773
863 782
261 351
562 607
434 442
50 95
409 490
729 732
223 217
434 479
306 351
517 562
607 535
863 857
95 50
452 425
503 507
960 968
773 863
690 729
916 960
562 607
261 351
473 389
901 943
857 818
729 690
735 729
5 95
95 5
517 607
345 351
5 47
89 95
473 479
389 479
479 473
857 818
89 50
985 991
351 345
133 223
50 95
991 919
389 479
645 729
306 270
345 351
985 901
95 50
901 991
473 479
818 773
857 818
601 607
95 5
217 223
473 479
601 607
729 735
5 89
857 863
655 723
601 607
217 223
863 857
601 517
41 15
133 223
735 729
95 89
133 187
595 618
690 735
473 479
381 341
389 473
389 434
562 601
517 607
5 47
517 606
645 687
473 389
985 991
729 656
389 479
223 217
351 345
345 351
857 863
223 217
50 95
5 89
217 178
89 50
5 89
345 351
991 946
473 479
261 351
857 818
223 187
473 434
352 261
133 223
434 389
645 687
479 398
5 91
89 5
434 423
601 607
991 901
601 562
481 479
306 351
473 434
985 901
645 735
773 797
921 1002
773 863
985 991
857 863
946 991
223 217
217 133
985 991
818 863
5 95
645 735
729 735
63 79
223 217
863 857
991 946
991 985
227 219
89 95
735 690
517 607
133 217
473 387
217 178
901 964
63 96
765 754
985 991
89 5
306 345
985 991
863 782
901 991
89 95
345 351
729 690
645 687
607 601
645 665
217 223
562 530
735 729
261 329
601 607
857 773
337 298
306 351
95 89
95 50
389 479
601 543
783 847
818 863
607 601
991 910
473 479
351 306
857 773
389 434
351 345
863 818
480 418
83 106
306 351
351 345
601 607
690 645
133 217
465 426
857 863
389 457
223 151
901 991
345 351
985 991
690 664
857 863
389 473
985 991
607 601
345 351
95 50
50 95
607 601
601 562
734 737
345 306
89 95
735 729
89 5
991 901
473 479
607 517
89 95
729 735
473 479
735 690
857 818
601 607
985 991
857 865
479 434
473 479
389 473
735 654
985 991
562 595
991 1019
479 473
517 596
857 818
773 863
607 601
479 473
901 991
857 863
857 863
729 690
351 345
991 946
985 991
473 479
217 223
186 241
178 147
765 744
473 479
773 863
434 393
351 298
434 417
389 479
601 607
562 607
690 729
223 217
306 351
690 645
607 562
729 735
735 729
517 562
985 991
985 991
601 607
946 991
863 857
217 195
133 223
645 690
985 1019
473 479
729 735
863 802
178 223
217 133
645 765
848 773
345 369
857 863
113 58
863 806
95 50
50 95
946 1021
863 818
818 773
5 95
217 223
857 850
729 735
773 770
773 857
345 261
735 729
773 863
473 479
517 607
306 340
217 251
345 282
607 550
217 223
818 773
223 217
178 223
729 735
735 654
985 991
50 89
50 77
601 607
562 517
133 178
818 784
773 857
95 22
50 95
50 89
217 223
645 729
863 818
345 351
473 479
818 863
946 985
901 985
601 630
562 601
857 863
5 95
985 964
345 351
818 782
991 985
789 785
645 735
473 479
89 95
607 517
351 306
351 306
473 434
857 818
729 735
901 991
901 991
729 735
89 5
42 94
479 473
517 607
809 836
95 89
143 162
217 178
306 351
645 729
729 735
89 95
345 351
133 223
735 645
389 431
473 479
601 595
473 389
89 95
345 373
985 979
95 89
89 5
985 991
991 943
773 857
351 261
306 261
306 351
217 223
89 95
601 562
729 735
178 250
991 946
89 95
608 534
735 729
473 479
517 562
95 89
5 89
729 645
178 211
818 857
857 863
562 607
690 735
607 595
857 818
178 223
5 89
434 479
601 577
901 946
729 645
479 407
409 490
434 418
735 729
345 306
479 389
946 901
345 351
857 863
863 857
133 223
991 901
607 562
857 818
50 95
729 735
818 857
735 663
389 479
773 818
50 17
985 946
434 473
857 863
729 714
434 479
178 223
473 432
991 985
991 985
50 5
818 863
601 562
818 863
819 830
223 217
351 345
562 628
863 773
217 223
517 607
645 729
985 991
985 991
345 351
857 863
645 735
5 95
50 95
50 95
89 5
345 351
607 562
992 968
735 690
857 878
601 607
89 95
863 857
690 678
901 991
95 89
857 863
389 457
261 306
50 89
704 721
991 946
178 223
473 479
517 603
863 818
863 818
985 991
645 682
223 217
863 782
479 389
991 985
901 991
178 229
729 735
50 95
217 178
1021 991
735 729
729 735
479 499
178 223
729 669
50 89
89 65
473 479
314 333
345 351
133 223
479 469
818 863
351 345
562 607
985 991
479 473
249 160
473 494
645 690
178 171
985 972
985 991
261 345
857 863
863 857
479 434
95 89
50 34
217 223
5 95
601 607
89 95
95 5
985 946
863 857
389 473
505 498
729 735
729 690
773 857
217 133
345 306
991 901
133 223
991 985
818 785
985 946
690 753
517 575
345 306
345 261
607 606
133 217
345 351
133 178
857 863
991 901
901 943
857 818
509 443
133 217
125 95
562 619
729 735
261 303
133 178
818 863
389 479
601 607
863 818
351 306
607 562
95 14
95 50
389 431
985 991
773 857
863 857
991 975
5 95
223 133
645 735
89 5
235 221
607 562
178 223
818 822
601 575
773 863
863 857
517 562
479 473
729 645
178 138
607 601
857 863
434 479
991 946
901 991
857 863
434 389
502 426
223 178
345 306
95 50
601 607
5 89
351 261
223 217
985 901
133 178
601 562
479 434
857 862
261 345
261 338
601 517
985 901
985 1014
901 991
857 773
862 887
517 607
351 270
818 883
133 178
50 95
389 500
729 735
607 601
901 991
946 985
863 818
607 535
178 217
5 89
133 217
863 857
479 389
773 857
645 735
271 339
345 351
818 863
645 687
434 479
913 1017
735 729
217 223
50 95
89 5
351 306
473 489
345 306
217 223
985 991
985 991
217 223
601 562
223 142
645 735
607 562
389 479
306 351
434 389
133 217
178 223
735 645
89 5
434 479
479 434
517 601
473 479
517 562
479 473
178 223
434 479
479 434
631 635
95 50
178 183
818 884
729 690
607 517
5 73
773 851
89 95
17 95
89 95
261 329
306 340
517 601
479 473
217 178
857 818
735 645
345 366
89 50
901 985
306 351
901 967
5 47
601 532
89 95
261 306
690 744
95 89
50 95
345 351
473 434
261 351
735 690
351 345
773 818
991 946
901 991
729 707
178 223
607 601
690 735
479 389
735 729
867 793
473 479
351 345
89 95
601 607
94 10
607 562
5 50
729 735
473 479
985 991
690 645
645 690
863 782
601 607
223 217
857 773
178 223
223 217
601 607
601 517
601 562
607 637
217 156
562 607
473 479
54 94
345 351
985 907
5 73
607 601
217 223
169 196
404 392
5 54
645 729
345 351
50 116
857 863
50 95
434 479
95 89
517 562
217 178
517 623
857 863
946 1017
863 857
350 257
89 95
562 601
601 557
95 89
977 960
89 45
857 863
601 607
985 946
601 607
89 95
351 261
991 901
735 690
50 95
89 50
607 601
946 985
5 50
434 479
601 607
562 607
345 351
389 479
517 601
107 13
217 223
95 5
607 517
306 261
351 345
645 729
729 735
434 479
95 23
89 95
50 95
901 985
345 351
345 351
223 178
306 261
946 985
863 857
89 5
95 50
345 351
96 4
857 818
261 351
818 773
351 324
985 991
179 170
389 479
345 261
133 223
694 713
773 857
89 95
133 159
863 857
735 729
50 76
729 735
857 863
991 946
337 320
729 735
818 863
89 95
89 5
645 685
901 991
729 735
991 985
985 991
818 857
901 946
133 253
729 735
517 607
729 735
178 223
857 846
306 351
133 201
223 178
517 607
735 690
434 479
601 607
350 374
645 729
217 178
50 95
123 125
377 264
261 306
217 178
690 645
351 306
217 223
345 348
773 863
645 735
217 223
901 969
580 553
645 735
113 58
601 607
89 95
133 223
985 946
735 690
113 58
645 690
224 227
782 863
434 479
389 479
345 372
822 865
985 991
434 389
261 306
729 645
89 95
133 178
479 389
95 89
991 985
562 607
235 141
452 399
857 863
223 217
857 773
95 89
601 607
773 818
89 95
133 178
223 178
178 223
261 351
818 773
690 729
562 607
857 863
517 559
389 404
345 261
562 601
553 527
562 587
645 687
434 473
985 991
50 101
946 1017
857 863
985 991
985 991
901 946
5 95
223 217
133 157
217 223
261 329
261 383
473 479
985 954
773 818
863 782
20 64
89 95
863 857
306 377
601 607
901 991
217 223
645 690
729 690
517 601
562 607
217 178
223 178
773 863
857 863
729 690
473 479
217 133
261 345
735 690
79 54
89 95
773 857
95 89
601 517
389 434
645 735
223 178
985 991
985 991
735 729
389 434
223 178
729 690
991 901
351 345
517 601
645 729
607 514
879 810
89 95
985 991
351 345
607 562
901 969
562 585
142 209
1002 991
351 261
223 151
178 133
517 562
217 223
5 95
645 713
690 680
901 985
228 247
71 89
645 690
607 601
434 479
89 5
863 857
306 303
735 690
517 607
735 729
517 607
601 562
911 975
345 351
261 303
50 95
95 89
562 517
145 178
261 351
773 818
690 729
991 985
818 863
133 202
690 735
261 351
946 901
479 473
479 389
479 434
222 140
434 389
389 434
5 95
434 472
601 607
306 345
901 991
857 863
607 601
985 946
345 376
893 863
133 223
946 991
863 773
607 601
562 607
985 991
985 991
223 178
5 47
857 863
217 133
95 89
479 473
863 857
735 690
601 607
863 857
818 773
946 901
345 311
985 991
95 50
991 985
5 50
729 690
95 5
5 50
142 209
773 863
863 773
95 5
89 95
95 89
991 985
729 735
249 253
479 389
995 919
729 723
20 8
345 261
562 580
818 857
389 479
389 457
991 901
863 791
601 513
729 645
985 991
389 473
133 223
89 95
479 481
612 631
95 50
217 244
95 89
562 607
601 517
607 601
351 261
217 178
389 479
607 562
645 713
345 276
89 95
133 178
5 47
601 517
562 614
946 991
985 991
517 562
261 351
306 261
217 152
985 991
729 735
901 991
517 562
857 818
473 434
562 607
351 345
901 946
178 133
729 735
223 178
607 562
863 857
434 473
735 645
377 321
5 95
562 517
857 818
5 89
473 434
253 226
729 735
901 938
857 768
607 517
133 217
473 479
901 985
95 89
950 952
434 479
985 901
223 133
50 5
735 729
735 645
473 434
729 690
389 479
178 133
479 473
133 223
857 773
434 479
985 946
306 286
704 719
479 473
818 851
217 223
351 306
901 943
729 735
345 351
773 863
857 818
601 562
690 735
89 5
217 223
517 562
991 985
217 223
601 517
261 321
217 223
192 141
517 562
473 479
178 223
946 1021
389 479
89 95
735 690
985 901
345 351
178 223
729 735
89 95
985 946
377 276
345 306
655 719
729 735
637 577
50 63
345 351
473 402
818 857
607 562
822 887
50 41
145 173
50 5
351 306
223 178
351 261
306 351
863 818
607 601
261 306
223 178
729 735
863 773
946 991
448 425
178 133
178 223
5 95
991 985
863 857
192 186
645 735
50 79
345 351
223 178
479 436
517 607
95 89
729 735
5 50
832 826
5 95
89 5
389 431
857 863
562 517
863 857
901 985
836 783
863 857
985 946
729 645
95 50
389 473
306 351
95 89
389 479
345 351
901 991
960 979
434 389
479 473
863 825
729 735
223 217
857 773
601 562
351 345
473 434
857 863
729 735
95 67
89 5
517 607
601 607
532 576
345 351
946 1007
5 71
773 857
356 261
991 946
863 811
729 735
223 217
434 401
442 389
735 729
729 735
5 47
729 735
601 607
389 479
261 329
95 89
863 857
690 735
113 58
961 930
473 479
562 607
178 223
901 1003
5 89
133 223
729 735
434 473
645 663
5 48
5 110
607 517
562 550
20 64
645 690
991 985
601 607
345 261
946 991
901 985
729 645
645 735
261 351
473 479
729 660
645 735
735 690
601 562
818 863
217 178
5 95
773 791
89 5
351 345
607 562
857 863
985 946
729 735
379 375
223 133
857 818
562 607
687 645
863 857
645 690
389 479
261 363
517 601
729 732
89 95
857 863
985 991
261 351
911 975
89 95
479 434
50 5
690 735
517 601
901 959
389 434
863 857
306 351
857 773
223 217
863 857
901 985
261 351
261 339
50 5
857 818
601 607
479 434
89 95
133 223
89 95
562 607
946 991
773 857
562 601
729 735
818 863
249 223
133 223
169 143
223 148
729 735
5 95
991 946
89 47
553 580
645 690
672 714
729 735
991 985
217 223
562 587
182 130
901 946
562 594
479 389
223 217
991 985
178 250
223 217
434 479
901 991
217 178
857 818
133 217
841 773
217 223
178 133
223 142
607 601
863 773
306 351
145 226
178 217
345 351
261 303
857 863
345 351
5 50
575 554
89 95
178 223
946 991
50 89
735 729
223 133
50 5
985 991
409 490
217 223
946 993
991 985
5 95
479 429
217 223
217 223
863 857
607 517
473 389
63 79
217 133
889 851
635 631
89 95
178 133
473 479
95 50
601 607
729 703
223 217
645 729
95 89
946 985
985 991
351 261
223 151
95 123
223 217
991 1012
473 434
261 329
217 178
217 223
773 863
351 345
562 601
946 991
985 991
434 498
607 562
178 133
56 5
863 773
562 607
89 95
985 946
863 818
857 863
601 607
985 991
985 1022
554 563
601 607
345 261
901 985
284 345
735 729
985 908
479 434
89 5
351 345
178 251
5 95
479 473
863 782
773 863
818 857
473 479
473 389
562 603
223 133
645 729
479 473
863 818
946 991
690 731
389 479
601 607
351 345
901 946
735 729
857 863
345 351
89 95
601 607
473 479
857 863
217 178
601 607
89 50
223 178
857 863
818 863
345 351
562 520
5 95
729 735
946 985
95 91
345 306
601 607
690 735
601 607
217 206
985 946
389 479
217 133
729 735
946 991
863 782
95 89
389 479
810 889
729 735
857 773
209 170
985 991
99 114
133 217
95 23
345 351
901 985
735 645
479 389
863 818
857 863
351 261
863 818
517 607
89 95
729 690
991 985
729 735
681 662
479 434
178 237
217 223
517 607
735 729
389 479
735 767
50 10
217 223
389 473
562 607
991 901
607 562
217 223
434 479
985 925
818 834
479 434
991 910
818 773
857 895
178 217
611 601
863 857
434 479
5 50
217 178
473 434
818 773
217 223
517 562
473 394
434 467
89 95
310 284
773 857
645 695
645 690
773 863
89 95
434 389
133 201
50 95
985 991
133 223
985 991
89 95
607 526
857 863
261 303
818 773
133 223
601 607
351 306
217 223
89 95
601 607
562 601
261 306
645 729
735 690
601 609
985 901
351 345
434 436
773 831
773 818
607 517
947 920
345 351
562 601
729 735
473 479
473 479
562 607
645 735
5 73
985 946
261 345
818 857
50 95
217 178
607 601
217 133
857 863
389 457
261 354
735 729
773 857
773 863
351 261
50 95
473 479
473 389
991 946
729 690
264 350
601 607
645 690
562 586
735 729
223 133
228 247
95 5
95 89
95 89
389 418
735 690
5 68
249 148
479 473
690 657
735 729
89 5
51 10
517 562
735 690
178 133
5 95
345 351
818 863
773 878
95 50
306 345
389 407
473 434
645 735
946 901
607 517
20 8
479 434
479 389
479 398
863 818
351 345
729 735
351 270
1017 900
389 479
729 759
562 607
5 50
690 735
473 479
601 607
985 901
517 607
857 863
729 645
985 901
479 434
133 217
133 223
473 479
479 434
473 479
178 217
991 985
601 517
133 201
857 818
473 455
179 207
645 729
351 345
178 223
601 607
261 306
89 50
818 863
133 139
306 345
473 434
991 985
607 562
946 991
645 735
389 479
389 479
351 261
690 729
729 690
607 562
261 351
389 473
434 389
95 89
601 607
389 434
991 901
351 345
261 290
690 735
612 563
735 729
5 89
773 863
223 217
991 910
479 473
434 473
857 863
645 735
479 473
690 735
517 535
818 863
690 670
857 863
562 601
351 345
985 991
351 345
351 345
901 946
690 744
857 863
901 969
345 261
434 473
857 818
479 434
690 735
601 607
89 95
145 133
729 688
619 513
562 607
517 559
991 901
351 306
345 351
735 654
863 818
345 351
601 607
479 473
985 946
985 901
223 217
857 773
607 562
50 95
562 623
663 735
473 479
985 991
261 345
345 351
857 863
217 178
306 345
223 217
223 178
473 479
217 223
729 735
601 607
562 517
735 690
351 306
985 946
182 198
863 857
645 690
223 133
645 735
50 95
818 863
217 223
633 526
601 607
5 95
434 473
50 74
95 89
479 463
991 946
95 89
601 607
735 654
566 591
261 306
818 857
5 50
473 479
601 607
946 985
389 449
645 729
863 857
645 729
729 735
89 5
562 601
863 857
178 217
601 609
306 351
562 607
857 773
517 559
217 223
517 601
95 89
473 479
89 95
985 901
985 991
729 645
818 861
901 969
473 434
562 568
217 133
938 947
389 479
345 261
133 178
50 95
645 729
217 133
985 946
735 645
517 557
863 857
607 562
434 426
857 818
562 607
607 535
723 746
773 857
89 95
562 601
729 735
645 690
5 50
729 735
389 479
261 301
863 843
788 776
261 345
306 345
345 351
89 95
19 50
223 178
351 345
306 351
178 223
5 50
729 690
473 434
223 133
645 729
95 89
601 562
901 991
991 985
89 95
351 345
901 991
708 655
607 562
607 601
645 735
345 306
133 223
863 818
708 655
729 690
95 89
389 434
607 517
389 479
95 50
607 635
434 479
217 185
991 946
217 178
223 133
901 991
5 50
178 222
818 863
89 95
985 991
857 863
399 467
217 223
473 479
89 50
690 645
729 690
818 863
735 729
645 729
217 223
473 389
473 389
5 50
773 815
818 863
946 985
306 345
901 985
217 223
351 306
345 351
89 95
434 389
857 891
434 479
690 735
223 133
50 123
5 115
95 50
901 946
261 351
857 863
729 735
735 645
223 133
5 95
1013 991
562 607
434 400
41 26
217 223
645 729
345 261
868 887
901 913
729 735
89 95
89 95
991 985
473 426
863 818
223 217
217 133
735 690
991 901
473 389
182 201
133 178
89 95
217 223
562 636
517 587
351 345
985 901
434 479
985 991
345 306
473 479
345 351
985 991
217 178
351 261
690 729
975 941
773 780
95 50
645 735
89 5
89 95
261 351
351 270
50 5
517 601
863 857
607 630
773 815
863 818
985 991
351 261
261 306
133 223
473 434
562 607
479 434
818 773
261 351
223 142
473 389
985 946
991 985
601 607
345 261
534 517
991 901
261 345
345 351
473 389
645 735
863 857
223 217
389 479
985 991
901 985
95 50
473 479
178 229
479 389
735 690
178 223
261 345
121 32
601 607
89 92
607 601
601 607
50 95
351 306
985 901
95 89
133 175
389 479
562 607
601 607
901 991
473 479
89 95
89 95
773 857
351 345
631 520
729 690
576 628
473 479
857 863
682 691
857 863
601 562
389 479
818 773
735 658
985 991
985 901
351 261
607 601
601 607
389 473
991 985
601 607
729 735
862 777
223 217
562 601
50 89
473 479
735 729
345 306
901 991
818 863
729 735
389 390
857 863
562 607
607 562
314 331
479 434
562 607
133 223
351 345
879 810
985 991
5 73
729 735
705 694
473 479
857 818
345 351
831 800
818 857
985 991
95 89
576 553
217 223
863 857
985 1001
991 946
857 863
133 178
729 735
463 447
479 473
434 389
607 517
913 969
89 5
729 735
389 431
351 340
89 95
389 479
773 810
217 223
217 223
306 345
991 985
89 95
217 223
356 270
217 133
261 351
89 95
261 345
601 562
692 729
901 991
857 863
142 209
389 479
660 704
178 223
729 735
479 473
690 645
991 956
690 735
729 735
178 222
89 50
729 645
95 116
901 991
479 434
217 223
223 217
261 292
50 95
95 89
89 95
389 434
223 217
773 857
690 645
857 773
645 690
607 601
223 133
857 773
223 217
89 50
601 607
863 857
479 434
773 851
729 735
517 607
351 270
217 223
89 95
261 306
95 94
345 351
473 479
50 5
178 223
773 768
479 473
773 818
434 389
991 979
389 479
607 594
95 50
89 50
938 947
991 901
735 729
640 694
735 645
5 95
607 562
473 479
389 431
773 857
735 715
50 13
729 735
479 434
178 148
562 607
985 901
901 946
89 50
217 223
607 601
95 5
991 985
50 95
401 482
690 735
133 209
857 776
946 991
725 690
946 901
261 345
50 95
991 985
857 818
601 517
607 601
580 527
223 217
729 735
991 910
401 505
473 434
690 735
223 142
946 985
217 223
133 175
857 863
178 217
517 607
773 863
857 863
977 909
517 607
351 306
517 607
345 306
50 95
985 991
857 818
389 434
608 587
517 562
690 729
351 261
985 946
217 223
50 89
217 223
991 901
479 473
729 735
50 60
178 133
607 601
434 420
434 479
773 847
857 863
991 946
863 818
645 735
95 5
946 991
345 351
389 431
89 50
133 217
5 95
217 178
217 223
89 116
991 946
601 607
389 473
607 601
863 782
863 857
178 223
901 1017
601 630
42 51
306 351
901 1003
261 306
818 863
178 133
645 729
985 991
863 857
223 178
690 735
217 223
13 107
601 607
473 479
217 212
729 735
863 773
818 857
735 729
991 901
729 735
178 128
389 479
80 50
729 735
306 345
50 95
473 479
434 479
562 607
261 264
857 863
473 479
645 735
857 863
601 562
261 351
89 75
735 763
351 371
517 585
217 133
857 893
5 42
985 991
985 946
607 601
473 479
217 178
562 607
178 217
818 863
479 407
985 991
991 985
345 351
694 715
863 857
306 345
901 991
345 351
50 95
351 306
863 782
261 345
991 985
735 729
889 770
351 345
261 345
133 217
690 735
985 991
223 217
765 695
562 543
575 632
5 95
637 533
351 306
901 991
735 645
434 505
690 729
601 517
857 818
381 326
773 875
773 818
601 517
601 517
562 572
607 562
901 991
345 261
740 654
389 434
5 32
969 985
863 773
532 520
133 217
601 562
50 89
133 223
473 479
217 223
89 5
95 5
217 235
345 351
89 5
25 74
89 95
645 729
607 517
857 863
95 5
479 434
261 345
306 351
389 434
178 223
863 791
818 782
946 985
645 687
946 1005
773 857
645 690
607 601
735 690
601 607
773 818
223 178
95 50
345 351
473 479
863 773
217 141
901 985
479 389
857 863
217 142
479 434
562 601
863 773
985 901
95 89
773 818
178 223
985 991
818 857
819 848
133 223
473 479
991 985
479 389
562 607
143 211
351 306
473 479
217 178
985 991
479 473
89 95
389 434
562 517
735 690
89 50
473 479
985 946
133 223
306 345
95 5
217 223
607 562
857 818
773 818
818 785
374 298
517 559
517 607
345 351
645 735
601 607
389 481
434 479
863 857
434 473
95 5
857 863
901 969
985 991
562 607
479 473
50 95
857 863
729 756
517 607
901 979
857 863
345 306
89 95
509 479
473 479
946 985
473 479
773 857
562 607
517 607
607 562
735 729
217 178
133 184
735 645
505 404
601 562
729 735
166 178
261 306
819 810
601 607
306 284
946 916
434 479
434 479
517 562
946 985
178 220
389 479
773 857
89 95
773 863
773 863
818 773
223 253
473 389
985 946
217 223
938 947
773 857
178 217
562 607
217 133
133 178
351 306
961 979
562 607
818 863
735 729
5 95
607 517
434 479
690 735
601 607
553 638
345 351
217 133
351 270
217 223
947 995
809 847
89 95
178 223
735 729
50 89
517 607
479 473
562 607
690 657
601 607
601 607
351 345
479 473
607 562
89 5
758 653
223 217
50 89
645 735
261 351
857 863
607 535
50 95
901 946
133 178
690 747
991 946
985 991
729 645
95 50
729 690
133 223
95 5
178 217
773 818
901 991
217 133
473 479
434 442
857 863
822 873
607 601
473 479
991 985
479 389
50 95
133 217
223 217
217 247
991 985
345 351
217 223
261 345
985 991
345 261
351 348
985 991
818 834
863 798
857 818
426 435
345 351
985 991
857 773
863 818
991 901
217 223
133 217
562 607
223 217
351 345
863 818
223 142
607 601
389 479
217 178
601 520
89 50
351 306
690 645
985 991
50 89
95 14
601 517
434 479
720 690
716 734
562 607
50 116
946 991
473 479
336 306
223 178
473 479
54 33
946 991
479 473
217 223
479 434
601 589
729 735
690 735
89 95
434 479
601 607
479 398
404 392
735 729
773 857
113 58
50 95
857 818
946 991
261 303
645 735
729 735
735 690
735 690
223 178
479 434
473 479
991 901
351 345
50 95
773 863
345 357
389 419
217 223
946 947
985 991
223 178
645 759
946 991
857 818
389 404
991 946
818 863
479 473
473 387
345 306
735 729
729 735
729 735
5 95
863 857
479 460
473 483
389 434
479 434
863 857
818 781
729 690
862 804
607 535
857 863
729 690
389 457
735 729
818 857
217 223
517 601
217 223
434 410
473 479
985 901
5 95
601 607
729 690
133 223
223 217
95 89
133 217
735 719
818 863
223 178
729 690
832 781
645 713
306 351
863 857
601 517
351 345
995 901
479 473
217 220
937 946
125 29
89 95
434 398
729 690
985 901
50 5
261 306
306 311
773 863
89 95
89 79
991 925
773 863
351 345
818 863
901 971
473 479
562 601
562 601
351 261
89 50
818 863
389 479
857 863
735 729
773 818
601 517
306 351
434 479
473 410
863 857
95 89
946 991
601 607
857 773
607 562
217 223
517 601
389 473
690 735
389 473
562 601
178 184
64 46
306 345
95 5
985 901
217 223
901 1009
735 663
345 351
985 991
901 991
601 562
345 351
89 95
818 857
607 562
261 306
5 50
473 479
434 479
729 735
306 351
791 863
479 401
465 426
223 151
773 863
601 607
345 306
50 20
473 479
863 845
607 601
50 95
607 601
434 499
398 465
985 901
351 345
517 601
178 223
991 985
601 607
946 991
389 434
946 958
223 178
377 374
89 50
95 50
345 351
479 473
389 434
217 178
562 607
50 95
857 863
95 50
133 178
818 857
645 735
996 910
985 991
729 735
351 270
5 89
985 901
473 462
223 133
89 5
95 50
735 645
910 977
473 479
351 339
479 434
95 89
133 223
857 863
479 434
217 223
223 133
351 306
863 818
5 89
901 946
517 611
740 759
434 479
434 389
818 773
89 50
991 901
223 141
735 729
473 479
345 261
729 690
351 345
729 735
863 857
306 351
95 89
607 517
753 698
985 991
517 607
223 133
601 607
95 50
729 690
50 95
735 729
306 351
901 991
473 479
95 23
657 652
985 946
985 991
690 729
863 857
690 735
345 351
217 223
217 242
345 351
473 434
345 261
517 562
95 50
985 901
863 860
729 735
89 95
607 526
601 517
434 479
473 479
434 479
133 223
562 517
95 89
306 345
562 612
985 991
306 351
810 819
217 223
351 306
901 985
645 729
857 863
863 857
517 591
473 434
434 479
645 690
479 473
473 479
601 607
351 306
217 223
479 434
50 9
705 670
857 863
50 95
345 351
690 735
479 434
773 863
261 306
95 89
389 473
95 89
351 345
773 863
14 81
473 479
438 481
607 601
607 601
985 991
95 50
50 101
473 479
729 645
729 735
601 607
5 89
532 520
991 919
261 306
985 991
479 386
261 351
946 991
601 517
193 135
463 438
985 901
351 345
570 625
788 832
729 735
306 351
351 261
729 690
681 756
50 95
133 223
89 50
985 896
690 645
991 919
901 991
345 351
857 818
946 901
479 398
303 261
575 608
601 517
645 729
434 389
95 89
601 562
422 483
448 467
276 320
517 607
832 793
985 991
351 261
351 266
729 735
517 562
50 95
863 788
5 89
607 601
911 975
434 473
192 234
785 804
901 946
723 654
601 562
178 223
735 690
985 946
985 991
990 938
89 95
479 434
901 961
351 261
601 607
479 389
434 479
773 857
223 178
479 476
645 735
607 562
447 504
217 223
261 306
217 178
434 479
217 133
95 89
261 345
690 645
818 863
857 818
261 351
630 577
607 526
601 607
389 431
753 698
601 607
306 351
901 991
217 201
23 95
901 929
352 290
818 863
690 735
261 345
985 991
95 89
517 558
5 89
261 345
607 601
362 354
89 95
434 479
562 607
50 34
729 690
818 863
50 95
645 690
261 345
985 901
223 133
818 857
5 95
645 691
901 969
223 133
607 622
89 41
682 761
857 863
224 130
178 133
50 95
345 306
818 863
991 985
735 690
690 663
351 345
89 95
735 645
517 607
479 434
773 815
607 535
601 607
217 223
529 637
735 690
345 351
857 779
389 479
991 946
217 223
645 735
946 991
223 133
690 645
818 863
645 690
50 95
863 857
601 562
261 345
89 50
601 562
645 690
352 322
863 773
223 178
261 351
645 729
345 351
133 217
345 351
773 863
517 601
690 735
863 773
351 306
901 946
473 479
601 517
601 517
223 217
818 785
690 746
991 946
532 576
690 735
178 223
434 473
223 133
434 389
345 306
729 676
479 389
690 715
648 729
223 178
857 863
729 735
458 484
946 991
985 991
562 607
991 901
434 389
345 351
45 95
473 479
479 473
645 735
901 946
479 389
985 925
50 95
991 985
351 345
645 690
863 773
473 434
985 991
50 85
985 991
217 223
297 365
690 735
95 5
479 473
607 562
818 864
773 852
306 370
562 607
773 857
351 345
606 557
269 363
645 735
5 95
479 473
959 1016
655 723
985 901
89 54
601 562
818 773
735 729
991 967
133 217
818 857
735 729
473 479
434 479
434 389
217 223
217 178
985 991
857 773
985 946
178 223
517 607
863 791
601 575
5 50
729 735
261 329
209 170
735 729
351 345
89 85
89 78
863 773
5 89
95 89
703 760
946 991
473 434
553 535
601 607
89 95
133 223
479 389
857 863
479 434
217 223
690 645
306 351
901 991
217 178
857 878
773 816
601 607
517 601
50 95
729 735
773 863
818 863
857 773
479 434
178 217
261 306
217 223
991 901
351 345
89 5
345 351
261 351
217 151
41 112
601 621
351 345
690 645
306 351
822 844
89 95
89 5
562 607
735 729
351 306
985 991
133 217
822 889
125 70
434 479
89 5
434 387
857 818
345 351
473 479
89 50
517 562
223 217
377 258
345 351
601 607
345 261
985 991
119 123
261 345
389 479
645 729
729 658
857 863
473 434
645 713
773 857
217 178
985 991
818 863
133 244
729 735
985 901
95 89
217 223
133 178
773 857
729 735
863 773
901 991
5 47
223 217
607 562
133 178
479 473
5 50
729 690
601 517
50 95
773 863
729 645
562 601
607 562
434 389
89 95
95 50
473 479
985 946
735 645
217 223
991 985
773 818
143 207
818 863
217 223
261 306
517 562
607 601
601 607
345 306
351 353
133 217
863 773
607 517
985 901
601 562
209 228
398 389
773 841
601 607
991 985
217 223
345 261
389 431
607 517
607 601
735 645
473 434
611 601
133 223
389 473
351 261
773 788
217 223
223 203
473 434
985 966
901 991
946 991
645 750
901 946
985 991
889 863
729 735
729 735
607 562
645 729
704 735
261 351
217 133
751 710
217 178
133 223
178 133
901 991
50 95
901 991
217 133
217 213
178 223
223 217
5 95
562 631
729 735
818 893
901 991
479 473
601 607
645 711
690 735
562 517
345 306
601 517
773 863
223 178
186 207
217 223
89 119
196 142
601 607
607 601
857 818
179 170
851 783
645 656
601 517
319 376
389 473
937 896
306 378
645 735
735 645
729 735
63 96
729 735
306 345
217 223
133 217
178 217
818 838
633 636
735 645
735 729
306 351
562 607
223 217
217 223
985 991
345 351
729 690
562 625
857 863
607 601
991 985
389 479
473 434
575 632
607 601
608 543
729 735
261 351
133 253
863 857
818 773
479 398
517 601
50 5
517 596
351 345
857 818
345 261
133 223
89 5
735 729
473 389
562 522
5 51
517 601
178 223
5 89
607 562
133 223
985 991
178 217
773 818
119 124
224 213
818 863
991 985
818 814
857 773
645 713
50 82
50 95
223 151
729 735
351 345
261 345
857 773
95 50
946 991
389 473
479 389
863 857
479 417
729 645
645 690
985 1006
434 479
735 654
133 223
306 351
783 802
178 217
223 217
435 459
690 729
89 95
562 601
729 750
911 975
601 517
351 306
735 729
345 256
50 95
562 607
89 50
863 818
50 95
365 351
645 735
434 479
857 883
5 50
261 351
217 178
607 562
497 467
261 362
863 851
645 751
434 479
901 985
739 692
261 306
351 306
345 306
645 729
690 729
133 178
901 991
562 596
5 89
857 863
985 946
83 15
261 351
473 479
991 901
217 223
345 306
517 607
857 863
349 261
5 89
314 315
985 901
985 901
5 17
306 261
169 208
479 473
306 351
217 223
217 178
735 690
50 95
351 261
261 351
601 562
217 223
473 479
729 645
389 479
178 223
179 154
345 351
479 407
479 434
773 863
345 261
479 473
95 89
89 95
345 351
601 562
479 442
818 773
5 95
479 432
735 729
607 535
517 607
351 345
261 306
857 863
517 601
345 351
473 389
345 351
690 645
985 991
345 306
95 89
619 525
345 351
946 985
946 985
306 351
863 782
1014 995
178 223
991 985
601 517
95 112
601 607
351 270
89 5
89 50
729 735
434 389
985 946
89 5
863 857
261 345
223 217
50 5
601 607
479 434
217 133
863 773
351 306
222 154
306 338
351 261
473 479
562 517
434 397
851 783
261 345
483 389
985 946
473 389
607 526
857 773
690 735
946 998
517 562
178 223
306 345
473 479
773 818
735 645
261 306
901 991
473 479
773 863
351 261
89 95
306 351
68 15
89 5
991 910
217 200
645 729
89 95
75 83
863 857
389 479
133 178
306 351
345 351
729 735
241 217
901 944
862 878
389 479
979 975
818 773
223 217
196 143
690 735
645 729
389 479
95 5
261 306
735 729
607 601
389 457
133 178
223 178
946 991
857 818
911 930
95 89
178 223
901 991
773 818
818 857
690 645
89 50
351 345
985 946
729 735
946 991
562 592
89 95
729 735
351 306
133 201
5 89
5 95
345 351
389 479
607 517
133 217
261 306
261 351
89 95
473 389
946 991
479 389
351 291
607 601
857 863
389 434
178 223
847 822
89 95
50 95
261 345
607 562
267 355
89 95
729 690
133 217
178 223
345 351
178 223
473 434
759 763
607 601
351 261
261 329
479 473
901 991
946 901
773 857
434 479
223 178
818 863
991 919
133 201
901 946
729 735
223 217
863 857
901 991
5 89
773 815
729 690
991 919
50 30
773 863
735 690
223 178
601 607
95 89
261 351
901 946
991 910
607 517
223 133
261 351
773 857
729 735
89 5
50 93
223 217
562 601
773 825
261 351
95 50
223 217
645 729
94 66
178 223
607 517
818 773
50 95
607 535
217 223
863 857
178 223
345 306
517 601
938 947
217 223
607 562
857 773
381 351
351 345
607 601
50 89
89 94
345 270
143 151
517 559
735 715
739 705
708 655
985 991
985 991
217 178
517 601
773 863
479 473
773 863
473 389
562 607
64 83
857 866
863 857
729 720
690 681
89 5
857 863
703 736
863 818
562 633
946 991
735 729
133 178
217 223
434 479
271 339
89 95
857 818
857 863
95 89
473 434
607 601
818 773
729 690
863 857
5 73
517 601
729 690
434 479
901 946
985 991
89 95
818 773
773 818
473 479
89 10
479 473
985 901
249 189
178 223
389 479
5 89
985 991
991 985
223 178
345 306
479 389
345 351
690 735
729 723
133 205
773 863
985 991
217 133
660 648
178 223
991 946
95 5
479 434
991 985
434 479
729 645
351 345
901 991
5 50
985 991
473 434
217 192
5 89
690 695
306 261
991 913
862 833
690 645
991 901
50 95
645 690
95 50
133 217
473 479
857 863
426 389
857 863
434 479
901 991
947 976
863 857
863 818
735 729
473 479
729 645
645 735
89 50
991 910
607 601
645 735
351 345
5 50
351 266
306 302
95 89
739 644
50 89
479 473
434 473
479 473
517 607
698 645
351 301
351 261
735 690
985 991
562 607
863 834
729 735
5 95
224 241
58 113
857 863
601 607
145 190
479 398
691 740
773 835
645 757
863 857
217 223
985 991
985 991
857 863
580 527
601 607
89 50
223 217
473 389
89 95
576 608
217 133
857 863
601 607
863 857
946 985
473 389
601 517
601 607
351 261
607 601
95 89
223 217
223 217
389 479
479 473
773 818
773 815
217 133
735 645
818 863
95 5
261 345
645 729
818 863
863 818
735 729
863 857
434 479
818 811
345 351
351 261
473 479
182 168
563 612
991 946
351 261
473 432
95 89
345 351
178 223
351 345
438 408
5 110
985 960
133 178
729 735
223 133
773 818
217 223
389 467
95 89
123 119
916 960
95 50
345 351
857 773
863 773
95 89
601 600
345 306
95 5
50 95
690 735
946 991
89 50
729 735
857 863
89 16
217 178
223 178
133 223
223 217
434 479
607 515
95 50
223 133
217 223
601 554
857 773
729 735
645 735
217 223
217 227
178 223
95 50
985 991
261 351
17 110
223 142
857 863
434 479
562 607
729 645
389 434
479 434
50 95
5 89
50 95
473 479
345 351
217 223
479 434
857 773
901 991
729 690
133 223
379 375
562 601
223 133
95 5
857 863
217 133
217 223
863 818
818 773
345 351
607 601
901 946
735 729
222 187
95 93
434 389
95 89
682 721
5 95
729 690
655 674
479 473
133 175
95 50
217 178
434 473
857 768
818 828
645 735
857 863
100 14
601 607
306 351
911 930
217 223
473 434
991 901
818 863
345 306
345 261
223 133
645 660
863 857
601 562
473 479
729 687
50 95
601 607
985 991
607 562
133 223
479 473
434 394
479 389
261 368
601 554
261 306
946 1013
645 729
735 729
306 351
517 607
735 729
517 607
95 23
729 735
178 133
50 74
89 95
133 145
916 960
345 351
818 857
901 991
434 385
306 351
735 663
389 473
901 991
5 89
434 389
50 5
217 145
351 261
479 429
607 517
991 901
562 607
729 690
345 351
217 239
818 857
601 517
345 351
133 217
601 513
89 95
601 562
473 434
306 351
818 863
517 601
857 863
735 729
959 992
50 5
473 479
389 479
735 690
563 624
89 51
607 601
479 434
985 991
901 946
306 261
985 991
479 434
89 95
261 345
863 857
502 495
20 123
178 217
773 863
50 95
479 473
217 223
345 351
517 607
601 517
95 89
857 863
1009 970
857 863
389 506
223 217
223 178
95 5
178 227
5 95
473 434
901 991
562 607
946 991
601 607
345 306
133 178
438 390
178 223
217 223
89 95
645 735
841 773
50 95
351 279
832 788
261 351
607 529
991 901
223 217
217 223
729 735
867 768
133 223
223 178
601 607
473 435
607 601
473 389
901 943
960 913
729 735
434 389
607 628
351 345
901 972
89 95
217 133
345 306
562 622
473 479
991 989
562 607
645 687
351 261
178 133
133 223
389 473
985 993
50 95
448 397
479 473
345 351
607 601
473 434
479 473
345 261
991 985
985 901
729 735
261 345
352 282
95 89
89 50
50 5
389 442
985 901
473 434
607 601
217 223
788 889
901 946
50 95
729 690
133 175
836 783
818 794
479 431
729 735
434 479
223 142
607 562
133 223
479 473
517 585
562 601
89 95
479 398
95 89
645 761
818 863
479 389
985 946
607 601
50 5
607 601
576 636
389 409
601 607
601 607
99 95
946 991
479 434
818 863
607 517
773 857
178 223
734 752
991 946
5 95
178 188
601 607
863 782
217 223
517 601
729 739
345 351
901 946
434 495
479 434
178 223
735 729
863 818
985 991
645 729
95 50
50 95
89 114
991 985
601 607
479 473
50 65
690 735
178 189
832 776
773 777
148 136
89 94
306 351
479 473
473 479
89 50
178 133
992 934
497 442
33 51
95 89
607 517
690 735
261 351
89 5
601 562
985 991
351 306
473 479
345 261
562 521
473 479
95 89
901 985
857 818
857 782
213 193
735 691
889 791
50 89
345 351
729 735
773 818
479 473
857 863
434 479
89 95
985 978
345 306
645 729
178 223
857 818
261 306
473 435
601 562
607 601
261 351
351 345
562 517
473 479
863 818
351 345
773 863
991 926
735 690
89 95
50 91
217 223
818 773
857 818
261 351
985 991
517 601
5 47
351 345
89 95
857 818
503 507
773 857
217 223
178 223
729 717
517 562
5 89
217 223
991 901
773 875
773 863
863 773
89 95
470 473
735 729
901 991
351 261
95 5
473 479
89 95
473 479
645 718
217 239
306 345
306 299
389 473
261 306
401 502
434 437
261 351
863 782
345 306
89 23
991 946
217 223
901 985
991 946
607 596
857 861
178 249
5 50
89 5
863 818
773 863
735 641
863 857
479 473
182 130
857 773
479 473
985 991
89 95
473 479
562 601
133 175
306 261
729 735
773 863
729 735
773 863
735 763
473 479
729 735
351 345
729 645
5 89
351 355
448 458
351 345
959 992
320 341
345 372
223 133
479 494
729 711
217 178
562 607
863 818
607 601
857 863
89 95
857 818
607 601
946 991
601 595
178 253
729 690
601 562
601 517
276 379
133 223
389 457
863 857
133 223
50 89
601 607
217 223
389 473
601 607
773 857
1021 966
601 594
345 351
901 985
217 149
863 818
735 729
261 351
351 345
729 735
607 517
261 345
217 223
788 776
773 857
729 703
601 607
729 735
729 735
479 434
345 306
735 729
517 562
473 389
995 896
133 223
946 985
89 50
217 133
434 479
228 182
645 690
473 479
601 607
901 946
863 818
959 975
479 473
351 345
5 89
306 261
991 985
355 317
991 901
178 223
857 818
42 81
607 562
901 991
95 89
735 729
473 479
985 991
235 141
89 95
89 95
434 401
985 991
703 719
601 607
89 5
788 832
178 223
95 89
473 479
350 309
690 729
261 351
95 89
484 503
434 479
95 50
321 277
95 89
473 479
5 95
946 991
95 23
857 863
223 178
369 306
729 735
857 863
601 607
50 95
863 857
95 46
178 133
223 199
818 773
479 434
5 95
985 991
434 473
946 985
389 479
562 580
178 133
729 645
95 50
729 645
562 607
473 389
389 434
345 306
95 50
479 473
773 863
5 95
479 473
434 479
89 73
50 95
729 735
863 782
479 481
217 223
985 991
607 562
857 863
5 95
857 818
985 991
351 279
224 223
818 863
261 303
782 863
601 607
562 607
14 81
985 946
89 50
985 991
306 351
818 863
601 607
95 5
89 95
946 985
479 389
607 601
857 818
50 54
345 351
601 607
345 351
601 517
345 261
562 517
773 863
473 389
857 818
645 735
133 217
479 389
95 23
901 973
991 985
178 223
601 607
95 14
95 50
434 473
690 657
601 607
223 199
729 735
562 607
5 95
345 261
261 303
645 729
345 351
773 863
991 903
345 306
345 306
690 729
857 863
729 690
773 791
306 351
434 435
217 133
729 735
345 351
89 5
901 991
985 991
863 818
901 947
946 916
601 607
818 773
847 851
690 735
773 863
735 645
857 884
863 857
991 985
389 473
479 473
985 901
562 595
985 991
985 991
517 607
517 562
351 306
818 778
217 223
89 95
133 201
261 306
690 735
611 616
601 517
51 8
306 351
601 586
217 223
479 434
517 637
351 345
479 473
991 975
306 282
89 17
857 818
729 735
345 351
64 0
217 133
601 607
473 479
985 991
735 729
473 434
562 607
345 351
881 826
985 991
517 601
223 217
818 839
178 223
985 946
261 345
985 946
607 601
690 735
261 351
479 473
223 142
818 857
818 862
985 991
901 904
178 223
89 95
729 735
351 306
901 985
517 522
729 645
580 553
133 217
761 734
863 857
601 562
645 690
351 306
389 434
863 857
601 562
517 607
863 823
223 217
601 562
50 95
690 729
991 943
345 306
479 473
857 773
863 818
217 223
991 985
985 901
133 201
562 601
5 89
479 434
818 815
601 607
95 5
434 473
857 863
133 217
607 517
223 178
345 351
223 133
50 121
363 269
991 910
857 773
964 911
95 89
95 50
479 434
901 946
601 562
773 863
901 946
217 223
818 842
473 479
261 351
223 133
479 434
960 909
89 95
389 431
217 223
601 607
985 946
389 479
729 735
562 538
479 473
601 607
306 345
863 818
863 857
517 607
985 991
306 351
985 991
601 517
607 532
473 479
261 345
991 985
434 479
857 810
217 223
133 217
5 47
729 711
95 89
690 645
985 991
95 71
773 863
863 773
831 888
818 857
991 985
947 938
645 729
261 345
479 473
479 473
593 517
601 562
306 351
479 434
473 434
89 95
562 607
473 479
345 351
517 559
473 479
306 345
217 143
857 839
479 404
389 392
901 937
389 479
89 95
505 399
5 89
601 516
389 473
473 434
389 473
857 863
479 434
473 479
133 224
351 306
178 223
991 961
991 985
351 306
863 857
345 351
863 857
389 425
532 576
398 479
773 818
729 735
645 690
773 857
306 261
863 857
217 223
345 351
68 15
773 857
645 687
298 307
562 607
389 457
857 863
729 735
729 645
729 735
645 735
562 601
306 270
601 607
901 991
863 773
735 729
562 601
434 479
517 607
345 351
261 329
217 178
645 648
991 901
863 851
89 95
389 479
178 223
946 985
345 306
351 306
601 517
863 857
773 818
517 601
479 434
607 601
306 351
306 351
89 95
601 554
991 946
95 89
223 133
985 991
473 479
223 133
345 351
729 690
863 818
345 351
818 863
729 690
307 356
818 863
95 50
50 95
41 28
125 95
133 217
729 735
89 95
473 466
306 351
217 223
261 351
985 901
261 351
95 89
690 735
735 729
133 188
306 351
223 217
133 223
95 50
345 273
645 746
773 818
645 687
863 857
89 95
50 95
50 95
729 645
89 95
735 690
473 389
601 607
729 645
991 985
783 851
473 434
434 479
601 607
5 89
729 735
261 306
863 857
217 133
306 351
324 270
857 818
217 178
118 65
645 729
479 391
217 194
735 729
345 351
217 178
479 473
223 199
985 991
345 351
223 217
473 434
89 5
223 133
95 5
607 555
985 991
690 729
946 985
95 89
50 95
479 434
345 351
901 985
125 44
473 479
562 607
601 607
645 735
89 95
95 50
389 479
773 863
645 729
607 517
690 645
991 901
562 601
562 607
223 217
261 351
389 431
729 690
223 235
735 654
645 690
50 95
94 60
996 1015
64 21
434 479
946 985
479 389
690 685
133 217
473 479
607 601
601 607
479 434
690 735
901 991
735 645
645 735
95 10
818 857
645 701
351 261
479 473
946 959
735 645
735 729
5 34
985 991
178 223
946 985
607 517
306 261
773 818
607 601
901 946
95 5
345 306
729 648
479 398
223 251
818 857
50 19
773 815
479 389
857 818
5 95
351 306
223 217
133 223
261 351
345 351
217 142
735 729
601 573
857 863
178 133
345 261
991 962
601 607
89 95
607 601
601 607
601 607
261 351
818 863
223 178
389 473
217 223
389 473
645 735
89 95
690 703
875 781
473 479
345 351
857 863
389 479
217 223
389 479
17 67
473 479
881 826
857 863
863 773
857 863
607 562
735 729
729 735
345 261
607 601
788 832
223 178
517 607
868 887
389 435
351 345
345 351
985 991
517 585
345 351
306 351
985 991
178 223
89 95
690 729
306 351
601 607
645 735
985 901
178 223
223 178
261 345
901 991
50 89
735 690
826 792
857 863
178 223
690 735
298 339
5 89
857 863
345 306
612 631
223 251
145 250
261 351
857 863
517 559
434 389
89 5
434 479
607 517
351 306
985 946
479 473
95 89
985 991
729 735
645 729
773 886
95 50
729 735
178 223
351 345
601 607
5 50
729 735
5 89
479 473
89 95
985 991
261 345
434 479
863 818
5 89
690 735
50 5
217 178
517 601
857 863
857 818
645 735
351 261
517 631
389 434
306 351
217 223
562 517
566 548
946 991
735 690
959 1016
734 744
479 473
217 223
351 345
345 351
729 735
818 863
178 223
351 306
261 291
345 351
563 575
517 585
607 517
645 690
306 351
223 217
901 991
562 601
562 601
793 847
479 389
261 351
991 985
645 735
222 172
345 261
946 916
601 607
857 863
562 558
857 863
261 345
857 863
217 133
517 607
217 133
985 991
985 991
94 80
306 351
306 351
345 351
818 857
690 735
186 217
690 735
178 223
473 479
985 991
818 890
178 199
133 223
178 209
991 946
261 345
351 306
985 946
991 946
5 89
223 217
479 473
335 310
5 50
479 389
261 351
857 818
601 607
857 863
5 89
261 351
145 233
223 178
5 89
223 178
389 431
351 306
351 345
223 184
133 217
562 607
473 479
735 729
261 303
607 517
351 331
601 607
351 345
351 270
261 352
178 223
857 818
479 473
116 89
863 862
863 773
532 576
901 985
773 863
217 223
729 735
729 735
351 306
50 95
306 298
261 306
473 434
690 645
773 891
857 818
473 479
601 607
351 345
217 223
434 479
5 50
438 507
95 42
389 473
601 562
226 217
50 89
223 133
857 863
729 645
517 607
946 985
473 479
473 479
217 223
857 852
690 729
562 517
601 562
50 86
729 645
857 818
95 23
857 773
223 142
809 854
729 735
345 351
261 306
434 479
89 95
351 306
729 735
89 5
345 351
875 781
95 5
169 250
991 985
946 991
818 804
863 874
607 562
645 735
857 818
50 95
261 351
5 8
592 562
562 607
95 89
95 89
985 991
95 45
735 645
593 576
607 562
645 735
95 50
977 960
985 991
916 960
690 735
95 14
901 1021
50 95
517 601
133 202
178 133
473 434
532 576
95 50
473 479
351 306
306 351
985 901
517 550
690 645
729 690
985 991
435 447
434 473
178 223
729 645
601 526
222 148
5 95
50 95
690 735
479 434
351 279
562 607
505 404
186 203
434 389
773 857
351 261
735 729
479 389
517 607
517 607
50 5
985 953
5 89
473 479
704 723
950 1016
517 601
20 8
223 169
773 863
178 223
389 473
345 261
901 991
690 735
857 863
217 223
863 891
479 473
729 735
735 645
601 607
473 479
946 905
89 14
863 857
901 985
985 905
223 217
434 509
64 23
345 351
261 351
306 351
351 345
5 89
50 95
607 562
946 991
473 479
857 863
5 20
729 690
517 607
729 735
89 95
901 991
463 399
351 345
863 857
369 261
375 264
5 73
89 95
50 95
645 713
1015 991
863 818
729 735
601 607
345 351
389 473
607 601
607 551
479 473
246 217
607 601
271 339
133 217
570 624
389 434
773 818
729 645
601 607
690 701
178 217
389 479
601 517
857 863
517 562
857 818
351 261
863 857
389 473
89 66
217 223
479 464
473 479
473 479
223 133
94 105
479 473
217 223
345 351
772 818
607 535
607 512
473 479
351 306
690 735
479 389
345 261
517 522
857 773
217 209
276 264
217 223
691 704
991 953
576 562
217 178
601 607
484 503
901 985
773 863
517 562
991 919
223 217
351 279
1007 910
517 607
991 946
5 95
517 607
5 89
857 773
729 690
857 863
857 863
517 607
345 351
562 601
178 223
857 863
729 735
517 607
729 735
389 434
178 128
694 670
321 313
607 575
991 1000
562 607
607 601
95 89
178 217
133 217
133 223
345 351
863 857
985 991
773 844
345 351
901 991
223 133
89 5
607 601
261 306
818 863
5 75
857 863
991 901
991 985
479 473
178 212
223 166
901 991
517 601
95 5
517 601
645 729
261 306
95 50
601 607
217 223
178 171
473 479
89 95
818 773
607 601
389 483
729 749
389 479
389 434
434 389
601 517
819 824
306 261
389 473
857 782
857 863
223 133
857 818
562 517
985 946
857 863
484 398
261 345
351 306
95 5
735 729
607 601
735 729
345 261
729 735
690 729
660 648
773 863
133 217
985 951
89 5
729 735
857 863
735 729
773 863
223 178
223 217
351 306
607 535
991 985
863 773
946 991
345 351
261 351
276 320
479 473
818 836
601 607
178 223
217 223
473 479
985 991
81 42
95 89
729 735
89 95
601 607
562 561
50 53
946 980
729 734
827 838
601 607
17 44
729 735
345 351
473 479
857 773
50 5
178 149
51 45
389 473
553 527
345 351
946 991
178 249
95 5
946 985
985 901
517 562
178 223
863 791
690 662
729 735
857 818
708 681
729 735
217 133
217 223
434 479
729 735
517 601
832 830
607 601
70 42
5 95
729 645
607 517
170 222
50 95
328 345
345 351
985 991
223 217
133 217
479 473
645 690
645 735
517 551
601 607
306 351
64 13
473 479
690 645
729 735
95 50
306 351
473 456
991 985
517 562
946 941
223 151
133 223
1009 954
857 818
818 863
217 194
223 217
217 223
601 607
306 351
448 392
307 312
217 213
985 991
857 863
857 863
178 133
857 863
729 735
645 729
601 562
818 889
95 50
223 178
434 398
863 857
566 531
95 50
345 351
389 473
554 593
270 337
729 735
217 223
434 473
735 729
95 5
901 991
479 507
355 290
729 735
89 5
773 863
95 89
857 892
893 784
863 818
345 351
50 95
217 133
863 857
607 601
217 212
946 991
773 863
95 89
857 863
517 607
345 351
985 991
351 279
178 133
607 562
434 441
217 223
223 251
473 479
735 690
517 575
607 601
345 351
261 351
217 133
562 601
306 280
517 601
690 645
261 351
145 243
607 601
95 89
89 95
857 815
645 735
889 878
223 217
985 991
901 946
273 324
178 133
991 946
690 735
645 690
607 517
95 89
351 260
913 970
946 991
991 985
178 223
517 607
985 946
645 735
991 946
735 690
601 607
89 95
178 133
5 95
645 735
345 351
133 223
89 5
607 512
946 1018
773 863
217 223
50 95
645 729
473 479
607 517
473 479
773 857
562 607
601 607
985 991
479 398
223 142
863 773
863 791
306 351
217 223
473 389
351 306
818 788
473 479
429 473
178 133
261 315
351 261
985 991
89 17
351 274
735 729
178 223
562 517
473 479
562 607
5 82
946 991
607 601
95 89
89 50
435 447
818 863
985 946
223 217
5 89
473 479
217 223
473 479
985 991
247 251
178 217
479 473
217 223
901 991
89 57
601 562
857 818
562 607
985 901
729 690
690 735
607 601
178 217
217 178
735 729
818 773
434 473
133 217
517 601
5 50
345 351
306 261
89 95
133 201
223 178
517 607
985 991
479 473
223 178
178 223
133 223
601 517
351 345
99 96
217 223
857 863
645 674
89 5
50 95
991 946
857 818
863 857
601 583
857 809
690 735
517 607
345 351
239 170
991 946
133 223
217 223
985 991
607 601
133 178
434 389
710 746
735 690
773 863
351 306
863 791
901 987
345 351
863 857
223 217
178 223
517 601
901 985
89 95
133 201
818 842
89 47
985 901
562 607
645 687
479 452
5 50
89 95
223 217
645 735
89 95
946 985
773 786
863 773
217 133
307 298
601 607
434 479
729 735
261 351
863 818
857 863
517 607
389 479
479 473
223 133
434 479
133 201
5 50
434 473
395 509
729 690
217 133
95 89
479 389
306 351
223 217
223 217
389 473
610 559
773 863
473 479
607 562
345 306
261 351
345 351
690 645
217 223
773 863
601 607
517 562
351 279
991 995
351 306
351 306
223 178
434 479
735 729
217 133
50 95
473 434
261 363
773 863
773 841
857 773
217 223
601 517
607 601
946 991
607 555
607 601
50 95
901 991
89 50
985 901
946 985
607 601
818 811
901 991
217 223
601 607
351 261
95 5
479 473
217 223
773 863
645 729
479 434
562 607
773 863
479 389
217 133
916 960
562 607
645 690
351 282
192 168
345 351
217 223
133 217
223 178
862 832
857 818
645 690
434 475
99 1
345 351
562 603
729 735
601 526
89 5
351 345
645 690
95 89
946 991
985 946
857 863
345 351
345 351
601 607
562 519
818 857
389 434
773 893
217 223
83 14
217 223
473 479
345 351
178 223
261 285
645 690
985 967
735 729
857 863
517 607
473 479
5 95
901 985
473 389
991 946
735 729
601 562
863 857
729 687
345 261
261 345
901 991
95 89
435 507
985 946
223 133
773 863
985 991
479 470
607 564
946 991
271 290
985 991
857 863
50 95
306 261
133 201
863 818
351 306
863 818
601 607
985 991
857 863
5 50
601 605
735 690
473 479
818 857
739 742
991 985
645 662
351 345
985 991
607 635
645 663
89 95
473 477
946 991
991 985
479 473
345 261
261 345
178 223
562 636
351 261
89 5
479 389
645 735
729 735
729 735
517 526
857 776
389 434
991 985
56 53
991 946
735 690
261 351
729 645
473 479
991 919
857 863
562 607
89 26
89 10
178 133
729 735
261 374
831 847
306 366
729 690
95 83
562 607
217 223
178 217
562 601
991 979
991 946
818 863
345 351
434 479
645 690
389 473
601 607
601 517
985 991
223 217
857 863
389 425
473 389
479 434
351 345
217 223
389 483
473 479
351 261
601 562
461 434
601 607
276 264
389 479
977 938
95 50
517 601
740 654
95 23
473 479
217 223
404 392
89 95
654 721
607 601
133 178
50 95
601 562
217 223
818 863
170 179
773 863
5 95
89 95
946 901
562 533
178 133
607 517
601 607
735 686
645 729
985 991
601 562
473 479
217 223
434 479
133 178
985 991
607 601
863 857
306 285
95 89
818 789
89 95
473 389
863 818
473 479
89 95
89 50
345 351
345 261
818 773
729 735
50 95
95 63
863 857
863 851
946 901
306 345
389 473
607 517
261 333
735 729
818 863
50 95
517 563
261 306
729 735
95 89
217 223
857 863
345 351
601 607
607 517
261 303
729 690
690 729
562 517
729 735
690 735
473 389
773 818
773 863
50 5
985 934
473 479
95 5
863 857
729 735
34 79
735 690
306 261
351 306
694 690
562 633
306 351
389 473
690 735
351 306
729 735
729 735
607 601
857 863
562 607
351 306
991 946
735 645
306 357
601 607
389 438
729 733
261 306
217 178
773 857
562 607
729 690
479 473
479 473
50 20
601 607
991 985
946 920
178 223
946 991
389 457
95 50
562 607
89 95
857 863
901 985
479 473
178 249
345 351
479 389
863 857
479 407
690 740
434 389
299 306
335 339
985 991
479 398
991 901
261 351
95 50
50 89
881 826
473 479
562 517
178 223
217 223
601 607
735 645
901 991
133 201
351 345
5 47
601 536
818 863
306 259
773 857
857 818
351 306
991 946
863 806
17 125
434 473
729 645
223 217
607 517
479 434
946 901
857 863
306 351
438 434
991 985
89 50
901 946
991 985
985 991
901 991
306 261
5 50
351 261
637 607
89 5
857 863
95 89
985 991
991 985
715 729
562 607
497 442
261 295
217 178
351 261
735 690
985 991
946 951
607 601
863 857
729 645
601 607
729 735
991 985
479 407
351 261
517 607
690 735
178 217
434 473
261 306
985 991
345 379
389 479
217 223
991 946
50 95
89 50
479 434
517 562
517 562
217 133
601 562
297 351
133 217
345 306
473 468
704 723
991 946
985 991
5 95
95 123
47 20
831 888
227 208
601 607
351 306
389 434
562 580
473 389
645 713
5 89
270 351
95 23
735 729
434 479
863 818
89 95
690 735
946 991
479 506
389 473
178 223
217 223
857 863
773 863
863 843
389 473
857 783
41 79
345 306
863 773
306 351
601 607
425 388
645 687
735 690
261 351
217 223
735 729
479 473
351 345
601 607
133 217
473 479
863 857
133 223
735 708
863 773
89 95
345 351
89 95
729 735
345 351
473 389
863 818
690 729
607 562
682 691
345 306
95 89
946 991
261 369
818 857
133 223
735 690
261 351
517 607
89 5
351 345
818 865
345 351
473 479
562 525
178 217
133 178
729 735
261 306
645 729
698 753
50 95
306 351
434 473
818 857
985 991
729 687
89 84
690 729
95 89
690 735
645 735
901 946
5 50
735 729
985 991
89 97
223 178
351 345
625 570
601 607
991 973
345 261
601 607
306 261
261 351
355 269
857 773
863 857
946 985
351 306
729 690
50 5
5 89
985 991
306 351
133 223
261 351
351 345
473 478
5 95
89 95
381 354
690 735
473 434
95 50
389 425
729 690
389 479
223 217
735 645
735 645
886 810
217 223
227 238
50 95
345 351
601 607
479 473
217 178
223 150
991 924
991 946
857 863
261 306
862 777
261 303
223 178
607 562
601 607
389 473
95 23
133 223
178 133
479 473
946 991
89 95
863 813
50 95
345 351
425 395
857 786
857 818
517 540
517 607
985 901
50 95
145 219
95 47
389 457
901 985
991 901
95 89
960 995
381 333
89 95
217 223
913 979
735 645
351 306
448 490
601 621
426 404
901 991
517 568
345 261
985 991
133 217
562 559
901 991
160 202
273 336
863 857
223 217
345 351
863 818
50 95
601 607
729 735
517 601
89 50
217 223
863 818
217 223
991 985
178 223
473 479
729 645
351 345
735 654
479 389
351 284
50 5
345 306
645 729
217 164
479 473
985 991
517 585
223 217
660 704
517 607
735 645
83 106
479 473
223 133
473 479
946 991
442 467
729 735
985 991
351 269
345 330
1021 925
261 345
773 863
729 735
217 223
631 611
901 985
1009 954
479 434
735 645
95 5
95 5
5 47
645 735
217 223
818 863
863 818
191 224
991 985
95 23
351 261
50 33
434 479
645 735
351 345
607 517
735 670
473 389
985 991
479 434
473 479
389 473
857 863
735 729
562 607
473 479
306 351
248 178
729 645
857 863
562 607
985 991
901 991
562 601
473 479
50 89
89 95
345 351
389 398
633 612
857 863
818 863
517 607
729 690
217 133
351 345
818 863
217 223
473 507
261 306
773 863
562 622
89 95
89 95
857 863
5 50
857 863
434 479
314 299
562 607
345 351
223 133
857 818
5 50
345 351
351 345
735 645
89 95
351 306
734 647
729 735
857 773
89 50
901 967
901 991
863 857
863 857
946 985
133 201
985 991
95 17
89 95
434 479
389 457
601 607
729 735
606 591
985 946
575 632
946 901
729 690
351 345
601 562
690 645
389 511
223 217
601 607
89 50
946 901
434 422
306 351
857 831
261 345
773 863
89 95
133 251
991 973
818 863
946 942
389 479
818 863
479 434
729 735
735 645
985 991
95 109
182 176
483 482
434 479
857 818
735 720
178 223
645 735
223 217
729 735
42 50
985 967
607 562
645 729
773 857
351 345
946 985
607 601
448 496
133 217
351 281
857 818
217 223
857 823
517 559
818 863
517 559
946 991
217 178
729 735
169 143
562 607
178 133
991 985
89 88
729 735
785 787
857 773
788 832
479 389
50 89
782 868
985 916
345 351
601 607
95 89
345 261
345 351
217 223
809 816
50 95
473 478
985 991
857 773
690 729
261 329
863 818
893 851
1017 900
645 690
985 904
857 863
729 735
133 175
5 47
517 633
729 735
5 89
901 989
351 279
50 5
991 985
133 223
261 345
690 735
509 479
50 125
473 386
562 568
473 479
857 863
5 89
562 607
50 36
133 217
217 223
5 47
479 473
729 645
261 345
273 298
89 50
351 345
607 538
913 1022
217 223
863 857
633 560
95 50
5 95
5 95
607 535
857 818
863 857
223 151
473 434
985 991
345 351
601 535
345 327
95 89
517 607
5 50
217 222
5 95
479 473
434 479
901 946
991 901
345 261
473 479
849 810
985 946
217 223
729 688
607 526
735 688
479 434
601 611
178 208
645 714
985 991
735 645
985 991
735 690
690 663
351 345
562 607
473 434
389 479
1017 962
95 50
479 389
133 223
261 345
863 818
306 261
217 223
345 351
50 95
901 991
345 351
946 985
473 479
434 479
142 209
178 223
857 863
991 901
991 901
857 863
217 133
985 991
89 61
479 473
810 819
95 89
735 645
729 645
89 95
89 95
223 146
479 473
50 95
95 89
735 690
729 735
517 562
50 60
306 351
351 279
345 295
306 351
690 645
645 690
991 1011
1014 938
690 735
5 50
863 773
901 943
735 663
985 991
41 56
901 991
857 867
735 690
601 517
607 601
517 601
434 473
645 729
601 607
857 863
479 434
607 517
133 217
89 50
862 850
690 735
133 223
479 473
601 562
601 607
991 946
345 306
217 223
857 863
217 223
901 904
217 223
601 562
473 455
389 479
601 607
601 607
946 913
818 857
645 687
89 95
261 351
95 5
985 946
5 50
389 479
601 607
735 645
735 729
217 223
462 479
89 50
833 851
306 345
133 178
389 479
857 863
863 782
217 223
50 95
818 773
735 703
985 991
434 479
607 601
857 773
178 217
473 434
95 89
434 389
473 479
857 863
818 863
502 449
601 639
223 133
773 863
133 217
290 321
389 479
991 919
694 747
857 863
690 692
217 133
23 95
946 991
389 451
857 863
735 729
100 119
479 434
655 674
645 729
729 735
89 50
434 479
562 536
517 601
473 479
473 435
95 50
991 946
818 863
473 479
857 773
473 479
863 857
345 351
991 914
345 351
261 345
5 95
479 434
217 223
562 607
818 812
473 485
95 23
217 223
5 95
562 607
601 607
345 306
645 735
178 217
857 863
645 735
729 735
223 217
345 307
985 991
857 863
389 479
261 285
345 351
517 607
306 261
991 985
985 991
217 223
517 601
773 857
729 751
810 889
479 434
473 479
735 763
562 558
645 735
946 991
562 607
991 901
607 629
479 434
985 991
345 351
306 295
89 95
89 95
818 895
729 735
991 953
729 735
217 223
601 590
601 607
985 901
729 645
479 473
473 434
607 562
95 89
389 434
389 479
261 303
985 991
351 345
306 351
217 178
729 726
223 178
95 50
729 691
345 351
89 95
434 479
857 863
479 389
818 822
863 857
601 607
946 991
863 773
857 863
223 217
133 175
863 857
601 607
95 50
773 857
562 607
351 306
946 991
434 479
269 363
517 601
601 627
985 991
261 345
5 89
434 473
473 494
985 901
235 141
985 991
473 434
89 5
5 50
125 72
729 735
479 473
729 735
601 607
434 389
773 818
351 345
389 479
345 351
991 985
5 89
857 773
89 95
735 729
946 991
223 178
223 217
345 261
857 811
996 1015
79 96
133 156
50 89
264 320
857 773
729 735
735 694
901 943
867 895
735 645
473 479
517 562
863 857
95 5
217 178
95 89
389 481
5 107
133 217
863 818
729 735
857 863
473 434
223 217
89 50
660 761
223 190
991 985
5 95
645 735
819 787
5 89
223 130
351 350
306 351
5 95
95 89
434 473
991 985
95 89
562 601
179 170
946 1021
690 735
601 562
723 654
729 645
345 306
345 351
946 991
857 818
217 223
729 735
818 863
901 991
351 306
607 562
351 261
351 345
133 159
261 345
607 535
517 601
223 217
50 5
601 607
5 50
562 607
479 389
223 217
479 473
261 306
306 345
217 223
217 178
657 765
5 89
611 540
857 863
351 261
729 694
991 985
863 818
5 52
985 991
863 818
351 345
735 645
946 919
473 479
356 375
946 991
729 645
5 89
261 329
434 473
351 345
901 985
389 479
601 587
645 735
306 351
473 479
991 1019
607 601
517 607
50 5
991 919
95 50
5 95
937 1020
857 818
227 128
991 946
645 699
306 351
735 690
645 729
5 95
607 532
735 663
735 729
178 223
404 448
389 434
479 473
217 178
473 389
434 479
261 306
261 345
735 729
601 563
479 398
645 729
985 946
985 991
223 178
735 690
562 607
729 690
99 104
735 729
89 95
5 50
217 223
601 562
479 473
178 223
178 223
479 473
857 863
321 290
95 50
857 863
89 95
985 991
640 736
562 584
773 863
562 607
133 201
509 415
261 306
407 479
690 645
50 95
133 223
607 591
645 735
562 517
566 623
562 607
607 517
50 118
50 89
389 473
89 95
645 735
985 991
901 927
857 863
818 863
345 351
89 95
729 645
351 261
818 863
818 863
307 342
5 110
857 818
389 506
735 690
735 729
729 735
479 434
645 690
479 434
690 735
690 735
818 863
901 991
362 326
95 89
601 556
434 473
217 223
601 607
729 735
985 901
729 645
857 773
217 205
985 991
946 901
89 95
645 735
729 735
351 261
473 479
863 782
729 735
562 631
690 735
133 217
517 571
261 306
735 645
261 306
178 133
607 601
946 991
473 479
5 89
985 974
773 857
637 561
773 863
133 223
645 729
818 863
735 690
562 607
473 389
735 645
223 133
863 878
562 557
729 652
729 645
473 479
818 773
857 863
473 479
20 8
735 729
389 431
809 854
901 991
473 434
89 50
434 473
50 89
836 783
479 473
901 964
901 991
562 586
991 910
863 857
261 306
773 857
94 105
178 250
985 991
607 517
143 211
517 601
611 517
901 985
601 607
985 901
320 276
306 351
89 95
857 773
991 985
991 998
473 455
434 473
389 473
818 863
479 389
145 173
5 50
306 351
95 116
607 526
5 81
270 351
831 864
479 440
645 735
863 818
50 95
389 479
434 473
178 133
351 261
5 117
601 607
64 83
645 735
901 946
946 991
261 329
863 857
434 479
985 946
607 601
133 178
178 217
261 306
607 562
434 473
178 223
601 607
773 841
223 217
562 607
306 351
601 607
217 223
345 261
223 217
89 5
351 345
1014 938
735 729
217 223
562 607
223 217
735 690
351 345
389 479
306 330
217 223
351 261
89 50
818 773
479 434
479 434
335 310
562 601
857 863
901 991
345 330
985 946
645 729
691 761
735 729
5 50
946 901
345 351
517 601
517 601
690 735
473 479
607 517
857 851
601 607
735 645
345 351
735 729
89 95
191 235
517 601
217 178
562 579
991 901
178 217
95 35
479 434
735 729
217 223
985 946
505 454
601 607
351 261
479 389
223 178
991 985
473 462
818 863
5 95
89 99
345 351
351 261
434 479
761 725
223 217
399 463
473 479
351 261
345 351
601 607
729 735
261 345
985 950
991 901
261 351
773 857
306 351
479 497
473 479
954 901
601 607
351 279
473 479
601 562
142 178
1017 1021
95 50
863 852
473 434
217 133
901 985
178 217
345 261
95 50
345 351
217 223
857 818
818 863
773 863
985 901
690 729
473 389
5 95
95 14
985 901
479 389
389 434
473 479
217 178
95 82
479 434
95 89
607 520
857 846
985 991
985 991
217 178
5 95
735 714
607 562
994 946
562 607
223 217
729 735
5 95
562 553
374 321
178 223
857 818
901 935
857 863
54 83
381 315
857 863
1015 904
729 690
690 735
261 345
645 690
389 479
601 617
857 818
50 5
645 729
773 863
601 607
50 95
901 985
473 434
261 345
345 306
345 351
562 561
95 5
735 729
89 95
217 223
607 562
991 901
345 351
857 863
729 735
345 351
89 97
5 50
901 991
985 901
863 857
351 345
133 217
89 95
517 570
178 133
601 607
227 168
351 345
645 729
864 809
985 991
985 946
479 434
389 473
690 729
345 261
601 635
818 863
645 735
95 50
351 306
773 857
729 645
351 279
345 351
89 50
345 351
223 217
857 818
857 773
306 351
601 512
735 719
562 601
261 306
351 309
473 479
901 962
517 601
607 601
729 735
607 512
306 286
729 735
901 985
95 89
217 223
345 351
735 729
985 946
782 849
633 576
694 755
690 671
901 985
479 434
306 261
729 735
178 211
991 919
473 479
261 306
729 735
89 95
89 95
89 95
320 265
690 735
822 839
818 863
607 601
434 479
690 735
95 89
473 479
50 89
133 178
645 729
607 601
985 946
562 607
601 562
223 217
818 863
133 223
562 607
660 704
517 607
178 217
857 773
607 601
5 95
857 863
607 601
738 691
133 217
133 217
95 89
901 991
434 506
351 270
223 133
562 636
863 857
517 607
89 95
773 863
946 985
143 151
479 389
946 900
306 261
310 260
95 89
217 133
601 517
645 690
479 407
601 607
345 351
351 306
818 863
89 95
729 690
857 863
985 946
517 601
863 791
773 818
223 211
261 306
729 735
991 919
991 985
607 601
863 791
985 946
985 914
217 243
351 306
985 952
389 479
306 351
345 351
607 601
857 773
562 601
50 95
991 985
901 950
946 991
607 535
217 223
562 601
901 991
178 133
217 133
251 247
434 473
607 562
818 863
863 857
735 645
261 345
5 89
253 194
306 351
645 735
54 50
645 735
345 351
133 223
601 607
50 95
351 345
351 345
601 607
5 50
758 705
345 351
178 223
562 607
89 122
345 261
985 977
645 729
985 991
50 5
473 434
517 607
95 89
985 991
562 564
601 607
946 985
985 901
985 991
223 178
345 261
863 782
985 991
345 351
985 946
50 89
434 473
901 991
217 178
148 192
133 223
223 178
345 351
223 178
95 5
217 223
818 857
857 818
729 735
601 517
946 901
788 776
223 178
479 389
863 857
607 517
178 223
721 682
607 601
773 842
389 434
517 560
991 985
1014 909
645 687
345 351
960 997
133 178
345 351
95 5
601 607
645 690
645 735
217 175
607 517
773 857
178 217
601 517
434 479
50 95
946 901
473 389
608 515
261 351
690 729
601 607
901 991
133 178
223 217
434 389
645 690
735 729
607 601
562 601
5 95
562 601
261 351
351 345
133 178
89 50
217 223
729 645
223 133
133 178
178 217
491 397
261 376
857 818
690 701
479 389
857 773
261 306
985 991
607 562
729 735
773 863
857 773
169 196
345 334
389 434
95 89
5 50
645 690
601 562
223 133
434 479
863 818
607 601
690 735
133 217
178 217
818 863
351 345
645 729
351 345
857 863
562 607
857 863
735 645
818 863
607 562
345 351
345 351
50 5
818 863
517 562
306 351
178 217
857 863
473 479
913 991
601 607
261 345
473 479
178 251
985 991
351 345
946 991
645 690
850 863
607 571
50 89
773 863
863 791
217 223
89 95
89 50
607 601
901 991
345 351
473 479
946 991
505 405
607 601
223 217
479 389
223 142
351 261
178 223
217 178
223 217
735 729
5 89
985 946
826 845
89 32
818 863
863 857
601 607
985 946
473 389
473 479
125 15
729 735
735 729
601 607
607 601
473 479
326 298
735 645
562 607
345 351
553 569
89 95
601 517
50 31
95 89
773 863
818 863
864 832
735 690
95 5
217 178
607 601
351 345
50 95
261 351
454 426
991 910
95 89
217 178
89 5
901 991
690 735
517 601
345 351
690 735
133 178
985 901
133 159
517 607
95 89
601 607
217 133
607 601
50 95
901 946
345 351
389 479
223 217
50 95
223 217
178 223
345 351
562 517
479 398
261 351
985 991
857 863
735 645
217 178
735 729
863 857
217 178
434 389
261 345
351 345
133 223
901 946
306 351
946 991
729 690
991 910
223 217
434 479
857 818
345 306
818 782
857 863
985 946
739 760
946 991
729 735
735 729
946 941
818 774
818 773
959 992
601 593
217 223
223 217
509 467
910 901
89 50
89 95
89 95
773 857
690 735
517 607
601 607
562 560
223 178
985 991
89 50
991 919
985 991
434 473
946 971
306 351
306 261
857 863
345 306
434 479
857 818
607 601
985 901
735 729
178 133
554 563
735 663
479 473
217 223
473 434
217 223
306 261
735 645
773 857
89 95
991 985
857 818
89 50
223 133
473 462
601 607
345 351
607 601
535 607
434 389
913 1021
351 306
473 479
479 473
261 306
345 351
946 958
857 818
434 479
89 50
818 863
857 863
735 729
863 815
607 601
261 351
863 818
133 223
89 110
601 607
946 991
517 585
345 310
50 5
320 339
5 50
473 479
404 448
50 89
426 495
690 735
261 351
729 735
645 690
479 473
729 645
729 735
991 946
818 773
729 690
562 603
169 196
261 329
645 735
517 607
562 607
5 82
89 95
89 95
473 434
345 351
607 535
562 601
95 23
562 607
1014 961
389 479
89 95
261 351
607 601
607 517
607 601
607 601
648 660
607 562
857 779
133 201
133 222
223 142
818 883
601 607
89 107
345 306
562 607
645 735
223 133
857 773
389 479
607 587
690 711
89 95
985 946
217 178
863 857
345 351
479 389
735 725
562 607
249 148
345 351
901 946
690 729
857 826
809 836
601 517
729 735
261 351
863 818
818 857
217 178
5 89
901 991
351 298
991 919
517 607
223 217
601 562
901 991
133 223
351 345
209 170
479 389
690 735
991 975
223 133
959 992
351 306
773 826
729 735
818 863
123 119
306 351
645 763
345 351
217 223
601 626
735 729
350 374
836 783
345 306
389 479
5 89
645 735
399 463
223 217
434 479
901 985
89 95
89 95
178 151
345 375
916 904
991 985
89 95
223 217
985 946
158 223
901 991
473 479
217 178
818 857
857 863
645 720
178 217
50 89
217 223
211 223
991 985
473 479
645 735
473 479
5 30
351 345
434 389
601 607
818 773
473 479
773 857
95 89
5 95
89 54
217 133
345 351
607 624
351 345
217 223
985 946
389 479
473 499
601 607
479 473
735 654
479 491
818 847
773 863
985 946
345 351
773 857
881 851
473 434
601 607
515 562
867 850
645 687
562 607
345 351
133 178
345 351
479 434
473 479
857 856
601 627
306 351
479 434
89 95
576 520
735 690
532 576
785 861
452 425
607 601
351 345
133 178
473 479
729 735
818 863
217 223
863 818
773 857
901 971
261 306
887 776
89 45
729 645
863 818
562 525
178 223
178 223
351 340
607 601
479 434
261 298
261 345
901 946
863 818
729 690
991 995
818 857
562 557
729 735
765 735
479 389
822 786
946 1017
473 479
863 849
223 178
473 479
5 95
434 473
351 261
50 5
690 645
389 473
223 217
863 787
729 690
991 946
847 822
857 863
985 946
729 735
773 863
217 223
735 645
637 629
223 142
832 895
985 991
473 389
607 601
473 479
50 5
645 729
729 735
857 863
479 434
735 729
690 735
253 154
645 713
991 985
473 389
389 479
217 133
95 23
479 473
479 473
946 991
991 901
517 601
223 178
389 431
857 818
517 607
50 95
479 473
5 78
89 95
223 133
729 735
985 991
857 818
351 261
5 42
601 607
985 991
991 901
645 735
473 479
729 711
645 687
985 901
89 50
818 857
434 479
863 857
607 562
863 857
217 223
95 89
178 217
306 345
473 389
991 946
89 115
735 729
223 217
729 735
562 607
946 991
351 279
985 901
351 306
345 291
89 95
946 991
773 841
735 645
5 95
345 351
991 901
857 863
773 863
566 630
901 977
517 562
607 562
946 991
735 713
517 601
261 351
773 818
345 351
857 863
517 601
306 353
5 50
863 857
863 857
946 991
946 985
601 607
863 857
479 389
133 175
178 133
857 863
857 773
985 991
389 434
434 473
345 351
434 473
95 23
517 601
351 261
434 473
607 562
601 607
527 595
133 178
773 863
729 735
985 991
601 607
89 95
241 186
217 178
708 655
95 89
645 735
863 818
95 89
351 345
473 479
773 841
5 89
607 530
729 735
729 690
223 133
95 5
645 745
773 857
985 901
473 479
89 50
985 979
601 562
351 345
217 178
133 217
473 389
89 95
901 946
991 985
345 306
690 683
50 95
946 901
178 217
735 645
5 89
991 901
601 607
901 985
831 810
178 135
857 773
735 729
50 112
863 773
5 95
985 991
351 345
50 95
735 690
735 690
89 95
729 735
133 217
857 818
773 818
89 95
505 400
261 351
938 947
818 863
985 946
645 735
690 729
991 985
562 542
223 178
95 89
345 261
133 178
863 773
985 946
95 89
345 351
473 389
735 729
601 607
601 607
938 979
601 607
729 735
607 601
434 401
575 632
601 607
223 138
901 926
690 729
857 818
351 345
178 223
434 479
133 217
863 782
473 479
355 306
223 178
690 729
863 857
217 223
351 261
345 261
607 601
345 351
946 985
607 634
95 89
991 901
773 863
473 389
601 607
863 773
857 863
729 705
729 735
50 95
729 735
818 773
351 345
89 5
223 133
601 562
223 217
261 351
479 389
818 863
759 763
601 517
985 991
863 773
89 95
991 946
773 818
89 95
773 818
223 178
985 991
479 473
50 95
178 141
345 316
863 857
473 479
901 985
228 247
479 473
985 991
601 607
735 645
261 306
64 13
345 351
473 479
89 95
217 223
985 946
345 351
99 79
601 607
773 863
607 601
901 1008
50 5
217 133
607 562
735 729
351 345
345 351
5 95
729 735
217 223
773 863
645 729
863 857
901 946
985 946
5 95
601 562
473 479
985 991
5 95
517 586
434 479
306 351
178 223
607 608
517 562
783 847
178 223
434 479
89 95
50 5
178 202
985 991
729 690
985 991
253 220
217 133
863 773
306 261
985 901
217 223
178 223
261 378
434 479
363 269
863 857
133 223
735 729
95 89
645 729
991 985
5 97
729 735
863 773
345 351
562 588
601 607
901 946
89 5
95 89
178 166
729 735
985 991
946 991
633 582
562 601
217 223
517 562
389 473
751 710
50 95
601 607
595 623
217 133
261 306
946 1021
217 207
217 223
735 729
5 50
133 227
389 479
89 5
607 526
351 266
434 499
946 991
985 991
89 95
479 389
960 975
857 863
261 309
645 729
473 479
223 217
479 434
345 306
601 607
901 991
133 223
95 14
947 976
735 729
601 607
479 473
479 434
991 985
133 217
89 95
217 223
345 351
901 985
351 345
985 946
217 223
729 735
517 601
95 5
217 223
261 345
479 473
50 89
5 73
478 403
389 479
753 698
818 857
773 857
314 333
857 818
991 985
345 351
818 813
946 985
133 223
985 991
356 375
601 607
601 607
863 857
645 690
479 434
261 306
253 187
217 178
473 479
473 479
473 410
735 645
306 345
100 119
863 782
223 217
690 654
985 973
857 863
345 351
345 351
901 991
729 735
133 223
89 50
991 985
601 562
95 5
143 211
345 347
95 89
217 223
217 223
857 818
142 133
818 863
389 479
562 607
473 434
227 237
89 95
261 345
473 434
645 713
223 217
50 5
223 217
729 735
351 345
345 351
601 517
645 735
991 985
133 217
818 863
723 655
517 562
562 629
1007 938
345 379
782 849
607 517
601 517
