1024 10000
991 946
527 546
351 306
473 462
645 729
178 217
434 479
601 562
562 607
223 217
89 95
473 479
985 991
863 857
863 857
773 863
223 133
985 901
601 562
517 607
479 434
306 312
562 607
729 735
517 601
857 863
345 351
473 389
89 50
54 18
50 35
818 857
50 13
985 901
249 237
473 479
95 100
946 991
729 735
133 158
133 246
473 479
306 311
217 178
306 345
607 601
306 351
50 95
473 479
434 479
479 473
863 818
50 17
735 690
238 178
351 345
793 874
223 178
690 645
681 708
601 607
946 991
607 601
985 991
735 729
991 946
729 735
562 607
601 607
863 818
89 95
690 735
991 901
479 434
345 306
473 398
389 479
217 223
345 351
818 863
401 442
773 863
434 473
261 350
729 735
645 735
517 607
562 557
946 991
863 875
773 863
89 95
562 598
916 904
473 479
178 223
434 479
1017 942
89 47
857 863
601 607
50 95
735 645
773 815
452 399
223 217
991 901
5 89
773 863
473 479
729 645
729 645
863 773
306 351
95 89
991 943
645 729
133 223
178 217
50 95
991 946
89 95
946 919
479 434
773 818
946 901
89 118
226 178
306 351
217 223
857 863
434 479
946 991
517 601
351 306
389 440
5 95
397 389
773 857
690 645
178 223
473 479
473 434
473 479
50 5
863 857
217 178
773 818
133 217
217 223
345 306
901 991
389 434
729 735
517 585
901 985
351 296
985 898
517 559
389 434
657 718
133 199
562 607
389 479
729 690
857 863
217 133
345 306
607 517
95 89
473 479
351 345
863 818
479 473
985 901
985 991
517 571
89 95
223 217
991 985
696 645
601 562
735 729
735 670
133 178
351 345
479 434
735 729
818 857
89 95
89 95
50 95
479 389
306 310
690 735
607 535
473 479
51 121
345 323
178 223
735 729
217 223
389 479
345 306
773 816
607 601
735 690
178 223
517 562
526 593
818 863
89 95
217 133
601 562
89 5
356 310
345 351
517 562
601 607
5 89
217 223
321 334
50 95
351 345
729 664
985 991
889 778
735 729
857 773
773 857
95 23
857 863
901 991
946 988
562 515
118 65
690 735
995 914
729 735
434 473
690 645
345 306
517 562
133 223
133 217
345 306
223 217
223 221
473 479
178 145
729 735
735 645
773 857
985 991
479 473
517 607
306 345
351 345
261 306
773 863
729 735
562 607
345 351
5 95
133 145
729 735
133 175
607 562
306 292
607 601
306 351
857 863
306 261
389 434
607 601
306 351
306 313
985 946
345 306
306 345
479 434
89 95
223 178
351 261
351 306
5 95
5 120
601 562
901 910
345 306
473 479
473 389
607 562
753 698
345 334
863 773
601 607
479 473
946 985
478 429
261 285
217 223
261 351
217 178
261 303
901 907
991 910
601 607
773 857
946 901
345 351
89 95
857 863
607 601
773 863
517 592
517 635
946 991
818 863
645 690
773 857
601 562
479 481
863 834
133 223
645 735
863 857
50 35
178 217
217 223
389 443
95 89
133 223
901 991
818 849
345 351
217 223
857 863
985 946
690 729
479 434
857 863
345 351
261 303
607 601
991 901
863 791
562 607
306 351
95 89
217 223
345 351
217 223
50 5
690 735
729 735
95 23
911 930
351 261
89 95
517 607
946 991
434 479
50 76
223 133
991 901
818 786
985 901
857 863
191 133
271 335
306 303
479 473
89 95
901 985
818 863
330 355
601 607
901 946
735 729
473 483
857 773
335 339
991 985
95 5
223 178
901 991
857 863
25 106
863 773
601 607
351 345
601 607
196 142
517 607
306 351
991 985
178 217
261 345
389 479
857 773
473 479
473 479
985 946
991 985
89 95
645 729
946 967
261 345
729 735
223 178
857 863
434 455
517 562
607 591
89 95
645 749
985 991
857 818
261 351
735 645
133 223
351 261
351 345
473 479
479 389
937 911
773 784
306 351
306 345
601 607
96 105
217 223
729 735
223 133
389 479
434 479
729 690
217 223
133 145
17 47
473 479
747 653
473 434
735 729
178 223
836 783
473 479
351 345
351 270
473 389
857 863
345 351
223 217
818 857
473 479
89 123
89 95
228 179
261 351
223 178
434 473
916 904
985 991
345 261
818 773
51 32
389 479
217 223
773 815
901 985
913 919
517 607
517 601
374 298
447 480
723 746
901 985
729 645
178 223
901 1009
946 985
434 479
943 916
306 261
690 735
601 607
389 479
729 735
389 473
345 351
773 857
735 763
50 23
178 223
517 585
901 985
306 351
735 690
857 863
178 243
735 645
863 782
645 690
473 479
735 690
735 690
345 351
601 607
479 473
479 389
377 286
479 473
729 645
223 142
601 607
607 517
345 351
351 261
773 857
217 133
857 863
601 607
991 985
607 517
985 991
89 95
863 818
910 991
217 178
217 133
217 223
576 571
857 863
434 479
345 261
991 901
95 76
607 531
223 133
601 607
601 555
595 591
818 863
345 351
735 729
133 217
479 389
985 991
351 345
991 946
991 946
95 50
133 217
95 50
517 559
857 773
601 607
89 95
901 985
818 863
735 729
562 537
818 773
901 946
996 910
517 584
985 946
345 351
95 89
223 217
991 901
562 561
473 434
389 479
479 473
89 50
306 261
89 5
818 853
223 211
690 735
345 306
145 253
996 1015
5 73
857 863
178 196
517 607
479 434
178 223
473 479
95 89
818 863
818 863
89 50
946 991
690 735
645 735
735 690
351 345
473 461
857 832
306 261
261 351
89 50
502 397
562 555
479 398
517 607
306 351
434 473
901 985
479 434
985 991
517 601
261 351
946 991
223 142
729 735
261 351
991 985
562 607
389 495
901 1012
690 729
261 306
479 434
473 479
562 607
729 735
473 389
133 217
50 95
645 735
351 306
985 991
434 479
51 21
223 198
607 517
857 773
5 95
729 735
95 89
901 969
612 631
133 217
5 95
960 904
735 690
345 351
434 479
985 946
991 901
729 735
735 690
729 735
389 479
473 434
89 50
729 645
434 479
863 857
773 863
690 735
261 336
946 901
473 479
249 160
479 407
261 351
735 690
517 562
5 95
729 739
345 351
473 479
50 89
773 863
306 259
473 479
50 95
217 223
946 991
351 345
705 652
434 389
607 517
818 863
389 479
50 3
818 863
946 991
363 356
217 223
95 89
818 773
95 50
261 303
562 601
389 479
298 307
133 201
690 735
857 818
223 178
5 64
818 857
818 863
223 133
223 217
5 95
991 934
95 101
217 223
690 645
911 930
50 95
911 975
473 479
729 735
601 517
234 223
773 863
228 133
637 607
99 81
607 517
863 782
434 431
901 946
818 820
479 389
863 857
306 366
857 818
985 906
467 495
991 988
196 143
857 863
222 213
473 479
735 729
735 645
95 89
47 3
864 791
946 991
645 729
735 645
991 919
473 434
389 479
351 345
783 802
479 473
479 389
306 261
473 479
562 607
479 407
735 690
517 601
682 691
863 773
89 95
985 991
473 434
351 261
306 345
473 434
351 345
345 351
690 729
351 261
271 339
434 392
863 857
473 389
562 607
95 89
773 863
857 863
773 857
977 938
389 434
562 607
89 5
729 690
985 991
345 261
601 607
517 601
224 147
735 645
863 773
562 607
729 645
223 178
857 863
601 562
607 517
901 991
773 818
345 351
223 217
95 5
857 806
735 729
857 863
217 223
479 434
434 389
95 99
345 351
306 351
562 607
863 857
351 345
758 705
261 306
601 582
473 479
261 345
178 217
690 694
351 306
95 89
89 95
607 517
690 735
607 601
857 818
773 863
773 863
645 690
306 261
50 95
448 397
351 261
735 645
169 196
985 991
473 434
473 479
50 47
217 223
607 601
729 735
95 89
89 95
607 562
991 985
389 434
345 306
517 601
434 479
345 351
682 691
991 901
562 517
991 901
863 818
217 178
901 991
351 345
133 223
178 186
473 434
723 655
479 407
990 975
901 969
351 306
690 735
224 175
601 607
901 991
857 773
607 601
306 351
704 723
991 985
985 991
133 178
607 601
381 307
517 559
637 631
479 434
473 434
306 351
991 946
345 351
473 479
862 874
223 217
178 142
89 5
261 345
351 345
901 991
261 306
645 690
818 863
562 607
479 434
133 178
601 554
217 133
95 50
473 389
479 385
857 863
261 345
729 735
601 517
991 985
946 991
517 607
479 473
645 735
401 456
690 735
217 133
351 345
729 735
729 735
434 473
818 773
345 351
645 735
946 991
5 110
89 50
985 969
479 434
133 223
434 479
901 991
178 241
991 985
345 351
351 345
162 193
50 95
95 89
773 857
351 345
479 438
985 946
517 562
389 479
946 991
223 178
351 345
89 50
345 261
991 946
434 460
350 369
95 50
818 863
729 735
479 389
991 946
857 863
261 351
178 217
645 729
607 622
261 345
601 517
889 848
434 479
857 863
773 863
607 562
178 217
985 991
857 863
773 800
601 607
345 273
5 95
607 601
54 14
864 878
735 645
133 217
89 50
985 901
729 735
89 28
5 89
178 223
607 601
142 209
89 95
818 798
345 261
5 95
223 217
773 818
562 607
473 479
473 479
306 351
601 607
607 595
178 223
473 479
601 517
517 595
568 601
465 426
345 261
5 47
863 857
698 753
773 863
729 735
818 857
345 351
438 434
645 729
223 133
729 659
735 690
863 857
690 645
985 991
645 735
729 645
729 735
857 827
607 601
517 562
601 607
818 863
857 818
562 517
178 158
985 901
89 5
846 857
729 679
863 857
562 607
261 351
119 20
735 729
95 89
601 607
389 473
729 735
735 645
946 991
517 562
217 133
479 389
89 50
901 985
99 98
729 690
374 321
601 517
729 735
645 690
14 95
645 735
747 653
901 985
562 607
217 223
473 479
434 389
223 207
990 989
818 857
818 863
133 178
345 351
351 306
517 562
527 591
193 223
601 607
473 479
306 363
178 133
89 50
5 89
577 595
729 735
306 345
89 57
991 919
89 5
261 306
95 50
562 601
217 178
985 977
5 95
389 473
645 735
351 345
178 217
306 351
601 607
607 562
345 351
473 479
389 473
562 596
735 729
601 607
50 116
473 479
863 773
351 345
985 991
217 185
985 946
773 863
473 479
566 567
261 337
345 351
223 217
50 89
863 773
223 157
5 95
985 991
735 729
857 890
351 345
351 306
5 23
345 306
223 133
773 786
306 345
690 735
802 782
223 133
479 401
857 863
729 756
601 517
601 607
95 13
473 479
517 562
857 863
901 943
991 985
901 991
562 517
351 363
473 434
729 735
479 473
306 351
952 901
729 735
849 832
857 818
985 946
50 89
645 735
562 517
345 351
345 306
729 735
735 690
773 841
690 735
729 735
601 562
434 479
562 607
985 943
991 901
261 345
434 479
345 365
857 773
645 735
133 178
50 95
601 517
345 351
484 503
434 479
901 969
946 991
473 479
473 431
517 607
32 74
601 607
607 526
562 607
946 913
601 535
773 863
89 95
434 482
857 773
345 351
607 601
562 607
901 985
480 431
306 351
645 729
991 985
991 946
345 351
223 178
217 223
690 729
857 863
345 351
389 467
517 562
607 635
985 991
479 472
473 441
5 95
178 223
708 655
5 89
473 479
209 228
773 863
985 910
133 178
818 880
363 269
1021 1007
863 857
345 306
607 540
517 562
729 735
773 857
607 562
857 773
434 479
351 261
473 479
985 991
261 345
773 863
473 389
773 888
434 479
985 991
729 690
773 818
607 562
991 946
261 351
729 735
991 985
562 607
50 95
645 735
479 434
729 735
223 217
645 735
863 786
773 857
818 801
217 223
601 607
133 223
306 351
133 217
729 690
435 447
645 713
773 857
607 562
735 729
985 991
729 721
223 193
734 668
946 991
863 818
223 217
729 645
985 991
351 267
50 5
985 980
800 842
690 645
532 576
351 345
261 351
562 607
645 713
773 815
50 95
95 89
261 345
261 345
735 750
217 223
434 479
946 991
690 735
273 336
95 50
517 607
133 223
874 851
985 991
946 901
818 863
306 351
863 857
985 991
5 95
773 841
758 682
946 901
818 773
473 479
179 133
473 389
601 607
857 773
645 729
306 351
261 306
178 133
1015 1019
261 351
178 133
946 991
991 985
736 698
788 832
389 457
562 607
223 217
601 572
89 95
217 223
601 607
857 863
89 85
217 235
261 351
217 133
319 376
729 735
637 529
607 562
5 50
863 773
223 217
306 351
169 143
473 467
223 217
178 223
434 479
249 148
89 95
645 690
607 601
89 95
351 261
818 773
729 722
985 991
645 735
985 991
509 464
306 351
985 991
857 863
607 621
217 223
857 863
601 607
261 306
991 946
178 223
601 562
1014 961
5 95
345 351
562 607
217 223
607 517
5 95
863 857
95 89
434 473
89 95
261 351
306 324
306 312
517 601
562 517
863 857
223 217
133 217
133 178
809 857
178 223
89 95
863 857
50 5
306 335
95 50
911 975
223 217
148 136
17 121
351 379
735 729
339 271
729 645
89 95
607 562
818 773
95 89
645 735
89 95
773 863
356 270
601 517
601 607
389 431
133 217
434 479
729 690
473 389
178 223
645 722
863 857
178 223
473 479
473 479
517 607
217 223
735 690
517 607
857 863
95 14
611 568
729 757
473 479
261 345
5 30
991 946
434 479
223 217
607 601
119 99
345 351
479 473
901 950
607 562
223 133
645 735
479 384
991 901
818 857
886 833
857 773
985 991
946 901
991 901
991 901
239 198
223 217
901 918
306 351
607 601
818 773
479 473
946 991
473 389
434 389
607 517
217 223
985 991
89 95
863 857
857 818
95 50
351 310
133 178
901 991
389 457
389 434
607 517
991 901
473 479
991 985
434 479
89 95
95 5
306 351
857 801
389 473
857 863
517 607
857 863
901 992
901 946
991 985
217 223
864 813
991 946
389 425
89 95
601 607
261 345
479 407
89 95
857 863
863 818
89 95
729 735
991 988
601 607
179 170
863 773
95 89
729 735
601 607
261 351
89 95
324 270
601 607
223 217
601 607
217 223
473 479
735 690
991 946
223 133
857 863
217 223
223 178
351 345
89 95
178 223
50 5
143 207
133 178
729 690
351 345
517 607
735 645
601 562
729 735
517 601
381 302
261 345
690 735
991 919
601 607
946 985
351 261
607 601
946 991
857 879
5 89
473 434
217 178
223 133
350 268
89 50
217 178
607 601
223 133
89 5
182 178
893 790
863 773
5 95
351 261
223 203
89 10
645 688
89 95
95 89
857 818
901 985
50 122
89 95
773 867
223 217
50 95
818 857
562 601
5 89
901 985
607 517
389 431
223 217
389 479
351 261
479 434
473 479
345 274
223 217
901 991
901 985
133 223
863 851
223 178
735 690
223 217
178 133
389 479
473 479
434 479
1003 909
351 261
133 217
517 601
319 376
217 223
217 223
89 95
729 645
133 178
261 322
95 50
5 89
261 345
217 223
985 979
690 735
178 217
601 607
822 772
345 306
223 133
261 282
261 351
479 473
178 247
223 178
473 434
473 475
217 223
434 473
5 50
306 351
785 773
857 773
607 601
562 601
985 901
89 95
345 351
345 351
601 607
645 690
773 851
863 791
95 89
517 607
50 5
735 645
178 223
773 857
306 351
946 991
133 186
517 562
95 5
5 95
857 863
857 863
818 821
217 223
389 473
502 426
857 863
562 517
946 991
473 479
351 306
562 517
479 434
607 517
985 914
645 735
178 223
351 261
89 124
217 223
531 562
473 434
217 178
223 217
169 211
351 345
946 985
857 778
351 306
217 223
15 34
345 353
479 473
389 479
544 586
99 57
773 863
1007 966
89 66
351 306
601 607
946 956
985 991
863 857
946 991
601 607
773 857
729 735
389 409
857 863
434 479
351 261
818 863
133 144
178 225
306 303
217 223
562 607
389 473
645 735
5 95
178 133
351 270
17 51
773 788
89 50
562 601
223 178
735 729
223 178
985 946
729 735
133 223
479 389
95 5
735 645
607 535
473 434
517 607
345 351
223 178
223 133
985 901
133 178
351 279
345 351
223 178
178 223
690 645
5 89
729 735
857 773
901 946
5 89
818 863
397 491
773 863
217 223
857 847
143 207
306 261
89 95
857 818
339 367
773 863
901 969
818 811
773 857
261 351
50 89
773 818
773 857
901 991
224 209
991 985
345 351
985 991
345 351
606 595
389 479
217 191
223 133
985 991
389 473
735 645
217 178
306 264
89 95
773 863
562 607
901 985
350 276
306 351
223 151
5 95
95 89
89 95
223 133
729 645
434 479
985 946
822 863
562 517
5 95
985 991
857 891
607 517
133 223
863 857
735 704
946 985
425 407
857 863
89 5
473 479
479 434
863 857
502 449
729 700
217 178
47 89
479 398
261 351
261 351
729 735
479 473
306 345
261 351
223 133
606 566
5 73
608 621
377 381
607 562
178 166
690 735
479 473
607 601
261 345
857 773
901 969
473 479
217 223
991 910
217 178
223 217
473 479
985 952
946 991
607 526
345 351
217 223
217 223
645 729
901 991
645 690
773 863
857 863
946 978
735 729
991 985
345 303
645 690
479 473
479 473
645 690
50 95
351 261
562 601
351 345
991 985
608 541
690 645
389 479
818 863
5 73
95 89
735 755
735 690
89 95
562 607
729 758
5 99
479 434
729 690
95 50
217 223
985 991
217 133
345 351
351 345
735 729
735 729
89 5
473 389
306 351
991 901
645 729
217 178
773 863
345 351
863 773
901 991
645 690
601 607
645 690
729 645
217 133
224 130
729 645
863 857
946 959
991 985
562 517
389 434
178 223
818 863
217 178
863 818
89 101
389 410
857 773
901 946
389 434
729 690
89 5
217 128
901 985
473 479
473 434
601 562
607 601
863 791
345 306
857 818
991 946
133 187
601 517
857 863
89 95
818 863
985 991
95 14
223 178
601 607
169 143
345 340
434 473
645 713
223 178
351 345
985 978
562 607
5 95
479 434
682 691
901 991
473 434
690 735
773 818
217 223
729 735
517 607
95 89
276 320
223 207
735 729
473 479
601 562
985 991
735 755
857 863
50 89
473 479
5 75
735 654
345 261
345 351
89 95
217 204
434 479
645 735
517 607
857 818
95 5
223 217
5 18
119 20
946 991
473 389
901 991
729 735
991 985
857 863
223 227
217 225
223 217
133 223
863 798
657 719
5 50
389 434
735 729
911 930
178 223
729 735
261 306
89 95
434 479
5 50
601 562
178 133
625 570
681 742
351 345
818 863
985 946
690 735
729 735
607 594
217 223
520 577
95 14
607 562
607 601
985 991
473 479
345 351
133 223
217 133
351 261
857 863
607 517
95 5
223 251
473 389
389 434
178 235
223 217
89 121
1017 916
601 562
601 607
562 607
335 310
473 479
123 119
601 562
389 395
863 791
434 400
169 233
991 985
345 351
562 607
345 310
271 290
389 473
901 969
735 690
607 562
95 5
729 645
442 505
223 133
479 473
345 351
133 178
822 818
735 690
473 479
863 773
217 223
645 735
818 860
307 328
479 434
729 690
607 535
142 209
857 863
473 479
306 351
773 863
735 729
818 857
985 901
89 95
783 847
223 132
306 345
809 783
133 178
729 735
345 351
351 268
601 517
857 818
95 5
517 607
645 735
217 178
729 735
345 351
217 223
133 223
857 863
89 95
479 473
985 946
985 991
607 526
133 223
352 281
133 217
863 857
223 217
818 863
607 562
473 479
50 95
426 495
517 601
607 601
473 479
261 314
473 479
946 901
729 735
735 654
479 434
690 735
89 95
345 351
818 863
991 985
985 946
601 607
985 991
89 23
425 449
306 351
95 14
985 946
473 479
261 351
773 863
95 14
351 345
857 773
735 729
863 773
217 223
250 178
601 607
517 601
863 857
857 851
901 985
645 713
261 303
261 345
991 974
5 95
223 142
261 351
217 178
881 773
95 3
991 946
50 95
217 223
645 735
178 217
217 178
535 607
223 142
434 479
217 223
473 434
5 95
89 95
50 95
473 479
562 607
434 473
946 991
991 901
562 601
985 991
345 306
99 115
5 89
473 479
901 946
607 562
991 901
89 5
690 735
562 607
607 601
351 261
961 964
735 690
690 735
5 95
863 773
253 159
747 682
862 832
351 345
434 479
50 95
345 261
178 232
562 607
304 306
690 729
178 217
773 890
479 473
217 133
601 607
729 735
473 479
217 223
729 645
818 863
50 95
607 526
217 133
735 729
783 851
434 479
729 690
729 735
736 649
863 773
773 857
645 735
345 351
857 818
345 351
128 178
50 95
857 863
345 261
857 863
818 773
133 223
47 5
94 70
95 14
867 794
261 345
261 306
857 863
261 345
991 973
946 991
857 794
449 504
133 223
729 735
345 351
217 178
345 351
857 863
345 351
89 5
345 351
89 50
517 607
863 857
473 479
324 271
473 479
306 351
818 813
607 601
991 910
50 95
217 178
89 5
818 857
345 351
735 729
95 89
473 389
857 863
452 399
50 95
607 601
517 607
306 301
261 345
946 991
434 479
607 601
819 848
473 389
261 279
217 223
217 223
133 217
351 345
562 601
377 351
261 351
351 345
95 89
601 607
261 306
818 863
473 434
217 208
473 434
89 5
89 95
818 857
601 562
985 991
223 143
5 50
479 407
223 217
601 629
306 351
217 223
95 50
985 991
345 351
818 783
133 217
217 223
306 345
434 479
601 607
54 50
1017 900
901 991
690 715
857 863
50 95
690 645
735 729
985 991
50 95
89 95
946 985
479 389
985 991
351 261
223 178
991 985
95 14
389 434
223 193
95 14
351 345
901 946
473 434
178 175
729 645
991 901
601 517
479 434
351 279
217 223
607 588
351 345
217 223
729 735
5 50
985 991
223 217
735 729
50 95
89 95
729 690
735 729
473 479
351 261
517 607
178 223
729 690
479 473
735 645
89 50
73 89
601 517
89 95
901 991
306 351
818 863
345 351
133 223
401 417
473 450
345 351
5 50
946 901
50 95
690 735
901 943
901 985
985 991
479 434
223 237
919 991
345 351
89 95
818 857
729 690
479 473
857 863
306 287
473 479
818 808
473 434
479 473
217 223
985 991
178 223
345 306
863 791
985 946
345 351
473 389
223 133
729 735
864 847
223 133
329 345
857 863
261 351
985 946
89 111
690 735
217 223
89 99
901 946
517 585
562 601
991 901
389 479
479 407
607 601
434 422
901 904
601 590
729 735
95 89
857 800
729 739
690 735
985 946
306 351
416 458
765 739
818 773
735 729
223 217
607 562
434 479
901 969
434 473
607 601
773 843
773 857
345 351
607 554
89 5
729 735
217 170
863 818
50 95
307 338
690 735
946 989
178 223
479 473
901 991
735 729
217 223
607 601
729 735
729 735
946 991
991 946
633 562
351 306
947 913
901 919
217 223
5 95
690 735
729 645
261 351
479 473
133 217
297 324
985 946
601 607
5 50
217 223
645 690
607 562
95 5
389 479
946 991
306 345
217 178
261 345
133 217
345 306
735 729
857 883
434 473
985 991
223 146
223 217
89 65
985 991
50 95
425 461
345 351
473 479
223 217
991 910
345 351
178 223
857 863
345 351
991 985
601 607
306 345
473 479
434 389
178 217
217 133
562 607
307 372
991 985
863 857
901 938
747 653
473 479
517 607
517 607
261 351
517 601
89 95
857 863
901 991
735 690
389 473
729 645
223 217
601 607
223 217
517 601
946 985
95 50
562 530
708 655
901 969
857 768
310 309
479 452
223 217
351 345
601 517
8 20
345 261
345 351
857 863
991 985
991 901
562 519
345 351
434 479
607 601
773 863
607 601
89 95
818 857
729 645
89 5
645 735
901 969
773 818
178 133
576 591
473 479
729 735
729 645
89 95
448 406
178 223
946 991
729 735
217 178
345 351
5 89
857 863
95 89
89 95
562 601
95 50
80 50
645 690
95 89
901 946
985 991
473 389
562 522
864 796
991 901
345 351
863 857
601 607
434 473
473 479
261 351
863 773
133 217
991 946
50 5
351 261
946 985
351 345
89 95
178 217
479 434
818 863
89 95
217 223
217 223
261 351
261 351
916 960
89 50
83 111
773 863
351 345
947 959
223 217
217 206
473 434
50 95
473 389
857 863
133 178
517 607
562 607
96 51
448 444
261 306
863 818
985 901
562 607
645 672
5 95
345 351
863 773
901 969
217 133
863 857
223 217
473 389
307 308
857 782
223 133
217 227
223 191
95 89
133 201
473 389
335 339
985 946
192 204
261 345
863 773
645 735
261 345
351 345
645 729
946 991
345 306
729 735
345 351
773 815
217 178
863 818
220 217
601 609
729 735
310 302
690 735
857 863
601 607
946 901
306 295
729 735
863 818
601 517
473 389
89 95
89 95
473 434
133 201
351 306
985 991
89 50
818 863
833 870
217 223
517 607
601 607
89 30
991 946
607 517
704 766
95 109
95 89
89 95
196 143
95 89
863 773
901 991
735 729
217 178
223 217
691 740
562 517
645 729
345 351
857 863
223 212
261 351
89 95
89 95
818 863
95 89
5 13
425 452
601 607
133 223
217 133
473 389
473 408
65 74
473 389
434 479
217 223
985 901
783 847
345 351
735 645
223 128
739 763
473 434
735 729
306 261
479 473
690 642
995 991
645 729
773 863
223 217
863 857
479 473
946 985
735 654
818 863
133 176
729 735
389 480
985 1014
261 306
217 223
773 818
517 601
133 178
5 95
645 735
306 261
217 133
50 22
590 601
345 351
345 351
645 729
50 95
217 223
735 690
473 479
517 607
473 434
857 863
601 529
607 517
217 133
607 526
217 223
479 473
818 813
690 645
95 5
857 863
223 217
473 479
889 785
645 735
178 223
773 863
735 690
389 479
351 261
562 517
601 607
306 273
345 306
660 648
473 389
217 133
857 773
5 95
631 612
434 479
562 517
50 95
985 991
473 479
690 645
991 910
985 991
261 306
473 479
133 217
607 562
601 607
345 306
133 178
217 178
857 863
735 723
901 978
863 818
50 95
133 178
5 109
473 479
818 863
601 517
991 946
729 735
306 345
809 819
607 517
345 351
351 345
601 607
991 946
20 8
473 434
729 697
729 645
389 501
95 89
133 251
857 863
985 991
818 857
946 991
351 261
89 50
690 735
818 863
773 863
690 666
601 607
148 136
95 89
645 713
89 95
645 735
89 95
991 1015
479 389
995 947
601 562
857 863
306 351
50 100
133 217
223 178
479 473
562 517
178 223
863 818
479 389
901 985
345 306
5 120
985 991
985 991
991 919
389 473
217 223
985 991
473 479
345 365
434 389
261 345
389 479
857 863
261 351
223 217
863 773
339 362
223 178
773 857
345 261
133 166
690 735
862 856
217 223
645 713
773 863
607 517
345 261
562 529
985 901
473 479
863 818
434 479
306 345
857 842
5 118
5 95
5 95
345 261
735 711
607 517
473 479
217 133
735 690
857 863
857 773
217 223
738 690
985 946
95 28
434 473
143 162
438 384
345 351
607 562
901 914
50 95
223 217
351 276
133 217
607 517
217 223
479 473
607 601
601 588
946 991
601 607
306 351
704 648
389 479
601 607
351 275
863 818
735 645
178 170
645 690
351 345
479 473
5 89
562 517
438 403
991 985
863 773
351 345
946 901
773 841
389 425
479 427
690 717
607 601
89 95
223 178
473 384
991 985
50 95
479 389
99 82
170 209
901 938
261 351
89 95
249 223
985 901
89 95
345 351
729 690
729 645
261 345
607 526
946 991
89 95
223 133
946 991
434 479
306 351
735 690
991 985
307 306
901 946
985 980
133 217
916 904
601 562
307 339
690 671
690 735
351 261
645 735
133 217
901 991
517 601
601 562
690 729
479 473
345 351
601 517
261 345
345 351
306 374
867 818
985 991
178 223
729 735
5 23
345 351
217 223
223 217
517 585
89 5
351 345
690 729
601 596
991 985
351 306
306 351
658 735
729 735
473 434
761 651
217 178
566 595
223 133
89 50
607 526
729 690
50 5
517 607
690 735
607 601
857 863
351 345
95 89
217 223
5 89
89 50
562 565
773 845
901 976
89 95
991 910
735 645
434 473
306 330
857 863
217 223
690 735
473 479
351 339
306 345
261 351
223 217
217 223
729 735
901 991
351 340
985 991
645 735
217 133
991 985
985 946
54 18
95 5
473 479
809 836
89 50
601 562
836 783
50 5
479 407
729 735
863 857
607 562
95 50
758 653
857 863
901 946
562 607
946 985
133 217
991 946
985 991
601 517
5 95
89 95
891 887
89 95
690 642
886 833
937 919
261 351
985 991
517 562
261 345
708 681
217 178
690 735
133 212
5 50
217 223
141 235
901 991
601 607
690 645
434 479
863 857
985 991
191 170
601 607
345 306
351 345
89 95
95 50
991 910
223 217
857 813
991 985
985 991
901 991
562 607
178 223
946 926
345 261
479 441
773 818
985 946
223 178
946 991
169 196
985 901
133 178
729 735
479 473
601 607
645 735
479 434
857 863
351 345
735 690
729 645
479 473
729 735
95 50
562 607
5 89
389 443
863 773
306 261
306 345
223 178
217 209
607 601
381 382
50 89
217 223
554 563
261 303
178 223
389 479
345 351
465 426
857 844
223 133
517 601
863 773
991 901
178 223
857 818
479 473
479 434
857 818
991 985
991 919
735 729
217 178
729 669
773 857
991 952
95 50
761 649
985 991
351 286
351 306
473 389
765 699
729 690
217 223
562 607
875 851
261 306
50 95
645 721
133 217
985 946
89 84
991 910
89 5
133 223
532 576
306 351
946 991
863 818
178 223
261 351
562 608
857 863
818 863
690 760
857 818
89 95
178 223
729 735
863 769
818 863
473 434
946 991
345 351
389 434
607 601
306 261
351 345
729 735
89 5
645 690
654 721
223 151
306 351
562 583
985 991
857 818
645 735
83 111
562 607
857 863
133 223
735 729
517 607
863 857
217 223
901 1021
89 95
178 223
735 729
50 95
517 601
735 729
773 818
901 1005
857 818
901 985
625 570
863 857
5 95
601 607
1017 1007
735 690
223 133
735 729
773 843
217 178
297 376
773 857
985 991
389 434
773 857
991 985
95 89
95 50
89 95
985 991
217 223
345 261
261 351
389 473
729 735
645 735
607 605
89 50
223 217
473 479
345 351
645 735
601 607
95 5
863 857
735 663
345 351
351 279
5 80
819 851
857 773
773 818
473 479
562 601
946 985
606 638
985 946
389 385
822 818
351 261
479 389
607 530
601 562
645 713
50 53
223 217
223 217
857 863
345 351
735 690
178 217
425 409
355 357
517 607
261 351
369 314
351 345
473 434
95 5
562 538
223 178
479 500
473 479
351 306
95 89
178 223
937 966
473 479
601 607
735 690
863 857
223 178
306 351
857 863
50 95
217 178
5 95
901 991
985 991
306 351
867 826
985 991
991 946
818 857
434 389
985 991
191 248
607 535
901 946
690 735
654 721
239 198
473 479
170 209
690 735
434 479
178 217
306 351
473 479
985 946
178 217
178 223
601 607
473 479
601 607
690 735
735 729
863 857
607 601
191 224
857 818
418 449
133 223
95 5
735 729
690 645
389 473
89 95
735 729
991 901
5 95
773 863
901 991
345 351
863 773
401 509
89 95
345 284
607 601
89 95
306 351
261 345
95 89
345 351
601 607
863 857
89 95
857 768
261 306
89 95
178 230
50 95
645 753
41 13
178 193
517 562
735 690
95 5
345 351
729 735
133 223
985 946
479 473
217 190
818 827
857 863
351 261
479 473
990 1014
985 946
645 735
735 729
310 339
5 89
985 946
985 991
223 217
178 208
857 863
690 645
50 95
857 818
95 89
217 223
434 473
320 339
901 996
991 946
320 269
601 622
345 351
5 89
178 223
607 601
54 49
863 857
223 217
517 607
946 985
217 223
517 570
404 448
223 133
517 562
389 434
351 345
818 857
223 205
356 270
607 517
735 729
601 607
901 991
946 991
5 50
178 223
217 178
5 47
857 863
5 95
607 601
857 773
729 735
901 991
857 818
517 601
735 690
5 89
228 247
517 575
50 95
89 95
818 857
729 645
901 991
479 473
985 946
5 73
729 690
996 1015
946 985
473 479
261 327
261 351
818 857
645 690
761 641
223 178
901 985
306 345
389 473
479 473
223 217
901 946
89 95
857 818
217 223
818 773
863 773
517 607
479 434
473 479
946 901
178 145
389 479
133 223
223 133
735 690
351 306
479 473
985 991
261 351
217 223
473 434
991 985
735 729
985 901
50 5
601 607
306 345
645 735
306 351
645 713
601 562
133 223
729 690
178 223
89 109
818 791
773 863
985 946
345 351
89 50
735 729
985 991
901 943
985 976
729 735
681 708
818 863
985 991
863 857
345 306
50 1
857 863
345 351
217 223
223 178
735 690
261 345
857 863
473 479
735 717
740 723
223 217
50 95
562 517
601 607
217 223
389 473
562 607
351 345
351 345
645 735
351 345
434 473
773 826
818 863
389 473
345 351
818 863
351 345
863 857
985 901
773 818
901 991
133 178
991 901
89 95
946 991
645 735
178 223
607 517
306 261
601 607
607 562
773 863
162 193
818 863
306 351
223 178
217 223
473 479
345 351
345 351
286 345
690 729
50 95
217 223
735 729
5 89
217 178
50 89
857 768
223 217
351 345
389 479
729 735
178 223
345 351
985 901
473 479
645 729
89 95
863 818
729 645
735 741
306 351
729 690
178 223
345 351
223 178
985 964
217 223
473 499
89 5
735 645
479 473
773 841
601 607
857 863
607 601
985 991
645 729
601 607
991 946
178 223
985 952
217 133
985 1019
690 657
991 901
217 223
479 389
857 863
946 949
479 473
985 991
217 223
473 479
729 735
306 351
601 522
389 479
991 901
729 735
517 607
50 17
735 729
818 857
89 95
217 223
645 729
601 607
857 863
611 618
703 736
389 479
483 389
50 95
217 178
517 601
217 178
857 825
580 527
345 351
217 223
261 351
217 223
857 863
99 1
901 967
89 95
473 389
991 946
89 5
517 607
345 351
473 434
562 607
690 685
306 351
901 991
601 607
95 14
857 818
729 735
901 979
223 151
690 729
946 991
217 223
608 585
50 95
729 737
690 645
310 374
729 735
946 992
178 166
306 261
5 95
517 607
607 601
50 95
773 863
857 863
773 818
50 95
690 751
351 345
100 119
773 818
901 985
223 178
863 857
773 863
995 964
479 389
345 306
217 184
773 818
89 95
50 95
223 217
946 991
351 279
857 863
217 133
946 991
217 223
946 991
479 473
479 434
645 735
729 735
50 95
562 601
601 607
473 479
95 5
223 217
217 178
901 991
729 735
434 389
517 607
607 601
690 735
901 943
217 223
223 217
306 351
991 919
857 863
517 630
901 985
985 946
389 434
607 517
89 50
351 345
89 107
261 306
607 562
50 95
985 991
601 607
601 562
991 946
818 863
389 434
607 562
690 735
517 601
619 525
473 499
178 217
562 601
223 133
773 863
479 452
178 217
351 306
645 690
729 735
773 863
479 473
985 991
601 607
607 517
517 566
473 398
517 562
773 863
517 601
863 857
773 863
729 735
261 306
473 479
863 869
601 607
50 89
178 217
690 735
857 773
351 345
223 142
729 735
991 946
901 991
735 690
479 434
818 773
985 963
867 847
607 601
991 946
89 5
607 601
345 351
517 627
223 133
517 607
95 50
891 887
735 690
473 479
729 735
946 985
217 133
562 601
89 95
735 680
901 946
345 261
217 223
517 562
946 991
607 517
946 991
497 467
857 863
473 434
217 178
991 985
95 89
217 223
434 425
607 601
434 389
818 866
857 863
351 345
729 690
991 946
985 991
601 607
306 345
607 559
863 857
985 991
729 735
818 863
389 431
306 351
178 133
434 395
946 950
89 95
479 389
562 517
601 517
217 223
479 434
32 74
434 473
345 351
735 729
818 863
985 901
306 371
645 729
5 119
863 773
863 857
479 398
345 351
351 345
434 438
473 479
562 526
89 95
985 946
223 217
985 991
645 729
473 479
645 735
607 562
901 943
345 351
601 562
15 79
985 1006
735 765
89 50
729 687
570 536
178 223
645 753
985 991
223 142
607 601
261 345
345 351
901 991
901 985
985 991
690 735
479 441
473 479
517 540
178 223
345 351
607 601
735 663
601 607
601 544
773 857
306 261
95 89
345 306
985 991
425 495
119 8
729 735
562 607
729 645
473 389
857 773
479 473
178 223
910 996
507 503
729 735
681 650
351 345
785 835
517 601
991 901
991 946
729 735
179 152
645 690
645 729
645 735
389 473
217 178
89 5
434 461
50 95
607 601
42 51
217 133
89 95
863 857
434 473
946 901
261 351
818 889
601 607
992 929
607 562
857 875
95 50
5 89
5 95
682 691
351 306
857 773
473 434
89 95
133 223
985 991
735 729
261 306
735 729
729 735
434 473
857 863
89 95
985 901
985 991
223 133
818 863
601 607
434 479
473 389
223 142
985 901
223 178
217 178
133 201
95 89
434 479
434 479
773 863
729 735
946 991
735 750
89 50
601 562
607 562
191 224
217 147
818 863
95 5
133 223
479 473
224 150
345 306
223 178
863 857
601 607
607 517
133 223
991 985
5 95
601 607
89 50
193 227
434 479
89 95
985 991
298 307
345 351
95 50
351 345
985 901
735 654
479 407
946 901
735 663
836 783
95 89
434 389
863 782
562 607
473 479
389 457
985 946
985 991
345 351
818 861
773 863
863 818
306 261
645 757
645 729
773 863
261 351
178 171
306 351
389 479
946 991
178 133
434 479
601 607
517 601
601 607
95 50
473 434
818 857
607 562
133 217
389 479
389 479
729 735
863 773
89 50
985 991
95 5
345 351
601 607
607 562
5 95
95 89
50 89
562 607
773 857
735 729
739 749
607 562
735 729
351 345
95 50
863 818
479 389
89 95
690 645
133 207
645 735
857 863
261 351
261 345
645 729
479 473
985 991
729 735
645 735
863 782
946 901
690 661
389 434
517 607
857 818
223 178
178 210
5 65
217 133
735 663
863 857
607 601
773 863
95 23
645 735
607 517
351 261
601 607
991 946
857 863
991 901
601 607
345 259
863 773
863 773
991 904
5 95
473 434
345 351
863 857
178 223
946 991
223 217
351 306
863 818
735 729
479 473
401 467
307 342
607 562
223 133
601 607
946 991
773 863
645 735
773 841
478 423
178 223
89 95
473 479
473 479
991 919
601 562
261 303
479 473
857 863
50 5
863 818
729 735
645 690
889 880
434 389
735 654
479 473
223 217
261 347
735 729
223 133
690 735
645 729
89 5
901 985
946 989
178 133
473 479
389 473
473 479
985 946
95 89
991 946
901 985
687 645
479 389
690 729
517 562
985 991
562 627
985 991
729 735
345 351
389 473
473 434
729 735
479 434
517 607
95 89
479 473
729 645
351 306
261 351
785 813
95 5
389 479
517 607
306 261
50 5
773 857
434 473
89 95
473 479
222 147
133 223
50 95
857 863
601 517
985 991
601 607
991 946
863 857
863 857
133 201
223 217
351 261
479 434
345 261
607 601
50 122
690 645
773 841
89 5
306 351
95 14
729 706
645 729
178 223
991 938
607 601
351 267
50 95
223 217
562 607
690 735
473 389
735 729
425 414
89 95
434 479
479 434
773 818
735 663
261 351
217 133
901 946
473 431
863 857
946 985
473 479
473 479
192 233
351 261
306 345
479 398
261 310
818 863
901 991
473 494
818 863
95 89
517 601
818 863
601 607
946 921
473 479
601 622
517 529
740 759
901 991
133 223
607 562
863 797
223 217
607 601
607 535
901 985
223 178
178 217
473 454
345 351
863 773
857 771
985 991
517 601
729 670
389 438
601 562
946 1019
133 201
991 985
217 223
89 99
261 329
773 863
89 95
95 89
773 815
95 89
562 607
946 991
345 351
473 416
562 607
217 223
857 863
5 95
5 50
863 857
473 434
901 985
607 562
985 991
607 562
562 601
389 479
729 735
985 962
601 607
223 217
562 607
868 887
985 991
517 607
95 50
452 399
89 95
729 735
607 601
345 351
637 575
133 178
946 991
89 5
261 351
690 735
773 863
89 95
351 345
473 389
178 249
735 674
473 434
473 434
901 946
345 351
735 729
351 306
601 607
857 863
95 5
178 217
601 517
601 562
562 607
818 773
389 473
389 473
95 89
562 601
217 178
95 89
969 901
50 125
351 345
517 607
985 901
818 863
95 5
207 143
857 773
645 735
223 178
178 217
5 50
863 773
95 89
901 985
95 5
95 89
562 601
389 479
818 857
773 827
473 479
345 351
5 89
178 138
261 351
991 985
946 914
389 434
50 95
434 479
690 711
50 122
607 601
345 351
253 233
223 133
351 345
863 857
607 562
483 441
857 818
389 479
133 223
434 473
901 946
735 645
434 479
95 84
562 561
434 473
1017 951
5 73
818 773
389 434
991 919
645 729
50 95
863 785
863 818
991 934
901 991
345 261
479 389
473 479
261 306
946 991
345 306
991 946
133 217
735 729
345 351
863 773
479 473
434 473
863 773
985 991
95 89
985 991
217 178
857 863
607 517
773 818
729 690
601 517
5 50
857 863
857 863
95 89
901 937
857 863
985 991
389 479
345 351
991 985
901 991
735 729
901 985
773 863
223 217
479 434
991 910
601 607
217 223
89 95
833 801
857 863
985 991
473 479
773 863
985 946
562 601
729 735
95 89
95 89
95 89
606 629
479 473
217 213
607 601
575 632
645 729
473 479
178 190
857 863
735 690
645 713
729 718
607 562
351 315
389 434
178 223
991 985
1021 978
133 217
133 217
306 351
517 607
473 479
345 351
217 223
306 270
946 991
735 729
479 473
345 351
351 273
434 479
601 607
50 80
985 991
479 473
473 479
645 690
345 261
434 479
89 95
985 901
241 186
479 483
946 901
729 735
985 991
562 607
89 95
645 729
107 13
223 178
546 562
95 89
863 818
133 223
143 207
345 261
95 89
991 985
351 345
765 758
773 863
351 306
345 306
351 345
562 607
89 95
857 863
809 839
863 857
473 479
946 896
985 991
991 985
857 863
223 133
223 133
857 863
96 50
50 89
857 863
473 434
863 773
562 601
261 351
857 818
916 960
991 985
473 479
217 223
89 95
690 735
985 946
946 901
345 351
782 868
985 991
645 690
729 735
990 1009
125 94
473 479
95 89
886 810
946 1017
562 587
345 351
863 857
985 991
178 133
607 601
690 763
857 818
607 517
901 991
79 125
517 607
345 351
607 562
607 601
50 5
389 434
863 773
857 773
223 142
89 50
306 345
479 434
89 51
690 735
217 223
517 607
211 142
217 223
991 985
562 607
985 946
562 607
473 479
89 50
223 178
809 836
991 962
223 217
901 979
562 517
5 89
223 205
217 223
601 607
991 985
729 690
946 991
5 50
735 645
911 930
478 427
857 863
306 334
735 729
818 863
562 607
849 832
5 74
473 479
901 991
345 351
985 991
937 919
863 857
773 857
345 306
89 50
479 389
50 95
5 89
607 517
261 351
223 178
645 687
473 479
95 89
517 562
89 50
133 223
223 217
863 773
601 607
479 384
261 303
946 1011
985 991
857 863
479 473
991 985
389 388
345 351
690 645
133 178
95 89
306 351
901 975
261 351
601 517
601 562
261 351
694 720
645 687
473 479
345 351
729 645
345 351
901 991
773 857
473 479
690 645
178 166
996 947
473 449
89 95
729 735
863 773
985 991
562 607
89 74
151 223
95 5
50 89
473 479
473 389
863 818
818 772
607 562
473 479
729 735
345 351
645 729
479 389
818 857
991 985
606 544
434 479
985 991
133 178
818 863
434 479
946 991
607 601
261 345
133 223
434 479
607 601
95 50
601 610
179 133
345 351
857 863
217 223
133 223
601 607
601 607
5 50
653 747
991 985
729 735
479 434
601 607
517 601
946 991
735 690
857 863
223 217
881 773
95 89
319 261
217 223
818 802
645 735
863 857
42 51
41 123
601 607
217 223
985 991
735 690
735 729
306 333
5 16
773 857
89 95
729 735
345 306
773 872
306 261
832 792
389 473
50 89
601 562
601 607
95 5
479 389
954 971
991 946
473 479
637 607
607 517
217 133
773 857
5 95
645 735
607 562
89 95
434 479
89 95
89 95
217 223
901 985
517 536
89 5
857 818
607 601
818 863
822 818
818 863
857 818
5 10
389 434
389 431
863 818
857 863
479 473
857 863
351 345
991 985
991 985
133 201
223 178
95 89
261 345
985 991
1021 934
351 345
351 306
607 601
133 223
351 279
5 89
818 857
95 5
645 735
517 601
937 979
901 985
473 479
14 81
434 479
261 345
178 223
991 985
645 703
901 991
306 353
532 520
735 729
857 773
729 735
601 562
473 434
866 845
479 478
261 322
985 946
985 991
818 863
946 935
351 306
562 607
735 690
351 261
773 818
345 351
863 857
95 89
239 198
607 601
735 645
89 95
607 562
288 330
946 985
901 985
690 735
985 946
473 479
729 690
601 607
473 479
818 863
607 601
601 607
89 95
773 863
611 533
89 95
95 50
261 345
910 901
434 473
89 95
217 223
89 95
89 48
306 261
473 462
473 389
351 345
223 133
901 914
217 223
223 217
857 818
54 109
857 848
473 479
857 863
517 601
95 89
991 901
276 320
985 901
901 985
261 351
178 133
479 389
729 735
5 95
389 434
991 901
863 782
223 217
178 223
937 964
297 379
95 89
645 724
133 223
901 991
479 434
991 985
735 736
479 389
765 735
517 562
857 863
503 483
901 985
306 351
773 863
991 985
434 473
863 857
261 351
434 479
645 735
901 985
5 50
729 735
5 95
735 729
607 535
991 901
389 473
562 607
95 5
306 351
645 735
479 389
857 863
607 535
223 178
95 89
729 735
734 703
729 690
306 351
985 991
562 607
223 251
735 663
351 345
5 50
645 690
645 735
25 106
389 418
985 946
832 820
351 345
261 306
601 607
345 351
351 261
901 946
985 991
89 5
223 133
223 151
818 863
5 73
142 228
607 601
351 306
985 991
5 95
119 123
306 351
690 735
434 479
985 946
753 698
729 645
434 479
1021 904
121 10
946 991
818 773
1014 961
133 178
217 223
991 943
985 991
690 660
404 448
687 645
95 89
607 526
473 389
606 630
217 253
863 773
729 680
51 70
818 773
345 351
991 934
601 607
473 479
217 223
800 842
601 607
946 991
857 863
690 664
729 735
857 818
95 89
5 50
217 222
17 50
690 735
601 517
601 607
809 791
645 735
306 351
95 89
553 528
773 818
434 389
735 663
95 89
735 690
517 576
133 217
946 991
442 463
178 223
562 601
473 479
735 729
224 146
261 351
601 607
562 517
645 690
389 434
857 773
306 351
818 773
893 856
479 473
5 89
178 249
729 735
345 351
434 479
217 202
479 398
345 306
818 863
473 479
729 735
261 306
857 863
178 133
479 473
645 690
178 152
306 351
946 1023
562 607
863 818
946 991
5 95
735 645
89 95
217 178
178 234
223 217
345 306
178 217
473 479
553 518
345 351
479 434
479 432
773 863
217 223
95 5
345 306
690 735
345 351
351 261
389 473
89 95
985 991
89 95
863 818
473 389
89 95
5 89
690 645
991 901
946 991
473 503
562 607
345 351
217 178
857 863
729 690
50 95
773 857
735 729
438 434
611 608
818 863
857 863
517 595
63 81
95 50
23 95
863 773
133 217
95 14
351 345
655 723
991 985
645 690
655 674
601 517
991 901
991 985
601 595
217 223
735 645
217 223
946 991
217 140
217 223
473 434
818 838
735 645
901 985
351 286
211 228
389 434
473 479
223 178
50 5
773 857
735 663
863 857
5 95
217 223
223 178
863 773
991 985
42 51
389 479
351 345
133 217
607 517
178 133
729 690
991 985
729 690
345 351
261 351
50 95
89 95
562 517
426 435
735 645
217 178
773 818
89 84
863 824
217 223
773 857
169 151
601 607
306 351
991 985
863 818
991 946
857 818
89 3
690 735
960 906
217 146
133 217
223 217
601 607
985 901
351 261
562 607
607 562
389 483
601 627
985 991
307 383
601 607
345 351
818 785
389 475
785 810
901 946
607 601
857 863
345 306
223 133
479 407
857 863
985 991
735 729
607 517
857 863
863 773
89 95
562 607
729 641
217 223
345 351
985 991
857 863
562 517
217 146
901 943
473 479
217 223
818 773
735 645
434 479
261 345
985 991
133 217
217 223
261 329
985 991
773 863
863 831
479 434
857 818
95 23
434 389
901 946
901 991
991 985
50 95
479 434
690 735
479 434
310 367
434 414
389 479
946 982
857 818
306 351
735 729
991 946
601 607
5 89
306 351
607 562
946 985
5 73
857 863
351 306
901 943
50 95
178 133
773 863
351 345
5 89
1017 976
729 735
690 735
773 841
991 901
261 306
857 863
306 377
5 95
217 211
434 479
966 938
217 178
818 773
729 735
635 631
389 479
133 223
857 863
985 946
351 306
818 893
857 863
690 735
95 50
473 479
261 351
729 735
735 690
133 223
95 89
50 10
464 434
95 5
690 735
217 223
217 251
298 307
479 434
448 394
863 773
985 991
735 690
434 389
89 50
601 607
735 690
434 479
863 857
645 735
95 5
645 713
345 351
562 601
735 729
351 261
863 857
729 735
306 381
991 946
389 479
690 735
985 991
985 946
532 576
223 217
735 645
809 838
389 473
223 133
645 729
517 601
95 89
223 178
345 351
991 985
863 857
857 863
306 351
690 729
345 351
89 5
345 351
133 178
306 351
389 479
351 345
95 50
34 65
562 568
217 178
434 479
607 562
773 857
985 946
735 650
863 818
601 607
89 95
946 1015
89 50
991 901
121 80
901 991
473 479
5 95
50 89
479 434
217 223
473 389
601 607
857 818
89 95
729 751
217 223
217 223
133 202
473 479
473 389
729 690
991 985
946 991
607 601
607 601
261 345
306 261
913 1021
95 89
41 79
601 607
5 95
901 1013
261 345
389 506
351 320
690 729
389 457
645 729
351 261
991 985
961 911
645 735
863 818
95 89
857 798
705 766
645 735
133 223
893 827
95 5
89 95
178 217
863 857
991 1006
773 863
729 734
601 607
133 223
857 863
607 601
223 178
607 601
95 50
355 260
773 857
89 95
223 178
735 645
645 690
818 863
901 943
601 562
217 223
517 513
217 223
517 607
690 729
217 223
517 607
758 751
50 89
306 351
1021 931
351 339
729 735
607 601
5 95
473 458
50 95
479 473
960 979
562 607
601 562
345 306
95 89
985 991
985 946
89 95
946 922
306 375
901 991
50 95
479 434
95 64
985 991
95 89
345 351
235 179
351 320
607 517
773 857
517 607
517 601
729 690
985 901
818 773
473 479
601 607
473 434
479 473
645 729
345 351
351 261
50 95
991 985
89 95
306 345
95 89
5 95
591 594
901 943
857 863
857 863
434 473
133 223
517 562
345 269
473 479
42 111
5 50
50 22
857 818
473 479
95 50
735 729
50 95
985 991
5 95
690 735
985 991
901 991
916 960
434 479
223 178
217 223
479 473
654 690
479 407
863 818
991 985
473 479
89 95
773 863
473 479
735 663
729 735
729 645
50 5
566 607
985 901
324 271
261 266
818 773
473 434
985 991
601 607
818 863
95 89
473 479
729 690
985 991
217 223
729 735
863 857
345 261
818 857
345 351
306 345
692 690
178 223
946 901
261 306
601 607
505 440
991 946
89 5
735 729
901 985
562 607
306 351
729 735
857 863
50 5
89 95
89 95
991 946
735 729
607 562
351 345
473 479
223 133
601 607
463 480
479 414
601 607
217 178
946 901
645 735
306 351
95 14
479 473
217 178
765 697
95 89
729 690
735 729
593 554
178 223
178 223
607 562
479 434
345 351
606 558
217 178
946 985
991 901
434 473
601 607
96 3
89 50
5 95
517 587
946 991
517 628
473 434
729 645
345 351
735 690
991 901
389 407
431 434
5 89
690 645
223 202
729 735
857 863
217 136
645 735
306 376
145 174
773 857
5 89
223 217
645 754
562 607
991 985
473 479
735 690
607 550
601 607
735 645
773 818
217 178
351 345
857 863
95 89
735 729
729 645
517 562
473 479
351 261
223 151
735 729
785 830
389 473
991 1019
351 316
773 818
89 50
95 50
314 315
170 179
223 217
223 178
479 473
479 389
345 351
217 223
473 479
223 133
857 863
576 625
901 1012
133 178
223 178
985 991
5 95
601 607
985 991
473 479
985 991
681 640
178 223
773 857
607 601
946 991
223 178
863 857
562 607
985 960
645 735
901 946
345 351
729 735
479 473
729 735
479 473
901 985
517 607
5 89
857 863
345 261
479 473
991 919
601 562
345 351
473 389
89 95
785 817
89 5
690 735
5 89
863 773
773 868
50 89
985 991
345 261
223 178
946 985
985 991
901 991
901 946
690 735
434 479
985 991
345 351
857 863
857 863
95 5
50 113
473 398
857 863
133 217
50 89
223 178
818 863
645 735
5 47
601 607
562 601
50 127
351 306
223 133
729 708
773 818
223 217
5 73
729 690
985 991
863 818
857 863
389 479
306 307
607 601
735 690
857 863
178 133
857 851
601 607
351 345
690 729
580 526
223 133
607 601
306 351
434 479
351 345
601 562
261 329
89 5
946 991
946 901
479 509
645 735
89 95
818 773
857 818
863 773
991 901
607 517
606 536
645 729
562 517
389 426
601 607
863 857
985 946
479 398
217 223
992 989
178 239
473 479
351 352
351 345
5 95
5 89
223 133
601 607
473 426
645 690
261 378
991 985
690 735
178 223
217 223
306 379
95 123
645 687
991 946
735 729
729 645
345 306
351 345
95 5
217 178
95 5
5 78
261 339
89 50
773 808
473 479
857 863
217 223
351 345
601 607
832 851
645 687
89 95
345 351
562 584
946 901
389 479
50 5
901 969
351 306
479 434
261 351
89 95
306 351
946 991
562 522
479 473
178 170
690 735
306 278
89 50
991 985
946 901
735 729
991 901
434 473
985 991
607 601
991 985
788 776
473 479
351 270
970 996
89 5
473 468
351 345
991 985
473 479
517 634
345 306
473 461
690 735
991 946
89 5
351 276
735 729
217 133
345 351
473 434
217 223
261 351
473 389
857 863
857 863
901 969
5 95
729 690
601 607
351 261
773 863
351 261
607 604
133 223
164 133
351 306
5 89
607 517
345 351
810 819
95 23
178 223
901 946
985 991
434 479
125 22
607 562
517 591
345 351
773 818
645 713
223 133
223 217
89 95
222 128
473 434
389 473
473 434
178 223
857 863
261 256
133 178
473 479
901 979
345 351
276 377
306 351
991 901
809 836
735 690
306 261
729 735
601 614
434 479
217 223
89 95
1017 948
715 729
562 607
857 863
735 690
601 562
601 590
773 863
857 863
133 202
681 708
217 223
473 434
133 217
223 217
991 985
937 919
863 857
434 473
607 562
505 410
223 217
985 991
946 985
351 345
178 223
601 607
389 463
389 479
5 89
946 991
261 351
89 95
773 842
773 885
735 690
473 479
95 79
89 123
601 607
95 89
857 863
901 943
401 509
690 735
479 473
857 863
946 991
607 601
89 95
562 589
729 735
991 946
345 351
946 985
178 223
320 339
345 306
946 991
562 607
946 991
249 154
645 735
735 729
5 50
505 470
645 762
729 690
601 607
5 89
434 479
95 89
946 901
690 735
473 479
473 434
946 991
735 724
345 306
345 306
690 735
473 479
601 625
607 562
562 517
473 389
735 729
345 351
345 306
345 306
985 991
729 690
985 991
50 95
946 991
729 735
562 517
5 20
345 351
863 857
901 985
818 857
901 991
389 434
863 818
607 562
133 217
517 607
249 201
857 773
89 95
345 306
50 95
729 735
209 170
607 557
217 133
735 729
607 601
645 735
351 306
345 261
985 946
901 985
729 735
178 167
601 607
690 735
818 857
607 601
863 857
863 773
89 50
345 351
607 601
351 261
991 941
5 73
645 729
306 351
901 991
261 345
50 95
351 306
306 351
389 478
389 473
946 991
133 201
1003 909
217 223
473 479
306 345
991 985
601 607
690 732
1014 938
645 690
345 261
562 607
351 306
729 735
503 507
345 351
345 351
562 607
178 223
729 645
178 145
223 217
217 223
351 270
95 89
735 652
601 562
479 473
345 369
306 345
191 248
991 985
517 562
773 818
735 729
901 985
857 818
95 23
178 223
985 991
729 735
857 773
901 991
217 133
351 306
857 863
133 223
818 863
753 698
217 223
985 946
729 663
901 985
729 735
434 479
985 991
389 473
95 5
223 217
306 261
345 306
857 863
645 735
50 20
991 946
345 351
630 595
729 714
345 306
479 473
133 178
832 781
660 648
217 223
735 729
985 991
50 95
217 223
985 991
562 529
351 313
729 735
398 484
178 223
89 95
133 223
991 985
946 985
479 473
690 729
645 729
946 901
509 467
735 690
901 975
607 526
473 479
607 601
217 223
645 735
901 991
773 863
607 601
217 223
991 948
50 95
50 95
63 50
473 479
479 389
95 89
729 690
773 863
217 223
601 607
946 901
434 479
95 89
857 773
5 98
261 351
571 582
601 554
601 607
89 95
89 95
818 863
473 434
50 95
735 690
95 89
601 607
89 95
863 818
178 145
607 517
95 5
178 223
863 818
178 217
601 517
345 351
857 863
389 434
5 50
133 223
593 612
133 223
306 345
729 690
729 735
5 89
50 95
690 735
901 1002
985 924
690 694
857 863
991 985
773 857
178 133
178 217
389 479
517 547
729 722
645 648
217 223
823 864
261 351
946 995
217 223
389 473
562 607
270 356
345 351
170 178
729 645
901 991
473 479
223 217
773 863
473 434
351 345
95 89
863 782
729 645
991 985
735 729
306 351
911 964
306 351
607 601
178 158
991 901
985 991
217 223
645 690
223 217
306 284
50 95
179 170
901 985
345 261
857 863
89 95
729 735
532 635
306 351
660 648
473 479
607 562
389 479
946 991
601 607
434 473
178 129
601 607
773 857
5 95
479 398
178 133
89 50
901 991
479 473
261 351
601 517
857 863
985 991
517 559
818 773
89 42
991 946
863 773
217 223
133 223
857 863
857 863
517 607
985 901
261 351
645 729
601 607
133 223
310 329
398 465
217 223
901 943
607 601
473 479
306 351
89 95
306 351
645 690
985 991
89 95
517 601
217 176
65 58
773 863
657 738
562 517
178 223
818 863
306 351
645 735
473 479
735 645
479 473
178 217
133 217
517 601
645 750
50 95
178 223
434 505
645 735
601 607
95 89
562 607
89 13
901 985
788 832
601 607
863 857
946 901
133 223
351 306
345 306
261 345
351 261
985 991
217 223
690 735
773 863
946 949
517 607
217 223
729 690
217 223
863 857
818 863
857 773
95 89
863 810
223 217
89 95
818 863
261 351
645 655
89 95
479 473
729 735
735 729
306 351
389 473
857 798
946 901
863 773
863 818
404 505
818 853
306 317
95 89
133 178
946 991
5 89
645 735
601 607
562 517
345 351
25 106
857 863
479 473
306 351
773 841
857 863
345 336
389 473
178 223
901 985
607 562
729 735
95 123
901 985
217 223
89 95
123 119
351 345
946 985
645 744
601 517
351 261
479 473
223 182
985 991
857 863
773 863
601 607
473 434
946 991
261 351
991 946
735 729
773 794
517 601
133 178
50 95
5 89
857 863
473 479
389 479
562 601
857 863
5 50
290 271
867 887
473 479
434 499
863 818
735 737
946 901
133 223
857 832
217 223
473 389
773 818
901 985
473 479
95 5
735 729
517 607
729 735
773 857
901 946
351 345
517 585
217 223
601 607
306 351
345 270
517 601
345 351
351 345
517 607
517 595
857 863
223 151
306 345
345 306
611 556
517 601
351 345
50 89
217 133
345 306
345 261
607 562
734 732
690 735
223 156
836 782
217 223
729 735
5 50
50 89
133 217
735 729
133 166
217 223
351 306
562 607
345 306
863 773
818 863
562 601
473 479
473 479
735 690
5 89
901 946
14 81
601 607
601 607
946 934
389 434
607 601
50 17
178 223
95 89
133 196
729 735
735 729
607 562
223 178
991 946
5 50
5 95
645 690
991 901
857 863
818 845
389 479
178 133
960 940
5 89
607 586
690 735
863 818
178 217
89 95
223 133
607 601
818 817
95 14
381 264
985 991
95 89
223 217
818 873
836 809
349 345
351 345
479 473
351 273
89 95
223 178
863 833
95 5
50 95
389 479
479 473
351 345
434 389
5 50
946 985
645 762
89 97
434 473
345 306
178 133
985 991
434 438
5 95
601 607
607 562
863 773
145 139
479 473
645 735
345 351
991 985
479 434
607 601
818 857
434 473
991 901
50 95
991 985
261 351
607 601
217 223
946 991
217 178
351 345
89 115
5 50
985 991
351 345
690 735
5 95
991 985
217 178
121 89
223 217
479 434
517 528
178 223
863 857
601 607
857 818
434 479
601 607
517 585
217 178
389 455
217 223
178 223
946 991
773 857
95 50
985 991
645 713
351 306
863 818
729 735
89 50
857 773
729 735
5 50
178 217
690 703
389 479
473 389
89 95
985 991
473 479
89 95
791 863
306 351
735 690
133 201
306 345
223 133
985 991
133 223
773 857
473 389
479 434
345 276
473 479
562 607
306 351
601 607
655 674
404 448
345 351
5 95
345 351
345 306
690 735
351 345
223 133
306 345
857 773
133 223
223 217
735 759
425 397
306 351
857 773
863 818
261 306
261 306
601 607
217 223
95 14
991 985
645 735
479 473
773 841
99 33
473 479
434 389
985 991
217 178
985 946
223 217
985 991
473 434
50 89
351 378
818 863
473 434
389 479
517 607
89 95
863 818
857 863
946 985
729 735
223 179
704 708
857 863
345 351
389 434
223 178
434 479
217 223
607 605
306 348
910 977
735 690
306 351
863 857
857 818
89 50
50 95
857 818
985 991
601 607
112 41
562 625
991 985
690 735
95 23
517 626
223 151
946 991
601 607
857 818
473 389
434 455
133 217
607 601
133 251
133 223
306 261
208 178
773 818
223 178
261 351
985 991
95 50
351 345
479 389
562 607
562 601
991 901
345 329
178 223
479 402
95 50
645 713
690 735
607 554
306 345
946 901
601 607
95 89
178 131
5 89
985 991
985 991
434 439
261 329
857 863
50 95
985 991
473 434
991 901
985 991
729 735
735 663
645 690
50 95
517 562
50 95
345 351
901 946
89 50
434 479
5 95
50 75
729 735
148 211
306 351
985 991
5 50
601 607
178 133
89 73
735 654
705 719
562 517
297 341
261 303
479 473
690 735
690 765
351 306
773 885
351 261
223 217
863 857
223 133
89 5
217 223
350 362
95 89
985 991
434 479
434 479
217 178
178 133
857 773
788 776
5 50
863 773
50 89
473 479
863 857
479 473
985 991
601 607
351 345
946 991
389 479
351 345
735 729
473 434
601 562
773 818
773 857
261 351
217 223
985 991
217 223
985 991
985 991
261 333
479 409
857 818
473 479
479 473
95 89
5 34
89 74
601 607
818 863
1002 991
178 223
95 50
95 89
946 991
818 863
50 89
863 857
473 479
985 946
985 991
773 863
863 818
479 434
901 946
690 735
479 473
857 863
818 857
133 178
217 223
964 937
217 223
645 729
345 306
704 716
89 95
601 607
306 351
991 946
178 223
607 601
95 89
178 223
773 863
517 585
729 735
985 991
946 985
345 351
985 991
345 339
773 863
223 133
345 306
773 851
5 89
735 690
178 133
389 473
985 946
517 562
95 14
818 863
345 351
178 223
580 527
351 345
901 946
607 601
818 773
517 562
351 306
351 345
479 473
95 89
857 773
227 132
345 351
217 223
50 95
345 306
985 991
381 313
735 739
473 479
89 50
985 901
50 89
863 857
345 261
734 690
607 517
985 991
719 736
479 434
223 133
773 884
857 818
729 735
863 782
601 585
5 95
351 261
95 89
64 83
529 637
946 901
351 345
473 479
735 729
345 351
916 960
901 985
223 217
729 645
223 217
601 607
95 109
857 863
601 607
223 133
434 479
50 113
901 969
479 422
991 985
863 818
351 261
306 351
863 857
985 946
857 773
133 223
946 985
123 119
50 5
729 690
438 485
601 607
261 306
601 607
95 89
562 633
95 89
479 473
479 473
601 595
473 479
217 133
901 991
874 863
50 95
985 991
729 645
133 223
143 162
863 818
89 95
345 306
645 690
729 735
223 211
857 818
562 531
345 351
826 881
735 645
434 479
645 735
351 306
991 985
178 223
178 223
607 517
434 389
601 562
601 607
601 517
946 991
169 164
178 184
773 863
729 645
992 972
735 729
223 133
351 345
434 479
690 645
351 345
89 95
351 270
517 607
562 607
985 946
434 479
863 857
351 306
901 991
985 946
729 735
351 261
773 863
759 739
857 863
607 517
261 351
985 991
223 217
562 607
785 848
991 1021
261 332
729 690
729 690
50 74
729 735
991 985
50 89
479 473
217 223
985 991
223 133
95 89
479 434
562 559
735 690
217 223
217 223
223 178
306 345
479 434
89 50
729 735
857 863
517 601
89 17
818 773
50 39
690 735
645 690
306 345
901 985
818 857
351 261
857 818
351 306
217 178
261 345
818 863
857 773
645 716
95 89
434 479
985 901
985 946
729 735
261 345
690 729
773 818
773 874
863 857
729 735
735 645
601 517
473 479
607 601
901 991
89 95
479 389
690 729
223 217
178 223
223 217
857 863
857 863
345 351
133 178
434 479
473 434
863 773
351 345
133 178
735 645
473 389
473 479
985 991
320 339
217 223
223 142
773 863
306 351
818 863
645 765
89 95
306 351
735 645
95 89
863 773
473 389
857 818
991 901
857 773
938 947
632 628
690 735
729 645
818 863
818 773
809 822
645 690
645 735
473 434
857 863
601 517
729 723
857 863
735 663
351 345
607 562
562 607
479 389
223 151
133 217
223 154
503 507
133 217
601 628
818 863
857 818
818 857
946 991
601 517
261 351
89 95
818 863
261 345
690 735
473 479
273 381
857 863
857 798
217 223
607 601
946 991
89 46
946 991
89 48
217 223
729 724
863 791
96 41
735 645
991 901
473 434
217 134
946 914
434 479
857 863
729 735
217 223
857 773
479 473
818 863
473 434
729 735
95 5
473 479
223 178
601 562
773 863
601 607
985 991
645 687
729 690
645 729
261 306
345 306
985 991
345 306
735 690
434 479
607 517
729 735
389 473
946 991
857 893
479 434
50 95
991 919
946 913
389 479
473 479
473 479
735 729
818 863
517 562
863 857
133 223
818 852
5 50
345 306
345 371
473 389
517 607
607 601
985 946
735 645
991 901
735 729
562 607
690 735
223 217
306 261
946 991
985 946
735 729
473 479
133 178
438 466
818 863
607 525
351 270
608 517
50 56
985 991
473 392
985 946
351 345
479 434
223 217
991 901
857 863
89 95
5 89
735 645
306 345
95 84
351 306
351 345
991 985
133 205
178 166
473 479
170 222
729 699
479 508
645 720
89 95
607 562
729 735
217 178
434 478
223 151
479 389
690 735
773 863
517 601
773 857
645 735
473 434
735 645
863 818
5 95
601 607
607 517
389 434
517 639
473 479
946 979
217 178
959 1016
857 863
5 47
517 567
690 645
785 789
89 50
690 735
991 985
261 329
901 985
306 327
351 345
985 1021
863 782
901 991
178 158
89 95
351 274
946 985
607 614
345 279
5 73
217 223
735 729
351 261
217 223
901 985
857 863
223 178
345 351
95 89
345 351
773 857
449 480
773 822
607 601
345 261
735 729
863 818
50 95
89 95
985 991
682 734
261 345
351 345
818 863
818 863
645 735
223 217
217 223
351 306
434 479
345 306
863 818
5 89
985 991
607 526
985 991
985 991
562 607
985 991
749 729
447 504
434 479
601 607
133 223
89 50
645 742
473 389
351 345
178 243
863 857
178 223
261 345
389 479
562 635
50 95
234 133
306 261
645 735
601 607
434 486
773 818
893 873
607 517
438 509
601 607
479 434
434 473
473 479
133 217
351 345
690 735
95 89
479 506
901 946
517 607
645 713
607 562
991 985
89 95
690 735
345 351
818 863
479 473
351 306
991 946
479 473
178 223
434 389
601 607
818 863
351 261
121 23
178 223
818 863
345 261
735 729
217 178
473 389
479 473
607 601
223 221
946 991
5 95
345 351
645 713
345 351
729 735
985 901
217 128
479 389
351 306
964 911
517 601
178 146
50 95
773 863
5 95
863 857
857 863
401 479
773 857
729 735
223 133
473 434
5 95
261 306
223 133
401 464
223 133
261 351
857 863
389 434
89 76
946 991
223 178
946 985
601 607
95 89
217 223
95 89
324 297
985 991
818 773
345 351
178 223
5 89
985 991
398 479
178 223
645 729
985 901
389 434
729 735
95 50
818 863
690 735
479 407
217 223
562 517
729 735
607 595
249 129
991 901
857 863
729 735
735 729
863 857
479 473
937 919
729 735
729 690
217 223
89 5
306 351
50 61
857 839
217 223
729 735
95 50
991 901
607 601
601 607
857 863
50 95
773 815
729 690
690 735
473 479
473 479
217 223
50 95
863 818
517 562
562 607
479 434
901 991
863 773
985 946
217 178
773 857
345 351
345 351
223 178
857 863
690 747
818 863
89 95
5 84
818 863
562 607
901 985
857 809
737 691
991 985
50 95
946 991
729 645
50 44
50 95
345 351
735 690
735 645
863 791
735 663
734 702
389 434
901 946
389 431
527 546
645 735
645 735
125 98
178 199
89 95
473 479
863 857
868 822
5 95
473 389
985 926
479 434
690 645
863 857
645 763
389 479
985 969
306 278
729 735
607 526
261 351
863 852
178 223
735 729
645 723
690 735
479 473
261 351
350 269
345 306
345 351
434 389
89 95
473 461
729 645
773 857
89 5
178 170
479 434
217 223
517 601
985 991
351 306
735 645
133 201
345 351
645 729
345 351
901 943
133 217
562 601
863 857
479 413
223 217
473 479
562 601
601 562
133 223
133 223
645 690
517 562
389 434
95 23
178 133
857 818
729 735
261 345
863 773
261 345
818 857
763 759
881 826
991 985
857 863
645 690
351 261
297 383
351 306
901 991
178 223
991 901
985 946
607 601
345 298
729 735
946 985
863 857
345 261
985 901
857 890
773 863
434 389
95 50
863 857
306 261
863 859
5 95
773 857
306 351
345 324
773 863
50 17
562 607
517 601
217 223
306 351
261 345
553 580
729 690
89 95
729 735
345 307
479 434
607 517
95 89
50 17
345 316
562 607
50 95
89 50
601 624
50 95
863 818
217 223
901 991
223 133
389 479
857 863
773 818
306 261
607 601
857 863
178 145
89 5
351 306
351 261
991 901
857 815
601 562
306 351
434 479
985 991
601 607
818 863
601 517
178 223
785 863
690 729
351 366
345 365
249 217
354 306
473 389
345 306
473 479
985 991
863 857
306 261
64 83
901 985
93 50
217 223
479 473
306 351
96 53
645 713
217 133
607 517
50 5
223 217
857 863
261 345
217 223
517 562
729 735
773 857
50 95
529 592
434 389
345 306
5 89
389 473
479 473
133 223
645 690
991 901
351 306
562 607
133 223
946 957
645 729
89 95
773 815
178 133
735 690
5 95
645 713
863 773
345 351
517 521
324 271
991 985
990 960
5 42
217 223
217 223
773 878
601 607
261 351
645 735
89 95
434 473
217 178
601 607
818 863
95 5
601 562
863 818
735 645
217 223
89 95
735 645
434 479
15 23
663 729
389 473
479 434
50 5
985 991
601 607
434 473
306 261
690 735
434 459
735 729
224 191
133 217
985 991
151 223
645 735
261 306
857 863
517 585
89 5
5 95
89 95
217 178
345 261
351 306
345 351
473 479
95 14
95 50
753 729
607 601
217 223
479 473
657 652
818 863
473 489
480 403
857 798
985 946
95 50
17 89
694 683
608 591
217 133
223 217
345 377
217 223
121 124
773 863
345 351
985 946
887 891
729 690
857 863
901 985
389 473
479 473
735 645
223 217
601 562
351 345
345 261
985 910
897 985
261 351
729 696
773 857
729 735
857 818
729 735
735 690
89 95
985 991
901 991
563 554
345 351
306 261
351 261
645 690
690 645
645 735
985 991
985 988
479 473
985 946
562 517
5 47
374 298
857 773
901 969
217 223
473 479
434 458
223 178
479 473
89 95
306 261
351 306
261 306
818 863
645 690
345 306
261 351
473 479
148 207
169 214
601 607
729 735
351 350
89 95
985 991
345 351
729 735
729 690
857 863
996 1015
901 943
607 601
729 735
133 203
479 473
345 351
182 171
562 604
645 735
645 729
607 601
857 773
479 473
991 985
857 774
217 223
991 901
985 991
729 735
729 735
351 270
729 735
773 818
261 345
818 863
985 901
479 389
857 863
857 863
89 5
223 133
434 479
223 217
857 863
133 163
607 601
133 195
345 306
985 991
290 321
607 601
607 601
562 555
5 95
409 490
729 735
5 89
735 645
133 223
261 351
690 747
473 479
946 916
217 223
306 351
517 601
217 223
479 398
857 773
5 89
601 532
473 479
89 95
223 178
5 89
946 991
562 601
223 217
351 345
217 241
217 178
863 782
223 217
901 991
95 23
217 178
473 434
773 863
41 83
133 223
491 397
351 345
1021 966
389 479
729 735
473 479
773 863
50 95
95 89
698 753
857 863
867 888
601 562
95 5
50 95
261 306
276 379
554 589
901 991
946 901
863 773
954 1009
857 863
991 919
517 607
345 351
89 95
89 95
607 601
473 479
473 479
645 643
607 601
773 863
89 50
735 676
607 562
178 217
89 95
985 991
351 345
379 375
306 351
601 607
601 560
857 863
857 863
601 562
950 936
985 1010
345 351
601 607
89 95
735 729
857 863
479 500
517 559
946 982
517 607
857 788
913 939
205 133
345 351
306 345
89 5
306 351
773 863
562 586
223 217
735 729
645 735
735 722
223 178
95 89
735 690
729 735
345 351
773 863
5 95
121 104
89 95
94 19
863 857
985 901
389 473
473 389
95 50
217 223
345 351
217 223
735 763
473 430
607 601
735 729
735 645
351 299
818 773
133 198
735 690
703 736
901 991
991 985
389 479
946 985
729 735
217 223
5 95
729 696
901 1014
217 223
261 345
351 306
89 47
89 95
601 607
517 601
89 95
133 223
735 645
562 607
50 95
857 863
133 217
735 645
645 675
217 192
857 863
690 694
601 607
781 875
739 675
306 351
601 517
608 572
601 517
601 547
645 690
223 217
89 50
306 351
985 901
946 953
434 473
901 946
178 223
991 946
773 857
562 515
601 562
133 178
517 562
95 14
89 95
517 607
857 818
143 162
345 351
271 339
217 223
818 863
389 473
517 559
434 478
985 991
607 601
607 517
863 857
473 389
729 690
133 217
517 607
178 157
223 194
607 562
991 985
562 607
773 863
261 306
178 133
178 223
773 857
729 735
1021 905
857 863
95 89
89 95
95 50
985 991
517 601
217 223
434 479
95 18
5 89
562 601
223 217
901 985
169 224
740 759
351 345
389 434
217 223
473 479
473 389
735 654
133 223
735 696
89 50
517 607
473 434
607 601
239 170
217 227
991 901
473 479
946 991
857 811
729 645
857 863
857 863
5 50
991 901
261 300
601 562
773 794
261 330
946 991
178 223
517 585
517 607
95 50
389 435
517 601
985 991
857 863
985 991
306 261
345 351
601 607
261 351
178 223
479 407
345 339
95 50
601 607
735 654
735 690
50 5
985 991
473 389
306 345
985 901
809 857
434 392
991 985
223 151
645 680
261 351
818 774
517 607
479 473
595 622
773 863
178 210
89 95
143 162
901 985
133 217
773 785
479 455
95 5
89 95
985 946
434 479
89 95
389 473
95 50
178 223
601 607
690 735
901 991
351 306
601 607
863 857
143 207
351 306
389 455
985 991
345 261
389 473
306 383
473 479
94 16
735 729
178 232
5 73
133 223
645 735
517 559
863 818
985 991
893 774
831 864
217 223
178 226
434 479
863 818
645 735
729 690
857 863
857 863
89 95
95 50
901 991
991 946
735 645
133 142
991 901
50 89
729 735
50 89
660 648
217 133
773 893
473 479
857 863
863 773
473 395
991 946
857 863
773 818
985 946
261 351
133 243
985 991
483 418
473 479
836 782
434 389
729 735
95 50
473 497
5 89
223 178
901 946
223 217
985 991
946 901
89 50
773 818
857 773
607 595
473 434
479 434
261 351
50 17
562 607
473 434
479 389
947 959
991 946
901 991
991 985
645 729
178 255
601 562
389 473
985 991
517 607
773 785
729 735
479 389
735 729
100 14
645 690
473 434
479 434
991 985
601 607
788 776
601 607
389 479
89 95
857 863
351 345
186 207
224 144
178 133
601 607
89 95
985 991
735 645
818 773
991 985
607 601
729 735
345 351
985 991
735 729
178 223
645 735
601 607
217 223
857 818
645 735
261 351
735 729
985 991
901 972
223 217
857 863
133 217
50 71
223 178
893 862
95 5
901 991
901 991
735 741
985 991
857 818
178 223
857 863
306 261
261 306
818 857
345 351
261 351
345 261
735 645
607 562
863 818
729 735
735 729
690 735
473 479
351 274
345 306
607 601
389 434
607 601
991 985
729 690
826 881
351 261
729 645
95 89
89 95
133 178
133 223
479 473
89 95
773 863
479 463
703 736
223 217
562 614
682 734
95 23
607 601
434 479
660 648
389 434
473 479
857 863
601 607
857 818
773 818
223 178
479 473
178 217
351 345
50 13
690 735
607 517
818 863
5 89
645 735
223 199
479 434
389 434
434 389
818 863
345 351
261 329
901 924
946 991
5 95
133 217
217 133
985 991
857 863
89 95
985 991
223 133
217 178
863 857
985 946
95 50
517 607
306 345
857 863
351 345
991 946
50 95
350 287
217 199
89 5
607 601
601 607
690 735
89 84
985 901
818 798
100 119
857 863
991 946
217 223
886 833
223 178
607 535
351 261
434 473
473 479
89 50
89 95
217 178
601 607
562 607
479 473
473 479
985 991
517 586
601 526
479 473
345 351
991 985
690 729
601 607
351 345
479 389
601 563
818 863
601 607
607 601
863 818
601 607
729 735
178 223
178 223
562 607
863 782
321 335
223 151
95 89
217 178
517 607
5 95
517 607
89 95
562 573
223 133
985 901
306 351
217 223
217 133
991 956
133 178
95 5
985 946
601 607
735 654
5 89
818 847
607 631
773 818
607 601
690 735
773 827
991 901
601 607
901 946
601 607
818 773
133 223
178 133
5 95
5 95
991 946
95 5
562 517
991 985
729 645
901 991
946 991
261 351
306 351
95 89
985 991
985 1011
607 601
678 739
517 601
735 690
562 573
217 178
479 434
152 145
729 690
985 991
95 50
351 261
985 991
223 133
562 575
863 787
690 735
607 569
50 95
473 479
773 818
991 901
735 690
735 645
916 1017
473 389
193 223
133 178
306 351
601 516
857 863
217 223
217 223
89 95
473 479
645 682
901 946
991 985
857 863
517 559
991 985
985 991
89 95
479 473
863 857
773 863
985 901
89 95
479 398
985 991
562 607
369 317
645 660
863 857
985 991
818 862
306 351
89 50
645 690
601 607
991 946
529 591
682 691
178 223
473 479
833 867
95 89
782 849
863 818
562 607
389 416
863 818
434 389
645 735
351 345
916 960
50 95
690 735
351 345
223 178
607 517
947 954
562 607
601 607
50 95
946 901
351 261
601 607
761 679
465 426
607 517
261 306
434 473
125 66
261 345
773 863
133 223
601 607
223 217
857 863
735 690
729 645
89 50
223 217
473 479
479 483
857 863
133 201
217 223
95 89
351 261
389 473
607 601
773 815
607 517
479 434
818 857
178 253
991 985
735 708
985 991
687 645
607 601
901 946
645 729
345 351
434 479
374 377
479 473
178 223
89 95
773 818
178 217
818 857
607 631
985 1017
306 351
735 690
607 562
345 351
682 691
857 863
645 690
562 607
89 95
857 773
5 95
863 857
178 223
818 863
991 910
261 351
818 863
223 178
991 985
818 863
601 560
857 863
389 473
985 991
389 434
985 901
217 223
901 991
95 50
960 906
50 95
735 645
95 7
985 991
985 901
217 223
345 351
562 607
50 89
562 547
991 985
607 517
991 946
306 345
694 749
863 773
985 974
479 473
306 351
217 223
991 985
773 863
985 991
991 985
601 517
5 89
261 339
818 863
985 991
351 355
178 246
611 594
735 690
5 73
479 473
306 261
857 863
562 607
985 901
273 324
601 607
857 863
113 104
223 178
729 735
863 773
901 946
818 863
857 773
985 991
389 479
991 946
901 985
985 991
601 607
607 595
991 946
857 863
479 473
89 95
985 946
607 601
857 863
434 479
818 863
133 217
217 223
645 722
95 89
601 607
95 50
889 862
601 607
345 351
447 480
818 863
729 735
178 134
729 690
562 607
857 863
607 562
729 735
434 389
729 645
261 351
946 991
863 857
901 991
985 901
735 729
473 479
306 351
261 351
89 50
607 530
95 50
729 645
863 892
217 223
89 95
50 95
89 95
645 735
822 784
351 306
63 79
601 607
479 473
351 306
601 607
857 863
223 217
89 95
562 607
991 901
503 507
307 298
50 95
946 901
773 893
601 607
261 375
991 946
863 818
735 645
991 946
704 672
601 607
133 182
217 223
773 857
985 991
223 178
690 735
473 434
178 223
729 721
991 901
527 591
224 143
479 434
601 607
576 624
261 306
479 434
351 360
473 479
901 985
991 946
261 306
5 89
863 818
356 375
690 663
89 95
729 735
901 985
761 731
735 660
351 345
857 863
261 306
345 351
473 479
389 473
607 562
773 857
5 95
690 729
89 95
479 498
601 562
434 440
133 178
735 729
345 306
985 953
261 345
434 389
645 735
261 351
857 863
863 818
217 133
223 178
306 351
351 261
473 389
217 157
95 89
818 773
946 991
89 50
306 370
473 422
517 607
985 991
901 991
773 863
607 601
857 773
862 775
857 831
458 484
479 434
261 303
864 859
89 95
655 674
517 562
857 773
607 562
345 351
89 95
89 95
306 345
690 752
223 142
562 517
217 223
352 369
217 223
50 95
351 306
345 351
351 306
345 351
178 217
690 729
601 607
389 479
901 1013
179 133
89 95
985 973
901 985
601 607
438 463
601 517
479 389
50 5
89 95
601 562
566 571
985 914
690 688
217 223
985 991
479 389
810 849
601 517
50 95
345 351
690 645
601 628
985 991
773 818
901 991
985 901
607 562
1009 954
735 690
351 286
473 434
50 95
517 562
991 985
95 89
133 223
991 985
562 607
818 863
517 583
729 690
863 868
562 607
50 95
5 89
89 95
95 5
985 991
735 690
133 178
133 223
735 729
517 607
818 863
345 351
89 95
479 473
89 50
947 938
645 735
601 607
345 351
345 351
517 601
729 690
773 857
1021 932
818 773
484 503
985 991
991 985
773 813
479 434
345 351
209 170
735 690
345 261
729 671
946 991
857 863
985 991
753 698
996 1015
95 89
269 366
645 735
389 473
351 306
863 857
473 479
217 178
991 985
95 50
645 729
95 50
607 517
345 306
645 735
473 434
95 50
223 217
50 95
89 48
50 95
818 857
261 351
351 270
434 435
985 991
497 442
133 223
729 645
223 217
217 223
991 946
901 991
857 818
863 883
985 991
566 595
863 773
863 818
345 339
863 857
946 991
863 880
991 946
169 143
95 89
818 794
434 479
89 50
89 95
223 178
857 849
618 607
89 10
645 729
434 479
818 863
729 645
857 818
517 559
857 863
863 857
479 389
985 978
345 351
479 434
735 729
863 857
901 969
729 735
818 852
479 389
991 985
857 773
89 95
857 773
479 473
601 607
857 863
351 261
223 178
133 217
645 687
479 384
261 306
404 505
178 223
345 351
261 306
863 773
645 729
479 434
95 89
863 782
434 479
473 479
607 562
479 398
209 170
687 645
517 601
729 690
818 857
345 351
901 946
607 601
857 863
345 306
607 517
345 306
907 985
985 991
351 279
562 517
517 630
946 991
473 479
507 503
729 735
5 95
89 95
89 50
946 991
901 919
735 690
217 194
645 729
735 690
818 776
991 901
473 479
345 351
89 50
95 5
182 181
50 47
95 23
473 434
857 863
773 857
351 306
89 95
217 223
95 5
217 178
473 434
345 351
703 736
217 223
473 389
306 273
601 607
178 223
351 261
389 479
863 818
351 345
89 95
601 607
89 95
95 89
690 735
261 351
601 562
601 562
818 863
345 306
735 729
345 351
217 223
517 569
351 345
217 223
50 89
223 217
5 95
517 607
901 991
306 345
479 473
5 89
473 479
479 434
857 818
773 841
345 351
773 863
345 261
217 223
479 434
985 991
901 985
89 95
65 85
223 217
217 166
985 991
217 133
306 345
217 178
389 479
601 517
64 96
562 517
991 985
178 241
735 654
857 788
655 719
991 901
95 5
857 839
947 954
261 351
863 773
863 773
735 645
601 562
50 89
990 972
818 857
217 178
95 89
217 178
601 607
89 95
473 389
473 479
223 217
601 607
985 913
434 473
397 491
985 991
223 175
991 946
89 50
473 479
607 601
985 946
991 946
985 991
473 434
690 735
351 279
735 645
562 525
735 645
690 735
271 339
690 735
601 607
345 306
261 306
306 351
5 23
435 498
59 5
645 690
261 345
863 811
217 223
479 434
377 289
990 916
735 729
985 1012
891 887
645 690
351 261
735 729
133 178
297 356
729 735
434 473
735 690
306 345
473 479
631 532
729 735
601 577
389 473
345 306
345 306
479 389
479 473
217 178
857 863
89 5
690 645
249 217
479 473
89 95
351 345
773 818
345 261
992 934
562 545
89 5
479 389
601 554
863 818
473 479
562 607
735 719
178 223
863 857
389 479
857 863
729 735
133 217
729 690
562 570
818 863
473 479
50 5
729 690
351 306
857 818
223 178
345 351
601 542
991 919
50 95
690 735
95 23
601 607
857 773
389 473
645 691
434 479
345 306
133 157
985 991
832 786
601 607
223 178
95 89
735 729
434 479
946 991
607 622
217 223
89 50
95 50
562 607
901 946
217 178
5 73
1014 961
985 901
991 901
89 95
217 223
345 351
985 991
178 223
217 133
645 735
517 607
946 991
186 211
991 946
389 479
645 729
818 773
50 5
351 306
916 960
217 178
991 985
729 715
607 517
773 857
345 351
473 389
517 562
89 95
645 735
133 217
729 735
95 89
985 991
863 818
223 178
645 690
831 839
473 389
645 735
690 645
601 613
389 479
562 607
217 223
345 306
601 607
306 351
5 89
729 735
5 50
306 351
601 562
818 863
351 306
345 261
95 5
729 690
434 389
217 178
645 735
946 985
223 166
434 389
857 863
351 345
306 345
434 389
946 985
473 479
306 351
704 712
946 952
351 345
517 601
694 723
178 133
133 223
434 479
89 95
576 637
735 645
901 985
645 647
479 404
434 451
223 133
473 434
217 178
351 256
601 607
497 442
937 941
857 863
991 901
345 306
773 863
946 991
776 832
818 798
133 217
217 145
118 42
133 145
95 5
863 857
857 818
655 723
261 351
345 306
773 818
448 397
95 123
517 607
223 217
89 95
389 434
351 345
562 607
729 735
773 863
345 261
479 473
50 95
863 818
223 217
985 991
607 517
985 991
320 272
729 735
345 351
601 607
479 473
473 434
517 607
223 178
51 42
857 773
946 991
223 217
434 479
991 985
345 309
418 495
857 863
389 434
773 863
773 863
863 818
991 985
601 590
95 89
95 89
818 863
991 951
351 306
729 645
89 95
985 946
261 351
729 735
703 760
818 863
735 692
901 985
773 857
991 910
89 50
607 517
261 345
89 50
95 89
133 223
729 735
901 991
729 645
447 480
133 223
89 73
946 901
95 5
217 178
788 832
562 607
863 773
434 479
863 857
818 773
5 95
434 479
89 5
223 178
217 178
863 791
562 607
479 473
261 365
645 735
991 946
601 607
261 351
517 607
645 729
50 5
389 473
857 863
473 479
729 690
773 863
5 95
773 791
217 133
735 690
95 14
517 601
729 735
351 345
729 735
773 863
991 946
50 95
89 8
857 863
95 14
479 434
217 133
345 351
178 223
389 457
946 901
857 786
946 991
389 479
223 217
434 401
985 991
691 665
714 740
222 249
178 133
261 351
1017 902
178 133
351 345
857 863
479 434
95 99
607 601
690 645
729 690
306 351
818 797
735 690
857 863
863 773
345 306
901 985
473 384
562 607
601 607
369 261
991 985
633 625
89 95
863 857
178 223
729 735
601 517
68 15
389 457
607 601
473 389
217 223
389 479
434 479
50 95
857 818
95 89
217 223
857 863
735 729
857 863
89 95
601 607
735 729
601 607
517 562
89 5
735 729
562 607
517 601
345 351
735 729
517 601
857 863
857 863
345 306
351 261
345 351
133 178
178 217
863 857
946 985
645 735
690 716
50 89
985 946
690 735
601 607
479 389
473 479
773 863
389 479
345 351
223 217
735 729
345 306
645 735
607 601
5 95
133 162
217 133
95 5
863 773
142 209
306 351
991 901
901 991
985 991
217 220
735 761
434 479
607 526
645 687
217 223
857 863
306 351
345 306
645 735
645 729
991 985
818 857
145 208
345 351
261 303
991 985
901 991
991 919
857 863
729 735
345 261
562 568
690 735
991 953
1021 991
217 178
985 946
991 985
773 818
818 773
930 975
857 863
389 479
729 735
133 217
901 985
133 136
985 991
133 223
217 223
985 901
479 407
5 54
857 863
863 818
217 223
345 351
562 517
729 735
857 863
133 223
729 735
473 479
985 991
389 473
562 559
863 782
607 601
261 345
261 306
223 133
217 223
351 345
345 351
863 818
133 223
89 95
729 690
351 349
857 863
818 857
95 50
863 857
901 991
50 95
89 95
985 901
985 991
306 351
389 434
601 562
223 142
217 223
818 863
389 434
660 704
217 223
607 601
217 223
345 306
863 857
863 857
306 351
351 345
261 351
773 818
857 863
734 705
223 217
133 239
995 1014
306 351
857 863
991 985
561 633
306 351
178 217
