1024 10000
473 479
645 690
562 607
735 729
178 128
89 5
863 857
178 217
217 223
735 729
217 133
224 181
473 479
479 473
946 1023
601 562
645 729
479 389
217 178
729 735
562 607
690 684
178 217
89 5
645 690
735 729
95 23
863 857
345 375
434 479
479 473
217 223
89 5
434 479
479 389
735 690
434 479
261 329
735 645
773 788
857 863
261 351
479 389
261 345
773 863
479 473
178 217
601 607
645 690
901 1014
607 601
562 607
901 991
946 1023
434 479
223 133
178 223
89 123
350 351
991 985
217 193
473 479
434 473
434 479
952 901
729 713
345 306
517 607
345 347
857 863
306 345
991 985
434 473
857 863
863 857
95 50
389 404
273 270
946 991
306 351
273 295
985 991
607 517
389 461
89 95
818 857
50 47
351 345
434 389
601 607
95 5
389 473
95 89
306 339
223 178
901 991
473 479
601 607
261 351
818 881
857 863
729 645
133 175
950 946
351 261
991 946
863 857
345 351
217 223
946 953
729 735
901 991
645 729
863 857
645 690
447 504
5 50
517 534
607 562
946 991
517 562
95 50
729 735
5 95
217 223
351 282
178 250
133 175
735 690
377 295
89 95
946 991
857 863
306 351
261 351
645 729
89 95
517 551
913 957
306 261
645 670
901 946
985 901
645 729
985 901
773 818
479 392
306 351
170 179
479 473
389 473
729 735
645 729
473 434
735 729
601 607
985 946
351 345
818 888
818 857
306 351
479 473
50 95
773 862
991 985
217 133
857 863
607 517
306 351
985 946
517 519
901 991
562 517
601 562
217 133
818 793
601 607
857 863
517 571
690 735
89 5
637 606
434 389
735 645
601 595
607 517
985 991
601 607
223 178
562 607
708 655
729 690
473 389
562 607
946 991
133 223
901 946
389 479
119 34
270 337
773 857
178 223
306 264
345 306
562 607
5 89
857 863
517 529
345 306
261 335
735 670
345 351
95 50
217 133
217 178
95 89
5 95
735 690
473 483
863 773
729 681
857 863
217 178
735 729
479 434
862 853
133 178
95 89
345 261
991 985
261 306
729 735
95 89
389 434
434 465
991 985
479 473
773 857
517 562
703 760
690 735
818 810
345 261
473 434
217 223
729 735
818 857
857 863
95 89
773 818
863 818
306 269
517 601
857 863
345 306
818 863
985 991
729 735
223 207
729 735
95 89
735 645
729 760
517 607
601 607
773 857
773 818
607 601
645 690
217 178
473 434
601 562
217 178
389 479
473 479
601 607
773 810
223 217
735 645
607 562
690 735
95 116
735 700
389 473
473 479
178 223
863 857
351 345
863 857
5 95
991 946
947 973
351 345
863 818
901 991
831 888
857 863
95 89
991 901
217 178
95 89
863 857
351 345
148 222
645 690
459 473
217 133
133 217
133 247
901 991
729 735
729 735
434 473
729 735
901 991
517 607
946 991
645 735
351 345
217 133
857 773
217 178
261 345
562 607
857 891
991 985
601 607
223 178
991 946
479 434
857 773
985 991
822 880
50 5
345 351
857 773
473 479
645 729
345 351
217 223
645 687
351 345
297 271
857 863
89 50
562 607
601 517
645 673
95 89
946 901
773 857
690 735
306 351
881 826
479 481
95 5
946 991
773 863
89 5
389 473
473 479
223 178
50 95
562 601
89 95
389 479
946 985
95 14
773 863
479 434
169 245
479 473
562 517
562 564
645 729
607 601
178 217
89 125
345 261
562 607
5 50
690 735
960 904
985 946
809 791
773 863
863 773
601 607
863 773
857 773
389 431
729 735
729 759
735 729
234 223
857 863
517 601
985 946
985 946
178 140
576 637
601 607
562 607
434 491
298 307
5 79
773 841
434 389
818 863
901 991
5 95
735 729
729 735
479 434
735 645
901 946
95 5
351 279
389 457
729 735
426 478
601 607
145 237
645 690
351 345
857 863
133 223
985 991
937 1014
133 178
946 991
773 793
562 607
985 991
517 607
351 270
261 366
89 5
389 434
991 985
985 991
89 95
473 479
517 562
901 985
863 857
50 89
991 946
351 345
50 80
985 901
178 250
89 50
773 857
985 946
5 95
946 991
95 89
223 133
901 991
473 479
178 223
1007 966
863 857
729 690
773 818
89 95
517 562
607 601
818 863
95 89
473 479
517 562
473 479
985 991
473 479
946 963
351 306
729 735
473 463
773 791
857 863
735 690
351 306
303 276
434 430
818 863
473 402
217 223
607 562
562 628
991 985
868 887
991 985
389 479
178 223
773 818
345 351
133 223
473 434
178 223
223 178
562 607
517 607
95 89
525 619
261 345
389 473
89 95
95 5
217 178
223 133
389 479
389 479
562 607
601 562
818 863
178 223
863 818
863 773
645 739
89 50
310 313
89 95
601 609
479 407
729 735
901 953
773 818
95 14
690 729
985 991
690 659
607 601
89 95
5 89
985 901
217 209
991 904
389 434
601 562
857 863
5 95
527 595
991 985
607 601
517 607
901 946
95 5
729 645
562 607
601 607
607 601
95 5
729 690
991 946
645 735
729 750
863 857
345 351
645 735
690 729
985 991
434 479
178 223
89 95
981 913
607 562
863 818
389 497
601 517
985 991
857 852
946 991
186 207
562 607
729 735
863 818
50 6
729 735
178 223
863 857
729 645
735 729
345 261
601 517
306 351
985 959
351 306
217 223
217 210
645 690
607 517
985 946
601 562
50 95
901 985
89 95
345 351
5 50
95 89
946 991
223 133
735 690
601 517
863 857
729 690
178 223
479 402
89 95
389 434
857 773
351 306
818 775
735 690
50 89
517 559
788 832
133 217
5 80
479 434
306 366
863 818
857 863
89 95
223 212
133 223
729 645
660 648
818 857
773 857
729 690
857 863
223 133
946 991
351 345
985 946
95 89
607 562
729 690
223 178
95 89
133 178
217 223
345 351
261 351
517 562
345 351
261 372
607 601
479 407
356 375
901 991
991 901
818 863
818 889
601 607
773 863
946 991
991 993
261 351
818 881
857 773
89 95
351 345
5 95
345 351
351 306
607 601
607 601
217 223
95 50
320 281
607 562
473 479
901 946
5 89
217 133
818 863
217 133
434 479
345 351
991 919
479 473
991 985
217 223
946 901
95 50
50 95
985 991
607 517
735 715
345 329
681 708
729 735
863 773
345 285
690 735
223 217
223 151
179 196
223 185
89 95
946 901
217 178
773 863
985 991
857 863
133 223
601 607
562 601
773 857
473 457
389 473
479 473
223 151
863 818
345 351
863 839
729 645
985 991
601 516
217 223
517 621
946 991
863 857
985 991
95 50
601 607
729 645
863 794
473 389
607 517
985 901
50 95
5 89
832 781
601 587
607 562
773 857
479 473
345 351
133 223
901 969
261 345
306 261
133 223
89 95
351 345
306 351
851 874
133 217
690 735
5 50
601 607
133 217
517 601
985 901
95 5
389 434
517 607
735 645
735 690
50 5
946 913
517 607
351 345
307 319
901 913
133 223
389 479
916 1019
345 351
601 517
89 50
729 682
562 607
50 89
479 398
5 50
607 517
389 479
95 50
690 735
80 50
5 50
473 479
217 133
50 95
690 735
735 729
735 729
690 729
991 946
133 223
95 5
479 473
690 735
991 901
729 735
946 991
831 864
901 985
985 991
729 762
729 708
985 991
89 95
601 607
351 306
753 698
178 133
694 690
50 89
89 50
607 517
351 261
601 607
217 223
601 607
863 857
562 607
473 392
601 517
645 735
818 857
5 95
217 178
5 95
517 607
864 872
991 919
223 133
351 261
95 89
645 690
133 217
607 559
389 479
690 729
773 818
89 5
863 818
773 841
863 857
473 434
991 985
50 95
901 943
729 645
863 857
729 690
562 583
434 473
773 818
473 389
473 479
857 863
351 345
217 178
473 479
562 607
20 8
985 991
261 303
133 178
901 991
223 151
690 735
196 143
991 919
345 351
5 95
773 863
607 562
985 991
857 863
345 261
607 601
345 337
89 95
991 985
532 576
991 916
857 863
178 225
818 773
89 95
818 863
857 863
434 479
89 50
773 863
479 389
217 133
217 223
690 735
607 601
645 690
261 345
985 901
818 863
566 528
532 520
505 394
601 607
89 95
345 306
645 758
50 5
985 991
178 223
95 89
729 690
389 473
818 857
261 351
946 991
68 15
133 217
601 590
178 223
306 351
946 991
261 375
946 939
473 434
857 831
345 351
857 818
89 95
901 946
389 479
473 434
261 306
351 345
89 95
946 991
217 146
95 14
517 601
479 389
729 735
473 479
261 351
473 466
773 863
133 175
89 50
601 562
645 735
562 580
857 818
601 607
607 601
857 863
857 863
473 405
959 1016
178 133
217 178
473 479
773 818
863 857
526 607
946 991
95 5
729 690
113 58
217 133
645 687
991 913
95 89
901 946
434 389
818 769
735 645
704 693
735 729
223 217
448 467
178 223
89 50
479 507
5 50
857 818
985 991
601 562
389 431
985 991
345 261
479 434
133 223
607 535
95 50
223 159
735 645
857 863
389 473
320 264
607 562
345 261
735 690
50 95
306 351
991 946
991 901
857 863
133 178
773 852
185 217
985 991
345 306
345 351
773 863
351 261
607 517
223 133
5 95
734 673
5 50
95 50
517 587
857 863
479 389
223 217
50 109
434 479
5 59
51 43
351 306
562 531
735 654
735 666
562 517
389 479
645 729
5 95
89 5
991 985
178 228
261 351
607 517
601 607
729 645
345 273
261 351
5 95
857 863
800 842
223 178
473 434
517 607
601 607
178 223
89 50
95 89
946 901
517 607
810 819
261 351
863 890
985 991
862 847
863 857
601 607
389 479
729 701
113 125
729 735
306 261
690 735
863 857
818 863
473 495
985 991
863 857
193 139
89 95
645 735
217 178
50 95
217 133
400 389
517 607
479 385
479 434
434 436
89 95
345 306
217 178
351 381
818 842
479 473
517 601
473 479
735 690
863 818
217 223
601 607
133 158
306 339
345 261
351 261
5 50
473 479
607 551
178 223
886 803
5 115
991 985
857 818
434 479
645 713
607 635
50 89
389 434
735 690
991 919
217 178
822 789
863 818
991 985
735 729
831 847
351 261
991 901
50 89
217 223
389 457
89 95
690 729
479 434
261 351
479 434
345 351
479 389
601 607
306 351
351 264
95 89
735 690
351 279
223 178
773 863
95 116
857 863
517 562
517 601
345 306
562 607
857 818
389 473
863 857
601 607
857 863
607 601
345 306
389 479
89 95
729 735
473 479
178 223
217 178
991 985
473 479
601 607
773 818
171 178
985 1019
5 73
901 959
89 95
818 863
607 617
479 473
178 217
261 351
991 985
601 607
607 517
991 946
901 985
690 757
562 601
607 559
95 89
610 563
89 95
178 148
991 910
473 479
389 434
351 345
857 863
788 776
601 607
50 113
50 95
473 434
991 901
223 217
89 95
473 467
562 607
261 345
89 95
345 261
729 690
306 351
389 457
89 121
857 818
645 735
991 985
985 991
223 133
773 863
345 351
178 223
985 901
729 735
298 261
473 479
217 166
217 223
857 773
729 735
389 473
351 306
223 217
645 735
863 818
862 888
306 351
863 857
773 790
389 479
985 906
991 978
217 178
473 479
729 645
389 473
223 178
735 729
95 89
645 735
479 473
690 735
50 89
729 735
178 182
473 479
517 558
133 217
503 483
991 946
473 434
434 479
607 526
901 991
863 857
306 301
818 886
217 223
345 261
351 261
735 690
345 351
223 133
562 607
818 863
261 351
389 479
345 351
517 607
345 307
351 261
89 95
133 223
863 857
89 5
133 178
736 723
645 735
89 95
217 133
89 95
51 8
389 473
991 901
607 601
261 345
438 403
729 735
261 351
306 351
863 773
178 223
345 351
223 133
562 622
517 562
15 79
89 95
773 857
901 991
863 857
863 857
306 351
517 601
217 133
681 670
473 384
857 863
434 479
223 217
133 178
562 529
227 242
479 467
607 601
901 991
145 172
946 991
223 178
95 14
729 735
473 479
425 387
517 562
351 345
601 607
946 991
601 621
217 206
562 517
985 901
901 991
690 735
89 95
601 607
729 720
818 857
133 217
217 223
690 742
351 345
526 593
690 729
434 479
50 99
223 133
985 901
857 818
559 517
517 601
991 985
351 345
608 538
690 729
729 645
985 991
89 95
479 434
818 888
704 723
306 351
217 178
133 223
345 261
985 991
95 5
857 818
473 389
89 95
729 735
5 95
863 782
479 473
133 223
601 607
434 473
527 595
89 5
63 96
857 773
607 566
217 237
133 223
89 95
217 204
217 223
95 89
133 223
89 95
991 946
601 517
857 863
517 585
863 857
5 113
389 479
946 985
351 345
217 223
818 863
607 535
479 389
89 95
607 562
607 601
863 857
607 601
863 772
735 729
562 607
235 141
351 345
863 818
991 946
133 223
690 729
601 607
991 985
946 991
95 89
645 735
601 607
607 601
562 570
479 473
261 351
479 473
562 607
729 735
857 863
901 991
1017 916
991 946
217 240
601 607
89 5
473 479
901 946
95 89
95 50
607 601
178 167
50 89
389 473
517 601
95 50
645 690
517 607
985 901
991 985
601 607
345 351
5 89
178 223
217 223
645 735
682 645
985 946
479 434
601 530
863 773
261 351
946 991
261 273
473 479
862 802
223 217
991 946
863 857
857 863
601 607
261 273
690 735
946 991
818 885
261 306
857 863
657 763
867 801
985 991
351 345
217 223
863 818
773 863
946 985
601 637
217 178
345 351
857 863
179 137
739 764
217 185
991 995
901 991
89 5
863 857
857 818
261 345
863 773
479 389
607 601
985 991
351 306
818 859
773 863
729 735
959 1018
601 607
345 360
345 306
645 735
479 450
95 89
562 607
389 479
351 261
991 901
645 735
991 985
735 729
217 223
607 601
261 306
901 991
389 457
434 414
607 517
217 223
773 863
95 63
601 607
479 389
517 627
223 133
434 473
849 810
178 223
985 946
351 306
223 133
985 991
607 562
345 351
434 389
991 985
729 735
473 479
345 351
89 12
434 479
601 562
562 517
473 389
89 95
389 479
479 434
901 985
985 901
562 607
758 705
50 95
479 389
473 479
946 991
89 95
612 526
389 431
479 434
601 607
863 857
95 14
863 773
223 217
351 345
601 569
773 857
991 985
351 345
434 479
5 91
95 45
645 735
217 191
434 505
946 991
985 991
857 863
89 95
473 434
133 217
985 991
89 50
893 834
601 579
473 389
857 863
690 735
863 791
946 901
223 221
307 315
89 95
863 857
946 901
985 901
95 5
694 672
991 1021
857 818
473 479
217 223
601 517
857 773
217 128
133 209
434 479
645 688
1021 1002
729 735
901 991
425 416
946 991
479 389
729 724
517 607
401 505
517 585
178 223
133 223
818 863
832 776
985 901
901 991
345 351
351 345
991 985
351 270
261 345
729 735
58 79
345 351
345 284
773 857
351 306
517 611
517 607
351 345
645 729
95 50
473 434
645 739
991 985
729 735
985 991
863 857
729 645
985 991
991 910
857 863
857 863
946 909
729 762
946 991
473 479
473 479
645 687
857 818
729 735
525 619
991 953
89 50
901 913
857 863
562 607
517 562
991 946
991 901
50 89
479 389
863 857
818 863
946 979
857 880
345 306
479 389
217 178
601 607
601 562
729 690
473 479
729 735
946 985
178 223
985 991
818 890
690 735
95 89
517 607
991 985
586 612
645 729
95 5
178 217
517 601
95 50
351 345
863 773
857 863
985 991
901 946
607 520
607 562
995 991
435 464
217 223
95 71
389 479
479 434
351 345
857 863
517 607
562 607
517 601
306 351
345 306
946 991
991 904
901 943
991 946
729 735
50 89
985 1015
223 133
133 178
601 562
690 757
735 645
729 735
893 785
991 901
773 815
217 223
818 863
133 223
42 96
985 901
729 670
863 857
345 306
901 991
690 735
562 601
351 345
95 89
901 991
345 306
50 95
217 244
217 223
50 89
223 133
863 782
217 223
473 479
729 645
645 735
261 351
612 526
517 607
345 351
345 261
946 991
729 735
223 217
95 50
773 841
735 663
818 833
985 946
261 345
125 8
991 910
601 607
89 50
517 601
306 351
479 473
345 351
125 10
473 479
946 973
985 991
217 223
735 645
946 991
517 607
50 89
601 607
351 306
645 735
857 863
133 223
690 729
729 751
473 479
473 479
306 351
991 985
217 223
133 217
601 562
350 383
607 562
857 863
217 223
473 434
223 133
601 517
95 5
857 863
517 607
95 5
261 329
217 178
95 89
223 217
857 863
645 765
95 38
50 89
351 306
50 95
217 223
985 991
434 479
217 133
389 434
857 773
89 95
207 211
601 607
473 434
831 864
527 595
89 84
985 946
735 645
217 223
773 857
223 217
857 818
133 223
351 345
601 607
601 592
261 345
653 747
991 985
735 729
5 95
223 133
133 178
818 783
223 132
351 261
306 351
261 351
479 434
690 735
690 735
50 5
217 178
133 217
473 479
601 594
985 991
217 178
223 217
857 813
863 818
89 50
735 729
773 841
307 291
306 351
735 645
389 479
473 479
217 223
517 601
223 217
95 50
479 389
735 690
734 689
345 306
473 479
434 479
991 985
847 831
729 690
306 273
818 863
818 857
473 479
818 863
645 713
901 991
735 678
863 857
637 626
857 863
517 607
434 479
857 863
50 89
607 622
50 89
773 863
863 857
901 991
867 839
946 918
857 863
89 95
991 946
985 991
863 857
223 217
89 50
178 133
601 562
133 223
607 601
5 89
345 351
729 735
374 321
217 178
601 607
729 735
217 223
645 690
540 601
145 168
223 217
434 479
863 773
473 479
479 398
553 582
479 398
857 773
607 601
601 607
89 95
735 729
345 261
223 178
601 607
345 351
601 526
857 863
345 261
991 985
389 479
479 473
389 479
389 479
50 125
607 562
735 645
345 261
50 95
773 863
645 735
389 479
178 135
89 5
601 607
290 321
991 901
345 306
735 718
306 345
607 601
601 607
690 735
517 607
178 223
434 479
901 985
1007 938
345 351
389 479
351 306
473 479
211 133
389 473
223 178
223 217
901 991
95 50
818 798
345 351
217 223
223 178
351 379
735 690
991 985
351 306
562 568
601 562
217 223
5 73
901 985
857 863
479 389
690 735
473 467
223 243
991 901
729 735
607 562
95 89
345 351
351 261
729 735
985 991
773 818
735 645
89 5
345 351
607 517
690 720
64 86
985 991
916 960
995 897
434 479
89 5
178 223
607 526
133 201
133 178
863 818
735 663
434 484
389 434
217 166
217 178
729 735
818 857
261 345
345 351
389 473
645 690
389 473
276 320
351 306
985 943
735 654
729 690
89 95
607 601
261 351
50 5
645 729
818 857
863 857
562 607
169 196
261 351
93 121
223 133
901 908
517 601
729 735
517 607
735 690
857 863
690 735
306 351
857 863
901 985
729 645
645 729
517 630
901 991
657 765
773 877
261 306
729 645
645 735
562 607
601 613
89 95
601 607
729 641
223 133
773 863
991 967
458 484
517 607
601 607
818 857
857 863
690 742
517 601
601 607
178 223
729 735
345 306
517 601
351 261
253 251
473 479
946 985
985 991
351 261
991 906
645 729
526 593
735 690
13 107
89 95
985 991
863 782
479 407
532 576
729 735
901 985
985 946
863 857
985 991
991 959
517 607
479 389
89 95
857 863
99 96
901 991
729 735
473 434
985 952
601 607
223 217
818 863
991 985
901 991
95 5
178 223
473 479
601 562
434 463
50 14
89 50
89 50
95 89
217 178
345 351
990 906
178 133
645 721
89 95
946 991
249 153
306 351
901 1022
426 435
133 223
261 303
178 223
562 607
64 125
89 95
473 479
901 946
863 773
345 351
389 473
991 985
645 681
50 89
729 641
562 607
753 698
178 170
729 690
121 20
345 351
217 223
735 690
5 50
89 5
223 133
735 663
517 607
863 818
50 89
607 517
857 818
735 690
473 479
773 818
601 607
818 863
217 247
389 479
818 863
601 607
96 111
223 178
351 306
601 607
985 991
473 434
985 991
601 607
857 863
178 223
389 477
601 517
345 351
735 729
607 601
645 735
50 95
818 863
434 479
473 479
50 95
83 106
991 985
863 818
223 217
946 991
562 607
389 434
306 336
735 690
473 389
306 261
857 863
773 818
89 5
5 89
901 991
133 217
735 654
435 504
89 50
964 937
276 379
217 223
223 217
351 306
178 223
601 607
985 943
217 133
991 985
404 392
345 261
735 729
223 178
985 991
241 178
121 49
133 223
857 863
107 13
434 389
89 95
857 863
991 987
985 946
729 645
261 266
601 607
345 351
985 991
991 985
735 690
95 89
50 95
345 351
645 690
985 991
50 95
645 690
389 479
89 95
473 485
946 996
645 690
566 601
946 991
601 578
473 479
607 562
607 538
901 946
735 645
50 89
473 479
729 735
41 23
217 223
773 863
389 479
89 55
729 735
217 223
729 735
241 186
562 607
601 517
705 733
863 850
479 473
818 773
434 473
601 607
607 601
735 690
89 95
434 389
473 479
857 862
607 583
5 47
351 345
773 857
479 473
857 863
857 819
687 645
50 5
601 607
773 830
773 863
601 517
607 517
89 95
306 351
645 735
863 857
562 601
517 562
351 345
50 95
607 535
345 306
580 527
863 773
473 389
50 89
645 729
389 479
17 121
345 351
261 345
729 690
991 901
526 593
5 89
223 217
217 223
911 930
345 306
217 237
857 863
773 863
857 863
901 991
223 217
473 479
562 607
95 50
645 729
607 601
95 50
497 442
479 507
690 741
991 919
735 645
217 223
765 686
389 479
434 479
601 607
802 879
633 591
729 690
89 95
217 128
89 95
818 857
50 6
601 517
991 985
857 863
901 946
351 345
5 95
601 562
735 729
729 735
773 857
479 473
946 991
946 957
314 339
223 217
985 946
517 607
5 95
607 517
178 217
901 946
89 5
5 30
985 991
607 601
690 735
773 863
473 479
729 648
351 306
479 473
562 601
607 517
857 863
178 217
946 985
601 607
473 426
479 389
306 351
379 375
901 985
517 607
95 23
985 946
991 953
89 95
223 158
601 607
857 782
991 985
351 261
645 729
479 389
857 863
704 731
261 345
345 351
345 351
133 217
223 253
273 381
217 133
178 223
217 133
351 345
89 50
601 631
985 946
345 351
517 562
645 735
863 857
645 735
89 95
991 946
991 910
735 729
985 991
50 95
434 479
345 351
517 605
178 176
729 735
479 473
562 607
517 601
306 351
857 863
178 133
601 607
434 473
434 389
690 645
901 943
607 601
863 857
217 223
601 607
735 663
217 223
351 345
345 351
89 5
345 351
985 946
863 857
946 991
89 5
832 815
985 901
479 473
217 178
608 584
633 554
89 95
991 910
985 991
773 843
729 690
473 479
5 95
95 89
261 351
773 863
306 326
473 479
377 276
735 643
351 345
178 223
217 223
50 89
5 89
89 95
306 257
50 89
401 462
946 991
5 95
818 863
729 735
50 95
223 178
473 479
946 1005
345 351
306 351
690 735
434 479
479 401
857 863
601 562
217 223
509 423
991 901
479 473
351 345
5 50
901 985
345 351
133 175
645 729
261 350
473 434
773 863
306 351
645 690
133 178
818 820
89 5
857 863
690 729
50 5
89 5
690 645
863 857
601 562
345 261
863 857
345 351
657 708
991 901
345 306
95 50
857 818
735 690
845 867
473 479
863 773
857 863
89 50
345 351
389 479
473 479
306 261
479 434
729 640
773 863
5 95
517 607
607 562
345 351
178 196
473 479
133 217
729 735
601 562
601 607
89 95
306 344
133 178
223 217
95 50
607 601
818 850
875 888
497 467
50 83
5 47
985 991
389 473
863 773
217 178
434 404
690 758
5 50
306 351
566 634
389 434
729 645
857 863
607 562
773 818
50 42
434 473
217 223
863 818
773 857
773 857
991 985
601 562
601 607
182 139
946 991
345 261
985 991
178 223
95 64
306 345
601 594
306 351
389 479
217 223
818 773
991 946
89 50
863 818
473 479
217 133
351 332
50 95
389 434
20 121
89 95
50 95
473 434
863 773
133 223
326 315
473 479
306 351
601 607
773 857
367 326
223 217
473 479
50 95
261 306
863 824
901 995
50 5
223 178
89 5
95 50
985 991
345 351
857 846
607 601
863 818
517 601
645 729
734 664
562 517
5 95
116 95
89 95
50 89
217 223
89 95
223 133
95 5
901 946
857 840
607 562
863 883
434 494
473 434
901 985
773 863
729 723
217 223
89 95
818 863
562 555
5 95
818 863
89 95
133 154
735 690
50 89
5 50
735 720
5 50
449 497
5 89
562 517
863 773
100 119
50 89
863 791
645 735
345 351
217 223
306 308
473 389
607 535
729 735
991 946
434 479
310 326
601 517
89 95
473 479
645 735
479 434
473 479
857 863
991 985
991 946
857 773
95 50
690 645
601 607
607 601
607 517
645 690
217 133
89 95
818 847
223 178
223 217
89 4
735 729
217 223
735 690
645 690
306 351
351 306
50 95
729 735
345 261
818 863
479 473
89 5
148 192
479 473
389 479
50 5
818 863
857 773
5 95
5 63
857 863
595 618
517 607
473 479
95 5
345 261
89 95
5 50
261 345
773 822
89 95
901 946
690 645
217 178
690 735
645 690
345 351
857 863
991 985
389 473
217 138
1003 1016
985 991
991 985
690 739
729 645
985 991
5 95
95 5
842 868
217 223
729 735
985 991
690 736
223 217
178 223
345 351
901 991
857 863
187 191
601 607
178 223
95 50
773 818
517 585
63 120
389 476
223 217
89 116
857 818
645 729
857 818
773 863
217 223
863 773
601 607
645 729
389 473
991 985
601 607
142 209
223 217
857 863
985 901
5 89
863 818
562 601
345 351
306 345
645 735
223 178
985 1003
901 985
991 985
607 601
773 788
345 357
645 721
773 818
389 434
217 223
271 261
345 351
703 736
818 863
946 991
473 479
773 818
217 223
985 991
985 901
178 223
607 517
729 690
818 857
857 863
89 50
89 95
818 784
95 89
473 479
351 261
773 818
735 729
306 261
223 178
857 863
645 670
306 351
89 95
217 223
133 178
735 654
89 95
607 562
991 962
863 857
217 223
954 971
479 434
985 991
901 946
306 351
607 601
133 223
223 217
473 479
735 729
607 601
901 991
89 95
5 95
985 991
863 831
991 946
217 223
50 95
857 818
5 89
223 217
95 56
389 473
690 735
473 479
985 991
607 601
901 991
389 434
735 729
217 223
306 351
479 473
5 95
89 95
729 690
434 479
89 95
654 721
601 575
729 749
991 946
901 991
95 89
95 89
351 345
857 818
946 985
50 89
833 799
261 351
345 351
276 320
434 389
345 261
562 607
5 47
473 479
217 178
306 351
863 818
133 223
223 178
857 818
645 735
601 607
217 223
562 601
389 473
946 901
89 95
261 351
946 991
217 223
607 601
351 345
773 863
95 89
223 217
985 991
645 690
473 479
89 5
89 95
517 607
562 517
645 687
217 223
857 863
739 658
261 345
434 389
222 186
133 144
89 106
985 901
863 773
645 735
473 479
863 809
306 351
517 566
89 95
690 735
991 919
601 607
857 863
773 857
133 223
991 896
517 601
857 863
985 918
773 863
297 292
562 517
217 223
479 473
735 729
735 654
178 223
857 863
857 815
788 832
985 991
517 562
946 985
95 50
985 991
607 562
901 985
901 985
89 95
389 479
857 818
479 434
857 773
178 223
473 479
985 991
351 261
261 351
223 217
95 89
473 479
133 250
217 133
345 351
729 735
5 73
345 306
946 991
351 261
773 818
345 351
345 261
169 199
601 607
261 345
389 479
857 773
562 604
601 607
89 95
178 223
5 89
562 601
223 217
50 95
991 919
351 306
607 517
133 217
345 351
178 205
473 479
601 607
95 50
217 223
863 857
832 781
991 901
389 479
863 818
729 735
857 863
480 433
729 735
15 83
89 5
562 517
985 991
517 631
345 306
601 607
857 863
473 479
145 163
819 816
863 857
217 178
946 991
1003 909
345 351
863 857
607 601
224 245
601 589
991 946
133 217
607 601
857 863
223 217
473 479
526 580
857 863
735 729
863 857
690 735
89 5
434 389
517 601
345 261
690 735
434 479
479 389
985 991
95 5
306 372
645 747
901 991
306 281
106 98
306 261
89 95
345 306
217 178
562 601
991 946
479 473
95 89
818 863
217 178
901 991
607 601
946 991
306 261
479 398
100 14
690 762
645 729
473 479
645 729
345 351
440 389
95 5
479 434
607 562
345 261
601 562
133 178
985 991
729 735
142 209
217 178
735 640
306 311
223 133
773 857
946 991
223 217
178 223
729 645
601 607
217 223
434 473
729 690
690 729
991 946
901 946
607 601
857 773
89 95
985 991
562 601
345 351
217 223
607 601
5 50
645 735
133 217
133 223
5 50
473 479
473 389
863 857
773 819
517 607
261 306
645 690
729 735
261 351
217 133
863 892
690 660
735 690
217 162
601 607
223 133
133 178
607 601
857 863
857 773
842 868
985 946
261 337
217 178
782 849
985 991
5 89
351 345
345 306
142 209
517 607
133 223
95 89
601 607
313 351
389 434
434 473
729 735
735 690
773 857
479 389
729 735
95 5
351 261
991 985
857 863
655 674
607 601
773 863
601 607
601 607
389 457
133 217
601 607
985 901
645 719
5 95
89 50
351 306
479 434
607 601
306 345
863 818
89 95
217 223
857 863
773 818
601 562
389 473
946 991
863 818
345 351
356 375
434 479
607 629
863 818
5 29
818 863
729 735
562 607
473 479
95 89
729 645
133 217
601 607
345 306
217 178
89 50
857 863
351 306
863 782
89 95
50 95
690 729
985 991
773 818
1017 948
991 910
851 782
601 627
20 64
818 863
857 863
985 991
479 473
773 857
217 145
89 95
351 345
178 133
901 991
729 735
345 261
479 389
351 261
690 735
89 95
729 735
223 178
261 351
217 223
306 351
985 991
517 562
434 389
345 351
473 434
434 479
178 223
601 562
89 95
479 434
863 773
729 723
306 261
601 607
991 901
223 133
178 201
991 985
178 223
691 747
113 74
178 223
734 744
51 89
735 729
729 735
735 729
729 735
479 434
351 345
857 818
389 473
863 857
863 773
473 479
645 729
985 1012
89 50
901 985
517 607
735 645
607 562
223 178
601 562
857 773
495 425
479 473
94 2
306 351
985 946
735 690
345 351
607 517
89 95
223 217
473 479
169 216
857 863
863 857
288 330
95 5
345 349
5 89
601 607
729 690
946 991
985 991
901 991
50 95
345 351
857 863
133 223
991 946
217 223
975 979
95 50
901 991
89 5
133 175
479 434
690 729
345 351
857 863
50 122
690 687
345 351
223 217
89 95
50 5
991 901
133 175
985 991
223 217
735 690
345 306
431 479
261 351
863 877
863 773
645 742
532 576
735 690
95 5
601 607
95 89
562 517
601 517
345 351
645 690
960 909
95 5
89 5
601 562
1017 936
5 95
729 735
50 95
389 434
729 735
818 773
601 517
901 991
901 991
502 449
89 95
351 261
863 857
345 306
95 89
345 306
991 935
729 735
389 479
217 178
729 735
601 517
601 562
479 473
133 223
729 735
261 345
261 351
946 1016
473 479
89 50
690 735
645 735
95 14
901 991
985 991
863 818
991 910
351 339
863 857
5 95
985 899
261 362
729 735
773 863
345 351
735 645
985 991
562 607
473 434
133 175
863 788
89 95
306 345
607 601
133 223
946 949
607 517
306 286
857 773
735 729
133 223
345 306
5 95
735 729
223 133
690 722
836 809
389 479
893 827
217 223
5 89
133 223
985 991
985 991
68 15
389 479
985 991
95 50
178 133
607 515
985 946
217 223
5 50
773 846
170 179
133 223
345 261
517 607
217 223
389 479
735 690
946 991
389 479
5 95
119 20
479 473
517 607
951 1021
985 991
345 351
863 773
345 261
735 704
434 399
818 863
660 704
89 50
473 479
89 50
818 785
985 946
473 479
607 562
479 434
223 151
645 729
479 407
863 818
179 208
562 538
389 479
946 991
389 457
937 964
946 901
5 95
345 351
735 729
178 217
223 217
133 178
532 520
178 223
857 863
473 389
729 735
809 791
991 946
773 818
946 985
351 345
89 50
857 863
271 290
863 857
607 601
747 653
434 479
985 991
735 729
89 0
607 601
601 562
473 479
434 473
517 607
729 690
133 178
133 205
479 415
901 985
991 901
690 735
517 607
133 223
345 306
863 857
434 479
857 863
345 306
160 202
288 330
690 735
901 991
119 20
607 517
345 351
223 217
261 329
434 479
735 690
991 946
306 351
178 182
857 773
50 95
554 563
991 985
223 133
306 351
946 991
991 946
901 985
773 786
601 607
95 5
351 261
991 919
145 136
95 89
5 95
690 735
874 838
601 607
985 946
517 601
729 690
729 735
901 985
345 303
389 479
991 901
985 946
321 322
479 473
95 89
345 261
562 601
89 95
50 89
863 818
178 158
306 354
77 50
773 841
217 194
261 271
928 970
389 461
95 57
89 116
773 863
991 985
473 434
690 735
217 178
729 681
867 889
729 735
562 517
645 735
223 217
729 735
645 735
818 773
863 892
261 345
95 89
857 863
562 517
645 729
818 863
223 178
601 607
946 991
1007 966
818 863
178 223
517 562
389 473
345 261
473 479
857 863
223 133
178 177
389 414
985 991
991 946
985 991
991 901
306 298
607 562
857 773
901 991
89 50
946 991
863 773
901 991
100 119
5 89
645 735
389 473
351 345
217 223
562 525
729 735
645 735
306 269
89 95
985 901
607 517
178 223
178 223
223 217
345 261
517 562
306 351
901 946
351 345
50 95
473 479
517 607
389 479
434 473
5 83
95 23
89 95
389 479
223 217
729 735
517 601
773 818
351 345
345 273
261 345
985 901
645 690
133 223
223 142
217 223
217 178
351 261
434 389
351 306
690 662
345 270
517 585
729 735
559 601
517 553
901 991
351 261
607 582
991 985
345 261
306 345
473 434
473 479
818 773
223 133
690 735
985 991
133 178
562 607
946 991
351 306
345 273
703 736
857 863
389 503
729 735
133 178
434 479
217 223
857 818
607 601
773 841
434 389
217 223
985 991
985 946
223 217
645 690
985 991
182 168
261 306
261 329
351 345
133 223
901 959
979 975
607 601
570 625
729 760
735 690
601 517
89 50
345 306
818 773
345 261
901 985
601 517
818 863
273 344
479 434
473 479
991 985
857 891
217 178
95 50
223 166
985 901
773 890
479 398
306 351
434 479
351 261
562 517
690 729
735 690
985 991
985 991
5 95
5 50
217 223
729 645
345 358
562 630
454 426
991 926
690 729
217 223
473 479
607 589
389 479
901 910
607 601
217 223
389 457
351 261
178 223
94 70
729 690
133 217
473 479
5 89
133 217
95 110
562 517
985 991
773 857
479 407
133 178
863 857
217 223
178 217
991 1015
473 434
306 261
901 946
946 1003
879 818
901 985
660 761
5 89
50 95
857 863
645 690
5 95
217 133
681 700
133 157
601 607
351 270
735 729
20 64
818 863
50 89
473 479
863 857
434 431
735 729
89 84
95 23
389 434
946 984
645 735
217 133
729 735
473 389
261 345
473 434
434 479
863 818
729 670
729 735
773 818
217 178
562 607
863 773
89 5
217 223
389 473
479 434
217 223
601 517
517 607
50 89
95 89
345 351
133 222
562 526
223 217
345 351
773 818
95 84
946 991
473 479
178 217
223 133
985 946
517 562
223 133
735 690
345 351
985 969
985 901
857 863
345 306
217 223
901 991
729 735
857 818
473 434
735 723
47 20
773 818
479 473
351 306
5 0
133 223
5 50
517 601
729 735
223 133
601 607
351 261
901 985
473 434
985 918
121 20
863 773
645 690
276 320
562 607
389 434
89 95
223 217
857 773
389 473
89 95
182 208
50 95
133 217
645 735
601 607
5 50
306 345
223 178
991 901
985 991
818 773
389 473
389 387
89 95
350 282
729 735
261 351
773 857
991 946
901 991
473 434
985 991
223 217
261 351
223 207
773 863
170 179
217 223
223 217
404 392
831 888
261 351
729 763
203 207
473 479
994 946
818 857
223 217
863 857
479 389
345 351
223 151
351 261
645 729
517 607
773 818
223 133
601 607
223 133
5 89
479 473
857 863
223 217
562 607
946 991
261 329
985 991
217 146
729 690
690 735
89 5
271 335
473 479
645 713
345 351
178 235
473 389
306 351
601 575
178 223
345 351
133 217
89 95
306 351
857 863
991 946
178 223
207 211
985 991
601 605
517 607
261 345
389 479
345 261
345 351
434 479
217 223
601 594
729 735
991 985
473 479
517 601
857 863
645 735
217 205
601 517
17 109
562 517
985 938
645 729
345 351
223 178
178 217
729 645
960 979
773 863
261 351
857 863
473 479
690 729
133 178
735 762
479 398
761 697
607 601
50 5
434 479
434 463
389 434
133 178
5 115
479 473
217 223
473 389
479 473
50 53
306 303
479 473
345 351
760 719
389 479
479 398
89 95
857 863
607 601
818 773
607 512
89 95
223 217
901 946
5 73
5 50
645 735
261 351
517 607
985 913
95 50
389 479
517 601
306 351
17 80
89 95
729 690
217 178
89 95
818 785
645 735
5 50
473 509
735 663
601 607
95 50
99 28
985 991
223 217
857 863
95 50
261 306
89 95
223 133
479 473
818 847
95 89
645 717
133 223
217 223
381 335
985 991
818 857
607 562
946 901
479 389
863 773
5 89
818 863
946 903
985 991
495 454
473 479
133 223
788 832
562 517
991 946
133 223
765 739
913 955
991 985
985 946
50 89
690 735
228 182
178 184
95 89
893 852
89 95
735 729
863 857
473 389
95 50
773 863
842 868
735 645
50 68
729 645
601 562
217 145
479 389
991 946
857 863
473 389
345 355
261 351
479 473
182 129
562 607
351 261
773 863
133 223
89 5
223 217
901 991
729 735
261 329
985 901
345 306
735 729
95 89
690 735
857 863
690 735
473 389
5 50
517 607
601 517
690 701
217 223
217 178
517 601
217 223
863 773
901 991
217 133
192 249
985 991
389 479
95 83
562 517
261 345
985 901
434 389
735 690
991 985
95 20
95 89
729 735
351 270
985 991
991 946
95 14
345 306
517 562
15 83
223 178
217 223
217 133
901 946
345 306
690 735
178 223
89 50
217 223
991 946
217 223
985 991
447 504
645 690
645 690
51 36
996 1015
735 645
601 517
306 321
473 479
857 818
601 607
351 261
773 863
818 857
306 345
389 479
479 434
735 729
562 601
306 337
50 95
5 89
223 178
473 434
223 217
479 398
434 479
306 345
991 985
601 607
306 264
735 729
985 901
473 460
217 222
217 223
946 902
217 178
50 95
306 351
645 690
306 261
473 389
89 5
473 389
901 938
818 863
133 223
946 991
345 261
217 223
657 765
864 847
217 178
50 5
857 863
601 607
818 857
351 306
517 563
773 815
857 863
645 735
473 434
818 863
863 864
985 991
473 479
50 89
261 306
946 991
50 95
473 459
991 946
818 782
89 95
985 991
95 89
351 345
217 133
133 223
601 607
434 479
735 729
50 95
217 178
991 985
809 836
601 562
217 223
601 607
985 901
217 178
607 562
345 351
479 473
901 946
826 792
773 818
306 351
5 50
991 985
985 991
261 345
95 89
562 607
5 117
261 383
901 991
985 991
389 434
562 565
178 217
50 5
991 946
345 351
991 985
178 223
345 351
345 306
133 175
735 645
239 198
345 351
863 857
857 863
991 946
290 321
562 601
306 345
217 178
50 95
473 425
946 991
991 985
985 991
985 991
926 991
985 991
729 735
773 815
224 240
991 946
735 729
901 991
818 813
857 863
991 946
223 217
89 95
209 170
217 133
991 946
985 901
601 562
857 863
704 738
95 5
961 957
261 306
601 562
607 601
857 863
306 351
123 125
345 351
351 345
901 985
389 479
389 479
20 8
345 351
345 351
946 985
95 50
178 223
601 607
985 991
601 607
5 95
89 95
517 607
690 735
217 136
985 991
50 26
5 95
351 306
863 857
991 946
261 316
473 479
261 345
5 89
271 290
306 351
645 735
985 901
690 645
645 729
5 95
473 502
261 345
314 331
389 429
351 306
217 178
389 434
562 517
562 606
773 863
607 601
306 345
991 985
729 735
217 178
729 735
863 818
690 723
217 133
217 178
89 50
976 946
863 857
946 927
306 351
89 50
389 479
50 8
253 223
630 554
89 95
133 175
50 98
857 818
217 133
100 14
607 562
306 351
345 351
473 434
133 142
863 848
946 991
345 306
735 645
729 735
645 735
607 522
901 991
306 351
5 95
985 991
435 408
690 725
946 991
857 863
473 479
479 389
345 261
133 175
217 178
991 901
351 345
729 735
607 562
404 392
773 857
601 607
50 95
5 95
345 351
985 991
389 473
566 633
95 89
351 279
607 562
217 194
389 479
351 345
345 306
729 735
729 735
479 503
773 840
601 607
351 261
473 479
595 527
345 306
389 479
351 264
857 863
562 607
985 991
901 972
690 645
729 713
50 95
863 818
306 345
95 89
223 217
479 473
95 14
601 607
223 207
89 95
50 57
729 735
133 217
89 50
434 433
345 306
95 94
630 577
985 991
95 5
773 863
690 729
607 517
690 735
223 133
95 89
133 178
345 351
607 535
705 652
351 345
389 473
345 351
133 178
5 95
306 261
50 120
307 260
95 14
434 479
473 479
991 946
208 178
979 915
601 607
991 946
133 178
389 473
562 607
735 729
857 863
985 991
223 133
261 351
729 645
95 57
721 653
901 995
351 345
389 491
5 89
857 818
505 477
473 479
473 434
690 731
645 729
735 729
601 607
562 601
50 5
818 863
991 985
261 372
473 389
95 50
985 901
985 946
601 607
217 223
89 95
601 607
991 985
95 5
654 721
562 607
223 178
773 857
223 178
217 223
735 645
5 6
133 223
946 944
89 95
729 645
901 985
89 50
773 863
133 223
49 41
857 818
690 735
991 901
818 773
985 946
479 434
562 607
434 436
363 269
345 351
729 735
306 261
473 479
479 473
217 223
217 144
690 729
735 690
5 89
479 434
473 434
601 607
5 50
863 857
133 223
857 818
351 261
773 863
857 863
217 133
645 687
217 220
601 517
479 473
735 663
901 991
217 223
351 345
351 261
985 946
306 340
5 23
773 818
434 479
886 810
729 690
601 517
479 434
133 223
950 944
729 735
389 479
261 345
89 5
223 178
473 479
607 601
735 690
350 294
434 479
690 735
351 345
178 223
118 42
351 312
857 791
306 351
946 991
479 473
562 543
5 95
901 991
345 351
985 991
645 735
434 479
473 479
389 479
601 517
773 863
306 351
217 223
473 434
729 735
261 297
985 991
306 351
502 449
351 306
473 479
857 863
5 95
217 178
857 818
95 89
178 180
473 479
857 773
288 330
306 351
306 261
607 601
863 857
133 223
863 782
351 306
863 773
95 89
89 5
217 223
434 389
901 985
473 434
479 473
351 345
991 901
863 857
946 1006
818 773
857 863
434 473
95 89
562 607
178 217
857 773
601 607
690 670
434 473
735 716
690 659
607 601
735 729
773 863
645 729
645 729
50 95
690 729
729 735
182 233
434 479
133 217
95 50
345 351
306 261
479 473
389 460
857 863
985 901
735 645
729 735
473 479
217 223
601 607
788 776
217 223
351 345
690 767
479 387
991 946
818 863
645 735
863 818
389 473
517 607
562 601
389 473
306 345
389 473
645 690
645 729
991 985
95 89
517 601
995 970
576 547
389 479
89 95
89 95
95 89
261 345
5 95
863 782
389 473
857 863
95 84
345 351
985 991
946 991
389 479
261 351
818 857
601 607
735 729
479 473
735 654
735 729
479 473
473 479
857 863
351 261
601 607
95 23
223 217
901 985
89 95
473 434
601 577
351 306
95 5
179 139
20 5
637 529
729 645
473 434
178 133
690 735
901 991
645 690
818 863
50 5
479 389
645 690
473 389
729 690
735 729
735 749
946 901
389 457
946 991
690 645
351 345
178 223
946 985
484 503
601 607
607 517
773 863
946 1011
729 645
447 480
729 735
991 1005
89 95
985 991
81 100
818 863
818 773
729 735
517 607
479 473
562 607
863 857
607 601
729 735
694 719
702 691
836 783
645 735
690 735
217 158
946 991
810 866
607 515
223 207
607 601
345 351
857 863
217 178
217 178
133 217
735 729
389 434
690 735
5 43
217 223
217 178
857 863
50 95
261 351
946 991
5 89
243 133
223 217
857 845
95 89
345 351
607 562
479 398
20 8
351 345
690 729
306 355
773 818
690 729
473 479
261 306
991 901
479 463
735 645
735 690
607 601
50 95
857 771
857 773
89 50
50 89
89 95
473 479
261 306
857 773
991 946
729 690
89 95
901 946
729 735
863 857
857 818
985 901
217 223
729 723
690 729
223 217
818 773
473 479
562 607
95 89
261 331
306 261
735 690
773 857
991 985
89 50
562 546
95 23
473 506
607 601
133 217
562 517
95 89
479 434
985 1019
261 351
50 95
261 351
54 50
178 223
479 473
562 601
351 345
89 10
217 178
479 389
397 491
517 607
818 857
473 479
607 601
345 351
479 473
217 223
345 333
517 562
985 991
529 613
607 535
306 378
89 95
389 473
818 857
133 201
351 306
217 178
607 517
863 818
729 735
351 261
901 946
95 50
89 5
985 991
992 953
89 95
527 595
473 389
607 601
345 351
985 991
985 901
985 991
389 479
50 95
991 946
773 818
818 863
50 95
261 306
178 223
985 901
253 245
985 901
389 473
178 130
95 89
863 857
50 95
107 13
306 310
89 50
479 473
306 345
345 261
306 351
735 690
607 601
223 217
434 479
223 145
261 355
345 351
178 223
351 345
351 345
601 607
985 901
223 133
434 388
818 782
601 607
345 351
857 863
991 973
901 991
857 818
389 479
217 223
729 735
89 95
991 985
857 863
473 479
50 107
607 601
223 178
690 729
389 473
14 81
345 276
5 95
473 479
863 818
473 434
479 473
901 985
133 223
645 729
479 473
729 735
601 607
985 991
345 351
473 459
901 991
133 178
89 5
89 95
389 473
735 729
261 345
479 434
95 89
901 969
562 607
261 351
773 818
735 742
735 729
729 645
991 946
5 89
479 434
306 345
729 645
946 991
89 95
261 351
773 818
831 810
351 345
306 351
89 95
985 991
133 140
178 133
473 389
601 626
985 991
306 351
607 562
818 863
479 407
50 95
645 735
863 816
690 762
217 178
562 517
479 434
351 261
345 351
607 562
562 601
178 217
946 991
178 199
351 306
517 607
773 863
857 773
89 50
351 306
645 735
217 223
690 645
735 690
991 946
863 818
95 50
601 517
901 991
133 223
223 217
306 323
209 228
351 345
810 866
576 595
217 223
133 223
729 645
473 389
985 991
351 306
95 88
991 985
306 351
735 729
517 607
223 178
773 863
223 217
601 512
946 901
89 95
985 991
345 351
217 223
89 97
946 901
735 729
100 14
690 735
901 985
345 306
818 821
517 601
863 773
985 991
345 351
217 203
223 178
389 473
448 403
991 975
601 607
818 857
991 901
345 306
729 690
991 919
5 50
818 863
517 562
517 601
690 735
946 991
217 223
389 479
261 345
607 562
399 463
306 351
89 95
89 95
298 367
306 351
89 5
645 687
818 863
223 178
345 378
345 351
857 863
95 5
434 479
690 735
601 607
89 95
729 690
645 735
217 178
729 645
863 773
345 351
473 434
729 690
389 473
345 261
434 479
946 901
645 713
729 690
95 89
773 857
479 389
601 607
95 89
473 479
690 735
50 114
95 50
857 863
345 306
434 479
901 991
473 479
89 95
857 863
306 351
985 991
479 473
517 586
95 89
517 562
345 339
89 95
863 791
763 645
901 985
5 50
857 818
473 434
479 473
306 276
261 345
863 773
815 788
818 863
351 345
901 985
5 95
434 389
5 73
729 735
217 198
773 863
389 473
5 95
89 5
473 479
223 133
351 345
89 95
857 773
249 230
473 479
351 306
946 991
947 963
857 863
389 479
89 95
345 306
517 562
985 906
345 351
345 351
901 985
473 389
517 607
306 351
223 217
178 223
690 735
479 473
562 601
729 735
5 50
89 95
133 217
5 50
562 521
473 486
946 991
50 125
607 601
607 517
562 607
773 857
133 223
901 943
946 901
133 223
345 351
985 991
893 859
473 479
562 601
818 863
729 645
607 601
946 896
901 985
473 434
517 607
985 991
89 50
145 173
985 991
5 89
964 911
89 95
95 89
434 479
223 133
985 901
938 971
863 818
729 735
818 857
991 946
89 95
178 223
196 143
601 607
345 306
985 991
818 863
178 201
217 223
705 644
857 863
345 351
217 178
95 23
562 607
611 625
857 863
345 351
576 636
217 133
479 404
901 991
985 991
729 735
517 601
345 261
389 473
601 517
607 601
645 735
863 857
893 838
5 95
535 607
5 73
863 818
89 5
479 473
141 192
901 991
50 89
345 351
306 261
473 434
50 95
178 217
5 36
601 607
306 345
217 182
985 991
5 89
479 438
562 543
223 217
345 351
473 479
761 755
991 985
690 735
735 729
89 95
562 601
863 782
473 434
351 345
5 95
207 191
690 735
473 389
89 95
773 818
223 178
863 818
261 336
901 991
735 729
15 79
50 95
434 481
991 946
50 95
473 479
351 261
946 991
377 338
946 991
601 607
818 857
729 737
645 735
95 89
178 223
857 863
517 522
351 306
95 5
133 217
345 261
217 223
946 988
434 479
95 5
223 178
857 863
95 50
223 133
448 399
607 606
601 607
217 223
191 248
985 991
133 217
351 345
5 95
645 715
788 776
95 89
170 179
50 5
607 562
601 528
217 223
601 607
815 890
729 735
729 735
389 479
223 217
227 196
95 89
946 901
601 607
351 345
729 671
89 78
985 991
735 758
681 763
735 645
50 17
473 434
95 89
223 217
818 857
991 985
351 345
867 773
601 607
389 434
517 601
473 434
223 217
863 857
818 863
690 735
991 901
345 351
223 133
655 723
95 89
473 434
729 645
246 193
50 95
297 311
217 223
601 607
991 985
345 351
306 351
735 729
985 901
601 607
601 607
601 559
946 985
857 863
351 261
985 991
985 991
95 89
350 314
381 304
133 223
133 217
479 473
950 994
836 867
601 607
50 20
479 398
223 204
773 818
645 713
991 985
95 89
473 385
217 223
822 801
306 351
607 601
818 863
607 601
690 735
991 910
863 818
729 690
223 217
773 818
729 645
351 345
479 407
985 991
517 601
217 223
170 226
5 89
645 690
954 973
857 863
889 868
95 5
351 274
89 95
223 178
729 735
991 985
306 351
118 13
178 223
178 204
818 857
729 645
607 601
479 473
223 133
306 351
729 735
133 223
901 946
345 351
729 735
89 50
991 985
479 473
911 979
5 89
178 223
473 479
857 863
985 991
133 175
735 645
351 261
562 607
833 806
133 223
434 479
991 946
133 223
818 773
888 773
607 601
261 306
991 946
89 95
985 991
89 95
178 223
901 991
95 23
995 959
479 389
729 690
389 479
645 729
735 729
389 479
217 223
434 473
133 217
351 345
223 217
729 690
480 397
607 595
863 857
473 479
95 117
645 729
901 985
985 946
991 978
901 946
601 607
818 857
857 863
89 95
645 735
345 306
607 601
857 863
729 735
735 690
952 930
863 857
863 791
946 958
946 991
517 607
95 89
133 178
991 946
89 95
818 863
690 735
857 818
1009 954
479 473
690 738
690 731
434 439
645 735
690 724
985 991
735 645
345 351
901 991
261 351
473 506
217 223
306 351
306 345
306 351
223 133
178 223
645 729
217 220
863 773
562 601
217 223
991 985
217 223
946 908
991 919
473 434
5 30
607 533
178 133
479 389
20 8
473 467
773 857
133 223
863 857
217 223
89 77
601 517
473 434
178 223
517 601
729 645
863 782
818 857
345 351
479 473
729 735
607 601
857 863
345 306
517 562
690 735
473 479
351 261
818 773
991 919
729 735
863 818
5 50
345 306
857 818
985 991
479 473
681 663
991 985
479 473
985 991
985 901
89 29
735 763
773 863
601 607
133 217
227 141
863 878
95 89
773 857
607 517
985 991
434 432
479 434
223 221
818 863
645 735
946 949
645 729
857 863
960 975
89 5
345 351
901 985
217 133
345 322
612 631
863 818
901 985
133 223
89 95
601 517
607 526
95 5
857 818
857 773
947 996
306 351
566 541
863 857
5 47
857 863
186 241
178 133
5 95
351 306
607 517
607 562
863 818
473 434
95 50
222 198
735 729
607 517
170 179
911 975
217 223
562 517
735 690
351 270
690 674
351 261
901 991
857 890
946 952
306 366
996 1015
625 570
607 601
601 607
916 960
223 217
562 601
985 946
946 985
601 607
729 645
351 345
729 735
857 773
735 729
690 729
5 50
601 517
773 819
818 863
95 5
223 133
89 95
95 89
985 991
479 389
351 306
601 517
479 473
389 434
479 473
863 773
729 735
434 479
133 217
479 389
217 133
735 690
517 562
735 729
517 601
473 389
645 735
704 650
735 645
773 863
223 133
901 991
863 786
351 279
857 863
261 306
389 434
863 773
473 479
580 527
448 505
562 588
996 1015
818 862
307 377
991 946
178 227
479 434
89 24
645 690
351 345
306 345
178 250
473 389
89 95
50 95
306 261
434 479
345 261
5 83
857 798
690 735
532 576
434 389
607 601
946 985
729 735
729 690
434 479
625 517
645 713
991 946
562 583
261 351
434 479
306 261
601 607
345 261
389 457
601 590
773 818
479 473
50 85
735 729
235 141
857 818
601 607
50 95
89 5
991 985
50 65
133 223
645 735
261 303
773 863
5 95
991 913
991 946
479 473
306 351
223 178
473 479
601 517
89 5
223 133
5 47
562 601
178 223
946 991
473 434
607 517
89 95
434 452
985 991
351 345
89 5
217 133
389 507
601 607
473 434
223 133
562 601
773 863
89 95
901 991
607 601
261 272
735 729
857 818
517 607
773 857
351 345
607 562
863 857
991 946
729 735
223 178
873 818
735 690
133 158
991 959
95 5
857 863
95 89
517 607
89 5
863 857
690 735
645 687
217 223
95 23
351 261
50 95
863 773
517 607
133 217
857 818
985 946
217 221
223 217
473 479
217 223
985 946
95 123
89 95
223 178
729 735
479 507
729 690
601 517
601 607
690 735
773 818
901 985
729 735
261 345
735 645
773 863
50 95
645 729
473 499
985 901
783 802
223 217
645 729
50 89
985 991
818 863
735 690
5 89
607 601
217 223
601 607
729 735
50 95
690 645
89 5
473 479
133 223
148 133
857 818
985 901
562 601
133 178
690 645
479 473
306 351
875 781
306 351
473 479
729 735
645 729
306 261
261 351
985 991
645 735
991 901
261 351
607 601
985 991
351 345
773 863
217 223
773 863
985 901
773 863
351 261
261 345
143 207
473 479
389 479
217 133
901 985
562 525
729 645
901 991
946 991
985 991
729 645
601 607
345 351
223 178
345 261
100 119
95 50
690 738
5 95
5 50
946 991
89 95
389 473
591 575
473 479
818 856
50 1
788 773
645 735
517 601
691 682
178 166
479 389
351 345
857 863
89 95
607 562
562 607
89 95
217 223
857 818
434 479
473 389
345 351
690 735
178 133
729 645
89 95
217 223
562 575
857 863
223 217
217 223
133 145
991 985
975 979
566 562
607 562
863 818
50 89
991 946
249 148
902 901
223 178
307 312
217 178
178 133
473 426
729 718
562 607
857 773
223 178
223 133
517 607
690 719
773 863
389 461
5 50
690 735
473 479
89 50
991 946
5 95
253 223
517 607
863 857
345 306
857 863
434 469
991 985
517 601
601 517
901 991
306 270
863 857
901 985
857 818
735 729
473 479
389 431
345 261
735 729
735 729
479 473
562 607
773 818
946 967
690 641
351 261
901 985
818 863
607 629
863 818
601 562
946 991
985 946
857 818
178 166
389 460
434 479
901 985
473 479
351 306
985 991
133 223
133 217
178 223
857 863
89 50
863 857
50 95
773 857
133 217
223 178
601 607
863 857
50 45
901 991
223 146
223 133
15 83
217 133
863 857
991 926
735 729
345 306
901 991
345 351
479 407
351 345
306 298
849 781
857 818
306 270
345 351
261 383
351 366
690 729
399 418
253 226
985 991
773 791
601 607
517 607
89 5
261 345
217 223
857 863
645 735
351 306
345 261
857 863
729 735
773 863
735 764
857 863
261 351
95 5
434 473
735 645
690 762
607 517
345 351
89 44
985 946
867 800
985 946
729 735
857 863
857 863
946 991
863 857
773 857
985 991
818 863
985 946
601 562
339 351
297 280
320 290
383 261
50 95
735 645
517 607
345 351
473 434
351 345
901 946
735 729
473 479
435 426
217 250
863 773
480 503
985 946
479 507
351 345
857 863
946 991
223 178
863 818
5 89
857 773
345 351
946 1015
517 607
89 95
473 485
95 50
735 729
601 607
223 178
345 261
178 223
178 221
351 345
734 658
517 562
389 434
857 863
562 607
818 863
527 595
857 818
645 690
735 762
818 787
985 991
351 345
913 993
473 479
223 217
985 901
345 306
773 863
991 985
601 517
217 223
133 178
562 601
434 479
863 818
729 735
217 223
601 517
473 389
517 585
645 729
389 479
857 863
68 15
735 729
389 473
95 50
911 975
991 985
690 645
434 473
607 562
735 729
50 74
479 473
607 562
345 261
351 345
607 562
133 217
473 479
863 782
113 58
735 729
985 991
995 946
434 507
985 991
95 14
133 178
133 217
95 89
351 345
89 50
946 991
473 479
517 601
562 596
223 217
351 306
89 5
729 735
95 50
95 50
735 729
607 562
985 946
863 773
571 562
991 901
601 590
95 50
217 223
223 178
217 223
389 473
857 818
857 863
985 991
261 370
223 142
553 580
345 261
517 607
306 261
261 303
729 735
901 991
435 401
294 345
351 345
133 178
985 991
607 601
217 238
773 857
517 546
261 351
434 389
517 601
735 729
50 95
985 993
351 306
735 729
434 479
991 946
434 473
375 264
607 601
665 696
985 995
178 223
1019 1015
345 351
271 339
729 735
645 735
607 601
261 306
217 128
178 223
50 95
351 261
818 863
389 479
5 89
133 223
601 563
690 735
863 818
95 5
50 95
607 601
298 339
261 351
601 607
217 178
207 191
306 351
991 946
217 178
473 479
645 735
857 863
351 320
729 660
735 729
261 345
660 746
901 991
217 223
479 398
434 473
863 818
5 95
645 690
479 389
389 434
901 1002
89 74
351 306
735 729
735 690
985 991
89 23
601 607
50 95
729 653
261 351
351 306
50 89
857 863
773 818
612 631
500 473
261 345
645 678
960 932
473 479
89 50
68 15
901 991
836 809
50 5
863 857
985 991
356 375
690 729
345 351
991 985
434 473
863 818
985 991
729 735
95 57
5 95
863 857
607 562
345 351
517 607
690 645
133 223
178 223
133 223
217 133
729 735
576 520
818 773
50 84
223 151
89 95
345 261
345 351
479 434
991 901
901 991
901 985
857 842
774 857
985 991
241 186
345 351
345 306
351 345
479 473
818 863
985 991
351 261
729 735
351 313
601 607
223 217
306 351
89 75
351 345
863 773
434 478
223 178
991 985
985 991
612 631
217 171
89 95
773 815
562 568
345 351
607 601
261 264
133 178
901 985
773 857
532 576
314 280
863 818
473 476
947 979
857 863
133 245
351 306
753 698
818 773
223 217
178 223
857 863
601 607
562 607
95 20
857 863
351 306
484 438
601 607
607 601
735 690
601 607
562 607
735 690
818 773
773 818
223 217
863 773
735 729
985 991
901 991
473 434
729 645
217 140
89 5
729 735
735 690
473 479
985 991
217 223
473 389
261 329
773 818
351 261
434 479
607 601
5 89
223 217
345 351
479 473
404 392
217 223
818 857
946 991
434 479
434 479
133 253
5 16
473 434
434 479
192 128
863 773
479 473
690 735
246 170
389 473
773 863
50 5
223 133
223 133
96 59
223 178
133 223
479 389
857 818
261 351
227 239
562 607
735 658
5 40
735 729
857 863
473 413
217 223
223 178
607 526
133 217
645 735
985 910
223 229
222 209
946 991
946 991
473 479
729 654
645 729
217 133
607 517
5 89
773 863
607 601
95 89
345 351
607 517
690 735
217 133
645 690
863 791
178 211
261 306
607 562
473 434
607 601
818 857
946 901
601 562
863 786
473 479
479 434
50 5
729 690
991 985
95 5
345 351
690 735
401 462
389 479
95 50
985 991
735 729
345 351
89 95
50 95
857 863
729 690
729 690
306 345
89 95
5 14
607 554
946 901
562 607
901 985
601 611
261 306
5 95
350 295
223 217
645 735
985 991
473 479
562 607
5 95
517 631
95 89
946 985
261 345
95 52
601 517
217 223
178 223
351 306
479 473
601 607
95 50
773 851
99 85
306 351
901 985
857 863
95 89
857 818
690 658
601 562
89 95
261 351
389 434
645 690
223 217
857 773
818 863
178 133
217 223
985 991
133 178
863 857
601 562
306 351
345 261
607 561
306 351
182 207
261 345
178 223
351 261
517 585
223 142
63 120
946 985
479 473
889 884
729 735
479 434
985 991
473 434
735 645
269 363
562 517
306 351
223 217
434 479
607 517
345 351
601 517
985 946
985 991
345 351
857 863
198 170
133 178
223 133
985 991
217 133
857 863
729 735
5 117
479 507
857 863
729 735
261 372
562 601
863 818
690 735
89 50
601 588
95 22
50 95
306 259
818 863
178 223
863 773
735 690
985 991
217 223
645 735
985 991
901 991
881 826
50 121
991 919
625 570
857 818
223 217
863 857
601 607
773 863
690 735
985 991
89 95
473 479
857 863
818 773
735 729
223 217
901 991
863 857
690 735
863 857
345 306
562 607
89 50
991 910
133 217
345 351
5 86
89 95
89 95
901 985
517 591
479 473
479 407
773 863
901 956
473 479
5 95
645 729
562 574
479 473
473 389
345 351
580 527
351 270
434 389
178 217
217 223
607 517
857 773
306 351
133 223
5 89
50 95
479 434
306 345
985 991
735 663
261 345
223 217
601 562
473 479
729 690
261 345
517 601
946 970
345 351
473 389
601 607
217 223
729 735
729 735
735 729
50 34
261 345
601 517
389 473
404 448
473 434
735 645
306 377
306 351
50 95
217 133
690 735
351 345
857 863
517 607
434 479
818 773
735 729
690 747
818 857
306 345
773 857
645 729
864 853
607 535
773 818
223 133
5 89
729 735
562 517
351 261
985 991
89 95
773 891
479 434
133 223
628 632
473 479
351 345
306 310
607 601
345 351
729 690
479 473
351 261
217 223
562 517
345 351
454 426
985 991
863 857
50 95
857 773
729 735
901 991
735 663
607 601
479 434
389 455
735 690
601 607
729 735
863 857
601 607
690 645
217 223
729 690
345 351
389 434
351 306
946 991
473 434
473 479
345 351
857 863
985 991
479 473
601 607
351 306
901 991
345 376
5 98
517 562
863 857
886 781
143 207
773 841
735 645
434 468
985 991
985 988
473 434
261 351
178 223
133 222
5 89
729 717
351 369
5 95
729 750
480 501
729 669
5 95
389 423
320 264
645 735
94 29
5 74
389 434
319 335
857 773
217 223
601 607
89 5
351 261
5 89
991 985
389 473
50 95
5 89
261 306
261 345
345 351
217 223
857 818
601 562
985 991
473 402
645 690
690 735
351 345
261 351
818 773
971 985
607 601
345 351
351 306
479 389
345 351
991 901
996 910
857 863
438 508
306 345
857 863
95 89
5 95
562 610
818 822
857 771
773 863
133 168
479 389
991 985
857 863
818 863
345 351
345 351
991 946
946 991
857 773
773 818
261 351
178 145
426 465
946 995
306 345
351 379
735 729
946 901
95 50
607 601
857 863
351 306
517 601
223 217
601 607
819 895
729 645
690 729
223 133
50 116
783 851
607 601
261 351
89 95
729 735
223 178
178 223
345 351
901 1019
729 735
389 473
473 434
345 351
50 95
389 434
601 526
729 735
729 645
5 13
389 434
345 270
601 607
89 95
351 345
434 473
95 50
217 223
20 8
991 985
773 836
5 95
783 847
217 223
863 773
729 645
479 473
351 306
261 345
133 223
217 223
306 261
89 95
351 345
351 306
517 526
863 857
434 479
857 818
50 61
217 178
345 340
773 863
985 991
89 95
89 5
5 95
473 479
306 294
306 351
345 351
345 261
601 607
645 735
946 991
601 607
863 857
89 95
314 335
857 863
261 351
863 818
179 157
991 979
607 562
178 223
217 223
773 815
479 473
389 434
95 30
389 473
818 857
863 857
351 345
133 217
554 563
319 335
991 901
607 601
729 645
50 95
217 223
867 812
857 863
473 479
773 818
863 810
434 389
517 589
63 120
991 985
434 479
331 345
991 985
863 780
857 818
826 845
985 901
991 985
735 690
479 434
562 607
946 991
517 559
690 737
89 109
601 562
434 397
857 863
562 517
389 457
351 306
223 178
5 89
479 473
41 101
857 843
89 50
818 863
133 223
217 178
857 863
863 857
562 607
729 645
473 467
479 473
517 562
607 601
473 479
607 517
5 95
729 735
517 607
601 607
306 345
473 479
89 5
50 5
863 857
607 562
217 223
857 863
601 607
89 95
607 601
729 735
479 398
991 985
985 946
306 351
223 210
773 863
991 979
863 773
946 901
223 133
857 860
601 607
562 607
54 73
690 735
89 5
473 389
607 517
562 517
5 89
946 1019
351 345
690 729
517 607
434 389
95 89
123 119
857 863
351 345
946 901
645 735
991 946
479 389
901 991
133 178
601 535
389 473
729 690
562 607
345 351
645 663
690 735
562 607
381 323
95 5
133 223
562 607
857 863
223 238
434 389
5 95
601 607
985 991
306 371
601 517
991 985
690 735
946 991
773 863
607 562
729 687
645 690
901 991
5 89
389 434
985 991
612 631
50 95
178 217
857 863
345 351
478 470
606 595
857 847
434 479
94 50
95 89
389 434
645 690
818 863
735 729
857 863
773 863
223 217
133 223
178 223
729 690
479 434
484 503
729 735
607 562
857 818
991 946
261 351
261 345
857 863
473 388
857 818
351 306
818 870
473 434
261 306
863 857
202 228
434 389
473 479
645 761
351 345
946 991
637 600
89 95
773 857
50 95
261 306
95 5
601 562
562 601
735 645
601 607
645 735
946 991
985 946
773 863
901 946
863 773
901 989
517 566
985 901
50 77
735 729
345 306
863 773
389 473
479 473
89 95
169 196
690 735
517 601
473 389
351 261
345 367
601 517
178 223
991 985
261 345
95 89
857 863
50 5
562 607
479 473
901 943
95 89
50 95
50 89
645 690
818 842
479 434
607 562
735 729
306 261
857 822
517 601
50 89
607 517
991 985
389 473
562 517
818 863
818 857
601 607
818 773
946 995
729 735
217 223
133 217
479 473
5 95
95 89
575 608
217 133
857 891
148 192
857 863
95 89
89 42
50 39
5 60
991 901
901 985
985 991
434 479
178 223
729 717
95 89
607 601
901 946
601 562
517 601
985 946
389 473
345 351
985 991
517 601
223 217
133 223
345 351
863 773
601 607
223 217
5 95
645 729
95 50
95 14
607 601
434 479
601 517
473 482
217 223
306 381
217 223
169 207
950 907
261 351
310 369
479 389
261 351
345 306
345 306
178 217
5 89
89 95
985 991
527 595
434 479
95 56
985 991
473 479
991 946
473 479
89 91
345 351
863 818
517 562
261 341
217 178
991 901
863 773
479 407
389 431
125 95
89 50
95 89
351 279
223 133
857 818
857 863
434 479
479 449
223 217
562 607
5 50
217 223
133 217
217 223
601 562
735 654
473 434
50 95
434 479
217 223
473 479
946 991
223 178
223 133
95 75
729 735
729 690
517 601
985 991
985 991
178 226
178 145
901 991
217 178
818 857
735 729
857 818
345 351
901 930
991 985
50 80
607 601
655 723
517 601
901 946
473 434
562 572
42 51
690 729
729 735
985 991
473 434
306 351
133 178
863 818
5 95
601 517
178 217
818 857
818 891
178 133
479 434
985 901
601 517
645 735
473 479
473 507
946 991
863 857
517 598
351 306
223 217
901 978
863 773
735 645
991 946
479 389
345 351
985 991
478 501
217 223
818 863
306 345
261 351
773 841
261 351
217 178
729 690
818 863
601 562
473 389
863 818
223 133
601 562
178 223
607 562
479 398
389 434
863 857
818 863
991 946
901 985
133 223
901 991
985 946
954 1009
133 223
207 182
217 223
217 223
95 89
41 70
50 95
645 735
133 175
991 985
857 818
985 991
133 217
645 735
133 178
517 607
818 863
690 729
863 773
217 133
473 434
345 351
89 5
608 578
517 585
473 479
95 5
153 234
95 50
690 735
863 818
517 562
345 261
645 735
783 847
946 985
857 846
857 863
607 601
479 473
389 473
178 223
985 946
89 10
351 345
773 857
133 178
601 517
179 228
479 473
761 684
345 351
389 457
473 479
351 345
562 594
95 83
345 339
434 473
729 735
901 969
901 991
985 991
773 810
5 47
729 735
133 217
901 985
601 607
735 729
913 1017
89 95
601 607
773 818
306 351
773 818
735 679
729 645
690 645
89 95
223 217
960 1002
607 601
479 434
910 975
192 129
857 863
89 111
773 818
729 654
306 351
735 729
345 351
345 351
473 434
95 50
479 434
735 645
479 389
601 562
991 985
479 455
773 857
50 95
14 81
473 479
89 95
345 261
100 119
863 851
690 735
351 270
345 351
985 947
607 601
985 946
946 985
985 946
133 201
607 601
178 217
607 601
89 95
401 424
473 434
5 94
863 857
434 479
991 901
901 985
901 991
763 759
89 95
773 863
95 89
946 985
217 133
601 517
473 479
89 83
434 389
863 786
345 351
473 434
735 729
985 910
389 434
580 527
509 479
985 991
601 607
434 473
690 735
729 645
50 95
50 89
735 645
946 991
991 910
133 223
133 223
133 217
389 479
351 306
517 607
735 729
261 351
345 261
818 857
473 479
690 747
625 570
863 773
857 818
473 401
601 562
607 562
773 818
473 479
544 586
5 95
575 591
554 563
217 223
50 14
351 306
729 690
901 985
261 345
773 857
345 351
857 863
434 479
261 351
985 901
832 853
863 773
473 479
985 991
479 473
89 95
991 901
991 985
901 991
217 223
133 223
729 685
142 209
863 773
473 479
261 351
434 479
562 607
345 351
601 607
985 991
985 991
1007 938
351 306
985 991
473 434
1021 963
253 192
95 89
857 863
601 557
351 306
729 735
735 729
223 133
601 607
479 473
473 479
773 857
601 596
95 50
562 601
601 562
89 95
562 607
217 223
863 793
133 178
857 863
645 713
857 863
50 89
178 223
729 735
991 943
857 863
5 89
985 946
601 607
735 663
473 462
818 863
729 645
857 818
479 434
901 927
818 890
32 74
351 306
434 389
345 261
818 863
217 223
563 619
729 645
729 735
133 223
217 223
946 901
735 729
857 852
306 351
818 863
765 640
729 735
601 607
50 95
729 735
729 735
345 306
89 5
89 50
601 517
434 479
5 95
607 601
389 479
729 735
577 630
389 434
151 223
389 457
306 261
434 473
223 178
985 946
479 473
223 151
660 704
389 473
5 89
991 985
217 223
223 178
645 690
95 93
729 668
345 351
434 479
729 735
89 5
862 874
985 991
985 991
473 479
729 645
607 562
985 991
95 50
479 500
601 607
857 818
818 863
977 938
562 601
946 985
601 571
729 690
223 217
261 345
645 651
473 415
959 992
133 178
857 773
223 178
645 729
735 690
645 735
818 863
223 133
178 223
351 306
89 5
562 607
434 473
991 985
473 479
217 140
50 89
178 217
479 473
178 223
562 607
434 401
5 95
345 351
389 479
389 434
985 991
991 946
901 991
351 306
601 617
517 607
729 735
863 773
5 95
863 773
5 95
89 5
351 345
345 306
607 601
857 773
351 345
517 601
133 217
5 50
818 857
991 985
389 479
863 857
306 351
818 857
5 6
223 217
532 520
601 562
863 857
169 198
389 473
89 95
253 211
946 985
473 479
193 162
810 819
773 863
607 562
607 562
690 735
351 345
607 601
5 73
479 389
607 601
95 89
223 217
5 95
863 857
178 223
863 857
517 607
434 479
985 991
735 729
351 339
479 473
479 473
5 50
351 342
645 735
217 133
735 690
261 306
306 301
473 479
735 729
351 306
473 479
607 517
735 654
473 479
223 217
95 5
5 95
735 654
857 863
648 765
389 457
857 863
773 815
261 345
607 517
306 351
601 562
985 991
729 645
50 95
985 991
217 223
991 985
607 601
857 863
217 223
868 887
345 306
601 562
5 95
345 351
729 735
857 863
89 95
192 136
601 607
601 607
345 351
217 133
89 95
89 95
89 95
345 351
89 78
473 479
217 133
178 223
223 217
50 89
562 607
607 517
901 991
261 345
95 89
863 822
690 645
735 729
601 607
645 735
223 133
351 345
217 223
345 351
473 479
863 857
306 261
223 178
645 690
345 351
773 863
562 601
5 95
657 641
916 960
351 345
601 517
729 694
89 95
5 89
133 178
607 517
50 89
345 261
517 601
991 901
576 624
95 89
95 89
95 119
562 517
901 969
857 863
345 299
645 735
89 68
5 95
857 818
5 50
306 351
729 645
473 479
996 1015
20 8
95 50
95 89
729 735
562 607
991 985
345 330
863 857
89 95
389 479
345 261
783 847
729 735
351 261
89 5
479 473
729 735
434 473
704 695
601 607
645 690
50 39
729 735
133 223
133 234
351 345
601 607
5 89
351 345
306 351
223 157
345 261
601 562
645 729
818 863
645 690
95 14
991 901
517 562
217 133
729 645
601 517
735 663
89 95
857 773
735 690
479 434
473 479
89 50
985 991
345 351
217 223
306 265
901 943
818 773
95 83
729 735
735 729
735 729
261 351
645 735
50 95
517 601
729 645
950 946
857 773
89 50
434 479
345 351
223 217
351 261
690 735
434 458
95 89
841 773
217 223
223 178
991 901
345 351
857 863
729 690
345 335
729 690
607 526
479 434
901 991
985 991
729 735
857 863
95 5
946 901
773 818
389 479
306 351
479 473
223 217
89 50
473 479
735 729
562 607
178 223
473 479
89 95
306 351
985 991
991 946
223 133
261 345
217 223
473 479
306 261
690 735
735 729
345 261
607 526
89 95
517 607
63 120
645 735
217 178
473 434
991 985
645 713
690 705
818 863
473 479
345 351
729 735
363 269
217 223
479 473
89 50
863 782
601 607
306 274
729 735
479 473
479 473
5 89
562 607
95 5
261 345
351 345
985 991
89 95
901 985
297 258
345 306
95 5
306 261
863 825
479 389
729 735
479 473
901 943
389 434
863 845
261 345
946 985
985 991
645 690
901 913
517 607
991 946
133 217
901 991
947 975
89 5
660 704
345 351
125 26
434 473
857 818
729 724
479 473
857 818
276 379
133 217
320 257
735 663
434 389
601 607
985 991
434 473
901 991
946 991
562 517
990 979
178 133
601 607
89 95
773 818
50 5
223 217
217 223
863 857
901 985
217 223
5 95
306 351
389 479
217 133
217 133
389 434
355 276
562 607
223 217
601 517
863 857
645 763
991 985
5 89
655 674
601 517
690 735
473 462
734 714
562 577
818 863
991 901
89 95
434 479
857 863
351 306
690 729
473 480
991 901
690 663
601 582
241 222
901 991
985 991
479 473
345 351
946 991
985 991
473 389
133 162
601 562
645 729
607 517
223 217
946 985
50 5
818 830
601 607
831 864
690 735
985 991
694 729
800 842
857 863
863 791
503 392
601 517
345 261
178 217
985 991
306 298
50 89
857 773
58 79
178 130
95 5
735 729
381 282
261 351
223 133
306 351
261 303
89 50
89 95
773 818
261 306
409 490
729 645
473 479
434 479
217 223
261 264
389 434
690 735
863 818
517 607
389 479
937 964
95 5
901 991
345 261
863 857
773 863
562 601
818 857
863 818
306 351
479 398
773 857
946 981
5 89
985 991
351 345
729 735
351 345
1009 901
991 919
857 863
141 235
857 881
345 306
601 607
740 759
601 562
857 863
559 601
562 601
901 946
81 42
946 991
773 863
473 434
351 307
95 26
832 776
863 770
50 95
773 863
479 473
607 575
363 269
89 50
192 227
389 434
89 50
857 863
345 261
654 729
901 985
901 991
773 818
601 607
773 857
901 991
479 389
690 689
946 985
729 735
224 145
133 201
50 5
729 735
729 735
351 345
5 95
133 178
729 690
389 434
217 136
95 23
178 217
607 526
178 133
502 449
863 857
690 680
818 863
473 479
818 863
389 392
901 973
517 607
389 479
5 50
1019 1015
434 460
153 234
875 781
946 991
95 50
89 95
690 735
991 946
434 389
223 133
479 473
473 479
857 863
857 846
228 247
223 178
351 306
901 991
985 991
351 306
773 857
601 517
985 946
223 133
306 345
946 991
901 991
81 42
479 389
133 217
95 50
223 178
5 95
729 706
223 133
985 991
223 217
261 345
133 173
178 175
95 89
735 729
562 607
729 735
857 818
89 50
95 50
901 946
857 788
517 629
89 95
991 946
133 217
449 506
735 729
95 5
946 991
735 690
735 690
50 5
345 351
729 690
50 95
607 601
818 857
473 434
607 517
133 223
5 95
691 645
818 863
864 791
991 921
473 479
857 863
601 607
857 863
901 985
831 864
618 607
645 713
607 601
306 284
223 133
89 5
95 50
217 223
434 479
729 735
985 946
217 223
517 591
690 735
645 735
729 645
479 389
223 217
601 517
645 735
809 833
991 988
991 985
133 223
389 434
562 607
217 223
863 818
351 306
473 479
473 479
991 985
517 634
601 562
345 351
89 5
479 389
345 351
901 985
735 690
863 773
729 763
473 479
682 691
690 684
223 133
261 351
601 607
601 517
985 991
991 946
832 774
389 479
434 479
345 351
645 729
517 562
985 991
645 735
517 562
217 133
735 729
89 50
261 351
607 517
89 50
729 690
479 439
985 991
633 533
690 729
690 735
133 223
735 729
223 199
50 95
228 247
5 95
946 947
143 151
351 261
773 863
601 607
773 818
985 991
306 351
607 601
434 479
729 735
607 583
223 217
351 306
995 1012
601 607
351 345
911 979
306 351
89 5
473 389
937 911
901 985
479 389
857 867
857 818
479 434
562 601
345 306
217 223
50 89
351 306
50 41
991 981
863 857
133 223
985 991
863 773
223 217
5 95
690 645
217 223
95 50
607 562
991 985
217 223
351 345
698 715
223 217
773 857
95 50
991 946
913 901
261 345
857 818
601 562
857 863
169 151
95 5
857 863
562 601
345 351
5 95
89 50
946 901
50 95
562 607
306 261
473 389
434 473
517 607
901 985
975 950
645 758
857 773
901 946
857 818
95 84
5 95
89 50
217 206
690 735
985 991
5 73
773 815
562 607
434 479
5 95
690 735
601 517
773 863
985 991
761 647
985 925
985 991
261 329
729 735
479 434
50 95
133 217
985 991
645 690
739 762
690 735
901 991
729 645
133 223
645 690
345 351
434 479
601 517
389 479
703 719
201 133
818 773
473 434
818 857
345 351
863 818
991 901
863 773
857 773
5 50
133 217
863 857
133 223
178 133
857 818
434 479
217 246
773 857
389 449
946 991
223 133
217 178
133 178
690 735
217 133
345 306
863 857
345 261
178 217
601 607
473 407
517 607
863 842
434 479
351 345
223 178
223 151
901 985
601 607
601 562
249 211
389 479
351 345
729 735
306 273
874 863
781 875
133 175
217 223
863 818
601 607
946 991
818 885
991 901
434 479
389 434
955 901
389 479
857 863
729 735
389 418
381 349
818 857
607 601
133 223
223 133
601 607
607 601
985 991
306 261
901 960
946 985
985 901
857 863
607 601
434 479
89 95
645 687
178 223
517 607
991 985
345 351
729 645
479 473
911 975
863 857
261 351
562 630
735 729
178 217
473 479
89 95
351 345
819 889
389 479
389 434
345 351
863 818
217 178
985 946
217 223
946 901
473 479
345 351
133 217
729 735
306 345
133 223
50 95
479 389
178 250
735 690
862 815
345 351
351 261
562 626
735 729
95 79
223 217
687 660
223 217
562 607
645 690
729 735
261 345
735 690
857 863
901 991
690 735
448 503
261 279
5 95
89 95
735 729
345 261
223 217
901 960
178 223
991 901
606 574
351 345
729 735
178 223
178 133
306 351
306 351
133 223
863 827
178 216
345 261
857 863
785 879
89 95
473 389
985 901
857 773
985 900
645 729
95 14
517 607
954 946
612 631
985 946
946 901
985 901
32 74
773 857
818 863
1009 954
389 431
479 473
857 863
306 351
89 5
773 771
607 601
729 690
89 5
133 223
345 351
95 89
217 133
5 89
179 133
178 223
50 95
601 607
479 398
505 398
133 223
345 320
89 95
389 479
607 562
434 479
479 473
857 863
467 495
901 969
351 345
991 901
773 857
95 89
985 946
901 946
991 975
434 479
89 95
633 571
389 473
479 473
607 601
89 5
223 178
345 261
901 985
735 645
89 95
473 479
434 479
350 347
473 434
946 985
729 672
607 517
946 901
690 729
351 306
261 345
479 407
601 607
89 50
345 351
133 223
89 95
170 226
473 389
345 261
863 857
562 517
857 863
729 735
985 997
434 479
375 355
434 479
637 576
901 991
991 946
911 975
217 223
946 991
89 95
601 607
690 735
562 607
985 991
517 607
42 121
182 187
223 217
985 901
735 645
991 985
818 863
607 601
479 389
95 89
992 1011
562 601
473 479
479 473
867 846
133 223
50 95
607 517
690 740
739 641
479 389
351 306
345 351
223 217
345 306
50 5
217 178
729 645
217 223
351 345
985 991
434 479
351 303
222 235
217 178
601 562
901 985
607 601
223 178
946 901
351 345
901 946
857 863
50 95
562 607
729 645
178 217
857 863
857 818
355 360
985 946
479 473
607 517
601 607
223 133
89 95
306 351
178 223
946 926
178 217
690 660
863 857
89 50
857 818
991 985
735 654
818 863
991 946
5 50
306 323
473 479
985 901
985 946
655 719
223 217
319 376
51 63
991 985
89 50
5 50
50 95
89 95
217 178
985 901
473 479
178 223
857 818
818 857
739 681
991 901
517 601
223 217
729 735
483 458
178 223
473 389
133 223
729 735
645 690
607 562
89 95
729 645
857 818
964 937
729 735
694 728
217 133
607 517
601 607
773 857
985 901
863 773
783 847
479 389
818 863
50 95
223 133
351 306
479 389
389 479
389 434
351 345
434 479
690 645
434 389
351 261
95 83
607 601
729 735
682 691
479 473
863 818
217 223
863 857
133 217
377 276
607 601
389 434
773 863
89 95
351 345
773 836
773 818
690 760
690 735
857 863
356 270
59 5
89 50
217 224
389 479
389 479
95 52
351 306
95 89
607 601
601 607
473 389
217 223
690 647
735 663
223 133
857 863
985 991
645 729
389 457
607 601
95 28
473 479
345 351
351 306
447 504
95 89
773 863
89 28
223 142
607 559
607 601
434 436
655 674
729 690
5 89
434 404
261 345
473 479
946 909
607 580
217 178
434 479
5 89
479 434
178 175
345 306
985 991
645 735
901 985
729 690
991 946
818 857
991 985
223 217
863 857
306 349
601 562
601 517
729 735
473 479
735 690
148 192
345 351
50 95
50 5
345 351
773 818
89 95
601 575
473 398
479 473
473 479
345 261
607 517
553 529
985 901
991 919
306 351
946 985
1015 916
863 857
863 857
517 585
345 351
473 479
89 5
645 729
645 735
351 306
351 345
991 985
479 473
863 773
985 946
473 389
473 389
473 434
985 991
985 991
607 601
601 607
217 223
729 690
985 901
306 261
133 217
690 735
389 473
857 863
773 863
178 183
901 991
217 223
217 223
479 473
217 239
1009 954
863 818
773 818
863 857
517 607
217 178
562 553
729 690
345 351
389 455
857 863
991 901
5 95
351 261
773 863
517 601
389 434
739 688
729 690
992 922
473 434
607 616
89 95
307 298
562 607
729 735
863 857
178 217
946 991
482 435
351 261
178 223
479 434
50 5
95 77
345 351
473 434
985 991
991 985
601 607
479 407
473 495
735 690
517 627
645 690
991 985
773 818
389 473
133 223
601 512
479 473
479 398
735 729
389 479
901 946
607 517
985 991
133 223
473 479
773 863
15 34
223 178
729 747
473 479
991 985
881 826
601 631
95 121
562 557
729 645
41 68
473 479
633 553
607 530
946 991
729 735
235 141
261 345
601 607
473 479
50 5
773 863
517 607
753 645
607 601
434 473
223 178
133 196
89 5
217 133
50 95
901 985
818 863
50 95
261 345
985 901
89 10
857 773
765 641
562 601
351 306
473 441
818 863
901 946
5 95
645 729
601 607
178 191
479 434
645 690
607 562
690 735
89 50
351 345
95 89
351 261
563 612
345 306
985 991
473 479
223 217
389 479
863 857
389 479
735 729
729 735
729 690
863 857
601 607
148 192
50 95
217 223
818 863
89 5
479 473
217 133
607 585
223 217
479 389
517 601
479 389
95 89
473 434
345 261
434 389
601 607
601 607
345 351
345 351
261 306
473 434
89 95
735 690
857 773
985 946
50 89
517 601
862 838
50 89
89 13
5 2
435 412
773 863
729 735
223 178
645 729
735 690
434 473
857 863
607 601
178 223
612 563
863 773
261 345
857 863
89 95
118 50
89 95
818 863
959 992
473 479
438 391
946 991
991 946
601 562
857 863
89 95
901 946
178 133
217 223
901 946
89 50
517 607
261 306
352 335
473 479
133 136
607 611
324 271
479 434
901 991
690 735
29 5
729 735
95 50
95 5
261 306
729 645
89 47
50 89
95 89
223 217
5 17
5 89
985 991
223 178
434 486
479 473
562 601
857 863
946 991
601 562
946 899
351 345
479 443
901 991
306 351
601 607
690 729
178 150
562 607
434 467
133 223
306 286
946 985
345 261
473 500
901 985
425 443
217 203
576 572
946 991
89 95
863 857
985 991
95 89
607 601
991 985
517 601
857 863
985 946
773 863
178 246
773 863
89 50
818 778
694 757
434 479
145 208
645 729
946 901
95 50
985 991
832 827
607 562
389 479
735 729
773 863
89 95
690 729
773 863
473 479
946 905
863 857
473 434
645 647
217 133
601 607
735 729
911 930
434 479
729 735
434 479
217 223
517 562
517 607
389 479
351 345
89 95
729 663
575 608
95 89
645 729
133 223
601 562
479 473
345 261
261 345
434 479
601 607
562 607
473 479
351 306
89 50
223 133
473 479
857 863
735 645
95 89
89 95
690 735
863 857
261 345
5 95
562 601
690 735
319 376
863 796
50 5
863 773
690 735
863 890
517 562
5 50
517 601
863 773
645 687
601 607
261 351
985 946
89 95
985 946
517 607
261 351
601 607
985 991
482 434
773 818
480 479
562 517
217 178
319 352
95 23
95 89
50 89
473 389
89 50
601 607
89 95
345 261
991 901
729 690
479 407
345 351
389 473
261 351
261 351
217 133
351 345
901 961
735 645
645 735
261 351
985 910
133 223
690 735
95 89
133 223
223 217
345 339
345 261
42 51
946 991
89 95
601 607
991 901
434 400
217 223
985 991
690 715
863 818
89 95
645 713
95 89
89 95
217 223
473 479
985 946
517 550
645 687
223 217
369 314
773 863
5 89
729 690
95 89
223 178
217 223
857 818
517 562
345 351
729 645
5 89
576 523
217 223
223 217
345 306
729 690
5 50
351 345
645 735
261 345
991 985
351 345
217 223
875 781
818 863
217 133
223 217
389 479
562 568
735 645
645 735
434 473
217 223
217 223
17 125
5 89
729 735
479 434
473 389
351 270
223 133
178 223
863 773
818 863
351 279
729 690
89 95
857 869
607 562
946 901
601 607
735 654
601 517
985 946
434 473
89 4
818 863
985 991
863 857
660 763
729 645
217 223
5 47
601 607
89 95
729 735
217 223
306 261
306 351
142 209
901 985
217 223
607 562
5 95
320 339
729 690
50 95
261 351
735 729
479 473
601 607
89 95
645 690
50 20
351 306
818 882
223 133
271 335
863 857
473 389
729 690
562 619
991 946
729 735
857 773
857 773
562 607
735 729
517 562
985 991
463 467
434 479
5 73
863 857
729 735
434 473
729 735
345 351
863 782
178 223
690 735
434 479
818 863
607 562
89 95
517 601
306 351
729 735
857 845
507 503
50 89
773 857
601 607
901 991
345 379
729 690
95 89
607 601
991 901
133 217
306 351
818 773
735 690
89 95
509 473
306 282
788 832
223 217
857 863
95 89
223 178
42 51
351 345
306 287
345 322
657 738
818 857
910 977
425 454
217 223
562 517
601 607
901 991
645 724
863 818
645 735
517 607
479 429
473 434
217 223
345 261
133 178
818 863
473 467
50 89
985 991
857 863
735 729
735 729
991 985
607 562
818 863
306 331
480 456
773 857
857 863
985 946
562 601
261 351
735 729
901 946
223 178
690 716
818 863
5 89
345 351
554 563
133 223
89 50
985 945
261 351
306 345
863 791
434 479
473 479
601 607
863 791
857 818
389 479
729 645
991 901
645 735
818 773
223 217
306 345
729 690
562 517
89 95
601 607
95 5
901 985
601 517
607 637
946 995
773 863
473 389
985 959
434 479
434 473
517 562
95 5
261 345
95 89
735 690
773 857
735 729
601 607
985 946
645 735
729 645
645 735
818 863
857 863
857 863
133 178
306 351
50 95
89 95
735 729
736 646
562 607
5 95
690 735
773 884
95 89
773 818
217 169
345 306
901 991
345 351
601 607
217 178
223 133
857 773
735 690
473 479
863 818
562 607
95 5
857 863
389 457
89 50
607 601
434 479
178 158
479 434
217 178
89 95
473 479
1009 954
89 95
601 607
601 607
434 397
857 818
473 479
690 735
479 480
773 857
50 95
89 5
729 690
345 351
991 946
479 473
946 991
