1024 10000
735 645
5 95
517 607
517 562
773 857
517 601
729 735
601 607
517 607
901 991
601 517
178 217
434 473
50 95
607 601
473 434
601 607
306 301
735 729
985 991
50 95
729 690
601 597
959 992
479 473
351 360
645 735
133 201
345 306
517 607
867 863
261 306
389 434
690 735
223 178
857 773
50 95
89 95
434 479
637 571
576 605
261 351
607 517
434 479
735 690
389 479
729 645
95 50
50 46
297 361
89 95
857 863
351 345
690 735
562 607
857 863
217 220
946 901
141 235
991 946
479 434
89 95
479 473
178 223
690 645
306 351
261 329
607 601
608 598
473 434
178 223
601 607
351 290
345 351
735 690
857 863
223 178
562 517
306 351
5 95
863 857
389 473
143 162
261 351
223 243
985 946
217 223
991 985
633 532
735 756
217 223
857 863
95 71
729 735
863 818
601 607
735 729
857 863
217 223
773 868
95 89
729 735
735 729
985 1007
306 351
729 735
735 729
863 773
576 631
863 791
991 910
729 735
306 351
95 89
607 535
946 991
991 971
316 345
95 89
345 314
389 473
89 95
479 507
133 136
345 334
351 345
729 735
729 735
351 345
50 63
645 735
217 223
223 133
389 473
345 306
217 223
479 434
473 389
50 89
473 468
95 89
857 818
261 329
773 867
473 479
857 863
729 645
735 729
94 35
901 1006
95 26
389 479
773 863
946 991
223 178
479 473
389 434
857 818
351 261
330 288
224 188
95 89
863 773
991 985
857 863
351 345
473 434
690 729
89 95
690 729
517 585
345 306
217 223
389 434
473 479
517 562
910 991
89 95
729 645
223 133
434 479
517 607
607 542
729 735
645 729
857 863
645 735
50 89
735 723
690 645
601 607
985 1012
306 351
735 719
217 223
5 89
89 95
345 351
991 946
863 887
351 306
740 759
735 654
217 223
562 607
729 645
261 351
735 729
479 473
985 906
389 434
729 690
562 607
773 861
863 773
345 261
991 946
729 735
735 674
773 849
363 269
217 223
5 50
306 353
178 223
95 89
985 991
306 348
601 607
517 607
473 479
351 345
133 223
479 407
735 729
50 95
389 479
351 345
509 443
473 479
857 818
223 178
901 991
857 863
452 399
345 351
435 481
345 351
223 178
863 818
89 5
50 89
601 562
729 645
50 95
479 473
901 955
133 217
50 95
95 50
735 729
434 479
95 89
473 479
479 398
735 729
473 479
607 601
5 73
89 95
645 713
607 562
473 479
690 735
389 479
946 991
901 985
595 618
601 517
95 50
607 562
389 479
863 791
607 601
857 863
351 345
473 479
735 645
50 89
690 736
50 0
729 661
607 517
863 857
863 791
89 95
261 351
690 691
729 690
473 462
985 991
223 199
645 690
607 562
89 95
473 479
479 389
479 473
479 473
89 50
601 588
735 729
946 991
306 351
509 481
690 735
306 351
473 479
735 645
601 607
5 50
306 345
479 473
473 479
991 919
479 447
133 223
607 601
985 946
729 735
645 720
473 479
607 621
773 863
50 82
125 95
50 95
133 223
901 985
607 601
269 363
306 351
735 729
612 526
607 517
121 33
601 562
133 178
946 949
261 327
351 345
223 133
351 340
857 818
345 260
857 863
985 995
223 217
345 351
562 630
818 863
479 434
991 946
306 345
562 607
985 995
389 473
191 207
261 351
89 95
95 89
479 473
985 946
178 223
389 434
690 735
773 863
217 223
95 5
857 818
729 690
389 479
863 773
345 351
345 351
985 991
893 848
217 223
306 351
479 398
735 645
389 473
389 434
527 591
89 5
562 613
95 5
991 985
690 735
95 89
729 735
991 985
607 601
517 607
601 607
351 270
593 554
863 791
601 607
261 303
345 351
178 223
473 479
473 479
434 387
223 217
985 946
985 946
517 607
901 991
89 95
985 991
89 5
773 857
217 133
601 607
517 562
351 306
145 208
51 42
818 781
645 687
50 67
217 178
351 345
473 479
133 178
517 607
645 687
389 447
607 562
5 95
991 910
607 562
351 261
434 422
562 639
562 607
607 601
261 351
985 946
345 261
50 5
901 946
473 397
306 383
89 95
223 217
991 901
89 95
351 261
601 607
351 345
901 991
601 607
985 991
306 380
95 50
901 985
601 562
985 991
729 690
991 914
178 217
89 95
217 133
601 607
5 95
217 223
178 223
607 601
863 857
306 351
818 863
217 223
345 261
818 863
985 946
863 857
306 345
607 601
178 223
479 398
690 750
735 654
261 314
991 901
449 427
227 235
729 640
389 434
182 202
306 351
517 601
607 601
217 178
351 306
306 351
50 95
517 607
729 690
729 690
739 742
261 351
863 773
273 351
562 517
89 95
261 306
223 178
832 851
133 223
857 863
645 735
95 50
95 5
434 479
946 991
50 95
1017 935
818 863
645 690
479 407
473 479
517 607
217 133
562 598
223 178
857 773
473 434
133 217
217 133
735 729
517 601
345 340
517 601
607 562
351 261
89 95
50 5
601 607
306 351
946 991
306 351
729 645
985 919
773 851
729 733
133 178
345 351
473 479
223 142
351 345
261 306
473 479
480 430
735 729
351 345
991 985
479 473
607 562
992 975
729 682
857 818
479 389
562 607
261 351
818 773
434 473
95 5
389 479
223 178
735 690
434 479
50 89
575 632
985 991
223 133
735 645
50 95
863 793
645 735
473 479
473 389
217 178
729 735
435 447
479 387
991 985
479 473
351 279
223 133
773 818
607 538
601 562
773 818
562 530
595 587
223 133
901 991
857 863
818 773
690 735
735 690
178 223
735 729
690 729
95 23
729 645
818 863
645 690
416 458
345 261
601 607
863 857
261 345
261 351
261 329
863 851
857 863
473 479
729 735
434 479
345 351
89 95
863 791
601 607
351 345
345 261
735 729
735 690
345 351
434 473
607 601
735 729
863 818
261 351
389 473
863 857
946 985
389 479
857 863
89 11
607 601
946 915
694 764
5 95
681 735
50 7
178 143
79 63
991 985
50 31
223 217
113 58
261 306
773 870
96 40
607 601
901 979
991 985
261 374
619 563
95 89
527 595
607 517
857 885
601 517
473 479
89 95
5 65
863 823
5 89
690 729
261 351
473 389
946 991
261 340
911 979
261 306
985 936
607 601
217 182
351 306
223 217
434 479
985 991
607 526
946 901
5 95
690 735
991 901
607 517
985 991
985 946
729 735
911 930
5 95
857 773
601 607
517 607
351 261
946 901
479 473
863 857
729 670
857 863
607 562
473 434
946 985
729 735
89 1
345 306
946 901
50 95
788 776
261 351
473 479
729 735
50 95
345 351
863 818
503 484
857 863
434 389
89 50
133 223
991 985
345 261
901 991
490 454
5 50
863 857
133 223
991 946
729 735
601 607
891 887
261 345
89 23
991 946
479 473
389 473
345 306
645 735
946 962
645 713
178 175
178 133
89 50
729 690
857 863
351 261
562 534
601 607
473 434
690 735
133 217
306 351
95 5
249 207
5 47
5 89
601 607
261 345
223 133
690 729
946 985
249 148
863 818
735 645
121 119
133 223
601 562
217 133
863 768
95 89
180 178
95 89
735 729
735 717
217 223
345 351
217 178
217 133
788 832
217 223
736 679
607 537
863 820
133 178
217 223
310 312
5 50
261 345
863 773
95 47
133 223
736 723
645 729
562 607
89 95
178 223
729 735
178 223
351 261
50 5
857 863
133 176
985 991
89 95
50 89
261 306
863 881
818 863
991 985
562 607
217 223
479 389
773 863
5 95
517 593
473 422
351 345
345 351
985 901
863 773
788 776
901 991
223 133
434 479
901 991
5 47
607 601
479 434
351 345
223 217
345 351
818 857
607 562
217 223
51 98
95 5
89 95
607 634
345 266
178 223
404 507
985 946
89 95
261 306
645 735
818 863
473 434
773 857
95 89
50 95
863 773
351 279
601 607
991 985
868 887
41 16
223 151
690 729
985 991
389 431
681 655
389 473
389 479
479 434
306 351
95 89
5 62
818 863
863 857
178 164
863 857
818 857
601 562
505 493
14 81
479 473
607 601
575 591
63 96
217 133
345 272
704 734
729 657
818 863
562 566
601 562
607 601
601 607
601 517
729 690
863 818
217 133
729 735
192 166
601 517
818 863
196 133
381 326
261 329
607 601
946 991
389 434
452 399
690 729
133 191
401 413
946 991
133 223
479 395
473 434
169 143
261 351
95 14
434 473
89 50
773 841
389 499
818 773
985 979
985 946
345 351
223 217
645 735
607 601
217 223
133 175
601 562
985 991
133 223
607 601
389 479
398 484
434 470
517 607
473 479
857 818
217 223
95 23
863 818
729 735
479 473
773 857
133 169
631 635
89 5
345 261
217 223
178 217
517 572
434 389
607 526
729 735
95 50
133 178
901 985
562 517
345 351
5 42
857 773
601 607
261 336
89 5
901 991
473 479
818 863
89 95
223 133
479 473
946 985
223 179
863 857
607 517
729 690
863 818
729 735
735 690
690 729
133 223
345 351
601 607
954 961
351 261
389 479
89 95
607 601
356 270
223 217
306 351
857 863
217 223
991 1012
901 946
223 145
217 223
434 389
261 351
601 562
345 351
729 645
217 170
223 133
95 89
217 223
901 946
601 562
473 389
818 785
985 991
351 339
5 41
345 306
985 946
89 95
985 946
351 345
611 628
95 23
729 735
178 223
810 819
857 863
351 270
217 223
345 351
985 910
946 991
735 645
985 992
473 479
5 95
729 735
217 178
425 483
729 690
818 863
223 217
217 223
607 522
351 345
735 645
479 434
991 985
306 351
473 463
901 985
5 50
133 223
857 773
89 50
607 562
985 901
345 261
345 351
991 910
863 834
223 133
223 133
773 818
729 735
345 351
863 857
178 223
645 729
5 95
5 16
690 735
657 701
434 473
601 607
601 607
345 306
217 223
345 306
773 863
601 517
773 863
133 223
345 351
991 919
89 50
857 863
345 351
217 133
773 863
306 274
729 735
306 261
95 89
607 601
479 473
351 306
473 434
857 773
479 473
148 136
306 261
133 175
306 351
473 479
946 991
985 991
178 217
434 389
985 991
479 434
601 517
562 517
735 645
345 351
985 991
517 585
645 735
863 857
863 818
735 690
985 991
985 991
306 312
601 607
729 735
694 728
5 50
607 601
133 217
985 991
217 223
345 261
729 735
517 601
223 151
601 607
985 901
985 991
607 567
217 223
5 95
217 133
178 235
517 601
946 991
985 946
729 735
217 223
351 345
89 95
5 95
773 841
773 863
509 441
946 985
223 178
89 95
729 735
479 434
729 735
562 517
960 979
351 261
985 991
217 223
607 601
217 142
773 863
985 901
601 562
89 50
857 863
479 434
562 512
389 479
735 690
89 30
645 729
901 985
473 434
601 517
89 95
863 782
985 946
690 735
783 847
345 351
133 223
991 985
517 601
863 857
50 95
607 601
690 735
223 178
991 985
473 412
178 223
50 17
729 735
261 351
351 306
517 601
345 351
773 857
863 857
345 351
261 306
50 95
89 101
345 351
773 841
223 133
985 946
773 818
991 901
991 1012
562 529
434 479
818 785
50 95
473 479
178 135
5 73
991 946
473 389
818 857
729 645
773 863
89 95
985 946
345 306
729 645
5 50
178 141
434 479
946 985
601 607
217 223
985 991
991 946
607 517
946 991
473 389
51 60
479 473
601 607
473 434
89 95
985 991
991 985
133 241
389 457
773 857
735 749
351 345
607 517
517 601
434 479
690 735
306 351
991 985
479 473
479 434
89 95
985 991
773 818
833 867
729 735
601 607
857 863
607 601
690 735
991 946
863 850
351 279
601 607
351 345
901 991
818 863
735 690
729 645
645 690
601 607
901 946
479 434
345 351
985 991
857 818
991 985
95 50
473 434
261 321
761 674
729 735
479 466
735 741
345 306
178 217
5 89
607 517
345 351
133 145
946 985
729 690
306 261
217 178
991 985
178 217
50 5
901 969
89 95
50 95
729 735
517 559
169 196
355 317
735 690
473 479
735 690
985 901
735 729
818 857
306 351
345 351
645 690
89 50
901 991
473 447
434 399
607 517
985 991
863 857
261 303
863 822
645 729
735 729
473 389
938 947
479 473
473 434
607 562
389 431
946 985
735 645
517 589
223 133
95 59
901 991
607 589
306 351
479 407
95 89
50 89
607 562
50 95
857 863
991 913
50 89
985 991
351 345
133 223
601 517
601 607
434 467
351 261
223 217
261 306
857 836
729 735
729 735
818 773
818 790
351 296
735 729
985 991
473 479
389 402
875 781
729 735
473 479
217 223
690 672
133 178
946 991
985 991
985 946
985 991
863 857
178 223
601 607
50 95
473 413
985 991
601 517
985 991
729 690
690 645
991 985
50 95
473 479
517 607
345 351
645 681
729 735
178 217
217 223
479 473
223 217
95 89
863 857
735 645
473 479
306 338
306 351
562 517
389 473
862 843
863 831
217 223
857 773
832 878
95 89
690 735
89 50
946 991
95 5
773 863
562 607
601 607
735 690
991 901
863 857
735 654
89 95
991 978
133 201
479 389
479 423
690 735
389 479
818 798
133 247
601 587
95 89
576 606
306 351
601 607
95 89
241 186
5 50
991 985
179 234
601 607
517 601
729 735
607 601
991 985
15 68
630 554
217 223
818 848
857 863
991 985
223 133
863 857
946 991
946 997
645 687
690 719
863 857
89 5
985 946
118 65
479 434
261 351
351 306
773 863
95 89
351 313
479 473
729 735
50 82
351 345
857 863
690 723
857 863
964 911
473 479
607 562
857 863
601 607
857 818
985 991
223 217
479 473
345 306
434 389
729 735
690 735
601 517
773 857
473 479
773 784
351 345
473 434
735 690
857 863
95 50
473 479
901 991
785 773
473 389
901 985
434 389
857 818
217 223
863 818
95 89
434 389
946 991
261 300
946 991
345 351
217 223
179 196
133 217
401 406
773 818
601 517
735 729
345 306
645 735
735 729
389 434
735 645
223 178
735 690
178 217
690 729
735 729
434 479
985 991
479 389
773 815
298 351
826 851
479 473
5 89
389 478
261 351
863 785
434 389
985 901
991 985
223 151
601 607
351 345
735 729
863 773
818 773
857 773
178 229
261 351
351 279
351 273
857 818
946 985
946 991
601 517
261 351
223 142
690 735
306 351
863 857
351 345
345 351
985 991
857 863
5 95
729 735
818 773
901 991
607 601
991 901
261 345
857 863
389 473
985 974
306 351
729 735
473 479
818 863
479 473
901 991
818 888
601 607
690 645
351 306
729 735
473 479
133 223
95 89
223 238
612 631
345 351
89 95
473 479
527 591
729 735
133 223
473 434
192 207
857 863
991 985
985 946
995 975
306 351
223 133
891 887
526 517
96 57
351 345
120 63
985 991
729 735
261 345
389 473
351 345
517 604
58 113
946 985
495 398
517 607
607 517
517 532
223 133
351 345
345 261
991 985
937 991
601 607
562 607
857 863
217 223
863 773
345 351
434 479
5 89
306 351
601 607
50 89
601 607
562 601
133 178
41 100
946 901
351 319
946 991
601 607
217 178
818 773
89 95
601 607
729 735
89 5
89 95
448 400
985 946
645 729
773 863
306 351
601 607
517 601
985 946
601 607
517 562
223 217
95 89
991 946
607 601
5 95
223 133
901 991
389 479
223 178
89 50
690 645
735 690
217 223
89 5
991 985
473 389
729 645
645 687
5 95
901 991
351 261
223 133
261 351
985 991
517 562
985 901
729 735
89 95
217 223
690 735
818 785
89 50
473 479
345 261
54 120
306 351
95 89
950 979
601 607
306 258
607 517
946 991
601 562
133 201
818 863
901 943
857 863
773 857
773 863
1015 1019
901 985
89 5
735 645
389 479
50 5
690 670
773 863
857 818
178 133
863 818
729 735
351 345
95 5
857 846
503 483
857 863
473 479
607 601
345 261
773 863
690 735
434 479
306 351
985 991
50 78
901 991
5 47
735 765
729 690
857 863
479 389
875 863
857 863
601 607
832 776
133 223
645 735
901 946
473 479
818 857
946 991
5 73
223 217
261 351
473 479
901 991
345 257
434 479
345 351
729 735
735 663
601 607
985 991
818 807
857 818
857 863
729 645
645 714
645 735
607 601
729 645
729 645
601 517
89 50
261 345
223 217
5 50
351 261
351 350
306 324
479 473
901 991
985 991
991 946
601 607
517 607
217 178
389 477
901 985
89 95
223 133
473 479
863 791
95 89
89 80
89 50
562 529
479 434
657 723
351 345
863 857
351 261
517 601
5 47
434 479
217 133
575 632
217 223
5 95
690 645
946 980
95 50
479 473
351 345
351 306
607 572
562 517
562 629
729 735
601 533
773 857
389 479
857 818
5 95
690 735
857 863
607 562
345 261
991 985
95 89
133 223
818 863
517 569
901 991
901 991
5 0
119 8
178 223
261 306
601 607
434 479
89 47
773 835
95 50
985 991
261 306
89 95
960 909
645 735
857 863
901 991
607 601
133 217
857 863
178 223
773 863
5 95
133 178
89 95
517 607
379 375
946 991
729 718
95 89
901 991
178 188
818 857
857 863
863 857
946 951
818 824
473 479
217 178
479 473
223 210
985 991
306 345
434 403
729 645
178 144
89 110
389 479
818 863
479 473
345 351
517 601
50 95
729 690
729 645
517 607
133 217
517 562
985 972
601 517
335 319
729 735
5 89
735 645
351 345
601 607
261 345
261 351
178 223
719 735
223 162
223 133
133 217
473 389
261 306
857 863
178 217
389 473
985 1019
306 351
517 562
89 95
901 985
607 517
735 729
517 607
89 95
89 122
473 479
133 223
389 457
89 18
818 883
306 351
473 389
473 434
351 345
606 570
818 773
306 381
690 735
633 522
729 735
345 351
345 351
178 133
735 645
601 562
351 345
434 426
991 985
473 479
991 985
637 516
985 991
89 50
178 223
901 946
351 270
298 307
985 901
773 863
901 991
901 985
389 473
607 601
773 818
223 153
985 991
735 690
645 690
991 910
473 479
345 351
607 562
261 306
261 351
729 690
911 930
399 467
95 14
868 887
89 50
223 217
473 479
223 178
89 95
473 479
479 473
217 223
178 223
818 773
228 247
223 131
517 607
601 607
729 735
608 595
217 129
991 985
607 517
916 904
261 345
50 95
261 345
223 151
690 729
217 178
389 431
601 534
735 729
645 758
607 562
562 607
261 306
901 985
320 339
729 645
729 645
863 818
562 517
479 407
690 729
601 595
857 863
217 223
857 818
729 690
735 729
352 381
89 95
351 270
863 857
901 914
818 863
857 818
479 473
607 517
5 50
690 729
607 601
729 690
389 479
785 875
389 473
901 985
351 345
937 953
473 479
473 495
247 251
735 703
5 95
946 949
473 479
857 863
985 976
95 50
479 473
50 89
95 89
473 479
479 473
50 95
601 517
249 248
217 223
223 133
735 729
818 863
351 264
223 217
863 813
5 95
729 645
562 607
5 95
178 136
735 645
729 735
211 239
517 607
345 261
473 468
735 690
95 50
223 217
729 735
645 765
5 50
389 434
601 607
645 690
690 671
946 985
351 345
601 607
704 680
217 133
857 863
125 16
389 434
473 389
223 217
562 607
89 50
217 223
58 5
857 873
345 351
1017 1011
351 279
562 517
985 901
50 89
690 735
306 351
5 89
351 306
857 863
735 729
217 133
985 991
178 223
991 985
690 735
863 857
901 991
818 773
434 479
479 473
773 818
434 473
562 619
178 133
562 607
785 848
479 473
1007 966
223 169
351 306
223 151
261 351
690 735
389 473
857 863
863 784
601 607
863 791
729 690
517 607
735 729
306 345
223 151
306 351
729 690
601 607
217 178
690 657
818 863
562 607
345 351
261 351
601 607
857 863
625 570
964 911
818 773
133 223
607 562
306 351
818 785
89 95
729 735
434 389
95 50
389 434
645 735
818 857
473 479
818 830
479 473
517 601
473 389
901 985
735 729
473 450
517 601
729 735
601 607
690 645
773 818
681 718
5 50
857 863
269 337
223 217
223 217
261 345
607 562
946 901
773 857
690 735
89 5
601 607
89 95
645 756
5 95
818 863
681 663
345 351
773 788
389 479
991 946
133 178
223 217
261 306
985 901
50 124
601 607
562 607
985 993
434 473
479 494
50 95
217 223
133 217
89 82
901 985
527 546
985 991
857 863
863 773
729 735
964 911
863 773
479 434
985 901
425 440
178 223
729 645
773 857
607 562
227 163
946 991
261 345
351 345
607 596
901 991
863 839
95 5
95 5
389 473
517 601
773 857
607 535
178 133
89 95
89 95
562 607
773 849
351 273
773 863
89 50
89 95
217 223
345 351
946 991
5 89
601 607
399 418
89 95
223 133
95 50
217 223
601 630
473 479
95 50
223 217
863 818
601 562
690 735
901 985
178 223
95 23
89 42
729 690
5 95
729 735
729 735
5 95
863 773
601 562
863 773
863 773
991 985
389 479
901 946
351 345
985 991
863 818
562 601
735 645
306 351
562 607
509 441
991 985
178 223
601 517
217 223
50 95
946 991
985 991
345 351
389 455
217 223
306 314
434 388
133 178
223 217
351 261
95 123
89 95
985 991
601 607
562 606
991 985
601 607
223 217
473 467
863 773
703 736
95 89
735 758
5 95
863 818
729 735
133 217
607 562
857 863
223 178
42 51
223 217
562 601
473 460
41 68
434 504
645 735
517 601
223 217
434 389
479 434
857 818
601 562
217 223
261 351
95 89
857 863
985 991
89 5
729 735
601 607
607 601
345 351
178 223
857 818
991 901
217 133
946 901
901 969
735 690
217 133
857 850
89 5
306 345
601 562
54 12
985 991
479 473
729 732
389 479
991 985
703 690
389 479
901 946
345 320
735 729
223 178
89 50
985 991
261 351
5 95
863 773
729 645
95 92
95 50
5 95
809 870
389 479
601 607
607 601
735 690
819 859
133 178
517 559
473 434
729 735
345 351
95 89
690 729
985 991
356 270
178 133
389 448
479 473
690 684
192 193
645 761
5 89
703 719
735 729
223 217
95 50
938 947
867 861
601 517
601 562
345 351
217 223
133 217
345 351
306 349
735 729
217 223
690 645
729 735
89 42
479 473
50 95
818 785
601 562
601 517
985 991
345 306
729 735
5 95
89 95
857 818
809 826
645 690
735 663
690 735
735 729
351 345
582 554
222 182
95 89
351 287
389 457
729 690
89 95
740 759
818 863
434 479
389 479
607 601
5 95
223 217
690 765
217 178
389 473
857 863
773 863
901 946
473 479
601 607
857 863
517 607
479 389
345 269
509 443
89 95
601 562
223 217
985 946
473 479
178 217
959 1016
607 601
1017 996
901 985
517 601
5 89
694 753
735 729
217 178
857 773
562 535
857 863
985 991
729 735
217 199
50 95
735 729
985 901
735 645
735 663
985 998
991 985
89 95
773 867
946 991
345 351
345 351
306 360
133 178
735 645
735 690
426 495
773 818
89 95
735 690
946 985
479 444
89 95
607 535
857 863
901 991
306 351
729 735
946 991
261 351
985 934
5 95
306 351
223 217
773 818
863 818
991 985
690 735
690 729
389 479
389 479
601 607
991 946
5 95
217 223
389 434
532 576
946 901
562 607
863 874
901 1012
857 863
857 863
479 434
977 938
607 595
306 345
901 991
223 178
351 345
351 345
517 607
224 201
261 351
607 601
306 298
729 735
992 979
690 729
611 519
50 95
645 729
868 782
5 95
607 517
89 95
50 95
562 607
217 133
389 434
735 690
857 773
192 243
223 217
89 95
447 504
690 729
601 562
607 535
5 95
217 223
601 517
735 715
729 735
985 901
562 607
351 261
601 607
735 729
351 345
818 853
434 479
261 306
5 48
818 857
217 133
306 351
729 735
95 5
985 946
991 985
901 969
351 306
517 607
765 735
773 818
645 729
95 89
306 351
473 450
261 345
89 5
773 863
223 217
473 405
601 607
857 831
261 345
223 217
985 991
217 223
562 529
50 5
389 434
217 223
529 607
351 306
306 329
729 735
479 434
645 690
261 345
857 863
645 735
310 299
607 601
562 607
735 645
645 767
773 863
473 479
351 345
690 735
473 479
601 607
389 473
473 479
50 5
857 863
50 95
389 479
95 5
991 985
479 414
479 434
473 449
223 178
133 175
89 5
142 223
377 270
182 252
991 901
607 517
89 95
351 294
479 434
990 901
217 223
473 467
389 434
985 991
645 660
857 863
261 351
351 279
690 729
946 913
773 863
601 607
473 479
946 991
351 345
345 261
637 595
985 901
863 857
345 310
946 901
562 559
434 479
601 607
389 479
857 859
345 351
217 211
818 863
473 434
729 706
818 863
217 223
5 95
532 576
306 345
863 857
351 279
345 306
985 901
345 351
479 473
946 991
735 690
434 472
178 223
217 223
5 89
562 601
136 222
217 133
729 735
434 479
217 133
95 50
345 351
607 601
95 89
985 991
399 463
773 863
562 607
217 223
857 863
729 735
818 857
345 351
517 601
690 645
261 351
773 863
601 607
601 607
985 901
389 413
5 89
753 698
857 863
42 51
223 133
223 178
532 576
901 969
773 863
41 68
826 845
863 857
217 223
901 946
223 142
517 601
389 431
773 863
345 261
773 863
985 946
223 217
607 601
607 562
607 601
857 863
89 95
985 901
479 473
735 658
729 670
479 473
479 473
473 404
5 54
901 969
473 479
645 687
694 648
473 479
306 351
601 517
5 91
473 434
735 729
690 729
434 498
901 991
946 901
95 89
389 434
178 133
985 991
50 95
601 607
473 479
818 863
5 95
985 991
863 857
345 351
601 607
350 300
991 946
95 89
645 735
50 106
985 991
184 133
479 389
389 464
351 306
857 863
479 473
985 991
473 479
261 306
773 818
690 735
434 473
50 5
645 699
89 95
89 93
381 305
434 479
773 797
818 773
351 345
601 607
5 89
345 351
479 473
58 79
863 857
479 473
217 223
261 351
223 173
517 607
479 434
473 434
89 95
735 729
223 178
345 306
113 58
133 178
735 729
946 985
645 759
223 217
735 645
991 901
217 223
5 50
562 601
991 946
637 604
345 332
788 889
217 223
351 306
857 863
133 178
89 50
345 351
985 991
729 735
991 901
645 735
95 14
89 95
735 729
607 562
729 735
178 145
178 217
857 773
857 863
5 73
193 221
946 991
345 351
901 985
729 735
773 776
991 985
773 771
946 901
773 857
773 863
261 351
607 601
345 351
14 81
345 351
261 345
345 351
324 297
178 133
473 389
891 887
389 434
479 473
818 863
95 89
735 690
178 223
473 434
182 178
473 434
306 381
991 946
735 654
473 434
473 434
857 863
740 714
473 479
170 209
690 735
562 517
223 207
133 223
434 479
452 425
735 729
55 95
607 601
645 735
217 178
729 690
857 863
217 223
729 735
690 735
261 345
223 178
729 735
735 690
89 95
991 985
89 95
142 209
857 863
818 888
473 479
729 645
452 399
5 20
95 89
601 607
729 757
223 217
874 863
89 95
818 807
985 991
217 133
142 133
178 133
645 729
345 306
937 964
946 907
901 957
89 101
773 818
473 479
690 735
857 851
901 943
178 133
133 223
351 261
773 863
517 594
863 857
89 50
223 217
562 515
50 5
223 217
863 857
946 991
985 901
975 979
178 223
773 818
729 735
991 985
345 261
863 782
389 473
351 261
345 261
178 133
991 946
261 306
517 607
351 345
611 631
991 901
773 863
901 991
345 351
946 901
434 498
50 95
133 223
601 607
729 759
690 645
223 133
223 217
479 473
735 729
473 479
773 863
607 562
601 517
606 534
351 345
601 517
479 473
345 351
517 601
645 735
389 434
773 818
857 863
857 773
306 351
818 881
345 351
916 1019
809 804
473 491
601 607
655 674
607 517
306 345
985 967
434 479
517 520
991 946
223 133
857 863
5 95
89 5
5 95
645 690
217 223
434 479
991 985
50 95
345 351
351 345
735 729
554 631
985 991
818 863
89 95
473 434
479 507
773 818
607 601
5 95
345 351
729 690
389 434
217 133
729 735
50 95
479 389
345 306
857 863
1014 909
217 178
133 217
735 663
729 735
297 264
345 351
217 178
5 89
645 729
377 276
703 760
306 345
690 688
178 217
857 818
729 735
351 345
479 473
261 306
224 162
351 261
729 690
946 989
473 479
261 351
857 811
17 100
566 595
351 345
89 95
645 690
261 345
473 434
133 202
690 645
89 95
562 607
729 645
863 818
517 601
148 136
351 261
261 270
351 345
553 542
562 607
473 479
261 345
991 985
735 690
89 50
345 351
607 601
735 671
601 607
595 526
991 901
483 440
95 5
773 863
434 423
5 95
5 95
991 901
740 654
15 79
178 217
991 985
857 863
89 95
966 979
479 434
645 735
306 261
473 479
607 601
735 645
479 473
818 863
192 130
985 946
473 479
479 434
991 946
345 299
729 690
773 863
857 773
473 479
729 690
901 991
601 607
89 5
901 991
133 223
356 375
818 863
223 217
351 266
863 857
818 796
351 345
601 607
223 178
729 735
351 345
223 178
985 901
351 261
479 434
89 95
306 351
985 946
991 985
607 517
351 306
729 690
42 94
345 261
389 473
901 985
345 351
473 479
473 434
178 223
479 389
562 545
857 776
607 601
863 773
607 601
434 479
601 607
607 601
601 607
473 389
946 985
223 142
261 306
389 479
50 100
901 991
351 345
690 645
517 606
645 729
601 517
223 133
517 562
463 438
690 735
690 661
562 565
857 773
351 261
991 985
863 857
89 95
217 223
217 223
729 735
50 89
133 223
991 985
479 473
985 946
434 479
607 601
351 345
809 877
319 352
985 991
946 989
133 217
863 857
946 991
818 863
562 607
740 759
89 95
562 607
473 479
261 345
773 863
992 982
946 985
191 224
345 351
261 351
434 473
901 985
5 95
562 517
217 223
576 532
631 611
479 389
607 601
133 223
95 89
985 967
562 607
345 351
818 863
601 607
607 517
607 601
89 5
479 473
434 473
223 133
89 95
479 434
261 306
645 735
89 5
133 178
601 607
389 479
345 351
389 473
133 223
735 645
473 479
148 192
857 810
901 943
985 946
217 147
306 261
991 901
5 95
178 217
54 64
479 389
217 223
133 217
985 991
89 95
735 665
133 244
479 389
473 434
50 89
729 756
473 479
133 129
479 473
909 946
191 224
479 389
217 223
345 351
517 562
345 351
89 50
607 601
389 479
133 178
389 479
351 279
901 991
735 729
991 985
223 217
273 309
863 818
345 351
517 607
857 863
601 562
223 217
95 5
810 819
857 863
89 95
473 479
345 351
857 863
473 479
901 985
959 992
857 863
345 348
223 250
517 587
985 938
5 71
306 351
991 985
782 849
502 426
434 389
95 89
261 345
89 95
607 562
985 991
178 176
607 517
217 223
133 178
479 389
946 994
601 607
773 818
985 991
946 991
562 607
178 223
735 690
857 863
991 946
857 818
946 927
690 735
133 223
517 607
133 223
690 735
345 351
351 306
607 601
818 863
217 223
95 50
389 387
434 479
5 1
607 517
297 324
290 339
857 839
473 479
473 479
985 991
217 255
50 5
389 434
891 887
601 607
306 261
434 479
773 857
479 389
562 517
15 79
946 977
818 863
690 645
217 223
517 607
985 991
95 50
773 877
223 151
345 351
217 178
991 946
773 857
178 223
607 562
991 985
909 1003
306 345
478 404
306 351
351 345
351 345
95 89
607 601
773 857
601 607
773 863
345 351
985 946
58 83
5 95
735 654
857 822
351 279
562 607
261 306
261 351
306 351
95 5
991 985
100 119
217 194
517 607
217 223
479 389
657 742
178 223
473 479
985 991
607 517
479 473
893 881
601 607
133 173
217 133
735 729
217 230
690 735
345 261
389 479
301 306
89 95
133 217
857 818
351 306
473 489
261 329
985 901
991 985
345 306
473 479
178 223
351 306
901 991
351 306
857 818
89 95
479 473
345 351
901 991
479 473
517 562
985 901
729 757
991 946
773 863
735 729
607 601
863 857
645 729
660 704
517 607
607 601
562 517
735 690
607 601
690 735
985 919
729 690
773 841
645 729
351 261
857 863
473 389
901 991
991 901
645 735
985 991
473 479
985 991
473 479
901 991
389 473
479 473
479 434
473 479
261 351
425 479
319 337
178 167
729 690
735 645
95 5
473 389
773 818
735 729
133 223
729 735
479 434
916 960
818 863
729 735
345 261
389 473
863 857
223 217
562 607
690 729
473 479
729 735
946 991
5 95
217 223
735 756
985 901
863 857
473 389
223 217
89 68
434 389
434 473
5 3
473 434
818 863
735 645
729 735
773 815
345 351
729 645
217 223
389 479
901 976
217 133
261 351
217 223
389 502
473 434
729 735
345 306
381 374
89 50
50 5
735 690
223 133
601 517
991 901
562 607
563 596
699 710
601 607
562 607
857 863
946 971
729 663
601 607
223 178
434 478
946 991
50 17
306 351
562 607
50 56
517 601
857 863
223 142
178 217
389 479
619 525
985 991
517 607
601 517
95 5
351 306
95 5
601 607
434 389
5 47
517 607
50 19
857 863
991 985
473 479
261 351
434 473
562 607
818 857
5 81
991 985
306 351
389 479
863 857
178 223
818 863
857 863
306 351
863 857
479 398
306 351
5 95
351 261
607 517
985 901
133 217
601 562
389 479
351 345
473 389
306 345
133 178
985 991
607 601
517 585
434 389
645 729
773 857
5 89
857 863
809 865
901 985
857 773
306 351
607 601
607 601
601 607
351 345
991 985
985 991
645 735
818 863
345 306
434 479
5 89
351 345
306 261
5 50
179 198
985 991
690 735
857 818
690 735
345 261
836 809
517 588
773 788
517 601
818 773
351 333
690 735
64 100
306 351
345 351
857 863
857 773
729 735
601 607
735 729
857 818
601 607
818 777
95 109
89 95
473 434
217 178
985 991
95 50
946 985
178 217
991 901
735 690
5 95
133 223
438 496
473 389
381 289
991 977
562 607
306 351
985 901
773 863
985 991
95 89
345 351
89 95
345 351
863 857
261 351
345 306
223 217
89 95
532 576
223 217
143 207
95 5
901 946
306 351
985 946
818 863
601 607
985 991
729 735
133 148
985 991
133 223
95 23
562 601
562 607
399 467
484 503
89 95
645 735
223 217
985 946
601 619
5 94
735 645
773 862
901 954
473 450
345 351
818 773
306 345
178 223
5 50
261 351
223 217
261 345
729 690
863 780
773 818
985 901
95 50
389 479
645 735
223 157
133 223
345 351
5 89
562 607
729 735
178 223
5 95
729 690
735 729
735 729
89 50
681 708
566 586
863 791
217 133
50 95
606 544
345 306
50 5
601 607
217 223
306 274
863 818
857 863
863 782
901 969
562 601
217 133
759 740
473 479
607 517
729 735
217 223
985 946
133 175
217 223
434 479
991 985
89 5
863 773
178 133
818 863
95 50
50 95
773 809
223 217
991 985
773 818
606 587
818 863
389 479
223 142
601 607
5 86
729 690
946 985
645 690
217 223
351 261
818 857
473 479
985 991
645 735
473 479
434 389
223 151
434 473
389 457
401 464
479 473
863 857
89 95
729 735
434 473
985 991
991 901
938 947
857 863
735 690
655 719
810 824
985 1005
178 223
276 320
434 470
50 39
473 434
863 857
690 735
223 151
261 306
50 86
562 607
517 550
562 517
217 223
562 607
5 88
479 389
645 690
863 773
479 468
985 991
863 773
773 884
50 95
985 991
434 479
479 485
434 479
857 863
601 607
389 434
217 223
946 991
345 351
690 645
517 562
351 345
901 991
389 434
773 857
901 991
946 1013
251 247
389 457
694 655
607 517
729 735
690 735
985 991
479 473
901 991
261 351
479 473
5 50
178 223
217 178
306 351
946 985
729 645
5 95
901 991
985 991
345 306
479 473
479 398
735 696
141 235
991 985
729 645
217 223
479 407
306 261
473 389
483 499
901 966
601 562
601 557
863 818
261 351
217 178
5 95
426 495
261 351
64 65
50 95
690 735
735 729
223 178
5 66
95 114
5 89
818 851
473 479
89 50
51 6
773 857
434 479
89 95
985 991
857 863
178 133
946 985
133 191
178 133
89 5
985 901
95 50
261 345
607 526
611 528
89 95
901 946
901 985
473 479
223 217
773 863
217 133
517 585
863 773
227 178
473 479
818 863
985 901
306 351
985 991
473 479
773 857
345 351
991 985
50 95
773 857
946 991
479 434
690 735
178 133
645 687
645 690
89 95
729 690
345 351
773 863
735 729
5 50
517 559
690 735
351 345
645 735
261 351
889 796
473 389
562 517
178 223
217 223
5 95
345 374
690 735
576 633
645 735
473 389
5 73
645 735
479 434
389 473
434 479
89 5
985 946
217 223
690 729
178 223
50 95
601 607
735 729
133 223
351 345
223 151
389 435
217 223
95 89
729 735
223 217
601 562
345 351
773 857
217 223
50 95
857 863
351 261
217 223
991 985
351 345
864 804
729 735
95 89
863 818
483 397
389 434
89 95
601 607
223 151
389 473
145 208
50 35
901 991
306 269
5 95
133 217
735 729
735 739
601 607
306 351
985 946
50 95
946 967
690 645
681 750
5 95
601 607
351 306
345 351
95 89
479 423
601 607
729 735
517 551
89 95
991 901
217 223
601 607
345 351
217 223
217 133
607 517
261 351
389 457
818 863
479 389
857 863
223 217
562 607
729 645
5 73
517 607
473 479
306 351
133 217
89 5
89 95
227 184
217 223
985 946
434 479
729 735
901 991
857 863
133 178
818 885
261 279
261 351
345 306
991 985
517 607
773 822
442 435
601 607
217 133
985 991
223 178
563 552
735 690
857 863
479 473
601 607
985 991
389 479
735 645
946 991
178 133
95 89
991 985
690 700
217 223
863 857
5 35
562 631
89 106
985 943
479 389
473 434
434 479
985 991
863 818
473 389
133 217
773 818
818 863
562 601
95 8
863 771
473 491
645 713
863 791
479 389
601 607
601 607
89 95
607 601
735 734
985 991
517 601
985 991
89 50
863 773
607 517
857 863
991 985
434 473
320 312
985 946
773 818
389 434
389 473
553 580
178 217
946 985
645 690
607 601
645 735
690 645
351 352
991 946
404 507
818 863
863 818
517 585
562 517
389 434
901 943
5 89
217 250
223 178
729 735
351 261
425 393
735 729
901 991
182 170
133 201
857 863
223 178
818 773
729 735
473 407
271 335
703 760
831 864
946 901
857 818
306 351
901 985
261 306
148 192
50 95
773 857
351 345
89 109
5 89
95 89
946 985
217 223
178 223
607 601
601 607
562 565
389 479
735 654
809 836
735 729
901 919
938 947
729 645
991 901
901 991
690 729
863 773
517 607
607 529
95 50
389 384
735 729
217 223
901 991
608 624
601 562
145 205
261 351
217 223
351 306
857 818
389 434
991 985
345 351
863 857
735 690
863 857
89 59
351 345
645 729
351 345
261 345
763 759
863 857
601 562
89 50
473 479
991 946
95 89
473 479
404 392
479 409
133 223
306 345
607 628
217 223
818 857
601 517
306 345
607 601
985 991
133 178
729 724
178 217
529 543
535 607
985 946
345 261
95 5
306 351
95 5
607 601
729 690
389 434
857 863
89 95
261 351
985 991
5 47
345 351
479 389
645 735
121 20
345 261
5 47
857 818
735 729
857 773
607 562
765 762
901 985
857 863
517 607
351 345
901 985
473 479
985 991
818 857
645 690
479 473
645 729
89 50
562 572
857 806
89 95
217 223
351 261
818 863
223 217
89 95
148 192
645 735
50 95
479 473
5 89
89 95
991 985
601 607
217 223
607 601
345 261
857 863
991 901
178 133
562 607
690 685
901 991
143 196
261 329
217 178
729 690
99 36
389 434
479 389
95 89
306 273
985 1018
863 852
517 607
223 178
857 810
562 607
729 735
133 217
178 217
434 389
863 773
735 663
911 979
818 863
991 946
729 735
991 901
690 715
345 351
690 735
517 607
946 991
479 389
985 944
89 5
946 991
991 910
89 5
491 397
223 133
690 729
893 794
178 177
783 802
863 773
863 788
217 223
517 607
991 985
473 479
89 95
765 750
645 729
607 601
645 690
217 223
735 645
473 389
985 991
178 213
562 607
690 735
5 89
345 306
217 223
601 517
991 985
178 133
773 818
95 89
735 654
607 517
818 863
217 223
901 985
517 607
735 645
5 47
217 133
473 434
389 479
479 434
223 217
217 223
607 517
345 261
473 389
729 645
5 89
434 479
351 273
672 714
217 223
473 479
735 729
729 735
818 863
690 729
5 50
50 95
863 857
729 690
818 773
95 89
946 901
473 479
562 517
89 95
261 297
985 991
5 95
133 217
375 379
473 447
473 479
217 178
99 18
434 389
261 351
863 773
818 863
863 859
89 95
345 351
562 607
50 17
223 217
857 863
985 991
562 607
562 607
863 894
178 223
217 223
690 645
601 562
473 434
562 607
133 202
773 867
735 729
351 261
306 351
901 985
863 773
985 1012
818 773
517 562
192 191
946 991
773 818
985 946
306 354
562 601
517 585
625 570
985 970
473 479
89 95
863 857
217 178
577 595
607 562
89 50
562 607
345 261
520 577
306 351
601 607
465 426
735 729
434 479
1017 979
50 5
690 735
50 95
690 735
345 260
178 128
607 562
363 298
209 141
601 562
89 5
562 607
863 857
133 223
345 351
601 607
89 50
818 857
645 735
479 473
660 648
227 248
479 473
306 351
50 95
517 601
473 479
89 50
857 818
473 434
517 601
345 351
223 217
434 479
345 339
133 217
729 735
434 479
729 645
863 818
863 867
601 607
351 345
857 773
863 857
735 663
178 223
985 991
479 389
217 223
345 351
261 345
857 818
217 178
901 989
133 223
5 89
178 217
607 601
261 351
991 985
217 223
306 351
381 303
672 714
607 562
479 434
729 687
857 863
985 946
89 95
985 991
133 223
735 645
434 389
690 645
991 985
946 991
389 473
479 389
95 3
5 89
773 881
562 607
306 261
729 735
729 690
818 797
89 95
985 946
434 473
857 773
985 991
95 89
178 133
89 95
601 562
5 73
690 729
991 985
89 50
517 607
690 729
345 351
773 863
319 352
95 93
50 5
991 910
863 857
217 223
178 223
261 351
217 223
991 985
601 607
773 863
601 562
901 946
601 607
517 607
901 946
306 351
729 690
517 607
345 351
607 562
985 1005
261 351
985 991
690 729
95 5
261 351
178 223
946 901
473 479
607 601
5 29
690 735
991 985
773 857
985 991
5 95
863 773
857 863
690 645
729 735
985 972
849 810
633 595
345 306
306 308
735 729
645 735
607 562
50 5
473 479
68 15
473 479
729 735
217 223
601 607
95 14
773 857
946 901
217 223
985 946
729 735
863 857
434 389
261 345
345 306
473 479
863 782
178 223
50 89
645 729
857 863
89 50
389 409
857 863
345 351
5 50
434 389
217 223
645 729
223 151
863 773
729 690
729 690
434 479
601 607
607 562
389 473
351 345
50 95
991 901
937 976
690 729
434 479
773 857
985 946
809 836
89 95
306 351
276 320
729 690
517 601
133 217
601 607
89 5
946 1019
95 89
473 434
307 352
345 351
261 345
473 479
901 946
729 690
562 607
310 306
473 479
50 95
89 79
310 299
351 378
729 645
223 133
995 974
863 857
985 991
773 818
773 863
351 345
601 607
479 434
223 178
773 863
1021 913
607 517
178 223
601 607
645 722
479 389
857 773
345 261
306 351
89 95
729 735
223 217
607 526
479 434
223 133
217 133
133 217
345 261
601 607
601 607
479 450
345 337
690 735
601 554
645 729
601 607
153 202
351 270
182 128
89 50
773 867
901 991
1021 1007
773 815
818 863
95 50
351 345
881 851
89 95
50 17
306 345
863 857
95 50
298 307
735 690
517 607
95 50
857 818
95 89
345 351
133 217
690 645
901 944
351 306
345 351
345 261
517 591
217 223
517 601
991 901
729 735
95 50
985 946
562 517
479 473
261 345
985 901
826 778
473 479
434 473
281 307
729 735
645 729
690 735
863 818
517 585
261 335
434 479
133 178
479 473
223 217
773 857
601 562
133 223
985 991
261 351
473 434
863 818
946 985
729 645
133 217
119 99
991 901
601 562
601 517
50 95
601 607
818 851
473 479
991 919
863 773
261 351
89 3
479 473
399 418
5 95
89 95
509 490
133 223
217 133
901 991
345 351
991 946
306 351
729 690
5 89
863 818
735 690
991 985
50 95
682 691
729 735
70 42
178 133
985 946
857 773
517 607
566 595
95 54
562 601
261 351
773 863
735 645
607 535
89 95
729 690
217 223
562 611
389 479
434 389
991 946
261 297
690 735
991 985
960 911
306 351
601 607
735 729
517 601
133 246
863 773
217 133
857 818
95 89
729 735
351 306
818 863
985 991
773 857
612 631
690 735
389 455
773 789
223 178
735 690
607 601
306 345
351 345
901 985
985 991
991 919
729 735
562 601
479 477
50 95
601 607
991 985
607 601
773 863
690 735
261 351
681 655
479 473
645 735
345 351
529 594
637 582
562 604
601 607
306 351
217 223
473 479
351 306
607 601
351 261
223 178
857 818
434 475
389 479
729 735
345 351
985 901
901 899
729 735
735 645
517 562
863 773
985 991
351 306
857 818
607 601
735 717
223 217
345 361
690 735
601 562
217 223
223 133
351 306
178 223
559 517
901 943
690 735
818 863
985 991
64 115
95 89
991 985
946 991
735 729
735 729
345 361
857 863
857 863
1002 966
601 607
345 261
473 479
735 729
601 517
607 517
95 5
473 479
901 991
690 735
690 735
735 729
517 562
95 89
517 562
946 973
607 517
321 279
351 259
645 729
690 735
601 607
50 95
694 762
5 95
95 50
517 607
5 95
985 991
479 389
354 303
946 949
389 434
901 946
863 773
735 729
946 985
991 901
985 991
261 345
399 389
857 851
5 47
562 607
607 562
261 297
901 991
306 351
818 857
601 607
857 834
562 607
217 178
946 913
836 783
517 562
773 771
50 14
345 306
217 223
773 863
351 306
901 985
389 431
351 345
991 901
645 729
517 562
50 95
735 645
217 223
773 818
985 991
729 735
306 351
863 818
607 562
223 217
608 552
389 473
607 517
345 351
863 857
690 735
178 217
818 788
89 71
351 345
50 95
351 261
217 133
178 251
389 473
178 223
901 985
991 926
857 863
645 723
473 479
517 585
389 457
95 89
217 178
306 351
690 735
473 434
729 735
479 473
217 223
306 351
947 958
901 991
389 479
729 735
89 95
473 434
5 50
169 222
946 985
517 562
223 217
351 306
832 781
473 479
857 818
223 133
434 479
735 729
985 901
389 473
89 95
607 562
729 735
473 389
467 495
223 179
389 434
857 863
645 663
601 607
241 186
735 729
133 223
306 261
831 864
479 473
345 351
223 178
729 645
345 351
50 95
133 223
690 735
306 351
389 434
223 178
985 991
985 901
217 223
473 479
89 95
773 863
50 95
517 607
351 261
991 985
901 985
607 595
389 473
773 863
174 133
89 4
729 690
690 729
217 178
434 479
351 345
645 735
261 345
690 701
819 783
389 479
607 535
178 223
95 5
89 95
389 479
5 89
345 306
345 351
95 50
517 535
479 473
20 8
345 261
863 773
261 345
729 735
89 0
95 89
946 991
607 562
690 735
946 985
351 261
690 735
434 386
389 473
133 223
41 68
735 690
946 985
660 648
217 223
50 48
946 991
562 607
517 601
729 735
735 711
133 179
389 479
479 473
601 607
985 938
434 389
148 136
690 735
645 735
133 217
607 542
863 778
351 306
95 89
601 517
95 14
434 479
473 434
517 607
223 133
345 351
178 133
773 818
601 607
223 178
863 818
473 389
125 98
985 991
133 223
50 95
729 690
607 601
783 847
735 645
223 142
773 818
946 991
228 247
223 133
178 223
735 729
261 345
479 389
434 479
389 457
261 351
818 863
985 991
729 735
89 95
690 678
217 223
178 223
946 914
818 863
223 178
389 473
89 95
178 223
178 212
818 863
832 821
310 277
345 261
818 857
89 50
562 517
217 223
330 356
50 95
729 735
133 217
95 89
607 583
479 473
217 223
735 690
169 196
217 133
857 863
351 306
306 261
517 607
946 971
517 601
773 863
773 857
223 178
645 713
517 601
473 479
345 351
517 607
985 901
178 217
751 645
145 217
178 223
601 569
217 178
217 223
773 835
562 601
985 946
314 369
985 991
95 64
992 931
946 901
479 473
389 479
473 479
224 211
95 5
857 773
425 450
991 985
735 729
991 901
345 351
178 223
985 946
434 479
773 863
562 517
991 985
473 434
773 857
645 713
389 431
517 607
575 632
901 946
562 601
601 562
601 607
479 389
389 473
89 123
729 735
818 863
345 351
473 479
901 991
991 985
5 89
473 384
863 818
261 345
946 901
773 771
863 857
863 782
735 729
788 832
863 857
773 857
223 217
89 95
729 735
345 306
345 351
607 601
901 985
601 607
345 351
703 736
991 985
901 991
217 133
562 607
863 857
517 601
517 607
857 863
985 991
469 434
729 642
735 729
735 690
607 601
773 798
729 735
863 857
192 173
601 540
901 946
223 178
473 389
306 351
601 607
355 261
196 143
857 863
95 5
473 479
306 351
473 479
857 773
448 478
345 351
773 857
690 735
389 431
389 434
95 50
133 178
818 863
351 306
729 735
857 818
517 601
351 345
857 863
133 178
601 517
735 729
389 475
351 261
434 479
690 735
95 89
217 178
5 89
991 910
473 434
704 723
985 991
339 271
351 345
517 601
690 680
326 298
946 979
985 946
985 991
95 23
991 985
985 991
735 729
645 713
133 217
607 601
217 223
729 645
345 351
729 690
178 145
288 261
306 345
729 735
298 367
223 217
473 479
645 729
50 89
773 847
178 223
377 264
645 735
217 223
479 389
527 546
690 735
473 434
89 95
50 89
351 345
901 985
946 974
818 857
5 47
601 607
89 95
89 50
479 434
89 85
434 479
946 937
473 434
89 95
473 479
473 479
601 607
729 722
857 863
729 735
863 773
1017 1014
434 473
50 89
562 601
991 901
479 473
89 95
946 991
178 223
703 736
735 729
217 223
345 351
690 735
5 14
133 217
50 5
517 562
223 133
223 178
517 607
351 345
261 351
261 351
89 95
50 80
690 729
479 434
217 223
562 517
753 698
223 133
434 389
145 203
773 863
954 926
89 95
479 389
863 791
991 985
95 50
389 434
223 178
857 863
217 223
901 991
901 991
562 560
985 991
217 223
735 690
773 863
434 511
223 129
217 223
351 345
946 991
857 863
889 788
345 261
89 95
690 735
857 863
863 818
645 735
473 479
946 991
562 601
473 479
864 772
479 473
89 50
178 223
217 223
773 863
863 818
473 479
818 863
133 201
601 607
217 223
50 5
479 473
729 645
857 863
985 946
178 217
351 345
89 95
857 863
223 178
690 645
434 479
434 479
773 863
5 89
809 859
5 89
50 95
223 178
306 261
607 562
607 562
345 351
223 178
5 95
50 95
863 857
389 494
345 261
345 306
857 863
517 607
901 985
985 901
985 991
601 607
562 517
306 345
50 95
306 294
345 256
351 306
938 901
178 223
434 389
857 863
306 351
389 479
50 89
178 223
133 223
223 178
729 735
473 389
735 729
857 863
985 946
773 791
89 4
479 434
389 479
351 345
517 607
690 645
773 818
818 863
217 145
601 607
773 815
735 729
857 863
178 223
607 601
607 601
223 217
351 345
863 857
351 345
217 223
735 729
729 735
990 946
735 645
178 228
89 5
991 946
5 50
307 380
985 901
5 95
810 819
224 248
479 434
607 601
773 818
223 138
831 810
735 729
729 735
601 607
645 729
517 607
995 936
389 473
217 178
5 89
991 985
178 217
217 191
50 95
5 95
389 473
735 690
133 178
863 857
217 223
203 217
89 95
89 5
5 89
863 818
345 261
985 991
133 201
223 160
121 83
389 473
95 89
601 562
351 261
985 946
223 142
947 929
389 399
773 801
321 357
562 607
345 351
773 841
133 178
601 607
273 336
607 586
223 217
735 729
217 223
473 479
306 351
773 851
95 89
991 985
857 818
133 178
324 271
473 434
95 5
133 223
607 526
985 991
690 763
645 729
645 735
224 129
381 354
991 946
690 703
645 690
818 857
306 351
217 223
345 351
594 517
901 946
261 351
345 351
261 351
946 991
178 223
217 223
178 217
729 735
857 863
217 223
562 607
729 735
473 389
178 223
217 223
178 223
217 223
50 95
991 910
901 985
434 436
985 934
345 351
479 473
645 690
946 985
607 601
89 50
89 95
901 946
985 991
5 81
306 345
473 479
5 95
946 901
479 450
857 773
50 95
901 991
306 351
704 660
133 223
645 690
645 690
178 217
773 857
735 691
868 887
857 773
217 133
991 946
690 729
178 187
991 985
261 345
223 142
223 133
473 479
261 345
818 773
809 776
89 95
601 607
991 901
517 529
89 95
985 901
857 818
95 5
601 562
261 306
434 473
857 818
735 663
434 479
901 910
645 735
863 787
901 991
645 735
735 690
946 910
985 946
351 345
607 562
89 95
351 306
995 962
434 479
729 690
345 351
449 463
89 50
985 963
729 690
729 735
645 735
95 50
773 815
901 985
479 473
178 223
735 654
857 863
100 119
937 952
863 880
479 407
133 223
351 345
857 863
50 5
946 991
607 601
901 978
95 50
89 95
133 223
607 517
306 340
473 479
345 351
473 389
479 434
818 857
223 199
946 985
601 607
479 473
89 50
607 601
729 753
991 901
818 771
645 736
223 217
479 434
133 162
753 698
601 562
991 1011
89 74
50 117
729 735
773 851
351 345
345 351
901 946
5 73
607 517
50 65
690 735
479 389
735 729
351 306
985 946
389 473
857 863
473 479
991 946
473 416
901 1006
946 991
473 389
217 223
857 863
222 223
217 178
133 223
985 991
223 142
473 479
863 857
991 946
479 473
960 979
901 946
985 991
690 735
690 645
562 607
351 345
473 479
874 857
992 984
473 477
645 729
520 607
306 351
306 261
95 5
434 389
217 223
729 735
985 991
217 222
857 863
434 479
919 991
985 946
735 654
434 479
946 991
5 89
89 5
479 473
818 773
566 515
425 497
857 818
850 773
857 863
479 398
729 735
857 863
345 306
95 50
345 351
991 901
5 50
389 473
310 294
857 818
217 223
818 773
517 607
434 479
434 479
95 5
50 5
601 562
601 607
473 389
389 473
321 369
351 306
991 985
818 863
517 601
773 863
345 351
389 434
14 81
351 345
601 607
351 345
901 985
133 223
89 50
544 586
5 50
562 517
782 773
601 607
473 434
607 562
223 151
946 901
654 721
89 5
306 351
5 95
89 118
434 479
863 773
601 562
607 601
217 235
857 863
217 223
473 479
735 690
345 315
351 261
345 351
89 95
729 735
607 535
95 5
562 607
773 863
773 818
261 306
991 985
345 261
178 223
645 690
645 729
479 398
473 479
345 306
773 857
729 735
5 50
507 503
645 690
223 217
863 857
345 351
901 991
479 434
729 735
863 818
857 818
863 773
261 345
773 863
223 133
729 663
217 178
89 5
261 351
901 946
345 261
178 223
607 601
857 863
5 95
735 729
601 607
991 901
169 237
345 261
345 261
306 345
991 901
562 601
345 306
517 559
389 473
985 991
479 389
425 454
690 735
857 870
434 479
217 223
389 479
985 991
977 938
645 690
901 969
261 303
95 50
562 607
901 954
818 885
857 782
89 64
729 711
645 729
601 517
901 991
182 243
773 857
351 306
133 223
985 901
228 247
5 89
645 690
473 434
526 593
54 127
246 170
985 989
95 5
857 863
434 479
484 503
857 863
645 729
857 863
729 645
822 792
89 95
637 563
729 719
89 5
217 178
261 306
306 351
818 863
261 345
5 95
5 89
473 479
729 735
863 857
223 178
133 223
222 214
95 89
345 380
735 690
607 557
178 128
863 818
479 401
223 138
169 149
473 479
690 735
863 773
601 607
773 863
178 207
946 901
473 389
607 517
729 645
5 89
509 443
991 985
1017 916
50 89
178 217
89 95
985 946
735 654
645 763
217 223
607 601
178 223
345 351
857 773
901 985
345 351
857 863
473 479
735 729
5 50
950 931
351 306
5 89
946 991
95 5
601 607
377 309
857 863
991 985
351 306
5 89
306 351
95 50
95 89
217 184
351 345
607 562
261 351
479 434
351 270
985 991
607 562
434 389
345 351
89 95
562 607
607 583
479 407
473 389
818 863
601 607
601 607
601 607
178 133
991 985
818 857
95 89
946 991
991 901
261 351
818 820
818 773
351 345
178 223
89 95
857 862
985 901
479 473
217 178
306 276
645 729
991 985
857 839
223 133
901 991
434 404
991 946
89 95
217 178
946 905
517 572
143 211
89 95
818 773
89 5
607 601
178 133
434 473
95 5
434 473
901 946
335 271
517 601
729 690
607 601
351 261
306 273
217 223
351 345
729 735
991 985
473 435
991 985
473 479
351 345
985 901
438 437
223 217
178 217
562 607
434 479
170 179
345 351
94 115
178 223
261 345
857 863
95 5
985 946
5 50
473 479
5 89
729 690
95 50
306 351
143 162
729 735
645 729
434 483
5 50
991 946
901 991
517 562
863 857
5 89
133 223
690 729
479 473
345 351
857 852
517 562
857 818
857 773
735 645
857 818
89 95
479 473
690 645
517 607
182 233
601 618
735 717
601 562
991 985
826 827
601 562
818 863
729 735
479 389
261 329
473 493
735 729
857 863
89 95
729 690
133 223
735 645
601 607
63 96
345 351
226 179
645 729
89 5
89 95
690 766
89 95
473 389
729 735
881 826
50 5
473 389
863 814
89 95
735 690
857 863
89 95
178 223
389 479
473 479
345 306
729 735
89 95
345 306
223 133
517 607
89 50
773 863
217 223
729 735
729 645
473 479
351 261
351 261
601 562
89 5
89 5
601 607
306 351
479 389
345 351
601 562
607 562
690 735
862 806
690 735
857 773
261 351
178 217
306 351
434 479
946 901
50 95
735 690
857 818
133 223
89 95
217 178
178 217
607 601
473 479
473 479
863 857
345 306
857 844
261 345
345 351
773 863
479 473
89 70
607 605
89 50
991 941
473 479
562 578
336 306
133 223
901 946
690 735
818 863
479 473
89 50
336 306
178 133
351 306
389 438
473 479
607 601
946 901
351 345
690 735
434 479
991 901
729 735
217 133
582 554
735 690
857 863
5 95
863 782
434 479
133 223
217 133
434 479
5 95
253 244
479 473
389 479
991 901
64 83
223 217
735 657
491 397
964 937
434 473
735 645
5 50
178 204
95 89
125 73
351 261
729 690
991 946
773 776
89 95
217 199
992 1016
601 607
562 517
562 607
601 607
321 315
517 607
89 50
946 991
261 295
773 818
863 791
345 351
735 690
910 977
217 178
601 607
345 351
601 607
95 14
901 938
473 479
729 690
217 223
735 663
901 991
217 223
473 434
901 910
857 863
261 345
306 351
729 645
95 50
946 897
517 607
690 735
818 863
345 351
5 89
985 954
601 607
645 691
863 857
735 729
645 729
893 834
645 687
857 773
991 985
389 434
434 473
5 89
991 946
223 217
537 586
223 178
729 735
217 178
729 735
729 645
89 5
178 133
89 50
261 351
389 479
89 95
345 331
178 223
562 607
985 991
601 544
863 839
735 654
946 991
217 223
857 863
645 694
863 818
223 133
217 223
345 261
863 857
607 601
352 311
389 479
95 5
633 546
818 863
473 479
5 89
729 735
601 607
729 735
473 479
863 773
345 351
345 306
991 901
479 473
351 340
863 781
946 985
1009 954
223 217
857 863
345 306
434 473
345 306
217 178
217 223
178 223
133 223
729 735
223 198
645 687
601 607
901 946
178 223
306 351
857 863
690 653
773 863
690 729
5 89
261 345
857 863
601 607
863 857
517 601
991 985
863 857
690 735
50 95
345 351
479 473
89 95
479 473
473 479
607 601
314 369
863 857
95 5
645 735
89 95
773 863
729 735
645 729
479 473
345 261
937 896
95 80
473 479
479 473
50 5
261 345
89 75
818 863
479 447
261 303
345 261
857 851
261 345
991 985
261 345
863 843
479 473
345 351
133 217
991 901
645 729
607 517
562 607
178 173
735 729
261 306
5 95
985 991
863 773
351 358
690 735
517 607
645 690
950 1001
991 985
50 95
901 916
389 473
857 863
601 607
946 985
479 473
217 178
985 991
351 306
153 202
946 991
473 434
985 991
985 901
223 142
819 778
857 869
723 746
645 735
345 351
223 217
261 379
601 607
89 95
562 596
818 863
217 223
20 123
133 223
95 5
241 186
517 607
345 329
178 133
133 217
729 735
217 223
985 946
345 351
89 5
182 221
178 217
857 818
345 351
645 729
773 857
351 345
50 18
473 479
562 601
991 950
133 178
89 50
607 601
601 607
351 330
479 473
729 735
818 863
178 239
345 306
690 735
261 351
389 479
133 223
261 345
217 223
133 217
306 351
479 473
607 517
857 788
290 321
517 513
133 217
857 773
857 863
345 351
217 223
409 490
479 473
985 946
223 251
178 223
735 654
217 178
306 345
562 607
562 607
479 473
810 819
863 857
607 517
690 735
735 653
562 572
89 95
991 946
655 723
985 991
773 857
645 691
434 396
217 166
601 607
261 351
306 276
606 611
217 223
5 89
863 891
351 345
544 586
89 5
133 223
901 997
223 211
517 559
607 601
345 351
735 729
946 991
591 601
562 613
345 351
735 645
479 434
306 351
729 690
50 95
95 89
201 133
223 217
5 89
95 89
473 479
217 223
690 735
690 707
479 473
857 818
345 306
991 979
178 217
50 95
89 95
818 857
217 133
901 916
705 702
631 532
729 690
133 217
217 223
901 946
389 434
562 607
818 864
607 526
682 761
863 857
217 223
735 645
690 735
473 479
178 167
863 857
729 690
857 862
306 345
306 261
517 607
89 95
345 351
253 234
473 479
223 217
901 969
562 601
345 351
863 857
463 467
41 102
17 59
89 95
773 863
473 479
694 718
473 509
735 729
351 345
95 71
306 351
857 818
217 223
607 562
601 562
937 964
991 985
217 223
601 517
601 607
217 223
660 648
345 351
50 95
133 223
863 782
607 601
473 434
351 345
901 991
351 261
857 773
351 345
985 945
517 607
223 217
729 735
389 479
985 946
217 141
217 178
601 607
517 562
946 901
946 901
985 991
857 863
601 607
863 857
345 306
479 473
703 736
857 863
1014 909
479 389
729 735
89 50
901 946
863 857
601 517
89 95
729 735
351 345
345 306
601 607
261 351
118 65
739 711
351 345
517 607
863 818
729 735
345 351
5 47
985 991
735 645
625 570
645 729
217 223
946 991
345 351
729 735
5 47
217 178
857 863
133 217
5 8
946 985
735 729
601 629
89 5
729 735
863 867
5 18
863 782
857 863
946 991
991 901
863 857
345 351
776 832
89 95
133 178
901 976
89 95
818 773
143 162
863 818
946 948
50 89
517 607
901 985
345 351
901 946
5 95
223 217
95 71
306 351
217 178
217 223
89 95
505 392
991 985
95 50
351 306
962 985
773 863
306 261
473 479
517 601
773 841
5 47
261 306
223 217
345 351
645 735
723 746
261 322
473 434
857 863
217 133
178 133
133 223
95 5
99 64
985 946
901 991
178 217
89 84
5 95
690 645
133 138
729 645
95 89
607 562
901 985
773 818
985 991
901 991
351 261
5 50
690 735
178 223
831 888
729 645
562 601
95 50
607 601
345 306
261 306
133 223
447 426
345 351
818 863
857 863
47 5
729 735
434 479
95 5
735 729
818 773
563 578
95 89
601 607
434 479
345 351
473 479
517 607
95 50
50 95
562 607
562 607
773 857
345 306
601 517
607 517
473 389
223 178
863 857
601 607
690 720
773 857
261 351
389 434
5 95
690 645
601 607
50 89
946 985
345 351
133 223
89 95
473 479
601 517
345 306
434 473
217 205
89 95
5 89
601 562
818 863
985 919
133 223
729 690
822 851
389 486
261 351
517 562
89 95
690 645
473 479
607 601
50 95
479 473
863 818
351 261
5 89
735 690
857 773
735 645
985 991
261 306
50 95
991 901
901 991
89 5
818 863
5 47
946 991
178 223
857 863
991 985
389 473
601 562
607 562
473 400
54 97
479 473
50 89
562 601
5 95
345 351
690 735
735 729
773 863
729 690
351 345
351 345
960 904
178 223
351 345
223 217
178 214
729 690
434 479
434 479
857 863
985 931
735 690
517 562
991 946
479 407
89 50
89 95
351 261
818 863
985 991
261 306
946 985
351 345
425 403
901 985
562 607
345 351
89 50
607 601
223 151
479 473
994 979
133 201
818 787
50 89
95 50
901 991
601 562
95 89
89 95
95 50
773 863
863 773
819 810
434 473
985 991
607 601
863 857
735 747
434 479
473 434
607 601
735 690
473 389
345 375
601 517
320 370
985 991
863 773
217 223
991 946
985 1018
465 389
985 991
991 985
261 306
217 223
607 562
217 223
729 648
89 95
5 89
50 5
735 645
217 223
95 14
690 735
690 641
857 773
985 991
735 690
863 857
217 223
773 857
363 269
601 607
133 217
351 345
735 729
223 178
985 901
133 217
345 351
946 985
133 223
818 773
222 219
95 89
946 991
645 735
630 554
991 985
133 223
773 863
773 841
271 290
818 857
863 857
223 133
735 690
901 946
95 14
178 223
607 601
95 5
479 473
223 178
351 261
562 596
306 261
217 223
991 985
223 217
991 910
818 863
607 562
133 217
985 901
89 115
223 178
601 562
946 991
990 937
901 991
729 735
562 524
991 985
517 607
351 306
261 345
863 857
223 217
473 479
133 217
946 934
735 690
473 459
473 479
729 735
5 89
89 5
217 223
351 306
991 985
607 601
297 279
863 857
991 973
223 178
217 223
517 607
89 95
41 61
901 991
351 345
946 901
863 773
601 607
223 217
562 607
434 479
223 178
178 223
690 689
946 985
345 306
178 129
729 690
306 271
607 562
89 95
601 607
89 95
601 607
351 299
655 719
261 319
217 178
217 223
857 818
133 201
434 389
217 223
607 601
217 223
479 434
517 607
901 985
479 434
517 601
985 991
306 319
261 351
601 607
607 601
517 546
389 473
95 89
217 223
818 863
946 967
729 735
800 847
946 991
729 690
985 946
818 863
473 479
473 434
345 351
901 985
729 735
517 532
735 729
217 223
89 95
95 89
607 601
479 473
729 735
133 223
901 991
985 991
345 330
261 345
89 5
351 345
345 351
937 939
389 479
223 178
306 351
946 991
985 946
345 306
89 95
473 485
601 607
901 991
473 479
95 50
734 641
991 910
479 434
89 95
704 683
863 818
306 350
479 407
857 818
601 607
473 479
133 217
479 473
601 607
5 110
601 562
818 863
729 735
389 473
517 607
520 576
479 392
356 375
89 50
747 653
50 23
479 413
95 50
434 389
223 178
985 901
645 729
857 773
857 863
690 713
818 884
601 562
946 991
479 434
946 991
223 151
473 479
434 389
863 818
261 306
729 735
857 861
351 261
607 562
857 863
570 589
5 95
729 735
773 863
517 607
562 568
991 985
89 95
729 645
818 891
473 479
946 991
562 601
89 71
601 607
306 373
985 946
310 339
223 178
654 721
645 735
694 719
607 601
261 351
434 479
559 551
261 351
351 345
217 223
473 479
50 95
217 223
5 89
95 50
985 977
562 607
901 991
178 133
89 95
690 735
479 434
95 89
601 607
50 89
133 223
901 985
991 946
601 607
89 95
818 863
517 562
773 863
95 50
735 729
351 345
607 601
985 991
133 228
863 799
818 863
818 863
857 773
5 47
946 985
729 735
50 17
434 479
306 351
818 863
178 217
729 645
601 607
434 479
601 517
690 645
857 773
818 773
991 985
773 818
985 946
95 14
645 733
863 773
89 95
818 843
729 645
601 607
601 607
223 184
345 261
217 178
473 434
351 345
389 431
217 223
985 946
306 337
863 782
729 735
607 562
133 223
857 816
773 841
89 95
133 223
351 345
946 985
836 783
975 992
901 985
89 95
89 95
601 607
985 955
863 818
473 479
261 279
217 223
5 28
133 223
946 985
5 50
50 89
217 223
729 735
607 601
42 51
690 645
345 351
607 601
5 95
901 943
773 818
133 201
818 863
467 490
562 517
601 607
217 179
532 520
389 473
773 815
729 735
729 735
690 735
95 89
517 607
601 517
339 320
473 389
50 123
389 458
645 735
345 351
479 460
5 73
56 5
133 223
261 351
261 351
818 785
645 713
89 95
729 645
628 632
517 601
690 729
788 776
985 901
991 985
866 847
434 479
434 479
863 857
5 3
607 526
223 178
985 910
345 351
863 782
261 351
857 818
5 89
133 217
306 261
729 735
946 1016
178 249
729 645
217 223
690 729
729 645
575 632
5 30
351 345
306 345
223 217
5 89
985 991
89 73
389 444
5 50
985 901
773 818
985 946
985 946
345 351
985 901
217 223
95 89
601 607
735 690
434 406
95 89
818 857
351 345
818 843
735 690
773 818
434 479
306 379
473 479
734 747
863 857
95 89
985 991
479 389
863 857
389 422
607 601
818 863
645 742
217 178
857 863
5 73
351 279
901 991
473 479
985 991
857 863
89 77
345 351
607 601
307 300
729 735
5 89
5 95
735 645
607 526
729 735
735 645
991 901
819 891
345 351
863 791
818 863
946 991
562 517
5 95
863 818
946 991
473 479
857 863
674 751
946 991
223 217
729 735
645 690
985 991
133 178
991 985
89 63
735 729
690 640
735 690
946 985
985 991
479 473
723 704
217 223
946 991
5 51
601 607
729 735
985 946
735 729
729 735
645 690
5 89
133 223
607 562
901 991
473 479
601 607
991 985
345 351
345 337
5 95
133 223
735 729
818 878
991 901
857 782
178 223
645 735
985 991
434 479
946 901
985 991
434 473
345 351
217 246
473 389
857 863
473 431
306 351
703 760
5 95
729 645
143 217
217 223
223 133
735 690
1014 961
729 760
479 389
261 306
95 89
857 848
645 690
517 607
351 279
217 223
607 580
306 351
735 729
217 178
562 607
818 851
985 991
946 991
50 95
729 735
50 5
729 715
5 89
345 351
50 95
178 141
645 735
95 5
133 201
345 351
729 735
217 223
389 479
306 351
223 151
863 791
217 178
991 946
479 473
735 729
901 946
863 857
690 729
95 50
217 223
645 687
350 358
517 601
345 306
645 729
607 601
50 95
351 290
735 690
857 773
473 434
223 178
89 50
5 95
985 991
607 562
818 773
946 991
479 473
901 991
857 773
178 217
857 768
50 89
818 857
946 970
345 261
133 243
310 305
517 562
5 89
979 975
863 857
690 711
434 389
473 479
345 351
517 607
601 607
857 773
832 851
735 690
95 5
607 595
306 321
645 729
306 351
95 89
217 223
473 468
601 562
223 178
562 607
345 261
857 829
178 223
645 729
985 901
306 351
991 946
729 648
601 607
901 991
735 690
178 217
178 223
217 223
729 735
223 178
95 89
601 607
863 818
297 324
601 517
863 818
389 479
532 601
306 351
645 729
401 463
133 223
473 389
601 607
607 562
261 306
735 729
566 559
434 479
562 517
306 351
645 729
351 306
81 42
991 985
863 773
985 991
991 985
473 389
89 95
645 729
601 607
729 645
729 722
89 95
351 345
345 351
351 345
89 5
95 50
607 517
223 217
645 729
261 351
351 281
5 89
50 5
607 517
947 960
351 270
95 89
735 654
735 729
473 479
95 89
217 223
217 166
434 389
857 863
782 849
991 985
773 857
306 345
473 479
434 473
517 562
261 329
133 151
562 551
517 619
868 836
479 407
735 729
735 729
217 223
192 141
773 818
601 607
863 791
562 607
985 901
89 95
857 863
607 554
89 50
729 690
223 146
50 95
857 773
479 389
607 601
306 351
389 434
389 457
694 728
729 663
261 351
562 601
991 985
473 434
345 306
217 144
50 5
191 248
773 863
5 95
612 631
5 83
690 729
261 351
607 562
857 863
89 50
261 345
178 223
306 261
946 991
913 982
178 223
223 133
645 735
95 89
607 601
901 991
562 517
389 479
133 223
178 223
601 562
95 89
217 223
178 217
479 473
946 950
178 217
985 991
351 345
991 946
991 944
223 178
133 223
479 460
735 645
133 178
735 729
729 735
901 991
529 606
89 95
735 645
217 132
863 818
389 457
985 991
562 601
435 463
608 632
89 95
345 261
345 351
95 5
271 335
729 735
901 991
818 863
434 389
690 735
5 89
337 298
562 607
985 988
306 334
818 863
306 351
729 735
517 601
473 479
857 863
991 901
991 985
607 601
50 17
389 479
351 261
729 735
645 729
17 66
773 863
95 5
601 607
217 133
217 223
863 857
5 95
863 791
479 473
351 279
773 863
95 5
133 217
345 351
729 735
89 95
985 901
863 793
773 863
345 351
217 223
223 217
223 133
601 562
517 601
351 261
389 479
133 175
306 351
901 969
946 991
773 863
857 863
95 89
5 89
389 479
645 735
89 95
690 729
562 607
389 473
946 991
217 223
648 719
306 345
261 270
178 223
517 607
985 991
479 473
857 863
389 434
223 217
738 734
601 607
89 95
191 224
576 564
991 901
562 607
95 89
217 210
223 217
89 95
351 345
50 106
857 818
351 345
517 601
991 901
143 211
607 601
901 946
178 223
773 863
345 371
467 495
985 991
434 389
50 89
773 818
517 585
991 946
857 773
818 863
95 89
351 306
351 345
946 991
625 570
946 985
178 223
991 901
89 95
729 645
735 690
389 434
64 112
832 781
133 217
690 729
690 750
857 886
345 261
607 601
601 562
5 95
863 857
991 946
595 618
985 901
351 306
901 989
41 79
773 886
479 473
217 223
479 504
473 479
89 95
946 901
50 5
847 851
991 985
434 479
857 818
562 532
562 601
351 345
863 773
389 434
517 607
985 991
562 633
89 50
217 133
818 773
5 73
729 735
857 863
562 607
645 735
306 351
729 750
345 310
345 288
345 306
351 306
89 95
946 991
601 563
345 306
178 223
517 601
223 217
857 773
223 217
690 735
89 50
261 331
15 83
946 909
89 5
773 863
735 729
261 306
601 631
223 156
607 601
473 467
735 691
517 607
601 607
946 1003
276 264
434 479
735 729
991 985
479 398
345 351
74 100
306 351
345 306
857 863
601 607
178 133
345 261
690 735
601 517
89 38
773 863
773 863
434 455
345 351
729 735
478 455
306 351
217 223
89 95
645 735
863 857
946 991
857 773
345 351
863 773
690 735
345 351
735 690
562 517
773 863
473 479
95 89
863 857
645 735
345 261
217 223
562 601
479 398
261 351
857 863
5 50
324 271
178 217
223 217
479 473
479 389
863 773
473 389
151 223
690 729
735 645
345 351
729 723
5 123
562 607
991 901
178 223
89 5
607 601
863 773
901 991
601 607
991 946
735 645
345 351
562 601
345 306
133 223
345 312
818 863
863 818
729 735
681 708
773 863
690 735
246 170
50 93
863 782
729 645
473 479
306 351
857 863
351 261
690 735
601 607
690 729
991 901
985 906
857 773
473 479
608 551
217 223
681 765
863 773
351 306
89 95
50 95
223 178
991 946
351 345
217 223
729 735
133 223
389 434
645 735
991 901
991 946
857 818
607 517
607 562
690 729
306 351
345 261
217 133
479 434
389 473
345 351
690 659
473 479
607 595
89 95
479 473
50 95
735 668
389 479
857 773
782 868
735 729
943 901
517 562
601 517
345 351
133 223
607 601
473 479
261 351
133 223
517 562
479 473
562 601
985 991
729 645
217 223
857 863
991 985
178 223
729 735
209 192
607 601
217 223
517 607
178 223
351 270
509 479
473 479
306 259
909 1003
601 607
351 345
985 910
863 857
985 901
95 50
389 494
690 671
223 217
857 863
89 42
345 351
601 607
517 601
991 985
901 969
964 911
857 773
773 841
985 946
645 729
345 351
345 351
863 782
345 306
389 479
630 577
473 479
95 5
479 478
5 94
863 773
95 89
517 562
729 735
223 178
773 863
601 607
50 95
848 818
862 859
562 607
89 95
89 95
434 483
473 479
818 773
434 479
607 562
345 351
991 979
5 95
133 217
178 223
607 517
946 955
1009 954
735 663
95 89
517 607
306 351
479 434
735 729
985 991
991 901
5 89
178 223
223 217
306 351
562 607
306 345
562 607
735 757
729 645
5 89
473 434
306 351
473 479
473 479
306 261
843 857
270 337
351 345
601 607
389 452
98 83
5 95
473 479
133 223
306 345
223 133
434 473
351 303
452 399
607 535
223 225
857 863
389 479
5 95
223 133
517 562
223 217
690 656
863 857
735 690
901 985
351 355
306 371
479 473
351 345
735 690
217 133
818 773
857 818
217 223
95 89
473 389
89 95
960 917
857 863
901 985
473 389
306 351
434 479
690 645
950 1016
89 95
133 223
601 562
690 735
345 261
773 779
223 138
991 985
306 345
517 607
562 610
601 607
509 482
223 217
351 306
863 773
729 735
89 57
223 133
351 345
985 991
217 235
991 985
345 351
946 985
89 95
306 351
857 863
857 818
946 985
261 306
95 50
217 223
178 209
50 95
478 488
857 863
690 735
645 735
217 203
345 306
54 120
95 89
95 5
223 133
434 490
5 95
985 991
479 473
261 345
985 990
178 223
901 991
261 345
991 901
306 351
562 607
217 133
863 818
773 857
389 473
607 601
377 298
479 389
901 985
217 223
192 250
773 863
398 465
5 95
389 466
435 451
389 473
985 946
857 818
201 133
901 991
863 782
735 729
479 434
191 209
601 607
901 991
991 985
985 901
857 863
133 178
89 95
690 729
89 50
607 601
133 223
261 351
735 729
607 601
857 863
857 818
345 306
473 434
901 946
645 691
690 729
95 89
479 473
985 1003
773 863
985 946
857 863
773 863
562 601
473 479
345 261
261 345
901 991
601 562
223 217
89 95
857 863
479 389
991 985
773 867
306 351
351 261
95 89
182 133
306 351
473 479
133 178
95 89
863 782
270 337
217 223
479 389
261 306
690 735
261 269
863 851
473 389
133 223
345 351
389 473
690 735
217 133
607 562
985 991
224 130
217 223
729 690
562 607
217 223
351 345
645 735
901 991
607 517
562 517
863 791
133 223
223 217
773 815
351 345
482 434
857 863
351 345
89 95
901 991
351 261
95 89
562 517
306 351
645 694
857 863
690 735
517 601
517 562
351 279
985 991
95 50
89 95
345 306
985 991
985 991
729 645
857 810
991 901
261 306
223 217
473 479
985 901
645 729
601 562
41 10
690 729
473 479
857 773
217 178
473 459
345 351
607 601
863 857
306 314
857 891
690 735
89 0
479 434
345 261
991 946
178 159
223 133
645 690
473 479
857 888
857 818
791 863
95 5
473 457
832 815
389 488
479 473
106 70
73 5
261 306
473 434
479 407
261 351
863 857
223 178
729 690
729 735
178 223
946 991
306 351
901 991
562 607
881 893
178 223
50 95
389 422
95 89
345 351
434 479
601 607
785 790
217 223
95 14
857 818
991 901
601 607
223 133
773 818
479 389
178 223
89 5
50 5
562 601
434 479
857 818
863 857
946 985
985 901
223 151
735 690
178 223
735 729
562 607
479 434
261 351
729 645
178 223
946 901
645 690
89 50
345 306
562 607
946 991
345 351
645 729
729 648
351 306
306 328
261 366
223 178
729 735
517 562
991 966
818 857
261 259
95 89
223 217
901 985
217 223
735 729
479 473
517 583
170 179
985 991
703 760
217 223
901 946
389 479
517 607
735 690
434 479
95 89
773 863
857 818
217 223
773 890
607 601
637 618
857 863
773 815
95 50
857 863
946 991
389 455
389 479
857 863
782 849
169 143
773 863
95 89
473 434
601 607
178 217
857 818
95 50
178 223
89 95
857 863
345 351
946 991
857 863
217 223
773 841
345 349
991 985
5 95
473 479
133 201
946 964
306 351
863 818
857 818
306 351
133 201
89 95
601 607
601 607
5 95
893 887
863 818
20 123
5 95
857 818
735 729
773 857
50 95
690 675
191 248
517 557
991 901
985 991
773 863
735 645
50 95
857 863
601 517
601 607
991 946
350 336
729 645
863 857
818 857
133 223
529 637
223 133
473 479
901 991
991 985
690 645
601 607
133 223
389 473
991 985
773 815
89 3
223 133
351 345
223 133
217 223
351 279
434 479
89 50
473 494
113 58
345 261
848 818
497 467
306 351
863 818
946 991
708 654
509 476
607 601
479 473
50 95
178 223
178 250
95 89
50 95
58 113
95 5
389 473
217 223
389 434
863 818
5 50
729 690
178 223
89 95
938 947
735 729
261 351
351 306
985 991
217 223
601 562
901 946
223 202
991 946
434 402
985 991
5 50
434 473
985 991
857 863
985 946
729 690
607 611
645 690
389 473
133 178
479 389
645 690
857 863
178 217
95 89
991 985
89 5
690 735
51 46
735 690
351 345
217 223
690 747
818 863
434 479
645 690
434 473
857 773
178 169
645 735
217 178
351 270
217 223
773 863
901 991
946 991
351 345
735 663
345 351
473 479
434 473
5 120
479 473
735 679
351 261
607 601
5 95
901 905
991 985
601 562
735 729
178 223
223 217
773 796
434 389
351 270
544 586
863 818
991 901
985 991
946 985
601 607
345 351
178 133
863 818
645 652
133 223
95 25
734 666
690 735
836 783
729 735
209 170
217 223
351 261
246 193
217 223
479 398
345 351
473 479
50 95
863 818
223 217
690 735
863 857
50 95
517 559
691 747
479 477
601 562
729 735
217 223
89 95
562 582
5 75
473 479
690 735
729 735
217 223
217 223
857 773
863 773
178 223
345 351
351 352
690 662
261 306
345 306
985 991
425 407
734 672
345 306
985 991
434 479
50 78
607 562
735 734
89 50
857 818
351 306
946 985
580 527
345 306
89 95
400 473
901 943
133 217
735 690
901 946
607 601
601 607
473 434
857 773
95 89
822 853
479 434
607 601
985 946
306 351
178 223
607 517
95 89
645 735
901 946
729 735
857 863
735 645
473 434
89 95
991 985
374 321
985 991
645 729
735 729
5 89
261 351
690 668
607 562
95 5
89 95
991 985
473 412
607 517
89 95
729 723
996 1015
901 946
645 735
178 217
89 5
5 95
517 562
389 462
64 83
89 56
345 351
991 901
133 223
306 324
133 178
125 97
217 223
89 95
773 863
179 221
690 670
517 601
50 95
645 735
473 479
607 517
345 351
991 985
831 847
479 473
351 306
217 223
217 151
527 595
473 434
863 818
217 223
857 818
735 690
773 857
479 434
473 387
345 351
857 773
601 607
261 306
5 50
133 178
601 562
223 178
645 735
145 214
351 345
479 473
223 178
223 133
89 95
351 345
690 735
95 5
645 690
729 735
389 457
765 666
985 991
473 401
857 863
89 50
985 946
473 479
479 473
223 217
694 708
991 985
217 223
351 345
434 482
857 818
217 223
178 223
690 735
601 517
985 991
89 95
118 42
773 863
985 991
607 562
729 645
946 944
178 223
261 351
351 345
479 473
607 562
217 223
95 50
857 863
389 434
241 133
735 645
818 863
345 339
473 479
601 562
985 946
306 351
645 735
607 601
690 735
526 593
434 479
89 5
133 175
95 50
345 351
729 735
95 89
985 991
223 217
517 607
89 5
901 991
729 735
50 95
946 991
133 217
946 901
857 863
964 911
863 857
857 818
863 818
89 95
351 261
50 95
89 95
735 729
95 5
723 740
351 345
818 863
645 735
479 434
563 553
434 479
729 735
95 89
306 351
306 351
448 482
306 345
95 89
223 145
901 946
946 985
89 5
5 95
389 479
389 434
729 735
601 630
645 735
857 863
863 857
389 457
133 217
645 735
89 95
857 773
345 351
863 773
562 607
434 483
991 901
991 946
729 735
985 947
479 389
95 89
601 607
50 95
863 818
345 351
434 401
89 10
761 685
473 479
901 991
5 50
735 690
694 690
473 434
89 32
306 301
50 89
389 434
607 517
89 95
355 307
473 479
911 975
607 562
63 79
306 307
50 95
95 89
690 657
217 178
217 178
601 562
991 985
991 946
261 345
773 818
562 607
735 645
857 863
690 645
601 607
306 345
223 217
89 95
601 607
645 729
320 291
223 178
985 991
690 735
434 479
607 562
735 690
389 473
434 479
857 863
607 601
946 959
729 722
434 479
863 857
645 713
735 654
479 473
607 535
735 717
645 735
479 401
991 901
89 102
5 50
133 223
389 457
345 351
562 607
938 947
606 543
735 697
729 690
985 991
479 434
261 351
818 863
946 991
133 178
434 473
916 904
562 607
729 735
223 151
562 607
473 389
479 434
133 203
89 95
95 83
575 608
517 607
857 863
729 735
601 517
479 455
729 735
261 351
434 473
857 863
223 133
217 223
50 95
985 991
645 729
857 818
645 735
832 826
345 351
345 351
562 607
818 863
306 345
345 351
480 499
857 863
818 863
50 95
473 479
562 517
381 374
818 773
595 526
223 128
645 735
133 217
517 559
89 20
857 863
601 607
864 786
563 552
863 857
261 303
89 95
217 178
148 170
729 735
479 389
863 773
223 178
217 178
261 345
95 89
773 863
562 607
857 863
89 95
985 991
857 818
95 50
473 479
729 735
306 345
729 735
217 223
818 863
389 479
484 398
89 50
729 735
901 897
682 691
562 517
601 607
601 580
773 857
261 303
607 601
50 95
95 89
863 857
601 607
223 178
690 645
217 223
351 345
261 329
857 818
351 345
735 729
389 431
773 857
223 178
645 729
217 223
479 389
306 261
601 607
95 89
217 223
857 863
818 773
985 946
735 645
389 479
601 607
901 991
773 857
223 217
822 830
227 216
89 95
601 595
345 306
89 95
607 601
345 351
863 857
901 991
863 785
5 89
991 946
473 479
607 634
857 818
473 479
735 645
863 773
863 773
434 479
1009 954
178 223
89 95
601 607
863 857
217 178
946 901
562 607
773 863
473 434
607 562
729 735
517 607
729 690
261 351
690 729
857 863
345 306
256 306
690 650
223 178
178 223
607 601
991 946
351 345
389 478
554 623
954 979
217 146
89 50
306 273
991 985
473 389
5 47
985 943
223 178
729 690
946 937
217 223
991 985
133 175
50 95
178 223
517 607
985 991
991 985
95 89
517 601
363 269
95 14
818 863
985 901
434 479
95 89
217 144
479 473
351 345
1003 909
857 863
217 133
5 50
773 863
901 946
479 473
50 95
479 434
735 654
473 479
345 306
729 690
946 989
946 991
479 473
607 526
991 946
192 135
217 230
818 857
985 901
562 601
389 407
645 735
479 434
178 141
389 479
729 735
991 985
857 863
607 601
306 263
5 95
645 735
351 345
562 601
89 50
517 607
690 735
857 863
133 223
517 607
95 5
223 217
473 434
223 217
95 89
89 95
901 946
991 946
735 690
607 601
389 479
89 50
946 901
863 857
607 541
601 607
290 270
223 178
389 479
473 479
735 690
223 133
133 217
95 50
434 479
95 89
351 264
178 223
729 735
985 946
217 223
473 479
351 345
735 729
645 735
901 969
818 863
818 863
217 223
985 991
261 329
345 351
991 985
434 437
345 261
818 851
5 50
773 818
479 473
5 89
735 690
735 690
607 562
773 857
89 95
5 95
89 95
434 390
5 95
352 339
818 863
434 473
479 434
690 700
857 886
991 901
133 147
645 735
729 735
645 735
473 479
857 863
479 473
607 562
89 5
857 813
89 50
818 857
607 526
50 5
5 95
133 217
863 839
857 863
985 991
484 435
991 985
607 562
901 985
178 217
133 191
5 50
601 579
985 991
946 991
473 479
217 178
562 607
991 985
901 946
345 351
946 991
735 645
95 5
517 562
818 874
947 1002
261 306
735 645
5 95
345 279
389 434
863 857
729 735
217 223
389 398
857 773
901 946
985 991
345 306
95 50
607 517
729 735
985 946
345 351
818 863
217 223
729 735
946 985
133 223
517 601
985 991
389 457
217 178
261 351
58 75
178 217
95 89
5 89
690 735
50 113
133 223
517 607
479 398
773 857
345 351
607 601
399 418
729 645
729 735
645 763
178 217
398 465
63 96
735 690
857 863
729 735
901 985
601 562
991 985
223 133
178 223
217 223
611 529
991 910
863 857
773 857
178 133
89 50
562 607
517 601
217 223
217 178
985 946
351 345
985 959
473 479
261 351
901 991
345 351
901 991
729 735
389 473
306 345
601 607
133 175
690 735
901 991
517 618
773 818
50 95
434 479
473 434
217 223
818 863
306 351
946 991
991 946
356 270
133 223
389 434
818 773
479 507
773 863
297 310
434 441
89 5
729 735
389 473
473 434
5 89
217 223
991 985
985 991
601 517
690 735
351 345
261 345
946 1007
217 178
901 991
901 991
351 345
50 95
694 686
735 645
89 5
562 607
89 59
729 645
389 431
345 261
645 729
607 532
601 562
601 607
89 5
434 479
351 358
645 735
863 818
517 634
607 526
562 580
178 175
473 434
1021 966
901 946
223 217
223 133
857 863
985 946
389 473
729 690
306 261
507 503
985 991
645 735
345 351
217 223
857 863
645 729
601 607
985 901
389 479
223 178
773 863
5 95
50 89
389 479
89 5
601 607
217 223
133 223
729 690
985 997
351 306
479 389
601 607
5 95
690 729
562 607
13 81
773 863
389 434
601 607
479 473
473 434
261 329
946 905
95 89
478 476
5 89
434 473
389 479
575 591
223 203
95 89
389 473
345 351
217 223
607 595
517 562
89 95
261 276
729 690
50 95
690 735
345 306
946 991
645 690
473 414
389 473
991 985
985 901
261 351
690 729
345 351
946 991
217 223
83 106
133 142
818 773
133 223
434 479
901 991
729 735
473 479
5 95
991 901
991 985
607 517
352 262
434 401
473 479
261 329
50 20
645 735
351 261
217 223
351 261
985 946
991 985
479 473
345 306
985 931
473 389
351 345
345 351
874 863
217 223
389 479
562 607
