256 10000
5 95
223 217
133 223
223 217
217 223
89 50
95 89
133 217
95 89
217 223
89 95
223 217
183 223
133 223
217 223
89 95
133 248
178 241
89 95
89 95
50 95
133 178
178 223
89 50
74 20
50 95
133 175
217 223
223 133
95 5
5 50
95 50
217 223
89 50
133 201
217 230
95 89
223 146
95 14
217 223
223 133
217 178
133 223
217 223
95 5
145 142
5 56
89 30
89 38
178 224
133 223
89 95
217 136
217 133
133 223
95 89
228 247
133 178
89 5
217 175
223 185
217 223
50 95
5 95
178 133
95 89
89 95
133 178
89 110
89 50
50 102
178 223
89 95
5 50
217 223
179 206
95 89
89 95
178 217
89 95
178 223
133 178
95 5
89 95
217 178
50 95
223 154
217 223
223 178
178 223
133 202
50 95
217 223
217 223
50 39
89 50
50 95
50 95
223 211
119 99
217 223
217 223
133 217
5 95
50 95
223 178
5 95
217 178
89 95
178 166
5 50
169 139
223 178
217 178
95 89
89 50
178 223
217 223
89 95
89 5
217 223
95 50
89 95
223 217
223 217
178 223
89 5
133 217
50 89
178 217
178 223
5 95
178 223
223 133
223 133
223 217
217 223
89 95
217 223
95 50
95 89
133 223
170 179
50 118
89 95
95 50
178 223
179 176
89 95
89 95
178 223
178 247
217 223
95 50
50 5
89 95
223 151
89 95
89 5
50 89
50 89
89 50
223 133
89 95
5 95
95 89
223 145
133 205
133 178
217 223
50 89
5 50
95 89
133 142
217 178
5 95
217 223
178 223
50 95
133 178
223 217
223 175
223 217
50 79
217 223
89 95
5 95
217 133
217 223
89 95
133 223
95 78
133 153
223 217
119 20
50 95
178 223
223 133
5 124
217 223
133 187
133 217
89 95
5 95
89 5
89 95
5 95
89 95
217 223
178 223
5 50
89 42
217 223
95 50
133 175
227 172
89 95
217 223
223 178
95 89
223 168
5 89
133 223
50 95
89 50
50 95
50 95
50 17
5 107
89 95
89 50
95 89
133 223
5 89
217 223
5 79
95 5
89 95
89 95
217 223
89 95
217 223
89 95
95 89
89 71
50 95
89 95
50 89
89 95
217 223
89 5
50 95
178 223
133 223
217 223
5 50
133 223
217 178
133 223
95 50
89 95
100 14
95 5
217 223
89 5
50 95
50 95
223 133
14 81
178 230
133 223
217 133
89 50
50 95
95 89
65 22
95 5
223 133
223 217
89 50
99 12
223 133
217 174
95 89
223 178
133 178
178 136
223 178
133 223
223 178
223 217
95 14
223 178
191 248
68 15
50 95
217 223
95 89
5 125
50 95
133 201
217 178
5 95
5 50
223 204
217 178
133 223
25 94
178 133
50 55
89 95
89 5
133 178
223 217
89 5
50 95
133 217
89 5
89 95
133 175
133 178
89 50
50 95
95 50
217 178
95 50
178 223
89 5
95 14
133 223
5 95
89 50
95 89
178 133
133 217
89 95
89 50
217 178
95 89
54 64
178 223
217 223
50 89
178 211
89 50
217 223
89 95
223 217
89 5
89 95
133 217
50 95
217 223
95 5
89 50
133 223
89 95
217 223
223 217
95 5
133 201
89 5
5 50
203 133
133 223
191 248
5 95
178 220
95 89
133 223
253 156
133 217
89 5
133 223
89 5
217 133
95 50
133 185
95 14
217 223
178 133
217 223
50 89
178 223
217 178
193 162
5 89
5 73
178 223
133 186
95 50
89 50
95 50
50 95
89 95
5 95
178 217
95 89
223 217
178 223
217 223
178 223
5 79
223 178
133 223
14 95
217 223
223 151
223 217
89 95
5 35
95 89
217 223
89 81
223 217
5 95
89 50
5 95
217 223
5 50
178 133
178 217
133 217
50 92
95 50
5 89
89 95
95 5
95 5
223 133
217 223
5 95
133 217
50 5
95 5
89 95
89 95
217 223
89 95
50 36
95 89
178 223
217 148
89 110
160 202
95 89
89 95
217 223
217 223
95 89
89 5
217 223
95 50
89 95
89 95
223 133
223 251
217 223
133 223
217 178
133 223
107 120
178 216
89 95
89 78
5 123
133 223
50 89
89 95
178 223
5 95
178 133
217 223
89 95
223 146
68 15
89 95
217 223
95 89
178 133
20 8
89 5
191 224
68 15
89 95
50 74
89 95
223 217
196 143
223 178
95 5
95 89
223 178
89 50
5 89
217 178
133 178
89 5
50 5
223 217
222 198
89 95
217 199
50 95
89 95
223 145
5 89
249 148
217 223
223 178
178 187
95 23
223 145
89 50
95 115
217 133
223 133
133 143
5 89
253 198
17 44
223 217
217 178
217 223
178 223
217 142
178 223
133 178
89 52
89 95
217 223
223 178
50 95
217 228
95 93
50 95
95 50
207 182
95 89
50 5
89 95
223 217
95 75
99 29
142 223
50 95
178 143
217 178
217 133
217 145
5 89
50 91
95 30
217 223
217 130
217 223
209 224
89 95
5 50
217 223
89 11
133 178
217 223
5 89
217 178
5 50
95 5
5 95
50 89
95 89
95 89
5 89
217 178
50 95
170 222
133 217
178 217
89 5
95 50
89 95
222 244
223 133
95 23
223 217
178 223
223 142
178 223
95 89
217 133
50 95
223 217
95 89
89 50
223 178
95 50
148 192
95 89
223 133
223 217
133 217
249 238
178 223
178 223
133 178
178 145
5 89
50 95
95 89
89 50
50 95
217 178
217 133
178 223
89 50
217 178
217 223
5 89
217 133
133 169
89 95
50 13
217 223
89 95
89 5
89 5
133 223
133 223
5 95
133 223
223 178
95 5
95 89
89 5
223 217
95 50
178 217
5 95
89 95
50 95
94 7
95 89
209 170
5 47
223 178
50 5
89 50
223 151
133 178
50 12
89 23
113 58
95 57
89 50
223 178
95 89
217 223
133 223
95 89
95 89
223 217
5 89
223 178
95 89
217 223
5 50
223 133
89 95
217 223
95 89
223 178
223 133
68 15
133 223
89 95
217 178
5 50
223 133
89 95
23 95
133 217
95 82
223 142
95 50
89 95
95 89
223 178
89 50
5 95
89 50
223 133
89 95
133 217
89 50
133 217
95 5
89 117
169 196
14 5
217 227
217 223
89 5
217 223
95 89
125 101
41 68
223 202
89 95
5 89
95 89
89 95
64 45
217 133
95 50
5 89
89 95
95 77
95 89
217 133
178 169
178 143
133 178
95 5
95 5
89 95
41 15
217 223
89 95
223 178
95 23
133 217
217 178
217 223
223 217
178 223
222 186
5 79
95 5
89 95
178 133
95 75
178 223
178 217
5 95
133 223
50 95
169 217
20 8
95 89
5 95
95 115
89 50
217 223
133 244
223 178
95 5
217 223
217 223
95 14
89 95
178 223
217 178
96 100
5 89
217 178
178 223
95 50
5 95
223 250
89 95
50 5
178 223
133 217
217 223
28 50
95 89
95 123
5 89
217 178
89 50
95 50
223 217
89 95
50 74
217 178
95 56
5 95
217 133
83 106
169 151
89 95
178 223
5 95
50 5
89 95
217 223
50 5
178 223
178 223
217 133
89 82
50 30
50 95
5 50
95 23
217 223
217 223
95 89
95 89
133 222
178 217
178 223
178 223
95 89
50 89
89 95
223 142
133 223
50 95
89 95
223 133
223 217
50 20
178 223
223 217
89 50
50 82
50 5
95 5
217 178
113 58
178 217
113 58
178 223
178 223
95 47
169 181
95 89
153 228
5 95
89 95
96 53
223 217
133 223
133 228
223 217
133 223
95 89
5 95
50 95
89 95
217 133
118 65
133 223
5 89
95 50
95 89
217 223
5 89
89 95
178 223
5 50
5 50
89 65
89 95
223 217
178 217
5 30
89 5
178 223
95 89
217 223
133 217
95 89
89 95
133 178
5 48
217 223
223 178
133 223
89 95
217 223
145 223
223 178
249 172
217 223
95 89
89 107
89 50
89 123
133 178
133 178
223 217
89 95
178 217
50 5
170 179
5 50
95 50
217 223
95 89
89 95
5 50
89 50
179 223
133 217
217 178
178 223
133 217
223 178
65 111
50 5
95 50
133 223
178 235
89 50
5 95
217 250
133 201
253 187
89 84
50 94
89 95
217 223
95 89
178 223
50 95
95 89
95 89
217 223
95 5
217 223
50 95
133 175
217 223
217 223
133 178
50 29
95 102
50 42
253 237
89 115
222 166
209 170
217 223
222 214
89 95
223 178
5 89
89 50
95 93
178 223
95 89
5 73
89 5
217 223
178 223
217 223
223 142
5 59
89 95
217 178
223 217
5 73
50 95
133 217
217 223
89 95
223 217
133 223
133 217
217 223
133 217
50 5
133 251
223 156
5 89
217 238
217 223
217 223
217 178
65 10
217 133
5 89
95 5
54 106
5 106
5 95
95 89
133 223
50 95
223 217
178 223
133 175
50 95
133 223
50 82
89 50
217 223
125 95
64 13
89 95
223 217
50 89
50 14
95 84
89 5
68 94
5 95
178 223
133 223
133 178
178 171
5 50
178 223
217 223
5 50
50 7
133 178
178 223
217 223
5 95
224 162
223 217
95 89
95 50
148 136
178 169
5 95
125 38
95 83
217 223
217 178
223 217
223 211
89 50
89 42
95 50
95 23
50 95
95 89
223 151
89 95
186 187
133 178
89 95
5 95
89 95
80 50
50 95
50 99
5 83
223 148
178 223
223 151
133 223
223 179
178 217
223 133
51 46
217 133
89 95
95 89
223 178
133 217
223 217
95 89
5 89
95 89
217 223
89 16
223 133
89 10
50 10
95 89
133 223
217 223
223 178
89 95
89 95
133 178
89 95
178 217
209 170
209 142
223 178
95 5
89 95
89 95
133 178
41 118
89 5
178 217
223 217
223 178
50 89
217 223
223 217
217 178
5 47
217 223
5 95
217 223
178 223
217 223
179 161
100 119
95 50
89 95
223 178
223 178
95 5
95 89
148 192
89 50
89 95
95 89
178 223
217 223
223 178
5 95
223 178
217 243
95 89
217 178
223 217
133 175
95 14
217 223
50 110
223 178
133 217
17 113
160 202
223 217
223 217
217 178
89 50
95 5
89 50
143 207
217 223
5 47
89 5
5 47
95 89
89 70
192 141
50 95
223 217
133 223
217 223
95 89
223 217
95 89
133 246
217 223
89 50
217 133
50 95
178 223
95 89
95 5
95 5
50 89
217 178
178 212
89 5
89 5
179 135
5 89
223 217
198 170
5 95
133 223
50 59
217 223
89 95
133 223
249 148
89 95
89 5
182 178
89 95
223 217
95 89
50 5
50 22
133 217
125 80
253 205
119 95
95 119
5 50
17 125
223 167
89 95
253 205
5 89
226 166
223 217
223 133
5 89
89 95
217 223
95 5
223 133
178 223
223 178
178 150
217 223
223 178
5 68
89 95
5 95
217 133
223 178
95 89
89 95
125 95
223 133
89 50
50 5
223 178
217 223
223 217
223 178
89 95
89 95
217 178
95 89
178 141
95 50
89 50
5 95
247 227
95 50
178 217
178 217
50 95
223 133
89 95
50 89
95 5
89 95
89 95
133 235
217 223
217 223
217 223
50 5
50 89
5 73
95 89
223 147
89 95
133 217
50 95
95 5
89 50
89 95
223 138
89 95
95 89
217 223
5 95
5 89
217 223
223 217
95 89
223 217
223 217
95 89
5 73
223 133
223 178
89 95
89 95
223 178
133 217
178 135
95 5
178 223
95 5
223 225
95 89
5 88
95 5
50 23
217 223
95 89
217 223
50 5
142 209
89 95
217 133
145 223
51 65
217 223
89 95
95 23
89 5
223 207
217 178
50 95
223 178
5 89
196 143
178 223
178 223
217 223
5 89
217 223
178 223
89 95
95 50
89 95
89 65
223 194
89 95
223 133
178 244
178 189
217 178
5 95
95 101
5 95
95 89
178 171
89 95
217 178
133 178
5 50
178 223
89 95
217 223
50 89
178 169
196 169
50 100
89 95
89 5
133 223
50 89
223 217
95 50
5 89
89 95
89 5
227 153
178 223
89 50
223 217
89 95
217 178
217 223
178 223
178 217
217 223
89 95
223 217
217 178
217 178
95 50
217 223
95 5
50 95
217 223
96 75
217 178
223 133
217 223
223 178
223 142
178 223
96 99
95 73
54 52
89 95
178 223
89 5
178 217
95 89
223 217
17 125
133 178
89 95
50 95
95 89
223 217
133 201
89 95
89 95
5 75
217 223
217 223
95 5
50 95
95 89
95 89
223 217
217 223
50 83
89 50
178 211
178 217
217 233
89 95
95 50
133 178
192 211
95 20
178 223
95 89
95 10
217 178
95 89
223 178
223 217
50 95
14 81
50 5
178 223
223 217
133 223
95 5
89 95
95 89
133 217
133 203
5 95
5 77
95 50
89 95
50 89
95 50
50 95
223 178
50 95
89 83
217 178
133 178
178 171
20 64
5 95
133 223
223 217
5 47
95 93
223 133
178 210
217 223
217 223
5 95
5 95
178 151
217 178
178 217
5 95
89 95
89 95
217 223
217 223
20 64
92 89
217 151
89 68
210 178
178 223
5 89
133 217
133 178
95 50
89 95
178 223
217 223
223 133
5 95
95 5
89 95
50 5
95 89
95 5
89 5
95 50
223 178
50 41
178 223
50 95
133 223
133 217
178 171
95 89
143 211
50 5
89 95
133 217
223 133
95 89
223 133
89 50
224 157
95 5
217 223
89 95
95 30
95 50
133 178
95 89
89 95
223 178
5 95
89 95
89 95
113 58
217 223
89 95
169 196
253 187
95 50
95 5
223 217
178 217
217 223
217 223
178 133
89 95
50 95
217 223
95 5
217 223
89 95
133 217
178 212
178 217
89 5
223 133
227 198
133 223
133 217
133 223
5 89
178 214
178 223
178 223
178 223
133 211
89 119
95 50
178 223
223 151
223 178
217 133
20 94
5 50
95 89
133 178
5 29
217 178
95 89
223 166
223 199
89 95
217 178
133 201
133 175
217 223
50 95
17 48
217 223
178 199
133 217
95 50
50 95
178 217
13 107
5 95
41 47
5 73
50 89
5 73
89 42
95 89
178 174
223 133
246 141
223 217
223 133
178 133
50 92
169 196
95 83
89 79
217 178
178 217
5 50
223 217
95 89
50 5
23 95
95 17
89 5
178 221
223 133
89 95
89 95
95 89
41 62
5 95
223 217
50 95
217 223
217 223
95 89
217 223
217 223
178 250
178 133
178 133
41 40
217 133
5 89
89 95
178 133
223 133
223 133
89 50
217 133
217 178
5 73
133 223
133 148
169 203
223 178
217 223
223 217
217 223
133 188
50 109
95 50
5 89
217 223
89 95
95 50
217 223
133 223
95 57
95 5
223 151
223 178
217 223
89 50
5 89
145 137
121 78
89 95
223 217
5 95
217 223
223 133
99 15
217 178
178 223
133 178
217 178
89 5
223 142
217 223
95 50
5 70
178 223
217 178
217 223
89 95
217 128
223 133
217 223
142 209
89 15
81 42
95 5
217 178
192 211
223 217
95 50
133 223
217 223
89 95
89 95
217 133
217 133
89 0
89 95
89 5
5 73
217 223
95 5
133 223
89 50
133 201
133 217
217 133
5 31
5 73
133 223
89 95
223 133
95 123
95 89
89 50
217 133
217 178
133 223
5 95
50 95
95 89
95 5
95 89
217 178
133 223
133 217
89 95
217 223
5 95
223 178
50 89
133 178
223 217
50 5
217 133
5 95
95 5
89 92
178 217
133 178
217 178
5 89
223 133
5 89
5 83
178 234
95 89
223 217
133 217
223 217
217 223
223 178
89 1
95 89
81 100
5 109
95 89
89 95
95 120
148 178
89 95
5 80
217 223
95 89
178 223
89 63
125 95
50 89
50 95
95 50
178 217
217 223
133 178
89 95
50 95
50 19
217 223
217 178
89 50
217 148
113 58
89 95
223 151
5 95
217 219
50 5
95 50
5 54
133 223
89 95
178 217
95 5
217 178
89 95
50 5
89 95
178 223
95 89
89 95
95 89
133 178
178 223
50 95
95 89
178 223
217 133
223 217
223 151
5 63
50 95
95 89
133 176
178 217
50 95
95 89
170 133
5 95
95 5
89 95
217 223
89 50
170 209
217 223
89 5
89 95
133 217
133 211
89 95
89 95
89 95
89 95
178 138
89 95
95 89
89 95
223 133
178 223
89 95
89 95
95 5
89 80
223 178
95 89
50 12
95 89
5 18
178 230
178 223
223 151
178 133
89 95
217 223
133 223
50 95
133 223
68 15
178 223
223 138
223 178
50 95
217 148
50 95
223 178
89 116
89 95
178 128
133 217
89 95
95 89
217 244
178 223
178 223
133 223
178 223
223 133
133 146
223 133
223 178
89 95
89 95
217 223
133 223
89 95
41 83
223 217
50 95
5 89
95 89
95 50
223 133
50 61
217 182
223 178
178 251
133 178
50 19
5 50
223 217
5 89
223 151
89 95
89 95
95 50
95 23
5 73
148 136
217 192
95 5
178 223
89 95
95 89
51 56
133 223
217 223
95 89
178 133
178 173
5 95
95 89
5 95
5 95
5 89
89 95
89 95
95 89
89 95
89 95
223 217
89 95
249 129
223 217
95 50
133 217
217 223
50 95
133 217
178 223
15 83
5 47
95 50
58 56
50 95
133 223
95 50
5 95
217 185
89 5
217 223
89 5
50 89
89 107
89 95
5 95
95 89
133 201
50 93
223 178
95 5
5 95
89 95
95 89
89 5
217 178
217 223
217 223
95 5
89 5
5 95
141 242
133 223
41 29
50 95
217 223
95 14
50 95
119 99
217 223
217 178
178 223
89 5
178 223
145 253
5 102
178 223
178 204
89 95
217 223
5 89
89 18
133 146
217 223
217 223
95 89
223 151
217 133
89 50
89 95
89 95
178 143
228 247
89 95
217 223
89 50
217 223
5 50
217 223
178 223
95 50
5 50
5 89
178 246
95 50
95 89
95 89
133 175
223 217
50 95
217 178
5 50
41 68
133 178
217 159
95 50
5 95
217 223
222 192
217 223
89 95
223 217
89 95
133 217
5 95
133 217
5 115
89 95
217 223
89 95
217 223
5 89
95 89
50 95
50 89
217 223
178 223
234 226
223 142
89 95
178 223
217 133
5 95
217 223
5 89
95 5
5 95
5 50
89 50
133 248
223 217
89 5
178 210
89 95
133 217
5 18
5 47
50 89
89 6
178 217
133 178
89 95
89 18
217 223
178 223
178 223
50 95
217 178
50 5
133 224
5 50
145 249
5 95
89 95
50 83
50 5
223 178
217 178
178 223
178 217
89 95
89 50
89 95
89 95
95 5
223 217
89 50
133 223
50 46
95 21
95 94
217 133
89 95
178 133
5 89
217 178
217 223
50 5
217 223
217 223
223 217
95 5
89 95
89 50
89 95
95 50
5 89
50 95
217 223
223 133
95 23
95 5
217 133
89 95
133 223
5 95
178 217
133 223
95 89
95 50
89 50
89 95
50 95
178 223
217 223
5 50
223 129
241 186
95 18
89 75
178 223
223 217
223 217
95 89
89 95
95 5
133 178
95 89
133 223
89 50
133 217
89 50
217 223
89 95
223 217
89 50
50 95
223 142
50 95
50 71
89 95
89 95
223 133
223 217
95 5
209 170
5 89
95 50
95 89
95 89
217 178
217 170
133 217
95 89
89 50
95 5
228 247
95 89
178 223
89 95
89 50
95 89
196 169
133 217
95 110
50 95
95 50
223 178
253 154
50 95
217 223
50 89
217 223
95 118
178 150
89 95
89 50
223 178
95 89
217 145
217 223
217 178
133 223
133 223
178 199
178 217
113 58
223 217
178 133
224 194
223 217
95 50
217 133
223 217
133 217
217 133
133 217
89 23
178 223
5 89
228 247
5 50
89 50
89 50
50 20
20 64
228 142
50 5
5 50
217 185
95 50
178 223
50 95
95 47
223 178
223 178
89 95
148 217
5 47
89 5
133 223
50 95
95 5
50 95
223 217
223 217
178 133
95 89
50 5
89 5
178 145
133 217
89 5
217 178
89 95
179 201
223 133
89 95
5 89
217 223
89 50
217 223
50 95
178 223
223 178
178 217
89 50
50 95
217 223
89 5
63 120
95 5
89 95
89 95
223 133
224 133
223 217
95 75
95 5
89 95
50 20
95 23
89 50
217 223
89 50
251 247
95 89
50 5
133 223
217 223
89 95
217 178
5 95
217 133
178 223
95 50
178 223
89 95
50 112
89 63
217 133
223 178
217 223
95 23
217 223
133 217
5 95
223 217
50 95
95 23
50 79
95 50
95 89
217 223
50 114
217 178
5 89
217 178
89 50
133 223
133 223
223 217
223 217
223 178
217 250
95 14
95 50
223 217
89 50
50 89
50 93
89 50
50 89
95 5
89 95
5 89
217 230
5 95
89 95
148 192
83 106
178 223
5 50
217 178
5 73
50 5
223 217
133 223
223 178
217 133
95 5
148 192
5 95
178 133
133 223
50 38
89 95
223 133
217 223
217 223
133 208
223 217
217 223
223 178
133 223
223 133
133 157
249 242
5 95
89 99
223 251
133 223
89 95
133 223
178 223
227 202
223 217
217 223
178 221
95 23
79 83
95 5
95 50
95 89
133 223
217 223
50 89
5 95
223 133
133 175
223 133
178 217
217 178
95 5
133 223
223 133
5 71
89 95
178 223
95 79
34 111
133 223
217 223
89 95
223 217
95 5
217 133
95 89
95 23
5 47
133 178
89 95
223 133
223 217
5 89
133 217
133 148
95 50
95 50
89 95
133 217
217 151
50 114
89 86
217 223
89 95
223 133
5 99
5 50
15 34
246 217
95 5
5 50
89 83
89 50
223 217
95 89
5 89
5 95
178 223
217 223
217 133
5 95
217 223
178 146
178 223
89 95
95 71
217 223
217 223
178 142
89 50
223 142
95 89
95 5
89 50
223 133
178 223
89 50
217 223
133 178
95 50
217 223
143 207
223 178
178 238
94 13
178 223
217 223
15 68
100 119
5 89
95 50
100 119
133 217
50 95
217 223
217 178
41 44
217 223
223 178
133 217
5 50
50 89
95 89
178 133
178 133
133 175
182 191
217 223
5 89
211 203
50 95
217 223
223 133
133 201
223 128
178 135
178 223
95 89
64 5
95 89
169 196
89 95
95 89
63 120
133 223
50 95
223 217
133 175
217 223
89 95
223 217
217 133
223 151
95 5
133 217
95 89
223 178
89 95
95 89
15 34
217 133
201 133
50 95
89 95
5 95
50 89
89 5
89 50
217 178
178 223
95 50
178 138
182 194
178 217
5 95
223 178
5 95
217 223
217 223
133 248
89 5
54 79
133 223
170 148
89 50
89 50
133 178
239 198
50 95
95 89
95 50
89 95
133 217
217 223
50 95
5 95
217 133
223 178
223 133
95 5
5 95
133 178
178 248
133 223
5 95
223 217
178 217
223 217
223 217
133 226
5 89
133 178
50 95
95 5
223 217
5 95
89 95
89 95
50 95
89 95
223 151
133 217
223 178
223 217
217 178
5 50
133 223
79 63
89 95
5 95
50 5
5 95
89 5
95 89
178 203
196 143
5 95
217 223
89 100
89 50
223 250
89 5
5 81
5 50
223 178
95 89
217 223
89 95
89 95
50 55
178 223
5 95
5 47
178 128
95 89
50 95
89 95
95 5
5 95
133 217
95 5
95 89
95 89
178 133
121 71
5 95
217 178
50 75
99 43
217 223
5 47
223 133
95 50
133 223
89 77
217 223
223 178
217 194
217 223
20 64
54 15
89 11
50 95
95 89
89 95
95 5
217 223
217 151
133 223
99 20
217 223
95 89
95 89
95 89
89 95
133 223
217 133
133 217
5 50
223 217
50 70
5 50
89 95
5 50
178 217
133 223
217 133
223 133
5 47
50 95
223 217
89 95
89 50
5 89
95 89
133 178
50 26
223 217
178 223
217 178
133 178
217 223
50 89
89 95
50 95
217 223
50 95
133 223
179 170
89 95
89 95
95 50
5 50
223 133
223 217
178 223
249 244
217 223
133 223
217 223
95 89
217 133
95 89
217 178
95 50
217 133
239 198
117 50
5 95
89 5
223 217
89 50
89 95
89 95
133 217
89 50
89 50
89 83
217 178
178 223
5 70
89 50
133 223
217 223
223 133
5 95
217 133
217 223
50 95
178 244
89 95
223 133
217 133
217 178
217 223
89 5
5 50
223 217
34 5
50 95
50 107
217 223
50 95
217 223
5 95
223 151
15 34
133 223
95 89
223 217
223 178
89 5
253 219
89 50
133 217
95 89
133 223
217 251
89 5
95 14
223 217
169 196
133 217
178 223
223 217
5 95
89 95
178 133
178 209
89 5
217 223
217 133
89 50
223 217
217 178
5 95
223 217
5 50
89 95
192 211
217 178
178 133
89 3
223 178
95 50
247 251
223 208
95 89
50 5
95 5
50 5
89 78
95 89
217 178
217 223
178 223
89 5
95 5
217 178
5 89
89 95
95 89
133 239
217 223
89 95
89 50
223 178
217 178
89 95
143 162
178 133
217 223
95 23
95 5
133 223
95 5
178 223
95 50
95 14
217 178
145 141
223 217
217 223
50 89
178 189
68 15
17 25
178 133
95 50
50 95
50 95
133 223
217 223
42 5
89 95
89 116
95 89
133 201
253 150
178 134
223 133
50 5
50 95
217 223
223 217
217 223
95 89
133 217
95 50
217 223
89 95
217 223
217 176
223 178
217 133
217 223
95 89
178 223
138 192
223 217
223 133
95 89
89 20
89 95
133 178
13 107
223 217
95 23
89 5
89 95
5 73
89 95
223 217
89 95
217 223
178 217
235 202
95 50
41 15
133 175
89 95
217 223
5 95
217 133
100 14
178 223
223 133
89 5
89 95
178 217
178 217
95 89
95 5
42 83
5 95
217 133
178 223
178 217
143 211
217 201
96 109
217 178
95 93
89 95
89 95
133 201
5 95
89 95
95 50
5 95
5 95
5 89
50 123
178 223
223 178
223 217
95 89
133 160
95 89
5 73
217 178
223 217
89 95
5 95
223 217
89 95
68 41
217 211
178 223
223 217
80 50
89 5
217 178
89 95
5 73
95 50
178 226
50 89
89 5
223 217
89 95
95 50
95 14
50 123
217 133
5 95
89 95
223 217
5 89
178 223
96 95
217 223
217 223
89 95
89 5
217 133
25 106
223 178
133 223
217 223
5 50
5 89
217 223
5 50
89 5
223 178
95 5
217 223
133 178
89 72
217 223
178 182
89 95
143 162
133 223
217 133
5 106
178 223
217 178
89 50
95 89
95 89
89 95
89 95
192 146
133 217
253 230
133 178
178 223
217 178
178 133
5 14
5 95
224 254
133 223
5 95
191 224
14 95
89 95
223 178
186 205
89 18
217 138
217 223
217 223
251 247
133 217
223 178
50 95
133 217
223 133
217 133
217 223
133 217
95 5
50 95
223 217
50 95
217 223
223 178
178 221
95 14
178 222
178 223
50 89
223 178
89 95
113 79
133 178
89 95
100 14
41 68
196 169
5 95
192 201
89 95
207 208
217 223
64 8
63 120
178 157
89 5
5 89
95 50
223 178
89 50
217 223
217 223
89 95
89 95
89 95
178 133
95 115
217 133
95 89
89 95
50 95
133 217
217 178
217 178
145 186
95 89
223 133
89 95
5 89
50 95
5 95
89 95
235 211
5 73
89 95
5 111
95 89
133 223
223 133
217 223
217 223
223 217
95 89
95 45
178 223
89 95
235 141
89 47
5 95
50 54
217 223
89 95
89 50
217 178
133 223
50 89
178 211
95 50
95 50
5 50
133 217
217 223
223 217
5 73
223 142
95 89
95 50
50 94
223 178
178 223
95 5
223 217
89 95
5 89
217 133
217 223
217 223
179 194
50 95
133 217
253 207
217 223
178 235
217 178
89 71
178 162
133 207
50 47
95 89
50 89
133 223
89 50
178 223
217 178
50 60
89 5
5 95
89 50
223 178
5 95
95 89
89 95
5 50
5 89
95 93
178 148
89 95
178 133
223 133
50 82
95 23
5 95
5 95
223 168
5 89
217 223
50 5
95 78
89 50
89 95
133 175
143 162
50 89
50 8
123 119
89 50
5 47
95 5
133 217
217 223
95 5
5 116
178 239
178 223
223 133
217 178
217 223
133 223
133 217
178 133
133 178
143 211
50 95
217 223
51 10
95 89
89 95
5 95
223 178
123 119
178 223
95 89
89 95
95 5
192 133
223 151
89 95
148 192
5 95
133 217
217 223
89 95
133 217
223 178
5 95
217 206
217 133
133 223
223 217
50 95
224 222
95 5
223 217
5 50
217 223
5 73
95 5
223 217
178 217
5 50
89 95
223 245
5 89
223 217
178 223
178 223
5 73
89 50
223 133
178 223
95 5
178 223
119 5
217 223
133 201
178 221
217 223
178 223
95 50
217 235
217 133
217 223
217 223
217 133
223 217
94 46
253 223
133 223
223 217
217 178
50 92
191 224
178 223
223 142
223 185
133 178
89 95
89 50
50 95
50 5
133 178
95 14
178 244
223 178
192 149
99 5
95 89
133 223
223 133
5 47
133 223
95 50
223 217
217 229
223 151
50 95
5 50
50 95
50 89
50 89
50 89
5 89
50 89
95 14
5 17
64 8
178 223
178 133
95 23
5 95
50 95
5 95
223 178
50 95
223 217
5 95
89 50
50 95
133 217
95 50
95 23
178 217
89 95
118 42
223 217
217 178
217 178
223 178
5 95
95 50
178 217
217 223
20 123
50 95
178 167
95 89
89 95
223 133
5 50
217 223
5 95
89 95
217 133
89 95
95 89
89 95
133 217
89 95
89 95
95 5
50 95
100 14
50 89
95 89
94 20
89 95
217 223
249 148
50 111
133 138
89 5
217 223
95 89
89 73
217 223
217 223
133 223
95 89
217 223
217 178
192 232
178 158
89 95
223 217
50 95
223 178
230 217
217 223
5 95
223 217
95 89
175 133
178 223
89 95
89 95
133 234
50 95
178 226
95 89
223 133
89 95
95 5
217 178
223 151
223 133
191 248
5 89
89 95
217 223
50 89
223 217
223 217
223 217
89 95
95 14
217 223
133 217
5 95
148 192
217 223
89 50
89 95
89 95
100 14
64 83
89 50
133 223
89 95
191 224
223 217
178 217
133 223
89 95
170 179
5 73
50 95
95 50
133 175
95 89
89 110
5 95
95 89
89 95
133 223
217 223
223 217
95 5
50 89
133 217
89 50
50 5
89 5
223 178
89 95
217 247
5 95
133 217
89 95
64 94
217 223
133 201
223 217
89 95
133 217
223 133
178 223
50 98
89 95
133 217
50 89
217 178
95 109
95 14
207 182
217 133
178 223
178 136
5 89
89 95
133 178
217 178
89 95
95 89
133 223
217 223
178 133
217 133
223 178
89 95
133 178
223 178
95 50
89 5
133 160
50 89
95 89
223 217
5 73
217 178
133 201
5 95
5 95
50 95
89 95
178 203
89 70
89 95
217 223
217 223
178 133
63 120
50 95
217 178
217 223
223 151
223 178
217 223
223 217
217 244
223 217
5 95
95 5
89 95
133 217
133 223
95 50
223 133
223 133
133 223
178 223
5 89
223 217
95 89
95 89
50 89
50 95
5 95
217 208
133 243
223 133
223 178
217 219
223 178
217 223
50 95
5 95
50 89
50 89
89 0
5 95
89 20
5 95
223 217
89 5
217 223
50 89
133 178
15 79
178 217
217 223
178 223
133 223
5 95
133 223
95 101
178 223
50 75
89 95
224 249
50 71
223 217
133 175
217 133
178 223
95 89
133 178
133 175
178 217
217 223
217 223
133 223
217 223
95 89
133 217
253 198
5 95
217 133
223 178
148 136
95 50
95 23
5 50
89 95
50 89
178 223
89 95
217 178
223 151
160 202
5 47
133 217
89 95
217 133
217 223
223 178
217 223
5 50
89 95
178 185
217 250
217 234
89 50
5 73
178 223
217 223
95 23
89 5
178 223
133 178
217 223
89 95
133 223
120 63
142 228
89 5
89 95
89 5
178 217
95 89
5 95
223 217
133 217
247 223
95 50
50 89
63 79
89 52
50 95
217 178
95 23
178 223
95 30
89 50
89 95
217 223
5 95
217 191
178 223
89 5
95 89
89 23
89 95
89 5
217 223
133 223
34 111
224 153
223 178
89 95
95 5
89 95
95 89
50 68
133 204
217 178
217 223
223 133
89 95
133 217
133 223
178 223
99 44
227 174
217 223
223 133
5 89
133 223
133 223
133 159
89 95
217 223
217 223
223 178
217 223
133 217
89 95
223 217
222 241
50 95
133 223
227 211
95 89
217 178
50 95
178 223
223 133
95 18
5 54
89 95
89 95
95 5
170 133
133 170
217 223
5 95
5 95
89 95
50 95
50 95
95 89
223 133
50 89
223 178
95 5
89 50
89 95
107 50
217 142
223 217
95 50
133 217
5 95
95 89
50 95
133 217
133 223
223 217
5 89
217 223
178 130
133 223
5 81
89 95
217 133
217 133
133 230
50 95
89 50
133 223
223 217
50 89
223 217
223 178
223 217
217 178
178 223
217 223
143 169
89 50
50 95
89 95
89 95
95 89
133 223
217 178
50 95
50 3
178 177
50 95
95 17
5 73
217 223
95 89
178 223
178 223
253 133
5 73
5 89
5 50
223 151
178 232
217 223
217 223
133 166
223 146
95 89
95 71
5 50
217 196
217 223
178 217
94 47
5 95
133 223
5 89
217 223
217 223
148 192
223 164
223 128
136 192
68 15
5 39
95 89
95 89
223 217
89 95
223 217
50 95
89 95
178 223
217 223
95 50
5 96
133 178
178 223
95 5
217 178
223 217
133 223
50 95
133 223
95 5
133 223
50 5
133 178
217 223
223 178
95 89
223 133
217 133
217 133
217 223
178 223
95 89
20 8
89 5
5 89
178 223
89 95
50 5
50 95
133 223
223 217
96 29
196 143
89 95
5 50
95 123
223 178
217 223
50 89
178 223
217 178
217 223
50 95
217 133
133 178
223 217
217 207
89 95
133 201
133 175
5 73
50 18
95 50
223 217
89 95
89 50
178 223
133 223
182 221
95 50
50 55
89 95
50 95
89 95
217 178
89 83
5 76
217 209
148 192
50 95
133 175
95 89
133 175
5 95
95 5
89 50
89 95
228 247
95 89
217 223
178 223
223 133
186 241
89 95
5 89
223 146
223 217
95 50
50 95
217 133
217 178
5 95
217 138
178 223
89 5
95 99
178 217
89 95
89 50
50 95
89 95
95 89
217 223
95 89
89 95
50 5
50 95
95 89
95 89
217 194
133 217
89 95
217 178
133 185
5 73
217 223
5 73
5 95
5 89
179 184
125 10
133 223
217 242
5 95
217 223
178 223
95 89
15 34
217 223
148 192
5 50
217 223
89 95
89 95
95 50
217 223
223 151
217 223
223 133
133 217
95 89
223 217
178 223
223 217
89 5
20 121
223 217
5 95
223 217
217 223
178 223
133 223
143 211
217 178
169 132
95 17
89 95
89 95
249 135
5 115
89 50
89 95
223 217
217 223
95 50
95 38
95 5
178 217
217 223
95 50
133 178
133 223
247 251
50 95
217 223
178 223
95 71
89 95
178 217
5 95
133 217
95 89
223 151
15 83
133 201
5 50
192 247
95 23
223 217
227 245
223 217
99 88
50 95
96 66
5 47
178 133
133 178
50 19
89 95
5 95
95 5
95 89
133 223
89 95
50 95
89 95
133 210
5 50
50 110
89 23
178 223
95 50
217 194
217 223
50 95
223 178
217 223
50 5
50 36
133 217
223 142
223 133
95 89
223 217
95 89
131 178
95 5
95 89
217 146
145 253
223 128
217 223
89 95
95 89
95 89
170 248
142 209
133 217
193 156
89 95
133 217
223 178
95 50
178 217
178 250
50 17
217 178
95 23
89 50
95 5
89 95
133 234
95 61
95 89
5 50
178 223
5 95
5 89
223 217
50 95
95 89
182 228
223 217
203 217
246 170
50 95
89 50
50 5
133 178
100 119
50 95
5 95
95 127
178 223
89 95
95 89
178 223
89 95
50 95
99 36
217 203
50 95
178 217
5 95
95 89
217 133
217 133
95 89
89 95
95 89
217 133
5 89
133 178
5 95
217 223
178 217
217 223
95 28
133 201
50 5
5 95
5 89
50 95
95 50
133 178
217 223
178 223
89 95
133 178
133 223
217 223
95 89
223 128
133 217
50 5
223 205
201 133
170 179
217 178
178 223
89 95
5 95
178 188
89 95
96 38
89 50
50 77
95 5
223 204
95 54
89 95
95 89
178 254
223 145
133 178
133 223
5 89
100 119
178 223
95 89
5 47
223 217
64 14
95 5
222 232
89 95
217 148
182 232
178 133
178 217
178 223
34 15
133 222
133 217
133 201
217 144
133 178
217 133
217 223
178 142
95 50
95 5
178 223
223 217
217 178
217 133
223 217
133 217
217 223
133 223
217 133
145 208
223 133
95 89
133 223
133 217
95 5
95 89
5 89
217 178
5 95
133 178
133 223
89 50
5 50
5 95
95 89
178 133
95 23
217 223
5 89
217 133
118 65
5 50
223 178
178 133
5 89
50 5
50 5
133 223
5 50
89 5
217 223
217 223
178 223
178 171
217 178
133 175
179 169
95 89
217 223
95 5
223 178
178 217
50 5
95 89
133 223
89 95
217 202
217 223
178 223
48 5
89 50
133 201
178 223
89 95
50 5
178 223
133 217
133 223
89 95
15 83
5 95
223 237
5 89
141 209
89 95
50 5
223 217
50 5
217 223
223 178
89 95
95 89
133 223
95 5
217 223
54 41
223 244
95 50
217 223
178 223
223 133
89 95
217 239
133 223
5 73
223 217
223 133
178 223
50 5
217 223
133 217
223 217
217 130
178 223
50 95
133 217
217 223
89 91
223 217
133 211
17 2
89 95
178 250
5 52
89 95
89 95
217 178
89 95
223 133
95 5
217 223
95 89
89 95
217 223
141 235
89 95
217 238
133 217
133 178
50 95
95 89
89 95
5 95
179 170
223 178
223 217
121 55
178 223
223 217
95 72
143 162
95 89
217 245
50 13
89 95
217 223
89 50
178 211
89 95
95 50
217 133
5 95
133 223
95 23
89 95
50 89
95 89
253 186
223 217
95 50
50 5
217 223
217 223
217 223
5 95
95 50
50 89
95 50
223 217
50 95
223 133
223 142
83 5
217 204
89 95
50 95
178 150
50 5
223 217
133 223
178 223
89 95
178 223
217 223
217 133
223 133
89 50
178 223
95 89
95 89
235 141
217 178
217 223
5 89
217 178
217 223
223 178
178 208
118 13
133 221
89 5
95 50
223 178
133 223
95 50
95 1
133 223
89 95
20 64
223 178
170 239
217 223
223 217
50 107
133 175
217 178
5 95
223 217
5 89
95 89
223 142
253 219
95 5
223 178
94 70
5 89
178 223
5 109
95 50
133 178
50 85
223 133
89 5
89 95
50 5
133 178
178 223
50 26
5 50
5 89
133 223
50 89
133 217
5 95
121 11
95 93
217 133
89 5
89 50
217 178
223 217
217 178
5 95
50 95
133 223
42 111
223 217
178 217
89 95
64 65
133 223
5 95
95 23
89 50
95 89
5 89
5 50
223 251
89 95
89 5
95 89
178 223
217 223
178 223
5 95
133 223
217 178
178 133
95 89
133 217
95 89
5 50
217 223
5 95
223 217
5 95
178 133
5 50
95 14
223 217
50 89
23 89
89 95
217 223
89 95
95 14
89 95
133 203
89 50
217 223
50 14
133 217
133 223
95 89
133 223
89 95
5 73
113 53
89 50
89 95
89 95
217 133
50 89
178 150
89 84
178 223
95 50
217 223
50 89
5 95
95 5
217 223
89 95
89 95
95 5
89 0
95 50
175 148
133 223
217 178
95 89
223 178
50 5
89 95
217 223
217 185
95 89
50 95
5 47
143 162
5 83
142 223
217 223
223 133
89 95
89 5
223 151
223 142
95 50
178 166
133 217
5 50
80 50
17 80
133 223
89 80
89 95
246 141
217 223
217 223
133 175
217 223
89 95
217 206
89 50
5 89
217 133
178 223
217 223
178 223
178 217
217 223
5 21
223 178
217 178
223 217
223 217
95 14
95 89
89 95
5 95
133 223
50 92
217 133
223 178
217 223
133 246
89 5
223 217
68 41
5 47
95 89
223 178
89 50
50 89
89 95
56 122
5 50
50 89
89 30
178 223
5 95
50 95
178 223
89 95
223 217
133 187
133 223
89 95
89 95
217 223
5 95
89 95
217 223
227 161
178 133
133 178
89 50
223 178
217 223
95 118
178 223
133 178
217 223
148 136
178 217
217 178
223 133
223 210
50 95
50 5
223 217
5 95
223 133
223 178
223 178
217 223
133 217
223 217
50 95
223 217
191 248
178 223
217 223
133 178
89 50
223 133
95 89
217 178
50 89
223 217
133 201
89 95
95 50
89 93
5 11
223 217
133 217
178 243
89 50
217 223
178 217
133 201
89 95
217 223
223 133
217 223
217 223
5 89
5 73
89 95
95 14
223 217
223 133
95 50
89 5
95 5
95 89
95 89
223 222
223 250
222 219
217 223
223 128
89 5
223 133
89 95
50 89
89 95
95 89
95 89
217 178
223 217
178 223
95 50
89 50
178 223
95 5
222 244
5 95
133 217
217 178
89 50
95 5
89 95
89 50
133 178
89 95
89 50
223 217
95 5
95 89
217 223
217 223
89 50
89 95
95 5
133 217
17 80
89 95
50 89
223 217
133 217
89 117
50 99
95 89
217 223
223 217
223 217
223 178
89 95
226 207
223 133
95 89
89 95
89 95
178 179
95 50
217 223
95 89
95 123
89 95
50 92
178 223
95 50
50 89
223 217
217 223
50 89
178 217
89 50
89 95
217 178
89 50
89 95
178 223
133 223
133 223
5 89
133 223
89 5
50 5
5 95
178 143
223 244
217 223
178 217
223 133
217 223
50 95
217 178
50 89
223 217
5 95
178 214
223 133
178 223
223 178
5 95
223 217
133 223
50 95
217 223
95 50
133 217
65 89
95 89
89 5
95 50
89 95
217 223
5 50
51 42
95 89
89 5
95 5
51 63
89 5
75 64
5 95
217 223
217 223
5 95
95 5
178 223
223 217
89 95
95 5
89 25
89 95
5 47
178 223
5 95
247 251
217 223
223 133
95 89
217 223
223 151
133 223
5 50
223 217
5 38
95 50
133 217
223 214
89 50
89 50
95 89
50 95
95 50
223 178
223 178
178 223
133 217
217 133
223 217
133 247
178 223
15 79
89 95
5 50
178 223
5 50
223 178
99 5
133 223
5 70
51 63
178 223
95 89
95 57
95 50
89 95
5 95
178 217
50 95
5 47
95 14
95 5
133 201
133 202
13 118
17 80
50 89
178 223
50 95
5 95
89 95
217 223
217 178
5 50
95 50
178 223
178 133
133 217
223 133
95 89
89 50
217 223
133 223
133 223
125 107
133 175
208 178
118 42
133 217
5 50
217 223
95 89
217 239
223 217
50 21
95 5
5 50
217 223
217 133
95 89
178 223
217 223
217 223
50 5
89 95
41 67
178 223
5 95
5 95
217 223
89 95
5 95
133 142
95 101
133 223
89 50
50 5
223 178
95 83
5 50
50 5
178 223
50 95
223 207
178 223
217 223
96 122
133 217
50 46
50 95
217 223
50 89
217 223
5 89
217 178
95 50
217 178
133 178
217 133
217 205
50 95
95 50
95 5
95 79
217 223
223 178
246 141
95 50
223 207
50 95
217 219
95 50
50 95
5 95
191 170
5 95
178 223
5 95
5 95
133 178
178 198
50 95
217 223
95 50
89 50
178 202
89 95
89 95
89 95
89 5
89 95
17 44
89 110
217 178
95 50
95 50
95 50
50 95
217 223
133 223
14 81
223 217
217 223
50 42
223 178
217 223
223 178
5 73
217 207
89 95
133 223
50 17
50 23
223 217
5 120
95 66
178 223
89 4
217 133
133 217
133 217
251 247
94 41
133 217
223 141
228 247
5 95
5 95
178 223
133 223
50 30
223 217
169 151
178 223
89 95
133 223
223 178
208 145
217 223
217 133
178 223
223 217
5 73
89 95
217 133
89 95
217 178
217 223
15 83
50 99
50 95
239 198
95 89
5 89
89 18
178 217
89 95
178 133
50 89
89 95
223 142
89 0
247 251
223 133
89 95
143 211
217 133
5 95
133 217
178 223
50 5
145 226
89 50
178 133
5 95
217 223
89 95
178 223
217 206
5 98
5 89
133 223
5 98
50 51
5 89
5 89
208 253
95 23
89 95
5 89
50 95
95 50
178 223
178 223
89 95
133 201
89 115
95 50
178 223
223 178
95 89
223 217
95 5
223 217
178 223
133 223
133 223
223 178
178 223
5 50
5 105
133 217
223 178
89 95
217 223
5 47
217 223
217 223
95 89
5 50
133 178
89 95
89 95
217 223
5 89
253 208
5 95
34 15
133 201
217 223
95 56
50 5
178 223
223 133
50 95
227 223
223 133
89 97
95 89
246 170
217 178
95 89
41 23
223 142
5 95
223 217
223 178
95 89
217 223
217 221
5 50
133 223
5 73
217 223
217 211
63 42
223 217
223 217
223 133
5 95
217 223
217 223
89 95
89 101
223 133
95 5
223 217
89 50
133 217
95 5
5 95
217 223
50 95
217 133
50 95
95 50
89 95
217 223
217 223
133 223
89 95
95 5
5 95
223 217
133 163
89 95
178 223
95 110
178 217
95 50
95 81
95 50
217 178
217 223
95 89
5 89
50 95
95 89
217 223
5 95
217 223
50 45
50 95
125 113
223 217
223 178
222 214
50 95
133 223
223 199
223 166
217 133
89 50
95 81
95 23
50 95
89 95
217 223
89 95
223 217
50 95
5 50
5 89
217 223
178 217
178 223
217 223
223 217
5 84
217 223
217 223
217 207
95 14
89 50
178 223
133 217
95 89
133 178
20 8
89 95
95 89
5 95
178 223
223 217
89 95
5 95
217 223
223 142
148 249
89 95
133 217
5 89
50 100
133 175
217 223
5 95
193 185
50 89
133 217
145 201
178 217
89 95
5 89
89 18
89 95
95 89
89 50
217 223
5 61
250 217
133 148
178 133
95 38
50 13
95 89
5 47
217 223
217 223
217 223
178 158
89 5
50 5
95 14
75 79
223 217
95 50
133 223
89 95
223 217
223 217
89 23
89 118
95 89
50 95
89 50
145 196
217 223
89 95
217 223
5 95
89 95
89 95
133 178
217 223
178 222
50 95
50 95
89 95
95 89
89 5
217 223
5 89
178 173
223 246
178 140
217 223
133 217
89 50
178 141
5 50
217 178
89 95
95 50
148 192
223 217
217 223
89 95
5 89
100 14
50 89
223 133
178 133
133 223
217 223
89 105
5 89
95 89
217 223
217 223
89 30
89 50
217 223
178 246
178 224
217 223
89 95
89 95
5 50
50 95
50 95
89 5
133 178
89 5
14 100
5 95
95 5
5 95
50 95
217 223
223 133
95 89
223 217
89 50
178 223
178 133
5 77
178 145
217 223
178 203
133 175
217 223
89 16
89 95
223 178
95 89
89 50
95 89
95 71
223 209
223 178
217 144
5 89
133 193
217 178
217 178
95 83
178 133
223 178
217 223
125 121
5 50
133 223
217 225
89 95
50 95
89 95
5 89
50 95
223 217
143 211
179 154
89 95
95 89
217 223
133 223
178 223
95 65
223 133
178 223
89 95
89 95
178 220
217 223
217 223
217 223
99 127
50 95
217 223
95 50
178 223
178 133
178 223
175 133
50 95
217 184
89 95
95 89
217 233
17 61
223 178
50 89
133 223
133 203
178 141
217 223
178 182
89 95
133 223
133 182
133 169
5 95
5 110
89 95
89 50
89 120
223 217
95 89
223 178
217 223
217 178
89 95
217 223
217 149
68 15
223 133
50 95
5 50
95 41
89 95
178 223
5 95
143 162
50 28
98 50
217 223
209 142
178 223
178 223
191 248
50 95
5 95
50 95
50 95
223 217
89 50
95 14
95 89
249 246
5 95
123 119
217 223
133 207
95 23
89 95
217 178
217 223
217 223
95 89
217 223
133 178
50 95
50 95
133 223
5 95
178 223
5 89
133 223
217 223
217 223
217 223
50 95
217 178
5 73
217 178
133 223
217 178
5 50
95 5
223 133
224 211
217 223
95 50
133 217
95 89
217 223
41 83
223 217
178 223
133 228
217 223
223 217
223 178
89 95
95 89
145 147
178 217
223 217
5 95
133 217
133 223
217 223
89 95
178 223
5 47
178 202
50 5
95 109
95 89
89 40
178 217
223 178
5 89
207 191
95 89
217 244
89 95
95 5
95 89
178 238
178 235
178 223
89 95
217 223
95 50
223 217
223 133
223 178
89 95
50 5
217 223
89 5
89 95
5 89
95 5
217 223
223 178
217 234
5 95
5 95
178 131
95 50
217 223
89 50
50 5
95 50
217 223
223 133
89 124
217 223
223 217
217 223
95 5
50 4
178 223
129 217
50 95
50 89
133 223
118 65
223 133
89 5
50 95
95 5
217 178
95 89
95 50
50 95
121 19
253 246
178 223
95 50
50 95
133 217
51 118
50 95
5 89
89 95
133 217
95 5
223 217
223 133
169 150
5 95
5 95
50 82
89 95
217 223
217 223
89 95
95 5
133 156
178 133
178 223
89 95
50 95
223 217
89 95
95 5
223 217
133 223
175 133
178 223
95 89
89 71
5 95
178 133
89 95
5 95
133 223
95 5
192 224
51 98
223 217
51 80
178 223
235 227
223 175
50 89
89 95
178 223
222 213
217 223
223 178
5 95
223 178
89 95
217 178
95 50
95 5
217 148
89 95
133 217
89 95
217 223
217 178
217 223
5 50
89 95
178 223
133 221
223 178
178 223
89 95
89 95
223 133
178 225
89 50
95 5
223 178
133 178
133 178
125 0
89 95
89 95
217 223
89 50
50 89
133 145
217 223
162 178
133 178
95 89
217 223
217 178
5 80
217 178
89 50
133 178
217 178
217 251
89 50
133 217
217 223
5 95
5 89
50 95
89 92
17 49
223 217
89 95
89 5
95 89
133 142
95 50
217 223
5 89
223 217
226 145
5 89
223 217
50 95
95 50
217 178
178 223
89 70
95 99
217 223
5 89
89 38
178 255
89 95
89 50
89 50
50 89
5 47
133 178
42 99
89 5
223 133
217 178
50 5
5 89
182 178
5 89
223 217
217 223
95 0
217 223
178 217
217 223
89 20
178 185
238 178
133 223
217 178
169 196
5 50
50 95
5 123
223 133
89 95
217 223
50 76
223 133
89 5
5 95
95 50
95 89
89 95
50 95
178 223
217 178
207 211
217 133
89 95
223 133
95 50
223 178
133 178
89 95
178 223
89 95
178 133
95 5
178 170
95 63
5 50
133 178
178 185
89 95
223 217
217 223
223 217
89 95
217 223
178 133
223 217
95 50
217 223
223 217
178 223
5 89
217 133
178 217
50 95
223 133
223 133
249 211
89 95
217 223
217 223
5 95
178 133
223 217
50 20
95 50
5 50
224 189
95 89
5 47
223 217
95 5
95 20
217 178
223 217
50 95
95 14
169 196
217 223
133 223
96 45
223 178
95 5
217 223
50 125
54 109
89 95
223 217
223 217
133 201
217 178
223 133
178 223
223 133
217 223
89 95
223 217
89 50
5 89
217 133
217 133
217 133
178 133
95 89
217 223
89 5
223 178
89 95
246 217
178 223
50 89
217 223
5 47
89 95
89 50
217 178
133 212
223 217
217 178
133 223
89 95
143 162
186 207
178 223
95 89
178 199
89 5
223 133
50 95
89 6
95 89
217 178
241 186
5 95
89 95
217 242
50 89
89 50
5 54
178 187
223 142
95 89
95 5
217 223
223 217
5 50
95 89
89 5
95 58
89 95
133 223
217 178
5 106
5 95
217 133
223 151
50 83
89 95
89 95
95 89
95 5
217 223
41 70
133 223
133 223
198 170
50 122
223 178
217 223
89 95
95 89
133 162
217 223
50 77
89 95
250 217
145 137
217 178
178 223
95 23
178 223
133 169
89 95
5 95
5 95
121 20
223 142
50 0
95 14
89 50
178 217
217 151
217 178
178 202
217 223
223 178
223 217
217 223
89 95
95 89
223 133
50 89
143 211
178 217
74 99
95 89
217 223
50 113
178 182
50 57
145 179
50 5
89 50
223 217
223 178
89 95
5 89
217 178
178 238
217 133
217 223
89 95
95 89
95 89
50 95
133 217
5 50
5 50
95 23
95 89
133 217
175 148
95 89
133 201
89 95
5 95
50 10
89 95
5 89
5 50
217 178
5 95
89 95
223 217
89 50
178 223
89 50
89 123
5 79
50 5
50 16
5 41
95 89
50 5
217 223
95 83
89 50
50 89
95 50
89 5
89 29
178 217
217 223
41 120
217 223
95 79
217 154
50 95
5 45
133 228
217 178
217 178
223 138
5 50
50 89
133 217
89 95
50 5
223 217
95 89
217 223
89 95
5 50
223 133
95 89
95 5
223 217
222 140
217 223
50 74
178 223
50 95
223 142
95 5
223 142
223 178
118 65
50 5
95 50
95 5
133 217
89 50
178 223
5 95
95 50
217 178
235 141
133 178
95 89
223 217
133 223
89 84
64 31
223 133
95 23
5 29
217 223
217 207
5 50
95 5
196 143
95 89
223 217
89 101
178 217
41 3
89 95
5 89
178 223
50 95
5 50
193 180
89 0
89 50
95 89
133 223
50 89
95 89
217 223
133 217
133 217
223 178
217 223
89 95
133 170
95 89
89 95
95 5
50 95
133 201
89 50
89 95
178 223
217 178
50 33
143 162
25 106
217 203
95 89
95 14
217 223
89 41
178 199
217 178
64 34
223 217
191 207
5 123
5 95
50 5
223 133
223 133
50 95
217 223
133 141
5 50
5 73
217 223
89 95
217 223
89 95
217 223
217 133
133 235
89 5
133 223
133 223
223 142
178 223
191 248
148 249
50 110
89 95
95 50
50 5
133 223
5 89
95 50
89 95
5 111
178 239
169 168
95 14
89 95
223 178
89 95
95 89
121 109
133 217
223 217
120 42
178 207
5 95
5 50
223 222
5 50
133 238
95 23
217 223
217 223
223 178
95 89
178 223
133 223
5 95
223 217
223 217
118 13
223 217
133 178
95 89
5 95
133 201
217 223
95 11
223 217
223 178
133 223
95 5
89 5
95 5
50 95
217 223
81 64
5 95
198 187
95 89
50 95
89 95
89 32
95 89
223 133
217 223
95 5
217 178
178 223
133 217
89 116
89 95
133 249
50 5
223 217
223 178
95 50
95 50
142 209
5 95
99 48
89 5
133 223
5 95
148 192
217 169
223 133
89 50
25 74
133 223
50 89
95 89
217 223
178 217
223 217
133 217
5 22
217 178
89 95
217 133
89 50
217 223
83 123
50 118
95 50
217 223
217 133
95 89
89 95
133 201
223 217
133 217
223 178
133 217
5 95
89 95
89 50
178 133
50 95
5 71
89 63
217 223
217 223
223 158
223 133
217 223
89 50
89 95
50 89
95 89
50 95
95 89
223 194
223 217
89 5
95 5
217 178
50 75
217 223
178 148
133 223
223 217
5 95
217 223
178 223
217 223
133 178
95 89
178 133
217 178
89 32
50 60
169 159
223 217
133 223
89 107
133 178
89 95
50 5
223 217
217 223
95 5
133 178
50 74
217 178
50 5
133 223
5 89
80 50
95 89
223 133
223 207
217 248
89 95
5 95
217 223
223 151
95 31
89 95
217 223
50 95
217 178
217 178
95 89
95 122
95 89
217 178
217 237
223 253
217 178
133 223
95 5
133 178
89 95
217 223
178 133
223 173
223 217
50 95
217 223
100 14
133 223
133 142
178 235
178 133
95 23
223 217
253 198
133 217
133 178
95 50
89 95
89 122
133 223
50 17
178 133
50 5
95 89
5 89
217 223
95 50
223 217
89 95
50 5
5 50
253 198
133 223
217 178
89 50
223 178
5 95
178 223
223 178
5 50
223 217
95 89
133 223
78 5
143 162
178 133
178 217
217 211
133 223
217 223
95 50
246 170
95 47
222 168
89 95
133 175
50 95
217 223
133 178
178 223
178 223
223 170
178 217
123 119
223 217
50 95
217 223
50 95
95 89
42 81
89 50
223 217
223 133
133 178
133 223
50 95
223 217
89 5
217 223
5 95
50 95
95 50
133 223
133 223
217 223
95 5
89 95
223 151
83 15
95 89
95 5
5 89
89 5
5 50
95 89
217 133
223 217
223 217
5 89
217 223
50 5
178 224
217 178
217 223
89 50
223 217
217 223
217 223
5 89
5 89
217 223
5 95
178 223
217 133
50 95
217 223
89 95
95 50
217 178
217 223
5 95
217 223
50 95
217 178
217 219
223 178
224 240
223 217
89 95
50 89
89 95
95 5
50 95
89 95
178 223
133 223
133 223
178 217
178 225
145 237
217 223
89 50
50 95
217 223
89 95
89 95
42 51
89 50
50 89
178 133
89 50
133 223
89 95
133 145
89 50
95 89
95 50
89 95
50 5
179 147
153 234
89 50
50 95
50 89
223 217
50 95
223 133
223 145
89 95
133 178
217 223
95 55
217 178
223 217
249 151
17 80
217 223
223 151
249 234
223 217
64 81
133 223
223 217
178 148
89 95
50 95
133 223
223 178
178 133
89 95
217 223
95 50
223 142
95 5
50 95
5 95
5 50
50 95
89 95
178 217
178 223
89 5
95 89
178 223
89 95
133 223
217 223
217 133
83 79
133 223
5 50
133 217
50 95
217 222
133 223
217 178
133 223
95 50
51 126
5 95
178 217
89 95
95 50
89 95
5 95
5 95
145 140
5 38
217 178
95 5
50 95
5 89
217 128
178 223
5 50
5 95
89 50
178 133
217 223
178 223
95 89
5 89
133 142
89 50
198 164
178 223
89 95
95 50
217 255
217 178
50 95
133 255
50 5
223 178
223 178
223 217
50 5
95 25
5 89
95 89
217 223
217 223
217 178
169 202
178 252
217 223
95 5
89 95
95 118
89 50
89 95
145 253
217 223
217 178
89 5
95 5
217 223
95 50
217 223
89 95
217 223
178 223
89 95
89 95
178 217
50 81
95 89
223 145
223 217
50 5
133 223
68 15
50 95
133 223
178 193
95 50
223 217
217 223
89 5
178 133
217 223
89 5
223 133
50 95
224 143
45 50
223 133
223 178
50 95
50 89
5 95
223 208
133 217
89 50
50 5
133 217
217 223
217 223
217 223
5 119
133 223
89 50
178 223
133 145
89 50
178 251
89 50
217 178
5 95
5 50
178 144
89 95
133 167
15 83
217 133
89 50
89 95
223 217
89 97
133 223
89 5
96 36
95 89
133 217
223 133
223 217
95 89
223 238
228 247
89 95
223 133
217 223
95 89
5 95
89 95
217 223
89 95
217 133
50 5
217 178
50 95
95 89
223 217
217 223
178 223
89 95
217 223
95 79
209 170
217 178
223 133
5 50
217 223
217 223
217 223
217 133
223 178
217 223
217 178
89 95
179 220
95 89
5 89
95 89
20 64
50 95
50 89
223 217
217 223
79 63
50 95
95 17
50 121
178 217
178 211
217 223
145 241
50 5
89 50
223 217
217 223
95 89
178 211
89 95
50 95
178 223
223 217
133 175
217 138
133 223
89 95
217 223
89 97
50 95
217 223
121 59
178 223
223 133
5 73
89 95
217 223
217 223
5 50
223 217
50 95
178 223
5 89
5 89
51 42
217 178
95 89
133 217
217 178
193 249
95 89
178 177
95 89
89 95
89 15
178 223
133 223
223 217
217 223
95 14
223 133
95 99
217 223
5 89
217 223
178 223
51 93
50 95
217 223
89 95
95 89
223 151
50 95
89 5
178 133
178 223
95 89
89 95
217 223
217 133
217 133
89 95
133 223
5 95
64 56
50 95
133 223
89 95
223 178
217 133
89 5
50 95
89 5
217 223
5 89
50 95
50 58
5 89
223 133
5 50
5 95
50 95
50 95
50 89
95 5
133 223
217 178
148 192
217 223
95 23
178 223
178 223
223 217
89 95
95 39
50 112
95 89
217 199
222 166
223 148
178 217
142 209
89 95
223 178
178 217
223 178
223 217
50 95
223 178
51 83
217 223
5 0
223 178
133 217
223 178
217 175
89 5
89 95
95 50
89 95
217 223
95 5
95 89
68 41
50 5
95 31
95 23
217 223
178 133
223 217
89 50
223 133
5 50
95 89
178 223
217 166
178 246
223 217
217 223
89 95
89 95
50 26
223 133
89 95
89 50
133 166
178 223
5 89
89 50
89 95
95 107
95 89
89 95
34 111
95 5
89 92
241 186
178 223
95 20
5 89
217 241
5 95
217 223
223 217
217 178
223 196
89 5
95 50
50 95
223 133
50 95
223 151
178 243
178 217
5 89
89 95
217 223
95 5
50 20
50 5
50 83
223 217
89 50
217 223
89 5
223 207
5 95
41 47
209 170
133 178
89 75
223 159
203 217
89 95
223 178
223 217
133 223
223 217
178 147
223 178
178 223
223 178
217 223
5 89
89 50
95 89
46 50
178 223
5 95
223 217
217 223
217 223
217 223
133 223
5 95
5 95
133 148
121 11
89 50
223 133
125 86
89 95
178 223
106 95
223 133
5 73
5 95
95 5
223 146
95 35
223 133
223 178
178 223
95 89
95 89
133 217
217 223
223 133
95 89
133 217
217 133
51 80
89 95
243 178
223 217
217 178
223 217
178 223
5 92
133 223
95 50
5 50
133 223
133 223
89 5
95 50
89 95
178 212
133 178
217 212
95 89
5 89
50 92
178 133
50 94
133 178
224 176
223 217
5 95
89 95
50 95
133 178
89 95
217 223
95 89
89 95
95 89
217 223
133 217
50 95
95 50
223 133
5 20
223 133
5 113
223 142
162 143
133 223
5 95
223 199
223 132
217 223
95 50
217 178
133 178
89 5
89 95
89 95
50 5
178 217
178 133
217 223
5 95
223 178
223 217
95 89
95 5
148 136
89 95
217 223
95 50
133 217
89 50
133 223
133 178
223 217
95 89
95 89
178 133
223 151
89 5
5 95
50 95
133 223
41 83
89 95
223 133
223 178
223 142
95 5
223 217
178 223
20 8
17 65
217 238
223 133
89 95
5 89
223 178
179 181
89 42
223 178
133 178
89 95
89 5
178 133
89 50
217 133
217 223
223 133
5 50
133 223
223 178
89 5
50 95
223 178
178 223
217 133
89 95
178 133
119 123
133 223
89 65
50 5
223 217
207 208
5 95
50 5
63 120
178 223
217 178
178 145
223 217
223 133
95 89
5 95
50 95
89 95
5 10
133 163
178 212
50 95
133 178
89 95
95 50
217 223
95 23
223 133
89 95
223 217
5 50
95 5
217 223
217 223
217 223
89 68
178 133
223 217
207 182
217 223
95 23
50 95
89 50
89 95
89 50
5 95
50 95
217 133
89 95
217 148
223 217
217 223
223 217
50 95
217 247
89 95
133 175
96 110
95 5
5 89
89 5
50 23
95 50
95 5
89 23
217 133
133 141
5 95
89 95
89 5
223 217
133 250
41 13
89 50
89 95
178 223
223 133
5 95
5 89
95 50
133 223
178 223
223 133
178 223
5 17
223 178
50 89
5 95
223 217
178 223
223 133
223 151
5 95
89 95
89 5
143 162
133 223
95 89
223 217
89 95
217 133
178 133
5 95
217 223
5 95
5 50
223 178
133 223
95 50
217 178
217 223
50 5
178 143
217 178
223 217
5 95
133 202
5 50
133 178
89 95
50 89
133 223
89 5
133 223
133 223
133 217
5 50
178 133
170 198
95 50
15 83
217 182
217 223
223 133
217 223
5 95
178 217
217 223
95 5
217 223
95 89
223 217
95 89
223 217
217 223
217 223
178 223
223 178
217 223
133 178
133 223
226 178
178 223
95 89
89 95
95 89
217 223
89 95
89 95
217 158
223 151
50 95
178 223
178 133
178 223
89 95
217 178
208 178
89 95
5 78
89 95
50 119
162 193
178 223
223 217
95 5
95 14
178 217
217 128
133 223
133 178
178 223
178 223
217 133
89 95
217 223
50 95
95 89
133 217
89 50
95 50
223 133
89 95
178 217
217 223
50 89
89 95
95 89
95 50
133 223
217 133
178 223
50 113
5 89
89 95
217 223
95 89
217 223
64 24
5 95
178 131
217 223
89 95
217 223
95 89
50 5
95 89
196 169
5 73
5 89
95 23
133 217
178 217
89 95
133 217
5 50
50 95
89 50
217 223
217 223
5 110
178 217
133 223
73 5
95 123
95 50
89 95
89 5
95 89
178 223
133 226
217 203
50 95
89 50
89 5
217 133
223 133
89 95
217 178
223 217
5 95
217 223
95 50
89 95
89 95
241 186
223 217
89 50
217 223
133 175
79 63
217 178
217 223
178 133
89 50
50 95
184 133
95 14
89 95
217 223
223 203
50 5
217 223
5 95
50 89
95 5
95 89
192 223
217 223
50 40
178 223
217 178
95 5
133 175
223 133
50 94
133 217
223 217
95 89
5 95
217 223
178 214
170 179
95 5
133 175
95 89
95 76
89 95
89 50
217 211
5 95
133 223
89 95
246 170
107 100
133 178
5 73
89 95
160 202
5 51
5 89
50 95
217 223
5 50
170 179
133 178
50 5
95 56
217 223
223 217
89 50
145 207
89 5
217 178
217 133
5 95
178 223
217 223
223 178
95 50
50 95
50 95
95 5
223 133
95 89
178 133
95 5
42 51
89 95
89 95
89 95
89 95
50 95
133 217
41 28
224 180
217 223
217 223
95 89
89 95
178 223
50 95
217 223
179 148
253 198
133 178
50 95
178 223
217 223
223 217
223 217
223 182
223 178
217 223
95 5
89 95
222 229
178 167
89 95
89 5
89 95
89 50
178 223
217 178
217 223
5 89
50 5
178 217
15 34
5 95
217 178
178 223
133 241
217 175
223 178
133 178
217 223
50 95
89 95
89 95
133 253
178 212
217 223
89 95
95 14
95 89
217 223
5 95
133 178
223 217
95 89
50 95
5 73
133 223
223 217
50 95
50 5
217 223
89 5
95 89
217 223
89 95
89 95
133 223
133 217
89 47
50 95
89 5
178 223
217 223
89 95
89 23
178 223
95 89
217 223
133 223
133 191
217 178
217 223
223 142
89 95
50 17
5 89
133 223
95 89
133 241
217 223
223 217
95 50
133 172
99 75
217 223
217 133
217 223
89 50
145 154
217 223
223 217
89 5
5 89
50 93
89 95
5 95
89 50
133 223
178 223
95 50
89 68
133 178
95 89
178 217
217 223
95 5
89 95
223 133
178 223
50 89
145 133
5 89
95 50
51 62
217 223
133 128
143 162
133 129
217 223
111 70
223 178
223 133
89 50
217 133
133 217
133 217
95 23
217 223
50 95
5 50
133 241
217 229
217 223
95 50
89 95
5 95
50 122
223 133
89 95
223 133
81 64
217 178
217 133
178 133
107 13
95 5
223 133
217 223
89 95
217 223
133 217
133 168
5 50
217 178
89 5
5 89
95 5
89 95
5 95
34 65
50 89
133 223
223 178
217 223
5 95
217 223
223 178
217 223
5 89
223 217
89 95
5 8
89 95
89 95
95 4
89 50
89 5
182 213
217 223
217 178
178 223
223 217
133 178
5 73
133 223
217 220
50 95
217 223
5 30
5 95
123 119
63 96
227 210
178 223
217 223
5 97
89 95
5 23
95 89
178 167
50 95
50 95
223 217
178 223
89 95
178 133
50 5
50 95
217 223
178 223
133 226
223 178
95 89
5 95
118 42
217 133
57 89
217 206
133 178
89 50
5 95
223 217
5 95
133 223
50 95
133 223
95 89
5 50
5 95
223 133
133 223
95 89
5 50
217 223
95 23
217 207
133 217
89 95
217 178
217 223
224 241
50 34
223 217
5 0
133 223
89 122
217 223
217 223
89 95
5 89
89 68
253 208
89 95
133 178
217 223
178 223
95 45
89 95
217 223
217 223
5 89
50 38
5 89
89 54
5 50
64 8
89 50
217 178
223 217
192 222
223 178
95 5
178 223
217 223
95 89
178 223
89 95
5 95
95 89
145 190
178 138
5 50
133 217
217 178
178 223
217 223
133 217
41 100
50 89
178 223
89 5
133 223
89 95
89 95
5 26
50 95
133 217
223 217
5 50
217 133
95 63
133 178
223 217
89 95
20 64
217 223
50 5
133 223
217 205
223 133
243 145
217 178
5 95
89 50
95 5
178 133
95 50
133 217
217 223
223 133
95 89
5 95
50 89
223 178
247 148
5 89
217 223
217 202
217 223
133 201
5 79
95 14
182 178
178 223
5 95
50 89
95 89
143 211
217 133
178 223
148 136
50 95
223 217
50 95
95 89
5 89
50 95
217 223
50 95
5 42
5 89
178 133
133 223
223 246
133 223
178 216
178 217
182 158
223 133
89 95
95 89
217 223
133 223
5 60
95 50
50 95
133 223
50 89
223 142
178 223
89 5
223 251
217 223
217 133
95 64
217 191
95 50
223 178
223 217
217 223
217 178
50 95
178 223
223 220
178 250
217 223
178 133
217 223
95 5
133 199
89 95
50 95
95 5
178 223
95 89
50 95
223 158
89 95
119 123
50 95
5 50
95 14
95 5
89 50
217 178
95 89
5 95
95 14
50 111
178 223
227 234
217 223
223 133
95 14
178 133
133 223
20 64
223 217
89 95
217 178
14 81
223 142
223 217
89 95
95 89
223 178
217 223
5 95
89 95
217 223
5 50
145 208
50 1
227 222
217 223
50 95
89 95
34 65
50 95
223 217
89 95
178 223
89 95
217 142
223 217
133 217
5 50
89 95
133 223
95 50
178 223
64 40
223 217
89 95
95 50
95 5
223 133
95 50
223 133
133 178
89 95
217 133
226 179
223 133
217 178
223 217
133 227
178 223
89 95
217 223
89 5
217 209
95 5
133 223
217 223
223 166
95 5
178 227
95 89
217 223
95 5
95 89
95 50
223 133
178 133
89 95
217 223
89 95
223 178
5 30
121 20
50 84
5 89
50 95
5 95
89 95
178 211
223 178
133 223
253 128
133 223
95 5
63 79
95 89
5 50
217 178
133 223
95 50
217 133
223 178
89 95
223 133
95 89
223 133
95 50
89 95
223 217
89 95
217 223
178 223
217 223
223 217
89 5
133 223
178 223
15 83
178 223
223 217
95 50
5 89
5 95
178 217
89 50
217 178
223 133
5 95
95 23
217 178
178 217
89 95
178 194
95 89
50 95
217 151
178 223
95 50
178 217
217 223
89 95
223 217
50 5
50 95
178 223
217 223
223 217
89 50
133 175
169 205
223 217
217 223
95 5
89 50
50 95
5 47
178 223
217 178
95 5
133 223
5 83
223 133
133 223
223 217
5 95
223 133
89 95
89 5
133 178
223 238
89 95
133 223
50 19
217 223
51 79
145 186
217 223
95 74
5 95
89 95
50 5
95 5
95 89
50 5
133 223
89 95
89 95
5 10
178 223
89 95
178 223
133 223
178 247
223 133
178 133
217 178
178 133
193 254
89 5
95 50
217 223
50 5
223 133
169 250
95 45
217 223
50 95
133 223
50 5
50 95
64 83
89 5
223 217
89 50
223 196
133 223
217 188
89 95
94 101
133 178
5 121
50 95
5 89
251 247
5 50
89 41
50 95
100 119
133 217
95 89
217 178
179 245
89 95
217 223
89 5
95 89
217 133
224 222
50 89
133 223
95 5
50 16
178 217
217 216
95 5
50 88
89 95
50 5
178 223
20 121
94 3
95 5
223 133
178 217
50 38
223 178
133 178
133 223
95 89
95 123
5 95
217 223
223 178
50 5
217 223
217 223
178 145
50 95
89 23
178 133
41 68
217 178
217 223
217 178
223 217
133 223
50 89
89 95
217 223
50 95
95 14
95 23
95 89
89 23
217 133
133 223
133 146
50 95
178 223
223 133
217 133
223 217
5 95
133 223
95 89
228 179
223 133
178 223
50 95
89 95
89 95
217 175
223 178
89 95
5 95
5 89
50 95
89 95
217 244
50 5
89 95
223 217
89 95
223 178
89 60
89 95
15 83
223 178
5 95
89 95
223 178
89 78
133 217
178 223
89 95
89 95
95 89
217 208
217 223
178 217
133 223
89 50
95 5
89 32
5 95
133 223
217 178
95 89
89 95
50 95
178 228
89 95
95 89
223 178
64 20
178 223
228 247
133 223
224 153
89 95
89 95
89 95
5 79
50 5
5 95
50 95
95 5
217 223
89 50
95 51
89 95
217 206
223 131
178 223
223 217
50 95
217 138
217 223
89 95
217 223
217 133
178 133
95 5
5 95
217 223
217 223
133 178
217 223
217 223
217 223
217 223
89 95
223 217
95 5
170 179
50 5
217 178
89 95
223 142
178 217
217 221
217 223
50 95
222 132
95 5
95 123
50 95
51 80
133 223
223 217
50 5
222 207
50 58
178 223
89 95
5 50
178 223
223 142
89 95
95 71
217 223
50 89
50 31
133 178
89 50
5 95
178 145
178 223
50 117
170 239
89 95
95 89
133 178
133 202
223 151
64 21
223 217
89 95
5 50
89 5
5 50
223 178
89 5
217 223
223 217
223 217
5 95
217 223
5 89
133 223
89 95
133 178
217 154
217 223
217 133
95 89
89 50
89 95
143 207
223 133
125 79
5 89
5 95
217 223
133 217
217 223
217 156
223 142
50 95
217 148
223 217
95 5
178 223
133 178
89 95
89 50
217 133
217 133
178 172
178 217
89 95
217 133
217 223
178 133
178 223
95 5
223 217
5 50
95 50
133 178
5 50
217 223
89 95
143 207
80 50
133 175
89 95
5 95
95 89
133 178
217 223
89 95
217 178
223 217
95 50
50 95
89 95
217 178
178 217
95 5
133 217
223 217
223 178
133 144
133 175
95 5
217 223
50 95
178 217
217 238
223 178
217 223
178 217
50 95
89 95
133 223
50 89
223 217
89 95
95 5
89 95
95 50
95 30
50 89
118 65
217 223
217 223
89 45
217 223
217 178
95 89
5 95
178 211
95 89
89 50
96 109
50 95
89 50
148 251
5 95
217 223
89 116
133 217
89 95
223 212
95 50
217 223
89 95
50 5
89 95
217 178
184 133
51 92
223 133
133 178
123 119
179 199
5 95
95 5
133 201
50 45
133 178
15 83
217 240
217 223
133 217
133 223
223 227
95 5
217 223
15 79
217 178
223 217
133 223
133 178
217 223
5 60
178 223
133 223
95 50
178 202
89 50
50 89
89 95
50 38
89 8
95 89
5 89
133 175
223 217
50 89
95 89
217 133
217 223
217 223
217 223
133 178
50 14
95 50
89 0
223 217
50 95
50 89
133 201
95 89
223 217
5 89
217 223
89 95
217 223
5 50
95 89
50 78
217 223
95 50
5 89
178 217
217 223
95 50
133 175
95 50
133 246
178 217
217 223
89 5
217 133
133 221
133 178
217 223
217 223
89 95
95 23
223 133
89 95
89 95
50 95
95 89
133 178
5 50
95 71
50 113
133 178
217 223
178 133
95 50
217 178
178 243
217 223
5 89
133 223
223 217
50 17
123 119
5 89
133 201
217 223
217 182
50 95
133 246
178 223
89 95
89 95
217 223
95 50
95 89
223 178
95 89
223 217
5 95
133 175
51 107
89 95
224 220
178 223
89 95
65 33
133 178
95 89
217 252
217 223
217 178
5 17
223 217
95 50
217 223
217 133
95 50
89 50
95 50
89 5
217 133
217 178
217 159
54 123
95 14
178 223
223 178
133 223
217 223
89 50
50 89
89 95
89 95
89 95
223 217
223 217
223 212
217 223
5 50
89 95
217 223
145 180
133 223
217 133
89 95
89 95
133 175
5 95
95 5
223 178
223 133
50 5
133 217
125 80
223 133
178 249
89 95
15 34
217 223
217 223
186 205
217 178
5 41
5 50
119 123
223 217
217 223
217 223
223 133
95 89
89 95
217 223
95 63
223 217
207 211
133 139
178 223
217 133
50 122
223 217
223 217
5 50
89 95
217 223
5 95
95 5
217 181
223 217
5 73
89 5
89 95
223 217
217 223
50 95
5 50
217 223
178 223
5 84
217 223
89 51
178 133
89 66
178 217
50 95
89 5
217 133
121 20
50 95
5 95
178 223
217 223
253 226
89 95
223 142
50 95
133 217
217 174
217 178
89 95
95 89
89 5
223 178
50 123
217 223
223 217
95 89
133 191
178 211
95 101
133 170
217 178
5 95
217 223
178 223
178 133
133 175
95 50
123 119
89 95
217 223
50 95
50 89
89 5
50 95
50 5
223 178
178 223
217 133
217 243
223 217
133 201
249 248
14 81
133 247
133 217
5 95
50 95
89 95
5 50
223 178
89 95
217 223
89 75
89 95
95 5
133 223
217 206
95 5
50 95
89 41
133 223
217 223
95 50
217 178
65 55
113 58
89 95
5 95
217 133
41 26
133 201
89 115
178 133
133 217
5 89
217 223
5 95
217 133
223 133
217 178
143 211
217 178
217 129
133 241
178 223
95 89
95 89
89 5
178 217
89 50
133 217
223 133
217 223
133 217
191 207
133 182
50 95
89 5
89 95
217 223
178 133
89 5
89 5
89 5
223 178
217 133
133 223
89 50
95 89
223 217
5 95
133 223
50 43
133 178
217 178
178 223
50 95
223 217
50 89
89 95
89 50
170 179
95 5
95 50
217 223
133 223
42 51
50 95
178 223
217 223
133 175
95 89
89 116
217 223
217 223
89 5
223 217
223 217
89 95
89 5
224 199
89 95
217 178
5 50
217 178
95 23
50 95
89 95
178 223
223 133
223 221
5 95
217 133
95 5
95 50
5 73
121 117
89 95
178 133
133 223
223 217
217 133
89 95
50 95
223 178
153 223
95 89
217 223
217 133
133 217
89 5
217 223
89 50
50 5
133 210
95 89
50 95
89 50
217 133
89 95
133 217
95 23
89 50
223 133
5 50
50 95
178 223
133 178
178 223
50 117
217 223
89 95
217 223
133 217
246 170
89 95
178 217
95 89
5 95
89 50
223 217
89 121
178 144
223 217
178 223
133 217
223 217
51 66
95 89
89 95
143 207
178 229
223 178
217 223
182 195
89 95
223 217
133 178
133 178
64 86
5 95
5 95
95 50
217 223
178 223
5 95
5 95
95 89
178 223
223 217
74 100
133 217
133 208
89 95
89 5
223 178
217 133
50 45
95 50
50 89
223 178
79 54
50 89
223 141
217 246
223 178
89 95
95 50
64 83
50 5
95 89
133 178
153 234
170 179
133 223
223 217
133 223
95 50
17 19
217 223
5 65
95 50
5 95
89 95
113 58
178 133
89 5
223 178
51 42
89 95
133 223
178 223
223 133
217 223
217 223
50 95
133 223
217 223
5 89
133 217
89 95
89 50
89 95
89 78
5 95
89 50
223 217
178 223
95 5
5 95
223 217
178 217
5 74
50 95
95 89
178 157
95 89
223 217
89 95
89 42
5 95
50 89
89 95
178 217
217 133
89 50
17 95
223 133
223 133
50 95
223 217
223 178
217 178
5 100
223 133
223 178
133 183
178 157
133 223
50 89
223 151
94 38
89 95
217 133
95 5
95 50
133 178
178 223
178 133
217 133
133 217
50 95
5 89
89 95
50 29
5 95
89 5
178 249
95 17
178 133
5 51
217 223
89 95
223 217
217 133
50 89
217 223
95 89
217 223
217 133
178 202
223 178
217 133
217 223
217 133
89 95
5 95
223 178
50 95
217 133
217 222
79 89
95 89
89 95
223 217
50 95
50 89
178 223
5 95
217 133
5 89
217 223
5 50
133 217
133 178
217 133
95 50
217 178
217 178
178 133
133 217
5 89
133 175
95 25
217 223
223 217
95 89
95 50
89 95
178 132
192 246
89 5
223 133
223 217
133 223
89 95
89 50
223 133
133 217
178 138
217 178
95 89
178 133
217 223
223 157
50 95
223 178
217 223
89 50
89 95
217 223
133 178
133 178
95 5
178 217
50 95
89 95
89 95
5 89
191 248
89 95
133 201
5 47
133 223
95 5
133 217
50 95
95 14
95 50
178 217
223 217
95 23
223 178
95 14
217 196
95 5
50 5
95 20
178 223
5 50
5 89
5 89
50 89
95 23
113 58
100 14
178 217
217 223
95 50
133 223
50 89
5 95
95 89
95 50
178 133
223 217
50 5
95 75
142 223
50 95
41 26
95 50
118 65
217 223
217 223
95 5
133 178
217 133
50 89
50 95
95 14
64 121
223 217
133 211
95 5
217 223
178 223
89 23
95 14
223 189
223 133
223 178
133 223
47 5
217 223
133 175
121 83
89 95
95 89
217 223
89 95
89 95
217 178
89 95
223 217
133 223
178 223
50 95
223 217
95 5
5 95
95 50
95 89
178 223
95 5
5 50
217 223
95 89
178 217
217 223
217 178
178 133
50 95
95 89
178 217
89 95
217 178
217 223
89 50
133 223
196 169
133 142
95 5
95 89
223 217
54 98
223 142
223 132
223 217
223 217
50 95
89 5
79 63
50 95
50 95
89 50
89 95
217 223
133 217
217 133
89 47
217 178
50 95
89 95
50 95
50 5
5 46
95 5
5 89
89 95
133 223
223 178
50 5
89 50
50 95
54 100
182 211
133 223
5 95
50 20
178 133
217 223
217 223
5 89
133 178
5 73
95 54
217 133
89 95
50 95
178 223
209 170
95 5
133 217
95 89
223 133
89 5
5 50
196 169
217 223
95 89
223 178
133 201
217 223
223 217
89 116
50 89
217 223
223 217
178 223
223 133
223 184
50 8
217 223
89 95
50 95
89 117
89 95
50 95
5 95
89 1
178 223
133 223
178 223
5 95
217 223
50 95
89 95
217 223
142 209
89 95
50 95
133 223
89 104
133 205
94 5
133 202
5 95
178 223
133 201
178 223
50 17
133 217
178 223
95 50
5 89
95 50
89 50
89 95
223 178
133 178
89 95
5 59
89 5
73 5
217 178
50 95
223 133
133 222
133 223
223 178
89 95
89 0
178 239
217 178
50 107
50 95
5 89
95 89
217 133
178 223
95 5
178 217
217 178
217 133
217 133
133 223
95 5
223 133
81 64
5 73
50 95
89 95
217 223
89 95
217 133
223 178
5 95
223 217
5 89
5 95
89 95
95 89
217 223
223 217
223 217
217 223
217 246
223 178
223 217
89 95
95 50
178 223
133 249
178 203
178 214
95 5
223 217
217 178
89 123
178 223
89 95
217 223
223 178
89 50
178 217
178 139
89 50
186 162
217 178
217 178
223 217
89 56
217 178
133 223
217 223
217 223
133 223
178 206
5 89
178 223
42 51
133 178
223 217
217 178
94 89
89 95
5 83
133 223
95 5
217 223
223 178
217 223
89 50
217 133
217 223
50 5
133 217
5 95
95 23
133 178
95 89
89 5
133 217
133 241
241 186
113 58
223 238
95 5
95 89
178 223
251 247
95 50
217 133
178 252
178 223
14 81
41 48
89 95
217 223
23 89
95 89
217 223
133 217
89 95
95 5
223 217
223 133
89 50
50 95
133 178
133 191
217 223
223 217
50 118
95 50
217 223
178 217
95 89
178 223
222 214
178 223
89 50
5 95
217 223
142 209
89 95
5 95
95 23
133 220
89 95
217 223
89 95
133 223
5 50
223 178
5 95
20 64
95 50
73 5
50 68
50 95
133 178
50 95
95 23
89 95
121 115
5 83
223 178
50 5
217 223
99 5
223 217
217 223
133 178
89 95
223 133
95 5
95 89
95 84
50 95
5 95
89 5
5 95
217 223
223 178
133 211
89 95
223 217
193 211
95 89
95 5
95 89
89 95
89 11
223 133
178 223
223 133
133 178
223 217
89 95
5 50
95 50
89 95
50 95
54 59
89 95
51 99
133 178
227 211
217 178
133 217
223 178
95 50
89 95
217 223
5 95
133 223
95 89
217 133
95 89
133 217
89 95
95 89
133 201
89 95
178 223
223 217
223 178
178 220
223 133
50 95
217 223
217 133
95 89
89 5
133 223
217 223
223 217
5 89
89 95
50 95
217 223
223 133
5 89
50 89
89 95
223 217
95 89
89 83
89 5
223 217
223 178
89 95
95 5
89 5
95 50
217 223
89 95
217 223
95 89
89 95
178 223
133 175
50 95
217 133
89 95
95 23
89 20
217 133
217 223
223 178
5 89
5 50
89 95
217 223
223 217
178 223
95 5
95 50
5 3
95 89
217 223
223 133
133 145
217 133
217 223
178 223
5 73
178 223
217 223
14 81
50 95
217 223
89 95
50 95
89 95
50 95
223 133
133 217
217 178
5 95
95 50
50 89
170 179
223 178
5 73
89 95
223 217
89 95
5 89
89 50
228 247
89 50
89 95
223 217
50 89
5 50
217 223
95 89
223 217
51 63
178 133
64 79
89 50
196 143
95 5
89 74
223 217
223 247
223 217
182 217
95 14
95 89
133 228
89 5
217 223
5 50
217 223
186 193
5 73
133 223
95 5
5 95
223 133
50 54
133 223
178 223
95 17
89 95
89 5
89 8
95 14
133 223
170 179
89 95
118 42
50 95
178 211
89 95
217 178
217 133
217 223
5 95
5 77
89 50
223 217
95 23
178 223
89 50
5 71
223 217
217 178
95 50
5 73
133 223
89 95
178 223
89 8
178 223
223 178
50 95
50 89
79 96
217 223
89 95
223 217
95 50
223 207
178 223
95 5
89 95
95 13
89 82
133 201
50 95
217 223
5 95
54 114
5 95
133 178
217 223
223 178
89 95
223 133
133 217
217 133
50 95
89 95
223 217
217 223
217 223
41 60
95 50
217 223
95 89
89 95
5 64
5 3
133 217
223 217
5 73
95 89
5 89
223 178
89 95
95 5
223 178
89 95
133 178
95 89
228 142
223 178
133 201
178 223
133 175
178 220
95 50
223 178
81 42
95 5
217 223
217 223
217 223
133 175
5 50
217 223
217 223
133 223
217 178
251 133
5 95
223 142
5 89
89 95
223 178
95 23
95 89
5 95
95 5
133 158
133 217
217 178
217 178
133 201
5 89
217 223
217 160
50 95
223 217
50 107
50 89
89 95
217 223
223 151
223 133
89 95
217 223
50 89
217 206
217 223
50 89
133 246
95 5
217 178
217 188
89 5
217 133
217 178
5 95
95 102
223 217
217 151
5 75
95 23
5 95
217 223
133 201
217 133
5 89
95 116
5 95
121 12
223 217
178 169
42 81
223 217
17 7
133 217
5 95
89 20
89 50
95 89
89 95
89 117
17 33
170 179
148 136
160 202
136 192
50 95
217 223
50 95
223 178
121 106
133 156
133 244
89 50
217 223
133 178
95 89
95 50
192 189
41 14
94 55
178 223
89 20
223 217
223 217
217 133
5 89
5 50
23 5
178 217
133 145
217 223
63 5
5 95
89 5
95 50
178 223
223 217
178 217
95 89
133 223
223 217
89 50
5 50
95 50
217 223
95 89
217 223
223 217
217 223
50 18
95 89
5 122
5 89
253 183
223 217
95 127
89 50
142 228
89 5
133 223
133 223
50 89
95 89
223 142
217 223
223 217
217 178
223 217
217 223
178 217
5 95
89 5
95 14
223 217
178 217
178 209
217 178
133 178
5 95
50 89
223 133
5 89
89 5
89 95
178 217
5 89
223 142
89 95
178 223
95 79
143 223
178 223
223 217
100 14
217 178
89 95
217 178
50 89
5 95
5 95
133 178
89 95
145 180
217 223
95 83
5 50
217 223
89 83
123 119
50 95
133 223
133 178
223 217
223 217
89 95
133 235
217 178
89 95
99 31
217 223
223 217
50 95
223 133
50 95
5 95
89 95
223 217
178 223
253 211
217 133
50 17
89 50
223 133
63 96
217 178
217 223
95 89
5 89
89 95
75 5
217 223
133 223
223 217
217 133
133 223
133 217
133 201
217 223
95 89
89 5
217 178
50 95
133 223
95 50
50 95
50 95
15 34
217 223
111 70
50 105
5 50
223 178
217 223
89 50
89 95
50 94
217 223
50 89
95 50
217 223
217 223
89 95
5 95
148 136
89 5
223 178
95 23
5 95
95 89
178 217
95 89
217 223
50 119
178 223
89 95
217 223
223 142
50 31
223 133
217 223
246 193
178 223
5 95
133 170
217 128
178 223
89 50
178 203
95 18
50 89
249 170
118 65
95 23
50 95
5 89
89 95
50 95
50 110
95 50
223 217
182 173
217 178
89 5
178 217
89 95
249 182
217 223
89 1
89 95
223 142
89 30
211 234
178 223
89 50
95 50
223 221
65 44
178 223
5 95
217 223
223 178
95 89
217 133
217 223
89 47
228 247
133 169
95 89
5 89
223 178
89 95
223 217
89 5
223 133
50 95
133 217
5 50
95 50
50 95
223 178
178 141
5 104
89 95
217 133
133 217
5 89
223 217
133 223
50 95
5 89
95 89
223 166
50 89
217 223
217 178
95 50
223 133
178 223
95 89
95 89
5 50
50 95
217 133
50 89
89 95
133 223
95 5
133 202
89 95
89 95
223 133
5 89
182 232
63 79
217 178
95 50
223 217
178 133
178 217
142 223
217 133
5 50
133 223
89 5
89 95
5 89
95 5
217 223
95 5
217 133
217 178
5 99
89 95
223 217
178 223
95 89
133 217
89 95
178 223
217 133
50 95
247 227
89 50
