256 10000
95 89
89 50
89 50
133 223
95 89
223 178
217 133
50 14
5 50
5 25
178 255
5 95
50 89
89 95
50 95
223 217
253 132
217 133
223 133
223 199
223 221
95 89
50 94
95 5
133 178
5 89
89 95
178 223
95 89
223 133
95 23
217 223
89 95
5 50
217 223
246 193
178 250
89 50
223 178
89 95
89 95
63 96
50 89
89 95
217 223
95 5
145 130
50 95
5 50
89 123
50 5
89 5
95 50
50 95
89 5
5 50
89 123
223 133
50 95
133 178
95 50
89 5
89 70
17 73
89 5
178 223
217 133
89 95
217 223
89 83
228 182
95 23
50 5
133 222
5 55
223 133
223 217
89 95
217 133
89 95
133 223
133 175
17 96
133 223
5 89
38 5
217 223
133 223
178 174
5 95
89 95
89 95
95 89
15 34
89 95
133 217
89 95
133 217
89 95
50 89
89 95
95 5
89 50
74 100
223 194
5 30
178 223
5 95
223 217
133 177
89 95
223 217
217 223
217 178
223 133
133 191
89 95
50 95
217 223
217 178
89 50
95 101
18 5
217 166
223 133
89 5
143 211
169 143
217 133
95 71
5 50
89 95
95 89
133 209
95 50
217 133
65 91
133 201
223 217
95 5
217 223
223 217
223 217
217 223
89 66
50 89
217 223
89 95
5 89
89 95
133 178
5 95
95 50
223 178
223 217
133 178
95 5
228 247
178 223
98 47
89 95
217 223
133 201
133 223
5 89
89 95
89 95
50 95
223 217
95 89
95 50
217 178
89 50
20 8
5 50
217 223
223 227
133 223
133 223
95 5
95 71
89 50
133 178
50 26
64 83
178 223
179 133
223 133
95 50
133 223
0 95
5 89
89 95
223 217
95 89
89 95
178 223
5 89
125 80
217 223
51 49
89 95
223 217
133 223
89 50
178 138
223 217
217 133
223 151
50 95
32 74
223 217
178 217
50 95
178 255
142 228
223 133
5 89
223 178
89 95
89 50
95 5
89 5
223 217
217 223
133 223
133 217
95 5
178 223
133 223
223 217
246 193
178 238
89 47
133 217
95 50
50 95
178 223
133 223
217 223
95 89
50 95
5 95
217 223
95 50
217 133
95 50
133 145
50 95
217 178
223 227
253 217
217 133
89 50
50 95
217 223
17 125
73 5
95 89
50 95
178 223
217 178
178 223
178 217
89 95
133 175
217 178
133 198
89 50
217 223
217 223
5 89
178 223
196 143
133 178
223 217
222 152
151 223
178 223
89 50
89 95
217 223
217 223
223 178
223 217
133 223
223 217
133 223
217 223
95 5
133 223
223 178
178 223
133 223
133 223
133 223
217 133
89 95
217 223
223 211
95 5
89 50
133 178
89 5
217 223
50 95
178 217
89 95
223 217
95 89
223 133
95 5
5 110
133 178
95 89
217 223
217 172
179 163
217 223
178 133
234 226
182 178
217 223
5 89
5 95
95 89
64 73
178 199
133 223
95 89
50 91
89 50
223 217
133 217
223 217
133 217
192 135
95 89
89 5
89 95
217 133
178 133
178 223
223 178
5 95
50 89
178 133
5 95
133 245
217 178
50 95
217 133
178 223
89 5
5 89
133 130
217 128
223 178
217 223
20 8
133 175
223 217
217 133
89 95
15 34
89 95
223 133
217 223
64 13
133 217
95 89
223 133
223 217
133 223
89 50
50 30
133 223
51 127
95 89
50 95
178 167
217 178
223 217
133 223
95 50
95 89
50 95
217 133
223 178
70 42
178 223
253 212
178 217
89 95
50 95
223 217
95 50
65 11
223 217
217 146
217 223
223 204
217 223
5 73
5 82
145 175
89 95
178 133
68 15
223 217
95 89
178 223
50 52
217 133
5 95
89 5
217 178
95 89
133 191
223 142
217 178
178 133
89 50
5 95
178 133
224 187
223 151
217 223
5 95
183 223
95 89
50 95
133 178
89 95
5 95
5 95
133 223
5 55
95 50
196 143
89 5
95 50
64 83
89 50
95 23
89 50
95 5
223 133
217 223
217 223
217 223
50 95
5 95
223 217
178 133
50 5
5 73
89 5
223 131
64 83
89 95
227 170
133 217
133 201
89 95
50 5
89 95
217 133
5 50
5 89
217 223
95 89
89 76
5 50
89 95
217 133
223 178
133 223
5 73
217 223
141 235
217 129
50 64
5 89
89 95
223 217
89 0
50 89
223 178
179 178
145 183
178 223
223 217
50 106
25 95
217 223
89 95
89 95
89 95
50 95
217 223
95 5
5 73
100 119
89 95
133 223
223 170
178 217
217 223
133 223
217 178
113 89
133 178
217 178
217 178
223 217
5 89
89 95
5 89
133 223
89 95
50 5
133 217
178 217
89 95
89 92
100 99
223 217
95 89
5 89
50 95
223 217
217 133
178 223
5 89
217 223
89 95
223 133
89 95
217 223
50 95
95 89
95 89
133 178
223 178
178 209
89 95
133 178
133 223
133 223
178 223
95 50
235 141
178 223
178 185
89 50
5 89
217 223
178 223
217 223
223 178
217 223
95 89
89 95
89 50
5 95
89 95
89 50
50 95
54 78
89 95
217 223
5 95
217 223
5 95
223 217
217 223
5 89
95 98
79 54
223 217
223 133
223 217
89 5
133 223
178 223
89 50
89 95
217 223
5 89
217 178
223 142
223 217
217 223
217 178
50 85
5 47
178 217
95 89
133 223
178 133
5 95
89 5
5 95
217 178
50 89
223 217
5 95
89 95
178 223
223 142
89 95
89 95
5 63
133 217
50 95
89 95
5 95
133 223
170 179
5 89
5 89
89 5
89 10
89 95
223 178
89 95
50 89
133 217
89 95
5 75
5 95
89 50
217 223
217 223
34 5
223 178
217 223
217 223
178 159
223 217
95 89
178 223
54 4
178 216
89 95
133 217
217 178
50 5
223 217
89 95
223 133
50 89
217 209
89 50
95 5
170 133
217 223
223 217
223 217
5 89
133 201
178 249
178 133
223 142
50 89
223 210
223 178
95 5
50 110
50 83
41 15
223 133
217 178
223 151
223 217
95 89
217 133
217 223
223 133
95 83
5 95
223 217
95 5
178 217
5 89
178 217
89 95
5 95
125 1
223 217
217 178
133 217
50 5
95 5
89 31
217 223
89 43
217 223
5 50
89 95
89 50
89 95
217 223
89 95
96 40
50 5
15 34
178 223
217 223
89 95
133 223
50 95
95 23
143 162
95 89
89 95
95 89
89 95
169 196
133 178
217 178
217 178
95 3
223 217
224 240
133 223
50 77
148 192
217 178
178 223
89 95
223 217
133 175
217 178
178 223
95 89
89 95
5 50
89 5
5 50
17 80
133 178
95 89
178 223
50 113
133 175
223 133
223 217
217 170
5 95
217 207
133 223
89 95
217 133
133 201
178 223
217 178
217 178
5 95
5 50
217 223
217 223
95 14
54 60
178 173
178 217
223 178
148 192
133 223
89 95
50 95
223 151
50 89
217 223
217 178
5 50
133 217
89 50
5 89
217 178
133 223
223 217
42 94
5 95
50 95
133 223
95 5
89 109
141 235
223 243
89 95
95 89
5 89
217 178
89 95
178 223
223 178
217 173
89 95
5 50
133 223
217 223
223 133
5 89
178 244
223 133
217 178
5 95
89 95
5 89
50 95
192 222
89 5
217 133
133 178
5 95
50 95
95 89
95 5
217 223
5 95
217 133
17 15
89 14
223 217
217 178
223 178
95 89
217 223
217 178
223 207
217 178
217 223
217 223
133 240
217 133
133 178
95 89
95 5
178 217
178 223
89 50
178 217
95 50
5 89
133 223
5 47
217 129
95 14
111 5
133 201
89 95
178 191
178 133
89 95
50 89
95 89
50 89
5 89
133 184
89 95
89 5
133 178
99 40
223 204
223 133
5 50
223 217
217 223
89 50
223 133
5 95
95 5
95 89
89 95
178 184
133 217
89 95
5 73
95 89
178 223
5 73
95 50
217 223
118 42
217 151
54 50
89 5
5 111
95 50
5 89
54 113
50 95
217 133
133 217
217 178
50 95
228 142
178 223
89 50
89 50
223 178
133 223
222 220
5 50
178 208
133 178
178 223
95 50
133 217
133 178
223 217
133 178
50 95
217 223
223 217
89 50
89 95
95 50
95 14
223 167
223 217
5 95
217 223
223 178
95 50
133 237
50 106
224 216
217 178
89 95
89 95
223 178
178 223
89 95
217 223
196 169
89 50
223 178
253 177
89 95
50 95
217 223
95 14
217 223
178 133
5 50
89 95
223 178
178 223
106 98
5 50
89 95
217 223
89 5
89 95
50 101
217 223
223 178
223 178
223 133
50 95
217 157
217 223
5 47
133 223
133 201
95 110
178 223
89 95
217 223
5 95
202 228
89 95
50 95
217 178
142 223
89 50
5 95
133 217
178 223
217 223
217 223
89 95
5 38
95 5
133 243
178 173
223 217
89 95
89 95
178 223
223 217
95 5
217 223
133 223
89 95
217 223
58 113
217 178
217 223
217 178
217 223
89 95
223 178
133 162
89 95
133 175
50 95
95 89
95 89
89 95
5 89
5 89
89 95
223 217
95 89
89 95
223 133
95 89
253 145
217 133
217 178
89 5
143 162
133 223
223 178
217 178
89 95
50 89
89 50
142 223
74 100
217 223
133 223
217 223
133 223
50 89
50 95
89 95
133 178
50 95
217 223
186 179
50 95
95 5
178 170
133 223
217 133
89 50
217 223
50 95
89 50
148 136
217 223
178 133
217 223
217 133
217 223
223 133
223 217
5 95
20 8
217 223
95 83
223 217
178 212
5 89
50 89
217 223
95 89
89 95
217 223
5 89
217 223
89 5
95 50
8 94
50 95
95 5
133 178
50 95
198 187
178 133
5 89
89 33
223 178
178 217
89 50
89 50
50 89
217 178
223 178
50 95
178 211
223 178
178 179
133 178
50 95
217 223
178 142
217 223
223 133
223 217
223 217
178 223
223 217
89 50
50 95
223 217
95 50
178 133
89 95
89 1
5 95
223 188
95 14
5 50
217 223
95 23
95 23
253 167
50 89
89 95
217 223
5 95
89 5
178 223
223 217
95 89
223 178
89 5
89 95
217 223
63 79
217 133
223 217
95 93
5 95
50 89
217 223
5 95
89 107
89 95
133 217
50 117
95 71
133 178
5 50
89 95
89 50
223 173
89 5
50 95
89 95
223 217
34 50
223 217
133 223
133 217
89 5
178 204
95 50
5 89
89 50
89 5
223 217
89 50
96 120
50 95
133 151
5 89
89 95
223 217
222 156
125 7
68 15
223 178
178 217
133 217
50 95
41 94
89 95
50 95
178 217
5 50
223 133
5 50
133 223
5 89
178 133
89 1
223 217
133 223
95 89
217 223
125 80
50 95
95 89
217 178
89 70
217 223
95 89
89 16
89 95
196 143
89 5
89 95
5 95
217 223
50 5
5 95
217 223
217 178
95 50
223 133
178 240
50 95
95 119
95 89
133 201
89 95
227 168
5 89
217 178
89 5
89 95
249 193
133 223
217 223
5 95
133 171
217 223
217 223
133 151
133 223
89 95
5 89
95 50
133 223
89 95
5 95
133 223
217 223
50 89
217 133
5 50
95 50
89 95
217 223
5 89
217 223
133 178
217 178
89 5
223 217
178 223
178 217
133 166
223 133
50 95
133 223
178 223
217 223
223 133
89 95
223 178
50 7
223 217
89 95
89 95
178 217
182 240
89 50
217 223
95 89
217 223
95 5
133 175
217 223
133 178
178 223
217 223
178 223
133 223
50 92
217 178
95 89
217 223
133 223
89 50
17 111
178 217
178 223
253 131
223 151
217 178
5 89
5 89
5 89
223 222
5 50
217 223
5 120
95 89
223 178
50 95
5 110
217 133
5 89
5 95
178 217
217 178
217 178
5 73
223 217
95 63
95 14
133 223
178 223
223 178
223 217
133 217
89 95
95 89
217 178
95 89
217 223
64 13
178 223
178 223
207 154
178 223
95 89
223 217
50 95
95 23
95 50
89 95
89 95
133 223
217 223
95 5
50 5
217 223
133 223
179 166
5 95
95 89
50 119
50 95
42 81
5 95
223 178
95 89
50 120
217 234
95 83
95 89
89 50
217 133
95 50
125 106
95 18
217 223
217 133
5 89
95 5
191 224
178 217
223 178
223 217
217 178
223 133
95 14
89 50
217 223
191 248
89 95
223 217
89 95
178 133
217 223
95 23
178 223
223 217
95 5
178 223
223 178
217 133
223 217
5 95
217 223
178 223
94 118
217 133
217 223
89 95
223 217
95 89
15 83
111 70
217 178
178 223
95 89
5 47
89 95
223 178
178 193
95 89
50 5
95 50
89 50
95 113
223 133
89 95
5 95
50 95
223 217
223 178
217 223
235 141
89 95
50 95
133 175
217 223
89 116
89 50
95 89
50 5
217 223
217 223
58 83
217 239
217 212
95 5
95 89
223 178
89 95
5 50
89 95
217 223
224 253
223 217
217 223
139 224
223 217
133 223
89 95
223 133
223 142
41 23
95 14
223 217
50 60
223 138
217 178
217 223
89 95
217 223
5 47
50 95
217 223
50 89
89 50
95 5
95 50
94 20
17 95
5 113
95 89
89 106
89 95
223 142
89 95
217 223
217 223
217 211
95 89
95 50
223 142
133 223
89 95
50 95
95 89
217 145
95 89
89 95
133 162
178 133
133 178
182 233
223 217
95 23
5 56
133 223
50 89
5 95
89 95
95 50
89 95
89 95
95 23
50 42
89 95
5 73
89 95
47 79
133 217
95 89
217 133
217 223
95 50
5 50
223 217
50 23
89 5
178 217
89 50
50 95
89 59
133 217
178 163
89 18
217 223
89 95
133 141
133 217
12 54
89 50
235 141
178 217
95 89
136 192
223 217
5 89
89 50
223 178
5 95
95 5
178 133
223 217
89 95
89 50
217 223
95 50
95 5
5 50
133 178
5 95
20 64
133 178
133 223
217 133
89 5
143 162
89 95
205 178
178 147
217 223
50 95
89 50
217 133
89 5
227 133
50 80
5 89
133 223
95 89
50 95
89 95
217 223
5 89
217 170
178 223
89 95
133 175
5 73
95 5
89 50
95 89
223 133
247 251
95 113
89 50
217 223
223 217
95 89
133 223
178 138
223 133
95 50
217 223
95 23
133 178
223 178
223 217
89 5
95 35
217 223
178 223
241 186
217 223
217 223
68 83
95 89
133 159
223 133
5 89
178 223
217 223
133 223
95 50
89 95
94 38
5 50
217 223
5 50
5 89
5 73
50 89
50 89
178 223
133 217
217 178
89 95
217 178
89 95
95 89
223 151
223 217
133 223
50 95
178 154
50 89
99 91
89 50
217 223
133 217
50 5
89 80
169 198
217 223
217 223
217 223
5 14
15 83
95 89
95 89
95 84
196 143
5 73
89 95
217 223
223 217
223 217
148 249
89 95
217 223
241 186
95 89
89 5
50 21
223 133
223 133
95 50
185 217
89 95
217 178
50 5
133 217
95 5
50 95
50 95
50 95
217 223
95 89
14 5
223 178
178 223
89 50
133 223
89 50
95 50
89 95
89 5
95 5
178 223
89 50
217 223
223 217
217 223
5 95
5 50
50 5
133 223
89 95
50 95
133 170
133 178
223 217
223 217
50 95
95 5
217 223
95 50
5 95
95 5
50 33
89 41
89 50
89 95
5 89
217 223
50 5
217 223
133 148
253 198
178 223
50 95
217 178
217 223
217 223
50 95
217 223
133 217
5 89
89 5
217 178
223 133
223 168
217 210
89 95
89 95
217 223
217 223
217 223
95 89
133 217
217 223
89 50
50 13
223 133
178 223
50 5
89 50
223 217
178 223
5 50
64 71
223 178
95 89
217 178
100 14
5 95
89 95
89 95
182 211
133 178
119 99
217 131
178 166
193 227
133 178
89 95
217 223
133 178
89 95
5 20
223 133
223 217
89 95
50 95
89 95
95 14
95 50
217 223
223 194
133 201
95 14
89 95
133 211
217 223
223 178
217 223
217 223
223 217
133 223
5 50
95 23
133 178
178 223
34 5
217 223
89 95
5 95
50 95
89 45
89 50
5 95
223 133
133 217
95 89
223 217
169 196
95 89
133 217
223 217
95 5
223 178
217 178
223 179
217 223
223 142
133 178
5 41
191 248
5 50
89 5
5 89
223 133
95 14
89 95
50 5
5 89
50 95
50 95
178 223
95 45
217 178
133 223
217 223
133 245
89 95
5 95
89 50
217 223
89 95
118 65
178 251
5 42
217 223
217 178
217 223
217 223
133 178
178 133
89 95
50 95
89 95
89 95
178 223
50 95
133 223
96 29
223 178
235 141
217 223
95 89
223 217
5 89
133 217
223 217
247 148
133 175
5 50
50 95
89 5
89 95
95 89
223 217
223 133
196 143
89 50
50 95
133 201
217 142
143 162
50 95
217 223
223 211
223 151
95 5
178 223
217 223
223 178
89 95
50 95
5 75
95 89
133 217
5 89
223 178
50 95
125 70
133 223
50 95
95 89
133 178
133 223
50 95
89 95
133 223
50 95
89 95
5 95
89 50
217 223
217 178
133 223
133 223
50 89
5 50
217 133
89 95
95 89
223 217
178 133
134 178
217 178
223 217
217 223
95 5
5 88
217 223
5 89
50 5
217 223
95 88
182 178
178 217
95 89
217 223
95 23
95 89
133 217
95 57
193 207
223 178
133 178
50 89
223 178
50 5
217 253
50 5
95 89
5 95
89 95
95 89
217 133
178 133
133 223
13 5
217 223
89 95
89 95
5 89
89 95
217 223
178 223
89 38
89 50
5 50
5 89
217 223
223 178
95 116
95 89
5 95
5 95
223 178
223 151
133 223
64 83
89 95
223 133
223 151
59 89
5 95
42 51
217 223
89 50
5 50
89 95
217 133
63 107
5 8
224 223
223 217
89 95
95 5
5 89
178 133
133 223
50 5
247 251
50 95
89 95
95 89
133 202
217 133
89 95
95 5
95 5
95 78
95 50
5 50
89 5
5 89
217 223
178 133
95 50
89 95
217 223
5 50
89 95
118 42
50 95
223 142
95 5
223 217
223 217
95 50
223 217
217 151
5 50
15 34
223 217
50 95
95 50
95 89
223 178
178 223
95 99
217 223
133 223
178 223
217 133
89 95
133 217
95 50
5 73
224 216
5 95
5 50
89 95
89 94
217 223
95 89
217 223
223 178
223 217
89 95
20 64
50 95
89 95
89 95
5 77
50 95
95 5
89 5
178 223
50 89
95 18
14 100
5 95
89 95
217 133
239 170
178 223
89 95
178 217
178 217
95 14
89 95
95 89
217 176
178 223
89 95
89 95
223 133
178 223
217 223
50 23
223 217
178 133
217 223
217 178
133 178
178 199
50 95
217 223
191 248
95 89
178 223
217 223
223 133
217 223
89 95
223 217
133 217
217 223
95 50
89 95
50 19
95 89
95 50
89 50
178 223
5 68
5 95
95 50
5 47
77 51
178 223
133 223
89 5
133 223
223 217
5 73
95 89
5 95
50 95
89 50
217 178
217 133
5 95
217 178
217 178
89 95
95 89
223 178
217 223
50 99
178 207
89 5
5 68
217 223
5 41
89 5
178 223
217 178
89 47
217 223
217 223
5 54
89 95
133 175
247 227
178 179
178 223
95 89
113 58
217 223
133 223
5 95
50 65
217 178
5 95
5 50
50 95
191 133
95 5
89 95
95 50
89 50
50 45
223 151
89 50
95 50
50 17
50 13
89 95
95 89
133 178
133 201
133 178
5 89
95 50
5 95
223 217
217 178
89 95
89 5
89 95
89 95
95 14
178 217
95 23
217 223
50 5
5 89
50 89
217 169
223 217
178 217
89 5
50 95
95 89
133 217
95 71
217 178
217 223
217 223
89 95
5 95
133 223
223 178
89 5
217 223
178 217
5 95
223 178
217 178
217 223
178 217
95 92
5 95
89 95
15 34
217 247
50 95
178 170
89 95
223 178
217 223
89 95
95 50
50 95
133 223
223 217
178 223
217 178
222 223
223 217
133 217
89 95
89 122
95 50
133 178
223 217
5 89
89 46
50 95
5 95
223 151
217 178
95 89
95 89
5 73
133 223
182 239
223 217
5 89
41 68
178 217
50 105
89 5
133 217
223 217
95 50
95 5
5 95
5 124
178 223
95 89
5 95
133 223
133 217
217 178
145 178
217 178
95 50
89 5
223 217
89 78
50 95
223 217
5 50
223 178
133 201
95 89
51 63
223 217
89 95
133 223
95 50
50 10
121 36
217 223
95 50
178 223
192 211
50 95
170 148
95 89
178 223
178 223
89 50
217 223
217 178
123 119
217 178
95 50
217 178
95 50
133 193
217 223
23 89
178 223
89 50
223 217
95 5
217 223
223 217
133 217
217 223
5 95
228 247
5 95
54 44
95 5
217 223
223 133
89 5
95 89
95 89
133 146
133 178
89 95
95 5
5 95
5 95
89 95
89 95
223 142
217 182
223 217
5 95
223 217
50 5
217 223
89 50
5 75
5 89
217 223
89 95
133 217
95 50
217 178
223 133
89 5
217 223
133 223
178 217
95 89
89 5
125 95
179 187
178 244
5 89
95 23
95 5
89 95
50 95
178 133
217 133
89 95
223 217
217 178
217 178
50 95
50 89
100 14
5 95
5 89
178 133
223 217
5 50
178 223
50 95
223 178
95 89
89 50
5 4
170 179
241 133
121 126
178 223
95 50
89 5
217 223
217 223
217 178
178 223
5 50
169 177
50 89
217 223
89 95
95 5
217 223
217 223
223 178
223 217
84 50
20 64
178 217
178 223
192 222
217 223
95 89
89 95
5 73
5 89
89 95
217 223
133 223
223 217
50 5
50 95
5 95
89 95
89 95
217 223
223 133
50 95
178 133
89 50
50 95
89 95
178 223
5 50
223 217
217 178
5 50
95 89
217 223
217 144
5 95
133 217
178 223
178 223
133 223
89 95
5 50
133 217
125 48
217 178
217 178
89 50
89 50
178 133
223 217
95 5
5 30
223 211
217 223
223 178
217 223
223 217
223 217
223 142
50 5
133 217
5 89
223 217
178 133
5 50
89 95
217 178
89 50
223 217
5 50
178 217
50 109
133 178
217 178
95 23
217 133
133 201
223 151
217 223
89 95
217 223
133 223
223 217
223 217
118 111
217 223
50 5
58 89
100 119
223 178
95 89
133 175
95 23
50 95
95 89
5 89
5 95
133 217
50 95
50 95
217 223
223 217
95 50
5 95
217 178
178 205
50 95
5 95
50 89
178 223
89 95
89 5
179 186
133 238
178 145
247 251
178 133
89 95
89 95
217 133
178 223
89 95
95 45
89 5
17 33
217 133
223 217
133 178
217 223
5 50
217 223
5 73
89 5
217 223
50 61
50 5
217 132
89 5
133 178
217 223
95 89
89 95
50 95
217 223
89 50
217 223
95 14
217 133
178 223
217 178
133 178
5 89
217 178
95 23
50 95
133 223
223 217
217 178
89 95
95 14
133 178
217 133
133 178
217 223
89 95
5 34
89 95
133 217
95 89
178 223
8 64
95 50
95 89
95 84
50 95
217 223
89 95
217 223
89 5
217 223
32 74
217 223
111 42
5 55
50 88
89 95
89 50
178 223
246 193
178 208
95 5
223 133
95 89
217 178
217 178
50 2
223 235
5 95
50 95
223 178
217 178
5 50
133 223
89 50
50 5
89 50
178 223
96 83
95 89
95 50
217 154
5 95
95 5
5 95
217 223
217 223
15 79
50 95
89 95
50 95
133 217
50 95
95 89
50 89
133 217
89 14
89 5
50 5
15 34
95 89
133 178
5 50
95 50
223 217
178 223
253 188
89 63
5 50
5 122
5 95
89 50
223 178
89 95
89 95
178 223
89 5
223 217
5 47
5 95
89 95
95 14
89 95
217 133
217 223
217 133
95 5
20 121
133 217
153 234
95 14
178 223
217 223
217 223
89 114
79 55
223 133
223 133
178 223
50 95
89 95
95 89
64 94
95 89
217 133
89 95
95 89
217 223
89 95
223 217
217 178
178 223
50 95
133 201
95 89
89 5
133 223
50 89
89 5
95 89
223 178
223 217
133 217
178 223
89 95
178 223
106 5
95 89
89 95
95 89
95 14
223 178
217 223
133 217
217 223
223 217
5 50
217 151
89 50
95 89
5 89
217 223
148 136
95 50
95 89
50 95
217 223
133 178
133 223
133 217
175 133
178 223
133 178
133 217
217 223
133 223
133 178
95 23
217 133
95 5
223 151
217 223
50 71
89 95
178 133
15 34
89 95
178 223
223 133
217 223
89 95
95 89
89 95
63 96
217 148
143 162
5 89
89 95
5 95
5 50
223 178
89 100
125 43
217 178
89 95
178 217
133 223
133 179
217 223
50 5
133 240
217 178
217 223
223 178
133 178
95 23
5 50
54 50
95 50
95 5
223 133
247 133
217 223
89 95
89 95
223 217
89 95
89 50
89 95
217 223
217 178
5 95
95 50
50 89
133 201
95 89
50 95
5 89
50 1
223 225
5 95
223 217
133 178
178 223
95 50
223 138
133 178
223 217
5 95
50 95
223 178
247 251
5 29
133 178
133 217
178 130
95 83
89 95
178 189
50 95
5 89
142 209
95 5
50 17
50 89
217 223
89 95
133 223
95 89
217 223
89 95
89 32
217 178
89 50
64 13
133 217
178 223
223 245
178 223
133 176
178 211
95 5
178 219
217 223
178 235
50 20
95 23
223 194
95 89
5 73
217 223
50 95
142 209
191 248
50 89
223 217
5 95
178 223
223 217
95 89
217 223
50 89
217 253
50 89
217 223
50 5
133 223
50 89
217 223
217 223
133 145
95 5
95 89
223 178
178 133
89 95
223 217
178 223
89 32
50 89
217 223
133 253
89 95
178 223
89 95
217 133
217 223
217 223
95 50
89 95
95 14
89 95
89 95
5 109
5 89
95 89
133 202
89 95
89 95
95 89
133 223
217 223
223 133
15 79
89 95
178 198
63 120
223 217
217 223
89 95
95 5
133 223
217 223
89 95
223 217
95 89
5 89
178 133
178 133
133 175
5 95
223 133
89 2
223 217
223 133
95 50
89 5
95 5
217 223
95 50
217 223
89 95
50 5
217 223
217 154
133 223
178 133
95 50
217 223
89 95
95 50
133 217
89 95
217 223
95 5
89 95
95 50
223 133
192 206
89 5
89 50
89 50
95 50
223 178
5 47
217 178
89 0
89 95
89 95
95 89
169 232
50 95
133 178
89 95
217 223
178 222
133 223
217 178
217 223
145 149
50 5
223 178
223 217
95 89
178 223
133 178
50 106
50 89
95 50
178 223
89 5
95 5
89 95
217 223
178 223
217 223
89 50
5 95
95 89
5 95
5 95
133 223
5 95
223 178
5 95
133 223
64 83
89 50
217 223
223 253
95 97
64 17
8 20
95 50
133 223
178 217
217 223
217 223
95 5
178 223
95 89
89 95
217 178
5 95
95 89
217 178
5 95
95 5
133 223
133 223
217 178
95 89
95 89
5 95
133 223
50 5
223 217
5 95
95 89
223 217
178 223
223 217
95 5
95 14
223 133
50 118
217 196
178 223
89 50
133 200
217 136
217 223
50 25
223 217
223 217
50 95
89 95
178 223
89 95
223 178
133 223
5 95
89 95
89 95
50 95
41 68
249 128
79 83
5 93
113 58
5 95
95 89
5 50
95 89
95 89
5 95
217 223
133 201
223 151
178 223
50 95
223 217
169 160
89 5
113 58
89 50
5 47
223 217
50 95
95 66
217 175
178 223
178 133
95 50
50 42
178 223
217 133
5 95
222 166
178 223
217 178
223 138
50 89
5 73
217 178
95 50
89 50
217 223
217 178
89 95
217 223
50 9
89 95
95 89
178 217
5 95
133 178
5 89
95 5
223 217
223 217
95 14
217 251
217 222
133 230
217 223
217 223
25 79
50 95
217 223
217 223
217 178
217 223
217 223
217 223
178 223
133 145
133 223
217 178
178 133
95 5
143 211
223 217
50 82
217 223
89 6
89 50
223 133
178 133
50 5
89 125
50 106
193 182
95 89
89 95
191 248
133 223
217 133
5 95
50 5
5 95
5 73
217 223
95 89
175 133
178 144
133 178
95 50
95 50
95 89
217 223
217 223
89 95
133 136
223 178
50 17
95 5
50 95
178 217
133 223
217 178
178 223
89 50
133 178
178 217
50 95
217 133
95 89
50 95
223 178
50 95
178 217
95 14
89 95
223 133
89 5
217 223
95 89
217 246
50 26
50 95
217 205
217 242
217 223
89 5
217 178
178 133
133 217
89 5
217 223
5 123
95 89
133 217
223 133
50 95
50 95
217 223
223 133
95 89
20 8
5 95
223 178
95 30
223 133
217 178
178 223
5 98
5 35
95 75
133 201
133 223
178 217
95 50
223 217
5 95
217 223
5 95
223 177
217 223
217 223
178 223
89 95
89 50
89 50
95 89
253 133
89 83
50 5
178 223
178 223
89 95
217 133
5 95
5 95
50 95
178 217
65 124
95 56
54 13
217 178
217 223
95 5
95 14
143 207
227 200
89 95
217 223
133 227
95 109
223 133
5 34
95 5
50 95
5 50
223 217
95 89
95 5
68 15
178 223
95 89
217 178
217 223
133 223
89 75
223 133
5 2
133 217
95 5
178 133
95 89
95 17
95 5
178 223
95 50
5 89
217 223
89 95
178 217
95 50
5 95
153 133
113 58
89 95
95 23
133 179
95 14
89 95
89 95
217 223
50 5
89 95
5 89
223 217
50 95
89 95
133 201
133 217
5 95
50 95
133 223
5 95
95 5
217 206
5 95
223 217
217 223
5 89
178 223
42 98
89 95
133 223
223 142
223 217
89 95
50 95
223 178
5 95
178 223
5 95
5 50
95 23
89 50
217 223
89 38
217 223
95 89
191 248
50 95
223 178
217 223
89 5
217 223
223 133
223 142
217 223
223 217
5 73
50 89
217 223
5 73
223 133
217 178
95 89
89 95
217 223
89 95
178 223
217 223
217 178
89 95
50 95
89 95
20 64
178 223
89 95
95 89
89 50
89 95
50 109
89 95
217 133
223 217
5 89
89 92
133 217
192 201
95 89
223 178
95 89
223 217
5 95
89 83
223 151
217 211
133 178
50 81
5 50
50 95
133 191
5 95
5 50
50 95
95 89
50 95
95 50
133 223
178 223
217 223
133 217
50 95
223 217
217 241
217 223
133 178
50 89
217 178
191 145
224 167
223 133
178 204
5 95
50 95
178 223
178 223
217 178
95 89
223 167
95 89
217 223
223 217
169 179
89 50
89 95
89 95
5 89
223 217
5 45
133 217
58 118
223 217
217 223
89 95
95 89
178 133
223 217
178 223
5 89
64 13
133 217
223 142
217 223
95 89
169 151
5 119
89 95
5 95
89 97
217 223
217 223
96 3
178 223
63 120
223 217
228 247
133 178
89 95
89 50
217 223
133 182
89 50
178 133
253 223
223 217
217 223
89 95
217 133
223 217
5 89
196 169
89 61
5 89
95 50
50 95
95 83
223 221
133 223
89 95
89 95
95 5
50 95
5 95
95 89
95 89
89 65
50 89
5 50
133 223
5 50
133 223
95 5
5 95
42 51
133 217
95 64
217 133
217 235
50 95
133 223
223 145
223 217
17 4
89 95
89 95
223 217
133 217
15 34
89 95
89 50
89 50
5 95
89 95
95 8
178 223
5 95
89 50
5 89
5 50
50 95
143 207
95 89
5 95
133 178
5 95
89 95
178 214
89 5
5 95
217 223
95 89
95 5
89 50
95 77
89 46
5 95
89 95
133 207
247 227
95 5
89 50
223 133
133 223
217 223
50 26
223 217
133 223
217 223
8 83
223 133
133 223
133 154
133 217
133 223
89 95
217 223
95 50
50 95
178 223
95 5
224 211
217 223
133 223
5 50
217 223
217 223
94 117
217 223
20 64
96 45
133 178
217 223
223 217
89 5
223 230
5 50
5 89
217 223
95 89
217 223
223 178
217 206
95 50
133 223
178 223
133 212
95 89
223 217
217 223
89 95
89 95
89 95
178 223
133 223
133 178
95 5
95 89
5 1
50 5
178 217
217 223
15 68
95 5
50 95
5 73
133 178
50 89
95 50
5 50
217 223
223 217
133 217
223 133
89 50
5 95
41 83
170 209
42 51
223 217
89 5
217 178
217 223
217 223
217 223
15 79
89 95
217 133
133 223
217 133
133 223
133 217
217 223
223 178
223 217
95 50
89 95
223 178
175 178
95 50
217 223
95 66
193 216
95 89
89 95
217 225
223 217
5 89
178 217
50 5
133 223
89 3
217 178
223 133
178 223
50 5
50 89
223 178
223 133
223 142
178 223
217 223
50 17
50 10
89 50
217 178
95 89
223 178
89 50
217 133
217 223
5 95
217 223
178 223
223 217
223 217
89 23
133 223
217 178
182 184
133 217
217 223
95 50
5 89
217 178
111 42
223 178
217 223
89 5
223 142
5 50
89 95
5 95
178 223
50 95
133 223
223 217
133 223
5 89
223 217
14 89
169 196
89 5
89 95
95 89
217 223
133 217
133 178
223 217
89 95
178 223
95 5
95 89
95 50
96 20
50 95
50 94
223 178
217 223
217 133
50 95
5 50
89 95
223 142
95 89
89 95
133 217
89 95
89 28
178 223
217 133
133 178
95 89
89 50
235 141
5 78
173 178
133 223
133 178
89 95
5 89
89 50
223 142
223 151
178 217
89 5
5 50
133 223
5 95
89 95
89 50
178 230
50 95
50 101
50 89
217 223
217 133
178 133
178 217
133 217
89 50
223 217
95 50
50 95
223 151
217 223
217 178
89 107
89 46
95 5
89 95
133 208
133 223
95 89
223 179
223 178
5 95
89 50
94 121
178 223
223 178
178 223
178 133
5 95
89 95
50 95
89 95
191 248
223 178
95 50
89 95
223 133
89 95
178 223
223 133
95 50
50 86
95 66
107 13
133 217
223 178
223 151
133 217
133 223
89 95
95 14
89 95
50 5
223 184
5 95
223 133
89 50
249 187
5 58
217 133
89 95
89 95
89 95
125 12
217 223
217 178
89 5
5 119
50 95
89 29
178 133
217 223
89 95
133 217
192 204
5 95
89 95
54 106
217 223
89 95
223 133
217 223
95 5
217 133
217 223
217 223
178 223
217 223
133 217
223 217
223 217
133 178
223 217
89 95
179 202
133 223
217 223
186 241
99 17
89 95
42 79
133 178
5 47
133 201
95 5
223 217
89 95
217 223
89 95
217 223
217 133
223 178
94 64
89 95
223 184
223 178
95 5
223 217
217 223
95 50
217 223
223 217
217 223
89 95
133 178
223 178
89 112
133 217
89 95
89 3
89 95
217 223
223 217
148 192
217 223
5 89
133 223
95 89
178 223
223 133
89 50
51 42
5 95
223 217
14 81
217 223
223 217
95 89
95 89
133 178
95 5
5 95
89 95
217 223
133 223
178 223
223 131
89 50
217 223
95 50
217 148
89 50
50 95
223 217
217 142
89 115
133 223
50 95
41 31
223 162
95 89
191 224
223 142
223 178
89 8
133 217
202 228
178 184
89 50
5 95
217 223
217 178
217 223
89 95
5 95
89 5
5 34
133 169
178 223
5 95
5 95
50 95
95 89
248 170
5 89
95 5
95 89
133 175
95 17
217 223
133 217
5 89
89 95
50 95
118 42
223 147
89 95
133 217
178 223
217 223
50 95
223 133
95 5
95 5
89 91
224 225
5 95
223 133
95 89
68 15
233 227
133 217
50 93
223 178
133 178
178 170
74 100
217 174
95 50
89 95
178 223
5 50
95 50
50 95
217 223
95 50
89 5
50 95
89 5
95 89
50 95
223 151
217 223
89 95
178 217
95 89
89 95
89 20
5 95
178 223
95 50
223 217
119 123
133 217
217 223
217 223
5 50
241 186
50 95
223 217
217 244
95 50
95 5
89 5
133 178
5 50
223 217
95 89
5 50
208 133
223 178
81 42
217 223
95 89
217 223
223 133
50 95
133 217
95 50
95 30
95 89
217 133
5 89
89 5
223 190
178 156
133 223
223 217
89 50
192 186
54 50
89 95
51 31
133 217
5 50
68 15
89 95
178 223
133 217
89 50
217 223
89 50
133 217
5 73
95 89
223 217
5 89
178 217
178 210
95 89
217 223
89 83
170 209
89 50
217 223
5 89
89 95
217 223
217 223
95 50
95 89
178 242
89 50
217 178
182 203
50 89
5 65
5 47
133 217
89 50
20 8
142 223
217 178
217 223
89 95
223 217
65 44
95 89
223 217
95 50
223 133
217 223
133 175
50 89
5 50
223 133
89 50
5 95
125 26
133 226
89 47
50 95
217 178
89 50
94 20
223 178
178 227
223 178
217 178
5 47
217 223
50 111
217 223
95 50
223 173
133 217
178 223
223 184
65 50
89 118
217 178
50 5
193 162
133 217
5 50
178 223
217 223
95 50
228 247
89 95
95 54
5 95
217 178
89 95
5 50
217 223
89 50
95 50
5 47
217 223
5 66
169 181
217 239
223 133
223 184
50 95
89 50
95 14
182 190
95 50
217 223
217 223
223 217
223 217
133 170
178 223
5 95
5 95
89 95
89 95
50 75
133 175
95 89
50 5
223 178
222 148
217 178
89 43
95 3
223 178
178 217
50 95
95 30
178 223
217 223
217 223
125 79
50 95
95 89
217 223
223 133
89 50
178 133
178 145
50 54
89 95
217 223
50 95
217 223
95 89
223 217
133 223
95 89
50 89
217 178
217 191
89 50
95 23
178 223
217 178
178 223
223 178
50 10
223 133
89 95
178 217
148 192
95 23
89 118
223 217
209 170
96 77
89 95
95 89
81 64
217 178
50 95
217 133
89 95
5 83
50 5
133 223
89 50
191 207
89 5
95 5
217 223
95 89
223 133
5 50
50 95
89 95
178 223
133 223
217 223
178 223
133 223
5 79
133 178
223 151
133 223
95 5
5 47
178 223
121 107
50 89
50 95
178 132
5 95
95 89
223 133
223 133
217 133
95 5
178 217
89 95
133 217
217 178
95 89
217 223
224 171
5 95
182 192
178 172
89 95
217 223
5 50
89 95
133 178
169 251
95 89
143 207
89 95
89 50
89 95
178 217
95 50
41 122
50 89
95 89
50 95
178 223
133 223
178 223
5 89
95 5
217 223
217 223
89 95
95 23
178 145
50 89
95 50
89 95
223 217
5 95
223 142
178 133
133 223
94 114
217 178
217 223
223 178
89 5
95 89
217 223
95 50
5 95
5 89
89 5
89 50
5 95
50 95
95 5
89 115
133 217
5 89
89 95
95 5
178 223
223 142
50 89
5 50
133 178
50 83
5 50
95 5
178 223
217 223
223 217
89 111
5 95
50 89
178 223
50 39
95 89
217 223
89 5
89 95
95 50
133 223
217 223
227 217
89 50
217 223
179 137
95 89
50 95
223 217
133 217
223 217
223 178
5 95
178 203
178 223
217 223
17 82
217 223
50 95
217 202
50 95
133 178
125 73
133 178
95 60
133 223
50 5
223 217
241 186
223 142
89 50
178 133
5 95
162 193
95 89
50 95
113 112
95 89
178 223
178 140
133 175
133 223
223 133
94 33
89 29
89 95
178 223
223 178
223 217
217 223
178 223
217 223
89 95
121 31
223 133
223 178
133 178
217 223
217 223
50 95
89 95
89 105
133 217
223 217
89 50
217 223
89 95
223 133
89 54
133 223
89 95
50 95
5 95
217 223
223 158
95 89
223 217
217 223
217 247
50 95
5 89
178 217
89 50
50 95
5 28
95 89
227 140
95 89
89 119
5 89
178 157
95 5
133 247
95 23
5 95
50 95
217 133
5 95
223 217
244 248
89 50
178 223
89 95
223 251
95 89
223 178
50 89
223 142
54 83
95 50
217 223
217 223
178 223
89 58
5 95
5 95
178 247
89 95
68 14
223 178
95 89
217 228
217 223
95 50
217 145
223 217
15 83
133 223
89 50
133 223
50 95
223 178
217 178
50 95
51 45
95 89
95 50
223 217
223 217
178 130
95 89
89 95
217 133
169 249
133 223
133 178
95 89
95 50
95 89
89 50
133 201
15 79
178 187
95 89
217 223
89 95
23 95
5 89
89 95
223 217
5 89
89 95
50 95
50 95
50 95
95 5
142 223
64 54
95 89
95 50
133 223
133 178
246 141
217 223
95 3
133 178
95 89
217 133
89 95
223 217
5 95
223 178
42 63
217 223
217 178
50 89
5 89
96 40
217 223
217 223
133 178
133 178
121 91
89 50
5 50
50 17
89 5
223 133
5 59
223 217
63 42
95 89
5 95
5 95
95 50
95 89
223 133
217 223
223 133
50 1
223 178
68 15
89 50
95 89
89 95
17 46
89 95
217 223
89 95
217 178
5 89
133 223
5 95
89 95
95 5
95 50
89 59
133 223
95 5
217 133
178 223
95 14
95 50
5 95
133 247
50 41
5 95
178 223
133 178
217 223
217 223
133 223
217 223
89 95
145 255
89 95
178 223
217 133
217 178
217 133
89 95
178 133
5 21
217 178
217 223
178 133
223 133
95 14
20 8
50 95
223 133
223 217
5 47
89 95
133 250
217 223
217 223
5 95
133 223
133 223
89 95
217 175
223 178
5 50
5 95
50 95
83 79
217 223
223 217
89 95
223 178
133 137
178 223
223 217
217 178
25 5
51 7
178 223
89 50
217 131
178 223
241 186
95 89
89 95
50 5
133 175
50 95
217 133
5 50
178 212
95 5
41 73
133 178
89 95
89 95
95 70
178 133
95 89
89 95
223 221
179 208
95 54
217 223
95 13
5 89
5 95
95 89
217 178
95 89
50 5
169 147
95 89
133 223
133 178
95 89
89 50
95 117
5 89
50 14
50 95
89 95
34 14
89 58
217 133
95 5
217 223
89 95
223 217
191 248
247 136
95 14
217 178
223 217
223 217
217 178
227 149
253 187
95 50
178 133
89 95
191 224
5 14
223 217
217 223
14 100
133 178
42 121
217 178
133 223
223 178
89 18
217 178
20 64
95 50
217 133
89 50
133 217
89 95
178 223
95 89
5 95
50 89
217 223
5 50
133 151
41 74
5 68
50 89
217 223
178 162
95 89
89 5
217 178
89 5
5 95
223 217
217 223
95 89
50 89
50 76
223 217
223 151
223 178
89 95
217 223
133 223
17 46
95 89
5 89
217 178
133 223
95 23
178 223
133 178
81 42
5 95
5 30
95 5
133 178
95 89
223 178
89 95
192 221
217 223
89 50
178 223
217 133
95 123
89 81
50 89
95 5
50 95
50 5
133 217
5 89
223 133
223 217
247 251
89 95
133 223
178 223
133 217
5 95
42 20
133 223
89 5
95 5
178 223
99 112
224 177
89 5
89 95
178 223
133 178
133 223
5 95
50 95
89 95
5 95
133 223
217 223
223 133
217 178
41 72
217 133
15 83
223 217
95 89
217 223
217 223
5 73
133 201
50 95
95 89
223 178
89 95
95 14
95 89
217 223
89 95
89 5
217 223
95 89
178 207
223 178
89 50
217 223
95 5
95 89
217 223
223 178
223 178
95 89
223 151
5 95
178 133
217 223
5 50
5 95
95 89
169 196
89 5
217 223
223 133
5 50
89 5
95 5
95 50
178 223
50 95
217 223
89 95
178 217
142 209
89 95
133 217
223 217
5 95
50 89
89 95
223 178
50 95
217 223
50 95
95 5
178 217
95 110
5 89
133 175
95 42
5 95
178 223
63 79
223 217
121 99
50 95
5 50
89 76
89 50
95 89
95 89
133 223
89 50
50 95
223 217
217 133
89 95
118 13
79 15
178 217
223 133
5 77
5 95
223 142
95 5
223 217
133 178
133 223
95 5
50 5
217 223
178 223
95 50
223 227
89 50
178 223
178 217
217 223
178 223
178 133
89 50
217 223
13 64
95 50
223 217
178 133
5 95
223 217
209 192
133 217
223 217
178 217
5 95
25 100
73 5
5 95
95 50
5 95
20 8
50 95
5 89
223 178
217 178
217 151
95 5
95 50
5 89
133 170
133 169
89 95
207 128
217 223
223 178
95 50
228 142
178 223
89 95
217 223
217 133
5 89
217 133
95 89
217 244
5 95
50 95
50 95
95 89
133 223
95 50
89 5
133 217
95 14
223 217
196 169
223 178
217 223
50 95
95 47
95 89
5 95
222 189
95 5
223 217
178 143
50 95
95 5
95 14
50 29
178 217
5 95
217 223
50 88
223 158
50 95
89 50
95 5
178 217
89 95
223 178
133 178
133 223
133 223
89 95
41 68
217 223
178 223
50 95
178 223
95 5
223 217
133 217
217 223
89 50
89 5
217 223
95 50
217 178
217 178
133 128
50 107
89 5
178 223
178 223
50 89
89 5
133 223
223 217
95 50
95 50
95 50
89 5
223 133
50 95
133 223
133 223
217 133
5 81
178 223
223 217
5 50
217 223
89 95
20 8
178 217
95 89
50 95
217 223
5 89
50 95
89 95
89 95
217 134
17 80
89 10
50 14
5 95
131 223
133 223
50 5
217 133
178 223
223 133
133 223
178 223
5 89
50 95
95 50
223 217
15 79
98 47
178 223
217 178
95 89
223 142
89 95
217 166
223 217
217 178
217 223
89 23
223 178
95 50
217 223
160 202
89 95
217 133
217 223
5 95
217 243
5 50
95 50
217 133
80 122
223 178
89 95
223 133
217 223
95 50
223 151
89 95
178 141
217 223
235 141
133 223
89 95
217 223
50 63
89 95
178 223
217 223
223 133
89 95
223 217
95 50
95 50
95 5
223 178
178 223
145 253
178 223
217 178
133 178
217 223
95 5
5 89
5 95
89 47
89 95
5 50
217 223
89 5
223 133
89 95
217 223
89 95
217 223
133 223
95 89
133 245
42 81
95 50
178 133
253 146
133 175
95 5
89 5
217 223
95 50
217 223
223 217
41 68
178 217
217 178
217 178
50 5
223 217
223 217
95 89
95 89
223 133
235 141
50 124
50 95
89 5
95 42
89 95
89 95
95 89
217 223
89 77
247 251
246 193
196 169
133 223
217 178
89 95
95 89
223 217
50 95
89 50
95 5
178 223
50 5
95 5
5 89
50 95
95 14
89 95
95 5
133 185
251 223
5 89
118 65
5 95
95 89
89 3
95 50
89 5
95 89
133 251
95 50
5 95
217 195
121 31
133 211
217 180
50 95
178 223
217 223
89 95
217 223
178 223
89 50
50 89
89 50
89 95
178 149
223 212
217 223
217 223
50 95
95 89
246 170
89 59
217 178
217 133
50 95
178 182
217 142
50 5
223 217
133 217
178 217
178 133
5 89
223 217
50 5
95 5
89 95
89 95
95 89
5 77
133 178
25 95
5 95
217 210
217 223
217 223
133 223
217 223
5 89
217 133
223 133
223 217
223 178
89 95
133 178
178 187
95 50
217 223
217 223
5 89
89 5
223 217
217 151
223 154
5 89
5 50
223 217
133 175
5 89
89 18
50 95
89 50
217 223
95 89
223 217
5 95
133 182
95 89
17 31
89 50
133 223
5 50
41 88
223 178
223 182
89 83
217 133
133 223
133 217
217 223
223 133
217 223
89 50
133 217
5 50
89 5
178 156
50 95
95 14
50 95
5 50
89 95
133 201
133 251
178 133
217 223
95 5
95 50
133 217
5 95
95 89
192 141
70 42
178 223
95 89
217 178
89 5
223 133
223 217
178 223
89 95
217 223
95 84
50 98
223 178
50 5
5 95
50 95
50 95
95 50
217 223
125 110
5 50
133 178
50 89
5 89
5 41
223 133
58 59
89 50
217 178
175 133
253 223
217 223
50 61
95 5
95 89
95 89
133 175
133 223
217 223
89 50
133 223
223 178
223 178
89 95
5 50
217 223
5 89
89 5
50 75
133 223
50 95
5 89
217 133
5 50
217 178
178 217
178 223
217 223
5 95
223 178
223 133
89 95
217 133
50 89
223 178
217 223
178 223
89 95
89 50
217 223
133 178
217 223
178 223
178 217
89 95
217 223
178 133
178 223
20 121
5 95
217 223
89 95
217 223
95 50
95 50
89 5
89 95
217 223
217 178
5 95
89 95
89 50
178 223
50 17
133 223
178 220
50 95
170 211
50 95
5 95
95 89
178 223
133 178
5 89
5 50
217 223
50 95
89 95
178 223
133 223
133 223
89 95
89 95
95 89
217 223
217 223
223 229
63 79
95 23
133 178
133 178
89 50
217 223
133 217
217 178
95 50
50 89
5 89
217 223
133 217
217 168
89 95
223 151
223 178
119 8
217 223
89 95
5 95
50 95
223 217
133 217
217 178
89 95
217 223
217 223
178 223
178 223
133 217
89 50
133 175
5 89
50 76
89 5
5 117
223 202
5 95
170 179
89 50
217 133
63 120
223 133
95 89
223 133
5 95
217 188
79 54
223 133
95 5
253 145
5 93
133 178
217 133
95 38
89 95
223 217
89 95
223 133
50 89
89 95
95 79
5 47
223 178
95 14
178 223
50 95
223 178
217 184
217 223
50 95
95 89
125 56
89 95
223 217
68 14
95 89
89 48
217 223
95 89
178 133
133 223
133 223
50 89
95 5
50 5
178 223
89 95
178 217
42 94
5 89
95 23
89 95
217 223
50 95
95 89
95 89
223 217
223 217
50 95
95 50
223 217
50 95
223 133
89 50
50 5
107 13
89 95
217 178
113 58
133 223
89 50
142 223
207 182
223 217
89 95
217 223
95 89
133 246
178 223
178 223
50 95
223 142
133 217
158 223
89 95
50 73
148 192
223 217
89 50
217 223
89 95
217 133
89 73
5 95
95 23
5 94
133 217
5 118
95 5
89 95
95 50
5 95
89 95
95 23
5 42
223 217
95 89
95 50
95 50
89 95
58 77
223 178
178 223
133 223
5 65
89 95
217 223
217 223
178 133
89 123
89 5
64 11
89 95
5 89
133 217
89 50
95 50
223 217
178 223
50 17
50 89
217 223
148 192
223 133
223 133
99 61
50 89
89 95
133 178
192 211
217 223
223 133
223 217
5 89
5 89
50 5
223 153
223 142
133 223
95 89
50 95
217 178
95 50
15 5
42 16
133 217
83 100
5 95
95 89
178 223
223 217
223 178
5 95
95 5
95 50
89 50
217 223
28 89
50 5
5 50
89 5
96 7
89 95
95 89
133 223
5 47
50 5
133 217
223 183
133 223
89 50
223 178
143 207
178 133
217 223
178 224
125 0
95 89
178 223
133 217
217 223
178 223
95 89
133 223
217 223
5 94
178 223
95 50
50 5
209 170
133 223
217 223
178 223
20 64
133 223
89 95
178 223
223 133
89 5
89 100
217 223
95 14
178 217
107 5
178 133
95 14
89 95
133 223
5 89
133 201
133 223
223 178
50 63
95 89
133 178
133 136
133 217
95 23
223 133
95 89
217 178
133 178
5 89
217 133
217 223
178 223
191 248
89 54
95 89
217 162
89 95
223 133
217 207
5 95
118 65
51 5
89 95
89 95
223 133
133 196
5 89
79 54
223 178
178 223
178 223
95 89
89 5
89 95
50 95
223 151
95 89
95 89
223 217
178 133
178 223
89 95
217 223
223 217
217 223
5 95
223 178
95 20
89 95
217 133
5 50
223 178
223 151
217 223
50 5
89 95
178 138
178 223
89 95
89 95
95 5
17 57
178 223
145 224
95 89
133 179
89 95
95 89
223 217
5 95
178 223
89 95
217 223
133 223
95 89
228 182
178 223
178 133
191 248
95 89
5 95
89 50
223 133
5 89
178 223
89 95
50 95
50 95
217 223
89 50
178 223
223 178
223 178
178 217
95 5
133 223
89 95
89 5
89 50
133 253
178 223
89 50
89 50
246 170
223 178
95 89
89 95
223 133
89 95
251 169
95 50
133 178
89 50
178 223
89 58
178 157
95 89
5 50
5 95
133 217
95 23
223 133
5 73
5 95
95 100
95 79
217 178
217 223
89 95
95 50
89 95
223 133
217 133
133 217
51 64
178 217
217 237
217 235
5 89
133 178
89 95
178 223
50 95
178 217
217 178
217 178
178 217
89 95
89 95
95 5
50 95
89 95
178 223
222 230
133 201
133 223
217 178
217 178
89 95
5 95
95 89
217 223
217 223
178 223
95 50
223 217
5 50
95 52
223 217
133 175
95 50
217 223
178 223
223 217
217 223
133 251
223 178
89 48
89 95
178 217
50 89
223 178
217 133
89 95
89 5
223 151
178 133
5 83
5 95
217 223
217 223
50 95
89 50
178 133
89 5
133 223
5 89
89 95
95 89
223 217
217 178
89 50
89 95
222 174
178 217
217 133
223 147
227 163
178 223
178 217
223 142
178 217
89 50
95 50
89 95
133 205
5 89
89 95
89 95
217 223
89 95
5 95
178 223
133 223
211 239
178 217
89 95
50 89
5 95
89 95
223 151
50 5
89 95
133 178
100 14
50 89
227 220
95 89
143 162
5 95
89 95
223 217
133 217
89 95
50 123
120 50
217 223
5 95
223 133
133 201
217 223
223 217
178 199
223 178
223 203
95 50
223 217
178 217
5 95
89 95
178 217
133 201
133 217
133 223
191 224
89 95
217 223
5 89
5 95
223 217
217 223
217 223
217 223
89 95
5 89
223 217
133 223
133 217
89 95
95 89
217 223
223 133
133 217
133 178
5 89
217 178
178 223
89 50
20 64
217 223
217 223
217 223
95 5
217 133
217 223
95 71
223 217
133 178
223 133
178 223
89 95
95 50
5 89
217 133
50 76
217 171
89 95
89 95
217 223
95 50
217 178
95 89
133 210
223 178
95 89
217 133
223 178
223 178
178 161
89 17
217 128
217 223
133 223
95 89
50 31
133 175
133 182
217 178
133 217
95 93
223 217
178 223
223 178
95 50
113 58
133 178
89 95
253 223
95 50
95 50
5 95
89 95
178 223
50 89
95 89
178 223
89 50
5 50
178 223
89 95
89 95
95 50
217 178
178 223
178 223
178 223
133 178
95 50
217 223
95 23
5 95
125 70
217 223
223 178
95 89
133 178
89 95
178 217
89 50
223 178
50 95
223 217
51 107
50 89
5 95
178 180
223 142
217 219
223 133
5 95
5 50
217 223
15 34
217 223
217 223
223 217
178 217
5 50
95 5
95 5
34 111
50 95
5 73
133 223
133 217
5 123
178 217
223 250
217 223
89 5
89 84
133 223
50 95
133 178
89 95
253 249
89 95
89 95
89 50
193 145
95 50
89 95
89 95
89 95
5 89
217 223
217 223
50 95
50 95
133 217
217 223
95 5
217 178
217 223
217 223
95 71
178 217
178 133
89 105
217 178
89 95
95 5
223 133
217 223
5 95
133 223
50 95
89 5
178 133
217 178
217 223
217 223
148 251
217 178
95 89
89 95
89 49
50 95
178 133
89 47
133 178
89 95
133 217
223 217
95 89
217 223
50 95
50 89
50 95
217 223
95 50
223 217
133 169
217 223
5 50
178 146
223 142
223 217
178 133
95 5
95 89
50 95
89 95
5 75
89 95
20 8
95 89
217 178
217 223
223 217
95 5
89 95
95 89
178 217
89 95
217 223
89 95
95 50
89 95
89 50
223 151
89 50
5 50
133 217
95 89
178 223
178 223
5 50
89 5
89 50
89 95
217 178
217 133
50 89
95 89
95 50
5 89
89 95
133 223
217 133
5 95
223 151
95 5
89 95
178 223
89 50
89 95
217 223
217 178
217 223
5 50
5 95
5 89
223 217
217 223
217 223
95 89
95 50
133 223
5 73
89 95
217 178
217 223
95 89
15 34
50 95
95 14
89 95
217 223
223 133
50 5
217 223
95 14
178 196
5 95
95 89
133 217
223 133
217 223
50 124
178 217
178 133
95 14
89 114
89 95
178 133
223 151
95 50
178 223
5 95
5 89
217 223
95 118
89 95
89 50
217 178
217 178
95 89
223 142
133 166
217 245
89 95
95 89
178 217
95 89
50 95
217 157
50 54
15 79
50 5
95 5
95 89
178 223
217 223
5 95
95 50
217 178
253 226
178 175
178 223
95 89
133 227
95 50
133 217
95 89
223 217
5 114
17 121
217 178
50 95
223 217
178 223
178 223
5 26
217 178
178 217
217 185
217 178
178 217
89 119
223 217
178 133
95 5
223 217
223 217
89 5
95 83
89 95
148 192
133 178
224 211
178 223
89 95
217 223
113 74
133 217
89 95
95 5
89 95
89 95
5 73
5 50
223 178
133 223
223 142
178 217
89 95
5 50
223 217
136 148
95 89
178 217
178 141
89 50
217 223
50 94
133 175
89 5
178 223
5 89
178 223
133 178
217 246
133 178
5 95
217 178
133 217
50 28
95 89
223 217
178 217
95 23
89 95
89 95
145 253
223 133
224 221
217 223
217 223
178 223
223 217
89 95
133 241
217 223
223 133
5 89
217 223
5 89
95 89
223 217
223 217
95 50
217 178
5 89
89 95
95 107
5 50
20 121
89 95
217 133
178 133
5 89
217 223
227 154
41 68
223 205
178 223
50 5
133 217
145 244
15 79
133 223
89 5
95 89
217 178
178 223
217 223
89 50
217 223
95 89
222 148
5 89
89 95
89 50
95 14
178 223
50 95
133 247
178 223
178 217
89 95
89 95
235 141
223 217
89 95
170 179
5 47
178 223
89 95
95 39
178 223
94 20
178 223
178 175
5 95
217 223
89 50
89 5
178 223
223 133
223 133
5 89
119 8
133 217
5 50
133 178
178 223
89 95
217 223
95 89
223 217
223 133
178 217
178 189
192 211
223 217
217 223
50 95
217 223
95 89
153 251
217 223
223 217
133 223
217 178
223 217
95 89
133 223
223 217
133 223
217 223
95 89
5 95
95 89
5 50
89 95
217 223
89 95
89 95
224 214
89 95
5 89
54 50
89 95
178 223
178 217
178 223
5 95
95 89
89 95
223 142
94 20
178 145
223 178
178 142
96 125
89 95
50 89
217 178
50 89
5 80
50 89
89 83
5 50
50 120
89 95
178 217
217 133
5 89
223 184
5 73
68 15
95 89
178 223
89 95
50 95
89 25
178 199
5 95
5 95
227 249
211 234
89 50
121 17
133 201
95 14
89 95
133 163
95 89
223 151
50 95
95 89
5 50
95 5
223 151
223 217
178 223
89 95
133 223
89 95
217 178
133 178
89 50
223 178
217 223
89 95
133 217
89 5
15 79
95 50
89 95
5 89
223 217
217 211
217 133
222 233
89 95
50 95
17 45
5 89
217 178
89 95
89 5
143 207
50 33
41 110
133 223
227 204
99 24
223 142
95 89
89 95
89 50
15 34
95 50
178 143
223 217
89 95
133 175
217 223
133 223
5 95
178 223
89 95
95 89
13 107
95 89
217 223
178 133
217 223
133 217
217 223
178 223
50 95
89 50
113 58
133 223
223 178
89 95
95 89
5 50
178 133
121 41
223 142
107 13
89 95
133 223
178 223
217 133
224 238
89 95
178 230
20 64
50 95
217 223
95 89
223 217
89 95
95 89
178 223
89 95
5 95
89 95
5 95
25 106
178 223
95 89
5 89
217 203
95 20
125 95
217 223
5 50
217 223
89 95
217 204
5 73
133 217
217 223
217 223
133 223
253 159
223 133
223 133
133 217
95 50
223 217
217 223
133 217
50 89
5 95
223 189
223 217
5 89
253 207
89 5
89 100
89 95
133 223
95 89
223 133
50 95
5 89
50 89
133 223
217 223
178 195
50 95
89 5
99 104
133 223
95 50
5 47
192 211
89 95
217 223
217 178
217 223
217 223
5 89
50 118
95 89
89 95
50 95
5 95
223 178
95 5
95 50
5 89
217 223
95 50
217 223
95 89
89 95
178 133
89 95
133 223
133 223
50 5
217 223
133 223
223 178
178 223
5 73
133 223
223 133
133 217
50 95
5 89
95 89
178 223
5 83
217 223
217 223
227 141
217 223
178 163
95 89
95 5
217 223
133 178
217 178
223 178
223 178
5 95
223 217
51 63
223 178
5 47
99 17
223 251
178 251
50 95
95 89
50 95
121 93
95 5
89 95
89 95
133 223
95 23
5 50
170 222
89 5
95 89
223 178
223 133
89 95
133 223
223 178
133 145
217 223
89 95
20 64
223 217
50 0
178 223
133 223
217 223
217 133
17 117
133 223
217 178
89 50
249 214
217 223
223 133
75 58
95 50
133 217
178 217
89 95
50 30
50 5
133 223
5 50
217 178
95 5
95 50
133 223
95 5
223 178
89 50
178 223
217 223
89 95
89 50
246 141
178 217
107 13
178 223
223 217
95 23
217 223
133 217
217 223
223 151
95 89
5 95
178 223
178 223
41 24
223 178
95 50
178 196
89 95
89 95
95 50
217 178
89 95
169 170
50 5
217 133
178 223
178 223
217 223
133 217
217 223
89 5
223 178
178 217
68 15
217 200
223 217
95 50
50 5
14 95
223 178
223 217
95 89
89 95
50 105
143 162
89 50
95 23
50 95
217 223
133 217
125 86
95 93
89 95
50 95
178 223
133 178
89 50
89 5
95 14
5 73
89 95
217 223
89 50
5 95
5 50
5 95
207 182
95 50
89 50
89 95
50 89
133 217
89 95
133 201
217 173
217 178
223 133
133 217
169 196
217 223
217 133
217 223
178 133
178 223
223 178
89 95
95 14
5 73
50 95
223 167
89 50
95 5
5 50
95 92
133 223
5 47
89 95
223 217
50 89
50 95
217 178
178 217
95 89
178 176
223 133
178 176
217 223
89 95
133 223
50 18
133 136
95 89
217 223
50 7
217 223
95 89
5 89
89 92
95 89
5 68
182 211
95 5
125 59
133 217
89 50
178 227
178 217
223 217
217 178
217 223
182 189
217 223
178 223
95 92
223 217
133 223
5 50
95 89
89 95
217 223
178 223
5 50
50 95
178 133
41 2
95 50
89 95
50 70
50 95
217 178
217 223
223 217
95 50
223 133
5 95
223 217
223 210
95 89
178 223
133 225
133 223
5 89
89 95
178 223
217 223
178 223
5 95
178 223
133 217
95 89
223 217
89 95
133 217
89 95
95 50
178 223
89 42
50 60
5 50
50 5
5 38
95 89
95 89
178 223
5 89
217 223
95 89
223 207
217 223
178 217
89 127
89 68
89 95
95 14
89 50
89 50
89 95
217 187
217 178
5 50
217 223
80 125
223 133
178 223
95 89
178 223
50 95
5 122
217 223
133 178
89 95
89 95
50 89
133 223
89 95
223 217
89 95
89 95
133 217
89 50
217 223
217 178
217 178
89 50
50 5
217 160
217 133
95 50
217 223
50 5
178 133
89 95
223 133
217 223
89 50
89 95
178 223
241 186
217 223
178 223
251 247
5 89
217 223
133 217
217 223
178 217
178 167
5 95
178 223
178 133
5 89
178 217
89 5
89 95
223 217
5 50
5 89
133 230
89 5
217 223
217 223
5 122
133 201
133 223
217 223
5 89
178 162
95 5
217 223
178 152
217 223
169 196
89 30
89 95
89 95
217 223
89 5
50 95
224 173
217 133
5 50
217 223
50 89
95 50
223 222
5 95
217 223
50 95
95 89
89 95
223 217
217 128
217 133
89 95
89 95
5 47
5 13
178 212
178 223
223 178
217 133
95 89
178 182
178 223
230 178
95 56
217 178
89 95
217 178
5 89
50 95
178 223
133 178
89 21
223 217
133 223
5 95
89 95
5 95
95 50
178 223
217 223
95 50
50 95
217 223
223 217
223 133
5 95
178 225
5 47
47 20
217 178
217 223
5 89
5 95
223 133
20 8
208 178
223 178
95 89
223 217
89 95
234 223
133 178
89 95
217 223
217 223
223 217
5 89
89 95
14 81
5 89
143 211
217 178
89 5
5 89
50 5
223 178
217 178
178 223
178 223
178 217
249 253
95 89
223 217
133 223
217 178
5 95
5 71
100 14
223 217
223 217
95 50
89 95
50 91
95 89
217 178
217 223
223 133
89 95
133 178
217 208
133 223
5 95
217 223
178 223
223 217
5 95
217 223
50 78
141 192
169 196
217 133
133 223
89 95
223 178
217 223
95 89
89 50
217 223
223 217
5 73
217 178
223 178
178 133
5 29
95 89
178 217
50 95
89 5
178 133
133 178
178 223
217 223
223 217
223 133
223 133
178 168
95 5
223 133
50 95
95 5
217 178
217 133
223 178
95 50
224 252
89 95
50 95
5 95
178 223
223 217
95 14
217 223
217 223
217 223
89 106
5 50
95 15
178 223
133 223
217 223
196 169
192 141
133 201
89 95
79 54
50 95
89 95
178 217
178 223
50 95
89 95
207 147
133 223
223 178
178 223
95 23
89 5
89 95
223 217
217 178
89 50
50 5
223 199
178 223
133 178
5 50
41 15
178 207
50 89
223 217
217 223
178 223
217 223
95 89
178 217
5 50
50 95
133 217
89 95
50 5
207 143
50 95
217 133
50 95
5 95
217 178
133 223
95 25
5 95
217 133
223 178
217 223
178 133
50 95
217 223
217 136
133 223
5 50
217 178
133 205
133 201
143 211
217 178
5 83
223 217
5 95
133 217
89 95
50 95
133 217
224 223
54 58
89 95
5 89
217 223
89 50
89 95
50 95
223 133
217 223
217 223
89 5
89 95
223 178
178 198
223 217
251 247
223 178
89 95
5 89
89 2
217 133
95 89
5 95
95 94
5 95
5 95
223 142
178 133
5 89
113 58
95 50
178 217
133 217
217 223
95 5
217 223
5 50
5 95
89 5
89 95
145 192
217 219
223 217
133 223
133 235
178 223
89 50
89 95
50 106
133 223
95 89
217 223
95 89
89 5
89 95
95 89
95 50
178 223
217 178
89 5
223 133
95 66
178 223
95 23
95 50
217 223
178 145
50 64
89 95
178 153
178 223
95 89
5 95
133 223
224 141
50 95
89 95
95 89
217 223
217 133
182 178
89 5
89 50
89 57
178 223
217 223
95 89
50 95
217 223
178 133
178 223
50 20
223 217
89 95
5 95
209 192
208 178
223 178
217 133
223 178
217 133
223 133
217 178
50 95
224 252
223 133
217 223
5 95
95 23
133 178
217 133
217 223
223 178
217 178
89 5
217 178
5 95
217 227
217 223
5 95
223 217
5 50
50 95
223 217
178 223
178 133
95 5
50 54
89 5
50 34
5 73
178 166
178 223
133 178
133 217
133 217
178 217
178 131
133 178
5 116
223 178
217 223
241 133
89 5
5 50
5 89
217 223
217 133
50 89
133 217
217 178
162 239
89 5
178 223
178 133
217 223
89 5
5 50
65 40
50 89
50 95
223 217
51 100
95 23
133 178
95 25
178 217
89 71
89 5
89 95
148 136
5 50
178 133
89 5
253 223
223 217
95 50
223 217
178 145
50 111
5 95
217 223
217 133
89 5
217 178
223 217
178 223
217 223
50 5
5 95
223 217
217 223
95 50
133 201
50 89
95 89
89 5
133 148
217 223
95 5
217 223
223 178
89 95
223 178
223 199
217 133
211 217
95 89
5 50
133 178
223 217
118 42
94 121
217 223
217 178
217 227
170 179
47 36
95 89
223 133
178 133
223 253
89 95
178 223
89 95
89 50
162 193
196 143
89 95
50 89
8 65
89 95
89 95
133 217
5 84
89 95
143 211
89 50
5 89
217 223
89 95
89 95
121 52
89 5
5 95
89 95
133 145
223 133
83 95
17 34
89 50
142 223
15 83
178 223
96 83
217 223
133 217
133 217
89 51
95 89
5 123
223 217
89 95
223 217
224 250
95 26
217 223
50 95
5 95
79 63
178 217
178 133
5 95
133 223
178 133
95 50
5 89
217 178
217 223
217 223
217 223
89 5
89 95
95 110
95 18
95 89
89 95
89 95
5 50
50 124
223 251
235 141
217 178
95 14
50 95
89 95
95 89
178 133
178 217
178 223
223 217
5 95
96 116
217 223
68 50
89 123
89 29
50 95
96 121
133 217
133 223
89 95
178 202
133 178
178 223
217 133
5 75
50 89
5 50
253 223
178 223
178 136
89 95
89 95
50 89
178 133
133 175
169 134
133 217
5 73
223 178
217 133
89 95
63 81
223 133
223 133
178 217
178 223
89 70
178 133
5 95
217 178
5 50
133 223
95 89
5 95
95 50
217 133
178 223
217 223
178 223
5 89
95 89
50 95
89 95
50 127
217 133
50 95
178 223
89 50
247 136
95 5
170 179
217 133
179 182
223 217
17 82
223 217
95 89
178 223
217 178
95 89
217 223
89 95
223 133
133 217
217 223
95 50
89 50
89 50
89 5
89 68
5 95
223 178
63 96
217 223
95 89
5 50
217 178
50 95
89 95
217 178
133 223
133 223
223 217
217 223
20 8
223 178
89 5
50 95
50 95
25 20
217 223
89 95
217 133
223 217
192 134
133 142
217 170
133 223
5 95
217 223
89 4
223 217
5 95
89 95
89 50
89 5
50 95
178 223
89 50
5 73
95 89
133 211
50 89
95 0
95 89
217 223
178 223
51 43
223 133
133 223
89 95
191 207
223 133
89 32
133 217
178 223
95 89
251 142
95 50
89 95
133 173
178 223
63 120
179 154
89 95
50 95
178 223
50 5
95 5
217 223
5 50
133 176
133 217
178 217
95 50
253 245
223 151
223 178
217 223
5 50
89 95
223 217
81 14
5 50
5 50
223 217
223 217
95 23
223 217
89 95
89 50
50 89
50 95
95 89
133 223
217 133
217 223
217 223
133 223
217 223
217 133
228 247
133 223
133 135
133 173
178 223
133 178
95 89
178 217
217 223
5 50
5 89
95 89
178 131
89 101
25 106
89 95
5 73
178 133
89 50
217 222
217 223
217 223
223 178
95 89
89 95
223 217
95 89
178 223
133 223
50 5
50 95
95 50
5 95
217 223
50 95
50 89
95 89
178 223
133 201
217 223
217 223
133 223
217 178
89 50
217 223
89 95
178 217
95 89
89 50
217 223
133 223
95 89
133 223
89 5
133 138
178 223
223 217
14 95
50 89
133 217
95 89
41 5
217 133
223 217
89 95
217 133
89 5
217 223
178 217
217 223
182 235
178 133
64 11
89 14
50 95
217 133
89 5
133 223
223 221
89 16
5 50
178 223
223 217
217 133
223 217
217 133
178 223
178 210
50 95
50 95
217 223
133 223
211 239
217 246
217 223
223 217
89 95
223 178
5 89
178 133
89 5
50 95
5 95
5 95
217 223
223 133
5 95
217 223
223 217
50 95
217 223
50 14
41 68
5 95
182 178
223 243
50 89
95 89
95 5
89 123
50 5
89 50
50 95
217 223
217 133
95 89
217 223
223 195
5 89
217 207
50 95
217 178
89 50
217 235
50 95
95 89
89 95
89 95
223 217
178 133
89 50
178 192
217 223
178 133
89 95
89 50
217 223
217 223
89 50
223 178
133 217
95 89
89 95
95 23
95 89
95 89
217 133
50 43
89 95
223 178
50 20
95 50
95 74
50 95
223 133
178 223
89 95
223 217
50 95
217 223
89 95
133 217
217 223
133 178
133 223
133 223
95 89
253 243
217 223
89 95
223 151
89 50
5 95
50 95
89 99
89 95
217 133
178 133
217 178
223 217
223 178
5 95
193 152
89 95
113 58
223 178
106 95
133 217
89 5
50 95
95 89
217 223
223 178
89 95
5 50
133 178
50 79
89 95
178 217
17 126
223 133
223 217
223 222
133 223
5 89
178 223
50 95
178 133
89 95
223 202
5 47
142 209
5 50
178 133
217 223
95 89
50 95
217 223
133 223
217 178
5 89
217 223
95 89
5 95
89 95
5 89
223 178
50 95
223 133
217 223
50 118
95 5
95 50
223 217
223 217
217 133
5 95
89 95
5 95
223 217
89 95
89 50
50 95
217 223
95 50
107 13
178 138
223 217
217 133
95 50
217 223
217 143
217 223
133 217
50 95
133 255
143 162
178 223
50 5
5 95
5 95
89 5
217 170
178 217
107 13
5 95
89 95
223 133
5 89
5 89
217 223
169 223
50 89
89 95
133 178
5 102
178 223
89 5
217 223
89 95
223 178
5 89
95 5
95 50
5 95
89 95
89 5
191 214
222 143
223 133
175 179
95 89
15 79
133 201
5 50
95 50
95 5
133 223
89 95
5 95
95 89
178 223
15 79
133 217
223 217
68 79
223 142
5 21
223 142
217 178
5 95
223 178
125 70
95 50
217 223
133 223
95 5
5 95
223 217
223 178
133 217
133 223
169 208
217 212
217 133
5 50
211 207
178 133
95 50
217 178
89 5
89 50
15 23
223 217
95 89
217 223
133 223
50 26
133 223
89 95
217 223
89 95
89 95
95 89
217 223
217 133
223 217
5 95
178 133
223 217
89 95
223 217
178 217
178 217
178 223
50 95
133 217
217 223
50 95
178 223
178 133
89 50
5 95
95 117
5 79
89 95
178 223
178 211
89 50
133 217
50 85
224 189
89 5
20 8
50 45
223 178
217 223
95 89
143 207
133 175
98 99
95 89
50 95
50 95
217 223
50 95
133 223
95 89
178 223
95 89
95 89
223 178
133 178
223 178
217 178
5 95
89 123
178 141
217 223
178 161
50 95
223 178
178 145
217 223
95 89
217 223
50 95
133 175
217 133
133 178
217 250
5 50
89 95
223 130
162 193
217 223
211 234
50 95
89 95
50 95
89 95
5 95
95 17
223 206
160 202
50 95
89 50
17 100
223 133
50 95
223 133
95 5
178 223
5 50
178 217
20 64
89 107
5 89
223 178
89 95
133 223
133 175
5 50
217 223
178 217
5 73
223 178
133 175
217 223
223 217
5 50
41 110
5 50
191 248
5 95
217 133
217 223
178 183
89 50
178 223
223 133
99 35
217 133
95 23
178 223
118 42
223 217
50 95
217 133
5 50
217 223
50 114
133 223
89 5
223 158
133 223
89 95
223 133
217 223
178 223
50 17
89 5
217 178
89 5
217 223
178 217
217 223
217 223
5 95
133 223
178 223
89 95
89 50
223 133
217 133
50 5
95 5
217 223
89 95
95 89
5 89
223 178
95 89
217 133
89 50
133 178
89 95
133 223
217 223
95 5
217 223
178 223
89 95
89 95
95 89
133 217
217 223
217 178
223 151
223 133
95 89
223 217
192 228
223 217
50 8
145 179
5 89
133 175
89 95
178 184
89 95
223 211
217 133
223 219
95 50
178 223
217 223
50 95
89 95
50 95
95 38
89 95
223 133
50 95
217 223
95 5
50 95
89 95
50 95
50 89
89 50
133 217
5 89
89 50
25 106
5 89
217 223
8 5
178 223
95 5
133 178
133 178
95 89
68 15
223 133
223 217
68 41
217 133
223 133
50 95
223 178
133 223
133 223
217 178
89 95
89 95
5 95
50 5
5 51
223 142
5 75
51 97
95 89
179 241
133 223
50 95
5 89
133 217
95 89
217 223
217 178
95 52
50 95
5 50
79 83
42 92
14 81
5 95
223 178
50 95
95 50
5 95
89 95
178 138
133 223
211 143
5 95
95 5
68 41
95 89
133 217
89 95
50 95
95 23
95 5
5 89
223 217
217 223
133 217
125 48
178 133
223 217
95 5
89 95
133 223
50 76
217 223
143 207
217 223
217 223
217 178
217 133
145 166
226 178
217 223
95 89
133 217
133 223
217 178
89 50
5 95
217 133
133 217
5 95
182 207
223 217
63 120
178 222
95 89
217 223
5 126
89 95
217 223
95 84
217 178
50 5
89 95
89 5
148 192
95 50
223 217
5 89
179 148
5 71
50 16
217 133
89 119
133 217
123 119
223 217
133 217
89 95
50 5
178 145
133 223
217 223
223 151
50 95
89 95
89 5
133 178
178 223
89 95
217 223
178 223
133 175
89 95
50 31
178 223
178 133
95 50
50 95
50 95
5 91
5 50
217 178
217 223
133 204
17 71
5 95
223 217
223 217
217 170
95 23
133 238
5 89
95 30
89 95
95 50
89 50
223 178
133 178
217 133
89 95
223 178
223 153
89 50
123 119
89 95
25 79
217 178
133 223
5 39
133 217
95 50
169 247
223 133
50 95
89 5
217 223
89 50
169 196
89 95
223 178
133 217
223 217
95 89
223 133
178 133
223 217
217 133
246 193
178 223
217 133
133 223
89 95
133 178
217 223
223 217
89 5
223 178
89 95
5 95
50 95
5 95
89 95
89 95
5 47
217 223
223 175
89 5
95 50
5 50
89 95
133 217
178 133
89 95
178 217
64 83
133 223
133 223
178 223
95 89
50 95
89 95
15 83
223 133
217 146
89 45
133 178
89 5
89 95
5 95
246 141
5 89
89 95
89 95
133 175
89 5
217 178
89 50
95 50
95 89
5 121
95 89
223 217
50 95
95 5
223 217
217 223
118 42
95 89
89 50
95 73
223 142
89 95
119 89
5 23
217 223
89 95
217 223
89 50
89 95
95 50
223 217
217 223
178 223
178 223
178 133
223 217
89 5
223 178
5 48
78 89
217 178
89 95
178 223
217 223
89 95
133 223
217 178
196 143
179 191
89 95
5 50
133 223
223 178
95 89
50 95
223 217
223 217
133 178
5 73
133 178
178 154
178 141
178 133
89 5
95 89
89 62
217 223
89 95
89 95
5 50
89 50
89 95
133 217
95 50
50 95
121 4
133 178
89 5
223 146
89 95
223 133
50 89
5 50
95 1
178 223
5 50
178 223
5 72
143 162
223 178
5 95
133 223
89 95
217 223
89 95
94 25
95 50
95 5
148 222
95 50
95 89
51 24
143 211
5 95
5 89
5 95
223 178
253 223
5 50
178 223
178 223
89 50
50 95
89 71
178 223
95 50
5 50
223 151
5 50
217 178
217 223
223 217
50 100
5 89
223 133
133 178
89 95
50 89
5 95
89 95
223 217
89 123
95 125
89 50
5 95
5 73
89 95
95 5
217 223
191 248
217 223
217 223
83 15
223 217
223 178
89 50
95 89
178 223
95 50
89 95
20 8
5 47
133 178
223 244
178 138
248 170
5 89
133 223
217 178
89 95
50 89
50 95
217 223
217 223
179 151
50 95
178 223
5 50
5 47
178 133
20 64
50 5
133 223
178 223
95 89
95 66
223 142
95 89
95 89
223 178
50 95
217 223
50 95
217 178
217 214
95 14
223 217
50 5
133 223
5 95
143 207
223 133
223 178
223 133
217 223
89 95
89 50
81 42
5 48
89 5
95 50
5 89
25 106
223 133
89 95
89 95
95 5
50 20
133 223
89 94
133 217
133 223
68 41
50 95
5 89
133 217
89 50
223 175
89 95
50 95
217 178
133 217
133 217
133 240
5 50
50 89
142 228
217 223
5 95
178 223
89 5
89 50
133 223
5 95
95 89
89 95
223 227
89 95
178 223
89 115
223 133
5 89
133 201
223 217
217 178
133 217
95 82
5 47
223 217
217 178
89 95
5 2
79 54
89 95
143 207
5 50
65 29
5 50
95 89
133 178
217 178
223 246
133 201
50 95
96 55
217 223
89 95
217 133
50 95
223 217
89 50
133 201
5 95
89 101
5 89
217 224
133 178
160 202
217 178
223 217
50 95
217 223
5 95
89 95
95 89
89 5
50 89
178 223
5 95
89 95
95 50
5 89
223 217
50 49
89 95
178 133
217 178
223 217
5 50
186 203
89 5
50 89
223 217
5 50
50 95
89 5
95 89
178 133
217 178
50 89
178 223
178 223
241 186
89 95
89 95
133 223
133 175
217 146
5 54
133 178
89 5
217 223
217 133
89 50
223 178
178 223
217 223
95 89
133 201
95 89
223 217
253 136
89 5
17 118
249 212
50 84
193 142
50 95
217 178
89 95
95 89
89 95
223 178
85 17
178 223
95 89
223 205
95 14
223 178
89 95
217 223
217 172
223 217
217 223
89 5
95 89
89 50
133 223
178 145
133 223
5 95
5 89
5 61
223 142
133 223
95 89
89 50
5 89
50 95
217 223
5 95
223 133
89 95
50 5
217 133
217 223
217 223
223 217
95 89
178 217
50 95
178 144
191 207
133 217
95 89
178 223
89 95
223 178
178 223
50 95
5 47
89 95
89 50
5 73
223 133
89 95
50 95
223 217
89 50
217 200
133 223
50 95
89 95
217 223
89 95
133 128
50 5
133 178
217 133
89 50
89 95
95 89
217 178
50 95
89 95
5 95
50 45
223 133
95 89
223 217
178 223
217 223
133 223
223 178
89 5
178 223
89 95
50 5
178 217
95 89
223 178
133 223
95 89
217 133
178 223
223 217
217 178
178 217
95 89
5 99
217 223
50 89
217 223
89 95
89 95
50 5
50 95
95 89
178 255
223 217
5 95
95 89
217 223
217 223
89 50
50 5
95 5
95 14
50 54
217 241
133 223
89 50
68 15
5 95
223 178
217 178
223 217
178 133
5 89
223 217
133 223
95 5
178 217
41 5
89 5
133 223
223 244
89 5
89 50
249 211
133 223
89 50
217 133
223 178
5 50
89 95
50 95
178 148
133 223
178 223
133 223
50 95
95 89
217 223
133 178
50 89
95 50
178 223
133 223
217 133
5 47
223 217
223 217
223 142
89 95
217 178
133 178
133 178
89 95
42 51
176 217
50 95
223 217
217 133
133 223
89 95
223 217
50 95
217 223
5 95
50 95
95 89
89 95
5 89
89 110
89 71
95 5
89 95
50 95
89 95
89 50
217 223
223 151
223 217
50 95
217 178
5 50
223 217
50 71
133 178
178 223
223 178
5 95
95 89
50 95
217 223
178 133
89 95
196 143
178 223
50 95
95 5
89 95
133 223
5 89
223 133
5 89
5 93
223 217
89 95
54 60
217 223
95 89
95 89
217 223
217 206
217 223
223 178
223 151
223 217
95 89
148 133
5 50
89 50
217 223
133 223
217 223
223 178
89 95
5 68
217 223
217 223
5 95
217 178
50 95
95 5
89 95
89 95
5 50
5 95
99 113
89 95
192 222
51 49
95 55
89 95
89 5
217 223
178 223
223 178
89 95
89 50
5 47
178 142
223 178
95 50
133 223
217 223
95 89
223 217
95 5
74 95
133 223
95 23
41 126
223 217
50 14
192 179
133 223
89 95
89 50
217 223
133 223
223 178
217 247
95 50
95 83
50 95
89 95
89 95
95 5
89 125
50 95
89 95
5 89
133 223
89 50
50 95
217 133
223 178
223 133
178 217
133 175
5 3
5 47
121 74
50 95
5 95
50 89
95 89
223 133
89 50
125 96
217 133
95 89
95 5
133 217
5 43
217 133
217 223
178 133
5 57
133 217
89 95
89 50
223 217
63 120
5 89
89 80
217 133
223 217
50 95
223 205
50 127
50 105
95 50
123 119
217 206
79 83
217 170
217 223
178 133
5 95
223 178
178 223
133 178
50 95
217 178
133 143
89 95
89 95
223 217
89 50
89 95
95 89
217 178
5 95
133 223
20 8
50 5
217 223
95 89
95 89
133 223
133 175
217 223
223 217
95 50
89 98
50 68
217 133
217 133
50 5
95 5
133 217
133 178
217 178
223 133
5 50
89 95
178 133
95 31
50 95
89 95
178 223
95 89
223 217
223 133
178 142
178 223
178 223
217 223
50 95
223 217
5 95
50 89
50 95
95 5
5 95
89 120
217 178
133 217
235 141
217 208
178 193
89 95
89 50
223 178
95 89
217 223
224 136
95 50
223 133
95 5
133 131
217 133
217 223
95 14
95 89
95 89
133 223
133 223
223 133
223 178
95 89
107 110
50 95
89 50
217 223
217 223
217 223
133 217
223 178
133 178
89 42
223 217
5 80
133 178
223 217
95 5
84 96
217 223
178 217
217 223
95 89
5 73
50 95
133 223
41 25
217 223
223 178
178 133
89 5
5 95
223 217
133 223
178 217
89 50
133 178
89 95
50 95
50 89
89 95
143 162
217 133
63 59
178 243
178 223
217 175
89 95
178 223
5 95
178 145
89 95
95 89
50 89
79 54
217 223
223 142
89 50
223 178
223 217
14 95
223 217
50 95
133 223
223 217
89 56
223 133
217 133
50 18
217 133
217 133
178 239
217 133
217 223
50 89
217 223
89 95
178 223
50 95
50 95
95 23
223 133
89 95
145 249
223 217
89 95
217 133
223 217
50 79
50 15
5 95
133 223
133 223
217 223
100 119
217 223
89 107
178 223
169 158
178 133
95 89
89 95
143 162
95 89
191 224
178 223
223 179
89 50
217 223
223 217
95 89
50 95
95 50
95 5
223 178
89 95
50 115
89 50
133 217
178 223
95 50
178 223
5 89
178 223
5 63
223 178
89 95
223 133
246 193
89 5
178 217
89 95
50 5
178 223
217 178
50 41
50 89
223 217
89 95
202 178
5 95
217 223
178 189
89 95
178 223
89 95
223 133
89 5
5 50
50 95
5 50
133 223
5 50
89 5
223 217
89 50
5 107
113 58
95 89
133 223
15 34
223 133
223 133
178 223
178 154
133 217
50 95
217 223
89 5
217 178
89 95
5 50
178 223
223 178
223 133
133 178
217 133
133 217
89 95
95 89
178 223
51 85
95 50
223 222
178 223
89 95
95 23
89 95
95 89
253 129
217 223
95 89
178 134
217 175
223 133
89 95
133 217
178 212
193 203
5 50
133 223
89 5
5 95
217 133
223 178
95 89
50 95
133 217
89 50
217 223
223 133
89 95
133 178
217 223
89 95
89 95
178 223
223 217
89 50
50 89
5 95
5 95
217 223
223 178
178 223
95 5
217 223
217 178
178 223
223 150
95 5
223 142
50 89
178 223
217 133
217 223
217 223
5 95
89 95
217 223
217 223
217 223
223 217
223 178
5 50
223 178
178 166
50 5
133 178
178 217
201 133
223 178
223 217
95 50
217 223
217 133
50 95
50 52
217 223
223 217
217 223
133 201
217 178
89 5
217 178
89 95
95 5
89 95
89 60
89 50
89 95
217 223
95 89
133 178
95 89
95 89
95 89
95 89
89 50
241 186
217 223
121 31
89 54
178 158
111 14
89 95
133 201
95 89
89 95
50 95
89 50
50 95
89 102
89 95
217 205
217 223
192 161
89 50
5 95
95 89
89 95
133 178
178 223
143 162
89 50
178 133
50 5
133 223
217 223
217 142
95 89
178 223
178 223
89 95
133 217
223 178
223 178
89 116
223 133
5 95
133 223
50 95
178 223
223 133
142 209
89 36
89 50
50 95
192 222
217 223
143 207
5 83
89 95
95 5
133 223
5 50
100 14
178 217
217 178
178 223
133 223
89 5
50 5
228 179
217 178
89 71
223 178
5 95
95 89
133 201
178 182
89 95
133 217
95 0
89 95
89 95
217 223
95 50
178 217
14 100
125 70
223 170
133 223
217 194
5 95
133 223
89 95
217 223
89 95
5 95
217 133
217 223
217 223
89 26
20 8
207 211
50 95
95 50
17 47
5 95
89 5
133 178
89 95
178 223
89 5
133 175
217 223
95 89
50 71
50 5
5 89
95 23
100 119
217 223
133 223
217 178
50 81
133 217
223 133
89 50
50 95
223 217
217 223
89 5
5 89
133 223
223 217
50 18
217 223
15 79
5 73
223 217
217 158
178 207
50 7
95 89
89 95
223 133
89 95
95 50
178 223
178 223
89 95
50 89
125 98
50 123
50 95
178 223
89 95
95 89
223 217
5 89
217 178
217 223
133 248
89 95
223 133
178 217
50 60
50 89
223 133
133 223
95 89
178 217
50 17
89 95
89 94
5 50
178 217
178 223
15 34
5 118
95 5
217 223
217 133
217 133
50 125
50 89
217 223
50 95
5 50
133 223
89 5
95 89
5 47
178 223
5 95
223 217
178 133
5 95
145 143
95 89
253 171
223 217
133 178
95 89
178 217
50 95
89 50
89 95
217 223
95 89
89 95
50 95
143 151
5 119
178 223
89 95
5 89
249 195
95 14
5 89
13 64
89 5
89 123
95 89
95 89
169 171
217 178
95 89
50 89
178 223
223 217
50 89
178 223
217 223
89 95
89 95
5 50
89 95
89 0
95 5
95 50
217 223
223 217
178 217
217 131
5 68
98 50
95 92
217 173
89 71
217 133
89 95
5 50
133 223
89 95
5 66
223 243
89 50
223 255
5 95
133 178
217 223
178 223
217 223
5 89
95 5
5 95
50 89
178 223
223 164
223 178
217 223
95 89
178 223
217 223
223 133
217 223
178 246
95 89
89 95
18 95
14 81
50 89
5 89
42 94
178 223
95 89
95 50
17 56
223 217
217 178
89 95
95 5
223 217
223 178
95 5
95 5
95 5
217 223
217 174
178 217
178 223
89 5
95 50
89 95
223 133
50 89
50 95
178 169
95 5
89 95
64 9
217 223
178 199
223 133
178 169
95 116
89 50
223 210
223 178
133 201
5 89
70 42
133 217
5 95
89 115
178 217
95 89
95 89
133 217
223 217
89 95
178 217
133 178
89 95
223 217
133 178
95 89
178 217
178 223
89 95
223 217
133 217
50 89
133 217
133 223
133 217
223 235
5 95
217 223
178 223
217 133
223 178
133 178
178 223
178 223
95 89
217 223
178 217
178 223
223 251
95 89
133 223
50 95
50 95
178 223
95 25
178 223
50 95
133 178
95 50
178 223
95 50
50 23
94 15
223 178
89 5
160 202
89 75
95 89
223 142
50 95
65 7
223 133
50 95
89 95
50 95
217 223
95 84
217 223
217 223
217 178
89 95
89 95
223 178
95 89
223 133
178 223
217 178
223 217
95 50
89 50
223 142
5 95
178 133
89 82
100 119
217 223
5 50
178 133
178 133
178 223
89 95
95 89
223 133
