256 10000
178 223
217 223
217 223
178 223
178 223
223 217
89 95
178 166
5 89
178 217
95 89
95 5
178 133
5 73
25 106
133 217
178 253
5 95
133 217
95 89
95 5
95 41
223 178
95 89
50 89
89 57
143 162
5 50
223 178
178 223
51 121
178 223
223 217
50 2
89 95
217 170
178 223
99 7
95 50
145 179
89 95
95 89
95 89
217 223
178 223
217 133
217 223
50 89
223 178
89 95
119 99
5 95
223 133
89 5
89 63
178 133
95 79
217 223
95 89
50 95
95 89
50 95
89 95
223 217
95 89
223 178
95 83
95 89
50 95
133 223
50 110
89 50
178 223
143 162
89 95
89 95
99 45
211 234
133 223
178 220
89 45
5 95
217 223
89 5
5 50
50 89
217 133
95 23
95 89
223 133
5 95
217 223
89 50
89 50
217 223
95 50
133 178
89 5
41 70
50 95
217 163
89 5
178 223
217 178
89 95
89 95
95 50
89 95
178 133
217 235
133 178
95 89
217 248
133 223
178 223
95 89
133 217
99 68
50 111
223 133
89 5
5 50
5 56
223 178
217 133
217 223
133 217
89 20
217 178
178 133
89 95
217 133
5 89
125 41
133 223
175 133
133 217
50 21
89 95
217 223
133 178
223 133
89 95
95 5
178 223
217 223
133 223
223 178
89 95
178 136
65 70
178 223
89 95
5 50
223 178
179 213
95 5
89 95
178 223
223 217
217 178
223 178
95 89
95 50
223 217
133 223
223 217
178 223
192 136
217 133
95 89
5 89
133 223
217 223
20 64
95 50
5 113
133 217
95 23
217 223
95 25
223 217
95 89
89 82
247 136
223 217
217 223
89 95
133 223
223 217
217 223
253 245
223 133
178 223
178 217
95 5
182 207
64 53
5 79
95 50
217 133
89 95
50 95
95 89
133 223
217 133
223 217
178 223
5 95
133 223
50 95
223 217
217 223
133 217
217 223
95 5
223 217
76 5
133 217
5 30
5 32
133 250
89 95
178 133
95 5
178 217
5 95
95 89
133 178
50 95
89 92
89 95
217 178
223 133
217 223
223 217
64 25
5 95
217 223
95 50
217 223
89 95
50 95
217 223
89 5
133 178
42 51
223 205
17 110
217 223
50 95
217 133
217 223
95 89
223 133
50 95
223 217
89 95
95 5
223 217
224 148
133 144
217 223
133 178
95 50
217 223
89 95
217 133
223 133
178 173
95 5
223 133
95 89
217 223
95 89
50 5
223 178
223 217
64 85
89 50
217 178
99 49
217 178
217 223
133 173
217 178
133 223
95 89
95 50
5 89
223 217
223 217
95 50
89 95
89 95
223 217
51 115
133 217
89 50
5 95
95 82
95 89
222 250
217 223
89 50
217 223
5 89
50 5
89 95
133 223
217 227
89 95
51 60
170 246
95 50
217 223
89 4
217 223
50 95
178 223
223 133
5 95
178 217
75 58
89 5
178 217
217 223
133 223
133 217
89 95
63 96
89 19
89 5
178 167
217 223
223 178
89 95
178 133
178 219
223 217
217 223
95 14
133 223
5 95
217 131
217 223
224 252
95 38
89 5
178 217
95 127
89 95
95 50
50 17
133 201
133 217
89 95
95 89
95 89
217 178
217 223
217 133
50 95
89 95
89 95
95 50
95 5
223 142
89 5
217 223
217 223
223 217
95 123
89 95
89 95
41 15
133 148
89 95
50 95
5 51
95 50
217 223
223 178
223 178
178 133
89 50
223 178
95 23
143 162
95 5
223 178
179 170
133 217
95 89
89 95
223 217
217 178
89 20
5 73
50 22
148 192
133 217
89 95
50 89
223 133
89 95
5 73
223 178
14 81
89 5
50 77
217 223
193 196
50 95
89 95
51 122
133 217
89 95
5 89
178 133
217 223
223 178
223 175
178 223
223 151
223 133
95 50
133 217
5 95
95 23
223 151
178 219
178 234
178 223
89 95
178 235
89 95
5 50
89 95
95 5
89 95
223 217
178 211
217 178
217 223
217 223
89 95
217 133
145 151
223 133
95 89
133 223
160 202
133 223
182 188
133 223
95 89
178 133
217 178
50 95
223 142
217 223
95 89
89 95
217 223
178 150
95 5
5 95
95 5
223 210
89 5
50 33
5 95
20 64
133 201
50 95
178 208
133 223
133 254
54 5
133 201
223 178
50 95
223 142
95 5
89 95
5 50
94 52
95 23
89 95
95 23
89 95
143 207
223 151
89 95
178 217
223 217
5 95
50 5
50 95
217 223
217 223
223 217
50 5
89 5
5 95
95 52
217 223
133 203
178 223
50 95
89 50
133 178
217 133
89 95
5 89
95 5
133 178
223 178
50 95
223 217
95 50
113 58
196 143
133 178
178 133
51 10
223 217
133 217
89 95
223 133
223 217
217 223
64 38
223 206
89 50
217 227
217 223
89 95
89 95
186 241
217 133
89 95
89 95
217 223
95 5
50 89
133 178
89 50
51 67
95 50
95 50
50 5
89 5
89 95
95 89
178 217
89 95
80 125
89 50
89 5
50 89
95 50
50 95
5 120
89 95
133 223
89 95
217 178
133 178
89 95
5 95
5 95
5 50
99 35
5 89
89 50
217 157
25 5
89 95
89 95
50 95
5 50
89 50
223 178
227 145
95 5
125 98
89 95
5 60
89 50
178 223
145 210
178 223
89 95
5 95
89 5
100 119
5 95
223 133
178 217
50 95
178 223
50 95
217 178
223 217
95 50
217 223
5 73
153 234
178 223
178 223
89 95
217 223
217 178
178 217
178 223
95 14
5 50
223 207
178 217
95 5
89 5
95 89
106 83
50 5
95 89
5 50
95 89
217 223
217 223
89 50
178 223
178 217
191 207
5 95
54 85
217 178
50 89
223 211
5 47
89 30
50 35
217 144
178 199
95 5
89 50
223 178
95 89
89 95
89 95
89 95
223 178
95 5
95 14
50 89
95 14
217 223
50 89
217 223
89 95
89 50
5 95
217 178
89 5
217 178
223 217
223 217
133 217
5 89
133 223
50 95
89 95
217 223
223 217
217 223
95 5
50 5
223 178
89 95
89 95
133 223
178 223
95 50
50 95
223 217
217 223
217 178
50 89
223 133
41 71
133 175
217 223
223 166
217 178
68 15
125 81
217 208
89 95
89 47
133 223
133 178
95 5
106 98
217 160
95 5
89 5
223 217
178 223
50 95
223 184
133 223
191 224
50 5
217 223
133 178
133 223
217 223
223 217
217 223
5 73
89 50
120 50
50 5
223 217
133 217
5 95
89 95
133 178
220 217
95 77
169 143
95 14
133 141
217 223
223 133
89 50
217 223
5 50
50 95
89 50
178 223
95 89
95 89
89 95
217 133
89 95
178 133
50 95
178 204
5 73
95 89
5 50
5 50
89 50
95 89
50 52
50 95
95 89
223 217
95 50
217 223
223 217
217 223
5 89
217 223
133 217
89 95
178 196
89 5
217 223
50 99
223 133
217 133
223 217
178 223
5 89
223 179
223 178
89 5
95 50
89 83
178 129
223 217
89 50
223 133
217 178
133 178
95 50
5 50
50 89
50 89
133 178
178 223
50 5
95 89
50 95
89 5
223 185
133 223
223 142
223 133
89 36
217 223
50 89
217 178
217 223
192 211
217 223
133 148
133 223
253 226
5 95
217 223
95 5
211 239
133 178
95 5
226 145
89 95
64 10
246 141
95 50
178 210
5 95
89 95
223 217
95 89
133 223
5 95
223 217
223 217
95 50
178 133
133 169
89 95
217 178
178 223
223 217
5 50
253 223
50 9
95 23
223 217
217 223
17 44
223 217
217 178
239 170
95 89
95 89
217 223
89 95
95 89
50 34
89 9
89 50
178 217
133 178
89 95
223 217
5 0
95 5
95 5
178 217
133 223
217 133
217 133
223 178
192 211
162 239
178 223
50 95
95 89
89 95
133 223
113 58
95 89
89 5
217 133
223 217
133 178
95 89
51 42
133 223
47 5
5 95
50 48
50 95
178 133
5 95
89 95
133 223
217 223
95 50
89 95
217 223
223 178
196 143
89 95
5 95
5 79
89 95
95 89
89 95
5 50
89 80
5 47
217 130
133 223
89 5
133 217
217 223
89 5
50 89
50 95
89 95
50 95
178 223
133 178
95 89
89 5
133 217
50 95
217 223
133 178
217 223
133 223
95 5
89 95
89 95
75 57
169 150
95 89
133 201
143 207
95 89
133 223
178 133
217 223
133 223
89 95
223 217
95 50
95 89
133 145
95 89
133 178
95 89
217 223
227 156
133 243
5 50
95 5
89 95
133 223
223 217
223 227
95 89
50 54
217 178
5 95
133 178
79 5
223 178
223 133
217 223
95 89
217 223
217 170
133 178
95 89
89 95
223 224
50 89
5 89
89 95
89 95
113 58
89 50
178 223
243 178
89 95
50 89
223 142
217 223
178 133
50 89
95 89
223 217
95 89
95 89
50 95
89 95
178 223
50 89
178 223
89 45
133 223
133 178
95 5
5 89
178 223
89 95
246 239
223 217
89 5
178 223
75 89
217 223
223 217
89 50
133 217
89 94
133 223
50 95
223 133
95 5
5 17
17 115
178 223
89 50
89 95
89 5
50 95
5 50
169 162
50 95
50 95
89 5
223 151
217 223
223 217
133 223
217 206
217 178
133 223
89 95
95 5
89 50
89 18
223 217
223 178
223 217
95 50
223 175
95 89
223 142
133 223
50 89
217 223
95 20
89 50
89 50
223 133
143 207
253 205
217 223
5 95
89 95
95 5
217 185
89 95
179 139
5 95
95 89
89 95
217 223
217 223
223 151
50 95
5 95
95 23
89 95
5 50
95 5
178 223
89 95
5 95
89 95
217 133
50 95
217 182
178 217
95 89
133 178
133 223
50 95
178 223
228 247
50 95
223 217
217 223
217 223
95 89
5 95
89 95
89 95
182 158
121 101
133 217
133 178
95 14
89 95
223 133
50 95
58 75
217 133
178 133
217 223
89 5
95 5
223 217
217 223
5 95
133 217
95 89
198 170
89 50
89 5
15 34
89 114
223 133
178 223
217 133
5 42
217 223
5 95
187 217
217 223
95 5
223 142
223 142
5 89
217 133
50 89
217 223
133 223
223 217
178 223
89 95
223 133
5 89
95 89
224 240
89 5
223 178
89 5
223 217
217 223
178 223
178 223
133 217
89 95
50 5
217 223
50 95
5 89
178 223
217 178
89 95
227 184
89 5
5 89
133 178
178 217
95 50
20 123
5 50
89 95
178 133
5 89
5 73
50 5
178 210
50 95
133 223
133 223
50 5
89 5
133 201
89 95
58 113
99 5
178 223
223 217
217 178
217 223
178 223
223 217
178 223
95 50
133 178
89 50
95 5
89 50
217 221
217 223
89 95
223 151
249 141
133 223
133 217
178 217
133 223
133 223
89 95
139 217
96 22
95 14
223 175
217 223
217 178
223 178
95 89
217 223
95 89
89 95
89 5
223 178
89 50
133 223
89 50
5 89
223 217
41 115
133 223
223 217
89 80
217 178
89 50
217 133
223 178
5 95
178 223
89 5
95 89
95 50
223 217
5 73
178 223
5 95
148 136
95 5
133 217
223 178
217 133
5 104
89 5
223 151
50 95
54 34
217 223
5 89
5 50
89 83
133 223
223 217
89 95
133 223
89 95
217 133
50 95
178 223
89 95
170 222
89 5
249 131
50 95
133 217
89 95
89 95
217 223
217 178
178 199
5 89
178 133
95 89
217 234
5 89
178 133
223 217
89 95
95 23
217 223
5 89
95 50
89 95
89 95
15 34
223 217
5 63
95 78
89 95
133 223
178 133
95 89
5 95
95 89
217 223
89 95
121 24
145 253
89 95
89 50
133 178
50 107
5 89
217 223
133 178
89 95
95 50
223 217
217 223
50 95
89 95
178 217
89 95
217 178
223 217
5 89
89 95
133 217
133 223
95 89
50 5
217 223
95 89
217 133
50 89
95 89
228 142
133 149
89 95
217 178
223 217
223 178
217 178
234 198
89 95
223 225
125 22
223 178
95 89
133 223
223 178
89 95
178 223
223 133
223 133
217 223
5 89
5 73
178 223
5 89
5 50
223 217
223 221
223 217
217 223
107 13
217 248
178 223
95 89
89 95
178 217
217 223
133 160
50 123
178 223
178 223
133 203
95 50
217 223
89 95
5 89
95 31
178 223
95 23
223 133
50 95
178 133
178 223
178 223
178 217
89 5
89 95
217 178
41 88
63 120
178 223
95 50
223 217
133 223
5 95
50 95
50 95
133 223
50 5
133 178
133 217
133 217
95 50
133 223
223 217
178 223
89 95
178 133
223 217
89 95
217 223
89 5
217 223
5 89
50 95
142 196
223 217
17 93
217 193
89 5
217 223
95 50
217 223
89 50
95 23
217 223
223 133
217 223
95 89
89 95
223 178
95 50
133 217
133 223
5 95
217 223
178 225
5 95
178 210
5 50
50 70
50 89
223 217
89 95
95 117
50 89
133 217
50 5
5 89
222 203
5 95
50 42
89 5
223 217
223 178
178 223
178 223
5 89
50 95
95 89
196 143
5 95
217 133
217 178
89 5
89 95
5 89
89 95
95 23
217 223
5 89
95 89
50 89
95 5
95 50
223 133
89 95
217 223
50 17
89 95
178 217
95 116
95 89
133 223
217 178
178 133
95 50
50 34
50 95
133 223
5 50
95 89
169 196
223 217
133 217
95 89
133 201
95 50
50 95
5 95
89 95
223 142
95 50
217 223
217 223
95 50
178 251
178 223
95 5
89 5
5 95
5 47
133 205
89 95
217 223
5 89
217 133
95 50
223 211
133 178
133 175
89 95
217 178
133 178
217 223
217 223
178 223
95 89
217 223
95 89
223 178
50 89
50 89
178 211
217 223
5 95
133 217
89 95
178 133
50 95
95 89
89 95
50 89
223 217
5 95
217 199
191 224
223 133
95 5
95 14
178 133
5 118
223 133
217 178
5 116
5 89
217 223
5 47
95 50
95 23
95 89
89 5
133 223
133 217
50 53
223 178
217 223
89 95
178 223
178 217
178 217
95 89
5 95
133 217
178 223
5 89
95 50
5 89
95 5
223 245
5 47
89 95
50 95
5 95
13 64
50 89
5 95
217 223
217 237
223 146
5 89
217 223
5 73
50 95
178 133
89 95
89 55
223 178
95 89
5 89
223 205
178 217
133 217
5 93
223 134
89 5
50 95
178 162
133 178
223 133
50 95
222 164
133 178
5 50
89 95
5 95
217 223
50 15
89 95
223 217
217 178
89 50
223 133
223 178
217 133
133 223
133 199
217 223
223 178
211 241
89 95
95 89
95 50
217 223
89 95
50 95
217 178
178 133
133 207
133 175
178 143
223 133
217 223
217 223
133 217
133 217
89 95
95 84
178 223
223 217
133 178
133 223
217 133
5 95
217 223
50 95
178 223
89 95
5 89
217 133
223 133
89 5
95 89
133 175
50 95
145 130
223 178
89 50
133 178
89 95
133 154
133 217
223 178
95 50
178 225
133 169
89 50
95 89
65 114
89 95
89 50
89 95
95 50
223 205
223 217
133 178
223 217
95 23
95 5
95 23
217 223
217 223
95 89
217 223
95 23
89 0
217 246
217 223
50 95
50 95
89 95
217 223
50 89
223 133
223 158
178 217
95 5
95 89
133 178
89 5
89 50
217 178
95 57
95 50
89 50
89 50
89 95
217 221
15 83
223 217
223 245
50 95
89 5
223 217
50 89
223 133
5 95
133 223
217 223
178 217
50 95
217 223
133 178
133 178
178 217
133 223
5 95
133 223
5 95
178 145
5 95
133 217
133 223
95 50
113 58
223 204
133 223
95 50
223 178
134 178
133 223
133 178
89 95
5 89
133 223
50 95
5 50
5 95
223 133
89 95
89 95
5 82
89 5
89 95
5 23
95 23
89 95
217 223
5 95
217 178
223 178
89 50
223 178
133 188
50 95
217 178
5 95
5 89
223 217
223 217
223 133
5 50
50 95
5 32
133 201
223 217
5 89
217 223
5 47
89 50
64 96
178 223
223 217
50 95
217 223
178 223
95 50
89 95
95 93
89 95
223 133
89 95
89 95
89 5
223 133
223 217
89 95
133 175
89 50
179 237
178 223
89 95
223 203
178 223
50 95
89 5
106 25
95 89
89 95
95 50
133 223
89 95
217 178
50 95
217 223
89 95
178 223
50 5
133 217
217 223
50 89
133 178
95 5
223 217
223 217
95 23
178 223
89 95
89 5
89 5
89 5
50 95
133 223
89 50
95 5
89 95
54 82
141 235
95 89
178 223
223 178
95 89
178 223
95 89
102 121
50 95
217 133
95 89
50 95
217 223
50 95
217 133
89 11
95 89
25 74
95 23
178 223
89 86
133 178
50 95
50 17
223 217
89 95
217 223
217 223
95 17
89 5
50 89
217 178
50 95
89 95
217 223
217 223
89 50
223 178
89 95
133 223
95 117
95 14
89 95
217 178
89 95
133 217
5 50
142 228
5 95
95 93
178 223
5 73
50 95
217 167
217 223
223 178
178 149
95 89
89 50
217 178
217 133
223 133
95 89
223 217
89 5
5 30
89 95
223 217
50 95
217 133
95 50
133 142
64 13
223 251
217 223
133 175
133 217
133 223
95 89
95 89
178 133
5 95
192 211
178 223
20 8
95 23
89 95
142 228
133 223
50 5
50 123
217 223
217 223
17 59
133 223
89 50
50 95
133 217
50 89
133 178
5 89
217 178
20 64
50 95
5 29
89 95
223 178
143 162
178 223
133 178
178 223
95 89
95 5
145 223
95 18
217 178
5 95
241 186
89 51
5 50
89 95
178 133
217 223
5 89
133 223
217 223
89 95
95 53
217 223
95 50
89 95
223 178
178 254
217 178
95 89
89 95
95 89
223 178
50 95
133 217
153 178
223 178
99 113
223 133
133 178
89 95
217 223
95 89
96 89
50 18
217 133
223 178
5 89
217 175
223 178
5 95
133 178
95 89
133 223
5 95
217 223
223 133
89 68
89 114
50 95
5 89
5 95
95 50
5 50
5 50
102 95
50 89
178 223
95 75
217 223
50 5
178 233
223 133
217 223
95 50
5 45
133 178
217 223
50 95
178 223
95 50
133 223
223 178
198 239
223 217
5 50
5 95
50 95
223 217
95 50
89 50
95 5
169 196
89 95
217 133
95 50
217 223
223 217
223 133
50 95
5 89
68 15
217 223
5 89
133 223
50 95
50 5
217 223
50 95
133 223
178 217
95 99
133 178
223 217
95 50
223 178
223 217
133 223
223 178
223 178
50 95
95 89
178 223
223 217
223 211
133 178
95 89
68 14
5 89
95 119
217 223
178 223
217 223
89 50
223 178
133 223
50 89
95 89
89 95
217 148
133 246
223 217
217 223
223 178
246 141
5 50
217 223
217 178
217 223
95 116
119 99
217 223
5 50
178 217
193 233
178 217
223 217
50 89
133 217
133 217
133 217
5 89
95 89
89 95
89 95
50 95
217 223
133 223
89 95
223 244
14 100
178 223
89 95
50 5
89 95
89 95
50 120
5 95
133 223
223 133
95 5
223 133
95 41
95 5
223 151
89 50
217 164
217 223
89 50
223 210
89 95
217 223
223 217
178 223
89 50
223 242
133 217
50 95
50 95
5 95
89 5
251 247
96 46
50 89
89 95
217 223
203 217
89 95
50 95
50 95
217 178
5 95
89 5
50 95
5 50
223 217
217 223
133 217
223 178
95 50
217 223
89 5
5 50
5 89
178 132
89 5
133 178
178 223
223 142
223 217
5 89
89 95
133 223
223 217
217 223
95 89
217 137
217 223
217 133
217 223
50 89
50 95
95 89
89 95
15 68
89 95
50 95
223 217
223 133
50 43
227 138
178 223
89 5
191 209
50 107
223 217
95 99
95 89
217 223
95 14
178 217
217 223
95 89
95 89
217 133
5 89
178 224
95 5
133 223
50 115
50 95
217 223
50 89
223 217
5 89
169 193
89 95
133 178
50 95
95 89
118 65
89 95
253 223
217 178
133 223
223 133
217 223
223 217
50 95
89 5
133 217
5 95
95 89
89 95
217 178
89 50
50 5
50 89
222 206
217 223
96 21
178 223
5 50
217 178
223 217
95 23
89 95
133 153
217 223
133 145
223 217
89 95
50 95
95 50
223 217
223 217
133 217
217 223
89 95
241 186
148 136
178 148
217 174
217 133
223 217
89 0
217 223
89 50
89 95
217 223
5 89
223 178
89 95
217 133
5 73
217 223
95 5
178 223
89 35
50 5
95 50
133 178
217 178
89 50
217 223
89 95
5 95
5 50
217 133
223 217
5 73
217 223
217 223
133 223
41 15
89 95
95 50
133 209
50 71
133 217
89 95
95 14
50 95
178 217
50 8
95 89
133 217
178 223
5 89
217 223
89 95
5 95
95 89
89 5
223 217
217 178
95 94
89 50
5 89
178 223
50 95
95 89
89 95
89 2
50 95
50 5
5 89
95 89
223 178
178 223
89 50
223 133
223 133
89 95
95 89
89 95
217 133
5 95
223 133
217 223
89 95
89 14
5 95
178 207
191 248
50 95
182 221
133 178
178 223
89 95
133 223
223 178
223 178
50 89
133 201
95 50
133 223
95 5
217 223
5 95
178 217
5 89
133 178
178 223
133 223
178 223
50 95
95 5
133 178
89 95
178 133
178 223
5 95
89 50
5 31
89 95
178 223
89 95
223 142
5 1
89 95
178 133
95 89
217 223
133 175
223 244
133 178
89 95
217 133
133 201
5 95
89 95
217 196
89 95
95 89
95 5
95 89
89 95
133 178
89 95
89 95
217 223
223 178
89 50
133 223
89 68
89 95
178 217
50 89
54 80
133 217
15 34
5 50
50 121
50 89
89 95
89 95
89 50
89 95
5 95
246 193
89 95
89 5
50 14
95 89
178 223
217 223
133 217
217 204
217 210
50 95
15 83
89 95
89 95
222 219
217 223
217 223
50 95
223 217
95 89
178 223
89 4
217 178
50 121
95 89
95 115
182 242
178 223
133 178
142 223
217 178
133 217
50 89
178 186
89 95
63 120
178 223
217 163
89 95
95 89
89 95
50 95
95 50
89 5
241 186
5 83
178 133
178 129
133 223
50 95
89 5
118 42
89 5
223 211
223 178
223 217
5 89
89 95
133 223
95 5
178 152
95 50
50 109
89 95
217 178
133 217
89 50
133 175
50 95
217 235
178 147
217 223
50 95
178 223
133 217
178 223
145 160
223 250
89 95
227 141
5 95
89 84
217 133
223 133
133 223
89 119
217 178
5 89
217 223
106 70
133 217
217 223
178 223
5 89
223 178
214 182
89 95
133 223
54 25
223 217
89 50
95 50
95 89
223 178
121 9
95 50
217 167
133 217
217 178
178 223
143 162
223 133
217 179
217 223
5 10
50 5
217 223
89 95
217 223
223 217
89 50
54 19
50 95
50 89
223 217
89 95
89 50
223 133
89 50
89 50
217 223
89 95
5 89
133 223
133 217
95 116
217 151
50 5
217 178
217 223
133 217
217 178
89 50
50 95
89 95
178 223
178 223
178 205
89 73
178 181
50 89
89 91
178 223
5 89
95 23
107 13
178 223
217 223
217 223
178 223
50 19
50 89
178 223
95 50
178 144
223 217
178 217
89 95
89 95
217 187
50 5
145 253
50 44
178 223
89 95
178 223
89 95
178 223
223 142
89 50
133 227
133 223
89 50
50 18
89 95
89 95
95 5
50 123
217 223
95 50
133 217
223 142
217 178
217 178
223 133
5 95
178 223
162 239
50 95
89 95
95 89
178 223
50 95
178 223
175 167
89 95
133 186
133 178
178 217
50 95
50 95
89 50
50 20
5 50
217 223
89 50
222 139
89 95
89 95
50 89
95 89
95 5
89 95
89 95
95 89
5 95
217 223
95 89
95 5
95 5
95 14
89 95
89 95
217 223
133 142
89 50
223 217
95 89
217 223
217 178
223 217
89 5
95 89
50 89
178 217
5 95
5 95
89 95
217 223
217 223
89 50
50 5
50 86
223 207
95 5
41 79
50 95
223 238
217 178
143 211
178 133
217 223
217 144
100 119
223 178
133 178
227 207
178 223
89 95
217 223
133 201
142 209
20 8
5 89
217 178
217 223
50 95
217 223
50 89
95 5
223 217
89 5
89 50
95 39
217 223
89 50
249 152
133 217
179 228
223 210
50 102
228 247
178 217
217 223
95 89
95 89
5 50
217 178
133 201
136 223
133 217
217 223
5 89
5 95
89 116
217 178
133 223
223 217
251 247
217 223
5 89
223 217
125 98
217 249
95 50
223 217
178 223
217 223
89 5
178 133
5 95
217 223
133 217
50 95
95 89
50 95
133 178
95 14
223 217
223 178
79 83
178 217
217 133
217 133
89 50
223 217
223 217
50 95
178 223
94 121
95 89
217 133
89 5
89 95
95 5
217 178
89 95
178 133
5 73
5 73
50 95
178 181
50 83
89 95
89 95
223 217
169 194
178 145
223 133
89 95
223 217
125 89
5 89
133 201
217 178
178 133
50 17
217 133
223 133
217 223
95 5
133 178
178 223
223 178
217 178
178 223
217 133
89 5
223 217
217 178
133 223
217 237
5 89
178 223
223 217
133 228
217 223
5 50
223 178
89 95
223 199
50 5
50 5
217 144
95 89
5 95
95 14
15 83
89 5
14 81
50 75
178 223
223 178
89 93
89 95
95 14
95 89
89 50
223 151
217 223
5 95
217 223
50 95
178 133
217 166
217 223
89 95
223 217
89 95
5 47
95 89
95 89
223 133
133 223
95 31
217 223
217 223
89 95
95 50
5 50
178 217
89 5
217 223
223 222
5 95
217 178
169 196
50 32
5 95
89 95
217 223
95 89
95 5
178 223
89 50
133 223
223 217
89 95
89 2
50 5
133 217
217 251
5 35
178 223
50 79
133 217
223 178
5 12
5 89
50 95
223 235
118 65
50 95
223 133
178 223
217 223
89 95
223 133
50 89
142 223
223 217
223 178
217 223
89 95
89 95
95 89
253 207
223 133
89 95
217 223
89 95
89 95
223 133
89 95
95 5
223 133
50 61
246 170
223 133
170 249
89 95
89 50
50 5
133 217
133 178
5 95
89 95
133 223
68 41
133 223
253 161
178 217
5 95
95 89
133 142
95 5
223 217
223 133
143 207
223 151
50 95
178 217
217 133
223 217
178 223
217 223
5 123
65 8
223 217
5 95
89 95
96 106
217 223
50 95
223 217
223 161
217 251
133 217
89 127
217 178
5 50
223 217
89 50
178 191
95 83
89 50
89 95
217 178
223 250
95 23
95 5
178 223
223 244
50 5
234 226
95 5
95 102
217 223
217 178
133 217
133 178
133 178
5 89
50 95
95 5
89 95
223 217
50 93
227 188
95 18
5 85
5 89
178 133
217 178
95 5
178 133
95 5
50 5
89 95
89 95
217 196
223 217
89 95
89 95
5 50
223 178
178 227
217 223
95 89
223 217
50 89
89 95
169 234
178 217
89 119
178 133
223 133
133 201
50 95
95 77
223 217
95 14
223 133
5 73
89 95
89 50
95 89
50 5
89 95
223 142
64 50
89 50
178 154
217 223
89 95
223 142
89 95
251 178
133 217
217 178
5 89
217 133
217 178
217 223
223 217
133 223
5 50
125 98
95 14
95 50
17 64
5 89
223 142
95 117
217 133
95 50
178 217
217 223
223 217
217 223
50 95
223 217
142 209
89 95
89 116
89 95
133 217
50 5
223 217
133 178
50 56
223 133
5 95
89 50
178 133
223 217
217 152
217 178
89 95
65 99
133 217
89 95
89 95
95 5
178 133
5 50
217 223
223 217
89 119
5 89
5 79
143 162
5 95
217 133
89 5
89 95
95 89
217 133
223 222
89 95
217 178
63 79
223 133
5 95
217 223
95 89
50 5
95 89
5 95
17 80
223 217
217 223
223 217
178 223
178 223
217 223
133 217
95 89
50 95
89 95
50 95
50 95
89 5
223 217
133 217
133 217
89 5
41 23
89 95
95 98
95 89
89 5
178 213
186 207
89 95
217 223
217 223
217 133
89 95
223 146
223 133
223 133
89 50
133 178
113 58
223 178
217 178
178 217
107 79
95 89
95 89
89 95
95 89
50 95
217 223
223 133
89 95
223 178
95 5
50 30
217 133
50 95
133 175
95 89
89 57
89 95
217 133
201 133
217 223
217 223
178 223
89 95
217 223
89 50
217 133
223 217
95 77
50 95
217 178
5 50
95 50
223 217
178 223
89 95
5 89
178 217
5 95
217 223
217 223
89 95
50 5
89 50
178 223
95 89
50 89
95 89
50 75
217 133
133 217
89 95
5 50
217 133
182 248
5 50
50 95
89 95
223 178
79 83
89 95
223 178
50 95
95 18
95 89
5 89
95 89
133 223
133 223
5 50
217 133
89 95
95 89
89 5
5 95
50 23
95 93
5 50
178 223
133 217
178 223
64 34
89 78
223 217
217 178
223 178
223 147
5 89
148 136
50 95
217 178
20 64
89 5
217 223
95 20
118 125
133 223
89 95
217 178
223 217
223 178
133 178
5 95
5 95
217 223
50 95
95 89
178 217
89 5
178 217
217 178
178 223
95 89
193 227
95 50
217 138
191 224
5 50
95 89
241 186
89 95
178 217
178 217
133 223
50 89
5 18
223 217
89 95
5 95
5 89
51 104
5 68
89 5
89 95
217 223
89 47
89 95
228 247
133 178
133 223
95 89
5 95
89 5
89 95
223 178
89 95
50 95
95 5
95 89
217 223
95 50
223 217
133 210
133 178
133 201
133 253
89 95
223 133
5 95
133 217
95 50
133 223
89 5
5 95
89 95
89 95
5 95
133 205
178 217
89 5
95 50
217 223
217 223
95 89
95 89
79 83
223 217
133 223
223 217
217 223
95 89
95 89
133 223
178 175
223 217
223 217
178 223
95 60
50 26
133 217
148 192
50 5
89 95
95 5
191 207
178 223
223 178
95 50
223 217
178 223
223 217
89 95
89 50
223 178
133 223
217 205
133 223
5 50
217 223
89 95
5 50
89 50
223 178
169 244
50 5
5 50
50 5
178 223
5 95
95 50
217 223
89 5
95 50
217 223
95 50
223 217
89 5
217 245
217 133
89 5
50 95
217 178
95 5
133 223
95 5
95 5
217 133
178 223
223 217
223 128
227 230
133 178
89 95
95 89
95 5
89 95
89 95
223 178
50 95
178 223
217 145
95 50
178 217
95 89
223 133
5 50
223 133
143 211
89 106
89 95
217 133
217 178
133 178
5 95
223 178
5 95
223 178
133 223
223 217
217 223
217 176
50 95
95 89
217 223
178 223
148 192
50 5
89 5
217 133
5 95
89 59
217 223
133 157
95 89
118 65
95 89
133 223
89 95
5 95
217 223
133 145
50 89
196 143
5 95
95 50
133 217
217 223
50 95
89 95
178 217
223 217
89 95
133 223
217 182
89 50
223 142
113 58
223 178
89 5
249 174
95 5
95 23
178 223
50 5
223 217
235 141
95 89
89 50
95 89
223 217
50 95
95 5
89 95
223 178
50 95
178 211
223 142
95 89
223 217
50 89
41 68
217 178
89 50
89 95
217 223
89 95
89 95
95 89
50 95
191 224
133 223
5 89
89 5
50 95
50 68
217 223
89 61
125 59
95 89
50 89
95 89
95 50
89 74
5 89
95 23
5 47
89 95
223 217
223 217
5 89
89 5
217 175
133 223
217 223
217 223
95 50
5 89
50 89
89 95
217 223
223 217
89 50
178 223
223 178
95 5
50 89
178 223
50 95
223 178
89 95
217 133
133 217
133 201
133 217
217 223
223 169
5 50
133 223
95 89
5 89
217 133
133 223
50 23
5 95
89 95
95 89
50 54
89 68
95 5
133 217
217 178
95 5
223 142
178 223
223 133
95 5
50 89
89 95
89 50
178 223
223 217
50 95
5 123
50 95
178 223
223 178
50 95
178 223
178 217
89 95
95 89
217 133
89 50
223 178
217 170
223 217
50 5
223 133
42 51
89 95
217 223
5 89
5 95
217 170
249 212
95 50
223 133
50 95
217 223
89 95
51 45
178 183
223 178
95 50
89 95
95 50
89 95
217 178
223 217
95 50
89 95
133 223
223 136
133 158
50 17
133 201
50 95
89 95
217 178
178 133
89 5
217 178
217 178
217 223
50 95
95 23
89 95
217 133
95 89
95 88
178 223
89 50
141 209
89 95
95 39
223 217
89 95
133 217
208 178
5 89
217 178
178 223
89 95
196 169
223 217
217 223
95 23
89 5
217 223
95 89
217 178
223 133
15 34
95 89
89 95
5 89
223 248
178 217
5 50
89 50
217 133
178 223
41 96
125 18
118 83
133 217
95 89
223 178
95 89
217 223
133 223
95 5
89 95
133 210
202 228
217 178
95 89
217 178
89 95
50 95
217 244
50 5
89 5
50 95
133 217
217 223
95 50
95 89
5 74
133 223
178 208
54 8
125 118
89 106
89 50
89 95
217 223
133 223
246 170
178 217
217 223
41 23
95 50
133 223
95 50
95 89
5 50
95 73
133 178
223 178
223 217
133 217
95 89
95 93
5 50
223 170
5 95
223 217
17 88
223 185
5 95
223 217
178 223
89 95
95 5
50 95
95 5
50 5
133 217
217 178
5 95
217 178
95 50
89 95
217 223
133 223
223 217
217 223
133 223
223 183
133 223
17 118
133 223
217 223
223 142
178 217
89 95
89 111
222 198
133 223
95 50
178 223
5 95
223 217
95 89
182 133
5 89
133 201
95 50
95 50
95 89
5 95
178 223
217 133
95 50
89 95
178 223
133 217
223 178
51 23
95 50
95 50
223 217
223 133
5 50
217 223
5 73
217 223
217 251
89 95
89 50
5 89
50 95
5 50
95 50
95 89
89 95
178 146
89 5
50 95
217 223
217 223
89 95
95 89
95 5
95 89
5 76
50 95
50 5
217 223
5 95
178 133
223 217
95 89
223 217
50 95
217 178
5 89
217 223
5 36
223 133
217 223
178 151
89 95
89 50
178 217
5 107
217 223
51 57
89 95
178 223
217 223
178 148
95 5
95 5
15 68
223 207
217 223
50 95
217 133
95 5
5 95
5 89
223 217
89 50
98 50
217 178
95 23
133 178
5 89
5 95
178 223
95 120
133 175
133 178
5 75
5 47
178 223
133 223
17 79
217 223
217 223
95 23
5 95
178 133
217 223
5 89
133 201
50 5
217 178
95 89
223 178
89 50
95 89
95 50
95 89
5 50
133 217
223 211
133 201
193 176
83 50
5 89
89 95
217 133
15 34
5 50
50 5
223 217
178 223
41 23
89 95
89 5
217 223
198 170
50 95
89 95
89 50
223 211
217 223
217 140
217 223
178 217
95 89
50 95
223 133
133 217
224 223
217 133
178 238
50 95
89 48
133 223
178 223
5 95
223 178
95 50
133 223
95 5
223 178
89 95
95 89
217 223
50 5
89 50
133 223
95 50
54 50
217 230
217 178
133 223
133 178
5 50
217 223
5 95
95 5
5 95
5 89
133 223
223 178
95 50
95 109
89 66
50 33
95 89
89 95
217 223
5 89
223 133
50 89
89 95
217 223
217 223
178 217
89 95
113 58
95 123
89 50
217 133
50 89
68 15
89 50
133 178
223 217
223 217
5 95
133 248
95 89
223 178
95 14
217 178
178 223
95 5
50 95
133 217
133 178
5 95
223 178
89 95
89 50
223 133
133 223
114 50
217 223
89 95
178 247
89 95
50 95
217 223
89 95
83 50
217 223
89 5
223 142
5 50
50 43
95 89
217 223
95 89
217 225
95 89
95 50
217 223
223 217
178 223
95 5
95 78
89 95
178 223
50 5
217 223
5 95
5 95
133 217
178 133
223 133
89 95
223 230
17 74
217 223
223 217
64 41
217 223
89 50
50 95
217 223
223 217
133 217
5 95
192 211
223 133
217 223
95 5
89 78
148 249
223 251
133 217
178 223
178 133
50 89
95 89
5 95
223 217
81 42
50 95
223 217
89 95
217 223
95 89
89 50
89 95
5 89
178 207
217 178
89 5
217 223
89 50
133 217
178 223
178 223
217 151
217 223
217 223
95 10
5 95
223 178
95 89
64 83
217 223
223 243
178 223
223 217
178 217
5 89
223 217
89 95
5 89
95 50
81 42
178 223
50 5
64 52
178 223
89 123
217 223
5 12
89 5
95 5
89 95
217 223
217 223
50 89
50 91
178 223
50 95
217 133
89 95
133 217
223 217
223 133
107 13
89 5
5 95
89 95
95 89
99 75
89 95
178 137
50 54
95 5
179 235
95 5
217 223
178 223
50 95
217 178
89 95
178 223
5 50
217 142
50 89
133 217
133 217
95 89
223 217
223 142
217 133
223 217
50 95
5 89
5 95
133 217
95 5
217 223
89 5
133 182
89 50
223 217
178 133
223 133
178 217
50 5
217 223
223 217
51 80
133 178
133 217
217 133
95 5
89 50
217 223
217 223
217 239
5 95
217 223
50 95
50 95
217 223
99 72
217 133
89 95
5 95
95 50
223 212
89 95
217 178
5 89
217 133
217 133
223 151
217 223
89 95
217 223
95 5
217 223
217 223
89 95
223 139
5 95
217 178
89 95
5 89
95 89
89 50
217 223
95 79
5 73
89 50
50 95
50 54
217 133
223 220
89 95
89 95
89 95
223 217
223 146
50 89
50 5
50 5
217 182
223 133
121 84
5 89
217 223
50 95
133 223
95 5
89 5
223 217
89 95
5 95
95 89
89 95
133 162
95 89
50 95
50 5
133 223
89 83
178 133
133 217
95 89
89 95
223 178
5 89
133 207
89 95
178 223
217 223
89 95
89 50
50 95
119 20
95 89
50 95
178 223
95 89
95 20
50 5
89 95
65 91
223 133
5 50
223 133
217 178
133 212
5 89
133 175
249 188
89 95
5 14
89 95
89 95
95 50
5 89
178 223
178 223
223 133
217 133
223 178
89 50
95 89
5 89
253 136
50 95
89 95
50 95
223 217
223 217
217 223
169 140
217 178
89 5
217 223
217 138
217 133
133 223
223 221
133 178
217 223
223 217
95 89
95 89
89 95
217 178
133 221
178 223
89 95
133 223
89 5
217 223
50 95
89 5
5 47
51 107
178 223
50 95
223 133
5 95
89 70
89 95
217 223
95 89
223 217
5 89
142 209
217 223
223 217
178 133
223 217
217 223
217 223
178 223
95 89
50 95
223 133
89 5
89 95
217 223
145 156
95 5
223 178
50 95
95 50
178 223
217 223
50 5
133 217
182 178
95 89
79 63
178 223
95 50
133 238
133 223
89 95
5 95
5 50
5 47
133 223
178 214
217 223
5 120
217 223
89 95
50 95
50 95
5 89
50 95
5 89
50 95
50 5
95 89
217 133
50 89
217 223
133 223
223 217
217 223
95 50
223 217
223 133
217 223
133 223
42 51
89 50
50 95
89 6
50 95
95 5
89 95
223 217
50 5
89 50
95 89
133 178
95 89
217 133
239 198
89 95
133 223
178 133
64 93
89 95
178 223
223 217
178 217
50 84
89 95
89 95
95 5
5 95
178 223
5 89
217 223
65 79
89 95
50 89
5 89
223 151
223 178
89 5
178 223
89 95
217 223
217 223
50 76
5 45
217 223
223 217
217 133
95 23
223 217
89 50
15 34
50 123
89 5
23 50
223 217
223 217
223 133
89 5
178 152
50 124
223 142
133 191
178 213
89 50
5 89
217 179
95 89
89 95
95 89
133 223
89 46
89 5
217 223
217 223
50 5
50 95
50 5
95 50
133 175
50 89
5 97
217 223
223 217
89 95
96 60
223 217
89 95
145 216
217 178
95 14
223 178
217 133
89 50
95 89
95 89
5 89
217 239
217 178
89 95
95 89
50 95
5 95
170 179
89 50
223 217
178 133
5 95
133 178
223 133
223 178
217 223
125 94
217 223
178 223
217 223
223 178
14 81
5 89
95 85
95 89
178 217
50 5
89 50
5 89
5 50
223 217
178 225
95 5
89 115
223 142
217 133
89 95
178 223
217 133
223 178
50 95
5 50
5 50
50 51
133 223
223 178
223 133
5 95
89 95
89 97
178 223
5 95
178 223
95 38
89 95
223 178
89 1
133 223
95 89
223 194
217 223
89 50
5 89
50 95
50 95
133 223
89 50
133 217
217 176
89 95
217 223
50 95
89 50
133 178
178 223
89 95
89 95
50 95
5 95
50 95
5 50
119 20
5 89
95 5
5 56
217 133
95 14
223 179
217 223
50 95
89 95
5 95
95 89
223 217
178 217
5 95
217 178
50 89
5 95
217 178
223 133
5 50
5 95
217 223
95 50
178 223
89 50
178 223
178 182
50 95
5 18
5 50
5 76
50 5
223 217
89 11
178 223
217 223
54 121
133 178
223 178
95 89
223 209
133 223
133 223
178 223
133 178
217 133
133 178
89 95
89 50
223 217
89 95
50 110
89 5
42 51
89 50
217 223
95 50
50 95
217 223
133 217
89 95
95 89
95 89
89 95
223 178
50 5
178 223
133 223
89 77
89 95
133 179
223 133
217 178
95 89
89 95
5 89
5 89
95 89
5 38
217 223
89 95
50 89
178 223
123 89
5 95
89 50
89 50
178 223
223 217
133 178
251 247
89 95
133 223
89 95
217 223
178 223
54 19
95 5
5 95
178 187
223 151
95 5
223 217
217 133
89 50
5 115
41 72
178 223
50 89
223 217
89 5
223 151
41 82
95 89
89 0
5 95
217 245
50 95
89 95
95 89
223 217
223 217
89 95
50 89
133 158
50 89
178 217
217 223
133 223
217 223
217 178
89 95
95 5
95 5
41 6
148 136
50 5
50 95
217 223
50 5
133 217
95 89
89 50
50 5
223 217
95 14
95 20
217 223
201 133
95 89
89 95
217 178
133 223
223 217
5 74
5 73
227 148
5 47
217 223
89 95
68 15
133 178
223 217
95 50
89 116
223 178
99 47
89 50
223 217
89 50
217 245
5 95
217 133
217 178
133 223
217 178
217 223
217 133
95 89
133 209
133 217
125 95
95 60
178 223
178 223
223 178
89 95
81 42
50 95
133 223
50 95
186 152
5 95
64 5
89 95
133 217
89 95
178 223
223 175
133 156
5 95
50 95
223 217
89 5
217 178
217 178
50 10
192 158
223 178
217 223
217 223
95 14
5 50
133 182
178 133
217 223
50 5
217 133
133 178
95 14
217 223
217 223
133 223
223 217
95 89
217 133
5 95
89 95
217 223
63 96
89 95
89 116
133 178
223 210
50 101
89 50
133 223
223 133
89 71
178 133
89 50
133 178
207 227
89 95
133 178
223 178
178 223
95 89
192 219
89 95
223 217
5 89
5 50
223 133
217 223
251 247
217 223
50 5
5 50
217 223
217 133
217 178
217 223
223 178
217 223
50 89
133 178
133 211
50 95
5 47
217 223
178 223
223 133
217 151
89 95
217 223
50 5
89 95
95 50
217 223
133 201
89 95
89 95
178 223
89 95
133 217
223 217
178 223
50 95
223 217
223 178
133 223
217 223
5 95
89 5
89 50
5 95
133 217
50 95
5 95
222 190
95 82
95 89
5 89
89 84
223 217
223 217
89 5
142 209
121 122
223 217
89 95
89 5
95 89
95 89
178 175
5 50
50 89
5 95
178 133
223 217
223 217
217 223
95 89
227 146
5 95
5 95
223 217
223 178
50 89
89 5
5 89
50 45
50 109
217 223
178 223
50 118
148 192
133 178
95 29
217 143
217 223
89 95
50 95
178 223
217 133
5 89
95 50
223 217
223 217
145 212
89 50
223 217
95 89
217 223
89 55
50 95
133 217
95 89
217 133
89 78
178 255
5 95
89 95
89 5
178 133
5 47
133 178
89 116
217 178
95 89
95 50
217 223
50 5
89 95
95 5
133 217
133 251
133 217
89 5
125 116
95 89
95 50
95 89
51 28
5 75
223 178
133 223
89 95
89 95
178 223
178 223
89 95
217 178
95 50
133 223
121 45
223 178
89 50
95 89
5 50
223 217
89 50
64 83
217 223
5 89
95 89
50 5
217 223
217 223
95 89
217 133
223 210
89 95
217 178
178 217
217 223
133 178
217 223
178 229
96 113
95 89
95 89
178 145
227 164
223 217
50 5
95 89
50 89
89 95
89 95
50 5
5 47
178 223
95 50
170 148
95 5
50 3
5 116
50 95
142 209
89 95
217 133
133 223
133 217
224 184
5 75
223 133
217 178
89 95
95 50
5 107
50 102
119 123
50 95
217 223
50 95
50 95
178 223
217 223
223 217
5 73
95 50
50 89
50 5
223 178
89 95
89 95
178 223
217 178
217 223
5 50
223 133
50 95
217 223
217 220
217 133
178 133
5 95
50 5
223 217
178 217
217 223
95 5
133 223
223 178
223 178
133 223
89 95
89 95
95 89
133 223
95 89
50 95
5 50
217 148
223 169
121 25
89 95
95 89
217 223
169 173
217 133
95 5
217 178
133 178
95 89
5 50
89 95
133 178
217 223
89 5
133 223
89 5
179 228
217 223
133 223
133 178
5 89
217 223
89 5
50 95
223 217
89 5
89 14
223 178
133 201
223 178
5 95
223 133
160 202
5 89
89 95
133 178
223 217
95 14
42 81
178 223
223 178
222 133
95 5
50 89
50 63
95 89
217 131
95 84
50 95
178 169
217 166
50 74
50 85
217 177
133 223
89 95
133 217
95 89
89 50
217 178
89 50
217 133
217 223
217 223
178 150
217 178
223 178
95 89
95 14
223 133
223 217
178 217
95 89
217 223
95 89
95 89
5 95
178 145
178 223
54 52
217 178
89 50
223 217
89 50
223 178
89 95
50 5
178 223
178 217
217 223
217 130
223 133
89 95
217 178
217 223
5 89
89 95
178 223
89 95
227 190
217 223
223 178
223 217
178 223
217 223
5 89
89 95
5 89
223 142
217 178
217 223
50 95
223 217
133 223
226 217
50 95
95 3
50 83
133 223
178 232
217 178
178 223
217 225
50 95
89 4
95 123
223 221
217 133
133 178
217 178
89 95
217 223
133 223
95 89
178 223
133 223
95 89
17 39
217 223
223 217
95 89
223 145
217 133
217 133
50 5
63 120
95 89
95 23
50 95
133 217
217 178
217 251
133 178
89 95
95 76
223 217
133 223
223 217
95 50
89 95
89 77
217 223
223 178
50 89
223 217
133 178
89 95
223 133
178 246
95 14
133 223
50 95
5 73
89 95
5 50
217 223
89 95
224 254
217 223
178 223
217 178
223 217
89 95
217 178
133 217
15 79
50 95
223 217
5 73
133 223
5 95
223 148
133 178
217 133
5 95
223 178
89 50
223 178
50 95
169 187
133 217
89 82
217 223
178 223
178 223
5 95
50 95
5 89
178 217
217 223
95 50
5 95
133 187
89 95
133 217
223 133
95 50
89 9
217 223
89 95
70 42
217 223
5 50
217 178
191 207
217 223
223 217
133 223
217 133
89 95
223 178
89 95
89 95
253 196
178 133
169 139
5 89
95 78
178 223
83 15
89 95
89 50
178 223
223 178
89 95
50 89
89 95
133 246
133 217
133 223
179 191
8 64
89 95
89 95
217 223
89 95
95 89
95 89
223 133
89 95
217 223
89 95
217 133
50 95
64 107
217 178
50 95
178 223
178 223
50 5
133 223
50 95
5 89
95 50
217 178
151 223
95 89
217 245
50 95
95 89
133 246
89 95
178 201
217 242
89 95
50 89
89 95
223 178
217 178
223 133
50 95
217 178
89 95
95 14
5 50
89 95
223 178
95 14
50 95
89 95
89 95
223 217
223 133
50 95
223 217
95 5
133 223
50 102
133 217
217 223
89 95
95 89
223 178
217 223
5 95
5 42
217 223
223 217
217 223
89 95
95 89
94 55
191 248
5 76
217 223
95 89
227 251
179 213
95 79
89 50
178 133
178 148
223 133
89 95
223 133
223 133
217 130
217 223
5 13
217 133
50 89
217 133
5 89
5 120
133 223
95 5
223 178
182 156
95 89
133 248
217 223
178 198
223 211
217 133
113 58
223 133
133 201
50 121
217 223
217 133
160 202
5 95
178 167
95 89
89 97
133 234
5 50
50 40
50 89
95 89
20 64
133 223
95 50
217 223
95 50
133 217
89 95
224 213
89 50
223 217
133 217
5 95
217 133
50 95
50 5
217 178
89 95
95 5
217 133
89 95
217 223
89 95
50 83
223 217
217 223
50 5
50 95
133 223
133 223
89 5
217 178
223 193
95 5
50 95
89 65
217 178
89 118
223 217
178 223
178 223
89 5
5 95
217 223
50 95
5 95
95 50
178 133
95 5
50 95
133 217
5 47
133 217
223 217
223 178
95 79
178 133
89 50
178 217
223 178
5 50
95 89
89 95
50 24
50 95
5 89
217 178
5 89
178 133
54 50
89 50
198 170
95 89
89 95
95 89
133 143
5 95
95 89
5 73
95 14
133 223
50 95
89 95
223 158
178 223
133 201
89 95
50 95
95 14
5 50
95 5
217 133
223 217
217 223
50 95
223 133
5 50
89 95
50 95
178 217
89 95
217 223
89 95
89 95
191 207
5 122
89 50
50 95
5 89
5 50
95 89
5 50
5 50
178 202
95 50
95 89
5 89
217 133
5 89
223 133
95 50
217 223
50 111
89 5
223 207
95 89
133 146
95 89
5 73
95 50
223 217
89 95
50 89
5 95
95 89
50 89
95 5
178 223
217 133
89 95
217 178
50 95
95 89
95 89
178 223
89 95
133 223
196 169
217 223
50 89
5 71
95 89
133 217
178 213
51 82
89 95
223 217
223 178
133 223
223 133
217 178
133 170
178 223
5 50
15 34
89 50
178 223
217 223
133 178
217 178
169 178
217 223
178 223
89 95
50 95
95 14
95 89
133 217
223 178
5 95
95 89
223 217
89 95
217 223
178 223
178 223
217 133
95 23
133 217
217 133
217 178
133 223
178 223
5 50
50 5
89 95
217 178
217 178
50 89
223 217
5 50
89 6
107 13
223 217
5 89
95 23
223 217
89 5
178 130
99 86
223 133
50 95
223 217
223 217
89 5
5 38
125 59
223 217
50 95
50 89
89 95
223 133
5 95
89 50
95 5
5 89
95 89
89 95
217 223
217 170
217 223
133 156
133 178
20 8
20 64
89 95
133 217
133 170
95 50
217 223
15 83
223 217
50 95
217 223
178 223
179 170
95 19
5 95
95 89
178 217
133 217
50 89
217 223
95 5
89 95
89 95
223 151
89 95
223 133
133 223
178 133
143 211
182 178
133 178
95 89
95 89
178 204
178 223
5 95
217 223
5 41
133 178
89 95
95 89
217 223
50 89
5 95
89 50
95 5
169 196
223 217
142 223
89 95
5 95
89 50
217 223
95 89
95 89
81 42
89 50
95 89
217 223
89 95
89 50
217 133
170 179
50 89
196 143
217 178
133 223
223 217
89 95
223 133
178 147
95 63
217 223
217 223
178 223
5 16
89 95
133 223
133 178
50 97
5 89
95 89
95 89
217 223
217 182
5 50
121 96
217 223
223 217
89 50
63 96
89 42
206 217
89 10
89 95
89 95
223 178
217 223
217 223
133 178
50 95
223 217
59 63
68 15
217 223
95 76
178 217
89 95
223 133
217 133
223 217
89 5
217 178
223 178
217 223
178 225
113 58
223 178
5 89
217 223
89 95
133 178
223 217
5 47
217 223
178 242
95 50
223 217
95 89
217 133
217 212
217 223
95 5
95 89
50 95
133 223
133 178
217 223
89 50
95 50
50 5
217 223
89 95
95 14
217 223
235 141
223 217
178 255
50 95
95 89
223 217
5 89
5 63
178 223
89 95
89 5
133 223
223 133
89 95
50 95
89 5
89 5
178 206
223 178
50 89
93 95
95 50
95 5
50 17
5 89
5 51
5 95
133 223
5 50
89 5
217 173
89 50
89 95
133 217
79 83
133 223
217 223
178 223
50 16
96 115
217 235
217 223
223 217
50 89
217 178
89 50
95 14
217 149
89 110
50 89
133 223
95 5
223 151
223 251
223 217
89 95
50 89
50 15
178 217
95 5
133 217
50 95
223 151
89 5
89 95
95 89
133 217
217 242
50 26
89 50
178 217
223 133
5 95
89 95
178 223
99 22
50 89
5 95
5 47
89 50
95 89
133 223
89 95
223 217
5 89
95 50
89 95
99 50
5 95
223 133
95 89
169 229
5 47
41 115
217 133
89 83
50 89
95 50
178 142
95 50
223 217
217 223
223 244
133 217
223 141
223 217
223 167
133 243
133 217
89 50
133 217
226 178
95 84
50 89
217 178
222 252
217 223
217 133
89 50
223 245
217 178
5 77
5 50
89 95
133 223
217 133
217 223
133 223
223 217
95 5
223 178
89 50
89 95
223 133
89 95
223 178
133 201
223 133
5 50
89 95
95 89
5 95
89 50
223 145
89 5
95 89
178 166
95 5
50 95
223 133
95 50
89 95
223 178
50 7
95 83
5 95
95 89
223 133
5 95
95 50
175 223
133 178
133 178
133 178
50 95
217 223
95 89
178 217
50 89
5 89
209 228
5 89
95 5
217 133
50 89
217 178
95 89
217 223
95 50
217 223
133 222
95 14
95 89
95 50
50 95
133 178
223 227
5 95
178 223
223 178
178 133
178 223
51 42
178 217
95 5
89 95
89 95
89 95
113 118
217 223
50 95
223 217
223 178
133 223
95 50
5 95
50 95
89 95
217 237
64 44
95 5
178 217
95 89
50 89
133 178
217 133
5 95
89 5
118 65
50 95
133 217
223 217
5 95
89 38
5 122
217 223
133 201
89 82
223 178
95 50
207 191
133 217
178 223
223 217
223 217
223 217
89 95
89 50
5 14
182 202
95 50
89 95
217 223
217 178
217 204
217 178
133 178
223 133
89 95
50 95
89 95
89 95
89 95
133 223
95 50
217 203
20 65
178 223
133 230
217 173
50 89
5 95
89 95
217 223
178 223
217 210
217 178
95 50
65 50
5 95
217 223
89 5
178 217
217 223
95 50
50 95
50 95
50 95
217 222
223 217
178 201
89 50
178 157
95 50
50 95
95 89
217 178
223 178
20 64
133 178
5 50
79 80
178 223
223 178
50 95
95 89
217 133
89 95
50 95
50 95
50 5
223 217
50 95
89 95
89 95
79 80
223 133
133 201
223 217
50 95
94 20
217 178
217 223
50 95
5 95
178 223
89 50
95 89
223 133
178 133
5 95
133 223
95 89
223 217
5 95
5 75
223 217
5 50
217 223
223 217
217 223
217 250
95 89
133 178
223 178
223 178
89 95
95 89
133 223
223 178
217 223
89 95
223 178
5 95
89 95
95 5
223 221
50 95
89 50
223 217
89 31
217 223
223 217
178 223
89 95
89 95
178 180
217 225
178 223
145 254
178 223
14 89
89 99
223 133
133 178
50 95
223 136
50 95
50 89
5 73
133 217
133 223
223 217
148 192
50 89
133 223
95 5
50 95
89 95
5 95
50 95
89 50
178 223
217 223
223 217
223 217
227 189
50 89
217 178
178 189
175 148
50 95
178 217
50 95
89 50
133 223
89 106
223 217
89 95
89 95
217 223
217 223
89 95
89 95
95 89
133 201
5 23
133 223
89 95
95 5
50 5
222 172
89 50
223 217
178 133
95 89
217 149
95 89
178 223
178 133
217 223
95 5
95 89
217 133
95 5
223 217
89 95
133 178
223 178
89 68
89 50
217 145
133 223
217 223
133 178
95 89
50 5
223 217
89 95
133 136
223 178
95 89
89 95
89 50
178 217
133 217
133 202
95 5
178 223
178 223
133 223
5 96
217 223
95 71
50 95
217 223
89 95
217 133
178 223
133 175
223 251
5 104
89 50
95 89
95 50
193 188
50 89
89 95
133 217
89 5
95 92
217 178
247 227
217 223
217 223
5 89
95 89
50 95
95 5
95 89
89 95
217 133
223 203
133 223
217 223
5 89
89 95
95 5
89 95
191 248
50 5
5 89
217 178
89 95
89 95
50 95
217 223
95 89
217 223
95 89
89 95
89 95
133 223
223 178
95 89
217 178
5 51
89 95
89 95
50 95
95 89
89 5
5 95
217 178
178 223
89 5
95 5
95 50
217 223
50 95
5 95
89 95
178 223
89 50
178 223
5 95
5 95
95 50
125 59
89 5
95 5
89 50
133 188
178 223
50 95
89 81
50 89
217 223
5 95
223 142
89 95
50 95
95 50
50 95
95 89
178 223
5 50
223 178
217 133
178 223
223 217
5 95
217 178
223 229
95 89
133 217
178 217
95 5
223 178
50 95
50 95
178 133
5 50
217 223
50 95
178 223
89 95
5 95
178 223
89 95
95 5
89 95
50 95
95 89
50 95
209 170
217 223
89 95
133 178
133 223
133 223
217 223
89 95
50 95
223 178
223 167
223 178
133 208
133 178
246 193
5 50
95 50
217 133
5 95
89 95
217 223
95 5
74 89
20 64
89 95
223 217
217 223
5 50
223 133
89 95
223 178
223 245
95 89
95 50
217 223
89 5
5 89
217 223
133 178
95 89
89 50
133 178
5 54
223 217
63 120
133 246
89 95
95 5
223 217
223 178
95 50
178 171
89 95
224 223
179 166
223 178
89 5
5 95
5 95
95 89
95 89
223 133
50 23
217 223
178 133
178 223
133 223
133 217
95 23
133 223
5 50
89 95
95 89
133 217
50 5
96 53
119 99
89 95
14 5
223 178
217 223
133 217
133 178
89 95
50 95
95 23
178 128
217 223
89 5
20 8
89 95
178 158
178 223
217 223
217 223
178 133
50 95
133 253
223 178
89 95
95 89
178 133
133 223
89 95
50 95
217 223
160 202
182 213
50 45
95 89
133 223
223 178
133 175
5 113
133 178
89 95
50 95
217 178
5 95
95 5
217 178
223 217
178 223
178 133
89 50
217 223
223 178
89 95
217 223
89 95
5 95
5 95
50 121
133 223
89 95
5 95
217 178
89 50
217 223
5 89
217 212
5 50
5 95
133 178
95 5
50 95
217 133
5 95
133 201
89 95
95 89
223 178
89 95
5 89
5 47
223 133
217 223
89 95
223 133
217 133
223 133
223 178
89 95
95 5
95 59
217 223
89 95
95 31
133 160
95 50
223 151
50 5
95 89
241 186
95 5
95 14
50 125
217 178
217 223
217 223
50 95
5 73
5 95
50 5
223 178
5 47
178 223
133 223
217 223
51 64
89 95
178 223
143 162
178 211
5 89
178 223
217 223
133 178
5 95
217 223
133 223
89 5
133 217
50 95
178 253
5 95
95 5
89 59
217 133
89 95
95 89
5 89
133 178
83 14
95 50
133 223
95 89
223 178
217 223
50 95
178 133
133 178
5 47
50 95
20 64
89 95
89 5
178 223
223 217
89 95
13 107
50 95
89 95
217 223
95 50
5 89
217 178
133 223
217 133
217 223
223 178
178 223
223 133
217 223
217 223
133 253
217 223
89 50
89 95
223 178
89 95
50 95
89 50
5 89
133 223
217 223
5 95
89 95
217 133
133 223
217 223
89 95
95 50
89 95
178 133
89 5
133 217
241 186
160 202
5 95
5 50
217 223
89 50
223 205
95 89
63 96
94 3
178 133
89 50
89 95
133 204
223 133
133 201
223 217
89 50
217 223
89 95
50 5
223 217
50 95
178 133
178 223
74 100
50 95
217 223
50 22
89 50
89 5
89 95
50 89
95 50
5 53
223 133
5 95
217 223
89 50
89 50
5 95
95 50
217 223
89 95
223 133
179 171
223 133
89 50
89 95
133 223
95 89
178 223
223 178
95 89
223 178
217 223
217 178
118 65
217 133
178 223
133 255
51 109
178 223
223 217
95 89
142 209
133 223
223 178
89 95
217 223
89 95
5 63
5 89
89 50
89 18
89 95
5 89
95 50
178 223
217 223
223 178
50 5
198 170
223 133
5 127
95 39
178 133
73 5
95 50
50 95
89 32
95 50
217 223
217 178
217 178
133 223
50 5
217 201
223 178
133 178
217 225
133 217
5 50
223 217
50 89
89 95
223 217
133 175
89 50
223 217
169 196
133 217
217 223
223 217
5 95
223 153
89 23
125 106
223 217
223 217
217 133
133 178
50 95
95 5
217 133
54 102
178 150
253 187
217 223
95 50
133 178
95 89
95 57
89 5
223 217
133 223
217 223
223 217
133 223
178 217
178 217
223 253
223 142
89 26
50 95
5 95
50 89
178 145
95 89
223 217
136 148
89 95
50 95
50 95
223 178
89 95
20 8
5 89
133 223
217 223
217 223
196 169
169 184
133 178
133 223
169 143
89 95
50 95
217 223
223 217
148 192
89 95
223 217
217 223
32 74
50 89
223 217
50 95
178 229
89 50
89 5
217 223
223 133
217 223
178 223
223 217
223 217
89 50
15 79
133 223
89 95
217 223
125 59
5 95
63 96
50 95
42 51
217 223
169 244
217 223
89 95
5 95
5 80
223 217
95 50
223 178
50 95
143 162
89 95
95 5
133 223
217 178
89 95
5 79
217 178
89 5
89 5
50 95
89 50
95 89
217 223
89 95
95 5
209 170
217 223
223 217
89 95
89 95
95 89
217 223
89 95
133 223
89 95
178 223
50 89
50 95
13 81
217 178
217 157
178 223
89 95
89 5
5 95
217 178
223 133
89 95
5 50
133 217
99 29
50 17
5 95
89 95
223 178
41 68
42 51
5 50
5 50
5 89
5 47
133 223
95 50
133 178
223 151
182 167
89 95
223 203
50 89
50 5
178 210
223 178
50 106
223 217
133 201
50 95
89 50
89 54
5 95
178 217
50 22
50 89
217 133
223 217
178 223
133 217
223 199
178 133
95 5
223 178
143 207
217 223
89 95
89 95
50 6
133 217
95 5
235 141
50 78
95 5
95 5
5 95
133 175
178 223
133 217
223 217
133 223
89 95
5 89
217 223
223 133
5 95
89 113
95 89
89 5
217 223
5 95
217 178
5 95
5 95
95 89
223 133
89 50
89 95
178 223
89 50
89 95
227 207
15 34
217 223
95 89
133 223
5 89
5 95
5 95
223 194
95 89
217 133
95 23
95 89
223 217
223 217
89 95
99 86
223 217
50 95
223 151
50 84
50 95
178 146
143 211
133 178
5 95
217 178
133 217
89 95
50 5
223 170
95 50
95 50
133 223
217 223
217 157
89 50
178 223
89 95
89 95
133 178
95 23
217 133
95 5
178 223
95 14
50 89
50 89
133 223
89 50
5 95
217 223
89 5
89 95
5 120
217 223
178 223
133 175
58 113
223 217
89 95
217 220
89 95
211 234
89 95
192 226
223 178
223 178
113 58
217 223
5 95
89 95
178 223
95 89
95 89
217 178
148 192
178 133
5 89
89 95
217 223
217 223
217 133
5 89
95 5
95 50
223 217
133 217
125 79
95 5
192 141
89 95
95 5
5 89
95 45
133 223
89 2
5 89
42 51
15 83
133 178
178 217
95 89
89 5
223 133
217 223
95 50
217 133
50 95
217 223
223 217
133 175
50 89
95 89
223 178
95 50
178 223
223 142
223 217
95 14
178 223
89 50
217 223
217 178
95 89
5 95
89 95
5 89
89 95
89 95
223 133
5 95
50 89
89 50
95 5
89 50
217 223
217 223
95 50
178 217
89 95
169 199
217 223
217 223
5 71
178 133
133 223
217 223
178 223
50 95
95 50
253 239
5 50
253 144
50 124
95 23
133 178
223 217
133 207
95 89
217 223
217 133
95 89
5 95
217 223
89 58
89 5
217 205
223 217
178 175
95 89
179 168
217 223
133 217
89 95
89 95
143 211
89 50
95 50
89 95
17 125
133 178
99 46
145 175
95 5
169 133
50 95
50 95
217 223
89 50
133 178
133 178
95 89
217 133
217 178
223 217
89 50
223 178
89 95
223 151
178 142
133 217
133 217
217 223
95 5
95 79
50 5
51 107
223 217
95 5
133 201
217 133
89 80
217 223
133 223
95 89
50 95
182 181
178 133
217 223
50 89
133 178
89 95
5 95
89 95
223 217
217 223
178 223
100 5
89 50
223 133
95 50
133 223
133 178
217 223
5 95
178 217
5 89
228 142
125 109
178 133
217 223
5 50
50 95
133 148
95 50
89 95
89 50
217 223
89 95
5 95
95 5
89 95
217 130
227 212
217 223
95 50
217 223
178 217
217 223
223 217
50 95
95 5
89 95
50 95
178 223
95 89
50 5
89 68
50 89
223 133
95 89
223 217
5 89
5 89
133 223
178 223
50 95
217 223
178 223
95 119
178 133
50 95
178 223
133 178
223 217
169 223
133 223
50 95
89 95
50 95
95 89
178 249
50 5
217 133
95 64
148 136
133 201
217 223
89 95
178 182
5 95
178 223
133 217
95 5
223 178
95 0
89 95
217 223
178 223
217 223
217 223
223 217
178 223
89 95
178 217
178 223
133 217
5 50
95 14
223 133
89 5
178 175
17 125
50 5
89 84
217 133
196 143
5 95
192 189
89 5
223 133
133 178
5 50
95 5
178 217
50 95
50 19
217 223
50 95
50 95
50 89
89 95
5 50
18 95
89 95
133 223
217 203
89 5
222 198
217 178
223 133
178 223
5 89
178 133
95 23
5 50
223 151
95 89
95 89
89 95
50 54
5 0
217 178
217 223
5 89
50 1
178 223
95 89
89 95
50 89
217 223
178 223
95 89
223 129
89 95
89 95
89 95
89 95
178 217
192 211
223 217
217 133
133 217
223 217
217 223
17 18
89 95
5 50
223 178
5 95
217 223
5 89
50 95
96 60
178 223
202 227
5 50
223 178
95 5
89 95
5 89
50 31
5 47
89 95
178 133
217 223
50 95
58 5
223 142
95 89
89 93
178 227
89 95
89 95
217 223
178 203
133 223
217 223
89 61
89 95
217 223
223 133
89 95
178 223
133 223
223 217
95 89
133 217
89 50
223 178
223 178
95 89
89 95
95 5
217 223
223 133
89 50
5 95
223 133
17 50
217 178
5 89
89 95
133 223
178 226
223 217
217 208
178 217
223 217
89 5
95 89
95 83
89 78
5 44
169 151
95 5
223 217
5 50
178 159
217 223
133 245
217 178
5 89
217 223
89 95
223 178
15 83
50 5
125 98
217 243
96 74
133 217
217 223
217 178
217 223
223 217
133 223
89 5
5 95
217 223
95 50
42 51
20 8
178 217
50 95
217 223
5 79
223 217
5 95
89 24
95 89
178 164
50 95
133 223
217 223
119 83
89 5
95 50
95 89
50 52
89 50
223 217
95 5
223 178
50 95
169 200
178 223
5 95
178 146
148 136
89 95
123 119
223 178
217 251
95 50
50 95
224 254
223 217
50 95
217 223
95 89
223 217
89 50
50 5
178 133
223 217
223 178
95 5
50 95
217 178
223 217
178 223
95 89
95 5
96 61
217 133
178 223
178 223
223 217
5 89
50 42
74 99
5 89
178 133
178 223
89 5
217 178
217 178
223 217
5 95
223 133
217 133
5 50
217 175
50 111
95 89
133 178
253 223
223 133
217 199
50 95
50 5
133 217
50 93
95 5
133 223
89 95
5 95
50 5
125 84
5 42
223 217
63 79
89 50
89 101
223 217
223 217
89 50
178 223
223 217
95 89
89 5
223 133
217 223
217 223
179 139
217 199
89 95
95 5
133 158
217 248
15 34
178 223
217 229
217 248
50 89
95 50
95 89
5 42
223 217
217 223
223 133
5 18
95 29
89 95
133 223
68 41
223 241
178 223
223 178
223 178
50 5
5 89
89 95
223 217
89 95
223 217
217 223
217 178
5 89
143 211
217 133
217 223
133 223
217 178
217 223
217 178
178 223
89 95
133 175
95 124
5 95
178 223
223 217
95 5
178 223
217 223
95 89
89 95
96 105
95 1
223 217
5 89
89 5
133 223
95 83
95 89
223 178
217 168
5 47
89 95
148 192
5 95
95 89
5 89
5 89
178 223
223 217
217 133
223 151
223 251
217 223
133 217
217 223
217 133
178 223
95 51
178 227
5 39
95 89
178 223
95 89
5 95
178 133
50 5
217 226
217 223
89 76
5 95
178 133
95 89
5 89
95 20
178 201
89 95
5 89
133 223
89 5
95 89
95 89
133 217
50 95
207 211
89 50
89 95
217 185
223 178
178 223
99 58
133 223
95 89
89 50
217 223
89 95
79 83
178 217
223 207
223 178
178 223
89 5
223 178
223 178
50 95
223 133
89 95
223 217
217 223
50 95
178 223
133 223
5 95
50 95
5 95
89 5
89 51
95 50
50 5
133 178
223 217
5 95
178 223
217 133
234 223
17 61
68 41
89 95
50 5
50 95
89 95
223 203
95 89
5 50
89 95
95 89
5 95
223 178
223 158
89 50
217 223
89 5
5 89
133 128
178 223
182 178
133 223
5 89
95 77
95 89
217 133
89 50
133 217
113 74
95 50
95 50
5 95
95 89
95 5
223 151
223 217
50 95
5 95
5 89
5 95
89 95
50 95
217 223
5 18
89 5
217 223
217 223
217 186
5 89
223 238
223 217
133 217
133 223
133 217
95 89
50 95
89 95
224 191
5 89
5 89
178 223
50 95
223 217
178 223
41 15
217 223
17 112
223 208
89 95
217 223
5 95
5 28
5 95
223 199
223 178
121 117
89 5
5 89
133 223
89 95
133 217
95 89
223 133
223 251
5 89
5 89
186 241
133 223
223 142
217 178
95 50
217 178
5 95
217 223
89 95
95 89
95 50
217 178
63 42
95 23
217 223
5 95
217 178
148 136
89 95
217 230
50 95
133 223
95 50
50 95
89 50
223 178
5 89
133 178
50 95
217 223
217 223
223 217
217 223
133 217
95 50
192 213
133 223
89 50
95 89
5 89
89 38
217 223
89 78
89 95
89 95
89 95
50 95
89 95
5 73
217 223
223 133
223 178
89 95
133 154
178 238
178 217
217 223
207 217
89 5
15 79
133 223
50 95
178 202
178 223
50 89
217 201
54 18
178 223
89 101
5 56
178 223
95 5
223 217
178 223
89 95
89 95
217 178
217 223
217 223
89 95
133 223
95 50
64 113
89 95
133 217
89 95
95 89
50 5
95 14
95 5
50 5
89 95
223 217
217 176
133 178
89 95
5 47
223 178
5 95
217 223
89 95
95 84
217 230
95 50
50 89
223 178
178 223
5 50
95 50
95 89
50 95
89 5
89 95
50 95
89 50
223 178
178 223
5 50
223 217
50 95
118 13
89 5
133 223
133 217
223 178
223 217
95 89
95 14
223 217
50 89
217 223
50 89
95 89
217 223
217 223
89 95
5 68
234 198
223 207
95 89
223 217
95 124
133 223
133 217
50 5
178 133
5 89
95 14
5 89
50 95
119 100
5 95
178 223
89 50
95 14
217 178
133 178
89 5
5 73
217 178
89 95
50 93
95 10
217 223
223 217
178 223
50 18
95 50
143 211
89 95
133 217
223 217
223 133
223 178
5 89
5 50
217 133
89 95
89 95
89 95
223 217
223 178
217 223
50 95
89 5
95 89
20 8
217 133
89 95
223 133
133 223
178 223
133 201
223 178
223 217
42 95
99 68
5 95
50 5
89 50
95 5
178 175
241 186
223 217
15 79
223 178
89 123
5 50
95 50
217 223
5 89
89 5
217 223
223 217
68 14
133 172
178 223
217 223
50 95
95 0
50 89
223 178
95 89
95 50
223 217
169 233
223 151
89 5
89 95
89 95
217 223
89 95
178 223
50 95
89 95
95 89
178 223
217 223
95 89
95 5
95 122
12 50
89 95
89 5
133 223
95 23
95 89
217 223
178 184
95 50
133 223
223 178
133 178
89 95
95 89
5 47
178 223
217 133
50 95
64 83
133 227
5 95
89 10
50 95
178 223
89 95
50 95
58 113
50 95
178 223
217 223
5 95
50 95
5 74
5 95
217 223
217 223
95 89
178 223
217 133
89 5
89 50
95 5
217 223
223 133
50 3
217 133
50 89
178 223
89 95
50 89
223 217
89 95
223 178
178 223
223 151
89 95
217 223
223 217
89 95
95 50
14 81
5 95
50 95
223 207
133 223
95 89
95 5
133 223
89 95
17 125
89 5
223 217
5 89
223 217
178 235
223 133
5 95
223 178
133 217
95 50
50 95
178 211
89 95
64 20
89 50
178 223
89 95
179 219
133 223
143 211
50 95
143 207
178 223
217 178
223 178
223 217
50 95
178 223
223 133
89 5
89 50
95 5
5 95
5 95
95 123
170 222
89 116
192 186
89 50
95 50
217 223
50 95
178 133
5 34
121 59
217 223
223 217
13 107
5 73
223 217
223 217
223 133
50 95
223 193
50 95
217 223
89 50
178 223
50 5
133 223
95 23
95 14
217 178
223 178
133 201
133 223
95 50
89 95
133 178
17 74
95 89
50 95
89 95
145 246
5 47
178 223
5 50
223 217
95 14
95 123
95 50
89 95
89 95
50 95
223 133
133 217
14 81
5 95
89 5
95 14
223 178
223 217
89 95
133 205
95 5
217 148
133 223
50 95
95 50
5 89
217 133
133 151
217 223
223 178
89 95
217 223
217 206
95 50
89 95
95 23
14 81
223 133
170 179
89 95
178 223
50 89
217 223
95 76
95 89
89 50
50 95
133 223
133 178
95 5
178 177
133 217
95 89
223 151
5 95
133 162
5 20
217 223
99 83
223 217
95 14
143 162
178 133
223 217
95 5
95 89
5 3
5 95
217 178
95 5
223 142
50 95
95 14
133 223
217 223
222 228
95 89
217 223
5 50
223 133
5 118
217 133
5 73
217 223
133 217
89 45
223 217
217 133
217 223
89 95
5 89
151 223
89 50
133 175
17 23
217 133
133 178
133 178
133 223
89 50
95 122
217 178
217 223
141 235
217 133
217 223
217 223
217 178
95 89
217 178
133 178
133 178
89 95
95 89
5 95
217 175
178 223
217 223
5 50
178 133
143 162
89 95
178 217
217 223
217 178
223 178
50 75
186 203
241 186
89 95
178 223
89 5
89 46
217 133
178 223
192 244
217 223
178 223
95 50
223 133
179 138
89 95
95 50
89 95
95 89
223 217
89 5
95 89
223 217
89 95
133 223
133 223
50 95
133 223
223 179
50 95
89 95
178 133
5 89
217 223
89 10
133 223
95 23
223 133
5 95
217 223
5 89
217 223
133 223
133 217
5 47
5 95
133 217
133 201
89 95
89 50
89 95
223 217
223 217
5 95
50 19
178 145
133 178
5 89
223 133
89 50
95 14
95 89
133 217
89 95
89 95
89 95
95 50
142 209
95 50
89 95
50 123
50 95
178 223
217 223
178 223
178 133
89 95
89 95
50 95
89 50
5 95
89 83
227 176
50 5
223 217
178 217
153 234
5 95
95 23
217 210
223 133
223 133
217 223
89 95
89 50
89 42
133 178
217 223
5 89
89 5
95 89
133 217
253 226
217 223
178 133
13 5
95 93
50 95
178 217
5 89
89 95
223 217
89 95
50 5
217 133
95 89
224 143
50 89
217 223
89 5
217 223
50 17
50 5
5 89
217 223
148 192
217 223
217 178
89 95
223 199
63 96
178 133
95 89
217 223
89 95
89 95
89 5
51 42
133 217
50 95
217 244
50 95
223 133
89 95
191 224
5 95
223 217
223 178
217 133
89 95
217 223
217 223
95 89
5 89
5 95
5 95
217 133
217 223
133 223
133 201
178 223
89 95
217 133
217 178
217 178
5 95
249 149
5 50
5 89
50 95
95 89
89 57
178 211
217 178
217 223
95 5
89 50
217 223
5 50
89 60
178 223
89 95
223 217
217 133
217 223
251 253
223 133
95 5
89 95
178 239
50 95
89 95
95 89
217 223
223 142
133 221
5 89
121 122
95 5
133 217
178 223
50 18
95 89
5 95
133 201
133 145
5 89
178 223
223 178
50 5
89 95
89 95
217 133
50 95
5 58
95 89
217 223
95 89
50 89
50 16
89 95
100 119
50 95
223 217
89 95
125 39
178 223
223 133
89 95
89 95
89 95
89 95
89 95
5 95
89 5
145 202
133 223
64 106
89 95
99 89
95 89
217 214
133 217
133 217
5 47
95 5
223 178
5 89
178 223
89 95
89 54
5 89
95 50
50 95
217 133
89 95
223 217
5 21
217 223
223 217
95 89
246 193
223 244
89 95
223 217
95 5
89 123
89 95
192 196
50 95
178 223
89 95
5 50
217 223
133 217
178 223
58 79
133 223
178 223
133 178
95 50
223 217
223 217
50 5
223 142
5 89
50 17
217 178
143 207
223 178
94 42
95 50
223 133
50 95
5 89
95 50
50 95
5 34
50 5
89 95
95 89
89 5
223 217
223 217
217 133
89 5
217 223
89 95
95 89
178 134
133 211
217 223
95 50
223 142
89 95
217 223
5 58
95 5
118 65
223 228
223 133
89 95
217 178
217 223
148 192
118 42
89 95
178 185
133 217
217 223
89 95
50 95
89 95
223 217
133 175
89 95
89 5
217 223
95 5
95 5
118 65
145 146
217 223
7 54
50 95
95 50
223 217
5 89
50 5
5 123
89 95
50 5
133 217
178 251
133 223
217 133
217 223
133 223
217 223
89 95
5 89
217 133
89 5
223 217
217 133
89 50
223 217
95 50
5 95
217 133
223 166
133 223
217 223
95 50
133 217
95 89
5 95
5 50
217 178
20 64
178 223
89 95
68 41
50 5
89 95
95 57
5 95
95 89
133 196
217 223
223 178
95 91
50 52
133 178
178 237
5 95
217 133
50 77
133 223
89 5
50 89
241 186
217 223
217 133
95 89
223 217
217 223
178 223
5 47
95 77
95 89
89 95
133 223
133 178
217 223
89 95
95 14
217 223
217 133
217 223
153 234
14 81
95 89
133 223
178 253
223 133
5 95
89 5
192 133
95 89
223 178
235 141
133 217
5 95
217 178
5 73
217 223
89 5
89 50
5 95
50 95
223 142
133 178
95 23
223 217
89 95
120 42
133 175
89 5
5 89
89 95
133 178
95 89
178 223
217 223
223 217
5 89
224 201
217 133
178 217
133 223
74 100
217 178
217 133
217 223
133 223
178 223
217 178
89 95
50 89
5 95
65 0
178 217
223 178
50 77
178 223
223 217
5 89
148 136
217 178
95 89
223 178
223 217
5 0
95 50
89 5
178 136
63 120
95 50
95 14
89 95
223 133
89 5
133 223
133 217
5 50
223 217
178 189
89 95
89 50
5 95
95 23
223 178
5 77
95 77
5 95
178 255
89 26
5 47
95 50
223 217
227 249
50 5
178 217
95 5
178 133
223 133
178 133
5 89
217 223
95 5
5 47
89 95
223 217
5 89
50 95
223 217
193 245
217 199
95 50
217 223
223 217
178 223
5 95
89 49
217 133
5 73
89 95
217 223
50 26
95 89
5 50
95 50
120 116
178 223
226 170
223 251
95 5
95 1
50 95
5 95
50 95
95 83
217 223
178 243
68 15
178 198
217 133
217 159
95 89
217 223
89 95
223 178
217 223
5 89
95 89
178 138
217 223
223 133
223 142
89 95
133 223
133 175
5 89
223 178
223 217
223 217
178 223
20 64
95 50
217 178
89 5
95 5
89 95
89 95
133 223
50 100
95 5
217 223
95 89
89 5
89 95
223 178
89 95
95 41
223 225
133 223
178 223
224 141
5 95
223 217
5 89
89 95
50 5
50 95
89 102
217 178
95 50
217 178
5 114
95 98
178 191
89 50
95 89
223 178
133 201
217 220
133 217
133 217
89 95
133 217
223 217
217 237
5 50
5 89
217 223
89 95
89 95
95 5
217 178
89 95
223 178
5 95
89 78
89 95
223 217
223 178
65 68
125 65
95 5
217 223
89 5
95 89
217 178
75 14
217 223
217 178
217 178
89 95
217 223
5 95
95 1
50 89
119 20
50 89
89 95
223 151
5 95
217 223
223 178
178 208
217 212
5 89
5 89
5 95
95 21
89 50
89 50
223 142
217 178
89 95
178 133
217 133
178 223
121 50
178 223
5 95
217 223
217 133
50 89
223 178
89 95
89 95
217 148
217 178
95 89
223 217
178 217
178 133
178 223
5 95
178 223
89 5
223 178
143 211
89 95
223 217
89 95
5 47
50 95
17 95
89 95
217 185
217 223
5 89
223 217
5 50
95 50
89 5
223 217
50 5
217 223
217 151
133 178
178 217
223 133
5 68
95 89
95 89
95 50
228 247
217 223
89 95
95 89
89 95
89 95
223 217
89 95
50 89
95 89
217 223
191 178
5 99
5 89
95 50
217 133
217 223
217 223
5 54
89 95
223 217
17 50
50 95
5 95
133 178
95 5
223 217
95 89
217 223
133 223
178 217
223 217
95 5
217 223
89 56
89 50
101 89
89 50
14 100
89 50
89 95
5 89
223 210
5 95
223 151
5 95
5 50
217 178
223 217
143 211
89 95
223 217
95 89
217 133
223 217
133 217
133 178
89 50
217 223
5 89
178 223
178 174
217 223
95 89
217 223
89 95
217 223
223 133
223 148
95 89
217 210
133 227
178 223
95 89
95 89
5 50
5 95
5 95
95 89
223 217
50 95
223 217
178 223
246 193
5 50
223 217
95 23
178 133
223 178
217 223
217 223
125 50
5 47
89 5
5 95
217 223
217 223
95 89
133 223
217 178
50 95
217 223
89 5
89 95
223 133
223 217
228 142
5 89
196 143
217 223
89 95
89 95
217 223
217 223
217 178
133 223
89 95
50 14
95 89
89 95
89 95
89 46
223 148
223 133
223 178
50 121
89 95
50 89
217 152
95 89
217 223
223 178
95 5
217 223
223 217
89 95
89 50
217 133
89 5
95 5
89 95
133 223
89 18
95 14
89 95
170 179
217 133
89 50
50 65
5 50
50 20
217 223
182 220
178 223
95 109
223 217
50 5
178 223
178 217
50 95
223 178
50 95
217 133
89 95
50 95
133 217
1 89
217 223
95 89
133 223
89 95
50 95
5 95
223 217
223 217
223 178
95 50
133 178
178 223
89 50
50 95
223 217
5 59
5 50
89 95
5 95
217 178
95 5
178 133
95 50
217 223
89 95
223 217
178 237
178 223
178 133
5 95
50 95
223 217
217 223
95 50
89 95
5 95
89 95
5 89
217 133
50 95
5 89
217 223
89 5
50 64
217 223
169 205
133 207
217 223
133 223
178 223
5 95
133 217
89 95
133 223
20 8
133 217
89 39
217 212
50 95
223 217
89 95
5 117
178 220
5 50
89 95
5 95
133 238
89 5
133 178
89 50
133 217
95 89
95 89
95 50
89 5
89 95
217 223
178 217
217 223
89 50
95 5
217 223
133 223
95 89
5 95
217 223
178 208
217 133
50 89
133 217
95 89
223 133
217 178
125 76
217 223
133 178
95 50
95 89
133 217
223 217
54 26
89 95
95 50
223 178
125 93
133 223
133 217
217 178
178 223
217 223
217 223
223 217
217 223
89 50
223 217
89 95
50 95
15 34
217 223
95 5
133 217
223 217
228 247
223 217
217 223
223 133
133 178
223 178
95 89
217 223
178 217
217 223
5 47
95 50
5 95
5 95
50 5
133 176
95 93
178 223
89 50
5 50
217 133
5 47
217 178
95 93
223 142
223 178
217 223
223 133
95 50
178 223
223 178
178 133
32 74
143 211
95 89
217 223
89 71
89 50
223 251
95 89
133 178
5 95
178 223
95 89
226 228
178 133
50 95
89 95
89 95
133 178
217 178
217 133
223 217
50 5
89 95
133 237
217 223
217 223
95 89
223 178
50 89
223 175
178 244
5 50
217 235
5 95
95 50
217 223
223 178
89 5
223 217
50 89
50 95
223 217
223 178
178 133
217 223
179 170
95 89
217 223
5 50
50 89
223 166
223 217
50 95
89 95
170 209
54 83
95 50
223 133
25 106
217 178
223 133
133 217
223 217
178 184
5 95
89 95
223 217
89 95
5 50
133 175
224 130
223 133
5 50
95 89
133 179
50 95
217 223
89 121
217 223
223 178
89 95
223 217
5 95
223 217
89 95
223 217
89 5
89 95
191 248
223 133
99 38
217 223
95 57
133 178
34 111
89 50
95 23
217 178
223 178
133 142
89 95
5 89
94 16
133 217
5 50
89 95
89 50
50 95
95 14
223 217
89 95
217 203
169 219
223 217
178 223
99 20
178 217
133 223
95 50
89 95
223 145
89 95
223 217
217 223
5 50
217 223
94 66
133 217
223 178
50 95
133 178
217 223
133 217
178 223
223 133
95 5
89 50
178 223
227 151
95 89
133 217
89 95
5 89
95 89
223 178
217 133
89 95
223 178
5 95
89 50
5 95
95 89
5 95
14 5
217 178
217 223
217 223
247 251
223 133
217 223
178 223
50 89
133 223
223 217
217 229
133 201
217 133
99 64
89 5
217 223
89 50
50 79
178 133
58 89
5 95
50 95
223 217
217 223
223 133
100 119
89 23
133 223
133 178
89 95
95 50
5 50
5 95
241 211
178 133
217 178
50 106
223 178
89 50
133 178
95 50
5 95
178 223
223 178
89 95
169 223
89 95
50 95
217 223
89 18
223 217
5 121
246 193
217 223
193 224
89 95
89 95
133 223
95 89
95 50
217 223
89 5
217 223
50 95
89 50
95 50
50 95
178 133
217 178
217 223
89 50
5 47
95 89
89 50
89 95
217 142
223 178
50 95
50 95
89 95
89 95
217 178
217 133
223 217
217 133
133 223
5 89
5 89
178 213
50 95
217 223
5 50
223 217
63 120
228 247
178 217
5 95
178 217
223 217
223 151
178 179
50 83
217 178
133 175
50 95
178 164
217 223
223 217
50 95
89 95
5 95
133 217
5 95
217 223
223 217
95 50
133 223
223 217
228 142
5 50
95 89
223 217
95 89
5 95
228 178
95 50
133 217
217 178
217 223
95 125
89 5
178 133
5 89
217 223
89 50
178 223
89 95
178 217
217 223
5 89
5 47
95 89
89 95
5 95
223 178
41 15
95 50
178 223
223 217
89 95
89 95
178 239
223 217
178 133
50 95
133 178
89 95
95 89
217 223
217 223
89 95
50 13
217 133
178 192
5 95
217 223
5 95
223 151
169 196
133 178
133 242
224 185
133 201
228 142
50 95
223 178
89 5
50 95
178 223
50 95
95 89
223 133
217 133
89 95
133 178
178 223
234 223
217 223
178 223
50 101
89 5
95 50
217 223
95 89
223 178
217 223
253 201
58 113
209 170
50 95
89 50
145 217
50 97
223 133
133 175
217 178
95 89
217 223
50 17
178 217
17 125
89 50
217 223
17 121
223 217
217 178
89 95
178 223
178 223
89 94
89 95
217 247
178 223
95 89
95 89
223 178
95 89
217 223
123 125
223 133
50 1
170 222
89 50
223 217
58 59
5 95
223 217
223 133
89 95
5 73
89 50
5 47
223 212
217 133
133 223
89 95
217 223
133 223
145 223
89 80
89 95
95 89
133 201
217 247
133 223
223 133
89 95
223 217
217 223
5 73
89 6
5 89
89 95
217 223
217 223
5 89
89 118
89 65
50 95
217 223
95 89
89 50
178 144
133 223
95 23
5 95
50 5
89 50
50 5
95 89
223 217
228 142
95 5
223 217
95 89
95 50
89 5
79 54
95 89
95 89
217 162
95 50
133 178
223 133
99 112
133 217
80 50
15 79
89 50
223 178
223 178
217 223
89 50
178 154
217 223
95 50
217 133
89 50
50 95
79 83
217 133
89 95
95 50
178 223
223 166
50 95
95 89
133 223
89 68
178 223
95 89
223 217
95 0
5 95
95 5
89 95
178 223
50 89
178 134
50 95
133 217
50 89
50 95
5 95
95 50
228 142
217 133
133 178
217 223
178 223
223 205
217 178
89 95
89 50
178 223
178 145
89 95
5 89
95 89
133 223
95 89
223 217
133 217
223 217
223 133
95 89
217 133
95 50
217 223
217 223
50 71
142 209
89 95
95 89
89 5
133 217
223 217
89 95
95 89
178 223
169 153
50 89
217 223
178 133
95 89
217 133
223 194
95 5
133 217
217 223
95 50
89 95
50 95
223 133
217 178
217 223
217 178
217 223
95 50
50 95
89 95
50 95
178 223
223 217
178 223
133 217
50 89
94 41
133 223
178 217
223 217
50 95
217 178
217 178
5 95
223 183
178 217
211 133
223 217
5 95
217 228
95 89
223 217
217 223
223 178
50 95
89 50
89 95
50 5
178 133
217 223
89 50
89 95
5 47
5 89
178 217
95 89
95 50
178 223
89 50
217 223
223 217
95 5
63 79
217 223
50 95
217 133
133 223
5 89
217 178
95 107
133 238
178 223
217 223
223 217
50 95
5 51
217 178
89 95
133 223
5 89
217 212
95 50
223 133
133 178
68 41
95 50
217 223
89 95
217 178
5 95
50 95
89 50
89 10
5 89
95 89
178 223
222 159
178 223
133 223
89 95
223 217
95 14
133 178
50 95
95 89
217 223
223 173
133 223
89 95
89 95
89 50
5 95
133 178
217 223
133 223
223 217
5 73
5 95
89 5
133 217
133 178
178 223
95 50
5 50
89 50
50 83
95 50
217 178
89 95
89 95
223 217
50 95
64 83
89 50
50 95
217 223
178 223
95 14
50 95
95 89
178 133
223 208
95 125
89 5
50 95
5 73
217 223
217 243
217 223
89 50
5 95
89 95
5 95
217 133
50 89
133 178
50 95
89 95
89 95
223 217
223 178
217 154
89 50
223 217
89 50
133 217
95 5
5 22
89 95
