256 10000
5 95
217 223
223 133
5 50
223 178
249 185
217 178
217 223
50 95
222 219
217 178
178 222
95 50
50 55
95 83
95 89
133 178
217 223
50 63
223 178
223 142
178 223
178 220
223 217
223 178
217 223
89 95
178 223
89 50
217 223
5 95
217 133
178 223
89 5
50 95
95 84
95 20
5 89
95 89
95 5
217 223
217 133
223 142
5 89
145 181
223 217
217 133
217 223
50 89
20 8
89 95
95 5
133 223
178 221
133 217
133 223
50 84
89 50
89 95
224 217
217 178
89 95
89 42
223 133
89 95
133 178
95 89
217 223
89 95
217 223
95 89
223 217
223 217
223 133
95 5
89 5
217 223
133 238
148 136
217 223
223 217
217 223
5 47
217 223
89 77
95 50
223 178
81 42
95 23
133 238
217 223
99 44
89 5
133 235
223 154
217 133
217 178
178 223
196 143
95 5
89 95
50 23
186 145
223 217
178 223
95 50
95 89
217 223
89 95
89 95
217 223
178 223
179 162
5 89
178 133
133 223
5 50
50 122
5 95
217 133
89 95
95 5
133 223
217 223
95 50
217 133
178 211
217 223
133 217
217 178
223 217
223 217
223 217
223 213
89 95
223 199
89 95
223 252
178 217
95 23
175 133
89 95
223 178
223 217
178 223
223 217
133 191
133 217
89 95
5 95
217 223
5 89
133 217
217 223
223 217
89 95
95 89
217 223
89 50
95 50
133 223
223 217
217 133
5 73
95 89
178 193
89 95
217 223
95 84
95 89
125 70
64 83
133 175
89 95
223 217
95 89
217 178
217 223
178 136
50 107
89 88
50 89
223 178
217 223
133 217
133 179
95 89
95 50
178 217
89 50
178 223
95 5
95 50
178 223
89 50
178 217
5 95
239 198
89 95
217 223
5 89
217 138
5 95
5 95
217 178
217 176
118 65
89 95
94 39
95 89
95 5
95 89
178 223
50 89
217 223
89 95
50 95
223 217
50 95
178 223
133 201
95 50
217 199
95 89
89 95
121 18
95 89
133 223
42 84
15 34
217 133
50 5
89 50
133 217
51 36
95 79
223 133
235 141
211 241
223 133
95 50
5 79
133 178
133 217
89 95
223 178
50 95
253 180
89 50
178 243
95 89
5 95
178 217
217 223
89 95
217 223
89 95
50 89
223 217
50 95
217 223
133 223
162 239
89 95
95 23
94 36
133 223
5 95
89 95
217 151
223 217
223 133
217 133
223 178
95 45
178 133
178 223
223 178
217 133
50 61
207 182
106 25
95 89
5 96
89 50
50 89
95 89
50 95
95 5
223 217
95 89
5 89
217 223
224 178
89 95
89 95
89 50
50 89
89 95
178 244
89 50
223 178
217 223
217 223
95 50
217 223
45 125
5 95
217 133
50 89
89 5
5 50
95 89
217 223
178 133
89 95
89 95
99 23
89 95
217 223
178 133
223 178
217 178
20 64
95 5
223 128
5 95
17 58
41 91
89 95
223 151
89 50
95 89
89 42
217 223
217 223
178 217
217 133
89 50
133 217
178 151
223 133
133 217
217 223
133 175
5 50
50 95
5 89
217 223
5 73
223 217
5 95
95 50
223 217
95 5
217 223
89 50
178 133
58 75
89 95
95 50
217 223
217 223
178 223
217 223
223 133
95 89
133 164
217 133
95 89
133 217
217 223
223 178
95 50
223 142
95 5
223 178
5 47
217 223
169 228
217 223
223 133
95 89
228 142
95 17
145 253
50 5
95 83
95 89
95 14
89 95
95 5
5 89
133 178
217 223
95 89
133 217
133 223
50 95
95 5
89 50
50 95
95 50
223 133
89 95
217 223
64 117
223 178
223 133
217 178
178 217
223 151
223 211
223 142
217 223
89 50
133 217
145 219
133 217
224 222
89 50
5 73
89 50
95 50
178 223
5 89
5 95
133 217
5 89
95 4
227 158
223 217
217 178
50 89
178 133
217 223
133 201
223 233
50 95
223 217
178 223
217 178
5 95
5 95
217 133
89 95
50 5
89 5
5 73
223 178
133 201
133 175
8 20
178 133
241 186
95 89
249 144
133 217
95 89
178 133
133 178
50 34
89 95
223 133
95 50
217 178
95 89
95 89
217 223
89 18
95 50
89 95
133 217
89 50
217 178
5 89
223 151
5 73
95 89
50 83
133 223
50 57
133 223
95 50
178 223
50 95
133 223
50 95
178 223
89 95
5 95
89 50
95 5
217 223
89 95
223 217
5 95
5 89
133 223
178 223
223 178
178 216
217 178
217 223
51 66
178 223
95 89
89 95
217 223
178 133
5 50
5 89
89 95
94 38
50 89
89 95
133 238
95 89
217 223
89 95
95 89
223 133
133 223
223 133
217 223
95 89
17 7
50 95
217 223
178 133
95 89
95 5
223 133
5 89
95 50
223 133
95 89
95 5
95 50
5 118
20 64
178 223
54 32
223 178
95 5
223 178
133 251
50 51
50 123
89 95
89 42
89 95
50 95
41 68
95 89
41 112
89 50
5 89
223 217
95 23
133 223
178 223
95 89
217 178
133 223
217 178
95 89
133 178
95 50
89 50
63 120
89 5
223 253
217 223
217 223
217 223
217 223
223 217
217 223
217 223
217 223
89 95
95 92
89 5
89 115
192 211
5 89
89 5
89 95
223 154
217 209
95 89
217 223
178 133
178 223
89 50
95 89
32 74
89 50
178 217
223 217
95 89
217 223
217 178
223 217
182 223
223 217
50 5
89 95
178 251
50 95
50 89
95 89
89 5
50 95
133 178
89 95
95 14
95 5
50 57
89 50
217 223
5 73
89 5
223 142
223 178
223 178
50 89
133 223
89 50
175 133
95 89
223 217
89 95
192 183
5 95
217 178
217 178
89 5
217 133
95 14
217 156
227 128
178 217
178 223
50 5
217 223
89 95
5 95
133 217
89 95
5 89
223 217
89 95
217 178
5 95
217 223
89 50
133 175
89 95
178 223
217 223
178 223
217 223
50 95
133 178
133 223
133 223
217 223
133 223
118 65
95 118
223 217
223 217
95 5
217 223
178 223
133 175
217 223
5 50
133 201
50 5
95 5
223 217
224 138
63 120
50 95
89 95
217 223
178 217
223 133
217 178
223 217
89 95
217 223
178 148
5 89
5 91
50 89
217 133
89 50
50 5
223 178
133 217
178 191
148 192
89 50
89 50
89 44
133 223
133 223
95 89
217 178
95 54
89 95
223 142
89 95
5 89
89 95
223 178
50 95
178 217
89 95
133 223
133 178
217 223
133 217
95 50
223 166
217 223
178 217
5 89
217 223
133 223
178 147
223 217
133 223
133 156
217 223
178 217
223 217
89 95
217 223
133 223
95 50
250 223
217 223
217 133
223 217
133 223
217 223
217 251
217 178
95 89
89 50
133 223
95 89
247 251
217 223
89 4
223 133
178 133
89 95
133 223
89 95
217 133
5 89
223 178
223 217
95 89
133 217
50 95
95 50
133 217
95 79
89 5
50 77
217 147
217 178
89 95
50 95
95 50
217 223
133 217
95 50
223 217
89 95
50 89
133 178
217 178
178 217
95 50
178 133
178 217
89 50
223 217
95 5
95 5
5 109
192 141
178 217
178 229
5 95
223 142
217 178
95 89
223 133
217 223
143 162
223 178
178 223
217 223
5 95
70 59
217 228
89 50
226 207
133 217
223 133
5 89
217 223
89 95
5 95
133 201
133 178
15 83
178 167
50 95
223 133
50 121
89 46
223 217
5 47
89 95
133 217
217 223
89 5
223 217
50 5
217 223
95 124
217 223
169 151
5 50
223 217
5 47
50 95
178 217
5 89
5 95
178 223
217 223
217 223
223 217
5 95
5 95
217 223
83 15
223 217
95 89
217 223
95 50
151 223
196 169
50 95
217 223
95 50
89 95
178 223
223 133
95 5
223 133
50 5
89 95
89 14
5 50
217 178
89 95
20 64
5 89
223 178
223 217
178 223
217 223
133 223
95 89
5 89
223 217
95 50
223 178
178 223
50 89
89 95
133 217
89 95
50 95
217 178
89 93
217 223
5 95
54 50
223 217
5 50
89 95
223 178
95 50
89 95
95 5
217 178
217 223
223 217
223 217
178 217
178 223
217 223
217 206
5 3
95 23
217 223
178 223
95 5
223 178
50 89
50 95
223 217
95 14
99 23
89 50
81 42
178 217
133 178
133 201
89 95
50 89
217 223
5 89
95 14
50 5
17 3
50 89
64 63
95 89
217 178
95 89
15 79
89 5
248 191
89 95
217 223
89 95
133 178
178 138
95 89
95 40
50 95
223 151
133 178
89 50
133 178
223 133
89 95
95 89
223 178
217 223
5 95
133 223
133 217
5 50
208 178
133 201
178 133
89 50
217 223
223 217
217 223
50 5
223 217
89 95
50 95
50 95
217 223
133 178
178 223
125 20
217 223
217 223
95 5
178 223
89 83
89 95
89 50
89 116
217 223
41 70
50 38
50 95
89 95
217 223
89 50
81 42
89 95
223 133
217 178
89 5
50 95
223 191
50 5
133 223
89 95
178 223
133 178
202 160
0 50
89 95
133 217
95 50
178 154
223 217
133 217
95 14
133 223
89 95
5 95
95 89
223 217
89 95
89 50
5 89
223 182
133 134
5 89
89 95
217 178
14 5
77 89
217 223
133 178
50 95
5 50
95 5
217 223
223 217
217 223
178 133
223 133
5 50
223 217
223 178
89 35
217 223
89 95
223 133
89 107
223 217
217 223
223 244
5 95
89 95
89 95
95 89
246 141
95 89
89 50
133 223
217 223
50 95
89 95
178 223
223 217
178 133
95 50
5 95
95 5
217 223
178 223
95 89
89 40
223 217
95 5
223 250
50 95
95 89
89 95
133 217
89 5
133 249
5 95
89 95
178 223
223 217
89 95
217 223
89 50
223 191
178 223
217 223
223 217
178 223
89 95
95 5
217 133
89 95
5 95
178 247
5 95
133 223
89 92
89 50
223 217
178 241
89 95
17 125
95 89
217 175
89 24
95 89
89 95
5 50
228 247
5 89
42 94
125 116
178 223
89 95
133 217
50 93
94 7
145 253
89 50
178 244
223 217
50 89
95 5
95 50
217 223
133 178
5 89
89 95
95 23
217 223
5 50
89 50
217 133
217 223
223 178
133 223
89 5
133 178
95 14
5 89
5 95
217 223
217 223
133 178
143 211
89 5
217 223
95 89
95 23
217 133
95 20
81 42
95 123
133 217
5 50
217 223
253 203
223 133
178 217
178 217
50 95
89 31
54 18
217 178
89 50
5 50
223 178
133 175
223 217
133 178
223 142
223 133
5 95
133 217
223 133
178 133
95 89
89 95
95 89
95 89
95 23
223 217
217 223
223 142
133 223
89 95
217 223
217 223
50 95
217 223
5 95
89 5
133 223
89 95
169 151
89 50
5 89
178 223
5 73
50 95
95 89
178 223
178 131
89 95
202 228
5 95
217 151
89 95
95 5
5 50
133 223
95 5
133 223
5 3
133 223
217 223
178 232
50 95
223 178
89 95
133 175
133 209
95 89
133 175
82 125
89 95
217 223
95 89
95 50
5 50
89 95
217 178
217 223
133 178
5 95
50 95
95 23
223 217
217 223
5 95
133 178
89 95
217 133
133 217
50 95
223 133
223 178
178 223
201 133
133 178
5 30
50 89
89 95
223 217
95 89
89 50
223 133
235 141
217 133
133 178
50 95
5 89
5 50
217 223
145 252
89 95
89 50
133 175
5 95
217 223
133 217
89 95
148 192
223 178
217 133
70 42
217 133
89 5
223 217
178 223
227 177
217 223
192 222
5 95
133 178
95 89
89 20
5 50
247 251
89 95
5 95
217 223
217 178
133 217
178 223
223 217
133 210
95 19
89 5
89 95
95 89
133 223
95 89
17 118
5 89
5 95
89 5
217 223
217 223
223 133
217 223
95 116
95 5
5 95
20 8
223 133
133 223
95 89
178 217
95 89
50 95
133 175
133 156
95 83
95 50
50 95
217 223
95 5
223 133
217 133
50 95
50 95
223 217
217 223
95 5
50 95
95 5
217 223
89 5
223 133
223 202
178 217
95 5
95 5
223 217
50 5
217 223
5 50
217 133
178 217
178 223
95 89
217 223
217 223
223 217
95 50
133 223
223 217
223 217
178 223
217 133
178 133
178 245
133 217
5 95
217 223
99 48
223 178
50 5
5 95
217 223
178 223
217 223
133 223
95 10
50 95
41 63
50 95
217 223
5 95
178 199
217 223
223 133
50 17
133 178
133 166
89 95
133 217
95 50
222 207
95 14
89 50
5 95
95 50
50 95
133 217
5 50
50 95
178 133
217 178
178 223
95 5
65 25
178 134
217 133
191 248
96 45
178 193
217 223
95 89
217 223
89 5
89 5
95 89
223 217
223 178
178 217
50 95
223 133
178 250
50 95
50 95
89 50
89 95
217 223
5 89
217 243
235 141
217 133
89 95
89 95
178 133
5 95
217 223
5 89
50 89
5 47
95 89
89 95
5 89
89 95
95 89
223 133
54 55
133 217
223 178
95 50
178 223
95 50
133 223
223 178
178 166
95 50
133 211
50 89
95 50
5 73
133 178
95 89
133 167
89 95
217 223
223 217
89 84
50 95
50 5
50 89
95 5
223 217
217 223
89 95
5 95
50 95
70 42
17 4
209 170
217 223
223 133
5 50
223 178
217 230
133 223
5 89
89 95
125 95
89 95
217 133
83 50
89 50
223 217
89 95
178 223
223 217
178 217
148 192
217 133
50 95
178 223
178 223
15 34
223 133
133 217
178 223
5 26
50 5
223 133
89 23
178 133
89 101
178 223
50 95
133 217
133 223
89 95
5 95
178 223
95 71
95 5
223 217
50 95
217 223
89 95
50 89
89 5
89 95
223 217
223 178
89 95
5 95
217 133
89 50
95 89
95 89
89 95
217 223
133 217
133 223
223 217
68 15
178 243
95 50
133 201
141 192
89 95
50 95
89 18
89 50
89 5
50 89
89 5
89 95
89 50
5 95
95 89
217 178
89 95
223 178
5 95
217 223
95 50
223 217
89 118
217 133
142 209
95 89
223 211
95 50
133 223
217 223
50 5
89 95
95 5
89 50
112 54
100 14
50 5
95 5
235 141
223 217
95 89
95 89
95 89
133 178
217 133
89 95
95 89
223 217
89 50
95 89
133 223
50 95
223 217
217 133
223 151
50 95
89 4
89 50
50 95
95 89
217 204
89 5
89 50
223 133
50 89
209 192
217 178
133 204
95 89
89 95
223 217
89 95
217 178
89 50
89 50
223 133
133 186
89 50
89 95
50 95
178 223
178 220
95 89
133 178
223 217
178 228
249 154
223 151
178 226
89 93
89 95
133 178
50 5
95 14
89 95
133 175
89 95
50 53
223 178
50 125
89 95
89 95
5 95
217 223
217 223
133 217
178 244
217 128
178 223
217 223
217 133
133 217
223 217
89 95
217 133
113 64
50 95
89 63
223 217
178 217
50 95
217 223
178 223
217 223
50 89
5 73
223 151
89 123
133 223
223 217
217 223
133 178
217 133
133 217
89 95
89 95
217 223
223 217
95 5
95 5
50 113
133 217
223 133
64 94
95 89
89 95
217 133
5 47
89 95
133 217
217 133
133 223
178 133
5 30
95 89
217 223
5 89
89 95
5 50
95 89
133 223
178 223
95 89
217 223
133 223
5 89
217 223
223 217
133 175
95 50
178 223
178 217
89 95
133 223
89 95
217 133
89 50
178 133
50 5
178 145
217 223
191 224
133 223
95 5
50 95
95 50
95 66
89 95
133 217
89 50
95 89
217 223
95 89
50 5
223 178
50 5
133 223
5 95
249 139
89 95
95 5
89 5
95 5
50 95
95 5
95 74
5 50
89 95
89 50
178 133
89 95
64 8
217 223
89 95
89 5
178 133
89 95
5 50
89 43
50 5
95 50
50 95
89 95
89 63
133 223
89 95
89 5
217 133
89 5
223 178
5 89
81 64
217 178
95 5
217 223
178 133
223 217
133 223
95 89
217 202
169 192
58 113
133 146
95 82
223 217
54 102
89 50
223 145
223 178
99 68
133 178
223 178
89 95
223 133
223 178
178 186
132 253
50 95
133 163
95 5
50 89
89 95
178 204
223 133
217 220
217 133
5 50
217 133
50 17
223 178
145 226
89 5
89 95
95 5
50 95
223 195
89 52
178 217
5 89
89 73
133 223
63 96
95 23
95 89
223 217
50 89
169 176
133 178
5 95
133 178
73 5
95 89
95 23
84 89
89 68
223 217
133 223
14 5
247 133
50 83
89 95
50 5
89 95
133 217
217 223
95 50
148 192
89 50
217 223
223 217
217 223
217 133
178 223
217 223
133 223
133 223
50 89
5 95
89 95
223 217
95 50
223 217
133 223
5 89
217 133
223 178
95 89
217 223
133 217
50 89
217 133
217 178
89 47
95 89
95 89
178 217
89 95
5 89
89 5
217 133
89 104
95 89
223 133
217 223
217 223
160 133
178 133
217 223
50 95
64 95
223 217
63 96
228 142
89 95
223 217
89 5
178 133
217 223
223 178
178 223
217 223
89 95
169 206
80 5
217 223
178 223
241 186
223 217
133 178
223 217
121 83
95 89
223 178
133 223
133 223
178 133
50 5
227 232
145 253
217 223
223 178
223 151
50 5
95 50
95 89
217 223
217 178
178 217
223 217
223 133
217 133
95 89
217 133
178 133
133 217
133 223
217 223
217 223
223 217
95 89
5 70
95 5
89 5
178 223
133 223
133 223
50 95
89 95
5 95
223 178
5 125
223 245
217 223
95 5
89 95
217 223
217 178
5 89
50 5
133 223
95 5
5 95
217 223
178 173
50 5
217 223
133 223
89 95
50 5
217 223
5 95
5 95
192 211
95 89
133 251
217 178
89 95
89 5
223 133
5 26
95 5
133 223
223 178
217 179
217 223
217 178
133 223
95 89
5 116
217 170
89 95
178 133
5 95
5 50
95 89
217 223
95 5
50 95
95 50
178 223
217 223
178 133
50 95
50 122
95 50
5 95
217 223
133 201
217 223
95 14
5 50
178 223
217 223
89 95
160 202
178 170
133 201
50 95
95 89
50 89
217 178
5 89
133 223
217 223
178 223
133 217
223 178
133 217
217 223
5 75
5 89
217 247
50 5
217 178
50 89
211 238
95 5
5 95
89 95
95 89
89 95
89 95
217 223
50 89
99 120
95 14
5 95
247 251
223 178
217 178
133 223
178 223
133 217
217 223
217 223
223 178
89 95
95 5
5 89
223 178
217 133
133 223
95 89
217 243
5 95
217 223
133 248
89 95
50 95
89 95
178 223
95 14
223 217
89 95
217 223
89 95
223 142
217 223
5 89
178 223
95 66
133 223
217 133
223 217
5 95
89 95
5 47
5 95
223 178
95 89
89 50
217 223
95 89
217 133
178 223
223 133
217 223
133 217
89 95
50 5
89 95
217 223
178 148
217 223
95 89
89 95
217 158
217 223
178 217
217 223
50 95
133 178
178 223
5 73
223 217
217 223
133 203
95 89
89 95
133 217
178 133
5 95
89 5
217 223
169 146
133 223
41 70
95 50
5 42
95 74
217 178
89 50
217 223
95 2
5 50
133 223
178 133
223 133
95 89
217 188
217 223
5 95
50 95
217 223
95 5
89 95
133 175
178 217
95 23
89 95
5 89
5 95
178 217
50 10
89 95
217 223
95 5
89 5
178 201
5 89
223 217
217 223
95 50
178 223
5 89
95 89
178 175
217 223
89 50
95 89
133 223
89 95
186 241
89 50
133 223
217 223
217 178
89 95
217 133
178 133
50 89
89 95
133 223
217 159
217 223
133 223
217 133
223 217
170 179
95 89
223 178
15 79
95 50
178 133
5 89
5 89
50 95
217 133
5 95
80 50
133 201
178 217
5 47
95 5
133 217
217 223
89 5
89 95
223 217
5 50
217 223
95 50
89 50
89 50
133 223
95 89
50 89
5 89
178 223
50 64
217 133
133 223
178 217
133 178
138 223
223 217
50 5
223 217
125 91
179 144
223 225
50 95
95 5
178 133
133 217
217 148
223 133
217 178
50 95
223 178
95 89
59 80
178 223
5 95
50 95
223 217
133 217
95 50
50 89
95 89
223 217
5 89
191 248
95 89
89 95
133 211
223 217
217 178
89 99
217 178
223 178
50 5
5 95
5 95
223 178
217 223
95 23
133 217
89 82
178 223
95 14
5 89
89 95
50 95
89 95
5 95
217 223
133 223
217 133
5 89
89 75
133 223
133 175
178 223
178 223
95 5
209 228
95 5
95 89
95 89
223 178
89 95
5 95
217 223
178 223
217 133
89 5
223 133
5 89
178 223
89 5
178 217
5 50
95 5
178 223
89 95
133 223
34 111
217 223
178 223
217 235
178 217
178 217
217 232
50 95
89 97
217 223
217 223
133 178
89 50
50 73
95 89
5 47
17 9
223 217
178 223
178 223
217 223
247 228
223 217
217 223
217 133
100 119
133 217
223 217
89 84
95 5
50 95
223 146
133 217
143 207
217 223
89 95
89 95
5 47
95 50
133 223
178 217
89 95
178 217
133 244
217 223
249 217
95 5
223 178
217 133
217 178
95 5
133 223
50 95
217 223
217 223
253 221
89 95
95 23
217 223
95 89
89 95
223 178
89 5
50 89
217 133
217 223
95 89
217 178
217 133
50 89
217 223
99 50
89 50
217 133
223 217
217 178
5 95
95 5
223 133
5 47
5 95
95 5
5 95
223 133
89 5
133 178
217 178
133 223
217 223
50 89
41 15
223 217
89 95
95 89
178 181
133 201
89 8
223 217
50 5
95 50
178 223
217 178
223 135
223 217
89 95
95 89
89 50
133 223
178 175
133 201
217 175
133 223
223 142
178 211
5 95
5 125
226 145
142 209
95 93
143 151
123 119
223 175
113 74
50 89
50 8
95 5
133 223
41 95
223 217
50 95
95 50
178 223
223 133
178 220
217 223
63 120
223 217
217 223
89 50
95 89
95 89
89 5
133 178
133 223
89 5
223 133
95 89
241 186
217 223
217 223
89 95
217 133
89 95
89 5
223 217
89 95
178 223
5 89
89 95
133 178
95 50
223 178
95 5
89 95
89 95
50 95
89 50
223 217
89 50
89 95
223 217
217 141
50 95
223 178
223 217
68 15
217 223
89 95
5 89
50 95
50 89
95 5
89 95
89 18
5 89
89 117
5 95
17 95
217 223
217 128
223 133
89 95
217 178
51 16
178 223
223 217
223 217
133 178
5 95
217 133
5 50
217 223
145 141
95 89
95 89
223 178
228 247
50 5
95 89
223 136
133 201
5 89
89 95
217 223
5 95
223 217
89 50
89 95
95 50
50 42
133 223
20 8
95 50
95 89
95 50
223 178
89 50
169 143
223 163
133 223
178 250
5 89
89 95
223 217
89 50
5 95
89 50
118 13
217 223
89 50
95 5
5 50
178 223
178 239
133 217
23 83
89 95
95 50
50 95
95 5
223 133
217 223
5 95
50 95
178 223
89 5
5 60
223 217
95 89
133 178
133 175
217 223
89 95
133 178
95 89
95 5
133 217
50 95
5 14
223 178
178 132
89 95
217 223
223 182
89 50
133 178
5 95
223 217
89 95
50 22
217 223
217 133
50 95
178 207
95 50
178 133
95 89
95 89
100 119
223 217
191 224
217 133
41 80
178 223
89 5
89 5
217 223
5 10
223 178
178 217
223 221
17 119
217 223
95 50
145 253
89 95
179 254
89 95
50 95
217 223
50 5
217 133
50 95
89 50
223 217
95 5
178 241
137 178
89 50
217 178
89 95
50 89
50 95
5 73
217 223
89 95
95 5
217 223
5 95
223 222
68 15
99 114
5 95
217 178
89 95
95 50
223 178
133 178
178 130
143 162
41 59
223 217
89 95
89 17
89 95
89 84
178 223
42 51
217 229
5 89
178 223
50 95
89 95
217 133
217 178
89 118
133 217
133 223
217 178
133 144
5 50
41 7
89 95
50 5
178 223
133 178
95 17
223 133
95 82
89 95
178 223
217 227
223 178
228 142
223 217
178 228
133 223
223 217
217 178
223 178
50 95
95 116
223 217
95 89
223 217
217 223
89 95
246 170
95 89
169 196
223 227
217 251
143 162
5 89
133 186
178 246
5 89
125 72
133 178
95 5
94 105
186 203
178 133
223 133
89 50
95 89
133 217
133 223
89 95
178 223
89 95
217 223
118 65
178 223
95 50
89 50
223 217
50 95
100 119
5 95
178 217
222 172
217 132
217 223
5 95
89 50
223 133
217 223
178 223
50 95
50 95
223 145
89 10
50 95
50 89
50 89
5 95
223 151
178 189
89 95
178 224
50 38
5 95
217 178
223 217
5 73
50 95
217 223
217 133
249 209
13 107
228 247
178 217
89 50
178 223
50 17
217 223
223 151
217 223
95 50
50 5
5 95
95 50
223 178
166 178
50 5
217 133
50 95
133 217
217 223
95 89
89 95
178 133
89 50
179 170
89 95
89 50
217 133
96 18
217 178
95 50
217 223
89 50
89 95
217 223
223 178
5 95
192 136
41 33
95 50
5 95
89 5
223 217
41 15
217 133
223 133
217 142
217 223
89 50
223 238
133 217
133 178
95 89
178 133
95 89
5 95
89 5
13 107
89 95
95 89
178 223
178 223
133 178
217 223
95 50
89 5
50 5
217 223
223 133
5 95
178 133
5 50
89 50
107 13
95 50
95 50
89 2
217 133
223 217
133 223
89 95
133 201
217 223
223 133
217 178
95 83
5 89
217 223
95 84
5 95
178 223
133 217
217 133
68 41
107 13
133 204
63 42
5 50
89 50
5 95
223 151
178 133
217 178
178 223
223 178
89 95
223 217
95 50
223 243
89 5
95 89
95 5
5 106
169 146
133 178
95 89
223 142
89 95
217 223
95 63
50 112
223 217
223 133
178 223
95 5
223 178
95 89
50 5
223 178
133 217
133 217
178 198
133 217
217 223
223 217
89 95
223 217
50 95
89 95
217 223
50 89
89 95
95 50
95 83
89 95
95 50
89 95
50 95
133 217
89 95
95 89
5 95
5 95
217 223
95 50
223 133
95 5
89 95
217 178
223 178
50 68
223 217
95 89
95 42
5 89
217 178
178 133
5 50
217 133
95 5
95 89
227 196
217 223
133 223
223 133
89 50
107 13
50 95
89 95
217 223
217 223
89 85
178 133
95 89
217 223
178 158
178 242
89 50
217 223
5 95
50 95
178 223
95 89
89 95
95 89
223 178
119 20
133 223
50 89
217 223
89 95
95 23
178 217
50 89
89 5
223 178
50 95
5 95
89 95
217 223
89 50
217 133
41 18
133 217
95 5
89 95
217 178
5 20
217 223
95 5
89 95
217 223
217 129
89 50
133 217
178 146
95 50
89 95
223 217
133 162
178 133
50 95
178 217
217 178
178 223
5 50
50 95
133 178
95 50
94 51
223 247
89 95
95 89
133 201
89 32
217 223
217 223
223 217
217 133
89 95
89 95
95 5
223 217
133 223
178 223
223 178
133 217
133 178
95 50
50 0
133 203
133 175
217 255
217 223
223 178
217 223
142 209
133 243
89 95
217 223
89 95
95 89
217 133
217 223
50 95
5 47
89 50
217 133
223 133
223 133
50 89
217 133
217 223
5 17
223 178
14 5
5 95
5 50
106 98
217 223
5 89
217 223
223 136
217 223
217 133
95 89
182 178
89 95
178 223
89 95
217 223
41 15
133 223
89 95
121 20
89 95
89 95
223 142
95 14
133 178
50 95
223 133
5 47
217 211
95 89
58 113
217 133
89 95
89 47
5 89
89 95
217 223
178 223
178 223
5 73
133 178
95 52
50 70
95 89
5 95
136 192
95 71
81 42
246 141
50 5
89 95
217 223
217 223
217 250
178 217
89 95
95 89
89 95
89 95
41 76
133 223
64 62
217 223
95 89
95 23
217 223
227 201
95 89
95 89
178 133
5 95
95 39
5 95
223 217
50 123
95 5
5 89
89 95
5 95
95 50
95 17
50 17
95 50
50 89
20 64
133 176
95 89
5 1
178 223
223 217
50 95
217 223
89 95
94 64
192 211
217 178
223 217
95 50
89 5
133 223
95 50
50 95
178 217
79 89
194 217
95 89
50 89
89 95
217 223
178 133
223 142
133 223
95 5
178 227
217 223
133 217
5 95
95 89
223 217
95 5
89 5
89 23
5 95
89 95
178 133
95 89
89 95
95 5
178 167
125 8
119 123
223 133
50 95
223 217
217 133
227 181
50 95
223 217
217 223
133 178
133 178
217 178
217 223
95 89
217 223
89 50
217 133
89 50
223 217
5 95
95 66
50 63
89 95
89 95
89 95
223 151
95 89
50 5
217 223
5 95
95 14
145 226
217 223
5 95
133 223
217 178
223 217
178 217
95 50
217 133
89 95
5 95
223 217
217 133
133 223
223 178
89 95
133 217
223 178
95 50
178 217
217 223
89 73
95 50
89 95
89 5
50 107
217 223
89 95
95 14
89 127
133 223
223 217
217 223
217 133
5 95
50 63
223 217
217 223
50 95
89 95
89 95
223 133
95 50
50 89
143 162
223 217
133 223
133 201
50 5
50 95
178 223
217 133
89 95
95 5
133 201
223 217
223 142
89 5
178 223
217 223
95 89
133 247
223 217
217 223
178 223
133 223
5 89
5 95
89 50
217 133
178 133
89 5
89 82
95 89
95 89
217 191
5 50
217 223
217 178
50 95
95 50
89 5
95 101
217 178
217 223
121 83
178 150
217 223
133 223
217 223
178 133
133 223
50 89
223 178
178 174
223 217
133 201
223 142
95 50
217 223
217 223
5 95
89 95
178 255
235 141
89 95
95 65
223 133
95 89
217 223
217 213
89 29
107 13
89 50
148 136
5 95
50 95
217 223
217 178
133 223
89 95
50 5
89 95
217 178
95 14
217 178
113 58
95 5
217 223
192 252
89 95
89 95
95 89
95 50
5 94
217 133
50 89
5 47
178 133
89 95
217 178
170 179
5 95
5 95
113 58
178 133
50 116
89 95
133 217
133 217
89 95
133 223
217 223
89 95
89 50
217 178
95 50
217 223
223 217
50 95
89 95
50 95
95 89
89 5
223 244
217 223
223 142
5 95
50 95
89 95
95 5
5 54
32 74
89 95
95 50
50 95
217 133
217 223
179 184
5 50
50 89
133 217
95 89
68 15
50 95
217 133
89 5
178 223
133 223
223 178
178 133
95 5
50 95
223 178
178 133
94 32
208 178
178 223
95 50
95 89
217 223
50 95
217 223
73 5
178 133
89 95
5 45
217 178
89 95
223 211
133 178
133 217
217 223
217 223
5 95
223 178
50 95
133 223
95 50
223 133
217 223
223 133
50 95
148 251
89 95
133 223
5 73
99 80
217 178
145 135
95 50
5 95
89 95
50 95
217 223
89 95
223 178
50 5
133 178
133 223
5 95
217 223
89 40
50 89
89 109
89 52
217 178
223 217
89 95
50 89
95 5
223 178
136 222
178 223
223 133
95 89
217 178
89 50
133 217
223 217
5 73
5 50
95 50
223 142
223 217
95 50
89 95
95 89
95 78
95 50
95 5
89 68
89 95
89 95
217 223
178 223
96 102
5 50
217 178
178 133
14 5
5 89
95 5
95 50
95 5
217 223
178 223
95 5
95 89
133 217
192 147
133 223
178 217
5 50
5 50
5 95
89 50
223 217
133 223
133 178
203 217
5 89
133 178
223 178
133 223
178 223
95 23
133 223
95 89
95 89
217 223
95 89
217 178
223 199
50 95
223 133
223 217
89 95
50 95
223 217
95 50
217 223
178 223
95 5
178 222
223 217
178 217
89 50
89 95
89 95
50 89
133 217
89 95
217 223
192 186
95 5
217 133
223 217
95 89
223 133
5 95
95 50
95 77
133 223
178 223
133 217
89 30
133 223
54 110
217 223
228 142
178 217
223 217
125 61
217 223
217 133
95 50
50 73
95 50
223 178
133 223
89 95
95 89
89 95
89 95
217 223
223 145
217 223
133 223
89 95
178 223
95 113
223 217
5 89
5 95
133 217
50 95
133 178
75 89
178 223
89 95
121 66
51 126
217 133
50 89
133 223
178 217
217 223
133 223
178 223
241 186
95 5
50 5
64 29
217 178
50 20
95 89
50 95
50 95
50 95
217 211
95 50
178 252
5 95
95 50
89 5
223 217
217 223
178 217
223 217
113 58
95 50
217 133
5 95
89 95
217 223
133 178
133 223
217 223
5 95
95 89
89 5
89 95
217 223
95 50
5 89
178 223
5 89
217 223
89 99
217 223
89 95
50 89
41 68
50 22
89 95
217 133
223 217
193 185
222 148
107 13
50 95
94 68
89 95
223 151
217 178
5 58
223 133
95 89
133 217
17 125
79 83
5 95
223 217
14 95
50 5
133 247
89 95
217 133
5 50
217 178
95 23
223 178
95 89
223 217
89 95
89 95
95 55
223 142
95 89
133 178
223 217
113 58
95 89
89 50
63 120
50 95
89 95
89 5
89 95
178 223
89 95
17 6
89 53
133 223
223 178
98 51
133 201
133 217
89 50
95 89
217 223
223 217
20 106
223 217
5 95
89 95
133 201
95 5
223 178
217 178
178 217
223 178
5 95
178 217
89 50
217 151
89 95
5 50
223 178
5 95
211 234
89 10
89 95
133 223
50 5
217 178
160 203
50 95
217 223
217 178
223 178
89 95
178 223
5 50
133 178
217 133
89 95
89 95
5 95
178 138
5 50
133 223
223 217
133 217
89 95
217 223
217 223
223 217
5 50
70 42
5 89
178 217
50 95
89 5
223 217
182 144
89 50
95 5
113 58
41 15
95 5
89 95
223 133
169 141
217 223
217 223
133 223
95 14
133 175
178 223
89 95
89 50
95 50
95 89
50 95
50 95
223 178
178 253
223 142
217 223
95 89
5 95
50 95
223 147
5 50
50 68
241 186
133 223
133 217
50 95
89 95
178 217
133 175
133 223
5 95
223 222
217 223
223 178
17 80
95 89
89 95
178 223
223 142
89 50
217 223
217 239
50 89
217 223
89 95
217 199
50 95
89 95
50 95
95 89
178 223
217 178
50 95
217 223
217 133
217 133
89 50
223 133
89 50
89 95
89 5
89 5
50 95
5 100
217 178
224 166
95 89
50 95
223 217
95 89
89 95
95 117
50 89
5 95
89 95
223 142
178 148
89 95
95 89
178 223
95 89
89 50
217 223
95 89
223 217
50 89
217 223
178 223
223 133
50 16
178 134
217 223
89 95
95 14
223 217
50 95
217 223
95 89
5 50
178 204
89 95
223 175
217 178
223 133
178 223
89 95
217 178
233 217
217 223
178 187
89 95
217 223
95 89
223 133
89 42
89 5
178 223
95 5
217 223
223 217
50 89
89 95
217 178
5 47
89 95
89 50
89 5
89 95
178 223
5 95
95 89
5 95
217 223
89 95
95 89
50 95
50 118
217 223
217 178
89 95
89 95
217 223
133 142
133 217
5 89
133 175
5 95
95 23
95 89
217 133
217 223
94 10
133 178
223 217
223 178
217 133
5 95
89 95
217 223
89 50
95 5
5 35
217 223
217 133
5 18
217 133
5 50
95 23
217 133
5 89
5 20
5 63
50 89
143 207
17 73
95 5
178 235
217 223
133 217
50 89
89 95
217 223
89 95
144 217
217 223
5 3
95 5
125 95
89 95
217 219
50 95
50 95
217 167
50 95
50 89
89 95
50 58
217 133
95 110
178 223
217 178
89 5
95 5
5 50
133 142
223 178
133 223
217 178
89 95
5 95
133 250
89 18
223 151
247 251
178 223
50 95
223 217
5 95
223 207
178 217
95 75
223 178
95 50
89 95
178 223
5 95
89 95
217 178
5 95
95 89
50 95
50 95
217 133
223 178
253 229
178 223
5 95
217 223
223 217
178 207
50 95
95 89
5 6
95 5
133 178
133 217
50 88
50 95
217 178
217 191
217 223
223 217
89 50
217 252
89 95
133 217
133 223
133 223
133 223
89 105
95 50
223 217
133 178
217 223
217 223
50 95
223 178
223 133
50 95
223 178
5 89
95 89
178 223
133 175
224 249
89 50
228 142
217 133
89 5
133 223
223 142
217 223
5 89
178 217
89 95
217 178
95 118
217 223
148 192
50 95
223 151
178 223
5 47
223 151
133 178
223 217
217 223
217 178
95 0
95 50
89 95
223 208
50 95
217 223
89 50
217 178
89 95
50 95
162 143
178 223
223 178
95 89
217 223
89 95
89 95
217 223
178 223
133 223
217 223
89 95
50 10
95 50
133 217
5 54
50 60
133 178
222 157
89 95
203 186
133 178
89 95
178 201
113 58
223 217
5 73
95 89
50 95
50 95
5 16
217 223
178 223
133 223
5 89
68 15
133 223
227 222
89 95
89 95
178 223
178 133
223 178
50 95
89 95
217 178
223 133
50 95
95 50
202 148
54 109
133 223
133 223
5 95
95 50
217 158
5 59
94 29
89 50
95 39
223 217
50 79
223 217
217 178
5 95
169 137
50 5
95 89
95 5
178 143
5 50
5 95
50 89
223 178
217 223
217 223
89 95
89 50
89 95
89 95
50 59
100 119
217 178
178 223
50 38
95 50
50 95
133 223
5 95
223 178
89 50
133 217
50 89
223 217
50 95
50 89
89 95
217 178
95 74
95 89
223 217
89 50
223 217
5 89
223 217
95 89
5 89
95 89
95 89
217 133
15 34
133 217
217 223
217 223
217 223
223 217
133 178
133 223
217 223
178 217
223 133
95 89
223 217
217 178
217 223
217 223
89 95
50 95
5 95
223 133
89 95
95 50
50 95
217 178
89 95
89 95
89 95
89 95
133 202
89 83
50 95
178 223
178 177
5 50
95 5
223 229
50 95
223 217
5 89
223 217
217 183
178 223
50 104
223 178
223 133
223 133
217 133
95 89
217 178
50 95
89 5
5 13
217 223
5 89
217 178
50 5
50 121
89 5
217 223
133 223
5 89
50 95
95 50
95 23
133 201
95 123
217 178
133 223
89 50
217 223
223 217
50 95
5 89
133 178
95 50
89 95
217 133
178 133
89 95
95 89
196 143
217 223
50 89
178 223
191 224
50 95
133 223
95 89
133 175
133 223
133 217
95 5
223 217
94 97
133 188
89 95
95 89
223 178
95 79
133 201
50 5
89 95
217 178
89 95
223 178
95 50
169 179
249 182
217 223
89 50
217 178
95 89
223 178
89 95
113 58
95 89
5 89
95 89
89 95
178 223
178 185
178 205
217 158
217 223
178 223
217 223
89 95
95 50
50 95
89 95
5 95
95 50
133 178
95 50
50 95
96 63
50 89
118 65
133 217
133 178
89 95
217 223
95 50
95 50
5 95
95 23
50 9
5 60
5 95
95 50
133 178
217 223
95 89
89 50
50 52
227 131
95 5
217 133
217 223
95 89
178 223
89 95
223 133
133 223
89 50
5 95
41 79
217 133
133 175
5 95
217 133
133 227
95 5
54 13
95 5
5 95
5 89
95 5
223 217
178 223
89 95
178 223
5 89
223 253
223 217
5 95
223 178
217 223
89 5
223 217
95 50
217 133
217 223
50 125
223 133
170 179
223 178
217 223
223 172
89 95
217 223
89 95
89 95
89 117
217 223
217 223
217 223
223 217
89 95
217 223
178 217
217 223
89 95
64 5
95 89
217 242
178 190
217 223
148 192
178 223
95 89
217 223
133 178
223 191
95 19
5 95
95 5
133 223
178 223
223 131
95 5
178 223
89 95
217 178
5 113
50 95
217 223
133 223
133 178
133 223
50 95
223 217
121 63
191 248
95 5
95 50
223 131
50 95
89 95
89 50
178 133
217 178
133 201
95 5
133 175
5 47
95 5
50 89
5 95
95 50
223 133
217 223
217 223
89 95
89 95
5 89
65 40
89 50
217 223
89 95
217 223
133 217
95 14
95 5
217 223
133 223
178 217
198 170
217 178
217 223
89 95
5 95
5 95
217 223
95 5
89 95
5 95
217 223
5 95
50 89
133 223
217 178
50 89
89 95
178 223
50 95
143 207
89 95
89 50
217 223
217 223
89 95
89 81
5 50
50 95
5 95
42 97
89 95
5 95
223 217
89 95
13 107
217 246
5 73
50 95
217 223
95 14
217 223
50 95
133 149
223 217
217 223
223 217
94 56
95 50
89 95
95 50
5 95
5 50
89 95
89 95
133 223
217 223
95 14
50 89
89 30
217 223
217 133
217 133
89 50
5 95
63 79
5 50
95 5
5 50
50 95
179 169
170 179
178 217
133 223
178 217
95 89
95 89
121 66
50 95
89 50
89 95
5 77
89 95
241 186
50 17
133 245
5 89
133 223
89 92
217 223
50 95
182 178
15 5
5 89
95 89
89 95
89 54
5 95
95 89
5 50
95 89
217 223
217 223
178 193
89 95
5 95
217 223
50 5
133 223
89 95
95 5
5 56
179 136
223 133
217 223
50 89
223 217
89 95
89 95
89 95
217 223
217 223
89 118
133 217
95 89
5 95
223 217
133 223
95 23
223 217
217 223
223 217
217 223
192 233
133 178
178 223
178 223
133 178
89 5
217 239
228 142
223 142
178 217
89 5
5 95
50 95
223 217
178 166
89 95
223 133
223 178
223 217
50 95
89 50
89 95
50 89
89 50
89 95
95 89
133 178
5 50
178 213
223 151
95 89
196 169
95 23
133 217
223 178
133 223
217 225
95 89
133 201
95 89
89 95
223 142
89 5
50 5
217 178
95 50
178 223
133 217
107 13
133 178
89 95
217 223
95 89
5 95
95 23
95 89
63 5
223 178
178 223
133 223
14 95
95 30
133 217
95 116
42 51
223 151
133 223
133 223
217 223
178 223
89 95
89 50
5 95
50 89
89 93
178 223
89 35
178 223
223 178
217 133
5 47
217 133
133 196
178 223
217 228
223 178
95 66
95 50
95 50
186 133
217 133
133 223
217 220
5 95
178 223
223 166
178 250
50 5
178 217
133 217
89 95
50 55
133 187
222 133
17 121
89 5
217 169
5 95
133 154
89 95
133 210
133 217
50 55
217 223
223 146
83 94
89 5
89 95
178 133
89 95
64 8
89 5
223 148
20 64
223 178
133 180
5 95
5 73
95 89
133 178
95 83
249 147
253 160
223 217
223 133
5 47
133 217
227 150
95 89
89 99
178 223
217 223
95 5
89 95
217 223
253 198
5 73
20 8
95 89
50 95
246 141
178 223
207 211
89 95
217 223
50 38
89 95
95 89
89 95
89 95
223 133
217 179
5 89
133 223
217 223
178 133
95 89
50 5
133 244
89 95
5 95
5 47
133 223
95 89
89 50
178 211
50 95
89 95
5 50
223 178
5 95
178 223
178 223
50 95
179 208
89 95
5 95
217 223
223 217
217 133
5 89
50 95
5 73
133 223
50 95
89 95
223 133
89 56
95 89
217 223
253 187
89 95
5 73
217 223
253 187
89 50
89 95
5 95
89 95
133 217
217 223
89 5
217 178
5 47
217 244
217 133
5 50
223 178
89 95
89 50
223 227
223 217
223 217
178 223
5 95
178 156
95 89
89 95
178 223
217 178
89 97
89 50
223 142
217 223
50 17
133 211
133 143
223 217
178 223
217 223
50 5
223 217
95 5
95 50
178 223
51 80
89 95
50 40
133 158
50 95
89 4
94 51
143 162
89 95
89 95
68 15
5 50
99 56
95 50
217 142
217 178
217 132
5 95
5 95
5 50
50 5
5 95
224 163
223 178
50 72
95 5
223 178
133 201
133 223
217 178
89 95
89 50
217 178
95 89
178 171
217 167
223 133
223 217
89 91
145 182
50 12
50 95
223 178
95 89
89 95
223 178
83 106
217 223
89 5
5 73
5 47
89 95
178 251
133 223
89 95
89 95
5 50
95 79
223 217
217 223
217 223
178 217
95 89
223 133
89 50
95 89
178 223
50 95
95 23
224 175
133 223
133 223
89 95
50 95
217 223
182 211
178 223
133 178
178 133
223 178
217 223
95 5
223 217
133 178
89 111
178 223
50 95
50 13
246 193
5 115
95 123
95 89
133 178
95 5
50 95
42 81
95 23
170 179
95 50
89 95
136 148
217 223
169 140
95 14
95 89
5 63
217 223
95 89
217 223
169 172
178 223
178 217
178 223
95 5
178 223
133 223
223 133
89 95
223 178
178 212
217 223
89 95
89 5
95 5
5 95
50 5
5 50
95 89
223 217
5 95
223 133
95 50
217 223
223 217
223 133
89 5
217 229
186 145
246 141
95 14
5 89
217 223
133 217
223 133
133 198
50 95
178 217
223 178
217 241
95 5
217 133
83 121
89 68
178 133
133 217
223 217
89 5
50 5
79 83
95 5
50 95
50 89
142 228
50 95
95 50
133 223
217 178
178 133
133 217
5 89
95 5
50 89
95 89
89 95
89 95
223 217
223 199
217 223
217 133
5 48
89 50
50 95
133 162
89 50
178 133
223 140
50 95
89 95
178 188
14 81
223 178
95 89
217 223
217 223
89 95
95 89
223 178
121 20
95 50
89 95
95 89
223 142
178 133
133 223
178 214
50 113
153 223
178 223
217 223
223 217
223 217
178 217
178 223
50 5
17 80
50 95
73 5
178 223
89 95
89 5
182 195
89 95
217 133
133 217
50 95
89 95
95 50
5 89
5 21
89 50
133 173
217 223
89 95
133 175
217 223
89 2
217 178
133 217
217 223
89 5
50 19
95 5
133 223
95 23
89 95
217 223
217 223
223 178
133 217
217 223
50 5
133 178
89 95
133 223
133 217
178 223
223 133
133 178
50 95
178 223
5 77
89 95
223 178
217 133
89 50
5 84
50 95
175 133
223 178
95 89
95 50
95 89
217 223
143 162
178 223
133 217
133 223
89 95
50 95
89 32
217 133
5 89
217 223
89 5
178 217
95 89
95 124
178 150
89 95
58 77
223 133
89 95
50 89
223 217
89 95
50 5
223 217
89 95
178 217
95 89
223 217
89 14
223 147
196 169
5 95
249 246
119 123
217 223
5 33
133 223
95 89
89 5
95 23
217 223
95 89
178 223
133 201
178 223
217 133
95 5
223 217
223 217
223 217
223 217
89 50
5 95
95 89
223 151
95 5
217 223
89 95
5 17
133 223
89 95
223 133
50 12
95 50
217 133
178 223
217 223
223 217
217 133
133 178
89 5
50 89
223 217
50 95
95 89
178 133
169 143
95 89
133 223
133 182
5 107
89 95
133 223
95 5
89 5
95 5
89 50
89 95
89 95
223 178
133 223
95 91
217 178
89 50
178 223
89 95
5 50
95 89
121 124
223 133
89 95
217 133
89 95
5 89
133 145
5 95
217 223
223 217
89 95
217 223
178 133
227 186
5 95
223 178
95 89
89 95
89 95
223 217
50 99
223 217
217 235
5 35
5 50
95 50
178 223
133 217
95 5
51 63
89 50
133 201
89 95
41 16
217 223
5 89
223 217
5 65
217 223
5 95
133 223
95 50
42 111
89 123
5 95
133 178
223 217
5 89
217 223
217 178
5 95
95 89
95 89
223 178
143 211
217 223
178 223
217 178
217 178
148 136
217 223
217 223
217 223
5 50
223 133
178 133
217 223
63 96
89 95
50 47
95 89
5 89
217 223
178 223
217 133
133 217
223 217
89 50
95 89
95 89
5 48
89 50
5 50
217 223
223 142
217 223
178 223
217 223
89 95
89 95
217 178
217 225
41 35
95 89
5 50
95 77
178 207
133 178
133 178
89 95
89 65
178 223
95 89
42 70
89 95
178 217
5 95
50 95
178 223
5 50
95 50
217 133
223 142
217 178
217 223
133 141
217 223
89 95
217 220
95 50
5 95
133 178
217 223
217 133
89 95
217 183
223 217
89 95
178 223
95 89
217 178
50 95
95 50
217 223
133 223
178 133
89 95
160 202
133 217
50 95
89 95
89 95
95 50
89 95
217 178
178 148
5 95
178 217
5 73
89 95
133 178
95 93
217 223
50 95
5 23
223 151
133 223
50 95
178 217
133 206
217 223
89 5
178 223
89 95
5 95
217 223
223 133
5 95
89 95
5 89
89 5
89 95
217 133
50 95
5 93
41 6
217 223
89 95
95 14
133 217
51 100
178 223
50 95
223 178
223 133
217 133
89 50
95 50
89 105
89 115
5 89
5 89
123 119
96 85
178 217
217 133
145 249
89 95
95 89
125 73
217 223
99 118
89 5
50 95
121 50
217 178
223 217
148 249
95 5
5 89
50 95
223 199
133 223
217 178
217 223
178 217
14 5
223 217
89 41
50 89
89 8
95 89
50 95
5 73
217 178
217 223
178 223
50 5
5 89
178 223
95 89
223 178
217 178
74 100
223 217
133 217
95 23
217 223
223 178
81 100
253 208
89 50
223 217
89 95
133 223
217 223
178 217
178 202
178 146
217 133
95 5
178 141
217 178
223 217
178 223
89 95
133 203
178 217
50 89
50 95
217 223
95 89
95 89
89 95
50 95
50 95
113 58
133 201
95 89
133 175
217 133
5 50
217 178
211 143
178 223
133 223
89 95
89 95
89 95
89 95
89 95
223 217
95 99
217 223
223 178
133 223
95 89
133 223
95 50
100 14
133 217
217 223
223 136
89 57
223 178
178 217
95 89
89 95
95 89
89 95
89 95
223 133
89 95
50 5
95 23
217 133
89 95
178 223
253 206
89 23
89 95
95 89
5 50
217 223
178 223
217 133
95 50
133 223
50 95
125 109
223 142
95 30
89 95
178 223
50 95
50 95
217 223
133 223
50 5
217 178
95 5
217 142
5 50
95 89
178 185
89 50
133 189
209 170
169 212
95 89
133 178
50 95
89 122
217 223
89 95
89 95
58 83
5 50
95 5
89 50
95 5
217 178
223 217
50 65
5 50
95 89
121 46
133 223
50 5
89 95
217 178
95 14
192 222
178 223
178 223
217 223
178 133
5 73
5 95
133 145
223 133
217 133
217 223
217 223
95 89
50 95
217 223
223 217
89 95
95 89
133 178
50 95
94 83
95 122
17 79
89 95
178 133
217 223
217 223
50 89
50 89
133 223
217 178
217 178
133 175
89 95
5 47
5 89
178 133
217 203
217 223
223 178
95 89
50 89
223 151
89 5
178 223
133 223
178 223
95 89
145 183
223 217
89 5
178 217
89 95
222 132
96 55
223 217
89 95
5 89
223 217
143 207
179 133
95 89
217 178
95 5
95 5
89 5
217 223
17 33
223 221
217 133
50 83
223 178
223 217
95 50
50 95
223 217
50 95
50 5
217 223
89 95
223 217
217 178
89 50
89 95
133 201
178 223
89 95
223 178
95 84
89 95
14 81
217 133
50 5
223 217
89 50
178 223
95 89
5 50
217 223
133 175
89 95
95 89
50 95
223 217
223 133
133 223
89 50
191 224
50 89
178 223
133 223
5 67
224 154
133 223
50 95
217 223
89 5
95 89
217 133
89 95
50 5
196 145
217 133
95 89
217 148
133 217
217 223
217 251
192 232
89 95
223 178
5 89
253 203
58 5
223 217
223 133
54 50
95 5
217 223
223 217
5 95
125 98
145 253
50 95
89 95
89 95
241 186
217 178
95 89
217 223
50 5
95 89
5 89
223 188
50 89
178 154
223 217
170 209
15 83
178 223
223 217
89 50
95 50
5 95
223 178
178 252
89 95
89 95
89 50
95 23
89 50
217 223
5 50
5 47
50 95
217 223
223 133
209 170
95 89
178 217
5 95
50 95
89 123
17 80
50 89
89 95
89 95
148 136
5 95
217 223
50 89
217 223
5 50
133 217
95 66
95 50
217 223
223 217
223 178
34 15
217 223
89 95
95 117
178 223
133 223
50 89
89 95
217 223
50 89
95 89
178 223
89 50
95 89
95 5
50 95
89 95
89 95
89 50
217 134
223 217
223 133
217 223
223 217
133 223
217 223
217 251
217 133
133 223
89 95
95 14
89 95
89 50
95 89
89 95
217 223
5 50
217 223
136 145
223 133
125 23
89 5
178 223
89 50
178 223
217 223
217 223
133 223
5 95
89 79
5 95
5 50
95 50
95 5
217 178
223 178
89 5
89 50
193 246
89 95
223 133
89 95
95 50
178 223
223 217
50 71
133 201
50 89
63 120
178 222
223 217
178 223
95 50
50 12
223 178
178 217
178 223
5 95
89 5
50 5
217 223
95 83
217 223
50 95
133 201
89 5
99 46
223 217
64 70
5 95
50 95
217 223
217 223
50 95
89 95
217 178
217 223
75 89
228 247
178 193
89 95
89 50
50 95
50 95
5 73
224 206
5 89
5 50
89 95
217 223
89 95
217 223
223 133
217 131
217 223
178 239
223 178
178 133
89 95
217 223
217 223
89 95
133 178
223 178
217 133
217 223
50 95
217 223
50 17
133 217
89 50
5 89
178 217
95 5
5 89
89 5
133 223
222 241
217 223
50 5
5 95
89 117
133 217
142 209
50 89
217 223
133 217
89 95
223 217
178 223
89 95
118 50
217 222
145 253
178 223
5 95
95 50
95 14
178 223
192 222
95 50
223 217
89 50
15 34
178 217
95 50
178 133
89 95
95 101
89 95
89 95
223 217
95 17
178 223
143 162
50 95
178 170
89 5
50 95
95 50
106 70
89 95
217 223
89 95
89 5
217 223
63 96
217 223
89 95
50 95
178 133
89 50
217 223
169 143
89 50
217 223
5 73
178 223
217 223
89 95
100 119
5 50
5 95
50 89
89 5
223 217
178 223
217 223
50 5
5 95
5 95
217 223
178 217
133 223
178 223
5 89
41 35
178 175
223 133
89 5
50 95
178 223
125 68
89 5
217 178
100 14
50 89
133 223
217 223
217 223
223 142
133 223
50 89
89 95
223 133
178 133
217 133
89 95
178 217
89 95
5 73
89 50
89 95
178 223
178 223
223 217
50 5
178 223
217 223
5 95
223 217
192 211
89 95
95 5
5 73
217 223
217 133
223 217
217 223
223 217
96 68
50 95
133 134
133 223
121 83
181 178
95 20
217 223
81 64
95 50
133 166
5 50
50 95
217 223
223 217
5 50
178 250
89 65
89 95
50 95
217 223
89 95
5 95
95 89
223 133
217 223
5 73
95 89
223 133
133 217
50 95
148 192
95 23
178 223
89 50
95 50
50 95
223 133
5 89
223 151
223 142
89 5
217 178
223 217
95 89
5 73
223 133
178 223
95 5
89 30
239 133
223 133
89 95
95 23
133 166
223 156
133 207
63 120
178 223
217 223
223 178
223 217
223 217
178 252
223 133
133 223
251 247
50 95
223 217
217 223
89 95
50 89
223 178
178 223
178 223
89 5
133 217
223 217
133 201
133 223
41 81
178 223
223 217
217 178
50 89
89 95
178 223
223 217
113 58
95 50
34 83
5 89
217 223
178 217
196 169
5 50
5 95
217 223
5 62
191 248
5 89
50 95
217 223
223 217
5 73
217 178
217 223
89 95
178 223
5 95
95 89
223 217
89 5
133 217
217 178
50 95
89 95
217 223
223 178
170 162
89 5
223 133
89 95
217 223
95 89
148 249
133 217
5 73
95 89
223 217
217 178
223 217
99 93
133 223
89 50
89 50
133 178
217 223
89 5
100 119
5 89
95 30
217 223
95 89
223 178
223 217
95 89
95 89
89 5
178 240
217 133
95 14
5 89
50 95
5 95
5 58
223 178
50 95
217 178
133 223
89 95
133 217
223 217
217 223
95 89
223 217
89 5
133 201
223 133
95 89
223 178
227 142
5 95
249 211
209 170
5 89
217 223
133 223
217 178
223 178
50 95
217 223
5 95
141 235
217 178
133 178
133 217
223 217
223 217
133 223
89 95
217 133
95 5
95 89
5 50
133 217
50 95
178 145
223 178
89 50
178 223
89 95
178 217
89 95
5 50
123 5
5 95
133 217
228 142
209 192
178 223
217 250
89 50
205 133
5 89
50 89
5 95
223 178
223 133
227 241
89 95
223 133
178 223
50 95
89 50
217 223
95 89
5 50
89 95
17 80
217 223
133 223
50 95
178 217
5 73
223 217
50 95
95 89
5 95
217 223
223 133
178 223
89 95
95 5
133 178
133 217
223 217
178 133
50 95
89 50
223 217
95 89
217 223
68 41
133 199
5 89
217 223
5 95
95 89
223 180
89 95
217 175
89 95
217 178
89 95
5 50
95 50
50 38
50 95
217 223
223 178
89 95
95 89
5 74
50 47
178 223
178 141
217 178
89 95
95 5
217 251
133 178
133 244
95 5
89 95
223 217
5 95
5 39
223 217
89 50
5 73
223 217
217 223
223 217
223 133
223 201
178 223
223 217
5 50
133 217
95 89
223 133
89 95
223 178
217 223
95 89
121 20
217 223
133 223
95 89
89 5
95 5
95 50
223 151
89 95
178 223
89 50
5 95
217 223
178 223
50 95
178 133
5 89
178 217
5 50
99 2
50 89
133 223
133 223
196 143
42 51
5 95
133 223
89 95
217 223
89 50
5 89
217 223
99 62
217 223
223 217
178 223
178 223
89 95
223 178
94 8
89 95
89 50
20 8
89 95
217 223
95 5
89 50
223 178
217 178
217 178
223 217
95 89
5 89
223 142
223 133
217 178
223 217
89 95
95 5
217 223
95 5
178 217
133 223
217 223
133 223
178 217
223 217
133 217
178 133
133 223
89 41
58 89
50 95
5 89
89 5
223 217
95 50
95 26
223 217
89 95
223 212
222 134
95 14
223 217
5 95
89 50
178 214
223 217
95 116
89 95
89 95
89 95
50 5
95 57
223 217
95 5
95 5
94 40
95 5
89 95
133 217
217 223
133 201
133 178
203 217
89 100
178 223
95 50
133 178
178 154
89 95
89 95
95 50
89 95
95 50
217 178
217 223
133 223
133 223
133 178
133 217
41 15
217 223
50 95
223 217
50 42
89 95
95 50
234 211
5 89
125 23
217 184
178 217
217 178
217 159
217 223
217 223
89 95
178 232
217 133
223 178
89 100
89 95
89 95
89 50
5 47
133 178
50 89
89 50
5 89
89 95
95 5
50 24
89 95
223 178
178 223
5 89
217 223
133 223
178 133
89 95
95 5
133 223
133 217
5 89
89 5
223 133
95 89
5 95
217 178
5 95
89 5
223 217
99 68
223 178
5 89
50 74
89 95
5 95
89 5
133 217
89 5
50 95
133 223
50 89
95 5
178 223
5 50
95 50
178 223
223 133
95 89
217 223
217 223
217 178
63 79
178 223
89 95
95 89
217 223
95 5
133 217
133 182
178 223
89 95
223 178
50 95
133 223
133 201
5 95
5 95
217 223
89 95
95 89
133 217
133 178
89 95
95 5
223 133
89 50
54 83
89 95
95 5
217 223
125 98
223 217
89 95
89 95
58 125
50 95
217 223
50 89
50 89
5 95
133 178
41 68
5 95
58 75
222 214
89 95
133 217
133 217
5 50
133 217
223 217
5 89
217 223
133 223
95 50
133 217
178 228
95 79
89 95
95 50
100 119
217 223
95 26
50 95
133 178
217 223
95 89
133 223
133 223
100 14
223 178
95 89
89 78
178 133
178 223
133 151
5 89
217 223
50 95
95 50
178 217
217 133
133 201
178 245
95 89
95 50
178 217
50 5
217 223
50 80
178 223
5 89
89 50
133 178
95 50
217 178
5 95
217 133
20 64
133 178
89 106
223 210
153 211
5 89
5 62
50 89
5 95
50 84
89 95
223 178
217 223
89 50
95 5
133 223
89 95
50 5
223 133
217 178
223 133
5 95
178 133
89 95
89 5
217 223
5 95
178 223
217 133
223 217
95 89
133 178
95 89
89 5
223 178
223 217
178 223
217 222
95 89
133 217
223 217
50 95
50 89
50 95
95 89
217 178
217 133
50 5
5 73
5 95
217 223
95 66
217 178
217 223
217 223
89 50
89 95
95 89
223 142
89 95
89 95
95 89
95 89
133 217
95 50
5 89
217 223
89 95
217 178
95 5
217 223
95 89
5 95
217 223
107 13
50 95
223 217
223 178
95 5
5 95
50 95
95 89
5 95
89 95
178 203
119 100
50 89
89 95
178 223
120 51
223 217
5 95
89 50
89 79
89 95
133 223
5 73
89 95
50 5
5 95
89 5
50 95
178 133
89 50
95 89
178 133
95 5
133 178
178 223
223 217
89 5
217 133
196 143
223 184
223 133
5 50
178 217
89 5
5 50
217 223
95 5
169 198
5 50
133 223
50 95
217 178
178 223
41 62
89 95
89 95
178 223
178 154
217 223
89 50
5 95
5 95
178 223
89 113
50 95
217 133
95 14
50 95
5 89
217 147
89 95
5 89
89 95
217 223
133 223
217 223
89 95
223 217
133 223
217 223
217 223
50 89
89 50
89 95
89 5
158 222
223 188
217 133
5 89
223 178
178 223
89 95
223 217
89 95
217 223
95 4
167 178
5 89
95 5
178 145
223 217
133 223
191 248
95 117
178 244
89 95
223 133
50 95
5 95
89 95
217 223
217 223
95 89
5 95
95 89
89 95
89 95
95 89
5 95
95 50
217 223
223 253
89 20
95 50
169 194
178 223
50 95
89 5
50 16
178 223
50 95
217 223
95 5
5 50
89 50
217 206
5 95
89 95
217 193
217 223
133 146
217 178
95 5
5 89
89 95
223 133
217 223
89 95
178 205
178 133
50 95
5 95
89 5
5 50
50 95
5 95
133 223
50 95
5 73
133 223
178 223
89 50
133 217
217 223
5 89
5 73
89 95
133 223
217 178
5 95
5 89
89 95
133 217
89 95
178 223
178 217
50 89
89 50
133 223
223 217
178 223
5 95
217 178
217 223
95 5
89 95
223 133
50 89
113 58
223 217
42 81
223 151
5 50
50 74
95 23
223 142
89 116
223 133
89 95
95 89
5 47
223 217
217 223
217 223
89 95
50 5
95 50
253 153
223 217
178 217
95 89
217 223
89 115
50 95
50 95
95 50
50 89
223 217
95 38
143 162
42 51
223 178
217 223
217 223
217 133
223 133
89 95
217 178
89 5
217 223
5 95
50 5
50 95
217 223
95 26
223 133
133 223
217 133
217 142
95 89
223 217
178 223
178 223
223 175
89 50
50 95
217 133
95 50
223 212
50 95
41 88
50 95
50 63
223 217
89 5
223 194
5 95
133 228
217 133
89 95
5 50
217 223
223 166
95 77
89 5
89 119
89 50
217 178
217 178
178 133
50 89
217 211
217 223
5 89
178 133
89 95
133 223
89 95
127 121
223 178
50 89
50 63
89 95
169 196
133 223
223 216
50 79
95 5
178 223
95 89
223 133
217 133
89 30
133 175
217 178
95 94
89 5
217 223
50 95
133 178
50 95
95 5
95 50
223 178
198 234
50 95
20 8
223 217
95 50
89 95
223 217
89 48
217 223
223 209
106 95
223 217
5 95
54 65
217 223
223 178
89 95
95 50
133 178
89 95
133 217
95 5
217 223
217 223
217 223
95 5
143 211
217 223
217 223
217 223
178 171
223 217
95 89
169 223
217 223
223 133
217 223
169 146
133 223
95 89
217 223
217 223
95 14
5 95
133 223
223 133
50 95
89 116
5 95
178 217
89 95
133 223
95 5
217 223
50 89
50 89
95 5
223 142
178 217
100 14
89 95
133 223
148 136
217 223
217 192
95 89
95 89
5 95
89 95
5 89
5 50
95 50
89 95
50 95
217 223
178 176
217 223
223 178
95 5
50 5
133 217
50 89
89 95
223 178
217 223
95 14
5 48
89 50
89 95
50 95
5 86
217 223
178 223
133 223
89 95
191 224
5 95
89 95
223 178
217 223
133 178
5 82
133 223
95 89
178 223
217 178
89 95
50 18
223 217
223 133
50 95
95 50
95 5
5 89
178 152
95 89
133 217
227 207
89 95
5 95
95 50
178 223
5 95
223 178
217 223
50 95
217 178
217 223
5 95
50 89
178 223
89 95
89 95
89 95
223 217
223 217
95 89
95 5
217 223
178 223
196 143
41 63
178 223
95 5
95 89
178 217
95 89
217 133
217 178
95 66
95 14
178 223
228 142
89 95
223 178
95 5
89 95
178 217
133 223
80 79
145 178
217 133
89 95
133 223
5 89
95 89
217 223
223 217
95 22
100 119
95 57
95 5
217 223
89 95
217 178
217 133
217 178
133 217
95 89
50 89
223 217
223 217
5 89
133 178
5 89
89 5
217 223
143 162
50 95
5 95
133 223
100 14
89 95
89 83
249 226
223 178
223 133
178 223
133 217
95 50
133 178
99 33
217 133
223 178
50 95
217 133
50 95
178 217
223 178
50 95
217 161
94 20
133 217
133 217
217 133
95 5
5 89
217 223
133 217
89 95
95 89
50 95
222 247
23 95
143 162
89 50
95 89
5 89
89 50
133 217
89 95
5 11
223 178
178 223
178 156
133 145
50 95
89 95
5 89
23 95
14 81
89 5
133 223
5 95
89 5
133 217
178 223
95 50
223 178
95 89
217 133
223 178
50 5
5 95
217 178
223 178
95 89
223 178
95 50
81 42
50 95
50 5
223 217
223 133
217 191
223 217
95 89
178 138
133 178
178 223
89 95
95 89
239 198
223 217
89 95
50 95
133 223
178 204
50 95
153 234
133 175
89 95
133 178
95 89
50 95
133 217
223 217
95 5
217 133
133 178
89 95
50 5
223 178
217 223
34 65
223 217
178 230
50 74
217 248
175 133
253 135
223 194
95 14
89 5
133 201
133 223
217 223
217 178
133 217
133 223
217 173
133 178
89 95
223 217
133 175
95 5
223 247
223 217
133 178
50 95
89 95
5 50
178 223
50 59
223 133
50 95
15 79
50 95
89 50
217 178
95 50
133 253
133 237
50 95
89 95
217 178
223 178
133 178
5 89
223 151
95 89
89 95
184 133
95 50
217 178
50 89
133 217
95 1
95 89
178 217
95 89
95 50
223 217
50 95
193 238
223 217
50 5
5 95
50 95
50 5
5 48
217 183
223 142
95 17
217 178
50 89
133 223
68 15
251 247
95 50
133 178
178 223
217 178
50 5
95 50
50 95
133 217
171 178
223 133
217 178
178 223
182 221
223 178
95 89
217 178
223 178
223 133
89 95
217 223
223 142
223 174
223 178
95 89
133 145
5 95
89 95
253 160
182 211
217 223
89 95
89 95
95 50
178 223
223 178
223 191
89 95
133 178
178 133
217 144
95 89
217 223
133 217
95 5
89 95
178 217
217 133
5 95
5 47
89 95
95 89
95 5
95 5
5 50
223 217
217 178
89 95
217 200
217 223
178 217
217 223
95 14
95 5
89 5
178 223
95 14
178 223
223 217
100 119
133 217
5 95
178 223
89 95
223 133
217 223
217 178
178 217
217 169
217 223
178 223
89 95
95 89
133 223
89 95
5 50
121 46
217 223
133 223
95 89
217 223
251 247
95 50
178 133
133 223
5 50
89 50
89 50
178 133
223 178
89 95
95 89
17 98
95 89
217 133
5 95
54 50
217 223
95 50
223 217
89 50
89 50
217 223
217 223
133 223
227 192
217 223
5 89
5 47
95 5
223 217
178 223
5 89
223 142
5 95
223 217
223 217
178 223
217 223
95 50
50 95
5 89
217 133
95 89
217 133
95 89
50 95
95 5
133 223
217 223
133 201
50 81
133 217
223 157
217 178
95 89
217 133
89 5
95 50
133 217
89 5
223 142
89 95
223 133
89 95
133 223
89 50
89 95
223 217
5 95
5 50
50 17
95 89
217 159
50 95
50 5
89 5
89 95
89 95
95 6
95 50
50 89
133 217
89 95
5 89
89 50
133 201
89 95
198 133
89 5
217 133
5 89
50 101
89 95
223 178
50 5
89 95
223 178
217 223
217 133
20 121
217 223
50 95
178 223
89 110
95 50
178 223
50 89
50 95
89 95
223 178
223 151
89 50
217 178
217 202
95 89
95 14
50 95
217 223
217 223
133 223
133 178
223 178
95 5
95 50
95 89
89 14
89 95
95 5
95 5
5 18
65 34
51 14
217 223
217 223
89 95
95 89
178 223
217 223
178 223
95 89
253 167
178 223
89 95
217 133
223 178
89 95
89 50
133 178
133 223
178 223
217 223
95 89
5 89
223 217
99 109
217 223
133 217
89 5
223 178
217 223
217 223
217 178
89 95
178 223
89 95
178 138
217 178
223 142
89 95
223 133
95 89
178 164
217 178
217 178
217 178
223 217
118 65
217 133
133 223
217 223
89 95
50 95
217 223
5 89
178 223
89 95
50 95
5 95
133 162
217 178
89 5
89 48
217 223
217 178
178 223
228 247
178 217
89 50
217 178
50 42
89 95
178 223
178 198
217 223
217 223
50 95
239 170
50 58
217 223
89 95
178 223
89 50
121 7
217 223
50 98
89 95
41 56
217 178
178 223
95 5
95 89
217 178
217 133
217 223
178 223
89 95
95 89
50 89
133 223
113 58
133 178
217 223
217 223
5 89
133 217
50 95
178 133
95 89
50 16
223 217
217 133
5 89
89 95
68 41
133 178
5 42
178 223
133 166
217 223
223 166
223 217
133 223
178 223
89 95
95 5
178 223
5 50
89 50
133 223
5 106
89 95
217 223
217 223
217 223
133 178
182 213
95 89
95 50
5 95
217 178
89 95
89 50
133 178
95 23
5 95
89 95
217 178
89 50
223 178
89 50
89 50
223 217
217 223
217 178
223 217
89 50
148 192
217 156
133 223
217 223
178 177
50 95
178 205
5 89
125 121
99 91
223 217
133 178
95 89
50 95
217 206
178 133
5 95
89 95
89 50
217 223
217 178
133 223
217 178
50 95
95 89
121 20
50 95
5 73
217 176
217 223
89 50
178 223
89 95
178 133
223 217
223 217
89 95
133 178
5 50
89 5
191 248
95 5
95 89
50 5
89 95
50 113
95 5
217 223
217 178
223 217
178 142
133 223
95 5
89 95
15 34
5 95
89 50
133 223
89 5
223 133
50 95
5 95
95 50
89 95
50 89
89 95
50 75
217 178
133 175
42 98
178 223
223 178
241 186
133 207
223 217
89 95
178 217
223 178
223 217
217 223
178 223
5 95
95 89
217 223
89 95
178 133
217 223
5 89
223 133
209 170
121 65
95 5
50 95
50 5
213 217
133 223
178 223
133 143
5 80
5 83
217 178
5 95
89 10
178 243
5 95
133 223
95 5
186 241
217 201
133 217
217 223
95 5
95 89
95 89
95 5
95 14
217 178
223 142
178 217
89 95
223 217
89 95
133 217
50 95
223 217
50 89
217 133
217 223
95 89
41 4
89 95
50 95
223 217
89 50
79 100
217 178
217 178
133 223
133 217
50 95
217 223
133 176
50 71
95 89
217 223
133 175
50 8
133 178
133 223
223 136
133 223
95 89
50 89
5 50
223 217
5 95
50 95
95 89
223 217
95 5
217 223
133 224
89 95
223 142
89 95
217 184
41 68
223 145
95 89
178 217
178 213
217 178
89 50
178 217
5 89
50 89
133 246
50 5
178 133
95 50
95 89
217 223
5 50
89 5
89 5
89 50
89 50
217 133
95 5
217 223
223 217
95 89
95 89
223 133
95 5
178 223
95 23
133 145
223 217
223 178
133 223
89 50
5 50
89 95
95 0
217 223
217 133
50 95
89 95
178 217
133 223
5 89
217 223
133 149
223 178
223 133
50 95
5 95
89 95
5 50
95 50
50 95
89 50
89 95
217 223
133 223
223 133
217 223
5 95
5 50
5 50
95 50
95 50
178 223
133 223
50 95
50 95
95 89
133 178
133 223
223 217
223 217
223 217
95 89
89 95
217 223
95 89
133 178
50 95
95 50
178 223
217 223
50 89
50 89
89 95
50 82
223 217
89 50
5 73
50 5
89 50
50 5
50 95
178 223
95 89
95 23
217 223
95 50
89 63
217 178
95 5
178 217
217 223
223 217
223 217
217 223
217 178
89 50
178 133
95 89
217 143
217 178
95 89
89 95
5 95
96 11
223 217
5 95
95 5
133 223
192 183
89 42
50 95
178 223
217 223
217 223
89 95
217 223
217 223
178 223
223 133
89 5
95 89
133 175
89 95
133 223
89 95
178 223
217 223
5 73
89 95
89 5
217 223
95 14
95 5
95 5
89 95
89 95
178 217
50 89
95 89
223 222
89 95
133 223
95 89
89 95
217 223
95 89
217 178
5 89
217 149
176 217
208 178
217 178
20 8
133 217
217 178
5 50
217 133
223 217
133 217
5 95
5 95
89 95
223 217
89 16
50 95
223 133
217 133
217 178
223 133
217 223
217 223
223 217
217 223
178 223
99 123
217 223
133 217
50 95
178 217
5 95
223 217
50 95
192 185
89 95
170 179
249 202
133 178
5 95
5 95
89 95
95 5
217 174
178 223
89 95
223 133
178 217
145 211
50 95
95 89
5 73
223 217
217 178
64 94
95 23
217 223
5 47
223 217
89 95
15 34
89 95
133 223
133 217
89 5
95 5
5 89
95 83
217 178
217 223
223 133
89 95
217 223
50 85
178 223
89 95
5 89
178 223
95 50
178 217
223 178
118 65
148 192
217 178
133 178
95 5
178 217
5 73
133 223
89 95
95 5
50 95
253 223
217 223
95 5
89 95
95 17
178 223
89 95
217 223
178 217
223 178
133 235
145 227
95 89
217 178
223 217
223 133
89 95
223 178
89 95
169 132
89 95
133 223
89 95
95 5
50 95
223 133
89 50
217 223
217 223
17 71
217 223
89 116
95 89
50 95
89 95
223 217
217 223
207 211
217 223
217 178
178 223
89 5
95 89
5 50
217 223
133 175
95 50
178 223
133 178
95 50
223 178
133 178
133 223
209 170
5 50
95 5
42 94
89 95
223 145
8 64
133 223
89 95
54 56
223 217
95 89
89 5
5 95
5 89
95 89
95 23
89 5
5 89
64 22
89 95
133 223
89 83
5 95
50 95
123 119
95 71
89 78
5 89
89 95
50 95
5 50
50 89
178 223
89 5
89 95
89 95
217 223
89 95
133 227
133 217
133 170
178 223
133 156
133 217
178 217
89 95
5 50
133 201
223 214
89 50
178 235
217 133
217 223
217 223
89 93
217 168
227 232
5 89
89 26
50 95
89 50
178 223
50 95
178 133
217 133
5 95
223 133
223 217
133 223
95 89
217 178
223 151
89 50
83 111
145 182
178 217
223 217
89 95
178 225
5 20
89 95
217 223
89 50
223 217
178 133
94 61
133 223
50 95
89 50
217 223
223 217
178 223
133 175
217 223
133 175
133 178
5 89
133 178
178 217
178 223
192 176
223 133
133 201
5 95
89 50
223 151
223 209
95 23
95 5
223 178
170 148
223 175
5 47
217 223
223 217
95 89
133 223
89 95
217 223
133 201
133 217
50 89
223 217
217 223
217 223
95 89
217 223
89 95
89 95
20 8
178 223
95 50
223 133
89 95
191 248
178 158
223 208
178 223
162 142
5 50
5 95
89 95
89 50
5 73
95 5
50 95
217 178
50 95
95 50
89 95
50 16
5 95
217 223
95 89
178 223
223 217
89 95
178 223
5 95
89 50
89 5
178 224
223 217
95 89
223 217
217 178
89 5
217 178
54 50
50 95
217 223
217 223
5 50
133 223
133 217
217 133
217 223
178 242
178 223
95 5
217 223
223 217
217 223
170 179
95 5
217 133
217 223
95 5
95 5
50 5
178 223
178 223
5 89
50 116
133 223
133 178
89 95
64 83
223 142
89 95
223 178
217 178
50 109
133 223
178 223
5 95
178 223
209 192
89 95
89 116
217 223
95 5
50 89
178 217
95 89
89 50
95 50
89 5
5 95
217 223
5 95
50 95
89 95
89 95
178 223
223 217
5 73
5 95
5 95
223 217
191 248
5 95
63 96
223 217
95 50
223 151
5 73
217 223
133 250
89 95
217 178
133 217
5 95
217 223
133 217
133 223
50 95
89 50
133 223
133 175
223 142
119 123
217 207
223 217
100 14
89 95
217 240
95 89
222 187
89 95
5 50
5 95
217 133
50 89
191 248
89 95
89 95
89 50
95 89
145 253
133 178
217 223
64 121
89 95
217 191
121 6
223 178
133 217
178 223
50 95
89 125
89 67
50 89
95 50
223 178
68 15
178 133
5 50
178 223
143 211
95 17
5 89
89 95
133 178
89 50
133 217
89 95
217 223
217 223
5 47
89 95
5 95
217 133
5 50
223 133
223 217
89 116
95 5
133 223
217 223
217 223
217 178
223 211
5 95
95 79
95 89
89 95
178 133
217 169
217 178
95 5
5 95
223 142
5 95
220 133
223 217
89 95
89 95
5 95
217 178
89 50
223 178
223 151
223 217
89 50
223 217
5 95
5 95
217 178
95 127
50 95
95 89
223 151
95 89
145 178
223 151
5 95
217 223
217 202
89 5
5 18
50 95
133 223
89 95
95 89
217 187
51 13
95 89
89 71
95 89
178 223
89 50
178 217
133 223
133 175
133 178
178 223
95 89
5 50
95 23
89 95
65 20
133 187
223 217
5 89
89 95
50 95
223 217
95 89
5 112
125 107
133 178
133 223
50 5
217 223
223 133
217 223
89 95
223 178
217 223
217 223
95 18
95 50
85 95
133 217
217 223
50 17
223 217
95 50
217 133
223 251
89 5
89 5
217 238
95 50
5 95
142 209
5 47
95 14
223 142
89 125
217 133
89 95
142 209
223 178
50 8
89 95
182 138
223 133
95 89
192 211
5 55
50 95
133 178
178 223
94 79
5 89
227 199
5 50
178 223
5 50
89 3
68 15
95 50
50 94
133 223
217 223
178 223
5 73
133 217
217 178
217 223
193 247
5 50
217 223
50 89
89 5
217 223
50 95
133 223
95 50
95 2
223 217
217 223
178 223
217 133
89 5
89 95
89 95
223 133
228 142
95 50
133 178
223 217
5 95
133 217
249 232
89 95
5 50
89 95
17 84
133 159
223 217
95 5
217 223
5 89
222 140
95 23
133 178
95 5
178 217
178 223
17 52
89 95
20 8
217 223
89 95
50 95
223 217
95 89
223 178
95 5
5 95
217 133
223 133
89 95
217 223
217 223
5 95
178 223
217 178
148 136
223 178
223 217
100 119
223 217
223 178
223 178
217 223
95 5
15 83
133 223
178 223
133 217
95 5
217 178
50 95
223 217
217 223
217 133
5 50
51 29
223 217
89 1
54 59
5 47
223 217
133 217
133 223
89 95
50 95
133 247
178 223
89 38
142 209
178 223
223 153
217 223
95 2
17 125
223 133
217 178
223 221
50 89
95 5
5 34
178 182
95 50
227 232
95 89
50 95
217 133
217 178
133 223
223 131
5 89
217 185
133 178
223 217
217 223
133 173
89 95
133 178
89 50
178 150
50 5
5 89
50 29
95 89
89 5
217 223
223 217
95 89
178 217
56 5
95 23
133 223
89 95
223 217
94 89
89 5
223 133
217 133
217 223
223 178
228 142
217 206
95 5
50 95
89 99
89 95
95 89
217 223
95 50
50 95
14 81
178 223
133 178
223 227
133 178
95 50
89 95
133 223
50 89
50 89
133 175
95 89
217 243
50 89
178 223
5 95
5 95
217 223
178 223
95 89
223 217
95 50
178 143
217 223
217 133
95 5
223 178
50 5
223 178
89 95
178 217
151 207
178 217
95 89
89 95
217 223
217 223
5 95
223 178
223 217
5 73
133 217
223 184
89 95
178 133
89 95
95 50
223 217
50 26
133 217
89 95
5 95
178 223
5 89
63 96
5 89
217 223
223 178
89 95
192 247
50 77
95 89
223 217
178 156
178 233
95 23
5 82
133 223
89 50
223 133
217 223
178 223
133 178
89 95
178 223
95 19
89 50
95 50
133 178
223 142
50 95
223 227
89 95
95 5
133 217
217 133
217 223
95 50
95 89
50 95
169 250
191 207
199 178
95 89
89 95
50 95
217 193
223 133
217 223
133 201
50 56
133 223
133 217
89 95
133 217
217 223
50 95
224 149
223 142
133 223
5 95
95 89
223 217
133 178
57 50
50 95
223 178
95 89
89 95
50 89
217 223
89 5
133 223
217 223
100 119
50 95
89 5
217 223
50 95
95 50
178 223
50 5
95 14
133 178
178 223
5 50
89 95
217 223
95 50
223 217
217 255
50 95
95 89
5 95
133 223
5 95
133 217
178 133
223 151
217 223
95 5
217 223
5 89
5 50
133 223
182 243
223 237
178 217
133 223
178 174
133 222
217 246
89 95
5 50
89 50
223 133
95 5
50 95
249 211
50 93
89 50
89 113
89 50
5 95
217 223
5 95
223 133
50 95
217 223
223 217
50 95
217 133
89 50
133 223
95 50
95 50
50 84
50 7
91 64
217 159
217 178
223 217
50 95
223 142
95 50
50 95
5 95
89 50
95 89
178 217
217 250
65 95
50 95
178 223
223 217
217 223
95 5
95 50
182 246
95 89
89 95
5 95
5 95
133 223
223 217
217 233
70 42
223 178
89 50
89 95
224 192
133 211
89 95
217 133
217 223
89 95
5 95
223 151
95 50
133 217
178 223
50 16
89 95
178 133
95 42
217 229
133 178
68 41
142 209
133 223
95 89
50 95
217 223
89 5
217 178
5 89
208 178
5 89
217 223
133 178
217 223
133 223
251 247
89 95
223 133
223 211
5 89
89 50
178 217
89 95
217 178
223 178
178 223
95 50
95 89
223 220
95 84
217 178
223 217
15 79
5 89
89 95
178 217
5 73
89 95
95 89
217 223
217 223
217 205
178 133
89 95
95 23
133 178
51 100
89 95
5 50
15 83
217 223
217 223
217 223
95 116
5 95
15 83
169 178
89 95
217 133
5 89
207 191
217 223
89 50
64 5
95 89
133 217
223 133
223 217
217 223
50 95
50 95
95 25
5 119
133 223
89 5
133 178
95 50
223 178
223 178
5 17
5 95
217 133
217 223
178 217
223 133
5 95
50 95
224 225
50 95
50 5
223 133
5 89
178 182
217 133
5 95
217 223
50 89
223 217
235 141
192 216
217 133
178 133
95 89
217 133
5 73
15 83
89 50
5 95
95 5
217 206
133 187
89 95
5 95
95 89
5 73
217 178
95 5
223 217
89 95
95 89
217 223
223 217
217 250
5 95
89 5
5 84
95 5
133 201
217 223
89 95
89 95
217 133
178 180
89 50
89 50
95 5
143 162
222 232
95 50
217 223
223 217
217 142
133 223
89 95
5 73
95 89
217 206
182 137
217 223
178 246
95 89
95 89
217 223
89 95
5 50
50 95
217 146
178 223
133 178
217 223
217 178
223 133
217 223
50 10
89 95
223 178
133 178
118 42
95 23
5 95
95 89
89 95
192 146
89 95
89 95
95 89
89 95
178 223
5 95
50 95
89 95
133 217
223 151
217 178
89 95
50 95
223 133
178 223
178 223
223 178
89 50
125 14
95 89
178 223
95 5
251 247
178 223
95 5
5 50
89 95
217 178
133 217
223 217
95 50
5 95
217 223
178 233
217 223
217 223
89 95
5 20
5 113
89 50
217 178
42 81
95 89
217 223
217 223
178 133
89 50
223 178
95 89
89 5
217 179
217 178
95 89
89 95
5 95
178 133
89 95
253 151
217 133
178 199
133 223
133 223
95 89
95 83
217 237
223 133
217 223
178 217
178 217
133 217
5 28
223 178
5 95
113 58
178 217
217 133
5 95
89 95
50 95
217 223
133 223
133 223
133 217
217 223
5 122
133 217
95 89
178 145
89 47
5 95
178 223
95 89
95 89
5 95
95 89
89 5
89 50
89 50
217 223
133 201
50 52
133 217
223 133
217 223
217 223
89 95
223 217
50 115
89 95
50 89
41 68
89 50
223 133
217 133
50 95
227 141
89 95
95 50
89 50
95 50
5 95
68 15
5 50
95 89
133 178
89 95
5 95
223 178
50 89
217 133
133 217
217 178
95 5
217 133
223 245
95 89
217 133
217 223
217 133
223 142
145 229
223 217
217 223
133 178
5 47
95 5
89 95
223 217
217 223
89 95
15 79
50 95
133 178
223 217
89 5
178 223
133 175
253 133
223 133
223 217
217 223
95 89
89 95
133 223
89 95
95 89
217 178
50 89
217 223
178 223
5 95
217 223
50 95
217 133
95 89
5 68
89 95
217 223
217 223
178 229
217 223
223 217
41 23
133 178
133 227
239 170
217 220
227 138
95 89
50 5
95 5
5 23
89 50
223 217
217 178
5 95
217 223
50 95
223 250
89 95
217 161
5 95
42 51
89 95
50 89
89 95
89 50
5 3
178 133
223 217
89 95
89 95
95 50
89 95
15 83
89 95
5 75
133 178
133 223
89 123
178 133
178 133
95 50
223 217
223 217
133 217
223 129
5 95
133 223
5 95
223 133
217 223
50 95
178 217
178 223
89 95
253 142
217 244
223 217
223 211
50 95
89 50
50 89
95 89
5 50
50 5
142 211
223 217
182 178
223 217
50 23
95 89
5 73
217 223
191 187
95 89
217 223
89 63
50 64
95 89
50 95
178 223
5 47
217 223
50 95
5 95
133 223
223 178
95 89
223 142
178 133
89 95
223 133
50 5
89 95
95 89
133 217
95 50
89 95
223 178
223 217
5 89
217 211
5 122
54 43
223 217
64 93
217 223
89 18
5 95
89 95
95 89
217 223
217 223
223 217
133 217
89 45
89 95
95 89
217 223
133 223
95 50
5 89
95 89
89 50
133 223
223 178
178 223
223 217
217 223
89 95
95 89
223 151
5 50
223 133
133 217
89 95
95 93
89 95
133 217
89 30
89 95
95 50
191 133
89 50
89 84
50 95
223 178
217 223
178 223
223 217
95 89
50 95
223 167
217 178
5 95
223 133
89 50
5 95
5 107
133 223
223 217
133 209
178 223
50 1
95 50
178 217
5 89
178 223
50 23
217 133
50 5
89 95
89 95
223 217
222 241
95 89
89 95
89 95
223 217
5 95
133 223
95 50
217 223
217 133
50 95
5 50
89 101
113 5
95 89
50 95
133 223
133 239
217 223
178 217
95 89
217 133
95 5
133 223
5 55
89 50
50 89
133 223
50 5
89 5
217 223
95 50
178 250
15 34
95 89
89 95
133 223
89 5
178 133
95 65
95 5
217 223
50 89
89 50
178 181
50 89
42 98
5 95
95 89
223 217
5 89
5 95
223 237
89 95
223 133
89 5
241 186
217 223
223 178
113 58
89 50
95 50
217 223
217 166
178 223
89 50
50 95
89 95
89 95
217 187
95 5
95 50
217 211
217 223
89 95
10 125
50 95
50 95
223 217
95 89
178 182
89 5
178 133
95 50
191 224
133 156
217 223
95 5
178 223
50 120
223 208
89 15
223 133
133 223
94 7
223 151
89 50
5 95
50 81
178 220
217 223
133 217
95 89
51 125
13 64
133 216
133 223
223 217
178 217
133 178
178 217
217 178
217 223
217 223
217 223
95 5
5 95
50 8
89 95
50 29
178 217
15 34
95 5
95 89
89 95
95 91
217 223
178 217
89 5
95 89
95 89
95 50
50 5
95 88
50 89
95 50
89 3
133 178
50 95
223 217
95 50
106 95
23 89
223 133
89 95
133 175
223 251
169 196
95 5
223 151
178 223
95 89
223 221
89 5
217 223
133 178
223 151
217 223
5 89
89 95
223 178
107 13
89 5
5 89
50 113
148 192
95 89
133 223
223 217
133 217
133 223
89 95
89 95
217 223
89 53
217 133
50 95
89 95
217 223
89 95
222 150
217 223
14 5
89 46
50 5
217 223
50 118
95 50
178 223
178 223
223 217
223 133
42 81
228 247
178 138
223 217
95 23
133 178
133 178
95 97
217 223
133 223
217 133
95 5
223 217
133 223
89 95
178 131
217 178
95 14
133 223
178 223
51 56
217 223
89 95
5 50
89 95
89 95
50 95
50 95
5 95
223 167
95 89
217 223
217 223
95 23
223 217
217 223
89 95
211 133
191 248
217 178
217 178
50 89
133 223
178 233
217 235
89 95
89 95
217 178
89 95
133 178
5 89
95 89
133 223
89 50
89 95
5 89
89 50
217 223
89 50
178 133
95 89
178 223
223 217
50 95
5 47
133 217
50 89
217 223
89 95
217 188
89 107
223 133
217 243
50 89
89 95
178 217
95 89
217 178
217 223
50 109
133 178
180 217
5 95
80 125
89 8
223 158
217 223
133 217
89 5
217 133
5 50
133 223
223 151
89 95
223 178
50 5
178 205
5 95
133 223
133 223
223 217
15 79
95 14
89 95
217 178
217 223
5 50
95 89
223 168
5 95
223 217
217 203
95 89
217 223
217 223
5 95
95 50
217 223
217 223
95 89
217 133
133 178
217 178
5 95
142 223
133 223
223 133
95 5
89 50
142 209
5 106
95 5
89 95
223 178
217 178
50 5
89 95
5 95
223 173
95 89
178 217
133 178
217 223
217 133
125 97
178 217
5 50
5 89
95 50
50 95
89 95
178 223
178 216
178 216
89 95
223 178
178 145
89 76
178 172
5 95
217 210
89 95
217 223
133 178
89 95
89 95
5 78
50 95
223 178
89 5
89 5
89 122
89 95
223 178
5 95
5 50
89 50
50 95
89 95
178 223
217 223
217 223
217 223
223 217
113 58
95 50
178 223
217 178
217 178
95 14
89 95
223 178
223 178
178 133
83 15
95 50
50 5
223 178
50 1
133 227
50 95
95 5
217 147
246 239
5 73
89 50
20 106
217 178
178 133
223 217
178 223
253 223
89 110
223 178
223 178
89 95
217 133
133 148
89 95
217 128
