256 10000
217 223
95 5
89 5
223 217
89 95
217 133
89 95
217 178
89 50
89 5
50 95
178 217
5 89
217 223
133 178
15 79
50 95
178 217
217 223
211 234
5 95
50 125
95 89
94 82
95 5
217 223
223 142
50 89
50 5
95 5
5 95
89 5
89 95
223 178
178 223
223 217
89 95
50 89
133 223
178 217
89 50
95 50
50 95
95 89
223 178
89 95
217 223
95 5
217 206
95 89
50 89
223 217
217 184
50 5
217 223
217 178
178 223
217 223
95 89
20 8
50 95
95 50
253 226
89 95
89 5
217 223
5 95
178 217
223 217
95 14
178 223
196 143
178 223
95 109
125 54
5 73
178 223
5 89
95 50
95 5
95 89
63 96
50 5
223 217
119 123
217 133
217 223
95 50
89 5
100 14
89 5
217 133
89 5
5 89
5 95
223 178
223 217
223 133
100 14
217 178
5 89
5 47
95 89
95 89
196 154
63 79
178 131
50 95
89 95
89 95
217 223
95 56
5 95
8 94
133 219
5 95
223 217
133 217
50 5
178 223
227 199
179 220
5 50
133 201
223 133
178 223
217 223
89 95
223 178
60 89
223 142
223 178
217 223
133 178
217 223
217 223
133 173
178 223
217 223
95 23
223 133
113 58
95 89
89 50
89 50
95 89
178 133
50 95
5 50
95 23
178 223
95 89
95 5
5 89
5 89
95 14
217 178
5 100
95 89
223 217
178 223
133 223
50 95
217 133
223 217
50 31
50 95
223 140
89 57
223 217
5 95
217 178
133 217
89 95
133 217
50 95
89 95
50 23
95 50
217 223
5 95
223 133
5 47
89 95
50 53
5 95
178 217
222 216
217 223
95 50
217 243
223 142
15 34
118 13
178 133
178 223
217 223
95 89
133 217
64 96
223 217
133 178
14 81
133 178
50 89
63 120
5 75
223 178
50 95
95 50
5 118
89 50
5 95
50 95
50 95
178 217
223 178
178 141
217 223
223 217
178 211
89 95
95 14
89 95
113 58
89 95
217 223
223 158
178 217
133 217
223 217
50 95
217 133
89 50
89 50
217 223
5 50
50 95
50 95
89 95
96 116
89 95
223 217
89 95
178 223
133 217
178 217
178 135
5 73
169 151
50 95
217 223
89 95
54 93
223 217
178 223
50 95
5 79
95 50
95 50
186 151
89 95
5 95
5 49
217 178
223 178
178 223
169 171
50 95
89 95
95 50
223 178
217 178
95 5
5 89
5 95
50 5
5 89
217 223
223 217
178 223
170 239
5 95
133 223
217 223
217 178
119 99
5 89
50 5
95 5
223 133
217 133
95 89
95 89
89 95
133 211
50 89
217 133
89 36
50 95
217 223
223 178
223 217
133 217
133 223
223 217
217 223
133 223
42 81
95 23
217 223
5 89
5 89
50 95
5 95
50 47
89 95
217 223
223 133
89 95
83 106
223 133
89 5
95 89
89 50
89 50
217 220
217 178
133 217
133 223
178 223
5 95
178 223
178 223
5 95
217 178
133 223
95 14
95 50
5 34
20 8
222 148
133 178
178 223
95 14
50 89
133 178
223 178
89 95
223 217
5 73
143 162
217 159
133 178
211 192
178 223
217 178
95 5
223 147
95 5
68 15
95 89
223 217
133 217
20 8
217 223
65 41
217 223
217 178
89 95
95 5
5 89
50 83
178 223
133 223
217 223
95 89
133 166
178 217
178 223
5 47
89 102
89 95
5 50
133 244
178 203
95 89
182 193
50 95
223 178
223 217
217 133
50 95
5 47
178 223
50 95
95 89
178 223
95 17
133 223
89 95
50 30
223 181
133 217
133 178
217 191
50 95
178 223
95 17
95 5
217 223
5 73
133 223
50 95
95 89
5 95
223 217
217 223
95 89
8 125
133 182
178 133
133 158
5 73
223 243
5 89
95 23
223 217
89 50
89 95
148 192
223 217
223 178
217 178
178 223
89 95
95 5
5 50
5 123
249 202
95 89
133 208
63 50
217 133
133 179
217 223
217 223
133 178
89 50
89 85
133 251
89 95
50 116
89 95
50 95
89 95
95 50
89 95
133 217
89 95
89 95
217 223
217 223
50 95
223 217
178 223
217 223
95 5
5 50
178 217
51 106
95 50
133 223
89 5
217 223
223 217
89 95
223 133
178 223
5 95
223 217
89 5
217 223
133 223
133 223
223 217
50 89
217 223
133 175
89 95
178 223
50 95
217 223
145 188
5 50
50 95
223 217
217 223
178 193
89 95
89 95
223 178
50 5
182 144
178 217
223 211
89 5
223 178
89 95
223 178
89 5
217 178
223 133
217 133
217 223
95 5
99 79
89 50
95 5
89 95
217 133
95 89
178 217
5 95
5 95
178 133
5 89
151 223
143 211
223 217
89 95
32 74
50 105
95 89
133 223
178 217
133 201
89 18
223 217
217 223
133 178
217 223
223 217
217 223
95 5
89 95
100 119
5 89
5 89
5 42
5 89
50 95
95 89
89 95
89 79
89 5
223 217
178 223
89 95
89 95
133 217
95 50
95 50
133 217
223 217
50 95
217 212
96 124
95 89
191 207
5 50
89 95
223 142
133 223
217 223
17 38
178 217
217 178
89 50
178 223
89 118
223 178
133 178
133 148
223 178
50 89
89 95
223 133
217 133
178 223
217 223
64 97
89 50
217 130
217 133
217 223
50 89
223 191
89 95
95 50
178 223
89 79
89 95
95 89
223 133
89 50
89 95
178 223
133 223
217 223
50 95
217 223
133 217
133 223
95 5
89 68
50 89
95 50
223 154
178 148
217 133
217 223
50 95
50 31
5 50
217 178
5 89
178 223
133 223
217 223
89 95
95 89
178 129
89 5
178 217
223 142
217 223
178 173
5 95
217 178
95 89
223 217
217 223
5 50
133 217
217 223
217 223
95 89
89 95
223 217
89 50
41 70
95 5
5 89
5 95
89 95
217 208
89 95
217 223
223 210
223 217
80 50
133 223
217 178
89 5
89 50
217 223
5 50
89 95
89 95
217 223
113 58
223 211
50 5
64 83
89 38
217 223
178 217
50 95
178 133
89 67
217 223
5 95
125 1
5 50
217 178
178 223
217 223
50 95
217 178
5 89
133 223
95 55
178 223
5 89
223 133
89 95
50 5
178 223
95 5
178 223
133 217
178 133
133 217
223 217
95 89
223 133
217 203
5 95
89 101
95 89
95 50
223 226
133 178
50 5
89 78
169 182
217 251
217 133
133 217
5 95
223 217
178 223
89 95
217 223
223 203
179 219
133 217
248 170
148 192
133 223
95 89
89 95
133 175
217 133
223 194
5 95
89 95
50 5
241 186
50 95
217 223
217 235
56 5
5 89
223 178
217 212
217 178
50 5
217 223
249 190
50 98
95 50
5 89
217 223
89 58
89 95
51 42
223 217
89 5
89 95
50 89
223 133
89 95
217 223
89 50
50 95
89 95
217 178
178 223
96 15
133 178
89 5
186 203
95 5
178 217
133 217
50 95
133 217
95 50
217 178
217 223
133 178
217 223
133 175
89 8
95 5
5 47
223 178
223 217
5 50
50 95
178 217
223 151
5 95
133 175
217 178
217 223
5 95
5 89
223 156
223 142
5 91
95 89
217 223
15 68
95 89
178 223
223 217
133 217
89 5
217 223
5 95
23 95
133 217
223 133
227 185
89 95
5 50
89 95
217 133
178 217
217 133
95 50
50 89
95 50
133 223
223 217
178 133
5 95
95 5
89 5
5 50
89 45
5 23
59 5
89 95
89 95
178 133
95 89
217 223
95 14
89 5
133 223
133 148
133 223
217 223
5 50
217 223
133 223
133 178
50 25
118 96
89 95
5 95
217 223
178 133
223 178
217 133
217 223
89 95
169 196
178 223
5 67
133 175
50 95
95 14
5 95
95 89
178 223
223 178
95 14
217 178
223 146
217 133
89 50
50 5
192 211
89 50
178 223
89 95
223 178
5 50
217 133
223 178
125 35
217 211
95 50
178 217
217 178
95 89
223 217
50 95
223 217
217 223
68 15
133 175
89 50
95 89
241 202
178 175
217 133
95 5
95 5
178 217
217 178
223 178
89 109
50 95
89 5
133 178
89 95
5 95
178 133
217 158
95 5
89 50
89 5
89 95
133 178
95 89
95 89
64 94
23 95
89 95
50 96
5 50
133 178
5 50
89 50
217 223
95 50
217 133
95 5
217 178
217 223
223 217
81 96
95 89
89 95
5 50
133 223
89 5
217 223
223 151
95 82
50 5
217 178
89 95
223 251
133 223
95 50
50 5
89 95
5 95
89 95
133 223
223 151
227 152
217 223
133 223
178 223
186 207
133 223
178 223
89 5
23 15
217 223
5 89
217 223
5 89
223 217
63 96
133 223
217 223
133 223
89 5
89 95
5 95
63 96
5 95
95 50
253 205
133 178
217 178
95 89
223 178
178 217
95 124
95 50
113 58
217 133
5 50
223 133
5 110
217 223
89 95
217 223
223 212
95 89
50 89
77 58
223 151
133 217
223 217
178 217
133 223
217 223
50 95
133 223
89 50
133 223
95 50
178 255
50 95
50 5
50 5
5 50
89 50
223 217
217 223
133 178
217 136
89 50
217 223
217 133
223 217
95 66
217 178
50 95
89 95
217 223
89 5
89 50
89 95
51 34
50 95
178 180
217 178
193 138
89 95
89 95
95 50
5 95
178 217
223 178
178 217
133 194
217 223
178 223
223 133
217 223
50 5
217 198
50 116
5 95
178 223
50 95
178 145
178 223
223 217
5 50
50 54
145 223
217 133
89 95
96 43
89 95
217 178
50 17
178 223
223 217
178 223
223 217
223 178
223 217
95 50
217 250
178 217
95 80
178 223
89 95
65 81
133 223
133 223
95 89
50 95
5 65
50 5
223 133
133 223
95 89
133 217
119 123
95 123
217 223
5 89
89 5
89 95
133 178
239 142
223 161
223 178
217 223
89 95
95 23
95 89
95 50
217 223
223 217
133 201
20 8
5 95
217 223
217 223
223 142
217 223
89 95
5 50
223 217
223 217
95 50
50 95
50 89
95 23
89 95
217 223
89 95
178 223
217 223
20 64
217 223
217 223
217 223
133 178
160 202
223 217
95 89
50 95
217 223
65 11
50 24
95 89
133 217
217 223
223 217
223 133
217 223
223 217
89 95
217 178
223 217
95 89
217 223
217 133
125 95
89 42
217 223
217 223
178 136
50 95
178 223
133 223
89 95
5 88
223 151
223 217
178 223
5 107
95 50
217 178
133 223
217 211
223 217
95 89
89 95
217 178
217 223
223 206
246 193
95 89
95 89
223 133
217 178
133 217
89 45
223 133
133 172
223 151
95 50
143 162
50 5
246 193
50 95
178 133
89 50
223 217
41 70
217 223
53 54
89 95
95 89
95 50
95 89
217 178
89 50
50 89
89 95
217 223
217 223
89 95
217 223
95 5
217 223
217 223
50 95
223 217
223 217
95 89
133 178
5 89
89 5
133 217
51 63
223 207
96 91
95 23
89 95
223 217
89 95
50 95
95 23
5 95
223 217
89 95
182 207
95 89
95 23
178 223
223 217
89 50
95 89
95 5
217 178
217 223
5 89
5 89
95 89
133 223
50 95
224 133
178 182
89 95
178 217
50 89
89 95
95 50
178 223
89 95
95 5
95 5
50 95
95 119
217 223
89 20
178 223
133 223
178 133
95 89
217 223
54 26
223 217
89 43
178 223
217 223
89 50
89 95
133 217
133 217
89 95
5 89
50 89
50 5
89 71
50 95
89 95
89 50
95 89
89 95
95 50
89 5
95 50
89 5
249 176
50 95
217 128
5 95
95 50
89 95
95 5
223 217
89 95
133 175
95 50
178 223
178 133
95 14
5 50
169 196
178 223
50 95
133 217
95 5
50 42
223 217
223 217
99 73
217 223
50 5
95 89
95 89
217 223
223 133
89 5
223 217
148 136
217 223
133 217
89 50
5 50
178 133
223 178
133 223
95 5
5 95
223 178
217 178
133 217
89 78
178 191
95 89
89 95
170 246
89 95
95 50
89 95
89 95
217 223
95 89
50 95
95 89
50 95
178 223
5 42
5 89
223 217
217 223
5 50
50 95
178 223
223 217
133 178
178 214
224 217
223 178
89 95
133 223
223 217
50 95
50 80
178 133
217 160
223 217
223 217
223 138
133 201
223 142
178 222
178 133
217 223
50 95
133 201
133 223
217 223
50 95
217 223
133 217
89 95
5 89
223 178
178 217
95 18
223 174
178 217
89 50
95 50
217 223
217 223
89 5
95 89
5 95
5 95
217 223
178 223
207 217
50 95
148 136
133 223
133 217
95 50
217 223
223 133
178 217
133 178
50 95
95 89
5 50
178 223
133 176
5 50
89 5
5 89
95 89
178 217
133 223
217 178
223 142
5 95
50 95
95 50
95 89
89 50
178 223
95 5
223 217
217 223
178 189
95 50
89 95
89 95
89 95
54 50
50 5
223 217
217 223
223 217
89 50
89 95
217 133
217 223
217 223
5 95
89 29
100 14
217 178
133 178
217 178
95 89
223 217
89 50
89 50
217 178
217 178
217 133
89 95
89 95
133 178
178 223
223 217
89 95
89 95
217 223
217 211
133 226
178 223
217 133
217 223
95 89
222 223
89 95
223 217
133 223
133 223
89 95
223 217
223 178
217 133
178 223
89 95
148 249
178 223
217 223
223 217
178 217
133 217
223 217
50 77
217 223
223 217
95 89
178 223
64 41
89 5
89 95
223 133
133 223
119 123
50 95
95 39
89 50
249 233
89 95
223 133
50 95
217 133
89 50
50 95
246 193
178 133
217 223
17 45
178 223
50 89
178 223
95 5
217 133
5 95
5 50
89 8
223 133
89 58
217 223
95 89
223 133
50 95
223 217
133 217
95 89
89 95
50 1
50 5
95 50
50 95
133 217
89 5
217 170
217 223
217 223
95 89
50 5
89 50
217 223
89 50
5 56
50 92
178 223
145 135
5 50
89 5
217 178
5 89
223 178
223 146
217 166
217 223
217 178
89 95
217 241
89 95
217 223
95 14
50 38
148 192
178 223
234 226
178 133
217 178
142 223
5 89
223 217
95 89
89 95
223 217
223 217
5 89
5 41
217 223
223 133
217 223
73 5
5 95
89 95
89 50
217 223
223 217
95 50
178 249
89 73
223 203
217 223
178 223
178 217
5 50
133 217
5 50
142 209
50 5
178 242
95 50
217 178
178 255
217 212
119 100
89 95
217 223
5 89
89 95
50 89
5 95
89 95
89 5
50 95
217 178
223 151
5 95
5 73
95 50
5 95
223 142
14 81
89 5
95 89
223 133
217 223
89 95
89 95
223 133
217 223
217 223
133 217
95 5
89 95
95 50
89 95
17 80
178 223
89 95
95 5
178 217
222 254
133 223
89 83
89 71
5 95
50 89
89 110
5 95
178 223
217 223
5 95
178 217
89 95
217 223
217 223
217 159
95 89
217 223
95 50
50 19
178 223
50 5
178 148
50 95
50 5
50 95
95 50
223 217
223 217
217 178
5 95
217 223
133 221
217 178
207 191
217 178
89 18
89 95
133 217
217 219
222 176
133 234
89 95
5 50
89 95
95 50
50 95
178 223
5 89
89 95
133 250
5 95
89 95
5 95
95 89
5 95
217 178
217 133
223 178
125 113
95 89
95 89
89 95
223 133
178 223
95 5
178 223
217 133
192 244
217 223
89 5
106 98
89 95
95 89
217 223
178 217
95 89
95 5
5 95
50 95
50 95
223 217
217 199
217 223
14 81
223 178
95 89
178 137
95 89
217 223
89 95
178 223
89 5
89 5
133 235
207 178
5 89
217 133
217 223
89 95
223 217
217 223
89 95
89 95
50 83
54 30
196 143
217 235
192 133
217 223
223 178
107 13
133 217
89 95
89 50
217 133
89 50
223 217
223 188
50 95
89 95
50 95
89 95
89 5
133 201
89 95
178 223
217 223
217 223
89 50
89 95
89 95
133 223
95 89
50 89
133 223
217 178
178 223
89 5
217 128
223 133
95 89
223 217
223 217
217 223
223 178
223 133
178 223
250 178
50 31
95 89
50 39
50 95
133 178
95 89
133 223
178 217
217 178
50 95
217 223
5 89
223 178
217 223
223 133
223 178
5 95
50 61
178 223
89 95
133 178
50 95
89 95
217 223
217 223
223 217
223 133
223 142
178 223
253 245
95 5
178 223
89 95
50 95
217 133
178 223
5 95
217 223
89 95
133 178
95 89
223 207
95 5
5 89
95 89
178 202
5 89
95 89
95 5
95 89
95 89
217 223
133 223
178 223
5 89
178 223
95 5
95 23
89 95
89 5
133 217
89 50
5 50
222 192
95 82
50 118
246 170
178 133
217 223
133 179
217 178
133 175
5 89
5 86
217 173
50 95
223 217
5 80
217 223
217 175
50 95
50 89
178 223
178 217
223 217
96 102
133 223
133 175
95 89
217 223
223 217
89 5
223 178
133 217
217 244
178 166
178 223
223 133
170 179
133 217
178 223
89 95
5 8
223 133
178 162
217 133
217 223
89 5
217 178
217 178
223 217
95 5
170 179
89 63
170 209
50 5
95 5
217 178
223 133
95 89
223 217
89 95
89 95
89 50
223 217
217 223
50 117
217 223
89 95
217 223
89 95
5 73
223 217
5 34
249 243
133 178
133 217
223 217
217 223
95 23
5 47
89 95
5 95
5 50
50 95
217 175
64 0
133 223
223 133
89 95
100 14
5 95
5 95
5 95
95 89
15 34
95 23
5 47
191 248
89 5
133 201
50 95
89 95
192 141
95 50
89 95
89 95
133 178
217 223
178 223
223 217
5 89
95 14
143 211
133 178
178 223
133 223
133 201
89 95
89 95
217 223
89 50
89 95
133 168
145 226
133 223
5 89
89 95
217 223
50 5
178 217
169 196
235 141
223 178
89 95
178 217
217 223
94 20
217 178
186 241
95 89
89 95
217 223
5 71
223 133
89 95
95 50
178 223
223 133
223 217
95 5
89 95
223 178
89 5
95 89
50 95
223 151
133 223
223 217
223 217
95 89
5 95
217 223
89 23
5 95
223 217
89 95
178 217
50 95
217 178
89 95
133 217
223 133
217 223
133 234
133 223
95 5
89 95
178 133
217 223
223 178
178 133
95 89
133 223
178 223
223 217
89 50
217 223
133 223
5 95
217 204
50 112
217 223
89 111
223 178
50 95
89 95
217 223
95 50
133 178
95 89
223 217
223 178
95 50
89 5
89 95
89 95
223 178
178 133
96 25
145 253
175 148
178 223
95 89
83 14
95 50
5 26
50 95
95 50
89 95
89 95
50 95
217 178
89 71
95 89
178 223
50 89
133 223
89 95
223 133
133 223
217 133
15 34
133 178
5 89
133 217
178 217
50 26
178 191
133 217
133 223
89 116
50 89
89 50
133 217
178 133
5 89
217 223
217 223
50 79
217 223
95 5
217 178
95 50
133 223
50 95
89 95
223 217
5 95
89 95
223 217
133 178
133 223
133 217
223 217
95 20
227 243
95 39
95 50
223 217
217 223
178 145
217 223
223 217
89 95
89 50
50 74
217 178
118 65
95 89
89 94
63 120
95 14
217 223
209 170
5 89
178 217
95 50
96 68
89 95
50 95
178 201
5 50
178 223
193 251
95 5
217 133
14 5
133 223
178 223
115 50
50 5
89 95
217 223
50 89
178 253
178 255
89 42
89 95
89 95
223 217
217 223
178 223
217 223
223 142
133 223
5 89
64 8
99 116
89 95
217 233
95 5
133 183
50 57
89 50
17 12
89 95
178 133
5 47
223 133
217 223
95 50
89 50
89 95
223 151
5 95
50 95
118 111
223 217
217 223
5 79
50 95
50 89
223 133
89 95
89 95
89 50
178 223
89 71
89 50
95 50
217 223
99 35
133 223
95 89
5 50
217 223
89 50
95 5
5 95
133 223
133 178
89 5
95 89
95 23
133 217
50 95
223 138
217 223
95 50
89 95
50 112
223 133
50 95
89 5
5 50
133 217
95 5
50 89
223 217
95 14
89 95
178 243
249 240
179 152
89 95
89 5
95 117
50 95
89 95
133 217
50 95
5 95
5 95
50 95
133 246
217 133
217 178
5 95
5 50
50 89
217 176
89 95
50 95
217 223
223 178
95 5
95 89
5 95
133 223
50 95
178 251
89 117
50 95
133 217
133 201
89 19
217 223
223 178
182 132
95 89
89 95
223 217
178 223
223 217
89 95
133 201
50 95
133 146
133 178
95 89
223 217
223 178
89 95
89 95
217 223
217 178
95 89
89 95
223 133
5 89
223 178
5 95
223 133
99 95
217 133
5 95
5 50
51 42
133 178
95 89
133 223
133 223
89 78
89 95
95 50
217 223
178 148
223 133
89 95
223 133
54 80
207 224
95 84
178 133
5 89
217 223
223 133
217 133
178 223
178 182
178 133
133 217
50 5
95 89
217 178
133 178
89 5
217 178
133 223
89 95
50 95
217 223
50 89
89 95
178 223
89 50
5 89
178 217
223 151
94 49
89 50
50 82
223 133
89 95
89 5
133 178
5 50
95 50
95 50
217 168
178 133
50 1
217 178
223 203
5 89
223 217
95 42
133 217
50 3
217 178
89 95
178 182
217 223
178 133
5 47
95 5
5 73
89 95
5 95
95 89
89 26
192 211
89 95
223 133
217 133
95 89
145 253
249 143
50 95
89 95
95 89
217 223
178 223
89 95
89 5
217 133
223 133
223 211
5 95
217 178
217 223
249 211
217 178
50 95
15 79
50 95
89 95
50 18
5 95
50 5
89 101
89 95
217 223
217 223
5 95
89 95
89 95
89 95
217 223
223 217
223 178
178 217
50 95
217 223
133 178
217 147
95 5
50 5
133 223
95 89
5 50
217 223
133 223
5 47
178 223
178 223
89 50
89 95
50 95
133 223
50 55
223 133
89 5
223 217
95 110
217 178
178 223
89 95
133 178
217 151
217 223
217 223
98 50
95 5
223 178
89 95
133 251
50 95
95 89
89 95
95 50
223 178
50 95
95 50
133 223
217 223
133 223
217 223
50 96
50 95
178 223
89 50
50 95
223 133
89 5
228 142
178 223
50 95
217 223
133 223
178 133
95 89
89 95
148 192
223 142
217 223
223 217
223 217
133 217
217 223
95 89
50 95
5 50
133 178
5 89
50 44
95 89
89 95
143 162
223 217
89 95
5 50
223 217
95 99
133 217
241 186
95 89
50 10
178 223
217 223
5 95
246 193
223 133
217 245
178 145
5 95
178 238
133 217
223 217
217 223
50 95
5 89
178 193
5 18
178 138
5 89
89 95
95 5
89 95
41 91
89 5
223 217
89 50
95 89
223 217
133 223
89 95
223 151
5 95
133 223
133 178
89 5
133 217
89 95
133 217
89 95
89 50
95 89
113 58
15 79
89 95
178 199
217 223
95 28
95 5
196 143
89 95
133 217
145 223
89 95
217 223
217 223
223 217
133 217
89 50
89 50
223 217
89 95
89 95
89 5
178 217
50 95
95 89
223 217
217 178
89 5
223 133
50 118
5 15
133 217
89 95
217 178
178 223
5 95
217 223
95 5
5 89
50 95
89 95
223 217
17 80
133 151
217 223
50 95
178 217
5 77
95 50
178 151
217 133
5 95
217 199
63 96
95 5
178 223
193 224
133 182
217 133
178 223
223 133
178 223
178 217
217 223
95 5
95 89
5 89
217 133
5 89
223 178
223 145
95 5
217 178
89 95
217 213
217 223
223 217
89 95
89 50
5 48
95 50
217 223
25 106
223 217
50 95
178 223
223 133
223 142
89 95
178 223
182 251
178 223
178 223
17 114
50 95
119 100
95 89
50 119
217 223
217 223
5 89
5 95
178 223
133 217
133 175
5 50
5 89
5 89
178 223
217 223
5 89
89 5
178 223
50 68
50 95
95 89
207 211
133 223
133 178
5 50
89 95
223 217
223 245
5 95
95 89
95 5
223 217
133 178
89 95
217 223
223 217
133 178
5 95
223 198
178 255
217 223
223 133
89 95
89 49
217 223
95 5
217 178
169 208
178 133
217 178
50 95
223 133
100 119
5 102
178 223
95 14
95 89
217 196
5 95
50 95
89 5
50 95
95 89
223 244
95 5
5 95
223 217
83 15
89 50
223 178
133 201
223 178
50 95
50 95
89 15
50 5
5 89
5 95
121 96
89 95
89 95
133 239
89 21
95 89
125 17
5 20
178 217
223 178
178 223
133 232
223 133
133 217
217 133
119 123
89 95
217 178
217 206
133 235
95 89
217 133
89 5
50 89
5 95
5 89
89 78
95 5
5 89
5 95
217 223
223 142
223 178
5 95
5 89
133 223
217 178
5 95
89 50
178 223
50 5
217 223
89 92
5 89
89 95
217 223
133 223
50 89
217 223
133 178
133 223
178 223
5 95
223 217
89 95
5 95
217 223
89 95
95 50
50 5
95 89
223 133
133 217
95 5
50 95
223 217
217 223
89 50
89 95
133 183
89 95
5 73
95 25
89 5
217 223
178 217
217 178
95 23
95 12
95 50
5 95
50 95
89 81
217 223
89 50
95 89
50 95
178 217
223 217
95 14
5 50
217 223
5 95
50 95
95 89
15 79
34 65
178 223
95 89
133 223
5 95
217 223
50 95
179 247
5 95
223 217
89 5
178 223
217 223
95 5
95 50
217 185
133 201
223 217
227 133
89 95
17 125
217 133
15 83
89 50
217 133
178 223
50 95
182 175
217 223
217 223
133 223
17 77
95 50
217 223
89 82
89 95
95 89
223 202
227 232
95 89
5 95
89 5
89 5
5 95
178 223
95 89
95 89
178 223
5 73
217 223
5 89
178 133
50 95
50 89
223 138
89 50
217 223
95 14
217 223
89 95
89 95
169 227
95 89
95 5
223 184
178 196
5 50
133 217
178 217
217 223
223 151
95 89
178 217
20 47
133 223
133 223
178 130
95 89
89 95
95 89
95 89
253 186
217 223
178 135
50 95
217 223
95 89
5 95
178 143
217 223
178 223
5 95
89 95
89 95
89 59
89 95
95 89
95 50
89 95
217 129
5 50
133 178
209 142
95 23
217 223
169 198
133 175
99 31
50 95
5 95
5 95
223 217
217 223
89 95
223 217
50 95
217 223
217 223
95 89
133 217
217 223
50 89
133 223
89 95
95 50
50 89
179 151
50 95
89 95
118 13
5 99
5 73
133 223
95 89
5 95
51 34
217 223
223 217
133 175
223 178
95 89
223 151
178 223
5 89
133 217
178 223
50 95
89 95
217 133
217 178
133 217
223 178
50 95
217 223
217 223
178 133
178 133
217 178
50 75
178 217
217 223
234 226
223 217
223 217
89 95
217 223
217 178
5 73
217 242
133 178
217 223
95 14
223 133
63 79
89 95
223 217
95 20
223 217
95 89
178 217
89 32
89 95
89 50
95 89
89 95
95 5
89 50
89 95
89 50
95 89
50 56
5 50
50 89
89 5
89 95
50 89
217 223
5 50
217 223
133 223
217 223
170 222
178 227
223 133
89 5
223 217
223 178
223 217
217 178
89 95
217 133
89 50
89 95
223 211
96 14
89 95
223 217
107 13
223 217
217 223
217 223
217 223
95 89
217 223
89 50
133 217
186 207
5 95
223 178
141 235
217 166
223 178
217 223
192 144
50 95
89 95
178 223
178 133
89 95
89 95
20 64
133 223
5 89
223 217
217 133
50 3
5 50
217 223
133 217
50 95
50 95
50 95
95 89
217 223
50 22
217 223
89 95
217 223
223 217
133 175
95 89
217 223
95 89
89 5
89 50
223 178
223 133
133 223
178 223
50 95
50 95
5 89
217 223
217 223
5 50
223 133
89 5
89 95
223 178
95 89
223 133
89 95
50 89
178 133
217 191
95 5
95 89
178 133
50 95
217 223
50 95
89 93
5 89
89 95
89 95
50 95
133 223
223 217
32 74
217 220
133 223
89 5
223 217
133 217
89 95
95 5
95 24
223 151
89 50
217 223
223 217
223 217
5 95
5 125
217 133
217 178
223 217
133 223
5 89
223 207
217 223
5 95
89 50
89 95
15 83
217 133
5 120
95 119
50 95
217 178
217 133
223 151
223 217
95 89
211 207
13 107
217 223
5 95
217 223
89 95
5 95
217 169
5 95
42 20
182 227
217 223
50 95
5 34
14 81
50 89
5 96
95 89
223 133
133 178
178 223
5 2
178 133
178 223
89 95
89 95
5 50
89 95
50 5
133 175
95 5
143 211
50 95
133 178
50 79
5 95
211 234
95 89
89 5
89 95
217 223
95 5
223 133
89 95
5 54
50 30
178 227
50 95
5 60
223 217
50 95
50 89
89 95
89 95
95 50
95 89
89 95
95 89
5 95
223 142
89 50
5 89
5 95
217 223
95 89
32 74
5 102
95 89
89 50
89 50
89 95
196 143
89 50
51 31
89 5
89 50
50 95
178 179
133 178
89 95
133 223
178 223
223 178
89 95
223 217
217 212
95 23
178 223
217 223
178 217
133 217
95 5
217 223
223 217
217 223
217 223
5 95
50 5
95 5
5 95
234 226
178 223
89 50
84 89
178 223
223 217
95 50
42 81
17 125
89 5
95 50
133 223
89 50
95 14
95 50
249 211
89 71
5 89
89 5
5 95
89 95
50 5
178 217
5 50
217 223
178 133
133 217
223 217
223 178
50 95
223 217
50 95
95 29
89 50
178 217
50 5
89 50
89 50
5 89
191 248
133 223
217 223
5 95
217 223
223 217
178 210
5 89
170 179
217 223
95 89
217 223
89 95
89 95
217 151
89 95
89 5
89 95
178 223
133 217
217 223
5 89
95 50
50 0
217 178
178 223
89 50
223 133
121 76
95 5
50 95
95 89
217 223
50 5
224 227
223 217
217 223
95 89
178 133
178 223
133 223
89 95
223 217
143 211
223 217
217 223
133 223
223 133
217 251
133 178
50 5
223 217
5 95
5 95
95 89
50 5
95 50
223 178
95 5
95 50
223 217
89 5
95 5
133 217
217 178
95 89
89 95
133 223
133 192
50 95
217 133
222 192
50 5
5 95
133 178
223 178
217 133
223 217
217 133
50 95
89 95
133 223
217 199
89 102
217 223
5 89
95 3
133 223
50 0
217 223
192 249
217 223
223 178
89 95
50 13
223 238
50 95
5 20
178 223
133 223
89 95
50 5
89 5
50 95
223 217
217 178
142 223
178 223
50 95
50 95
178 133
223 217
95 89
95 89
50 95
223 217
51 42
5 29
63 120
89 95
5 89
178 217
95 50
223 217
178 223
5 95
217 223
89 95
95 89
5 89
178 217
217 223
133 211
178 223
89 95
223 133
223 217
89 95
217 133
5 95
217 223
217 223
148 136
50 5
223 217
217 223
50 95
50 89
5 95
217 133
5 95
133 223
5 50
217 223
89 5
95 89
5 89
89 95
133 217
89 106
95 89
89 95
89 113
178 217
178 223
169 128
217 223
95 50
217 223
50 89
89 95
217 178
223 217
95 123
50 16
178 151
5 107
227 133
5 95
95 89
89 95
5 47
133 178
209 170
89 95
223 178
89 95
217 198
50 112
223 178
178 145
50 89
50 95
5 51
95 5
89 5
217 223
5 89
217 223
89 5
5 89
5 50
178 199
217 223
5 50
217 212
223 151
133 205
50 72
217 223
89 5
217 223
217 223
217 223
106 95
95 5
223 217
95 89
5 89
50 100
217 178
178 223
95 89
50 89
89 95
89 50
50 95
217 228
133 217
42 94
133 217
89 95
178 244
217 133
50 89
178 217
133 180
223 133
79 121
223 217
178 223
223 133
178 217
133 223
217 223
133 217
133 207
217 133
50 95
95 5
50 89
217 178
223 217
95 50
95 5
217 223
223 176
217 133
223 217
133 191
5 50
178 223
178 223
133 217
217 223
50 95
89 95
89 95
217 223
5 95
95 5
95 89
50 95
178 217
178 217
96 32
89 95
95 50
5 89
95 89
217 223
95 50
50 95
217 223
223 229
50 89
178 223
95 92
223 178
5 50
192 189
95 5
217 223
95 83
50 45
217 133
89 95
50 95
223 178
223 217
89 50
5 83
178 207
170 179
5 50
95 89
89 124
223 217
133 201
217 133
133 217
223 178
95 89
223 217
133 223
217 178
133 178
217 223
95 89
143 207
217 223
50 89
5 89
133 223
223 178
5 89
5 89
50 5
5 89
217 178
15 79
223 178
50 95
89 50
223 217
217 133
89 80
217 223
133 217
95 89
50 5
89 95
217 223
95 89
223 217
217 223
178 201
50 89
133 217
133 217
217 178
95 89
217 223
133 201
95 89
95 89
217 223
217 223
41 68
170 179
217 223
89 95
178 223
99 5
95 5
54 83
217 133
133 201
133 217
217 223
223 217
89 50
50 89
50 5
95 89
5 95
249 148
235 141
89 5
169 188
223 217
80 50
217 238
89 95
217 223
20 8
217 223
133 217
133 178
133 223
133 217
79 83
95 89
217 223
182 233
217 157
217 223
50 46
133 185
133 223
50 95
133 223
133 217
120 20
89 95
217 223
20 8
223 178
125 98
217 223
5 95
5 95
95 89
89 95
217 223
50 79
217 223
89 95
223 178
50 55
223 217
178 223
217 223
95 89
223 133
89 5
133 217
89 95
217 133
223 178
133 178
223 178
133 217
95 89
50 95
217 223
133 223
217 223
246 141
178 223
178 223
223 133
196 169
95 115
178 133
133 201
95 5
50 95
5 50
133 217
89 95
223 217
217 178
133 234
89 95
5 89
133 153
89 57
223 184
223 133
50 95
41 68
178 223
95 89
89 95
223 133
95 89
89 95
5 95
50 95
170 248
89 50
50 17
167 223
217 223
5 50
223 217
89 12
217 223
223 133
89 95
223 217
217 223
178 223
5 50
223 178
50 89
217 223
50 5
217 223
95 10
95 5
5 50
178 223
223 217
217 178
223 178
217 223
89 50
217 223
5 97
89 95
89 95
224 248
133 223
133 173
217 178
50 95
89 95
89 95
95 89
95 89
223 217
217 178
217 178
223 178
217 178
41 68
217 223
223 151
217 223
89 95
217 223
50 63
50 95
5 89
217 223
89 95
89 60
217 223
5 95
133 178
133 178
50 95
217 223
89 95
133 129
5 89
50 95
89 50
89 95
5 95
178 223
192 196
217 223
50 95
89 95
50 95
223 217
89 95
100 119
133 145
5 89
133 223
5 95
95 5
92 89
5 73
95 14
5 15
223 151
133 201
133 151
89 95
223 178
217 223
100 119
81 100
89 119
89 95
89 95
223 133
89 50
133 178
50 95
5 18
223 178
217 133
178 223
89 95
223 151
178 223
89 95
217 223
223 217
95 89
5 50
178 223
89 95
217 223
50 5
217 187
51 42
223 133
133 178
5 50
5 50
178 133
217 133
89 95
89 95
17 5
223 251
223 217
50 89
89 95
178 223
5 73
217 199
89 95
89 95
89 95
95 89
5 95
217 223
89 5
223 142
89 95
223 217
89 95
178 148
217 223
5 89
178 133
133 176
133 223
133 217
89 5
223 158
223 217
50 89
89 95
223 217
217 223
223 217
5 89
178 223
223 217
89 95
217 223
89 95
89 50
89 95
217 223
89 95
178 246
50 95
17 4
20 64
50 95
89 95
178 190
89 95
95 89
95 123
95 5
95 89
95 5
95 31
222 208
133 217
217 178
178 245
95 50
15 34
89 95
15 79
50 95
50 95
178 223
133 223
95 89
50 89
5 77
223 217
217 223
89 95
133 178
246 170
193 238
89 5
184 141
217 223
223 219
5 47
217 178
223 217
50 66
95 89
50 21
89 95
223 133
217 223
178 217
64 124
89 5
217 191
50 15
223 217
95 50
223 142
64 3
5 17
133 178
223 217
50 83
50 66
133 178
217 223
178 223
95 89
50 89
50 89
235 141
182 234
178 223
217 178
50 95
133 223
133 178
223 151
95 71
223 217
50 20
223 217
5 89
89 95
223 217
217 223
89 50
223 178
217 223
178 220
95 23
15 83
223 217
217 241
89 95
89 95
5 73
178 223
217 133
133 223
223 217
89 95
95 89
223 154
5 89
95 89
89 50
50 77
133 178
50 5
5 50
68 41
32 74
178 223
133 223
133 217
133 223
5 50
95 50
89 5
5 50
89 95
133 223
95 68
50 95
89 95
217 133
223 217
89 95
223 217
50 95
223 178
5 50
223 217
89 5
5 95
217 223
89 95
178 223
5 95
217 133
223 178
217 223
50 95
223 217
217 223
5 50
154 178
217 178
223 133
95 5
50 29
50 95
5 50
178 133
223 217
179 237
217 178
89 95
217 223
133 223
5 89
58 59
89 95
89 95
89 50
223 244
89 95
133 178
217 133
217 223
95 5
125 62
223 217
5 89
5 21
95 89
178 223
50 49
89 50
217 223
5 50
95 18
241 186
89 95
133 223
95 50
95 14
217 223
89 50
133 217
133 223
223 178
223 217
133 205
96 91
133 223
89 95
5 95
178 133
178 223
65 73
133 201
223 133
223 178
178 217
133 166
89 95
223 217
217 223
217 223
133 223
223 217
223 178
95 70
50 17
95 89
50 5
223 178
89 95
178 223
253 223
89 95
95 50
89 50
217 223
178 223
133 217
95 77
217 133
89 50
89 95
95 75
95 50
95 50
217 223
95 50
89 95
89 5
178 223
133 223
217 223
50 95
95 5
95 5
99 34
94 13
113 58
223 217
223 158
89 5
178 223
41 49
5 50
5 72
95 89
178 223
217 176
178 223
223 217
217 223
5 20
58 24
95 75
95 5
148 136
95 89
223 133
5 50
178 217
217 223
223 133
50 95
223 178
223 217
96 82
89 5
5 2
182 196
89 77
148 136
178 223
133 178
95 89
217 223
89 95
217 223
133 178
25 106
89 5
178 217
178 146
89 95
95 5
5 95
178 133
89 95
223 217
5 89
95 50
223 217
13 107
100 119
133 223
133 223
192 149
95 89
133 223
223 217
223 217
178 217
148 249
50 5
133 178
178 130
169 198
223 178
223 217
51 80
5 47
178 223
178 133
5 47
50 7
223 178
192 136
89 95
15 50
64 13
223 217
95 89
208 178
50 95
217 223
217 178
95 50
95 5
217 178
89 5
50 95
5 75
89 50
217 223
89 95
89 50
223 178
89 5
223 217
217 223
217 223
217 128
217 223
217 223
50 5
191 248
5 95
217 223
223 251
253 246
217 223
5 89
89 95
5 47
133 223
5 13
89 95
17 95
223 217
217 178
148 136
217 178
217 223
223 133
217 223
223 148
89 95
217 191
217 133
95 50
54 73
223 217
178 170
223 225
5 89
217 133
89 95
217 223
89 95
133 178
178 223
89 95
223 217
95 5
133 178
63 96
50 95
178 217
95 89
223 133
95 89
89 95
217 223
95 89
217 178
178 217
89 5
54 15
50 95
5 95
133 178
217 178
5 95
5 95
223 178
50 95
95 5
5 95
89 95
89 5
133 178
95 89
133 223
5 95
178 237
5 47
223 217
89 95
89 95
89 95
217 223
133 178
223 217
178 223
223 217
217 223
50 95
223 178
178 207
217 196
5 95
50 5
95 50
89 50
5 73
5 50
5 95
89 95
5 89
95 89
5 50
235 192
64 124
5 82
5 50
95 89
223 217
223 217
133 223
223 133
179 170
133 223
217 223
89 95
217 178
133 180
89 5
178 148
89 95
89 95
217 223
148 192
89 95
133 217
5 42
223 217
133 217
178 133
223 217
217 178
217 178
217 133
95 89
95 89
217 223
217 133
217 211
217 178
223 178
217 223
50 105
89 5
89 95
178 217
223 178
223 217
217 133
51 80
223 217
5 73
133 223
217 133
133 223
217 133
89 95
89 95
217 223
5 89
5 95
5 95
5 95
95 89
253 158
89 50
89 95
217 178
217 223
133 223
145 253
142 223
241 186
5 95
95 89
223 217
5 89
89 50
217 178
223 178
178 223
217 223
217 133
217 133
178 223
143 211
89 95
5 73
98 50
133 174
95 83
89 48
133 223
15 34
5 89
217 223
223 217
50 95
178 223
5 95
5 95
89 50
50 5
133 178
89 95
89 5
223 175
89 95
68 41
133 151
95 5
178 203
50 80
169 254
5 95
5 95
217 223
89 95
5 89
223 178
5 50
5 10
178 217
51 43
5 50
223 217
50 95
223 217
217 223
178 223
223 151
95 89
89 50
5 89
196 143
89 5
178 253
95 5
95 89
100 14
89 5
217 223
133 223
223 178
5 95
95 50
223 217
223 148
217 178
5 50
50 89
223 217
50 17
50 95
223 133
89 50
89 95
89 50
217 223
89 50
89 95
217 223
223 217
95 44
223 217
217 223
223 133
133 223
133 223
5 50
95 33
217 196
95 5
217 230
89 95
89 95
223 217
151 223
217 223
89 95
89 71
50 95
50 47
217 223
175 148
217 223
121 20
178 223
5 89
89 95
89 95
217 188
178 175
89 79
50 89
223 251
89 5
223 217
89 95
217 223
178 223
133 178
178 243
95 50
178 166
89 95
217 223
50 55
178 133
217 133
224 225
178 223
89 95
217 133
178 223
178 140
95 5
241 186
5 95
95 89
5 50
217 223
133 178
223 217
89 50
89 95
50 5
223 133
50 89
15 34
89 2
20 121
50 97
133 243
95 89
89 50
89 95
95 50
5 95
64 92
217 223
5 73
50 5
5 50
70 42
133 217
95 89
217 223
95 50
89 95
133 223
50 101
50 95
223 133
89 95
133 217
50 116
223 133
95 89
178 223
50 95
89 95
50 48
95 89
50 89
217 178
178 225
178 223
217 223
50 46
217 133
169 211
217 223
89 95
58 76
133 223
184 162
178 223
223 217
50 95
217 133
217 178
217 178
63 96
89 95
95 76
223 178
217 223
223 133
50 11
64 62
50 5
223 178
50 5
217 133
178 204
133 223
5 95
178 223
217 223
50 95
217 178
89 95
95 89
192 162
178 223
50 5
253 178
217 223
217 223
5 95
223 133
95 89
89 50
89 50
89 83
223 217
50 1
223 151
217 223
178 133
95 89
223 151
89 5
241 202
217 223
143 162
178 217
95 5
217 223
17 66
95 89
89 95
89 83
223 217
133 196
217 178
50 89
89 95
89 95
89 95
223 217
223 217
89 95
178 223
5 95
223 217
217 223
178 217
101 89
50 95
5 73
133 129
217 223
95 89
133 217
133 204
133 235
133 223
89 95
178 133
89 50
89 95
148 136
148 192
178 223
5 95
133 223
217 178
217 223
50 95
5 50
178 223
133 223
89 5
142 228
133 223
89 5
89 95
133 223
89 95
5 89
95 89
50 95
178 223
133 223
5 50
5 50
178 223
178 223
95 5
133 217
89 95
89 95
89 50
50 95
223 142
133 223
5 95
223 217
224 189
223 151
178 217
63 96
50 89
223 133
223 217
5 95
89 50
89 5
217 223
133 175
50 95
50 123
223 133
133 223
178 217
89 50
89 95
50 95
95 89
50 95
89 95
95 41
50 95
133 223
223 178
133 140
89 95
133 162
95 89
89 95
217 133
206 217
89 5
178 217
133 223
178 133
89 95
223 178
223 217
217 223
95 89
222 129
178 223
178 223
133 223
5 89
5 47
113 58
217 223
5 50
178 223
178 223
95 50
50 95
5 95
182 153
5 95
133 217
182 204
178 223
89 5
223 133
217 223
178 217
95 89
217 178
217 223
5 89
178 223
223 178
223 178
50 89
50 89
217 223
50 95
89 95
95 50
89 95
89 102
89 50
148 249
89 50
217 133
223 188
178 217
5 50
133 201
95 50
5 48
89 95
50 89
5 75
5 50
109 94
5 95
178 223
223 217
223 217
217 133
89 95
95 89
223 178
223 217
133 223
50 5
50 95
5 95
178 223
50 95
178 241
5 95
133 223
5 95
133 217
178 217
50 52
89 5
223 217
223 151
223 217
217 223
217 223
217 223
217 223
217 223
5 89
223 217
217 148
89 95
89 95
223 133
95 5
95 5
253 232
95 89
217 178
5 50
223 217
217 133
223 133
5 73
217 230
223 178
50 5
95 89
217 178
223 178
95 89
5 95
217 178
178 223
133 151
235 141
223 133
178 223
5 50
89 50
217 223
50 95
217 133
217 178
217 223
5 95
217 223
217 223
133 223
95 50
50 95
5 95
89 95
95 5
178 133
133 223
207 224
95 89
89 95
223 133
223 133
5 95
133 182
253 203
178 129
95 5
217 223
223 133
5 83
95 89
89 50
63 96
217 202
5 95
50 95
5 95
178 223
162 239
89 95
89 95
95 51
178 223
223 217
68 15
178 212
217 223
5 89
95 89
133 223
89 95
89 95
217 133
95 89
5 95
178 253
217 223
223 217
223 178
5 95
95 5
223 142
121 79
95 89
95 50
217 133
89 95
178 223
133 234
89 95
223 217
89 95
217 223
74 32
133 223
143 207
51 12
95 89
5 50
95 89
89 5
95 89
5 50
50 89
89 95
50 95
89 85
5 68
95 89
89 95
95 89
89 50
178 223
178 133
217 223
133 178
133 217
15 79
50 89
223 142
217 251
95 89
100 5
223 133
178 223
50 89
50 5
223 203
196 143
50 95
95 89
133 223
133 245
217 223
95 5
5 73
95 74
5 50
5 95
89 73
223 178
89 95
223 217
89 50
5 50
95 50
133 217
89 95
217 178
217 223
217 178
95 89
5 95
178 142
202 207
235 141
133 223
50 95
217 212
217 211
223 217
153 234
217 223
217 223
193 227
133 201
89 95
5 50
95 5
50 95
95 5
217 223
89 50
217 178
95 23
217 223
223 217
96 6
50 5
95 50
223 178
1 113
217 223
89 95
5 45
217 223
50 95
5 50
89 95
89 95
191 209
5 95
5 95
5 95
89 68
217 223
217 133
178 223
89 5
89 95
178 223
5 95
133 217
133 223
243 193
89 95
50 95
95 5
178 223
133 217
133 223
178 133
223 133
178 141
89 95
89 95
178 223
178 223
50 95
217 223
5 89
95 50
95 50
50 95
89 50
224 133
227 175
223 217
223 178
5 92
89 50
178 217
178 223
95 89
5 95
217 193
5 95
178 145
83 15
50 116
89 95
217 223
217 133
89 56
5 95
223 217
178 223
178 217
5 95
133 223
133 217
5 95
95 5
178 223
89 95
217 158
133 223
50 89
5 95
178 223
223 142
133 223
217 178
178 223
89 50
121 25
89 50
95 89
217 223
50 95
217 178
5 106
133 223
133 178
95 50
133 247
217 133
246 141
89 5
50 95
217 133
89 74
217 133
89 95
217 223
15 83
95 89
5 95
89 95
217 223
89 5
94 20
95 56
217 223
5 95
133 223
50 89
178 133
50 110
95 50
95 89
223 217
178 217
223 133
5 89
133 217
5 95
228 142
217 133
95 5
89 95
178 223
89 50
223 205
5 95
34 14
217 223
95 23
89 95
133 178
95 89
89 50
14 81
50 5
178 133
217 223
223 142
178 133
133 217
95 50
223 217
217 223
89 95
133 223
217 223
133 175
5 47
145 228
89 95
50 5
143 211
178 223
142 209
5 95
217 223
95 89
217 223
217 178
89 95
89 95
89 95
223 217
133 223
5 38
217 133
50 5
50 42
217 223
89 95
50 95
89 95
133 217
178 223
95 89
5 89
133 223
223 151
89 5
95 89
5 50
217 223
89 95
95 50
89 95
133 223
223 178
178 217
217 178
133 223
217 223
89 5
95 5
50 95
217 178
50 5
223 217
217 223
223 217
223 217
50 89
95 89
178 156
249 228
217 223
89 95
223 217
223 217
223 178
133 217
95 50
95 0
89 95
217 223
223 178
223 217
178 223
50 95
178 223
133 178
89 95
223 217
89 5
50 89
178 217
133 223
178 217
184 133
95 89
223 151
217 133
5 95
95 23
95 89
133 223
89 95
223 217
89 95
178 217
50 95
95 74
89 50
95 50
50 5
5 89
178 223
217 178
217 223
5 89
95 89
217 223
95 50
178 173
95 89
50 52
223 142
89 78
95 5
50 5
178 205
95 4
223 151
217 223
178 188
5 38
95 89
50 84
133 223
5 89
95 89
217 205
217 133
89 50
228 247
223 217
50 86
5 89
133 223
50 95
133 217
217 223
223 217
223 178
170 179
178 133
133 223
217 223
223 170
89 5
223 145
133 217
50 92
94 51
5 89
95 5
5 95
125 98
217 223
178 223
89 23
133 223
95 50
95 50
5 95
217 223
217 223
50 78
89 95
133 217
95 89
95 50
133 217
89 95
89 5
223 133
50 95
247 251
178 223
41 68
5 89
133 239
179 185
5 95
5 95
192 211
50 95
223 217
5 95
95 89
95 5
217 223
5 126
178 223
89 50
223 133
217 223
217 223
5 89
133 223
133 223
178 133
50 95
50 95
89 95
50 95
5 89
95 5
50 74
50 95
89 50
133 223
133 217
133 217
217 138
89 95
133 223
133 217
95 18
95 30
217 133
217 178
89 95
89 95
89 95
5 73
17 35
223 248
89 95
95 5
217 223
223 217
217 133
217 223
89 50
95 89
95 89
217 223
178 223
50 5
95 113
5 95
217 223
223 217
217 223
133 217
5 95
5 95
223 133
133 156
95 50
89 95
178 223
17 125
217 223
217 223
95 89
217 163
5 95
5 95
182 180
223 238
223 178
5 89
41 82
178 141
217 223
223 217
95 96
95 89
223 178
5 89
133 217
223 217
95 5
50 24
89 50
133 217
50 89
223 217
89 95
217 223
178 133
89 95
223 133
54 63
223 217
89 50
217 223
223 178
50 2
217 178
217 223
224 207
5 95
235 141
223 217
50 5
223 148
50 7
178 217
217 223
89 95
13 64
223 217
89 18
89 95
5 95
223 178
95 50
217 223
133 223
89 5
217 223
241 237
178 163
141 235
89 95
178 223
217 223
5 50
178 133
133 178
178 223
217 223
89 95
178 223
217 178
178 223
99 62
246 170
217 223
217 131
133 223
5 95
95 89
178 223
95 89
217 223
223 217
89 5
89 50
95 5
133 223
89 0
133 178
178 223
89 95
178 223
223 178
5 89
133 178
50 89
95 89
223 133
89 95
89 95
133 178
50 89
89 50
235 141
50 95
227 170
223 221
5 95
133 223
178 223
125 113
223 133
5 95
217 178
217 223
133 217
223 133
133 201
125 118
178 223
50 95
89 95
89 95
249 211
178 223
50 89
228 247
50 127
89 95
5 47
50 5
95 77
217 223
95 5
106 95
5 50
95 5
95 89
178 229
89 95
89 50
89 95
95 50
5 95
145 253
178 223
178 217
95 79
95 5
178 135
89 47
133 196
217 223
198 234
217 223
95 5
169 176
133 223
223 178
50 95
223 146
95 89
5 95
178 223
89 95
89 95
217 223
217 133
223 133
50 95
50 89
50 95
178 217
89 5
223 178
223 217
95 89
89 95
89 95
50 30
5 100
133 178
145 188
5 50
89 95
89 95
217 178
89 95
95 50
133 217
178 242
169 247
223 178
133 128
50 95
217 223
89 95
133 178
217 223
95 73
89 5
89 95
178 223
50 95
5 95
217 223
133 178
89 95
178 133
95 5
5 89
133 201
50 5
133 196
223 217
99 5
5 50
217 223
178 224
217 223
133 207
178 223
5 89
95 23
89 92
95 89
217 223
223 142
217 178
89 5
5 94
89 95
95 89
217 178
223 217
89 95
217 223
178 217
50 89
95 5
217 223
89 95
96 46
89 95
133 178
217 193
133 223
89 50
178 223
178 223
217 223
5 47
223 178
223 217
217 223
89 95
95 50
223 133
95 5
95 23
217 223
133 178
89 95
217 240
5 89
50 95
178 141
217 133
217 223
223 217
133 226
133 223
50 56
95 14
178 133
178 217
217 223
5 95
95 5
89 95
217 223
223 177
17 125
228 142
95 89
95 5
133 217
217 133
217 223
178 223
133 223
5 50
178 223
50 95
5 95
217 133
178 223
217 133
89 95
95 5
217 223
223 178
223 178
89 5
223 217
96 113
89 75
89 95
50 95
89 95
223 217
223 178
133 223
133 203
50 68
89 95
223 178
133 178
95 89
50 95
217 223
95 5
133 217
217 133
217 178
178 223
94 11
217 223
133 223
89 95
223 142
89 95
5 73
217 223
178 217
89 50
5 73
223 151
217 223
223 133
217 223
50 25
223 251
95 89
95 23
5 95
89 95
217 191
178 223
178 223
217 223
95 89
223 217
118 65
133 223
95 50
182 201
133 207
95 89
95 89
51 89
17 70
95 89
63 79
95 14
217 223
47 95
217 223
223 128
223 133
217 223
182 162
217 223
50 95
178 223
95 89
89 50
223 133
99 18
178 223
223 178
178 250
13 106
70 42
5 73
95 50
133 217
125 49
5 95
95 89
217 133
50 95
89 95
5 89
89 50
178 217
50 95
217 178
5 50
217 223
95 50
41 114
50 95
223 178
89 95
133 175
95 50
95 89
50 95
50 5
95 89
187 208
95 23
89 5
89 95
133 178
251 151
178 223
50 49
5 95
133 223
223 217
89 95
178 223
89 50
95 50
89 95
217 223
125 93
178 223
182 235
178 217
178 223
58 83
223 178
223 217
182 162
95 89
50 89
217 178
50 89
15 83
133 217
89 95
217 223
223 217
133 223
217 223
118 65
223 178
5 89
217 223
133 223
5 50
50 95
89 95
178 176
178 223
133 217
178 223
217 133
5 89
50 95
89 95
217 178
5 50
133 217
50 95
5 95
178 223
50 95
51 25
50 7
223 178
143 211
95 5
54 127
223 217
50 41
5 95
178 223
89 50
89 95
178 204
133 178
89 95
223 151
95 5
89 50
5 14
89 5
178 223
178 148
217 133
133 223
95 89
217 133
5 50
223 217
95 89
51 122
95 50
5 95
217 223
217 223
79 96
133 217
178 223
95 89
89 95
50 89
217 223
223 178
89 50
223 217
217 133
217 223
50 113
50 80
133 217
121 19
95 50
178 217
89 50
89 95
223 133
217 133
223 217
95 50
95 23
89 50
95 89
217 223
133 223
5 95
95 89
178 223
217 178
133 178
50 89
209 228
95 71
89 95
50 120
50 5
95 50
95 89
217 205
95 50
50 95
223 217
217 133
178 223
178 172
5 50
217 223
223 217
95 89
50 95
133 217
217 178
5 95
143 207
133 223
89 95
223 178
217 174
217 178
223 178
89 95
133 178
50 95
89 74
50 95
89 95
5 95
217 133
50 89
50 53
223 217
95 89
89 95
113 58
178 217
95 14
5 89
89 95
5 50
89 95
178 223
133 178
95 49
5 89
217 133
14 81
89 95
95 89
95 5
5 95
223 178
217 178
217 223
95 89
133 223
50 112
50 95
95 89
133 223
5 89
178 223
50 95
133 223
95 50
95 5
5 95
178 223
133 217
178 173
217 178
5 50
133 178
50 89
89 50
217 223
100 14
95 5
217 223
89 95
178 217
89 50
5 95
133 223
217 178
226 205
89 50
223 178
95 50
89 70
50 93
5 50
89 50
178 223
217 223
89 95
50 95
50 95
217 133
217 223
63 79
50 89
89 95
133 217
5 50
89 95
95 5
5 77
50 89
133 223
217 223
217 223
41 18
50 5
217 211
95 89
5 50
217 223
223 178
95 89
113 58
217 206
223 217
50 89
178 223
89 95
217 223
217 223
217 133
217 178
89 95
50 95
121 63
89 50
89 50
178 171
217 146
5 95
178 217
89 95
89 50
133 223
50 95
133 217
223 133
223 217
99 120
5 50
89 117
217 223
89 50
89 95
50 95
133 223
89 50
5 95
178 223
50 89
89 95
121 83
95 89
50 63
5 95
95 14
89 95
5 89
95 10
217 178
95 5
95 89
89 95
89 95
178 223
178 133
223 217
89 95
95 89
133 223
227 209
209 170
178 223
95 89
95 89
5 73
169 193
50 95
95 50
217 223
50 95
89 95
89 95
223 133
178 223
133 223
89 95
217 191
42 51
95 23
95 57
95 79
89 95
89 95
217 223
217 223
95 50
191 248
89 95
133 223
133 178
5 50
89 5
217 133
5 34
50 95
95 89
178 223
223 185
217 223
217 223
223 133
34 111
178 217
5 89
89 95
5 95
217 223
178 223
5 95
95 50
95 23
223 251
217 133
217 223
223 133
89 95
222 201
217 223
95 50
5 95
95 50
5 15
133 223
50 89
217 178
246 178
228 247
217 178
251 247
178 133
89 95
133 223
50 89
223 217
89 95
89 50
217 223
178 223
178 135
95 89
50 95
89 42
249 209
178 212
5 89
217 178
133 217
217 133
50 95
54 30
95 50
217 223
191 224
89 95
50 89
223 133
89 95
95 50
23 95
217 133
133 223
89 95
89 95
133 223
15 34
95 25
89 50
217 223
133 217
5 89
5 50
89 95
178 217
95 89
178 223
5 41
178 191
95 71
89 66
5 89
217 223
50 95
223 217
5 89
95 50
89 95
133 238
217 223
178 223
89 95
95 89
5 29
178 223
223 178
95 50
217 223
95 89
89 50
89 95
89 5
217 223
5 95
123 119
133 175
95 89
217 178
217 223
50 95
89 95
178 195
178 217
178 133
5 50
223 142
178 217
217 223
50 95
95 14
5 50
5 95
5 50
217 223
223 142
5 95
178 133
133 223
5 89
5 95
20 64
89 50
223 133
5 95
89 50
95 89
95 89
89 79
95 5
178 223
5 14
50 95
50 5
95 50
95 50
217 178
5 101
217 128
224 246
217 223
50 80
50 89
50 95
5 47
133 201
95 50
50 95
223 217
133 217
89 95
217 223
133 228
50 95
223 217
50 95
50 122
223 217
178 223
217 223
223 217
142 228
133 178
178 244
178 167
223 217
133 217
5 95
50 95
89 100
178 223
217 223
217 223
89 95
89 95
95 50
223 133
89 95
89 95
133 243
5 89
133 178
133 141
217 178
70 59
133 217
5 50
133 223
5 67
50 5
89 95
133 217
217 223
133 217
89 5
223 133
5 95
95 89
217 223
95 89
89 78
223 217
223 178
89 95
217 223
217 223
133 223
223 133
95 89
5 50
178 223
178 223
223 217
89 5
223 217
89 95
50 95
217 178
223 133
89 95
95 5
95 89
178 223
95 50
178 223
15 79
89 116
50 75
201 133
178 223
223 217
133 146
217 223
217 178
50 95
95 5
217 223
5 89
15 79
89 5
95 89
50 95
5 89
95 23
95 89
217 223
217 223
217 133
217 178
5 95
95 5
89 1
50 89
254 178
178 223
5 95
178 223
217 223
95 71
223 217
89 50
178 217
178 211
50 95
217 178
95 89
217 235
50 95
217 223
217 223
95 5
32 74
50 95
217 223
95 5
89 95
217 223
50 95
217 223
217 178
217 190
50 1
89 95
178 223
217 223
217 223
89 95
95 5
95 14
50 89
223 217
89 95
89 95
133 217
89 95
95 50
50 95
89 50
89 5
95 89
64 73
133 223
50 117
223 133
133 178
133 239
95 14
50 95
223 133
89 95
89 95
178 207
133 223
223 221
178 223
217 223
89 95
95 89
133 223
89 50
95 5
95 89
178 133
95 89
133 175
95 50
95 50
217 223
217 223
95 50
89 5
95 50
89 95
89 95
89 95
95 50
95 89
223 178
89 5
133 217
13 107
223 178
235 141
89 5
50 56
89 111
217 223
95 89
5 95
95 89
5 95
89 95
133 223
50 89
207 211
217 223
178 240
95 50
133 222
217 223
223 217
217 223
223 133
178 223
217 133
217 223
95 5
5 95
133 217
133 220
223 179
223 178
64 13
217 223
178 156
95 89
5 95
133 217
217 223
160 202
50 65
133 178
89 95
95 89
223 146
178 133
169 196
95 50
50 5
217 178
211 207
5 95
89 20
89 95
89 50
217 223
133 217
89 95
223 230
89 95
5 73
50 7
89 95
224 241
5 89
50 89
89 95
89 95
89 95
217 178
133 217
89 95
133 175
95 23
217 223
89 95
217 223
5 89
217 223
179 194
178 133
217 223
223 206
89 95
5 95
95 89
89 95
89 95
89 95
89 95
89 5
95 50
217 223
133 213
133 223
50 95
178 217
133 178
95 89
50 95
5 95
178 223
89 50
5 89
95 14
95 89
5 95
133 178
50 89
95 89
89 50
5 89
217 223
133 223
79 74
223 217
217 223
217 133
95 89
223 217
178 217
5 89
133 217
68 15
133 178
217 223
223 217
89 95
223 251
89 95
5 50
217 175
145 244
5 95
217 223
217 223
64 115
142 211
89 95
95 50
95 89
95 50
178 145
5 50
50 61
178 223
217 178
223 178
5 89
89 50
94 95
217 223
133 223
5 99
95 89
50 62
5 95
50 95
50 89
217 178
192 211
89 71
178 223
223 133
95 50
178 223
5 84
217 133
217 227
217 223
179 235
133 223
178 223
5 89
217 223
5 50
119 99
89 95
169 141
5 50
217 223
178 138
196 143
95 89
133 217
89 5
142 223
5 81
5 95
95 50
178 184
89 50
89 5
133 223
95 89
217 223
5 89
95 50
217 223
223 217
95 50
217 223
217 223
89 95
217 223
223 217
95 89
133 178
217 223
178 230
133 223
217 178
217 178
217 133
50 26
223 133
217 223
89 95
89 50
133 201
50 95
223 217
50 51
95 89
253 149
89 95
133 217
95 89
95 5
89 95
89 95
95 5
50 95
178 223
95 50
89 50
50 95
20 64
217 178
223 133
89 95
217 131
217 223
5 95
89 95
95 89
217 223
178 217
223 217
217 223
5 50
217 178
99 105
95 89
217 178
89 95
95 50
50 95
89 95
50 5
95 89
217 223
133 223
217 223
217 223
5 68
223 171
95 89
89 50
89 95
89 95
89 5
217 223
178 217
5 95
247 251
148 192
223 217
5 89
217 246
20 123
89 5
148 136
217 239
50 95
133 217
217 133
95 50
145 249
178 251
89 50
145 133
89 75
15 23
95 5
89 95
217 223
217 223
5 95
133 223
89 5
89 95
95 23
5 89
95 89
178 133
223 178
223 217
95 14
5 50
95 8
95 5
223 148
223 154
222 208
133 217
223 133
50 95
178 228
5 50
50 95
217 178
223 133
95 5
178 223
217 196
178 223
217 223
247 251
223 210
50 95
95 89
133 217
95 89
191 248
217 223
217 223
95 17
178 223
5 50
95 89
15 34
50 53
223 178
50 5
95 23
95 5
223 178
89 95
217 223
95 89
95 5
89 32
89 95
95 5
217 223
133 223
133 223
196 143
95 89
223 217
95 89
50 18
50 5
178 223
133 223
5 95
223 133
133 217
133 239
95 89
89 95
223 244
50 95
5 95
5 95
223 133
178 133
5 89
123 119
217 223
178 130
50 89
5 95
89 95
95 5
223 178
89 50
95 50
223 151
217 223
223 217
217 223
133 223
95 89
133 223
133 217
223 133
89 95
217 223
95 50
223 142
89 95
95 89
178 223
217 178
217 178
89 50
89 95
95 117
95 5
95 89
217 158
217 133
5 95
133 217
133 217
217 223
95 50
217 178
133 178
89 107
5 89
133 223
50 89
178 217
178 223
89 95
15 79
133 187
125 56
5 95
89 50
133 201
178 217
50 40
125 4
95 5
50 95
217 230
133 223
223 217
89 5
223 217
223 217
95 107
178 223
178 227
217 178
223 217
178 223
223 217
50 95
223 217
217 223
95 89
89 50
217 223
133 223
133 178
241 187
223 151
217 178
5 96
133 223
143 162
178 223
95 89
5 95
129 133
89 95
95 107
133 193
217 223
191 207
89 50
217 223
217 223
95 89
217 133
178 179
178 223
95 5
133 223
89 95
89 95
89 95
5 50
89 95
223 217
89 95
5 95
89 5
5 98
133 217
217 223
223 178
50 89
217 133
217 223
178 223
217 223
217 176
5 18
178 223
133 223
5 89
178 133
133 223
223 133
50 17
217 223
50 89
5 89
178 223
182 193
192 212
223 133
95 115
223 178
223 133
133 178
223 217
95 50
133 178
89 50
89 50
95 5
178 230
95 14
50 95
217 223
217 133
50 124
89 50
217 133
89 5
5 47
223 133
223 133
95 89
133 175
178 136
89 95
95 89
95 84
223 178
89 95
133 154
223 131
89 95
89 95
34 65
217 178
5 50
178 223
89 95
223 133
5 50
89 95
95 5
50 95
178 133
217 178
50 95
178 217
178 133
50 89
223 133
217 223
51 94
100 74
223 217
89 95
89 95
95 107
116 5
5 89
191 248
133 217
178 209
89 50
217 223
106 95
95 50
89 95
89 95
95 89
89 95
241 186
133 223
217 223
223 133
223 217
5 89
83 63
217 223
50 92
50 95
89 95
178 217
179 193
5 95
223 178
217 223
50 89
95 50
50 122
5 47
217 223
42 51
223 178
89 95
223 133
217 223
95 23
217 223
89 95
133 217
223 217
203 217
50 95
223 217
5 95
217 223
50 95
223 217
89 95
217 223
89 35
95 89
223 133
5 95
41 82
191 170
5 89
223 217
217 133
89 10
89 5
89 50
95 5
95 89
50 89
50 95
50 95
95 50
95 89
223 217
5 50
50 89
223 217
193 203
5 89
5 95
223 133
133 223
68 14
89 5
50 95
5 73
217 223
89 109
5 95
217 223
223 178
95 89
89 5
95 50
32 74
5 95
50 95
217 223
89 95
89 95
5 89
95 89
89 50
133 227
217 133
89 95
133 223
83 111
178 223
89 111
50 89
5 50
223 217
133 217
223 217
217 223
217 223
50 95
133 223
217 157
223 217
50 5
5 95
89 95
133 178
133 223
20 8
95 89
50 84
17 95
95 123
89 95
133 223
89 95
133 152
95 89
50 95
178 223
89 60
50 95
178 142
178 223
223 178
89 50
20 64
235 141
217 223
223 178
89 95
89 95
223 221
50 95
178 211
223 133
179 184
133 178
89 50
95 50
169 196
5 50
50 95
223 133
89 95
95 50
5 50
119 8
89 95
50 95
89 95
178 217
95 89
217 223
5 95
145 208
89 95
5 51
217 178
5 50
95 50
217 223
95 5
178 217
95 5
178 223
95 23
15 79
133 223
95 50
223 217
89 5
5 95
133 227
178 171
223 217
133 217
95 50
223 151
217 223
5 70
223 133
223 217
223 217
0 89
5 95
133 217
223 178
217 223
50 95
133 217
5 95
178 205
224 136
133 217
133 161
217 144
50 89
224 146
223 217
50 95
223 250
50 95
223 133
223 217
217 178
223 217
50 95
95 50
89 50
89 50
89 5
5 95
95 89
217 223
217 223
217 223
217 178
89 95
133 223
95 89
95 23
223 133
217 223
50 95
217 133
89 95
99 32
5 50
50 95
95 89
95 5
50 89
95 89
217 178
50 95
223 148
133 223
178 223
217 223
89 95
217 223
133 201
133 223
89 95
217 223
223 178
50 89
217 133
50 25
217 178
217 178
5 95
89 95
133 175
89 95
217 254
50 21
217 133
95 5
125 114
95 89
95 89
89 50
223 133
89 95
133 217
50 95
5 95
95 89
50 43
89 95
178 179
41 100
178 133
223 133
5 95
5 95
89 95
217 223
217 154
89 5
217 223
223 133
178 223
58 113
50 95
95 5
50 127
223 217
169 237
95 5
89 66
50 29
217 223
50 95
223 217
178 217
5 17
89 79
223 217
133 178
223 178
223 217
89 50
89 50
89 92
89 95
217 223
42 51
217 223
133 211
5 95
133 175
133 223
95 89
5 50
50 89
133 178
50 95
217 178
217 223
64 110
89 50
133 217
89 95
217 223
5 89
89 50
133 223
217 178
89 95
89 5
95 89
133 223
5 89
133 223
95 50
209 228
217 223
89 95
133 217
217 223
95 5
133 223
217 223
223 151
133 217
95 89
95 50
178 227
217 223
5 89
133 131
217 223
178 217
217 133
223 217
178 151
217 223
50 89
50 5
95 50
89 95
89 95
50 89
133 178
217 223
217 133
89 95
133 178
223 178
95 89
5 89
50 95
5 93
133 223
50 95
217 178
133 223
95 89
89 50
133 178
178 223
50 89
89 95
217 223
32 74
133 178
5 95
51 127
41 68
89 95
133 217
178 223
182 189
5 89
50 95
89 50
217 223
217 178
217 223
17 41
223 133
217 178
217 133
178 230
95 50
17 39
223 217
223 217
217 223
89 95
95 89
217 223
178 217
89 95
223 142
5 95
217 133
217 191
253 129
50 95
89 95
95 89
217 173
89 50
89 95
89 95
223 133
217 223
223 178
133 217
89 95
133 223
95 5
133 223
5 58
89 95
50 89
50 89
89 50
95 50
95 50
217 133
89 50
95 63
5 95
89 95
217 223
41 10
133 223
217 223
89 50
133 223
223 133
133 223
223 133
133 178
95 50
235 141
95 5
223 133
95 83
5 50
217 223
217 178
50 89
89 95
217 223
223 217
89 5
223 217
50 95
89 95
133 217
178 207
5 95
217 223
217 133
89 50
89 95
178 223
178 133
51 61
223 133
5 95
217 223
223 217
217 178
95 89
223 217
223 128
5 89
223 178
89 95
133 223
178 246
95 89
89 95
178 133
50 95
133 223
89 5
217 223
95 14
223 178
5 89
217 133
133 175
217 223
133 217
217 133
50 95
50 95
217 223
133 223
50 65
89 5
50 95
50 112
79 83
89 38
223 178
5 89
217 223
133 223
95 89
95 89
50 89
89 15
217 223
20 64
95 89
223 178
50 30
5 89
89 5
178 217
5 95
100 119
223 217
223 133
89 63
5 89
95 89
89 5
95 50
50 76
50 95
133 217
95 50
95 89
89 5
223 151
50 89
89 50
96 111
178 223
5 50
89 95
5 89
95 5
51 60
133 223
179 174
89 50
89 95
95 89
50 76
133 223
121 78
89 95
89 95
178 223
217 133
178 217
89 50
186 203
50 89
95 99
5 95
223 178
133 178
207 182
68 15
223 217
178 217
223 178
50 89
42 94
133 217
50 89
95 89
50 5
217 178
133 170
5 89
217 223
217 223
133 223
133 217
178 233
95 5
95 18
95 50
133 178
5 89
125 2
178 223
203 217
223 133
5 50
217 223
5 36
133 223
228 247
5 95
223 178
95 5
5 50
133 217
133 223
223 133
95 5
178 223
89 50
50 95
31 41
5 95
133 223
50 89
89 109
178 223
89 5
89 95
223 178
217 133
178 223
133 223
178 223
217 223
5 95
89 0
217 223
253 157
5 95
95 118
5 89
223 178
223 133
178 133
217 223
5 89
95 89
89 50
217 223
217 178
95 89
217 223
223 217
133 217
133 223
89 95
178 223
50 95
178 217
133 223
89 95
89 95
178 217
50 14
95 52
217 133
179 199
95 5
223 178
5 95
50 89
89 50
5 25
133 223
5 95
133 217
133 148
89 95
95 50
5 89
133 136
5 50
217 223
223 133
125 78
5 89
217 223
50 95
178 223
123 119
89 51
178 223
89 95
223 217
217 223
223 217
5 95
217 223
50 5
95 86
125 64
125 126
5 50
178 217
217 187
89 50
223 194
89 95
14 81
223 217
89 95
217 223
145 190
14 34
133 217
95 14
223 133
95 118
133 217
133 178
133 223
50 95
50 95
133 217
133 223
133 223
95 89
50 95
89 50
89 17
223 133
133 175
223 217
5 89
133 138
89 50
123 119
142 209
89 5
133 191
121 82
95 50
95 89
223 151
5 95
50 96
217 178
113 58
50 95
89 95
123 119
50 14
223 241
89 95
217 223
223 133
5 73
178 223
217 223
89 95
50 119
217 223
5 95
95 5
217 133
50 5
217 223
50 95
95 89
178 142
133 217
50 95
95 50
63 32
95 5
217 223
178 223
178 217
223 217
191 170
178 133
89 50
223 151
217 223
217 178
178 223
178 133
95 89
133 223
89 95
217 178
222 210
50 95
50 5
50 59
223 217
178 223
89 50
89 95
133 223
178 235
133 217
223 204
5 95
178 223
89 95
133 175
178 223
89 50
89 50
89 50
217 223
89 5
89 95
95 14
223 210
217 133
5 95
217 223
89 5
207 211
95 5
182 240
50 95
5 89
50 5
217 223
89 95
178 217
217 178
217 223
178 217
217 223
89 50
79 54
217 178
133 217
89 95
217 178
217 133
95 80
50 19
50 127
89 95
217 178
95 123
89 95
217 223
217 133
133 178
95 5
217 223
50 95
95 89
95 50
224 168
5 50
89 50
178 223
89 95
223 151
217 223
89 120
217 223
217 133
217 160
223 133
95 5
133 223
133 195
133 186
223 151
5 89
95 89
182 183
95 122
223 133
89 50
5 47
50 95
217 223
253 149
217 223
94 63
222 192
133 223
15 23
217 223
223 133
95 101
5 116
50 95
50 95
89 95
223 178
178 217
178 223
89 95
223 178
224 225
178 223
228 247
5 95
133 178
223 217
5 89
89 95
223 217
217 178
50 89
223 217
89 50
217 255
217 178
223 217
217 133
217 196
95 50
223 217
89 95
5 123
50 89
217 133
94 83
178 133
217 223
142 209
178 223
133 217
133 223
178 217
5 89
5 95
89 95
89 50
5 95
95 5
133 217
217 223
223 178
178 223
95 89
50 95
223 217
95 89
50 95
223 142
223 178
95 50
178 223
50 94
50 95
133 223
223 133
50 95
223 133
133 178
133 178
5 50
89 95
223 133
50 95
95 89
178 133
50 95
89 95
5 95
89 50
89 95
89 5
133 217
95 89
5 89
89 95
100 50
217 223
5 89
50 95
95 5
89 95
89 5
95 50
89 95
217 223
100 14
89 95
95 41
89 95
133 201
133 217
89 50
178 223
5 89
217 223
81 42
50 89
95 83
95 50
50 89
217 191
5 95
89 95
217 208
5 47
217 223
133 178
217 223
50 5
50 89
95 89
133 223
89 95
217 223
95 14
95 50
5 54
217 223
89 5
192 156
89 115
178 223
5 95
223 142
50 5
50 89
89 95
217 178
89 95
133 223
223 133
89 95
145 137
223 178
5 89
89 95
50 5
133 223
223 217
223 217
89 95
89 95
95 89
217 223
95 50
95 89
50 95
50 95
50 89
178 223
217 178
89 50
95 5
50 95
223 178
50 5
223 185
223 178
89 95
133 178
89 50
47 5
89 72
119 99
223 217
223 151
178 217
217 223
89 50
5 107
223 178
5 95
89 95
89 95
178 223
5 95
89 95
89 95
217 186
178 223
223 217
217 223
5 73
50 43
217 223
50 89
50 95
223 217
178 133
95 89
223 217
89 5
148 234
133 217
5 73
5 95
89 122
178 133
95 1
217 223
89 5
95 89
95 89
5 50
54 83
223 217
5 50
89 50
178 214
223 184
5 18
5 89
217 238
89 95
89 5
113 67
217 223
217 223
95 89
50 89
223 178
217 223
95 14
50 95
50 95
5 50
5 95
89 95
50 8
83 50
50 95
169 249
89 95
95 5
95 102
223 178
217 223
178 223
217 223
133 217
217 199
89 50
95 83
217 133
133 217
178 217
235 141
178 223
217 223
133 178
133 217
5 50
89 95
217 223
95 50
223 217
5 95
68 15
50 95
5 95
50 89
178 133
217 223
89 95
223 217
95 56
50 93
178 217
89 95
178 133
5 89
223 246
95 5
223 217
223 217
223 142
50 74
89 95
89 5
133 178
95 50
50 95
50 95
95 50
223 217
89 5
89 95
178 217
133 178
217 178
133 217
217 178
217 131
50 95
217 223
223 217
133 178
50 95
5 73
223 217
178 223
89 95
107 13
89 95
5 95
5 95
50 89
50 89
178 133
89 50
5 95
217 223
217 178
133 223
178 217
217 223
133 178
5 63
89 95
223 217
50 23
89 50
217 178
5 95
5 95
89 5
223 151
217 223
89 95
50 5
95 50
5 89
5 89
89 95
89 95
89 41
241 186
95 89
95 5
217 133
223 217
192 171
5 50
89 30
223 217
223 133
89 95
217 178
95 50
95 89
178 223
89 31
133 217
217 223
95 89
223 217
5 89
95 5
50 95
217 133
95 89
95 89
54 50
217 178
223 217
95 89
217 223
178 133
133 217
223 133
133 246
5 107
95 50
89 95
74 32
89 50
95 89
5 18
217 223
133 201
217 223
133 178
178 223
217 223
133 217
217 133
178 223
5 50
50 95
133 217
133 223
95 89
95 89
178 133
223 151
217 172
89 95
246 223
50 5
89 95
50 89
133 178
217 223
89 50
50 5
89 95
89 5
42 51
217 223
182 189
133 178
89 95
223 217
5 95
178 223
217 223
50 95
95 89
217 223
133 201
133 178
89 5
89 95
133 223
217 223
217 223
178 223
89 95
178 222
5 95
133 217
217 223
95 50
89 5
223 151
223 151
95 89
217 223
217 223
89 95
5 95
41 61
178 223
95 0
223 217
238 217
223 178
89 95
89 5
89 95
89 5
5 89
89 95
5 50
95 89
133 192
50 5
50 95
253 153
95 89
5 89
223 217
223 217
217 178
95 5
217 221
178 223
100 119
217 223
223 178
95 23
133 217
178 223
89 95
217 223
223 133
50 3
50 95
89 95
182 211
50 95
133 223
89 95
133 223
89 95
223 217
133 223
217 223
5 89
217 223
223 217
217 223
95 50
133 223
217 223
50 75
223 178
95 38
118 65
217 223
143 162
89 95
217 223
89 50
89 95
178 217
133 178
50 95
217 223
223 178
217 223
133 178
89 95
95 35
217 223
95 48
89 95
217 133
182 174
223 178
217 242
5 50
178 133
223 217
50 59
223 217
223 217
95 89
192 217
223 133
89 95
133 178
223 246
223 217
217 178
217 223
95 89
223 217
95 89
223 178
5 95
95 50
89 95
89 95
217 178
23 95
178 223
133 223
50 89
50 14
95 5
89 51
217 223
95 89
50 12
5 47
223 217
217 178
178 186
50 89
223 217
95 50
217 223
223 217
89 95
133 178
133 223
217 223
223 133
89 5
133 223
217 133
95 5
217 223
223 178
5 95
95 89
217 178
50 17
95 94
223 217
20 8
89 95
133 223
217 223
217 223
133 223
54 83
133 217
95 50
95 89
217 178
178 223
5 95
89 95
133 173
95 5
95 89
50 89
133 217
253 246
182 235
217 223
223 217
95 89
95 5
217 223
133 217
133 217
89 95
223 133
196 143
5 50
81 100
5 95
217 223
95 89
133 201
133 217
133 217
217 223
54 67
223 142
223 151
217 223
89 95
95 23
217 223
223 204
133 223
133 223
178 223
89 95
89 50
223 217
133 217
223 142
223 178
217 178
5 48
217 223
5 89
5 89
133 217
89 95
42 51
95 89
217 178
217 179
89 50
223 217
217 223
133 145
50 95
217 178
178 133
217 133
223 217
50 47
50 48
5 50
223 133
50 40
217 178
95 5
14 81
217 223
89 95
178 223
217 223
217 178
217 223
50 5
133 217
133 201
89 95
223 217
89 95
178 133
133 223
89 95
95 89
178 147
50 5
95 50
50 5
5 42
223 178
50 95
89 95
178 193
178 133
133 178
50 95
133 217
133 175
95 118
217 180
133 178
50 23
133 178
95 89
223 217
89 95
50 95
5 50
95 89
133 175
223 133
223 178
5 95
217 223
217 223
178 223
217 223
178 223
133 178
95 89
89 95
95 50
5 89
223 217
50 95
217 178
217 223
178 223
217 223
178 223
5 9
133 178
95 89
95 50
89 5
217 133
89 95
223 217
89 95
5 50
95 50
217 223
133 217
89 95
95 89
217 178
89 95
89 95
5 95
223 217
95 5
89 95
89 95
95 89
133 172
217 247
223 133
178 223
96 11
96 28
186 187
178 133
133 217
89 28
95 5
217 223
178 217
5 63
50 95
178 223
178 223
223 178
217 178
5 95
50 6
95 89
217 223
223 178
95 89
89 5
223 245
95 89
89 95
5 73
95 23
223 217
217 223
223 178
89 95
223 217
223 217
178 223
50 30
95 23
217 186
178 217
5 50
217 223
89 95
64 13
223 217
133 217
95 20
178 225
15 83
217 223
223 244
5 89
95 89
95 89
178 223
95 89
95 5
50 95
89 95
89 95
224 232
178 133
223 178
89 95
125 97
217 178
95 50
178 133
217 213
133 178
5 95
133 217
223 217
217 223
89 50
223 217
133 178
5 95
217 145
133 223
5 95
217 223
217 178
192 211
89 95
223 217
5 89
133 201
217 223
89 50
223 142
133 178
223 142
217 223
178 223
223 133
145 195
95 89
178 244
89 50
89 95
50 95
223 133
133 217
89 109
223 217
5 89
95 89
89 95
89 95
223 178
217 178
95 5
227 246
217 223
133 223
5 50
50 84
217 178
133 227
143 207
5 74
95 89
223 217
54 113
50 95
133 223
95 89
223 178
5 50
217 223
217 133
89 95
17 26
50 123
5 89
5 95
89 28
223 217
178 223
89 95
217 133
50 89
89 95
50 95
178 223
5 50
223 217
121 83
133 217
95 89
133 201
5 50
89 50
217 178
217 223
95 5
217 223
224 158
89 5
223 217
95 14
178 223
223 217
133 223
39 5
95 89
14 81
217 223
217 178
15 34
223 185
178 223
217 223
95 75
50 54
64 8
217 223
50 95
178 223
70 42
89 50
133 223
223 217
209 141
5 14
223 142
217 178
178 142
178 223
125 33
217 223
133 217
133 223
217 223
133 217
95 89
95 89
95 89
217 178
89 95
223 217
217 211
50 95
95 89
217 133
5 73
133 223
89 50
133 223
95 14
89 5
133 217
178 133
89 95
223 133
196 143
89 50
89 95
217 178
5 50
217 204
89 95
50 95
89 50
95 5
42 51
133 178
217 133
223 178
217 133
217 223
50 30
50 5
95 14
5 95
89 5
133 217
223 178
50 89
223 133
178 223
5 95
89 50
89 50
50 95
178 139
223 204
178 133
178 223
133 223
217 133
178 180
217 223
89 95
217 251
133 223
223 133
133 223
178 223
89 95
89 5
223 178
89 50
89 95
95 89
95 89
50 89
223 217
217 223
178 223
89 95
5 89
217 223
217 146
178 162
217 146
89 95
79 83
5 50
95 89
227 132
95 5
95 5
95 89
178 221
95 89
217 133
89 95
178 223
217 178
50 110
95 50
178 223
5 41
5 95
133 223
89 5
95 5
54 21
50 95
5 89
223 178
95 89
89 95
95 5
95 50
217 178
223 217
95 89
133 184
223 217
95 5
217 223
178 223
217 178
217 133
217 133
5 50
89 95
217 178
217 223
89 95
217 178
133 217
217 223
178 223
217 133
5 89
5 95
133 217
95 50
217 223
89 95
178 223
89 95
142 223
95 50
50 95
223 178
95 50
223 217
223 178
89 50
223 217
89 95
217 225
133 223
89 5
54 112
217 223
223 151
217 133
50 95
223 217
223 217
148 192
89 95
113 58
143 211
5 50
89 95
178 223
217 178
89 50
217 178
223 217
5 73
50 5
5 73
178 223
95 89
89 95
95 89
217 223
95 82
223 217
133 201
170 239
217 133
50 95
223 133
247 211
50 95
133 223
50 95
5 95
223 178
95 89
95 89
5 30
50 89
133 217
223 202
5 95
89 124
118 65
95 89
89 5
217 223
95 5
5 47
89 82
217 178
133 217
217 223
217 178
217 219
89 95
133 217
96 86
133 223
50 95
89 95
222 176
223 217
95 89
223 217
223 133
50 26
51 63
143 207
89 95
48 125
5 95
95 89
223 217
217 223
50 95
89 95
5 95
89 95
5 89
5 89
89 50
60 50
217 223
217 223
95 5
178 145
89 95
50 95
217 223
89 95
119 20
5 114
95 89
223 178
107 13
95 50
223 217
50 5
133 169
145 211
217 223
178 223
223 142
148 192
227 131
178 223
217 178
50 89
50 89
133 253
89 95
133 178
89 95
249 157
50 5
223 178
217 178
223 178
217 178
89 50
217 178
217 223
89 5
5 95
95 50
50 32
89 5
89 50
133 223
217 178
133 205
217 178
178 223
179 247
141 235
217 223
223 138
5 50
133 250
50 89
89 95
223 178
50 89
95 94
89 95
5 73
89 95
148 136
223 217
95 89
178 223
217 199
89 110
5 95
217 223
217 133
143 207
50 89
217 223
95 84
223 217
217 223
89 50
133 178
95 5
223 136
223 217
89 5
50 43
89 5
50 39
175 133
223 178
89 95
5 50
133 217
54 61
51 115
133 217
217 178
89 50
5 50
217 223
217 223
217 133
50 95
217 178
141 235
217 178
223 142
217 223
95 5
89 95
133 217
50 95
89 95
223 217
50 89
133 201
133 217
5 89
223 133
95 89
89 95
223 217
223 133
223 199
95 89
223 133
145 140
95 89
89 50
133 178
50 95
89 95
89 95
89 30
217 178
94 24
223 141
64 83
217 223
217 196
5 73
50 95
133 221
89 5
95 5
95 50
50 95
133 223
133 217
217 214
50 89
89 95
223 217
50 95
5 89
50 5
217 144
217 223
223 133
5 95
178 223
178 217
223 178
217 133
50 24
217 178
133 178
217 244
95 57
5 89
217 223
178 223
217 223
217 223
50 95
178 151
133 223
133 223
89 95
133 201
95 77
217 223
95 50
99 121
89 95
217 242
95 3
5 50
89 5
217 133
178 223
95 89
217 178
223 217
133 223
217 223
95 5
217 223
5 89
178 217
223 217
217 223
89 95
223 153
68 15
133 178
89 50
5 50
5 95
95 50
133 178
95 89
217 220
133 175
89 119
89 95
5 95
95 23
133 201
217 223
196 169
223 217
74 99
113 95
95 5
223 178
217 223
95 89
223 142
223 178
227 144
95 5
178 133
5 57
223 178
123 119
223 217
223 178
50 17
5 95
223 217
5 50
95 89
50 95
223 217
169 193
50 95
5 41
228 182
217 223
217 223
133 223
217 223
222 161
50 95
95 50
50 95
89 95
89 95
133 217
223 217
50 71
223 217
89 95
5 95
133 223
223 217
217 223
89 95
5 126
5 50
50 18
89 95
223 178
133 178
148 136
50 95
50 89
5 95
89 95
50 95
227 207
178 217
50 95
95 5
89 95
223 133
5 95
223 184
94 63
83 79
50 5
89 95
178 223
178 148
95 89
178 217
89 95
95 89
223 133
217 223
5 95
95 50
5 95
89 50
178 223
178 223
5 50
178 223
145 152
217 223
89 83
133 235
89 95
223 217
5 95
217 178
95 23
133 223
217 223
95 50
217 223
5 89
95 50
133 223
133 178
217 128
223 133
95 89
50 5
50 95
95 5
89 95
223 217
178 238
217 178
95 23
95 45
193 232
95 31
50 95
133 223
217 178
89 95
100 14
20 64
178 223
223 217
89 85
227 133
50 89
223 217
50 95
217 223
95 5
223 217
50 95
217 223
246 193
89 95
50 89
133 217
95 89
223 217
5 95
223 217
133 223
95 89
217 133
5 50
50 5
95 50
217 223
95 50
89 95
217 223
95 5
223 219
178 217
5 95
217 178
133 217
217 133
217 223
217 178
89 95
217 175
95 5
95 5
133 217
5 89
178 223
129 224
217 223
133 217
89 50
89 95
223 217
178 217
133 178
5 50
217 223
133 217
178 133
95 5
5 89
5 50
178 136
217 223
217 178
217 133
178 133
178 217
50 95
217 142
223 178
89 50
223 217
95 89
89 95
223 178
247 228
89 95
5 95
95 89
226 178
217 133
5 95
95 89
141 235
196 142
133 223
253 187
89 50
217 223
223 178
89 50
95 50
223 178
89 95
5 73
223 133
89 95
178 164
223 210
223 183
217 133
89 67
223 136
223 217
178 217
178 223
133 223
5 50
5 95
17 65
89 95
217 223
217 223
133 178
178 207
50 89
178 223
5 89
95 48
5 89
5 95
5 75
217 223
223 217
223 178
14 100
89 50
50 89
133 223
217 223
50 5
178 223
133 223
89 95
95 89
133 179
95 50
50 95
223 217
89 50
178 133
89 50
223 178
133 223
178 217
133 217
50 95
89 95
178 148
223 217
50 5
89 57
89 8
5 89
133 217
217 223
89 95
89 95
223 217
95 5
5 89
5 89
223 217
223 133
217 133
5 95
143 162
133 217
178 223
5 95
95 5
95 5
89 95
17 1
95 5
95 89
223 178
89 95
133 217
223 217
95 5
178 226
50 95
5 54
89 95
89 5
223 211
95 89
217 251
217 223
178 223
5 95
50 95
50 5
178 223
223 217
193 162
178 217
119 20
95 89
217 178
50 30
95 5
192 227
217 223
178 217
217 178
50 95
42 51
178 217
95 89
89 5
217 223
217 178
223 217
5 95
50 95
5 123
223 133
95 14
89 5
5 95
50 99
178 223
89 95
95 17
50 89
223 133
89 5
95 50
217 223
143 207
5 122
50 95
89 95
217 133
217 223
5 95
95 89
89 95
32 74
89 95
223 133
50 95
223 217
89 95
89 95
221 223
95 14
217 223
89 50
133 223
223 217
89 95
89 95
207 224
178 149
95 109
178 223
50 95
95 50
223 142
89 95
89 124
217 133
133 217
133 223
178 223
223 217
217 223
89 5
5 106
50 17
223 217
50 95
50 89
143 207
223 217
5 95
89 5
217 223
5 95
223 128
50 95
217 223
100 74
89 95
89 50
217 133
217 223
217 223
50 74
178 253
223 178
217 223
95 5
5 95
223 217
133 255
50 95
95 89
223 217
5 89
89 95
223 170
95 89
217 223
89 50
223 217
95 17
217 133
249 221
5 89
217 223
95 89
217 178
50 95
95 89
178 223
5 89
133 178
217 235
50 95
133 223
95 14
5 95
217 223
217 223
50 5
133 217
223 217
89 5
178 217
5 95
50 95
133 217
5 89
89 95
89 95
217 223
178 217
95 50
50 89
5 89
133 223
133 160
89 50
