256 10000
223 133
95 5
5 95
223 217
217 223
223 133
133 217
95 89
5 50
95 23
133 167
133 178
227 205
223 151
95 89
89 95
95 89
178 217
89 50
217 223
217 223
223 217
89 50
89 5
133 178
178 217
50 116
95 89
89 95
89 5
133 223
133 223
223 157
253 226
121 83
223 202
217 223
223 133
95 50
5 95
50 89
223 151
223 217
5 89
217 194
178 223
217 133
95 89
133 178
89 95
145 158
217 178
217 223
217 178
95 17
133 178
178 133
217 223
5 89
95 89
178 133
223 217
178 223
95 50
178 223
89 50
95 33
5 89
217 223
5 110
170 179
223 133
217 223
89 5
89 95
223 217
89 95
89 50
89 95
89 115
50 95
178 223
217 223
217 223
5 89
89 5
89 95
89 95
178 223
5 50
5 50
223 148
223 217
223 178
178 223
95 89
89 95
178 223
223 178
42 51
133 223
95 89
89 95
89 95
223 217
223 211
95 89
217 223
223 133
5 89
63 79
217 219
178 223
89 50
217 223
217 223
217 223
95 50
133 223
178 223
95 5
50 94
217 223
133 178
133 223
50 95
178 223
178 223
89 95
223 178
50 95
50 95
217 223
5 89
121 83
178 223
5 73
223 133
5 89
133 217
223 217
95 89
142 209
145 252
5 47
50 95
95 5
89 95
95 50
50 89
95 89
178 223
89 50
223 178
178 223
178 223
223 133
133 223
50 89
133 201
217 223
95 89
50 75
5 50
89 95
145 138
223 178
223 178
223 217
223 217
133 223
5 95
223 217
223 217
133 222
89 95
223 217
41 22
5 95
223 217
217 223
89 50
5 89
50 95
95 89
223 217
170 179
223 133
95 50
89 5
201 133
223 178
95 89
5 3
178 223
89 95
223 217
89 95
247 207
178 182
217 133
178 223
133 217
217 223
50 95
95 5
5 89
50 5
223 170
95 14
217 223
223 217
223 178
223 166
95 45
178 223
217 223
89 97
217 133
5 95
89 50
223 217
223 217
5 95
89 95
217 223
95 89
178 217
95 74
253 173
223 217
89 5
133 201
133 223
5 50
133 175
223 217
89 50
50 95
89 0
133 217
133 217
178 223
217 223
89 107
178 223
94 53
217 133
89 95
30 5
50 95
178 223
50 95
133 223
95 5
223 217
133 217
64 20
50 95
5 47
178 133
95 89
192 211
160 207
133 223
217 223
95 89
5 73
95 89
89 95
95 89
89 95
217 223
89 95
125 95
217 178
222 223
5 47
95 50
5 89
133 223
178 154
89 95
227 250
217 223
95 14
89 95
223 178
50 89
50 5
217 133
223 217
133 217
178 241
89 50
217 178
89 50
50 5
50 95
191 224
223 178
95 50
89 5
50 89
223 217
217 223
95 50
54 83
223 217
217 178
89 50
178 223
223 178
217 223
89 50
133 178
178 133
95 50
89 5
95 5
95 71
50 18
223 217
178 223
178 255
178 145
192 157
133 223
50 39
89 95
223 217
50 5
182 168
133 217
50 5
223 178
223 217
5 50
198 133
50 5
178 223
95 5
5 89
133 217
223 217
223 133
89 95
5 50
95 89
5 95
133 217
217 223
95 50
178 147
95 50
5 50
89 95
223 250
89 95
125 78
217 223
133 223
89 14
223 178
178 223
223 222
89 95
223 217
133 223
178 223
50 5
178 214
113 58
89 95
217 133
241 213
227 208
133 217
5 73
42 51
5 89
89 95
50 89
5 95
15 83
223 238
223 142
50 95
5 89
89 42
5 50
89 95
89 95
178 133
223 133
50 95
95 89
217 223
89 50
217 178
133 201
217 223
95 5
169 196
95 89
217 133
95 50
178 223
178 181
223 178
5 89
5 50
217 223
209 228
223 133
223 217
89 50
178 223
223 178
89 95
217 133
170 179
89 95
50 5
217 223
217 178
217 223
95 89
217 133
89 95
217 178
217 133
217 223
89 95
178 133
5 95
223 178
5 89
50 95
223 217
133 205
178 217
223 148
223 133
178 211
64 34
89 95
217 223
17 80
50 95
223 217
95 25
178 223
222 250
50 49
5 73
50 71
89 77
50 95
217 178
89 50
178 217
186 179
89 95
178 133
5 73
217 201
89 50
95 89
89 63
5 89
50 95
178 223
178 145
217 223
89 95
15 79
89 95
95 5
224 252
89 95
50 95
133 223
50 95
89 95
95 50
223 217
5 4
223 217
178 169
89 95
89 95
178 217
223 142
223 178
89 95
95 89
5 89
223 178
133 209
89 95
89 95
5 50
5 95
227 157
50 89
223 133
217 223
133 223
133 179
89 95
223 178
95 89
89 95
50 17
217 178
95 89
223 166
5 47
89 50
223 178
217 175
50 95
95 5
178 223
50 95
95 5
253 223
50 95
89 95
178 223
217 223
50 95
96 79
178 217
133 175
241 186
89 83
50 109
223 217
133 217
217 133
5 89
95 50
133 245
5 89
89 83
5 95
133 235
217 178
89 94
5 95
178 223
89 5
169 250
95 14
95 50
89 95
217 178
223 217
223 178
217 223
5 95
50 115
95 50
196 143
217 178
217 223
5 50
217 223
95 89
95 89
89 95
95 25
95 23
217 133
178 223
178 223
95 89
95 116
223 217
223 133
217 223
133 217
50 89
5 89
95 89
95 5
5 63
5 89
89 50
145 226
5 47
217 133
192 214
89 95
89 95
223 178
223 217
95 56
178 223
217 223
5 50
223 178
95 5
223 151
89 95
95 89
5 95
5 89
133 223
89 95
89 95
89 95
89 95
89 50
50 95
133 178
217 133
95 89
95 89
89 95
133 191
5 95
95 89
228 247
217 223
217 223
178 223
50 95
217 178
5 50
223 217
95 5
133 217
217 223
5 50
192 141
223 133
178 217
133 217
50 5
217 223
89 95
50 113
133 217
223 178
133 178
133 223
15 34
162 193
89 35
178 217
50 95
223 217
223 178
133 223
217 223
217 223
217 223
95 89
223 247
89 95
217 178
178 217
89 5
89 95
95 5
223 217
89 45
89 95
133 223
5 50
217 178
95 0
217 223
217 223
107 13
143 211
50 98
89 122
5 50
133 223
217 133
223 133
50 89
95 89
178 253
5 95
5 95
50 95
178 133
50 34
178 223
50 47
95 14
178 223
121 58
217 205
133 217
50 89
50 95
223 217
50 80
89 50
217 223
20 64
50 95
95 5
178 133
178 223
217 223
50 89
133 223
145 242
223 133
223 217
50 95
95 50
50 49
89 95
169 143
153 217
217 178
5 95
182 200
89 95
89 95
133 138
133 201
178 223
133 223
217 178
178 223
223 217
178 223
217 178
133 217
217 223
217 223
50 89
89 95
223 166
89 95
223 217
217 178
178 217
217 223
89 5
217 178
217 178
178 223
95 50
223 178
89 95
5 95
95 50
50 89
50 95
5 95
133 223
50 89
95 89
217 223
95 5
223 133
81 64
5 73
50 89
133 217
50 95
89 95
89 95
5 95
95 89
89 95
131 178
178 223
246 141
133 201
133 223
133 223
89 95
223 178
223 178
89 50
133 223
223 217
178 217
89 95
133 237
89 41
217 202
217 133
95 89
89 95
223 133
217 223
217 223
50 95
217 223
217 178
178 133
95 5
64 17
178 217
178 141
217 223
89 95
95 88
95 71
223 217
50 74
89 95
89 95
5 95
95 50
133 217
89 95
95 5
89 95
5 95
95 89
178 223
5 47
217 196
89 95
5 95
178 223
89 5
223 133
178 133
50 95
50 5
217 223
178 202
217 223
223 151
5 29
178 138
95 14
95 50
217 133
89 95
223 217
217 178
217 133
178 223
133 223
223 217
223 217
5 95
95 50
89 50
178 217
50 95
89 95
95 50
223 217
89 5
217 223
223 185
223 217
223 142
95 5
5 95
95 5
95 89
68 14
223 192
178 223
5 95
89 5
223 217
217 223
217 223
217 230
95 89
32 74
133 223
5 50
223 142
223 253
217 178
217 133
178 223
223 199
217 223
95 89
178 223
217 223
5 48
178 154
50 95
95 50
178 223
89 50
133 178
223 234
5 50
95 89
5 50
5 95
223 199
95 5
23 95
50 95
95 83
223 151
89 79
217 223
5 74
95 89
178 217
95 89
217 223
89 95
95 89
50 95
5 26
223 133
217 138
133 217
50 95
223 133
95 89
95 5
89 5
223 217
50 5
217 223
223 178
89 95
133 175
133 217
50 89
198 187
95 5
89 95
133 217
223 217
178 223
89 95
89 95
5 15
5 89
217 223
223 178
50 115
5 57
50 95
143 207
178 217
5 89
217 223
5 95
223 217
178 223
95 50
133 223
133 175
217 223
5 73
178 217
123 119
119 123
5 50
133 178
178 223
5 95
223 217
223 178
17 20
89 95
89 95
223 217
217 133
223 133
5 89
5 89
223 217
178 133
50 100
133 217
15 79
17 52
133 178
217 223
133 201
95 5
223 178
89 50
5 73
217 223
89 5
89 95
95 89
95 50
89 5
89 95
223 178
133 175
95 50
95 89
5 89
95 71
223 133
223 142
89 5
95 125
89 95
95 94
95 50
217 223
133 223
50 95
178 220
89 50
179 138
95 50
178 223
217 223
223 178
217 171
5 59
217 223
95 89
223 217
17 67
223 232
83 15
95 5
223 217
217 223
50 89
178 133
223 217
95 77
217 133
5 89
217 223
179 255
217 223
89 95
95 89
5 89
95 89
89 95
223 133
50 89
133 223
217 223
217 133
223 178
5 93
133 223
191 224
89 8
217 223
133 223
223 178
89 95
5 89
217 223
50 95
95 89
223 151
50 95
95 50
223 178
5 95
95 5
178 175
133 217
58 106
50 95
217 132
223 217
5 95
89 95
223 178
133 223
178 223
178 223
223 217
133 217
89 95
145 223
178 217
133 189
5 95
223 217
95 14
50 95
95 50
50 95
95 89
133 217
5 50
133 223
133 201
89 95
178 133
89 5
113 58
50 74
5 73
170 179
50 95
89 95
89 95
133 223
50 95
89 5
89 95
217 223
178 217
178 223
223 151
95 50
217 223
217 223
89 50
95 50
50 5
133 223
95 5
50 5
89 50
178 223
178 223
89 50
50 95
5 50
89 5
133 223
95 5
133 178
178 223
178 223
89 95
217 223
178 217
20 5
50 89
217 223
15 34
50 95
95 89
217 223
95 89
217 223
5 95
95 89
50 95
148 192
95 89
95 89
125 70
95 89
89 95
217 223
95 50
20 8
223 222
217 207
95 5
89 95
89 50
95 14
133 178
5 50
133 217
5 50
217 223
50 89
89 95
89 5
50 18
178 238
89 95
133 223
217 133
95 89
133 162
89 5
5 95
89 95
89 95
50 95
217 223
217 223
5 34
223 217
89 50
217 178
5 73
95 89
95 23
217 223
178 223
217 133
89 95
56 5
89 78
223 133
203 217
95 50
50 95
50 95
89 5
133 223
5 89
178 223
89 5
133 223
186 203
50 5
89 116
217 223
5 95
217 178
50 95
5 83
54 55
133 223
121 100
89 5
223 217
95 89
50 95
223 178
89 50
89 5
133 217
89 50
95 5
89 95
217 187
217 223
133 217
133 217
89 95
246 193
95 89
50 89
133 223
217 223
89 5
223 133
89 50
42 51
133 223
5 50
178 223
95 89
5 95
223 133
178 223
133 210
133 175
217 188
95 14
107 13
133 178
143 207
50 95
89 95
89 95
223 133
223 217
50 95
133 217
178 220
5 106
217 133
133 207
51 26
5 95
50 17
133 223
5 50
217 223
217 223
223 178
217 223
178 223
217 178
178 223
89 50
223 178
50 95
89 50
89 95
89 10
223 151
133 217
133 217
50 15
223 178
50 95
217 223
50 17
89 5
89 5
223 133
5 72
89 5
217 223
223 133
141 192
217 178
178 217
89 5
89 14
95 89
217 223
178 223
89 44
211 239
169 248
223 133
133 178
5 95
223 217
234 223
5 95
133 223
178 223
5 84
5 14
89 67
89 50
178 217
89 95
95 89
95 50
5 47
50 95
223 133
89 95
89 95
217 133
133 188
50 30
50 95
217 223
50 95
248 244
178 133
50 95
133 178
95 50
217 223
50 95
95 5
223 217
89 95
209 170
5 89
223 178
178 217
223 133
223 217
217 223
178 217
217 223
217 223
5 95
217 133
95 89
50 113
217 133
217 144
178 223
217 223
178 217
5 89
89 50
50 95
95 89
95 89
50 95
217 223
133 201
217 223
217 223
89 95
223 133
89 83
5 89
5 89
5 89
223 217
217 223
5 95
133 217
89 5
5 50
89 50
148 136
223 217
95 50
217 223
217 133
5 95
95 89
95 50
95 5
5 50
5 89
217 223
89 95
133 178
217 223
50 95
5 89
148 192
178 177
95 89
89 16
133 178
50 82
178 223
89 95
217 223
223 133
5 89
223 217
50 95
178 223
217 223
223 178
217 223
89 95
89 50
95 50
89 5
95 99
178 223
5 89
178 133
95 83
223 178
95 23
178 223
217 223
95 50
89 50
133 217
32 74
95 50
133 223
89 38
14 95
95 5
15 83
223 217
50 89
222 198
50 105
170 179
95 89
89 95
5 95
58 79
178 223
178 223
223 204
89 50
5 89
5 95
95 14
89 4
95 89
223 217
217 223
223 217
95 89
95 89
178 133
178 223
133 178
95 125
50 95
178 217
217 133
223 178
89 50
100 119
178 223
113 58
50 20
217 178
207 193
95 5
223 217
5 95
125 17
95 89
50 95
223 217
133 223
178 239
223 217
50 95
217 178
133 175
217 223
50 95
89 95
50 5
50 95
5 50
223 178
50 73
223 133
227 183
89 95
217 133
89 95
133 223
95 89
223 217
178 223
178 223
95 50
50 5
89 50
89 95
95 89
217 223
217 138
5 118
217 133
133 223
50 95
64 94
178 223
223 217
113 58
95 14
223 217
5 42
95 123
217 223
217 223
223 217
211 234
5 89
15 79
217 223
133 178
89 95
5 50
95 89
133 223
133 223
95 50
133 178
95 89
133 223
223 217
133 201
95 89
89 50
50 95
50 95
223 217
217 223
133 178
89 95
89 95
217 223
178 174
63 120
89 95
223 178
50 5
217 223
223 133
217 223
5 95
5 95
223 217
133 178
5 89
95 28
89 5
178 133
95 50
217 178
89 95
5 95
50 5
217 178
223 217
50 95
217 223
178 136
5 95
5 95
217 178
133 217
223 133
5 95
89 95
217 178
5 95
217 223
50 89
50 89
95 50
133 178
223 180
113 58
217 223
223 178
223 136
133 223
133 202
223 151
178 223
133 223
178 223
178 185
89 5
217 223
223 136
223 142
133 217
89 95
41 68
133 223
217 223
5 95
223 178
217 178
95 50
25 95
223 153
133 217
89 95
223 217
178 223
89 95
223 133
133 178
133 178
223 151
89 5
178 217
95 89
217 223
89 50
133 178
99 20
178 223
50 89
178 223
217 223
5 95
95 89
32 74
95 89
217 133
223 178
223 146
133 178
143 207
89 95
89 50
217 223
89 50
133 217
95 50
178 223
217 223
217 223
5 47
50 20
89 95
95 89
89 95
50 89
41 70
89 95
95 50
223 217
217 223
217 223
133 217
95 50
50 117
133 178
178 133
217 178
95 50
223 133
50 83
217 247
95 120
223 151
148 136
217 223
89 5
5 95
217 178
89 95
217 178
223 133
223 217
99 43
133 223
95 50
178 132
89 95
5 50
5 101
89 95
50 95
89 95
89 95
217 133
178 148
89 95
89 5
5 95
217 178
5 95
179 191
217 133
133 223
95 14
95 14
223 217
217 178
96 51
5 14
178 145
223 217
95 50
89 50
178 217
50 95
89 5
178 133
95 23
50 95
96 43
89 3
5 95
223 178
95 125
5 41
148 251
95 89
50 41
89 95
50 89
95 5
148 249
178 223
95 50
133 175
121 96
217 178
223 178
95 109
5 50
41 122
89 50
50 91
89 95
223 178
148 136
50 95
223 217
217 223
111 70
95 89
89 50
217 133
125 86
5 89
95 89
178 223
5 95
95 89
50 95
217 223
217 223
50 95
179 223
50 51
133 223
89 95
178 133
89 5
178 223
89 95
5 95
5 73
133 178
133 217
142 209
89 95
217 133
148 192
223 217
223 217
89 95
223 133
223 168
217 223
89 95
5 95
178 223
89 95
133 178
223 133
217 178
133 223
178 217
217 178
223 178
5 95
133 178
178 203
217 178
211 182
217 223
223 217
5 50
95 23
178 223
217 223
133 223
89 5
5 89
217 178
217 223
89 50
5 47
145 253
133 223
89 95
89 95
50 89
217 133
223 217
5 95
217 164
217 206
223 178
89 95
217 223
169 152
89 95
217 195
89 5
217 223
89 50
89 21
217 223
217 133
217 133
95 89
89 95
223 178
223 178
50 95
50 93
223 217
217 133
217 223
63 120
217 178
89 95
89 95
217 223
89 5
95 50
223 133
89 95
5 89
5 95
217 178
223 217
175 133
95 89
5 50
50 77
50 71
89 5
178 217
89 95
95 89
217 223
178 189
95 83
151 223
217 223
223 142
217 223
178 217
50 95
77 99
217 133
217 223
217 223
64 88
217 243
182 164
50 95
217 223
217 178
223 217
113 58
50 95
89 95
133 131
178 217
178 213
95 89
89 95
89 95
217 223
217 133
223 217
5 50
133 178
95 50
50 5
217 223
223 178
95 50
89 95
217 178
223 151
89 95
133 217
178 223
178 217
133 217
246 141
217 223
223 199
5 95
50 95
95 89
95 89
95 89
50 95
217 223
223 217
50 95
89 50
113 58
178 223
50 95
223 178
133 146
217 223
133 251
178 223
217 178
223 178
50 95
125 95
5 95
217 223
95 50
89 95
5 95
133 223
178 217
223 207
178 223
89 95
133 217
89 47
223 142
223 246
95 5
178 133
95 50
89 95
89 95
89 95
217 191
68 15
133 223
89 95
50 95
217 223
247 251
133 178
68 15
223 217
89 5
89 22
95 89
178 133
89 95
217 223
223 178
89 50
223 133
223 217
223 217
223 217
89 5
89 5
84 94
223 133
217 133
5 50
253 176
133 223
96 54
50 89
5 105
95 107
89 50
5 89
217 223
5 95
178 217
89 95
145 208
227 202
5 95
50 24
65 2
178 133
223 217
222 184
217 223
223 247
223 142
5 89
133 178
217 178
50 125
217 223
217 158
89 48
223 178
178 223
5 95
50 17
95 50
89 5
223 217
133 223
5 89
95 123
223 178
95 50
95 89
170 246
95 50
217 223
50 95
223 133
133 223
89 95
5 95
5 89
217 199
89 95
133 178
223 133
217 133
133 223
133 223
5 95
217 223
217 178
133 142
222 247
248 170
89 95
217 223
178 249
217 133
89 95
5 99
223 178
95 89
50 95
133 223
178 223
95 89
89 50
217 220
20 64
133 217
5 95
178 223
50 95
133 175
95 23
223 217
63 120
95 50
5 95
223 151
50 81
217 223
125 59
223 175
178 223
179 130
217 133
217 223
217 178
217 133
217 223
223 151
91 54
89 95
217 133
95 89
95 89
95 89
89 5
223 178
89 95
50 95
95 14
5 89
42 5
178 133
217 133
178 223
89 50
223 217
217 223
95 50
217 133
5 50
13 107
89 95
217 223
223 178
95 89
50 51
89 50
50 5
95 89
89 95
217 223
95 89
95 99
178 173
89 95
89 95
223 217
89 95
217 223
217 133
50 95
178 223
5 89
95 14
95 5
89 95
50 93
223 178
178 223
133 191
95 5
95 89
95 50
178 223
89 95
217 223
5 47
5 89
133 201
178 223
95 89
217 223
223 205
89 95
178 223
95 89
50 89
89 50
223 217
5 95
89 95
217 223
50 5
50 95
89 5
223 142
217 223
133 178
89 50
95 5
95 89
50 95
89 111
217 223
89 95
223 217
223 217
50 95
95 89
178 223
5 50
224 145
217 223
223 217
89 95
95 89
178 223
89 71
178 133
5 95
89 95
223 217
133 146
217 223
133 178
223 217
50 95
89 95
50 3
223 217
186 178
133 178
95 5
15 83
89 95
133 246
178 217
178 217
223 217
217 223
223 217
5 95
89 95
133 201
89 95
89 50
89 95
217 223
217 178
217 133
5 89
193 246
89 95
89 5
95 89
217 178
89 50
178 217
178 217
50 95
223 251
178 220
217 227
89 50
5 95
133 223
51 79
227 168
89 5
133 178
89 95
95 89
217 223
178 133
50 89
217 223
50 110
217 223
223 178
100 119
178 217
178 223
133 178
5 73
5 95
217 146
5 28
5 50
222 148
5 95
133 217
125 78
178 223
178 133
20 8
133 178
50 89
5 50
217 133
95 89
50 95
50 95
217 223
133 223
50 125
95 5
217 178
111 89
217 178
223 217
89 95
133 223
5 89
217 178
178 223
5 50
178 223
89 73
217 223
178 129
89 67
178 217
50 95
133 223
178 217
133 223
217 223
217 223
133 223
95 50
223 205
223 217
133 223
95 89
252 223
95 5
217 251
217 223
89 95
217 178
217 223
89 95
89 95
217 223
217 223
50 89
182 225
89 5
95 14
217 223
50 95
223 151
245 178
5 89
178 217
217 223
95 50
217 133
89 95
133 178
113 58
50 89
5 100
89 95
209 192
217 223
223 217
178 217
217 178
223 151
5 95
89 95
223 133
5 89
95 50
178 217
223 217
89 5
89 5
133 217
178 133
217 133
50 18
178 129
217 223
89 115
50 95
89 95
5 89
89 23
217 223
89 95
95 50
89 50
217 133
223 217
50 95
89 95
223 217
217 133
133 217
223 253
223 133
95 89
133 223
94 20
182 245
217 133
89 95
95 23
50 95
95 89
223 199
223 178
143 211
217 223
5 89
95 6
178 223
95 89
89 95
191 170
5 95
217 182
133 223
133 217
95 89
50 95
133 223
89 95
133 223
95 50
89 5
5 95
95 89
217 178
217 220
223 136
50 95
178 243
227 208
5 95
223 133
178 217
89 50
223 178
217 178
95 89
95 5
223 178
89 95
89 95
95 43
95 50
217 223
118 42
217 223
217 223
5 2
217 194
194 223
5 83
89 5
223 178
95 5
196 169
50 95
89 95
5 95
223 133
5 95
217 243
178 133
95 89
95 14
95 89
5 73
100 119
5 89
5 50
217 223
63 96
133 223
89 50
133 201
89 95
50 95
89 5
162 239
217 223
223 178
217 223
89 5
95 5
5 39
223 178
223 217
217 178
223 133
50 95
5 122
5 50
89 95
178 223
217 178
217 133
223 133
89 50
133 148
89 95
95 94
178 223
95 23
217 133
95 50
95 23
95 5
95 50
217 223
223 217
5 50
211 217
89 95
95 5
223 178
133 217
89 50
50 97
113 58
64 98
217 223
95 50
89 95
217 178
178 223
217 133
178 223
95 50
95 89
133 175
186 241
133 178
217 223
50 5
95 89
50 95
169 156
89 95
223 178
223 217
133 223
217 223
89 95
133 201
95 5
217 169
95 89
223 178
198 170
223 217
50 46
178 217
5 89
89 95
95 89
50 95
95 89
133 223
217 223
223 217
89 95
217 223
223 151
178 133
223 217
95 89
223 178
133 217
95 89
89 50
178 223
217 133
95 50
217 223
5 95
133 217
223 217
50 95
178 217
133 217
89 95
178 223
95 89
239 198
5 89
51 97
5 95
217 223
95 89
217 133
223 178
217 223
217 223
5 50
89 5
50 89
89 95
178 217
217 223
223 142
217 223
133 223
50 84
223 217
223 178
20 123
50 5
89 5
223 217
5 95
95 89
223 178
89 95
89 95
217 178
95 50
217 178
5 95
217 223
5 95
217 178
223 217
178 223
5 95
217 178
95 89
5 95
89 95
5 95
95 5
178 133
133 201
5 89
223 217
178 217
217 223
95 50
179 237
50 16
178 217
89 95
217 223
223 250
223 178
217 178
223 178
89 95
89 95
5 89
50 43
223 178
217 178
89 95
133 246
249 162
89 95
89 95
178 223
89 95
89 95
217 223
133 217
89 95
217 133
50 89
217 178
95 89
89 95
217 223
223 178
217 133
217 133
178 223
121 77
95 5
133 223
5 95
89 95
133 223
95 89
89 95
50 95
133 217
5 47
217 223
95 5
223 178
217 178
133 223
133 223
89 95
95 50
95 89
217 178
50 95
5 73
47 122
133 217
178 223
133 223
178 246
5 50
133 178
5 95
95 18
89 95
217 223
217 223
95 50
5 15
217 133
50 5
223 178
223 178
5 95
133 217
141 192
89 5
178 133
133 178
5 95
217 178
50 5
50 95
5 95
107 13
5 89
89 23
5 59
178 217
89 50
50 95
223 178
217 133
95 50
89 95
89 5
133 178
89 95
89 95
178 217
223 217
89 47
133 217
223 178
95 89
95 89
107 100
223 217
89 50
178 223
170 179
50 95
217 223
133 223
217 178
50 60
217 223
191 248
5 95
5 73
133 223
95 50
143 207
89 50
50 5
217 223
133 178
5 95
217 178
223 217
95 50
89 95
222 178
224 211
95 50
217 178
95 89
178 223
217 180
178 217
241 186
95 89
89 95
217 133
95 89
133 223
5 50
217 133
95 20
223 142
133 178
217 223
89 95
217 223
223 157
133 223
95 89
217 223
5 102
50 95
95 50
95 50
50 41
50 95
223 133
50 95
5 50
8 64
95 89
95 89
89 95
223 178
95 5
95 5
133 223
133 217
223 217
95 89
50 5
246 170
5 89
89 95
246 141
178 217
50 95
217 223
133 223
89 95
169 241
217 148
89 5
223 142
133 223
50 95
81 13
217 223
5 95
118 42
5 95
178 133
178 217
223 217
223 217
89 95
178 223
89 115
89 5
196 143
5 95
178 223
5 89
133 223
178 223
89 95
217 223
223 133
89 95
223 217
178 133
5 95
50 89
217 178
246 193
89 95
89 95
178 133
5 50
50 95
5 89
178 223
217 223
89 5
89 95
133 223
89 95
217 223
50 85
5 95
223 217
89 50
223 151
178 217
223 217
133 223
223 217
223 133
50 95
217 178
95 5
5 95
95 5
5 95
50 58
133 217
133 217
50 95
223 217
89 95
95 5
178 217
50 95
178 223
5 95
186 241
133 223
217 178
223 178
50 116
217 230
95 115
179 170
95 50
178 217
223 142
5 95
178 202
50 95
217 178
89 95
191 224
217 223
223 133
89 95
63 96
95 89
217 223
89 50
133 178
178 133
178 223
89 5
89 95
5 58
89 5
217 178
223 217
95 50
95 89
217 133
217 223
217 223
223 133
89 95
223 142
178 217
95 66
95 52
89 95
89 95
217 178
50 95
50 95
95 89
241 187
217 223
223 217
178 217
50 5
50 89
178 223
95 71
89 95
50 95
89 95
50 95
5 89
241 186
50 89
5 45
89 50
95 89
223 178
224 210
217 223
133 223
217 223
217 223
217 175
178 133
89 50
223 217
217 178
217 178
133 217
223 217
223 133
183 223
5 47
50 95
89 95
51 22
133 178
50 95
95 89
217 223
217 223
50 95
223 217
5 73
5 17
50 95
89 50
241 253
133 223
89 95
223 178
217 223
89 50
5 95
133 223
50 95
95 50
153 202
5 95
5 95
50 95
133 223
217 156
178 169
5 50
133 223
217 223
217 148
89 5
95 122
223 133
89 5
133 217
223 178
178 223
50 89
143 162
5 95
5 89
95 23
133 223
217 223
50 95
217 178
217 178
217 178
50 95
50 95
223 133
223 133
95 89
89 95
5 50
217 223
125 99
95 89
217 133
89 95
178 192
50 95
223 133
89 5
95 89
50 5
89 95
217 158
178 223
223 178
217 178
50 95
95 5
178 223
89 95
5 95
178 173
89 50
95 50
133 178
89 5
50 95
95 50
217 178
223 217
133 223
89 95
133 243
223 178
89 50
223 217
223 151
217 223
89 95
133 210
217 131
89 50
217 178
223 178
217 223
133 178
249 219
89 95
95 50
5 47
223 133
95 89
169 252
217 178
169 198
217 223
50 89
217 223
178 223
133 201
5 95
95 89
217 133
133 201
217 178
178 223
5 95
5 89
50 95
50 95
223 217
50 89
89 95
95 50
211 133
217 133
217 247
217 178
95 89
64 83
178 189
89 5
142 209
217 133
50 95
95 50
223 178
217 171
178 217
5 95
178 205
178 133
217 133
95 50
50 95
178 223
217 223
223 217
133 201
5 58
89 50
89 50
95 89
23 95
89 95
133 223
223 129
5 50
133 178
95 89
95 50
178 223
89 95
50 95
5 50
133 178
50 95
95 89
95 5
223 178
50 89
68 15
95 89
5 95
223 205
217 133
89 95
217 223
217 223
50 5
133 223
50 95
50 59
223 133
89 95
50 89
223 133
178 223
217 223
5 47
96 63
178 223
63 120
89 95
89 95
217 223
5 89
143 162
223 217
223 217
217 223
95 5
89 5
50 95
50 95
217 223
125 47
217 223
50 95
89 95
95 89
50 95
133 178
64 5
89 95
178 223
89 95
217 223
50 5
217 178
95 56
95 89
89 95
223 217
178 217
89 95
178 223
182 234
178 223
223 217
182 248
223 216
89 95
133 223
217 223
89 95
217 223
50 95
223 217
133 178
223 133
217 133
99 1
217 223
95 89
8 94
95 89
217 178
217 223
133 223
95 89
223 178
50 118
50 9
217 178
95 5
95 14
95 89
89 95
223 178
95 50
5 50
89 95
223 217
178 133
217 178
133 223
217 178
133 223
217 223
253 201
50 95
95 89
178 223
223 188
89 95
89 5
95 89
5 95
5 73
178 133
5 50
111 70
95 89
178 133
223 217
5 95
223 208
217 223
89 95
89 5
50 95
217 223
133 217
217 223
50 5
95 5
223 178
50 89
50 95
5 89
217 223
133 223
217 223
133 217
89 95
170 223
5 47
5 89
89 50
143 162
160 202
217 223
89 95
34 65
178 223
50 95
89 20
5 89
5 89
217 208
178 223
125 5
5 95
89 95
217 223
5 89
217 223
50 47
89 95
217 206
217 223
223 187
207 182
99 24
223 178
5 95
121 43
5 113
217 223
5 95
89 95
217 178
178 223
223 128
223 238
217 223
50 5
223 133
95 10
89 95
178 220
95 31
89 95
89 5
5 89
217 133
5 95
95 89
89 95
89 50
89 95
217 223
178 235
5 95
178 223
178 223
5 50
89 95
68 41
223 217
178 217
95 89
89 50
89 95
5 89
178 133
133 223
5 50
95 89
89 115
89 5
95 89
217 223
95 50
133 223
217 133
50 95
133 223
89 95
178 133
223 133
217 223
89 95
133 223
95 71
217 223
95 89
217 178
217 223
95 84
89 95
95 14
178 145
89 95
133 217
95 109
50 95
89 95
178 133
5 50
178 145
217 223
178 223
217 223
178 223
223 133
95 89
89 54
223 133
217 223
178 145
223 217
89 50
178 223
58 113
223 217
217 133
223 178
223 217
50 95
178 217
5 95
223 133
217 223
50 95
223 217
89 95
133 223
50 95
5 89
89 95
89 95
5 107
50 95
223 217
89 95
5 47
133 217
223 217
95 5
178 217
170 222
217 223
223 209
192 150
178 223
223 148
50 89
113 58
89 95
89 5
95 50
50 5
223 217
95 5
95 77
217 178
241 186
175 183
89 95
15 83
178 219
178 223
178 141
217 133
133 217
95 89
113 58
223 217
133 223
5 50
5 50
89 123
89 50
251 133
223 217
95 50
95 89
89 5
186 205
241 186
178 217
50 89
50 95
223 178
217 223
89 50
5 95
133 223
217 158
5 73
217 178
223 133
253 192
133 223
95 50
133 217
95 89
95 5
178 133
178 223
133 243
223 217
89 95
50 95
89 50
223 217
133 217
89 5
178 133
89 95
41 109
50 89
133 223
133 217
5 99
89 46
95 5
118 65
95 89
5 89
50 5
50 89
178 246
5 107
5 50
217 133
89 5
89 95
50 89
5 73
217 178
89 50
178 223
95 89
95 5
17 74
223 217
133 217
223 217
89 95
89 95
5 95
217 223
5 95
50 95
89 95
217 223
89 95
95 97
95 5
223 151
89 95
95 5
223 217
223 142
20 64
223 217
223 178
95 50
217 223
211 234
95 5
133 178
89 50
133 178
95 50
95 5
178 223
217 223
133 178
5 83
217 223
95 5
89 95
95 89
223 217
5 95
217 223
89 95
223 248
133 217
125 5
133 223
95 50
241 186
89 50
89 95
20 8
182 252
95 50
223 133
95 89
95 14
133 178
217 223
50 95
50 89
89 95
94 117
133 201
5 89
89 95
223 217
50 89
89 95
50 95
217 190
191 248
95 41
5 50
95 50
178 223
5 8
95 50
133 182
5 95
5 89
89 5
89 50
50 95
223 178
95 50
217 223
178 133
178 133
133 178
178 233
217 178
5 50
178 223
217 223
133 217
179 144
118 65
217 223
89 95
50 95
217 133
5 95
89 50
89 95
89 45
17 95
217 223
217 223
64 13
217 223
133 217
95 110
133 217
217 223
223 133
89 95
50 95
217 178
1 89
241 186
95 50
95 50
249 161
178 217
223 151
5 20
95 89
95 89
5 95
217 178
217 178
89 50
95 89
89 50
95 5
50 95
89 95
178 223
5 95
50 89
133 217
217 133
223 151
64 9
5 95
63 120
217 223
217 133
217 178
50 95
5 95
89 5
223 217
217 178
89 95
223 178
217 133
5 50
133 175
95 89
5 95
223 217
95 89
118 13
223 133
217 223
47 98
133 223
17 5
223 217
5 95
217 223
5 95
5 89
217 178
95 89
50 89
89 95
5 50
17 125
223 178
89 95
5 47
50 95
89 50
133 223
50 95
217 223
133 223
133 217
50 51
178 223
217 223
217 223
178 223
5 95
239 170
50 92
95 89
145 223
217 223
217 223
217 246
89 95
5 14
95 89
89 95
217 178
223 199
125 110
217 223
89 50
95 82
223 217
133 223
223 178
178 217
89 5
179 190
223 217
228 179
89 95
89 5
217 223
178 223
5 89
133 223
95 89
50 95
5 50
178 170
178 234
217 223
50 95
217 223
178 223
89 5
178 223
50 95
133 223
178 223
223 133
5 95
50 47
50 12
217 178
5 95
95 89
133 178
133 223
89 95
223 217
178 133
223 133
95 89
5 95
178 167
95 50
217 223
223 133
89 95
5 89
133 217
223 158
95 29
89 95
89 95
89 95
223 133
133 178
217 223
125 98
223 133
95 5
89 95
89 107
95 89
95 89
133 201
89 50
5 50
5 89
89 95
217 178
217 133
217 233
133 223
217 223
217 223
143 162
50 95
223 217
133 178
89 95
89 50
50 5
95 89
223 217
95 5
89 95
125 95
178 223
217 223
5 95
95 14
89 95
89 50
95 50
96 63
50 95
217 178
217 224
217 223
95 23
223 245
89 50
5 89
89 95
95 5
178 133
89 5
223 166
95 89
95 50
178 133
178 217
50 54
217 223
239 170
17 117
223 217
89 82
50 89
5 89
5 95
217 223
178 133
223 178
89 95
54 50
178 223
89 5
95 89
217 178
133 178
217 133
89 5
223 251
223 178
89 50
217 178
5 95
223 178
5 89
113 58
223 217
223 178
228 247
217 223
223 178
89 50
95 89
89 50
50 89
5 50
133 223
133 223
95 89
89 92
5 50
223 178
217 223
133 217
89 95
133 223
223 133
170 133
133 223
95 89
178 245
95 5
5 95
89 95
133 157
95 93
89 5
89 95
223 217
54 25
217 223
133 178
217 133
133 223
95 89
133 178
223 229
178 156
223 217
217 223
217 178
50 95
50 95
133 175
178 217
89 95
50 89
5 95
217 223
95 50
178 223
5 89
178 223
95 23
89 50
224 207
217 133
89 95
217 223
89 5
133 217
89 20
217 133
89 50
95 23
223 142
89 50
5 89
178 133
170 179
223 178
217 133
223 178
89 95
51 111
50 120
182 163
5 89
217 178
50 95
5 89
5 89
217 223
89 95
89 56
217 223
217 178
50 89
50 95
217 210
89 95
143 162
133 178
133 217
89 50
5 89
223 217
95 89
133 217
223 178
107 13
50 5
217 178
95 89
50 89
89 15
89 14
50 95
95 5
223 217
95 89
217 201
133 178
5 95
121 56
89 95
223 133
133 217
223 133
95 50
50 95
178 223
89 50
5 95
5 50
50 95
133 223
217 223
89 5
223 142
217 178
133 223
89 95
133 223
228 182
89 95
50 85
223 217
89 95
133 178
178 223
89 95
50 38
217 178
246 170
51 12
133 217
5 50
133 182
223 217
133 177
89 26
223 217
89 50
133 224
217 223
89 95
217 223
217 178
223 178
223 133
133 223
217 133
89 95
89 95
89 95
217 223
133 223
223 133
95 38
89 50
133 250
217 223
5 50
99 19
223 178
5 50
217 223
223 217
95 89
133 178
133 178
178 223
95 50
178 223
133 223
192 140
50 95
89 95
217 223
50 5
89 95
133 223
89 5
179 170
217 223
223 217
89 59
223 217
217 223
178 201
50 95
95 50
50 98
5 34
223 217
50 89
95 89
89 50
133 223
217 133
178 223
89 95
89 95
89 5
223 178
217 223
217 222
5 47
193 162
217 223
178 133
133 223
246 170
50 95
178 223
178 223
133 217
50 95
191 207
133 178
95 50
89 5
5 95
217 176
20 64
178 223
217 223
223 217
5 95
5 1
89 14
217 223
95 113
133 223
50 95
178 172
217 223
89 81
223 217
217 133
95 89
5 89
223 151
223 151
5 50
5 47
217 178
178 223
50 107
178 214
217 133
249 211
217 223
223 178
5 95
5 89
223 217
217 156
50 122
95 5
5 95
95 89
95 89
217 223
178 223
113 58
251 247
217 223
133 217
133 217
223 217
89 95
217 133
217 192
5 50
223 178
89 95
223 217
217 223
89 121
89 5
178 223
89 95
50 5
217 223
50 100
5 50
95 5
223 133
148 136
95 50
223 180
133 217
217 223
50 95
223 178
217 223
196 143
223 178
5 95
89 5
217 223
217 223
50 17
111 70
100 119
95 5
89 47
133 223
95 89
89 95
223 217
223 217
42 98
223 217
223 133
178 199
89 95
178 133
89 95
95 89
89 95
50 89
5 73
50 89
133 223
217 223
50 95
217 223
133 223
226 179
223 199
223 178
178 217
178 223
89 95
223 251
50 5
133 223
89 95
17 80
5 89
89 95
50 95
89 95
50 5
178 133
217 223
15 34
217 178
50 95
50 95
178 223
50 5
89 95
50 83
5 47
133 178
217 223
217 223
223 217
217 223
178 133
178 223
133 223
89 95
89 95
50 95
217 223
89 95
94 106
100 119
217 223
223 180
50 95
89 5
223 178
50 5
133 178
241 186
217 223
95 89
89 95
133 223
217 246
95 89
133 217
5 73
133 217
223 217
5 95
178 223
133 148
89 5
89 97
133 250
133 217
95 89
5 89
89 50
95 89
223 133
89 95
223 178
133 175
95 89
95 50
89 68
133 178
178 166
50 48
133 175
89 95
89 5
25 100
217 178
88 51
95 89
217 184
95 50
89 95
223 178
5 89
217 223
5 89
5 50
89 122
95 50
223 178
133 217
5 95
50 95
217 223
50 0
5 89
133 178
50 95
178 223
95 5
217 223
89 95
133 223
95 89
50 5
89 5
95 89
5 95
89 50
89 95
20 8
178 217
50 95
224 239
95 123
89 123
223 178
178 217
178 223
89 5
65 58
89 50
89 95
89 14
217 243
223 217
178 223
50 5
217 178
5 50
223 217
89 95
217 223
89 95
95 5
5 95
89 5
95 89
223 133
89 5
95 50
5 17
89 5
5 89
5 89
217 178
89 50
50 89
196 143
223 142
223 178
133 217
95 14
143 207
54 50
223 178
223 178
133 217
217 223
41 0
178 217
50 95
217 185
223 133
5 95
217 178
178 223
223 133
178 223
133 223
50 95
217 133
223 151
223 217
223 178
5 89
89 50
217 133
95 5
178 217
246 193
95 5
223 133
50 96
133 132
178 217
133 223
217 133
125 70
133 223
133 217
223 217
50 22
5 89
133 223
133 223
95 14
89 95
223 217
217 133
211 246
217 223
178 223
95 8
5 95
50 95
95 5
89 57
89 50
178 217
5 50
228 247
223 133
217 133
89 95
64 53
50 115
89 95
178 217
89 50
217 223
95 50
95 5
178 223
249 160
133 223
95 50
217 223
5 95
89 95
217 223
217 133
95 50
15 79
89 95
148 136
133 217
217 167
178 133
95 89
5 47
223 178
89 95
223 178
223 133
5 50
5 93
133 217
5 95
217 223
217 223
5 47
133 223
133 178
133 223
178 223
50 89
223 217
50 95
133 223
89 95
207 182
89 10
89 95
133 178
217 223
217 223
50 5
217 178
217 223
133 223
95 14
142 209
217 223
241 186
217 223
143 211
95 50
217 133
223 142
89 95
89 95
95 50
95 89
95 14
178 223
217 223
178 133
133 217
217 133
89 95
89 95
5 50
100 119
89 50
223 133
5 95
178 191
5 89
178 223
217 223
5 50
133 217
89 95
5 47
95 50
133 178
5 95
121 46
178 223
191 207
89 50
222 148
178 133
133 217
223 217
5 50
64 83
133 223
133 223
223 217
89 95
95 30
217 223
217 223
15 83
89 95
5 95
133 178
5 89
217 178
223 133
89 95
5 95
253 133
133 201
50 44
95 50
223 217
223 151
5 95
15 83
222 219
95 5
5 89
217 223
89 95
50 95
50 89
191 207
244 223
5 95
95 89
148 136
89 95
5 50
95 5
178 133
133 201
223 217
133 223
89 5
95 50
133 217
118 13
89 50
5 89
223 217
20 95
223 133
223 217
89 95
178 223
133 175
223 217
133 217
217 205
217 223
89 95
89 50
133 217
95 89
95 5
17 86
223 217
95 89
217 223
217 223
217 133
50 83
89 50
178 217
148 136
89 95
217 223
95 50
182 207
178 175
95 89
89 95
223 133
217 201
217 133
5 95
50 89
5 50
95 89
50 95
217 223
178 133
89 5
95 89
178 133
89 50
223 178
223 217
217 223
89 39
89 95
95 5
95 89
95 5
217 178
217 178
217 223
51 80
223 217
217 223
217 133
89 95
5 59
178 223
89 50
178 217
89 95
95 5
89 95
50 89
95 89
178 223
133 201
133 217
89 95
50 95
217 223
50 5
5 73
217 223
5 95
89 50
133 223
133 217
133 178
95 50
89 95
178 223
89 50
223 178
133 217
217 178
223 217
89 50
89 95
95 50
178 217
95 89
95 5
5 89
217 223
89 95
217 133
178 222
89 107
50 95
89 50
5 50
223 217
68 15
223 154
5 89
178 217
89 95
50 44
223 133
217 133
89 95
227 132
95 5
95 5
5 95
223 133
217 223
223 217
50 53
217 223
89 95
95 50
5 95
89 50
133 217
89 95
217 223
133 223
178 133
223 211
50 5
89 95
89 95
5 89
217 223
145 223
223 217
95 89
223 217
89 5
89 95
89 95
217 133
50 95
95 59
133 223
89 50
5 89
133 175
5 60
51 113
223 217
223 217
217 223
223 178
217 223
95 50
95 89
217 223
5 47
133 217
217 223
5 95
89 50
223 217
235 141
133 223
89 95
95 5
217 178
50 95
217 133
178 133
89 95
95 14
50 89
217 223
50 95
5 89
95 122
223 217
125 98
217 223
50 95
133 244
133 178
5 50
178 223
223 133
217 178
217 178
133 178
50 5
50 95
50 95
223 178
50 95
89 95
133 178
217 223
133 223
89 50
223 178
95 50
133 175
133 223
217 223
89 5
222 129
133 223
178 223
223 217
50 89
5 95
50 95
5 107
223 178
217 223
50 85
223 133
95 89
223 217
50 89
50 95
50 95
54 50
133 178
178 217
95 50
133 217
5 50
89 5
178 223
178 133
50 5
50 95
223 217
217 223
227 202
5 95
217 223
223 133
133 246
95 50
217 178
89 95
178 217
223 178
5 89
89 95
223 217
217 235
54 107
178 133
223 178
223 133
223 178
89 95
178 223
89 95
133 217
95 50
5 50
223 178
217 223
50 95
5 47
34 111
50 95
5 89
178 199
133 178
50 89
89 50
5 89
95 89
5 89
178 223
133 223
95 89
133 217
89 95
178 223
178 217
217 223
217 178
95 50
223 217
133 178
95 50
89 50
50 95
51 25
223 217
178 223
223 217
89 95
89 95
104 54
217 178
178 183
217 178
95 89
133 223
217 223
178 133
89 95
89 5
70 5
217 223
95 39
89 95
217 133
5 119
217 178
89 95
50 89
51 42
89 95
223 217
95 29
178 223
223 217
217 223
133 223
217 178
89 5
50 95
223 237
223 178
217 223
223 133
95 89
50 5
178 199
133 217
89 50
89 50
89 95
5 95
5 100
95 5
50 95
217 223
89 95
89 50
223 217
217 133
95 5
178 223
95 117
89 50
113 58
223 176
5 95
5 20
223 133
223 142
50 20
89 95
89 95
89 95
133 178
241 250
217 178
95 89
223 142
89 95
133 217
95 89
170 205
50 95
5 89
223 178
217 223
50 5
181 178
5 95
217 223
5 50
89 95
223 142
133 217
50 95
15 34
89 95
217 223
100 119
178 217
95 50
89 95
133 223
95 50
95 5
50 89
196 143
50 95
211 169
89 95
217 223
50 95
148 136
178 210
5 95
65 99
50 89
95 50
247 148
178 243
133 217
217 223
89 50
223 221
50 89
5 89
217 223
89 95
145 181
217 223
95 50
50 73
89 95
184 133
217 178
133 178
5 50
50 95
5 50
178 217
133 217
133 217
217 246
95 50
217 178
217 223
223 178
241 186
133 217
217 133
223 217
95 5
217 223
223 217
217 178
63 96
178 217
217 223
95 89
217 223
89 95
41 68
99 120
223 217
5 51
178 223
15 83
178 223
89 95
5 95
50 89
5 89
178 133
170 179
223 217
217 178
125 39
5 47
5 50
223 133
217 133
133 162
95 5
89 95
5 95
133 178
95 89
217 223
223 217
89 50
133 223
89 50
133 217
223 217
95 23
217 133
178 223
133 151
133 223
217 223
95 89
133 199
89 95
89 95
133 223
217 223
5 89
95 89
15 34
50 95
179 192
95 23
50 89
95 89
5 95
217 133
89 50
42 51
95 14
95 89
133 178
89 95
89 5
133 201
133 223
223 237
223 142
133 223
95 5
89 95
217 138
223 217
89 113
89 95
178 217
217 223
50 95
223 133
5 89
50 89
223 217
50 39
5 89
95 89
192 141
95 89
217 223
89 95
133 223
178 223
178 223
133 199
89 95
223 217
5 95
5 95
223 178
89 50
95 50
95 5
25 106
89 95
145 253
50 89
5 95
217 223
223 217
223 178
89 50
223 178
228 247
17 125
178 223
95 89
5 89
54 24
95 89
133 223
89 95
50 95
133 223
223 178
50 89
217 223
89 95
89 95
178 133
5 89
89 95
89 5
89 95
95 50
5 89
217 223
89 5
50 95
5 50
50 5
5 50
223 178
223 217
89 5
217 133
5 50
5 95
192 219
217 223
95 5
89 95
89 50
217 133
223 151
89 95
143 162
223 156
217 133
133 175
217 223
223 217
50 95
223 148
95 89
89 50
89 50
178 217
217 223
133 223
89 95
89 95
217 223
223 133
89 95
5 50
178 211
89 95
95 89
217 223
133 223
5 89
223 217
80 5
223 178
223 133
223 217
178 223
191 217
217 223
133 178
178 223
133 178
178 223
89 50
133 217
223 133
95 50
178 223
217 178
5 50
89 95
89 95
5 23
145 224
223 133
178 183
178 223
89 50
133 217
89 95
133 223
133 223
133 178
179 145
95 89
133 223
95 5
89 95
178 249
217 223
5 95
178 217
5 95
17 4
178 223
89 50
95 89
217 223
95 79
50 72
89 95
223 178
95 5
223 133
178 133
223 217
5 50
50 89
50 95
89 50
50 95
89 95
89 95
5 95
89 95
178 223
5 50
95 50
223 142
63 79
89 95
50 95
133 201
89 95
217 223
223 133
50 5
95 89
95 89
89 50
133 178
223 217
64 71
50 89
178 223
217 178
5 95
217 223
133 217
217 178
5 95
223 217
89 95
223 217
95 94
50 95
182 174
89 95
133 223
178 223
217 223
5 89
178 133
246 170
89 50
133 223
89 85
5 95
217 178
178 223
5 95
89 30
5 95
217 178
133 223
133 217
89 95
72 41
217 223
133 223
95 89
223 133
217 223
217 223
223 145
50 95
217 178
89 95
5 20
50 89
133 175
133 223
223 142
95 50
5 17
89 97
133 223
223 217
89 50
133 223
178 217
223 178
15 79
95 102
178 223
217 223
5 20
95 5
89 5
228 142
5 89
89 50
217 133
223 217
5 95
5 89
217 223
178 223
64 83
95 50
95 89
133 178
50 5
5 95
223 217
50 95
217 245
89 39
223 133
178 217
178 133
217 133
95 50
217 223
217 133
217 223
50 5
95 89
5 45
239 211
95 89
133 178
95 89
95 89
223 217
89 95
50 110
89 95
223 217
223 217
5 89
217 178
217 223
223 217
125 6
217 223
89 95
89 95
50 5
133 223
217 223
217 133
217 133
95 14
217 178
217 223
217 223
89 5
50 100
223 178
95 84
14 81
50 89
228 247
89 95
223 217
217 251
20 64
89 95
95 14
217 223
95 65
133 217
25 95
95 89
95 5
42 89
223 133
133 223
223 133
95 23
217 223
95 89
217 178
217 223
224 227
5 115
89 95
89 95
95 50
133 223
241 186
15 83
89 95
95 50
217 223
50 95
223 142
95 89
133 178
217 178
89 95
217 223
5 89
89 95
95 89
95 89
89 5
89 50
223 178
95 5
133 178
95 50
89 95
50 71
95 89
178 217
5 79
222 179
178 223
217 223
5 50
95 5
5 50
95 89
217 223
89 95
95 5
223 217
95 89
217 178
89 95
223 178
5 50
89 95
217 223
223 217
95 89
95 5
50 95
223 133
5 89
118 65
133 217
223 133
113 58
133 223
217 223
179 141
223 133
178 217
89 106
95 5
217 223
5 89
133 178
89 5
95 5
178 188
223 146
5 50
223 133
223 217
217 178
223 217
217 223
5 95
178 142
95 89
50 89
13 107
133 217
50 89
95 89
50 95
160 202
89 95
223 196
89 95
5 95
142 209
95 50
217 178
217 223
178 223
89 95
217 178
5 89
5 89
17 125
5 95
133 223
95 89
89 95
95 5
217 223
223 178
223 178
133 223
5 95
178 217
5 50
223 128
133 199
178 223
95 120
99 58
89 95
217 133
133 178
178 223
178 217
50 95
50 95
223 133
217 223
50 95
133 206
217 178
50 5
95 89
223 217
178 223
5 94
118 65
89 95
223 217
89 95
89 50
50 5
178 240
189 178
89 95
5 95
89 5
217 223
89 5
223 178
178 223
95 5
223 217
95 89
89 50
50 95
95 50
5 89
217 223
217 133
198 234
223 217
217 223
217 223
89 50
178 223
133 223
125 7
20 8
5 50
133 217
178 225
217 223
217 133
223 133
217 133
50 95
5 73
133 223
217 223
223 217
95 50
89 5
5 95
217 178
223 133
133 178
217 223
89 95
95 14
95 5
223 133
133 178
17 80
223 145
89 95
95 50
89 50
217 223
223 178
217 133
89 50
5 50
223 133
217 223
178 223
133 228
178 223
217 223
182 193
223 142
50 89
95 50
133 186
178 249
89 95
95 89
223 243
15 23
50 89
223 142
178 223
217 133
5 95
89 50
95 89
223 217
223 217
178 133
95 5
89 95
223 151
217 223
178 223
178 217
217 133
89 50
89 50
89 5
178 223
95 5
113 58
5 73
50 59
95 50
50 95
217 223
217 133
89 95
5 50
5 50
133 178
133 241
133 223
5 89
217 223
89 5
217 223
89 50
5 95
95 89
178 145
223 217
223 178
178 217
169 140
133 223
178 223
217 133
89 50
5 65
223 217
248 244
133 217
253 226
125 98
50 5
95 50
50 55
5 95
178 223
89 50
217 223
223 133
89 95
223 217
234 226
143 211
95 89
95 89
5 50
217 223
5 89
42 81
5 89
217 223
223 217
223 217
133 223
217 178
50 95
178 133
217 178
89 114
95 50
223 217
20 8
50 95
217 223
95 89
217 223
89 95
95 75
95 5
178 223
89 95
178 223
95 5
133 223
89 95
133 217
223 166
178 133
178 223
217 178
89 95
223 133
223 178
223 217
51 42
89 50
5 95
89 95
5 95
178 223
217 133
223 217
223 217
217 223
5 95
217 178
5 95
89 70
5 89
89 50
217 223
50 5
133 151
96 119
5 95
5 95
95 89
223 217
133 199
95 89
89 95
133 223
217 133
95 5
133 223
228 247
5 95
20 8
222 183
217 223
95 89
223 217
95 89
217 178
178 251
223 178
223 178
5 73
217 166
133 201
223 178
89 95
95 89
169 151
223 178
95 89
217 223
133 178
178 223
95 5
89 95
89 50
133 230
217 223
217 223
51 56
50 95
5 95
50 95
95 89
133 217
95 50
89 95
89 5
133 223
95 5
89 95
95 89
217 223
223 178
5 89
95 20
217 223
178 223
89 5
217 170
223 178
89 5
178 223
5 89
217 133
223 178
223 217
143 207
223 133
223 178
217 223
89 95
89 50
5 89
89 95
178 221
223 217
223 133
223 151
89 95
223 217
133 178
15 83
217 223
133 208
133 178
50 95
217 132
133 223
133 223
121 117
5 50
133 168
5 89
133 178
217 178
95 89
89 95
63 120
89 95
133 223
95 14
50 95
178 223
50 101
95 89
89 95
50 95
123 119
133 223
95 89
217 133
5 73
178 133
5 89
89 120
51 43
95 5
95 89
178 136
95 50
217 178
217 223
5 121
178 223
89 95
5 95
50 89
50 95
123 119
43 50
133 205
89 95
95 89
95 89
217 223
95 115
178 223
223 217
89 50
95 89
89 5
217 196
217 223
89 95
178 223
217 223
95 50
217 223
178 217
223 217
89 95
217 223
223 133
178 223
95 89
198 170
223 178
64 110
178 227
89 5
133 217
222 198
217 178
217 205
50 95
5 95
5 89
50 95
148 192
89 95
178 133
223 217
217 210
89 95
217 223
178 217
95 89
95 50
89 50
217 146
178 133
50 89
75 95
89 50
223 217
89 95
223 217
5 16
50 95
89 5
50 89
223 217
148 249
89 5
89 95
133 223
5 95
217 223
89 95
133 162
217 223
217 223
5 89
223 253
217 133
89 50
5 89
192 178
5 95
89 95
217 223
178 219
217 223
5 95
223 166
249 216
182 211
89 5
89 95
178 217
133 217
95 89
95 3
95 14
246 193
217 223
223 203
133 223
5 95
5 50
5 82
217 223
5 95
178 223
95 50
217 178
178 208
217 230
217 178
178 223
217 223
223 133
223 178
217 178
223 217
95 50
217 223
89 95
89 50
50 93
118 65
223 217
223 217
50 5
99 114
217 143
133 223
223 178
223 217
207 191
223 217
5 89
217 133
89 95
89 95
133 178
89 95
223 178
113 58
95 71
133 217
95 89
217 223
89 95
95 5
178 223
89 95
207 182
50 95
179 170
95 89
169 196
133 175
217 223
223 217
133 217
217 178
178 217
119 99
95 89
217 223
5 89
5 20
223 133
217 211
223 133
89 5
170 179
17 26
50 5
178 223
70 59
223 194
95 30
107 13
217 178
217 223
178 217
223 217
95 50
89 95
223 217
198 133
223 217
95 5
89 5
95 14
50 95
89 5
118 42
50 89
241 186
95 89
228 247
142 209
178 175
5 89
89 95
50 95
217 133
95 5
217 223
223 133
253 193
5 51
217 223
95 89
89 95
217 128
133 222
95 5
178 223
50 56
89 95
95 5
217 133
89 95
217 178
5 76
89 95
95 89
217 223
217 223
95 123
89 118
217 133
217 223
178 217
217 178
217 223
178 223
145 208
223 217
95 89
89 95
42 98
217 221
50 89
217 223
50 95
217 223
133 178
95 5
223 178
89 95
5 95
217 133
217 154
133 175
50 95
50 5
89 50
178 217
5 73
178 223
5 95
95 89
50 95
133 145
133 217
223 133
5 80
223 219
223 151
223 217
223 217
89 95
133 217
89 95
95 5
89 95
50 95
178 187
217 223
95 89
50 95
223 178
95 89
89 95
217 223
133 223
217 178
223 217
217 223
95 89
54 50
95 89
89 95
223 158
89 30
5 48
178 223
95 50
133 175
5 95
133 217
89 95
211 239
99 22
50 23
50 95
217 178
89 50
64 83
95 89
223 133
223 217
89 95
95 68
5 95
178 223
95 89
217 223
217 223
223 133
50 89
217 133
217 223
178 223
50 95
217 212
5 50
95 25
5 89
178 223
217 223
217 223
5 95
89 95
235 141
217 223
217 178
89 50
223 217
50 89
95 89
89 95
95 89
217 179
95 5
89 95
217 223
89 95
217 223
5 50
223 178
95 89
133 178
89 50
217 178
89 95
223 217
217 223
95 50
95 23
253 172
133 223
95 89
178 133
133 223
95 5
217 142
89 95
223 133
217 178
5 95
133 217
217 223
217 133
223 217
217 178
133 178
217 133
217 178
217 196
95 50
233 169
95 50
89 50
68 41
170 179
217 223
133 223
95 89
50 95
50 41
217 178
89 50
217 133
178 223
223 217
50 72
178 151
217 133
133 223
5 76
217 178
217 133
223 151
223 133
196 143
217 133
217 178
95 89
223 217
50 95
217 223
217 178
133 217
178 223
223 178
89 5
89 95
133 223
223 217
89 95
89 50
89 115
50 95
169 203
5 73
25 106
178 223
217 223
133 178
133 175
95 89
133 217
95 5
89 50
89 95
178 180
182 152
133 223
89 48
89 95
133 203
217 223
5 95
50 5
89 50
217 223
89 50
89 95
50 95
217 178
217 178
217 223
223 217
50 95
217 223
178 223
223 178
50 40
95 50
5 47
89 30
5 95
193 156
95 50
50 95
95 89
223 217
50 95
89 95
133 223
5 95
89 95
223 217
133 205
178 217
95 89
217 178
217 223
217 223
133 223
178 172
217 178
89 50
186 207
89 50
178 223
178 223
5 74
217 178
191 248
89 95
50 95
133 223
5 95
223 151
217 223
95 5
217 223
178 189
133 223
133 245
95 50
50 95
89 50
223 151
95 5
65 34
178 223
217 133
95 89
5 50
223 178
89 95
217 223
217 133
133 217
89 95
223 154
217 223
95 89
228 142
50 14
143 211
178 169
223 178
223 138
89 95
89 5
178 223
178 223
95 5
217 133
223 133
89 5
89 95
178 223
5 95
95 5
50 95
5 56
95 89
178 175
133 201
5 89
223 212
217 223
95 50
50 95
133 223
217 223
217 133
217 223
178 131
5 89
217 223
223 178
178 223
95 5
95 89
95 104
133 223
217 178
133 223
5 95
223 170
5 95
5 50
217 223
5 95
50 8
50 95
178 223
223 178
89 95
89 95
95 50
89 95
223 217
95 5
5 47
20 64
217 138
50 95
223 217
89 95
223 217
89 95
223 217
223 217
125 117
95 23
89 95
5 95
89 95
95 5
217 133
217 178
50 95
178 223
95 5
217 178
217 223
143 162
223 151
95 89
209 170
133 223
217 223
217 223
89 95
217 223
169 140
50 89
89 50
228 247
217 220
133 178
79 54
89 95
133 178
133 223
5 95
89 95
50 95
217 223
89 95
95 89
89 95
5 89
99 18
95 89
50 89
228 142
89 95
223 178
50 13
50 33
148 192
95 50
95 71
5 25
51 30
50 95
178 223
95 50
89 95
5 47
217 223
50 89
217 223
89 95
95 50
178 223
113 58
217 178
217 223
178 133
89 50
5 106
95 89
89 95
50 95
223 178
217 223
145 198
223 151
223 217
95 5
79 54
217 174
217 223
95 5
223 217
223 178
95 75
145 253
133 217
217 178
95 23
5 89
5 89
217 223
95 5
217 133
223 178
95 123
50 95
5 95
178 211
50 89
217 223
223 238
223 217
5 123
223 217
89 95
23 95
133 223
95 50
223 133
143 162
217 178
223 178
89 94
223 217
89 50
50 95
133 223
50 89
89 5
50 80
50 125
217 133
133 178
133 223
133 178
5 89
217 223
95 50
223 194
95 50
95 5
5 73
178 255
223 178
133 131
217 223
217 251
89 50
178 188
89 5
5 50
143 162
223 178
223 178
217 223
95 89
89 95
223 178
5 95
95 50
223 178
182 178
133 223
89 73
5 50
95 50
5 73
223 217
223 178
133 182
32 74
223 217
217 133
133 244
217 133
217 223
228 142
95 89
222 245
169 131
95 89
89 95
95 89
95 5
50 4
89 50
95 50
133 151
217 223
95 60
89 5
5 50
41 39
133 223
5 89
100 119
178 133
95 89
5 44
54 58
89 50
223 251
95 5
223 142
89 50
217 133
5 95
178 223
89 95
217 133
241 186
217 223
89 95
50 95
217 223
50 5
95 14
223 227
5 95
217 178
217 182
223 178
51 121
223 178
217 178
178 217
217 223
5 89
223 133
89 95
5 95
133 223
178 217
133 223
89 92
5 73
133 217
89 95
178 223
5 95
50 20
5 95
42 51
217 223
89 50
89 95
5 49
217 223
89 95
5 89
89 95
89 48
89 95
133 223
133 217
95 89
95 5
5 50
133 217
95 5
178 223
223 178
217 178
50 6
17 11
178 229
95 89
95 10
89 95
89 95
50 95
223 217
178 170
89 5
89 95
95 79
178 217
178 223
178 223
178 223
95 97
217 223
89 95
89 95
89 5
217 178
133 217
178 223
133 223
223 217
89 47
133 223
5 89
223 217
133 223
217 223
50 5
178 217
178 223
50 5
217 223
223 178
5 47
133 223
89 50
223 133
99 33
89 93
50 95
50 5
133 223
133 178
217 223
50 89
223 142
5 50
17 107
96 64
217 223
143 211
178 142
5 89
68 15
5 50
217 223
50 95
89 95
50 36
5 89
50 95
217 178
5 81
217 223
217 178
223 221
89 95
50 2
5 89
95 89
178 223
178 223
223 133
50 95
178 223
217 133
223 217
217 223
217 223
133 178
217 223
223 217
217 223
95 89
89 95
89 95
95 89
223 217
89 95
178 223
121 30
50 95
17 80
5 95
89 50
217 133
95 5
5 95
223 178
178 223
223 133
178 217
178 223
50 5
89 95
223 178
223 133
5 50
81 13
178 223
207 224
133 217
58 86
223 136
50 13
89 95
95 89
178 223
100 119
95 89
95 89
178 135
133 244
217 223
178 229
178 255
5 50
223 217
217 223
223 217
223 217
178 223
182 233
95 50
74 100
50 5
5 95
5 95
5 89
5 89
50 95
89 95
89 50
217 178
95 14
217 178
89 50
95 89
217 151
253 239
89 50
89 95
217 178
89 10
5 17
217 223
5 47
133 204
89 95
95 89
217 178
15 83
95 14
223 217
95 50
133 178
217 133
217 223
247 227
95 50
95 89
95 89
89 5
217 223
89 95
223 178
178 223
89 95
217 223
5 95
89 95
178 133
119 99
89 123
133 178
5 95
217 160
133 217
5 95
50 89
5 95
133 159
95 50
95 89
121 106
133 178
95 50
89 5
178 133
68 15
223 178
223 217
95 5
95 50
5 89
223 217
89 95
5 63
178 223
217 223
217 223
50 95
89 95
223 178
217 223
5 50
89 5
133 223
153 207
5 89
50 115
89 50
223 207
95 5
50 95
133 223
5 95
95 89
238 178
223 217
5 95
223 133
178 223
223 133
217 133
133 217
223 217
217 178
5 95
5 95
50 95
217 223
89 95
223 217
133 223
50 89
14 95
178 133
178 186
59 50
95 50
223 133
133 223
223 217
223 217
223 217
217 223
95 50
95 5
178 223
217 232
5 29
178 245
217 223
133 175
223 133
217 133
192 186
223 217
223 133
89 95
89 95
95 5
217 178
133 223
178 217
217 133
178 133
89 95
89 50
223 133
178 223
50 5
223 217
89 5
217 223
89 95
223 178
178 223
95 89
217 223
133 217
89 5
217 223
133 223
217 223
178 175
95 50
217 223
95 14
133 178
107 13
89 118
95 5
89 95
89 95
217 223
89 95
169 164
95 89
5 73
89 50
95 89
133 223
234 198
217 223
178 133
50 95
234 198
223 217
223 178
223 151
5 89
50 95
89 95
50 95
89 50
178 223
50 95
133 223
223 217
217 223
5 73
138 223
133 217
217 178
50 95
133 178
95 89
50 107
89 95
217 193
5 95
133 223
133 223
95 77
89 95
178 223
5 50
178 217
133 217
133 223
178 223
223 217
217 178
217 223
217 133
96 50
95 50
95 89
223 217
217 178
50 95
89 14
223 217
223 178
178 223
133 178
133 223
217 178
95 89
89 95
95 89
5 95
95 89
89 50
227 160
217 178
50 95
95 50
178 223
223 246
178 223
217 223
89 95
217 223
89 95
217 223
50 93
223 217
178 223
50 95
89 50
89 50
133 131
50 95
50 54
89 5
217 223
89 50
89 95
217 223
178 223
5 89
50 95
50 89
133 223
223 178
5 89
217 223
223 217
89 50
89 13
50 89
5 89
211 217
178 223
178 223
89 95
178 223
89 95
50 13
5 95
178 133
89 95
133 178
5 95
178 133
89 95
89 54
95 89
217 223
133 217
95 5
211 239
89 95
178 223
217 133
95 50
178 175
95 23
217 223
217 223
50 89
223 217
217 223
223 211
5 95
89 95
223 178
95 23
133 217
133 223
178 223
223 178
50 95
95 50
95 89
217 130
50 95
95 5
89 95
32 74
5 50
217 223
95 23
5 95
95 5
223 133
50 95
95 50
50 16
89 50
89 5
5 95
5 89
50 65
223 217
89 95
50 95
95 50
178 133
5 50
95 89
179 170
133 178
217 223
5 95
5 95
89 95
95 50
89 95
178 223
133 178
5 45
89 95
5 95
133 223
5 95
50 95
89 95
223 133
133 207
133 223
50 95
95 50
50 89
133 217
133 221
133 178
133 178
5 95
182 253
178 133
50 95
5 95
178 223
89 93
217 223
217 223
50 89
89 95
89 5
223 133
217 178
50 95
217 223
5 50
50 17
196 169
89 5
217 178
50 95
217 223
50 5
133 223
217 223
178 223
5 95
5 95
217 223
95 89
178 223
95 50
5 89
217 235
217 223
223 217
217 223
95 75
217 223
217 223
89 50
223 133
50 48
89 85
5 89
217 223
133 223
217 158
89 95
217 133
5 98
223 217
95 5
133 178
50 95
89 5
5 89
5 73
95 50
133 175
50 89
89 95
89 95
223 133
148 192
217 223
50 95
223 217
217 223
89 95
95 89
5 50
217 223
5 89
223 133
217 178
178 217
223 244
50 65
178 223
50 113
223 217
89 80
217 178
50 89
178 223
217 178
217 223
89 95
89 95
217 223
95 89
217 178
51 11
223 178
133 217
5 50
253 198
178 217
133 217
178 129
223 185
223 217
133 184
95 89
133 178
50 5
89 5
50 95
95 5
223 217
223 143
95 89
133 223
50 5
169 248
89 95
133 217
5 95
133 217
217 133
95 89
89 95
95 89
89 50
223 178
217 223
89 95
95 89
178 217
227 250
95 89
89 95
217 223
89 5
50 89
5 95
89 95
217 133
5 50
95 89
50 95
178 133
95 110
223 217
95 89
133 223
89 71
89 95
50 5
50 49
178 133
217 223
89 95
95 5
95 23
95 89
15 34
217 178
223 133
223 178
223 179
50 5
95 50
223 178
217 223
89 30
178 223
178 223
217 178
95 123
178 146
223 217
133 223
178 217
89 95
178 217
223 133
95 89
223 178
223 217
89 95
178 223
178 223
89 95
223 133
34 111
223 178
95 89
99 5
50 89
217 223
89 95
50 53
223 178
178 223
89 95
211 133
223 217
95 89
223 133
5 89
133 223
89 50
217 223
89 95
95 89
217 223
178 210
5 89
51 50
133 223
178 223
95 118
50 95
217 223
217 133
5 117
89 95
125 3
241 186
89 71
5 95
170 178
89 95
51 56
51 71
178 146
196 169
178 246
223 178
95 89
95 123
133 179
217 223
95 89
95 70
89 95
133 223
178 223
95 89
89 5
5 95
133 217
5 50
50 5
50 89
50 5
223 178
217 223
223 217
95 89
178 217
89 95
5 89
223 178
95 66
178 133
89 95
217 178
178 217
178 223
217 223
217 223
217 133
217 223
223 203
133 223
133 178
95 89
89 95
89 95
95 89
133 147
133 217
223 133
89 95
217 223
217 223
89 95
95 89
223 151
223 240
249 143
94 16
223 217
89 95
170 209
217 223
95 50
223 217
133 220
223 247
95 89
89 117
223 133
223 217
50 95
223 178
95 64
217 221
50 95
95 89
50 60
95 89
178 223
89 50
89 50
223 217
178 223
133 151
169 172
89 50
178 223
223 217
89 50
178 217
95 50
223 133
133 173
95 89
89 95
89 95
89 5
89 50
217 223
95 83
95 5
217 223
223 178
241 186
133 223
223 217
89 95
182 169
223 217
178 216
223 133
95 89
95 89
133 223
89 95
5 50
133 178
133 178
217 223
178 223
50 95
223 133
65 118
217 223
89 95
133 223
222 153
133 178
5 83
217 223
89 5
217 223
95 50
178 223
95 92
89 0
217 223
217 146
217 223
50 95
253 186
223 178
217 133
14 81
133 178
253 169
5 50
178 217
217 133
178 223
50 5
5 31
178 217
133 223
50 89
89 95
217 223
89 5
50 95
95 50
217 178
5 95
5 32
89 95
133 217
217 223
178 217
178 223
178 223
217 178
217 223
223 217
5 6
217 223
178 217
178 201
223 151
223 133
178 223
89 95
121 30
5 1
133 223
95 5
217 223
94 72
89 50
217 142
217 223
5 95
95 89
223 178
217 178
217 223
79 83
223 217
5 95
217 223
178 223
50 6
95 89
5 50
223 217
5 95
217 223
223 133
50 86
223 217
223 217
223 182
50 95
133 223
1 95
5 95
217 223
178 223
95 5
217 223
217 178
143 162
50 95
5 50
217 223
5 95
89 95
96 63
217 223
95 89
95 5
89 95
89 5
223 217
133 223
95 89
95 50
89 95
178 229
133 223
178 255
223 142
95 23
95 89
50 89
178 217
223 217
50 89
89 5
95 14
178 204
178 223
253 208
216 178
95 50
5 89
223 133
50 2
95 89
50 5
133 178
20 8
95 102
178 217
178 223
178 223
89 95
224 174
50 5
5 26
191 234
5 14
5 95
217 223
96 117
223 191
217 178
95 89
162 207
5 95
50 5
178 223
50 95
89 95
63 120
5 50
50 95
95 5
223 173
89 95
89 95
89 50
5 89
223 217
217 178
223 217
145 205
64 83
223 133
5 21
178 223
95 50
89 95
133 178
133 217
178 153
223 217
5 95
99 64
50 42
223 217
178 133
223 217
217 223
95 5
133 178
89 95
95 89
89 95
95 89
89 56
170 239
50 89
217 223
95 50
95 89
5 79
5 73
95 5
133 223
217 133
223 178
50 95
5 95
133 178
5 95
178 217
50 5
178 217
217 223
95 89
223 133
5 73
5 95
178 223
223 217
89 95
217 223
234 223
223 182
223 217
217 223
5 89
95 5
95 89
217 223
133 223
95 50
178 223
95 89
178 223
89 95
223 133
95 50
89 50
133 223
217 178
5 89
95 50
5 95
133 217
89 95
217 223
50 89
217 223
89 95
178 161
95 5
95 23
142 209
89 5
223 178
133 223
223 217
95 89
217 223
217 238
95 89
178 223
217 223
5 89
224 217
89 50
95 50
50 89
223 217
89 95
89 5
178 217
95 89
95 5
50 89
217 178
178 193
178 223
186 241
223 178
133 217
217 178
89 95
223 133
133 178
50 89
50 95
50 95
223 217
133 178
64 83
217 223
95 5
89 95
133 223
223 178
178 133
50 95
89 95
89 52
223 217
223 142
95 50
178 223
89 95
217 133
89 95
178 223
89 95
50 89
50 95
77 95
121 81
143 169
223 178
178 223
50 95
95 23
89 95
178 203
223 133
217 223
95 89
50 5
50 92
95 50
217 133
5 75
211 143
217 178
133 178
95 23
89 95
50 95
95 89
89 95
50 89
133 223
95 63
89 95
95 50
89 95
50 95
217 223
217 223
50 95
5 95
89 126
5 95
217 163
89 95
223 217
89 95
133 223
5 75
89 95
223 178
217 223
133 223
95 5
95 89
223 217
5 50
5 50
196 143
178 182
217 223
95 97
89 5
217 133
217 223
50 47
5 95
217 223
133 223
217 178
89 50
95 5
50 89
223 243
217 223
133 193
95 89
217 219
5 89
95 89
223 217
89 50
5 95
223 217
217 211
223 178
99 79
50 98
50 95
89 5
133 223
178 223
133 223
223 217
143 211
217 223
50 79
178 223
95 89
178 223
133 223
95 50
223 217
42 51
133 217
217 223
223 217
133 217
89 95
223 133
217 223
20 8
79 83
217 223
133 201
178 138
89 95
223 178
178 223
217 223
89 95
223 178
178 223
89 95
89 95
253 162
50 89
95 89
217 133
89 95
228 142
178 217
133 223
14 81
223 217
178 199
89 50
217 223
95 89
95 5
178 217
89 5
50 5
95 50
223 202
50 95
223 178
95 89
5 20
50 89
89 75
89 5
89 95
217 178
223 217
95 76
50 95
217 178
217 223
89 50
217 178
133 223
223 178
133 175
89 5
50 89
5 95
89 95
95 89
217 133
133 148
133 217
89 95
50 95
133 178
217 178
89 5
95 79
50 95
95 50
50 89
133 223
50 89
95 89
23 95
178 217
95 89
223 178
217 178
223 133
178 133
133 223
95 5
223 217
223 178
5 50
178 217
123 89
95 14
89 95
89 50
192 251
178 223
95 5
133 192
50 89
223 217
99 4
169 196
133 217
95 5
178 223
95 23
70 59
217 129
223 133
89 95
223 178
133 217
89 50
89 5
133 178
95 50
178 223
133 223
89 95
223 178
95 5
95 89
89 95
223 133
95 5
178 222
89 50
223 133
133 247
89 5
95 14
217 223
50 5
223 217
95 89
217 223
50 95
133 223
133 223
178 223
5 89
89 95
223 217
217 223
50 95
5 89
89 95
89 95
217 178
253 201
50 89
50 95
217 178
95 14
89 95
5 121
50 96
95 50
5 95
217 156
133 223
5 20
217 178
217 223
89 95
5 95
217 178
223 167
217 223
178 133
217 223
64 79
133 223
95 5
23 95
89 50
5 95
153 202
178 133
95 14
89 95
95 5
178 133
50 95
89 95
89 95
95 89
178 223
196 169
217 133
95 89
95 89
143 207
133 223
89 95
95 89
95 23
95 89
223 217
223 217
5 50
217 178
178 133
5 47
217 223
223 133
121 62
50 5
89 85
223 217
223 217
94 70
133 178
217 223
50 110
217 223
223 142
41 68
89 95
95 89
223 217
95 89
114 89
217 178
217 223
143 162
217 223
148 192
95 89
223 151
223 237
217 223
89 5
217 133
178 133
178 217
217 223
95 89
133 217
99 12
89 50
223 217
133 175
217 223
95 50
217 223
133 178
217 223
223 217
89 95
217 134
5 50
95 123
217 178
50 95
133 223
223 217
133 205
217 223
50 6
178 223
51 80
133 178
145 211
89 95
143 207
178 223
133 217
50 89
223 133
95 14
5 36
50 95
223 178
5 50
89 95
217 223
133 223
50 95
41 5
217 223
89 50
133 217
50 5
178 217
133 223
169 243
133 223
133 223
20 64
178 223
89 5
50 95
217 178
133 223
217 178
222 178
95 125
133 217
133 223
191 211
178 223
5 73
89 75
89 95
224 134
217 178
178 223
50 5
178 217
95 89
125 33
89 14
50 95
5 47
95 89
178 223
217 223
217 137
5 95
217 223
89 50
217 223
217 223
191 248
178 133
89 50
98 50
50 89
178 145
89 95
50 95
223 202
178 217
89 95
5 95
223 178
95 89
217 223
89 95
223 217
133 223
217 133
178 217
133 223
89 50
217 178
133 178
95 50
178 223
217 178
50 95
217 133
133 246
223 217
217 223
95 5
223 178
217 178
178 223
178 133
50 95
89 95
89 50
50 5
95 89
5 95
89 50
50 95
178 133
65 64
223 217
217 223
217 178
133 217
133 217
89 95
5 50
217 206
133 223
95 89
89 50
50 95
223 217
223 178
89 95
223 133
50 95
95 50
178 223
5 89
89 95
50 89
89 95
179 175
178 142
5 95
5 50
217 178
217 223
89 95
223 183
89 102
95 89
178 223
50 38
89 95
89 95
178 151
89 95
217 223
178 133
223 217
58 89
5 50
89 95
133 223
198 170
133 234
89 50
5 50
178 223
50 60
178 223
95 89
5 73
5 17
178 223
178 150
133 178
50 89
89 5
217 223
13 81
95 50
142 228
223 178
178 223
178 223
50 123
50 47
89 95
133 223
217 178
95 89
133 217
89 95
209 141
217 133
217 178
217 223
217 223
217 223
50 89
193 162
223 178
89 95
241 186
217 223
217 178
217 223
217 178
217 223
223 178
95 47
50 95
50 95
133 175
5 95
217 140
106 95
50 89
249 207
223 178
50 89
89 95
5 95
217 178
217 228
50 95
5 47
95 89
5 50
89 95
5 109
5 83
217 223
133 217
217 223
223 217
178 133
223 178
217 173
20 64
141 209
217 223
227 210
5 47
50 95
133 178
95 14
95 50
5 50
223 178
223 217
50 95
20 8
143 169
133 223
223 178
178 133
95 50
5 95
217 133
217 223
89 95
178 223
50 95
5 50
217 223
89 5
95 89
178 223
170 179
217 223
89 95
98 94
89 95
95 50
95 89
13 107
178 133
63 96
178 223
95 50
5 89
89 95
178 223
5 50
223 178
223 217
89 31
217 223
89 95
95 0
223 133
50 95
196 142
5 95
235 141
50 95
89 30
223 211
223 217
133 178
223 217
217 154
89 95
178 217
253 187
223 178
223 178
217 223
89 95
89 95
89 95
178 217
89 95
89 95
5 89
89 95
223 193
223 133
89 95
133 223
217 133
50 5
223 217
223 217
51 57
95 89
217 223
133 223
133 223
95 50
89 95
217 223
89 50
54 83
50 5
217 223
89 50
217 223
50 127
223 217
95 23
95 57
217 223
5 89
95 89
95 38
217 133
178 223
89 95
223 151
95 50
95 89
89 50
224 178
133 175
223 217
133 223
178 251
217 223
223 217
223 178
5 95
89 30
5 95
95 89
95 23
95 50
223 178
253 198
95 89
217 223
223 142
50 89
223 217
89 50
224 210
50 5
133 223
217 223
50 95
217 223
50 95
241 186
217 178
217 220
178 223
217 223
217 223
47 5
15 34
89 95
89 50
5 81
217 223
133 178
223 217
178 223
178 223
5 50
217 133
89 5
100 54
89 95
223 217
223 217
217 223
89 95
5 95
50 95
178 223
223 133
95 5
41 79
89 95
89 95
95 23
119 99
50 95
113 75
217 133
95 71
95 50
89 95
142 209
178 223
95 89
192 136
178 217
223 209
5 95
5 94
89 95
89 95
217 223
223 217
217 241
128 217
95 5
178 223
217 223
223 217
178 185
223 217
50 95
217 223
89 50
178 223
211 234
223 133
89 95
5 89
178 133
5 89
50 95
5 100
89 76
89 95
133 209
5 73
217 178
223 178
133 178
223 209
89 95
50 5
217 223
133 223
5 95
133 223
217 223
89 58
89 20
50 5
223 133
145 253
143 211
133 223
50 17
95 89
217 223
50 95
89 95
196 143
5 18
217 178
89 95
133 223
217 133
178 223
223 217
5 95
223 133
223 146
217 223
89 95
89 95
209 170
178 133
223 217
89 44
89 95
133 223
50 95
95 89
95 89
5 95
217 223
223 217
223 133
89 95
148 192
223 217
223 133
89 5
95 5
223 217
223 133
5 50
5 50
89 95
223 217
223 170
178 141
223 178
223 217
50 5
75 95
50 95
95 5
89 50
5 95
133 217
223 133
209 170
5 118
217 133
223 217
17 2
5 20
223 178
223 178
227 207
95 50
95 50
223 133
79 96
217 178
133 223
223 217
217 223
50 5
95 89
50 95
223 133
50 89
178 223
178 217
223 217
223 217
217 178
133 223
5 107
95 89
89 95
95 5
217 133
133 223
178 133
133 178
223 217
89 47
89 50
50 95
5 32
5 50
50 89
223 217
64 83
217 133
95 50
217 223
133 223
217 223
217 178
223 133
133 204
223 178
50 6
178 223
178 223
50 95
223 217
217 178
223 217
217 223
89 95
223 178
178 223
5 50
89 50
217 186
178 133
89 5
182 211
95 89
50 95
95 89
228 247
133 230
5 50
50 89
223 133
50 5
89 95
133 217
223 222
95 89
5 73
89 50
133 175
217 223
223 133
89 123
95 5
89 95
95 14
95 50
217 223
217 223
217 133
223 217
178 223
143 162
5 95
223 133
223 178
178 175
95 110
50 5
178 133
95 89
217 223
223 217
133 196
223 133
95 5
83 15
133 145
133 223
95 50
89 50
217 223
178 223
50 95
89 50
223 217
5 95
133 223
95 89
5 47
95 89
217 133
217 223
89 95
133 184
223 217
223 133
5 89
5 73
89 95
223 217
178 223
50 95
5 89
143 207
223 217
227 172
89 50
89 95
95 50
178 133
178 223
95 5
223 217
52 50
5 67
5 89
178 223
17 125
89 95
178 248
50 20
178 217
89 50
99 94
217 178
178 223
223 217
94 26
217 178
89 95
5 95
217 223
89 50
160 202
133 178
89 95
178 217
217 223
223 178
89 95
178 223
5 95
95 89
217 223
5 95
217 178
179 228
95 5
133 178
95 50
217 178
89 29
223 217
50 95
95 50
223 217
178 223
5 68
223 178
89 50
50 95
178 201
5 95
178 223
5 47
217 133
217 223
241 186
217 133
217 178
175 133
50 95
89 50
178 145
217 223
133 223
223 133
178 223
95 89
217 144
50 95
133 178
217 223
217 161
178 251
50 95
143 162
95 89
50 93
217 133
223 133
133 151
133 217
50 5
217 223
217 223
133 164
95 5
89 95
217 223
50 89
169 143
95 89
95 89
5 89
217 133
178 217
5 73
95 89
217 178
178 217
228 142
217 181
170 239
5 89
5 89
133 223
5 89
178 223
178 223
217 178
5 50
50 95
217 178
217 246
89 95
133 223
217 158
50 95
133 178
217 223
5 50
223 133
89 120
222 228
34 65
217 178
217 223
178 154
217 223
5 95
133 223
50 95
217 227
15 34
89 95
5 95
99 76
89 95
217 159
5 50
89 5
5 50
178 217
5 89
148 136
98 79
89 95
79 54
5 89
178 217
217 128
133 205
5 89
217 133
178 223
42 51
5 95
133 178
95 89
5 89
95 89
178 217
217 223
223 178
223 142
178 189
95 89
145 133
50 95
217 178
20 64
253 247
64 79
217 178
223 217
89 5
95 5
217 223
223 217
217 223
178 223
89 95
133 223
223 217
96 123
217 223
50 95
95 5
178 223
133 211
178 217
50 95
50 95
223 217
223 217
95 5
223 217
50 95
95 89
133 223
5 95
223 142
217 223
133 217
50 95
178 223
89 95
133 223
178 223
50 89
133 223
217 223
95 89
50 5
5 89
145 249
217 223
89 95
133 178
178 217
169 207
253 198
95 5
217 223
68 15
223 133
217 223
50 5
133 250
89 5
217 178
5 89
178 133
95 50
223 217
5 89
133 217
223 133
133 223
234 226
178 217
95 89
178 223
223 217
217 223
95 50
217 178
223 178
217 223
5 89
89 95
89 50
5 89
217 223
223 178
95 50
133 175
5 95
89 5
217 223
89 95
178 223
133 217
133 223
133 217
50 95
217 223
217 223
196 169
178 223
121 44
178 223
217 223
223 178
217 178
5 95
95 89
50 95
133 178
89 95
89 50
5 50
42 51
89 50
178 223
63 120
178 223
217 223
89 5
89 50
95 89
99 1
50 10
223 217
223 217
89 95
217 142
223 217
178 223
178 223
217 223
5 89
178 217
217 133
133 178
223 178
178 217
223 170
95 47
217 133
217 223
133 217
223 178
133 138
178 223
95 89
5 122
133 217
89 5
89 5
95 89
5 89
223 178
89 50
217 223
95 89
89 95
89 50
50 95
223 133
217 223
217 178
121 20
89 57
5 89
95 89
5 89
89 95
89 50
223 178
133 178
5 50
217 178
217 223
95 50
133 178
95 89
217 133
95 14
95 89
95 89
89 5
223 217
89 5
5 110
223 133
178 223
217 223
50 95
133 223
5 56
133 178
178 223
217 223
178 223
223 133
178 223
178 133
50 95
5 50
5 95
95 5
143 211
50 20
89 78
5 95
89 95
89 95
223 178
217 178
50 95
95 50
95 89
95 89
95 89
133 223
217 223
50 95
89 95
217 178
94 42
217 223
5 77
178 133
5 89
89 95
89 95
95 89
50 95
223 217
148 251
223 178
178 217
217 220
217 223
50 95
50 95
28 89
217 223
178 133
196 143
5 119
133 217
50 95
89 63
178 223
5 89
95 5
133 178
223 164
133 223
89 95
5 47
95 50
89 95
5 89
5 95
5 89
207 182
95 89
217 223
182 216
217 203
64 77
89 5
113 58
5 95
50 36
178 137
217 133
50 89
89 5
5 118
95 74
89 5
50 95
17 121
89 95
191 224
217 178
89 95
89 95
50 95
50 5
5 95
223 217
50 89
178 223
223 217
95 5
217 133
227 161
89 95
5 50
223 178
217 223
50 5
89 5
217 223
133 223
5 95
5 82
223 217
95 50
217 207
178 217
217 133
133 128
217 223
133 201
95 89
217 223
89 95
81 64
64 91
50 89
95 89
223 217
95 5
5 41
89 50
169 196
217 223
50 46
178 223
178 223
89 95
89 5
133 223
50 95
217 223
5 95
5 95
133 223
50 89
50 95
95 89
223 217
217 223
217 223
223 178
5 50
89 115
178 223
223 133
89 5
217 223
178 223
95 50
95 89
133 223
178 152
50 89
217 178
95 115
133 223
50 3
223 217
95 5
223 178
223 133
223 217
223 133
95 89
133 217
50 95
5 95
133 217
223 217
89 95
223 217
133 223
178 223
133 223
50 89
95 89
5 81
223 217
223 133
217 223
217 223
193 254
133 217
186 128
89 50
228 247
50 95
50 95
133 178
5 71
133 223
5 95
95 5
217 223
133 217
5 38
217 223
217 223
217 223
95 50
95 89
50 89
217 133
50 95
133 170
178 223
178 133
95 89
178 194
50 39
178 223
20 64
95 89
95 89
54 35
68 15
42 81
217 223
133 178
223 133
133 222
178 223
74 99
223 217
217 223
223 133
89 50
217 178
143 207
95 50
95 89
217 223
5 50
217 180
95 10
5 50
217 223
95 14
89 95
5 89
178 223
50 89
5 89
89 95
89 95
223 178
223 217
89 50
178 133
133 243
95 89
217 163
223 178
89 5
178 217
133 178
178 129
217 221
95 89
96 118
50 95
5 20
178 229
89 95
178 217
89 95
89 95
89 18
50 64
95 89
217 182
133 178
253 226
223 178
217 178
95 5
95 89
223 251
217 223
123 119
89 95
89 95
20 64
148 192
34 89
89 95
95 89
133 178
50 95
50 95
89 109
217 145
89 5
217 223
50 95
217 133
186 203
217 178
223 133
178 217
223 133
133 223
223 217
89 95
223 178
217 223
5 73
178 162
133 223
223 217
89 5
54 99
133 223
178 223
95 50
223 217
89 50
95 5
5 95
178 134
217 178
223 217
217 223
50 95
5 73
95 89
217 223
217 244
217 223
5 95
95 5
89 5
95 89
95 89
133 223
89 50
217 223
217 223
217 133
50 95
133 178
89 95
50 95
50 45
50 123
178 217
133 223
178 133
223 178
217 223
50 95
133 178
95 50
50 95
95 89
217 223
133 178
89 95
5 95
50 117
89 95
217 223
50 95
95 89
89 95
95 89
50 89
133 175
178 217
50 95
217 174
89 5
217 223
133 178
95 22
50 110
217 178
89 95
95 89
223 133
217 223
89 95
178 223
223 217
217 223
5 95
217 223
223 217
223 178
223 178
14 81
178 223
89 95
133 178
217 223
178 239
5 95
133 223
133 217
178 211
5 89
89 95
5 89
89 95
50 95
5 95
217 178
217 133
89 21
133 178
89 50
50 89
223 178
223 217
5 95
89 95
196 143
50 95
217 133
223 217
217 178
223 133
89 95
89 95
50 89
68 41
133 175
50 89
95 89
191 160
89 95
89 95
89 119
133 223
178 223
50 95
89 50
50 95
89 95
223 131
89 95
5 95
95 89
223 217
182 139
133 178
133 217
208 178
5 89
217 223
95 50
217 178
95 5
223 133
50 95
50 95
89 95
217 223
100 119
223 217
89 95
5 95
133 223
178 223
178 133
133 211
17 80
50 5
217 223
178 223
95 89
217 133
133 178
223 142
223 133
178 223
5 89
5 89
95 5
5 78
217 223
133 223
95 89
89 95
217 223
95 50
133 223
15 79
89 95
178 188
89 95
121 64
89 78
5 89
223 217
223 217
5 73
89 95
178 217
211 235
217 133
217 210
89 50
89 95
217 178
42 94
89 95
95 89
5 95
95 50
95 89
5 89
133 223
223 217
50 95
223 178
178 172
50 5
223 178
5 89
133 223
95 5
95 89
89 95
89 95
89 3
5 20
182 173
95 89
223 217
223 133
133 223
89 95
5 89
178 223
217 223
50 5
5 64
133 223
217 192
50 68
133 223
95 5
89 95
5 50
223 217
178 217
95 89
50 95
64 62
133 178
89 5
133 223
217 223
89 95
95 5
223 178
95 50
50 95
5 95
95 89
89 95
5 73
217 146
5 95
64 63
217 223
64 8
5 47
95 50
223 217
224 181
89 95
223 191
217 223
5 89
50 54
99 48
