256 10000
178 223
5 95
133 217
95 23
50 107
178 133
89 95
89 95
5 95
95 89
50 89
133 169
178 133
223 133
89 5
83 111
50 95
5 50
50 121
89 95
178 217
178 223
217 178
178 133
217 223
50 95
178 180
178 223
89 95
217 133
178 241
217 223
95 89
178 223
217 178
89 95
223 217
223 178
89 111
217 223
5 89
223 217
217 223
133 223
217 223
217 223
178 223
133 151
223 152
95 89
89 95
217 133
5 54
95 50
133 223
50 98
89 95
50 89
95 89
223 217
223 159
5 95
89 95
5 89
178 145
96 75
50 95
217 223
50 5
50 89
223 178
95 89
50 14
133 223
89 50
100 14
95 5
178 223
89 95
217 178
223 142
178 223
95 5
89 95
223 133
89 43
95 89
5 58
17 112
217 210
89 95
217 223
54 78
241 186
95 89
5 30
178 223
95 89
50 95
178 223
89 50
178 223
217 178
95 14
223 178
178 217
223 217
133 201
5 47
89 50
223 178
178 223
50 5
217 133
223 217
178 156
95 50
178 133
95 50
217 245
223 178
95 50
89 95
178 146
178 223
95 89
217 223
89 17
133 131
89 95
223 142
223 217
5 95
178 223
249 128
89 50
5 95
14 81
133 217
133 217
178 141
89 95
50 5
133 178
95 89
5 10
95 68
5 89
223 133
89 95
50 84
5 95
118 65
217 223
95 5
95 5
95 5
51 63
133 223
217 133
178 217
50 95
50 95
223 133
5 89
89 95
95 50
217 178
178 133
89 41
89 95
154 133
89 50
50 95
89 50
50 95
133 178
223 217
223 182
178 223
133 178
224 243
5 95
89 50
5 89
50 89
95 89
89 95
50 115
50 95
89 95
217 223
89 77
217 223
50 5
89 5
133 223
143 162
50 95
217 178
15 79
178 133
25 106
95 50
89 95
95 89
50 95
95 89
133 217
148 136
178 217
5 75
95 50
89 95
95 50
178 223
95 89
5 89
217 133
50 95
178 133
89 95
89 30
51 82
178 223
223 238
217 133
89 95
5 95
207 182
217 223
5 95
5 95
50 95
5 95
133 217
223 217
89 95
217 223
25 106
50 5
121 0
217 223
217 223
5 89
50 5
178 133
178 133
196 169
217 223
178 223
217 223
239 142
95 50
223 133
68 41
95 5
50 95
133 223
89 5
50 95
178 217
50 120
50 5
246 211
192 159
50 89
133 223
89 95
217 223
95 50
217 223
148 192
89 5
223 178
217 223
217 223
217 178
223 202
89 50
223 217
133 223
89 95
223 133
95 89
223 178
178 223
89 95
95 14
223 133
89 5
217 223
217 178
95 50
95 14
89 95
89 95
89 95
217 133
217 178
5 95
223 145
5 95
89 95
58 77
100 119
89 95
95 79
89 95
89 95
95 14
178 250
196 143
217 178
5 50
89 71
223 217
89 95
50 95
223 217
217 223
217 223
217 223
50 95
50 95
5 89
178 145
89 5
96 66
95 89
118 42
133 175
89 50
217 178
89 95
133 251
56 95
223 178
178 223
223 178
170 179
133 223
89 50
217 223
178 223
133 217
217 223
5 95
47 5
89 5
5 89
223 222
223 133
222 249
95 89
196 169
95 71
5 95
89 31
133 193
89 95
95 89
178 133
178 217
5 89
133 223
95 89
133 223
178 133
5 50
89 95
178 223
95 89
178 133
223 217
54 51
217 223
50 17
133 217
223 217
223 133
113 58
41 57
133 223
178 238
217 178
223 217
5 95
217 133
5 95
133 223
50 42
178 214
5 80
95 50
95 5
223 217
217 223
133 217
217 223
5 50
89 95
223 178
95 89
143 162
56 21
95 50
222 203
133 151
223 217
133 217
15 34
223 133
178 223
133 201
95 89
95 89
89 95
133 217
50 95
223 178
178 207
50 95
217 178
217 223
235 141
95 14
217 223
41 15
133 178
50 95
5 50
217 133
133 178
217 251
223 191
95 50
223 151
178 217
25 95
89 95
95 89
50 5
89 50
42 51
50 89
217 223
217 178
95 89
50 95
42 51
89 95
95 89
95 50
133 178
133 217
89 47
89 75
217 223
217 223
217 223
89 95
217 223
89 50
178 188
95 5
217 223
223 210
89 95
178 217
178 223
95 50
68 15
145 253
5 70
217 251
89 48
89 95
50 95
217 223
148 136
95 14
217 223
89 95
50 5
5 8
223 178
133 217
133 255
89 50
50 95
217 223
95 89
223 133
89 5
89 95
5 50
95 23
217 133
223 133
217 223
50 95
89 95
50 95
95 50
95 20
178 133
50 89
133 223
95 50
50 42
192 177
217 178
89 95
125 17
5 95
223 217
178 140
89 95
5 89
178 223
95 50
5 95
133 223
217 223
178 223
95 5
223 142
5 95
95 50
95 17
89 50
95 109
50 95
5 50
5 89
182 193
50 22
95 31
217 178
178 223
95 5
223 217
217 223
133 223
89 50
217 178
20 64
89 95
178 224
178 223
89 95
217 133
217 248
89 95
5 89
133 220
5 95
50 17
95 89
133 217
95 83
133 223
89 50
184 133
5 89
217 174
223 217
178 217
89 95
5 95
15 34
178 217
95 89
217 223
217 223
5 89
178 133
89 95
217 223
178 133
89 95
133 223
133 217
178 223
223 217
217 133
50 5
89 95
50 95
241 186
178 223
89 95
89 95
133 178
58 79
217 178
95 50
223 133
95 89
217 223
89 5
217 223
50 95
95 79
50 95
217 223
15 34
89 95
120 107
95 89
223 178
89 95
89 95
223 251
89 95
133 217
178 223
95 89
5 73
5 89
223 217
217 223
113 74
50 48
5 89
169 196
223 217
89 50
217 133
133 244
42 95
95 14
50 95
95 89
89 107
223 178
5 50
50 62
50 5
5 95
241 186
5 89
95 50
223 217
5 89
133 175
223 133
217 178
133 223
133 170
223 151
217 223
223 178
178 223
95 50
5 95
133 178
95 5
89 95
217 178
133 217
217 223
178 223
15 34
50 33
223 178
217 130
223 133
223 151
89 95
217 178
133 217
178 223
95 89
169 151
5 95
89 50
50 95
95 50
178 158
178 133
95 50
223 133
89 95
178 223
5 95
95 89
89 50
89 50
50 5
17 22
89 95
50 95
5 50
5 47
95 5
89 95
15 79
89 50
50 95
95 50
89 50
217 204
178 159
133 178
217 133
98 17
89 95
125 111
133 223
5 50
89 47
217 178
5 89
89 95
89 95
223 217
178 187
95 89
50 5
89 95
50 95
133 223
95 89
89 84
217 223
95 50
5 89
5 95
133 217
50 95
217 199
100 14
217 223
95 89
223 178
89 5
178 223
217 223
5 95
178 223
50 95
133 223
223 178
50 5
5 95
133 223
178 223
223 133
223 142
217 223
217 251
133 217
89 5
89 5
89 95
211 207
217 223
95 82
217 178
178 217
133 217
133 217
89 95
217 223
223 133
89 50
50 95
89 5
133 217
133 223
178 223
50 5
178 223
50 120
89 50
89 5
217 223
5 95
89 5
89 50
95 23
50 91
133 178
5 89
217 223
178 223
217 223
95 5
223 178
89 50
89 95
223 184
5 95
5 95
95 89
95 89
50 95
5 89
5 89
89 95
178 223
217 223
133 227
133 217
217 133
89 95
95 5
217 223
223 217
50 89
182 207
51 9
217 178
178 133
50 95
178 223
89 5
5 50
95 89
50 89
50 95
50 95
68 15
95 50
95 5
223 205
42 51
223 133
133 175
95 89
133 223
217 133
50 95
50 20
50 5
50 5
89 95
89 95
217 178
178 133
95 5
89 95
223 217
89 95
224 235
217 178
217 223
178 223
178 217
5 50
5 42
50 95
178 223
247 251
217 223
178 223
89 50
95 100
50 5
133 223
95 89
223 178
217 223
89 95
178 223
95 89
143 162
5 89
89 50
95 5
50 5
217 223
89 50
58 113
223 133
15 34
5 89
187 191
178 223
50 89
89 52
89 95
5 50
89 50
50 95
217 133
217 178
50 95
133 223
89 95
223 217
89 5
95 89
5 73
5 89
217 223
89 95
223 217
89 95
133 217
5 117
89 17
217 223
186 241
89 95
89 95
5 83
89 95
178 158
95 75
133 178
95 50
5 50
217 203
89 95
95 89
17 116
95 89
89 50
223 217
217 223
50 89
223 178
217 223
5 80
89 123
50 95
89 95
178 141
217 223
95 89
95 50
217 223
5 89
217 223
223 217
95 89
145 142
50 95
5 95
133 178
133 223
89 95
89 5
89 50
89 95
50 95
89 95
178 134
223 217
178 133
89 68
148 192
95 50
169 177
223 151
89 95
81 42
217 223
95 89
217 223
95 89
95 89
217 223
178 223
162 239
89 95
5 73
217 223
178 223
5 50
5 95
89 95
89 5
89 95
178 223
178 217
50 5
178 145
5 95
50 95
217 230
133 223
95 50
89 95
5 89
217 223
133 175
89 95
217 223
50 95
133 222
217 130
5 65
217 240
133 217
5 95
95 89
95 47
89 123
89 95
217 223
89 95
133 217
5 95
89 95
178 223
89 5
178 217
178 147
89 95
217 178
50 95
89 95
5 95
5 95
5 95
217 223
133 201
133 148
133 223
95 50
95 89
223 178
217 178
178 223
217 223
95 5
223 217
5 89
178 223
89 95
5 119
65 61
5 89
50 95
178 217
89 113
89 50
89 95
133 217
5 95
89 5
217 178
191 248
223 217
217 178
5 89
50 89
89 95
94 30
5 95
133 217
95 89
217 178
5 89
50 7
133 178
178 217
50 95
217 133
5 95
223 217
95 50
95 89
5 50
95 50
217 133
223 178
178 223
133 175
5 95
217 223
223 178
178 133
89 113
133 223
89 95
89 5
89 95
95 89
223 217
182 178
192 179
223 253
89 5
178 223
133 223
223 178
223 217
64 94
95 5
95 124
95 23
223 217
178 133
5 95
217 223
178 217
50 95
223 217
133 223
223 217
178 223
50 95
178 223
217 223
217 223
223 178
89 95
89 50
89 95
50 95
89 50
133 175
95 14
64 8
50 5
89 95
50 95
95 89
133 223
223 217
217 223
95 42
133 178
89 5
217 178
95 89
133 193
50 95
223 133
5 33
89 41
217 223
133 178
99 19
178 223
178 223
89 32
223 133
217 223
95 89
89 99
217 223
89 95
178 241
178 252
178 223
241 186
222 230
223 145
133 223
89 50
50 95
178 223
178 223
64 83
5 50
217 223
89 95
133 223
89 50
95 5
223 220
133 175
223 133
133 178
133 175
89 95
178 223
223 217
133 223
133 217
133 217
50 95
178 223
133 209
223 178
217 223
178 217
217 223
95 5
95 14
89 95
5 50
178 133
209 170
133 223
217 178
223 217
5 73
178 223
89 95
89 110
89 5
253 142
223 217
89 95
41 107
95 5
223 178
217 223
5 50
178 175
89 50
217 223
217 223
51 42
217 223
89 95
95 89
217 178
89 95
5 95
133 217
89 95
217 223
50 89
235 141
133 241
5 95
50 95
89 95
95 56
50 95
5 89
89 95
5 81
217 223
223 133
50 95
5 8
5 95
68 15
178 217
50 95
5 10
89 83
217 223
217 178
178 223
133 223
5 89
133 178
217 133
89 79
133 217
106 95
5 95
133 201
217 223
193 250
178 142
5 123
89 95
217 223
89 5
50 95
5 73
133 207
5 95
217 223
133 178
217 133
217 223
50 95
178 223
89 95
95 14
95 89
217 178
178 223
178 217
223 217
5 65
50 95
5 50
217 223
50 89
95 110
89 50
133 201
50 95
223 133
95 89
178 223
5 95
133 217
178 133
133 175
5 47
217 223
89 5
223 178
133 223
223 217
89 95
50 89
89 5
178 151
133 173
50 95
223 217
5 73
133 175
178 133
95 89
50 5
89 95
217 223
89 5
50 95
15 83
95 5
50 5
5 95
178 133
217 223
133 223
179 176
95 50
186 241
95 89
249 232
133 217
89 5
133 223
170 222
50 95
89 95
223 136
223 217
253 187
178 223
227 156
217 223
217 223
217 227
5 50
5 95
217 133
89 50
217 178
89 95
95 123
217 223
217 133
89 50
95 5
133 223
253 249
41 101
217 223
217 178
5 73
64 83
223 245
50 95
5 95
133 217
95 71
133 217
178 223
5 30
178 217
217 178
178 145
89 50
217 223
217 223
89 95
133 217
249 233
223 220
5 89
223 178
89 95
5 95
133 178
5 89
133 175
50 95
95 50
217 223
217 223
223 178
5 95
178 133
58 113
217 251
68 41
14 81
5 95
5 14
20 64
50 95
217 133
133 223
89 95
228 247
89 5
89 50
50 5
89 50
178 133
223 207
5 89
89 95
178 133
89 95
95 50
145 196
95 5
217 203
95 5
5 95
89 95
178 223
169 149
64 13
89 95
217 178
95 40
5 89
89 95
196 169
133 223
178 199
89 83
42 50
5 95
217 133
133 217
217 202
217 133
89 50
217 133
217 223
217 133
178 223
89 95
89 95
217 178
89 95
94 79
191 248
89 5
223 217
95 50
217 223
178 223
89 50
5 50
217 223
217 145
89 95
50 95
133 217
247 136
5 15
5 50
5 32
223 225
178 217
217 235
89 82
68 14
178 133
89 95
89 50
89 5
217 223
151 223
223 151
95 10
223 194
217 223
223 217
217 133
5 95
95 89
223 217
217 223
65 34
133 223
133 178
89 95
100 119
89 5
178 223
217 178
178 133
89 95
95 89
223 133
50 5
5 89
50 95
89 95
89 95
89 95
89 95
95 50
95 89
217 223
223 221
217 223
50 95
5 73
5 50
223 151
95 50
133 255
89 50
89 95
223 142
50 5
89 5
95 23
148 192
89 95
217 252
89 50
178 217
89 95
223 178
89 95
133 223
133 217
5 47
95 89
228 247
133 223
207 211
182 202
248 244
89 95
224 149
223 133
54 19
50 89
5 95
217 133
95 89
223 133
50 89
133 209
223 217
50 95
217 223
178 223
89 121
223 133
217 133
95 5
217 223
217 133
5 89
63 96
5 95
217 133
223 151
5 95
95 89
5 95
99 127
133 223
89 95
95 50
89 95
5 89
217 223
95 5
95 89
95 78
89 50
95 50
50 89
223 133
89 95
217 178
223 178
5 116
178 223
217 223
15 83
217 223
217 223
89 95
178 223
50 89
89 95
178 223
182 133
95 89
223 178
89 95
133 223
223 217
89 50
178 133
133 217
217 227
58 113
95 8
133 178
223 217
5 18
217 223
15 79
178 222
50 95
217 223
217 133
89 50
133 223
178 217
217 223
178 243
5 95
95 14
178 223
178 223
50 5
50 86
95 5
50 95
178 223
89 95
50 95
223 174
178 243
50 100
95 14
178 217
89 95
95 5
217 202
217 133
217 223
50 95
241 186
89 50
133 178
50 99
248 207
223 201
89 95
5 95
89 50
95 89
50 8
223 217
178 217
223 217
95 5
95 89
223 178
89 95
217 223
217 223
41 89
179 135
50 58
217 223
178 217
51 124
54 48
133 195
95 89
5 95
223 211
148 192
133 223
223 178
89 95
50 14
5 89
178 217
133 175
133 223
178 217
178 217
89 95
5 50
217 223
217 223
89 95
50 95
50 89
223 217
223 178
133 217
50 95
133 223
89 50
89 95
50 95
217 223
89 64
133 201
89 60
178 217
89 5
217 223
133 223
89 95
217 223
223 217
223 178
89 60
178 217
95 50
5 95
133 217
95 89
50 125
50 95
178 243
89 107
160 202
95 89
95 14
133 178
217 223
95 89
95 99
5 89
133 201
50 41
217 133
50 95
223 176
217 223
133 151
95 79
178 223
50 95
89 95
133 178
217 223
169 137
217 178
217 178
223 217
95 23
95 50
178 223
50 89
50 31
89 50
95 89
217 223
89 95
5 89
217 178
89 95
178 223
50 95
5 95
133 223
50 95
178 223
50 5
217 223
133 217
50 95
217 223
223 133
89 50
133 223
50 5
50 89
133 223
95 50
178 217
178 133
223 178
217 178
192 211
217 241
217 223
89 95
133 240
217 211
95 14
89 95
89 5
133 178
89 5
178 223
5 95
5 50
50 95
227 186
89 121
5 95
50 54
50 5
50 120
50 89
223 178
5 50
50 95
89 95
50 95
89 5
89 50
81 42
217 178
89 95
50 89
224 254
5 50
89 5
217 223
5 95
217 223
223 217
178 133
5 50
5 95
79 63
95 50
89 95
178 223
223 217
178 133
51 36
217 223
95 89
111 70
5 73
217 223
50 74
89 50
223 178
50 89
217 133
89 95
95 89
133 217
89 95
50 89
217 133
95 89
13 107
5 50
89 48
217 214
50 124
217 223
133 217
89 5
50 95
178 223
95 123
217 178
50 95
178 223
5 73
50 45
217 178
217 178
228 142
133 223
50 89
5 89
223 217
223 217
89 93
89 82
50 5
223 217
50 95
191 224
96 47
217 133
133 223
123 119
217 133
50 95
95 89
5 63
133 217
217 178
217 223
89 95
89 5
251 247
95 89
217 223
227 207
89 95
223 138
223 178
217 223
5 95
95 89
178 223
178 217
133 217
70 119
89 5
89 5
89 50
133 223
217 223
50 95
100 119
95 89
95 89
5 89
223 133
50 95
217 223
89 95
217 178
192 246
89 5
5 95
95 5
192 222
223 133
133 217
5 95
89 50
89 95
89 95
217 223
89 95
133 223
133 223
5 83
95 23
50 95
50 95
89 95
63 120
95 122
217 223
178 133
223 217
89 50
95 50
89 95
217 133
223 217
50 76
217 199
89 68
223 217
217 223
95 89
95 50
95 50
133 170
223 142
14 81
95 89
223 133
89 95
217 223
95 89
95 89
133 223
169 196
67 50
89 95
217 142
95 94
143 207
217 178
217 223
89 95
217 223
223 178
133 223
50 95
217 133
217 223
95 50
95 5
217 178
178 217
133 223
5 80
89 50
217 223
89 95
223 224
217 178
5 95
179 170
133 175
217 223
89 95
217 178
95 89
178 223
95 89
133 219
89 5
217 178
5 95
217 223
5 118
251 247
217 223
5 50
133 217
217 133
217 133
95 5
5 89
133 223
178 223
217 227
64 10
50 113
89 95
95 5
50 89
217 223
223 178
223 251
223 217
217 223
223 251
178 223
89 95
228 247
133 223
217 178
95 50
178 133
223 133
5 73
217 223
50 95
178 223
5 95
178 133
217 178
133 251
23 95
89 95
133 223
217 223
5 95
133 223
5 89
223 217
89 95
247 228
89 95
217 223
217 178
178 217
50 81
178 223
50 89
133 223
95 89
89 95
50 95
95 50
68 15
89 95
95 89
95 5
217 223
178 217
178 223
17 35
223 178
89 95
50 89
133 217
95 5
50 89
95 23
178 217
217 223
95 89
50 95
178 223
223 178
217 223
217 223
133 175
241 186
5 95
95 89
217 223
148 136
89 95
89 5
95 89
223 133
223 217
5 47
50 71
217 223
223 217
50 95
133 217
95 23
50 95
223 217
148 251
15 83
133 217
89 95
89 50
5 89
5 95
95 50
89 95
50 56
89 95
89 95
50 89
89 5
50 89
5 47
5 111
178 223
5 47
5 50
253 223
179 139
50 95
178 223
95 89
20 8
99 54
114 50
191 224
5 68
133 223
148 211
178 223
50 5
217 223
178 181
95 5
217 223
50 79
50 110
96 91
217 223
217 133
217 223
50 95
217 223
178 223
223 178
133 129
217 223
17 95
100 14
95 89
223 217
217 223
50 95
95 14
223 151
223 133
217 178
217 211
89 95
5 95
95 89
95 89
178 133
5 95
89 95
50 95
133 223
178 223
217 133
246 193
246 193
223 196
5 95
178 133
223 133
95 89
217 178
95 50
223 217
95 50
217 178
5 95
64 71
217 223
178 133
178 223
50 89
89 30
95 5
89 5
217 223
95 50
223 217
89 95
50 95
5 95
50 95
217 223
5 95
50 95
5 95
95 89
217 133
89 95
50 89
217 133
178 217
223 142
178 223
178 223
65 23
217 178
217 223
50 95
89 50
5 95
217 223
89 95
95 50
178 223
5 95
223 142
50 7
178 223
145 228
50 118
5 89
217 223
217 223
223 217
145 251
217 133
89 45
5 73
223 178
223 217
5 95
217 133
5 95
65 118
89 95
223 217
217 178
217 133
89 50
217 223
223 178
223 133
223 133
50 93
89 95
89 95
50 95
178 133
223 178
50 95
5 3
179 208
41 117
64 13
89 95
223 178
217 178
89 50
217 223
217 223
217 223
5 95
247 136
95 89
89 95
217 223
50 95
89 95
178 133
89 5
50 95
217 220
223 217
89 95
217 202
95 5
249 128
50 105
217 178
133 217
50 89
95 79
217 203
89 50
217 223
89 95
50 5
95 113
5 95
223 133
223 133
20 64
95 89
223 178
193 154
178 223
223 217
89 50
178 223
133 217
89 95
50 15
63 96
89 95
50 95
223 142
217 223
5 95
223 142
50 89
133 217
5 89
223 217
89 50
89 5
217 178
50 95
89 95
217 223
5 50
5 89
223 217
50 5
223 217
50 95
95 89
89 5
89 80
95 89
5 50
178 223
89 5
223 133
133 223
223 217
133 201
133 178
133 217
5 89
89 95
95 50
217 133
5 99
5 50
217 133
89 95
89 109
217 223
178 255
95 50
95 56
50 65
95 50
89 95
95 5
217 223
5 10
217 223
143 162
178 223
95 89
89 50
89 95
95 116
95 89
223 178
50 71
178 223
192 141
95 31
178 175
223 217
5 95
50 95
217 178
133 217
89 50
50 5
223 151
223 217
133 223
95 89
95 23
217 223
100 54
5 95
223 217
133 175
50 95
5 50
89 95
217 223
89 95
217 178
223 217
89 50
95 5
89 95
241 207
217 223
217 133
178 238
95 23
133 217
217 133
224 163
89 95
217 223
95 5
217 186
178 191
50 95
51 47
89 104
217 223
247 227
217 223
5 95
178 133
217 223
217 223
89 95
89 95
223 217
5 50
50 5
5 50
5 95
217 223
133 223
89 8
217 223
217 133
89 50
17 11
95 89
223 217
133 217
95 89
89 95
217 223
217 223
217 178
89 95
89 50
235 238
5 95
5 95
50 89
50 89
89 95
133 223
95 89
217 223
89 50
217 178
89 95
223 178
50 95
50 95
223 178
50 95
223 178
223 217
223 251
217 138
223 133
95 89
217 223
89 50
50 95
133 184
89 95
89 95
5 50
217 133
223 133
95 23
5 89
178 133
95 5
178 141
89 95
89 95
178 133
178 223
217 223
217 178
89 95
50 95
192 211
133 178
5 50
217 223
95 89
5 89
89 95
95 50
50 95
5 95
89 95
223 133
217 223
133 223
223 199
95 14
5 89
50 89
89 5
63 79
50 5
89 5
5 89
89 5
41 48
178 223
133 223
89 28
178 217
50 95
50 95
223 133
89 95
217 223
15 83
217 223
50 95
5 95
67 64
217 223
50 5
50 95
133 192
50 95
223 133
223 217
217 178
178 217
223 247
217 223
223 217
217 178
5 73
133 217
89 95
223 178
133 178
223 133
74 100
247 228
89 5
95 89
50 89
95 23
246 170
89 95
5 95
5 73
133 178
95 50
133 223
217 133
95 50
122 95
179 251
95 5
95 89
217 223
5 95
89 95
95 50
89 50
50 95
95 89
223 133
51 79
145 220
89 95
223 217
133 178
95 89
89 95
178 189
217 223
133 178
178 244
133 217
89 95
5 50
50 63
223 217
95 89
178 133
89 5
223 133
223 178
113 58
133 201
224 244
133 223
217 223
95 89
223 217
223 178
5 95
89 50
217 223
5 50
217 223
217 142
5 89
217 223
89 50
223 217
5 95
50 95
217 133
89 5
222 210
95 89
178 223
5 50
217 133
15 83
89 5
95 47
178 223
89 0
223 133
217 223
5 95
178 133
89 20
178 133
217 133
223 217
32 74
89 5
89 50
50 5
160 202
178 203
64 44
50 89
217 223
133 217
5 50
5 95
5 50
217 178
89 95
5 89
95 50
223 217
223 151
133 175
178 223
223 217
133 178
223 133
223 142
95 120
89 5
65 34
50 95
89 50
223 217
196 143
178 223
50 79
89 95
50 5
223 151
5 50
217 133
217 178
178 223
95 50
217 223
223 133
223 217
217 223
5 89
89 122
178 223
50 95
223 178
223 178
223 217
223 133
217 133
217 223
89 95
217 223
178 223
95 5
50 89
133 175
223 178
89 95
5 95
50 5
50 5
133 223
178 133
178 133
42 17
217 223
178 223
5 95
89 95
89 95
143 207
81 42
89 95
50 5
95 50
217 223
5 89
5 95
217 223
133 223
178 223
17 21
217 223
95 56
133 178
95 50
223 178
95 89
95 50
217 129
182 178
89 50
217 178
178 133
217 133
5 95
95 89
50 71
148 136
223 253
217 133
133 207
89 50
89 95
125 88
50 95
217 223
217 133
95 89
223 217
95 50
95 89
170 179
178 161
178 217
217 223
50 5
89 5
217 223
217 223
217 223
50 95
133 217
217 223
89 50
5 47
133 178
133 217
145 189
217 223
133 223
217 223
89 95
217 223
89 95
223 217
5 50
133 158
5 89
95 50
217 223
50 95
217 177
222 186
5 95
133 178
217 223
5 89
50 95
223 178
50 95
95 89
5 95
133 201
50 95
95 97
89 50
217 178
95 14
95 5
178 204
223 217
5 3
133 217
217 133
5 73
184 133
95 60
89 95
223 133
133 217
217 223
95 89
178 133
89 95
50 89
223 133
50 5
217 178
89 95
217 223
89 95
50 5
95 89
217 223
95 89
50 17
133 217
5 89
5 50
89 95
89 95
133 223
217 223
50 89
50 95
50 95
223 217
217 133
217 133
50 105
50 89
223 217
89 50
178 217
223 217
89 95
95 64
95 89
89 50
50 95
50 5
249 130
178 248
217 250
50 89
133 178
95 83
217 223
95 50
5 95
89 5
217 223
253 166
133 178
133 223
5 50
95 50
50 89
5 95
178 223
95 14
65 15
50 95
89 95
223 207
89 5
192 211
5 95
133 147
51 84
50 95
89 95
217 178
5 14
50 95
89 95
133 223
217 178
89 95
50 95
217 142
50 89
133 129
192 246
178 223
89 95
133 237
89 50
95 14
89 50
50 95
133 178
178 142
95 23
89 95
50 5
223 217
217 223
133 223
178 223
50 95
178 190
223 217
89 50
15 83
95 89
95 89
223 179
95 89
95 84
223 217
95 83
89 49
217 223
217 223
95 50
89 95
5 89
133 158
133 223
95 23
95 89
89 95
178 212
5 89
217 223
95 89
70 42
223 133
223 151
217 178
5 95
95 50
217 133
223 178
5 95
217 178
133 178
223 178
89 5
178 217
217 238
89 95
89 95
191 224
109 54
217 223
223 142
217 223
209 170
5 89
217 133
50 95
217 133
217 223
217 223
217 133
95 50
5 89
89 5
99 18
178 223
50 95
178 133
178 223
133 251
68 15
5 95
178 217
89 5
5 95
95 79
95 50
223 217
223 133
217 133
50 89
133 223
89 50
178 133
5 89
50 95
133 223
133 217
89 50
142 209
143 211
89 95
178 223
217 178
89 14
89 5
133 217
5 89
89 50
178 254
5 95
217 223
89 95
5 95
223 188
217 223
5 89
217 133
217 178
95 102
89 52
223 133
178 217
133 217
178 223
178 238
95 54
95 89
178 223
186 241
223 217
125 123
5 89
217 130
217 223
217 223
89 50
129 178
95 50
95 5
133 223
133 223
89 95
5 95
89 95
217 223
223 217
5 95
223 217
133 178
50 95
95 60
178 223
15 83
89 95
50 89
89 95
133 217
173 217
217 223
217 133
217 178
217 223
89 95
89 5
133 223
133 217
178 223
217 223
217 223
133 223
133 178
223 158
50 97
217 223
178 223
223 133
5 95
178 162
50 95
95 89
178 217
133 217
95 50
89 95
133 170
133 178
50 95
89 95
217 178
5 89
5 95
133 223
133 223
133 178
50 5
89 95
95 50
89 50
178 133
223 133
223 217
133 223
5 95
133 206
223 164
217 138
89 50
217 223
133 223
223 178
217 223
178 244
89 50
223 217
5 95
50 107
1 50
217 223
89 50
223 151
95 5
17 9
223 217
89 5
89 95
223 217
217 223
5 63
89 95
223 217
89 50
178 133
223 217
89 5
217 133
217 223
178 223
223 133
178 223
133 223
5 95
95 50
217 223
50 95
5 89
95 89
89 95
89 95
217 223
95 89
133 201
223 217
227 140
95 5
217 178
89 95
133 201
223 217
223 133
5 99
95 5
217 223
143 207
5 50
133 217
223 178
223 180
133 223
223 178
217 223
223 151
95 50
223 178
223 217
89 95
83 19
95 89
223 217
178 217
133 223
217 223
217 223
50 95
89 95
223 217
89 5
95 5
89 5
217 223
217 178
178 145
95 50
95 14
217 223
217 133
5 50
89 5
223 178
217 223
89 95
217 133
133 223
50 95
50 95
95 50
223 216
5 73
5 53
217 133
50 95
217 133
178 141
217 133
89 95
217 223
223 178
223 178
89 95
63 42
89 95
223 151
133 217
178 141
50 24
5 95
95 89
253 156
89 95
223 217
223 178
223 142
92 89
89 50
89 50
217 223
95 5
223 133
223 217
133 178
133 178
107 125
89 95
253 229
133 217
89 95
95 89
222 198
5 95
5 73
89 95
5 50
95 89
95 89
217 223
178 133
217 238
89 50
50 95
217 133
5 51
223 217
217 133
133 175
223 217
178 223
41 110
5 89
223 178
133 223
95 50
89 95
217 133
133 217
95 89
95 89
5 50
217 223
178 211
223 217
228 182
89 5
178 223
133 217
95 50
95 89
95 89
223 217
217 223
89 5
217 178
125 85
89 50
5 95
95 50
89 95
50 95
50 95
217 223
217 223
129 133
178 224
89 80
95 5
223 217
5 95
95 50
95 89
89 95
223 251
167 133
50 95
178 133
5 47
89 95
89 95
89 95
95 89
223 217
89 95
95 14
89 95
95 14
133 217
223 217
89 95
133 217
226 179
50 95
89 80
89 47
95 50
89 5
89 95
95 89
89 95
217 246
217 223
217 133
178 150
217 223
89 50
95 5
217 223
223 178
89 95
223 142
70 42
50 95
5 95
223 133
89 5
96 54
223 133
50 5
133 148
5 41
50 95
217 178
217 223
178 184
228 247
217 157
253 187
95 89
217 223
223 217
95 89
223 217
89 95
89 95
89 50
89 95
223 217
89 26
95 89
50 123
95 23
95 89
95 50
223 133
95 89
5 95
246 239
50 5
95 94
89 95
89 95
50 95
5 50
133 175
89 50
223 217
50 5
223 178
5 50
5 50
223 217
95 50
95 89
178 222
178 217
217 223
178 223
223 178
223 178
89 95
217 133
95 50
89 95
133 223
178 133
5 47
223 133
5 50
223 217
143 162
5 95
89 17
169 205
89 50
217 223
133 182
95 50
133 217
133 178
133 178
178 224
50 95
133 217
133 223
178 217
50 5
118 65
217 223
50 95
217 133
5 95
223 217
217 133
89 50
89 95
223 133
5 95
133 223
217 223
178 217
50 95
217 223
133 223
89 95
89 50
223 178
95 89
50 95
89 95
95 5
89 50
223 178
148 136
217 133
41 68
89 95
125 25
208 178
223 142
89 95
89 95
133 201
50 5
95 77
95 50
223 217
223 217
133 223
178 217
89 95
95 50
95 50
223 217
223 217
169 196
223 217
89 50
89 5
223 178
95 89
89 50
133 217
89 5
94 21
223 178
89 95
95 5
89 95
223 217
178 223
5 81
217 223
217 178
50 95
217 133
170 179
89 5
217 223
133 217
142 223
217 223
95 89
170 222
223 217
217 223
50 47
89 95
89 95
5 95
178 223
95 89
95 89
223 217
178 223
68 89
223 217
89 95
5 50
223 133
217 223
94 106
217 178
95 50
217 175
89 95
160 202
5 50
50 95
133 223
5 95
178 244
89 95
89 50
5 89
178 175
178 223
223 217
223 217
95 89
107 13
65 82
5 95
99 105
223 217
5 73
208 217
178 223
133 201
50 116
178 223
89 50
178 223
89 95
95 50
95 5
50 75
5 89
95 5
5 95
5 102
5 74
133 251
50 104
50 95
95 89
178 140
89 50
50 5
217 178
106 70
133 235
178 223
95 23
217 178
223 217
178 223
5 73
89 95
217 223
178 223
217 223
50 105
95 50
223 178
178 223
95 89
5 73
133 192
95 50
5 50
50 95
95 5
50 95
133 223
133 223
178 223
95 113
95 89
51 94
95 50
223 217
133 166
95 50
50 5
178 143
178 142
223 178
178 154
217 223
223 178
5 56
223 217
133 223
89 5
89 95
217 133
178 214
64 13
5 95
178 223
178 133
217 170
5 95
223 178
50 95
5 95
50 89
217 178
89 50
223 178
95 5
133 178
196 143
223 133
217 223
95 14
89 95
223 133
178 217
223 250
89 95
133 217
178 144
178 213
89 95
217 235
133 217
217 223
95 89
223 217
5 95
133 223
247 251
95 0
5 89
178 223
217 133
95 5
5 89
217 178
89 95
113 58
178 216
192 162
50 97
95 50
89 95
5 95
178 217
95 5
50 89
178 150
217 244
133 217
217 223
50 64
50 95
133 217
89 95
178 217
133 223
133 178
89 95
5 95
95 14
89 50
217 223
223 133
42 111
50 77
95 89
133 178
223 133
133 217
5 95
223 217
95 5
217 223
95 89
133 217
217 178
143 207
217 223
89 50
50 95
133 217
217 185
178 217
133 217
178 223
234 198
133 223
133 246
89 95
217 133
217 223
217 223
223 151
217 133
89 95
217 223
178 189
133 178
178 217
95 89
223 178
50 95
223 178
223 217
253 212
5 95
223 178
50 95
89 95
217 133
5 50
178 175
5 95
5 95
223 178
89 95
223 217
95 50
50 95
95 50
178 223
133 217
217 223
95 50
89 50
238 217
133 175
50 5
5 95
5 95
95 5
247 251
89 95
217 178
133 130
50 95
217 178
50 95
133 178
217 223
133 178
178 133
89 95
133 178
50 95
223 178
217 223
133 223
178 223
178 191
217 178
217 223
65 88
192 153
217 175
217 223
241 186
89 95
178 217
217 223
217 223
95 89
178 217
224 162
217 223
79 83
169 192
89 50
217 223
89 50
133 223
89 50
50 95
223 217
223 217
217 188
95 89
133 201
95 89
217 223
95 50
223 133
95 50
223 166
89 95
89 95
178 166
89 95
223 217
50 95
89 5
89 50
217 178
179 154
217 223
133 201
179 208
223 211
50 95
89 95
5 95
178 223
89 95
133 202
223 128
5 95
223 178
50 89
95 50
133 175
95 50
125 126
223 217
133 217
89 95
5 95
95 50
89 95
95 89
89 95
89 95
89 5
50 95
217 223
50 95
217 133
217 178
89 95
5 95
223 178
89 95
95 5
95 59
217 223
223 217
50 95
217 223
217 223
95 50
178 145
223 133
5 95
95 50
89 95
50 95
89 5
95 89
178 223
133 217
133 223
217 223
95 89
5 34
178 203
5 95
95 89
50 95
217 223
95 50
5 47
193 189
178 133
217 223
133 178
223 217
89 95
95 89
217 223
133 223
178 223
178 133
223 133
223 217
223 217
89 95
5 89
95 50
217 223
89 95
178 223
89 95
95 89
217 223
95 5
223 151
217 193
217 223
182 252
223 217
89 50
217 202
178 175
133 223
50 95
95 5
217 222
50 89
95 23
178 133
217 223
217 133
95 5
5 50
133 223
5 52
89 95
99 98
5 0
223 178
217 223
178 133
95 63
141 209
178 223
223 178
217 223
133 217
95 50
95 50
193 133
178 227
253 175
217 133
89 95
50 95
89 119
50 84
95 50
50 5
5 95
50 14
217 178
95 89
5 73
217 223
133 217
156 227
5 95
50 5
50 95
223 142
95 14
5 95
89 95
142 209
223 217
89 95
217 178
178 223
246 170
223 217
178 223
133 223
5 89
217 223
223 217
217 180
217 223
178 223
133 223
89 50
89 95
89 95
50 95
5 89
5 95
223 142
89 5
99 81
5 95
217 223
223 178
133 178
217 223
133 223
133 223
50 107
217 223
95 5
223 217
217 223
89 95
50 0
223 178
133 223
223 178
50 95
5 89
50 82
217 178
50 54
95 50
217 133
89 95
223 194
191 209
217 223
5 89
223 133
217 178
178 223
5 95
89 50
5 95
89 95
5 95
89 50
89 5
5 50
178 133
91 50
123 119
95 14
223 217
217 178
5 95
223 238
50 95
5 50
50 48
178 223
217 178
95 89
95 50
50 114
223 217
217 223
178 223
95 99
89 95
217 133
178 223
217 206
223 217
95 84
133 178
178 217
99 45
178 217
217 223
178 217
89 50
223 217
178 223
95 89
133 223
100 119
5 95
133 223
170 179
50 95
5 123
89 95
89 95
217 223
223 217
95 89
223 133
95 89
95 14
223 178
223 217
217 223
217 192
95 14
50 89
217 223
5 119
89 95
133 220
95 5
5 65
178 133
223 217
89 95
178 133
217 178
89 95
133 223
5 95
89 95
223 178
50 95
39 50
89 5
223 133
178 223
223 217
223 217
217 223
217 178
113 58
217 223
89 95
223 217
217 133
217 223
178 223
89 5
223 217
5 95
178 223
178 217
223 217
119 8
5 95
223 217
217 133
95 89
223 217
133 178
217 223
217 223
42 51
178 223
89 95
223 178
95 50
217 223
217 178
223 217
217 133
41 68
223 217
50 5
50 95
89 50
217 133
223 251
217 178
89 95
50 95
217 223
133 217
89 95
133 149
223 151
50 14
89 95
95 5
5 95
50 95
178 223
133 201
191 170
223 178
148 136
95 89
95 50
89 95
133 210
5 95
217 133
5 50
50 95
223 217
133 217
89 8
50 95
133 142
217 133
223 217
217 223
217 223
178 250
178 223
89 50
133 223
89 95
217 178
5 100
95 89
107 13
133 217
95 5
41 68
95 23
178 223
95 89
95 5
179 164
50 95
89 42
54 94
118 111
217 144
178 134
223 133
89 5
95 5
169 196
178 223
5 73
133 178
217 223
217 223
217 223
133 175
50 89
95 22
50 95
217 178
217 223
5 34
89 95
5 89
217 223
89 95
50 95
89 68
50 3
133 223
89 5
89 95
50 5
191 207
217 170
223 178
178 223
178 223
217 223
95 118
89 50
217 223
178 223
78 50
50 95
95 5
217 223
54 50
133 223
89 51
95 89
178 133
50 95
89 50
5 95
89 50
50 95
192 136
89 50
217 178
133 223
169 162
178 243
50 95
5 50
217 223
125 105
50 84
89 95
222 174
217 178
89 50
133 223
182 178
5 95
89 95
223 217
50 95
5 50
217 133
217 133
217 223
5 47
89 95
223 217
15 79
89 95
89 95
222 136
178 223
89 5
178 223
217 223
217 223
217 223
133 227
89 95
133 217
95 50
217 178
50 95
178 133
178 217
95 5
133 223
133 217
5 89
133 199
178 223
95 50
133 178
133 223
95 5
95 89
223 217
50 95
50 5
191 224
133 178
95 5
50 23
89 50
89 95
50 43
217 223
223 133
5 95
217 178
178 223
217 223
217 178
95 14
178 223
223 178
217 178
95 89
223 133
89 95
217 223
223 133
133 223
133 178
217 178
223 217
95 14
133 223
217 178
223 178
89 5
178 133
223 217
89 95
89 95
228 247
217 223
5 47
223 133
133 217
95 5
99 81
133 223
217 195
5 95
223 133
89 95
178 133
178 133
178 133
217 178
89 117
217 223
50 95
217 178
89 95
223 217
223 133
133 223
89 95
223 133
5 58
50 89
89 5
89 95
89 95
65 42
89 5
89 95
5 89
217 178
217 133
89 95
217 223
217 223
217 174
217 250
223 133
50 76
50 95
95 89
246 170
217 223
50 95
133 175
222 207
223 145
50 89
5 50
133 203
95 89
95 89
89 95
217 206
89 95
50 47
223 178
223 217
133 223
217 223
89 54
217 223
95 89
5 95
89 35
50 95
217 223
89 95
178 223
223 142
50 95
133 201
178 177
217 133
217 223
223 133
95 50
133 184
5 102
89 95
178 223
223 133
182 207
5 15
178 223
95 89
217 223
133 223
89 95
95 5
223 133
95 89
51 48
133 223
89 50
50 95
217 133
5 89
50 95
50 58
178 220
89 95
79 50
223 178
95 50
217 223
5 89
89 95
89 5
217 133
89 50
79 96
223 217
217 178
89 5
228 247
217 133
217 133
89 95
217 209
133 217
5 47
223 217
5 95
63 120
96 1
217 178
95 50
133 175
89 118
223 178
95 50
5 95
89 5
5 50
5 89
95 50
223 217
5 50
100 119
217 223
89 5
178 235
133 178
89 101
89 95
5 93
95 89
89 95
89 95
133 178
95 50
89 79
89 95
89 95
95 5
217 178
217 223
5 95
95 89
217 223
223 217
5 89
133 217
217 223
217 223
95 89
95 89
133 223
5 73
89 122
89 95
217 223
89 95
133 201
89 95
178 223
95 101
5 17
133 223
89 95
217 223
89 95
20 64
223 217
89 95
5 89
148 192
89 50
50 89
5 95
133 175
133 178
217 223
50 89
77 5
223 217
89 95
223 178
217 223
5 89
5 95
178 133
217 223
170 179
133 217
239 170
178 223
89 95
89 5
217 223
89 95
223 217
223 133
95 110
217 223
89 50
50 95
217 133
63 120
133 217
178 204
178 133
217 157
133 217
223 217
217 178
223 217
217 133
182 149
178 217
89 95
142 209
5 89
217 178
217 178
178 161
89 50
217 206
89 95
133 217
50 95
223 217
217 223
217 223
133 201
89 5
89 95
178 217
95 50
217 223
89 95
217 178
89 50
5 73
50 95
223 133
95 14
223 133
178 223
133 217
95 5
89 5
133 223
133 223
5 95
95 89
217 223
89 94
217 223
89 95
89 95
95 89
223 178
89 95
5 47
89 95
50 95
89 95
169 196
223 178
133 223
223 180
89 95
217 223
95 45
95 14
178 223
50 89
5 95
89 5
223 178
5 83
217 133
5 59
178 239
5 95
89 95
89 50
223 217
5 89
249 166
223 210
50 47
217 223
50 5
113 79
5 95
95 89
50 95
95 89
133 223
223 178
95 56
14 81
50 5
41 68
5 47
15 83
223 133
50 95
121 83
223 178
178 133
89 95
89 5
223 217
223 133
5 73
217 223
133 223
5 95
89 95
95 89
5 95
89 95
89 21
217 223
133 178
217 223
223 217
50 116
50 89
234 226
178 223
89 95
95 5
89 95
50 89
133 223
50 5
89 95
223 217
178 217
223 173
247 251
89 95
223 217
133 223
217 223
217 223
223 151
5 42
133 178
95 5
223 178
5 50
5 95
223 217
51 46
223 205
217 223
223 217
223 217
89 95
228 247
223 217
217 178
50 95
5 95
95 5
95 50
133 223
217 178
217 133
5 95
178 217
95 89
178 133
95 5
178 133
31 41
5 89
89 95
5 95
50 95
64 13
223 217
223 178
50 95
95 50
95 89
89 50
50 5
89 5
217 211
217 223
217 223
223 217
64 83
89 95
121 83
113 58
50 89
223 217
5 54
89 95
217 178
178 133
217 133
95 50
133 178
133 196
89 50
178 223
5 53
50 89
178 223
178 133
178 223
5 117
5 95
95 89
178 136
95 89
50 5
50 5
5 89
178 217
89 95
133 223
223 222
95 5
133 223
15 79
89 50
133 223
95 5
217 178
217 223
217 223
89 95
89 50
217 220
89 50
223 237
170 222
178 251
179 144
95 50
95 50
95 5
95 89
89 73
178 133
5 95
235 141
50 5
95 50
223 178
178 223
223 133
217 251
95 17
50 95
178 223
89 95
50 5
217 223
178 223
178 223
95 23
41 68
178 246
5 95
217 223
89 95
223 217
223 133
223 178
70 42
217 223
89 95
145 200
178 223
50 38
133 217
95 5
217 223
223 178
68 15
223 217
223 133
89 95
5 95
5 50
217 223
249 227
89 95
133 217
5 95
217 223
89 50
217 223
217 223
50 71
89 95
217 223
89 95
223 217
50 5
223 217
89 50
217 223
89 95
89 5
89 95
5 48
89 50
5 95
95 5
50 95
217 223
133 223
223 133
192 211
5 50
95 50
178 217
178 181
95 5
89 95
178 217
95 89
217 178
95 89
217 223
223 133
133 178
223 217
178 188
178 133
133 223
95 76
89 50
223 217
133 217
223 133
223 151
5 89
217 178
223 217
89 95
178 217
217 223
217 178
89 95
89 95
89 50
223 142
5 95
223 178
89 95
133 223
217 223
15 79
223 178
89 95
5 89
217 223
50 5
217 223
217 178
178 230
223 207
178 217
89 95
133 217
223 217
178 223
50 95
95 89
89 95
89 95
89 95
89 99
217 223
178 133
89 95
178 223
178 223
178 223
50 5
178 133
50 8
89 5
5 95
50 5
42 81
217 223
217 223
223 133
89 95
5 95
5 47
217 223
89 95
64 122
95 89
178 217
41 68
89 95
223 217
89 95
223 178
178 223
89 95
95 5
133 223
217 223
178 223
5 89
178 223
178 223
89 5
89 50
50 5
217 221
89 5
89 95
5 95
217 223
223 136
217 223
95 5
133 223
133 217
223 133
223 178
89 95
142 228
217 223
217 223
5 47
89 50
223 133
5 95
63 96
89 95
223 133
178 133
50 89
89 95
89 32
5 95
217 178
95 89
89 5
223 217
217 239
95 50
5 95
50 95
217 251
5 23
89 95
5 115
217 133
217 223
50 95
89 5
178 223
95 14
89 95
5 95
89 95
5 73
5 95
217 223
191 248
178 133
223 217
95 89
145 154
223 217
52 89
95 14
89 95
217 180
223 142
47 20
217 223
249 178
89 95
133 223
133 212
223 217
95 89
95 23
89 95
217 223
246 170
217 178
217 178
95 89
50 95
89 50
217 223
178 133
217 223
223 178
89 95
178 223
223 178
95 50
50 95
5 89
217 133
89 5
95 89
89 95
50 95
217 223
95 92
95 89
217 178
5 73
95 5
133 223
178 223
38 5
89 95
95 89
50 8
95 89
133 223
136 193
5 73
5 89
89 95
223 133
133 217
95 89
133 217
5 94
95 89
178 223
223 217
217 223
89 5
133 223
223 133
5 95
217 178
95 89
89 95
5 50
95 50
217 133
89 50
217 223
217 133
133 223
169 219
133 175
50 95
178 133
89 50
50 95
50 5
89 94
89 95
223 178
223 178
5 95
63 96
50 123
178 223
50 89
5 8
178 238
89 95
133 201
5 95
95 89
133 201
223 217
133 179
89 50
5 42
50 18
89 95
125 45
223 178
5 95
217 223
217 241
5 50
89 95
5 95
5 95
50 43
89 95
133 174
217 223
125 112
178 133
95 5
95 115
178 217
50 95
133 187
217 223
5 107
89 50
95 47
217 223
223 187
89 95
217 223
178 217
223 133
5 89
50 95
50 95
223 156
89 50
223 217
133 178
5 106
89 5
217 223
217 223
217 178
223 145
217 223
5 73
223 178
196 143
42 51
178 223
95 89
217 223
95 89
222 217
89 95
217 223
50 95
133 223
50 89
50 95
89 50
133 217
217 223
5 89
223 151
217 251
5 95
217 133
223 220
133 223
95 89
89 95
223 178
89 95
178 223
89 5
5 95
217 178
50 79
217 223
15 83
5 95
95 89
5 89
223 217
95 89
5 95
89 50
178 223
179 157
50 84
50 95
133 223
5 89
148 136
217 223
228 142
223 222
217 244
50 95
5 95
95 5
5 50
133 223
74 100
217 178
95 14
5 89
89 116
50 95
133 223
5 95
89 50
202 228
5 50
89 95
217 223
89 55
96 29
178 223
89 95
133 223
89 95
5 47
182 136
89 5
95 89
133 223
223 178
5 50
5 73
5 95
217 223
223 133
217 223
95 14
217 178
89 95
178 223
5 95
217 223
223 151
89 95
178 223
95 5
217 223
217 223
217 133
223 133
95 5
95 50
95 14
95 50
95 5
5 50
89 95
133 217
5 95
217 199
223 178
5 77
50 76
50 74
133 223
223 178
223 217
223 217
89 94
95 101
95 14
223 217
223 217
95 89
41 68
223 133
95 89
217 223
178 211
217 223
217 178
217 178
95 5
217 223
217 223
5 8
143 162
15 34
63 96
5 89
20 64
217 223
95 89
217 133
95 50
143 196
217 133
81 42
223 222
223 151
89 95
179 154
5 95
133 178
5 95
95 89
133 131
5 112
178 217
64 57
5 95
89 50
89 5
223 217
223 178
95 5
178 217
121 31
5 95
95 123
5 95
95 89
89 50
5 89
217 223
182 163
121 20
223 133
95 50
5 50
107 13
223 217
89 95
223 217
5 95
133 223
5 89
223 217
217 178
89 95
89 5
217 223
5 89
133 223
193 182
89 95
204 217
89 115
95 5
89 95
95 89
89 79
50 58
169 211
217 223
50 95
248 244
50 89
178 223
50 95
217 223
217 223
217 223
5 89
5 89
223 151
5 95
223 151
133 217
5 100
133 223
94 26
63 42
5 95
50 95
217 223
89 95
133 240
89 34
50 95
217 181
217 223
223 178
50 5
217 223
153 234
95 50
133 223
246 193
133 223
133 178
5 89
217 223
178 149
89 50
178 223
178 223
95 89
95 89
89 95
5 89
5 95
217 151
89 50
89 95
178 223
50 89
133 217
95 89
50 5
217 133
133 217
223 142
89 50
5 50
133 239
89 95
178 217
89 95
217 178
50 95
89 50
178 133
133 217
178 174
95 89
179 191
95 50
223 178
178 217
50 5
249 214
95 89
217 136
5 95
133 217
42 58
178 223
50 95
223 157
133 217
217 223
217 223
148 192
50 89
133 223
89 50
89 95
178 217
89 95
89 95
89 18
50 60
133 217
133 178
133 178
217 223
217 219
133 178
89 50
50 95
253 234
89 50
133 201
5 89
223 217
178 223
89 95
223 217
223 142
178 217
5 95
223 217
95 89
95 89
178 133
95 101
133 223
223 178
64 60
95 50
50 5
223 211
95 50
89 95
5 89
95 23
50 95
169 217
223 217
89 95
223 217
133 223
182 252
179 187
50 95
217 178
217 223
89 50
133 211
223 158
217 223
89 95
217 247
217 223
107 5
178 217
89 95
95 89
50 95
89 5
5 50
217 223
133 178
178 217
217 223
160 202
178 223
50 89
100 54
217 223
95 5
217 223
50 95
95 50
89 5
217 223
217 223
223 217
217 178
217 223
133 217
217 223
217 223
223 128
133 223
89 95
50 5
217 178
178 133
223 133
89 63
178 202
223 217
178 223
217 223
95 50
217 223
217 223
89 95
217 140
178 223
223 182
89 95
89 5
223 178
217 223
95 50
133 217
100 119
178 133
217 223
47 122
5 95
217 223
133 217
217 178
133 158
178 223
223 133
95 89
217 223
223 178
89 50
133 175
133 181
95 14
95 23
178 254
227 131
178 217
178 223
50 95
50 106
241 207
95 50
133 201
217 223
217 223
178 223
50 30
89 95
178 199
217 223
95 89
95 23
223 178
50 18
178 223
178 223
50 22
95 89
133 175
95 50
217 153
5 0
95 5
217 223
89 123
95 89
89 95
217 223
133 223
5 50
100 14
5 50
217 223
148 136
217 178
217 146
178 223
217 223
95 89
95 50
89 50
89 95
5 50
89 95
95 89
217 223
178 146
178 223
89 95
5 89
5 95
133 211
217 223
217 133
223 178
217 223
223 217
178 223
178 217
5 50
223 178
5 95
217 223
95 23
89 95
89 5
89 50
217 223
178 223
50 95
223 178
89 5
89 95
89 95
217 133
217 223
95 5
217 133
148 192
5 89
217 133
50 5
223 148
178 205
223 217
178 189
89 5
178 217
217 223
223 170
50 95
95 14
133 178
89 50
223 178
50 89
217 223
50 89
5 95
89 5
133 178
142 209
100 119
178 223
5 47
89 5
89 50
217 223
106 95
95 89
50 89
223 217
133 175
95 5
89 95
89 95
133 217
5 47
217 223
63 96
89 50
133 223
223 178
133 217
89 95
223 151
50 73
223 217
178 223
223 211
223 158
217 223
223 133
217 223
50 95
133 223
89 95
89 50
89 95
89 5
89 50
133 223
95 5
5 23
89 50
178 223
133 175
95 5
217 223
17 125
89 95
133 217
217 223
89 50
5 95
50 95
179 224
89 5
100 14
133 201
89 50
217 223
223 178
14 79
133 223
133 223
95 89
5 4
89 95
95 74
89 50
223 178
178 133
95 5
223 178
217 223
5 94
89 5
223 178
50 95
249 211
95 50
178 223
95 23
89 95
5 47
223 217
223 217
20 64
217 178
217 223
89 95
133 223
50 95
89 95
95 89
50 95
196 169
223 178
89 95
5 89
95 5
89 95
95 50
119 123
133 170
223 151
217 223
217 223
223 217
178 223
50 5
50 95
217 223
133 178
223 178
133 178
222 150
50 95
133 178
133 178
14 83
224 200
5 95
178 223
89 50
89 95
217 223
241 186
50 5
178 223
50 22
5 50
133 128
133 223
41 68
5 95
217 223
5 95
89 95
223 178
95 50
50 89
89 95
5 89
217 178
143 211
178 223
89 95
95 14
89 95
5 80
95 89
89 95
178 217
178 223
217 223
217 223
5 95
5 18
223 217
223 221
217 223
217 223
5 95
217 213
50 95
178 133
217 227
133 178
66 99
223 133
89 95
217 178
5 95
133 217
178 223
178 217
89 5
89 50
50 95
178 223
217 223
89 95
223 133
133 201
223 133
5 95
178 223
89 95
89 116
217 160
50 89
89 5
133 178
133 178
217 178
217 223
89 5
50 95
5 95
5 95
89 83
178 217
5 95
95 5
95 14
133 178
89 50
217 151
5 89
217 211
15 83
89 47
51 70
217 223
89 95
89 5
95 5
89 95
148 192
50 5
178 223
50 5
224 211
178 223
217 223
118 42
223 178
133 128
15 34
5 95
50 95
133 223
89 95
89 95
133 217
178 217
50 95
223 217
217 178
5 95
113 58
217 223
223 217
223 217
89 95
50 89
89 95
217 223
50 89
178 223
217 223
89 50
217 223
217 223
89 95
223 217
217 178
5 107
217 133
223 133
133 223
95 89
178 198
89 95
89 95
51 124
63 96
133 217
191 248
89 50
217 223
223 217
178 184
217 223
5 50
133 178
228 142
191 248
133 217
50 95
95 89
217 178
95 89
133 223
217 198
95 30
133 178
228 247
217 223
178 223
223 217
217 133
145 208
253 187
89 95
178 217
178 251
217 210
89 95
56 5
95 50
246 141
5 50
217 223
217 173
50 109
178 133
223 217
50 110
89 95
63 120
133 217
178 223
5 89
133 223
217 178
5 117
89 5
95 89
223 178
217 223
89 50
178 133
95 5
223 217
95 8
145 202
95 89
50 125
89 5
50 95
5 89
50 95
217 178
133 223
178 198
133 223
217 178
95 23
223 217
133 241
50 95
133 217
217 223
133 178
217 230
133 178
217 223
178 217
95 5
95 50
223 217
217 247
89 95
89 50
217 223
95 14
217 223
95 50
50 95
217 133
133 201
133 223
178 255
223 133
223 217
50 95
178 223
89 5
133 251
217 220
217 223
217 223
95 23
178 223
5 73
5 12
133 223
50 95
133 223
95 89
89 95
89 95
5 89
5 95
169 239
223 142
192 211
223 178
223 217
95 89
89 95
95 5
5 50
50 5
50 111
89 5
178 217
207 224
89 95
217 223
178 223
95 23
5 50
20 64
223 133
223 217
50 95
178 202
95 88
133 175
50 95
50 95
50 89
223 178
95 50
89 95
251 247
50 14
50 89
217 133
95 5
95 89
178 133
223 133
50 95
5 89
133 217
217 133
50 5
217 223
217 223
223 217
145 229
133 223
133 223
217 223
133 178
217 178
217 223
50 3
133 217
50 95
5 50
50 89
217 223
133 217
249 211
50 95
228 182
89 95
217 212
95 50
89 95
223 217
95 5
95 50
95 89
217 133
223 178
50 95
95 14
5 50
5 50
217 133
223 243
133 223
203 241
89 95
178 217
217 223
217 172
223 151
89 5
95 5
217 178
148 192
133 217
50 95
217 154
133 223
217 133
223 217
89 95
65 34
223 133
223 194
217 223
217 178
58 113
50 95
223 136
133 223
89 32
89 95
133 223
89 5
217 223
217 223
178 223
133 223
217 223
133 154
5 50
217 223
89 95
217 223
178 133
89 107
178 133
217 178
211 239
89 50
95 50
217 223
223 217
133 178
5 50
217 210
223 217
133 217
89 50
178 217
50 95
207 143
5 89
89 50
89 95
95 5
89 95
217 223
178 133
89 50
217 223
217 191
217 223
217 223
95 89
78 89
50 79
178 223
89 5
133 223
142 209
217 133
223 217
89 95
95 89
178 223
95 5
95 50
217 133
223 217
5 95
143 162
133 217
5 95
89 95
106 70
198 170
223 217
133 223
89 95
217 223
89 95
178 223
178 223
95 89
223 178
51 42
133 223
217 223
223 178
95 50
223 133
223 217
178 223
50 82
133 205
133 223
133 217
178 223
95 5
95 89
217 133
217 223
217 133
133 217
133 223
50 95
89 95
89 5
223 178
89 95
89 95
95 89
217 178
95 89
89 5
89 95
217 202
175 176
178 217
95 89
169 223
89 95
89 95
5 95
178 164
133 227
217 223
5 89
178 223
89 95
217 227
95 5
5 73
223 217
178 133
5 67
178 223
133 179
89 95
89 95
223 178
133 211
63 42
133 178
178 223
89 50
89 95
89 5
133 178
89 50
217 178
223 178
178 223
89 95
5 50
217 223
223 178
133 136
178 217
223 133
217 223
217 178
50 5
95 89
217 223
133 223
51 125
89 95
5 95
95 50
5 95
41 79
95 5
133 217
217 223
64 8
133 178
89 95
178 223
89 95
133 168
223 166
89 95
223 178
50 95
95 89
95 50
95 89
223 217
50 95
89 63
178 223
217 223
89 50
133 178
17 91
223 133
50 95
223 133
89 95
5 95
223 178
217 223
223 161
223 178
89 95
50 89
133 217
5 50
89 95
133 178
50 5
196 143
223 217
89 50
95 5
217 223
217 178
95 17
223 217
217 223
5 50
89 95
133 223
223 217
89 95
223 178
95 50
5 95
217 223
211 239
89 95
217 178
50 95
50 20
89 95
89 50
217 223
223 217
133 148
50 95
89 95
178 157
217 223
178 223
95 50
217 133
223 217
50 109
95 89
217 178
50 73
217 223
217 133
217 223
217 178
133 223
89 95
89 95
89 95
178 223
133 223
95 89
95 71
89 95
217 223
54 5
217 223
223 184
89 50
133 164
133 132
178 223
223 217
50 89
95 50
223 133
95 50
178 223
178 223
5 95
217 223
178 223
89 13
223 178
217 187
178 133
96 14
95 89
223 133
133 223
89 95
217 133
50 95
223 207
5 47
133 175
223 151
223 217
15 83
5 89
223 217
217 223
89 95
178 223
178 223
5 89
5 50
63 42
95 50
89 50
89 95
89 84
5 18
5 95
217 223
178 223
133 217
223 217
89 107
89 95
133 223
95 14
133 178
223 217
169 181
89 95
217 223
143 192
89 95
95 89
89 5
145 249
95 50
133 217
217 223
217 133
178 223
5 89
50 95
95 97
223 133
217 133
217 223
223 217
95 117
95 5
50 5
191 207
178 223
178 223
5 95
50 95
95 89
89 82
5 110
5 95
217 223
217 178
50 95
223 217
223 133
223 217
89 95
178 223
95 50
217 223
95 93
223 217
217 178
89 95
217 225
95 5
133 217
178 148
50 95
223 178
217 223
89 50
5 95
5 89
58 77
50 99
133 178
253 162
178 212
89 5
5 50
89 95
89 95
217 223
80 51
217 178
89 5
217 223
125 80
89 95
95 89
217 223
95 50
89 42
89 95
223 178
54 55
89 95
133 178
5 95
223 253
207 211
217 133
50 95
217 223
89 95
217 223
95 23
5 35
223 133
217 243
95 89
95 89
133 234
41 72
223 142
223 217
89 50
5 89
223 217
50 95
5 50
89 95
42 51
89 50
217 133
178 217
223 179
95 5
133 223
5 50
89 95
89 50
5 50
5 73
95 14
217 178
89 5
217 130
223 133
89 95
133 184
95 93
41 68
5 50
120 63
50 101
223 178
95 50
96 55
89 50
133 199
133 223
235 170
133 223
89 95
217 169
217 202
217 223
217 133
95 89
178 223
148 136
217 223
217 223
95 5
223 178
20 64
133 223
95 14
5 122
217 178
178 133
50 89
217 223
217 223
217 223
5 95
95 5
68 15
217 133
217 223
50 95
178 217
89 95
217 223
89 50
89 95
89 50
133 223
89 95
223 217
89 95
50 95
95 23
5 36
133 178
50 5
133 178
191 248
95 5
17 118
5 58
217 206
89 95
179 170
217 178
223 178
174 223
223 178
89 50
217 223
5 95
223 217
133 223
5 50
223 211
50 95
133 178
89 18
95 89
178 207
89 95
89 50
89 50
89 5
217 223
50 95
253 241
107 13
223 217
5 89
133 223
95 5
89 50
5 75
133 175
223 178
5 73
217 223
178 223
5 47
95 89
89 95
95 89
178 223
133 217
89 95
50 89
5 79
5 95
89 95
51 82
217 133
223 178
178 223
133 142
217 223
217 129
178 223
223 217
89 5
50 5
50 89
178 223
5 95
95 89
5 95
95 14
178 133
178 217
89 95
217 178
217 133
5 89
95 50
89 95
223 151
217 178
89 95
89 95
217 223
50 95
95 89
50 95
217 223
178 144
95 89
217 133
241 186
178 133
223 217
89 95
217 223
50 89
89 95
217 223
223 217
5 95
95 89
133 223
50 89
89 95
89 95
217 223
89 5
178 133
217 133
133 214
89 95
178 133
5 95
50 5
50 95
178 223
223 217
217 223
50 43
5 18
217 133
223 217
223 133
217 223
178 223
217 223
223 217
133 217
223 178
217 223
217 223
223 133
217 223
89 50
5 95
5 89
89 95
178 223
133 223
133 178
50 95
89 99
89 95
95 5
178 220
50 95
89 95
89 95
217 223
20 64
217 178
89 95
217 133
52 64
89 95
89 95
217 223
89 5
223 133
89 95
217 223
51 39
133 217
217 223
223 133
217 133
89 50
95 65
15 79
89 95
89 92
178 133
50 95
217 179
217 223
223 217
17 13
217 133
89 50
5 95
223 151
223 178
89 95
133 186
223 133
133 223
5 107
217 133
89 50
80 50
133 178
89 95
5 23
217 223
223 133
89 50
50 89
121 51
133 178
42 51
223 217
50 96
5 28
89 95
89 95
217 133
5 41
133 178
178 217
5 73
249 190
217 225
223 133
89 28
133 178
5 73
95 89
217 223
133 223
223 217
223 217
217 223
217 223
217 223
95 89
5 47
178 223
50 5
249 134
95 5
64 13
217 133
133 223
223 133
169 196
217 178
217 133
89 50
133 217
50 95
133 178
133 223
217 223
95 99
89 10
223 217
89 95
133 178
178 217
217 223
89 50
95 50
178 133
178 223
89 50
217 133
89 95
223 178
95 5
89 95
89 95
133 154
5 47
89 14
133 178
95 89
217 133
89 95
133 217
223 217
5 50
5 95
217 178
133 224
89 50
95 5
95 89
223 217
50 95
133 217
223 221
5 95
50 95
5 89
217 133
95 50
223 217
89 50
95 89
217 133
95 77
223 217
133 201
217 223
223 204
178 133
50 7
253 233
95 89
217 178
68 15
223 142
178 139
217 223
178 245
83 79
217 133
63 79
145 251
133 217
223 133
217 223
133 178
89 16
42 51
223 133
89 50
89 95
5 2
73 5
50 30
133 223
89 10
217 223
95 89
178 223
89 95
89 95
89 50
5 50
5 95
223 133
121 51
133 223
89 95
89 95
217 223
133 178
178 223
89 95
89 95
50 95
217 178
95 50
50 95
133 217
89 5
89 95
217 178
89 95
178 223
178 174
178 223
217 223
95 89
217 223
223 133
217 223
50 89
15 83
223 217
64 15
95 123
5 50
178 223
133 178
133 178
95 50
217 133
95 5
95 14
178 223
5 50
95 23
89 14
95 89
50 95
89 68
50 115
223 178
5 95
178 206
89 95
217 223
5 89
5 119
133 217
217 243
223 133
178 133
217 178
100 119
217 223
89 95
95 50
223 220
5 95
246 133
95 5
253 198
217 223
95 50
50 95
133 175
133 223
54 50
89 95
5 89
133 223
223 217
89 95
95 23
5 89
95 5
96 5
95 50
64 22
223 217
89 95
217 133
217 223
5 95
89 95
223 133
89 95
5 89
50 5
95 50
95 50
5 50
89 50
223 178
217 178
5 47
178 133
223 217
223 178
95 89
89 92
217 133
89 100
133 217
217 223
89 5
178 217
178 133
223 142
217 223
89 78
89 95
5 50
89 95
89 5
217 223
89 95
89 95
50 5
95 5
223 217
50 5
223 151
15 79
89 95
217 223
192 207
178 223
89 95
145 166
217 178
100 119
217 223
95 5
95 89
89 95
89 50
89 95
228 247
133 178
223 217
89 50
89 5
223 217
217 227
5 95
95 89
217 223
95 50
217 223
133 175
223 217
50 95
50 95
217 223
89 95
50 47
178 223
89 95
223 133
148 192
178 223
217 223
133 201
133 217
5 95
178 217
133 178
223 217
89 95
223 178
217 133
70 79
178 229
178 223
89 95
95 50
89 50
223 178
50 76
89 91
217 223
133 178
217 223
133 210
133 217
217 223
125 70
217 223
223 217
217 238
217 133
50 9
217 223
95 5
178 223
133 178
5 89
50 95
99 73
89 95
95 50
50 95
89 95
223 217
51 115
42 51
217 223
142 209
217 223
217 223
95 89
217 133
223 129
223 217
133 178
178 223
5 50
178 217
89 95
50 95
95 50
141 209
50 95
89 5
5 95
89 46
182 167
223 178
95 89
5 89
95 5
94 1
178 167
178 223
50 89
223 217
5 73
178 217
217 223
217 194
179 207
217 223
89 74
89 123
89 95
223 217
5 89
50 95
89 95
96 100
5 89
223 217
223 178
50 95
178 217
50 17
89 95
50 95
95 89
223 244
223 217
89 5
217 223
50 95
217 211
217 133
178 223
133 250
223 178
178 223
217 178
89 95
142 223
223 128
178 223
223 217
89 95
5 89
89 95
217 133
217 223
223 178
217 223
223 178
217 223
241 186
217 223
5 89
95 5
89 95
95 14
227 230
5 23
133 178
133 178
217 223
89 95
5 95
95 50
95 5
89 95
145 253
95 50
133 217
217 205
223 133
95 89
95 50
89 5
89 95
5 73
5 95
95 89
95 50
217 223
50 55
223 217
50 5
170 179
50 89
5 95
50 95
89 95
5 89
133 201
217 178
223 151
178 141
5 47
178 223
178 223
95 50
223 217
223 217
5 95
95 89
5 95
182 138
89 95
178 133
217 178
133 223
50 116
89 5
223 133
217 145
95 5
5 123
5 95
133 238
95 50
241 186
217 223
223 133
223 217
5 50
50 95
133 178
17 99
223 158
50 95
89 95
95 89
178 217
5 89
178 223
50 95
133 223
89 95
178 217
133 217
14 100
223 133
133 223
217 223
125 109
50 95
95 89
89 5
89 95
94 72
5 95
217 178
15 79
169 198
133 223
99 57
223 217
5 95
50 95
5 89
217 133
223 178
50 95
89 95
95 23
223 133
148 192
192 175
50 95
217 223
89 95
89 50
178 133
223 217
5 95
95 89
223 217
5 89
217 223
133 214
50 89
95 89
50 95
178 224
178 223
50 3
182 181
217 223
89 56
95 5
217 243
222 170
5 50
133 217
217 133
133 223
217 223
50 95
95 50
5 95
89 95
89 95
133 178
217 178
223 205
133 178
5 89
95 5
113 58
217 133
50 5
217 133
217 133
5 95
89 95
133 178
50 95
178 217
5 97
217 133
223 133
178 133
133 223
178 223
178 223
178 217
89 79
223 133
223 151
95 89
50 95
5 95
217 178
223 133
217 223
95 89
95 5
133 214
217 223
223 217
5 50
5 89
89 95
133 217
178 133
89 83
223 227
223 133
95 89
133 223
89 5
89 95
223 217
178 223
5 50
217 223
89 95
95 5
223 142
50 127
5 95
95 79
217 223
121 43
133 223
50 5
223 142
133 217
178 133
5 50
133 201
95 89
133 223
89 5
223 217
89 95
89 50
217 223
5 95
89 95
89 84
50 95
178 223
133 178
133 217
118 65
89 50
217 223
89 5
5 89
50 89
217 223
89 95
89 50
217 223
217 223
5 95
50 76
89 92
223 178
178 223
178 217
89 118
100 119
95 89
5 95
217 223
89 95
178 133
247 136
223 133
133 223
133 223
223 249
223 178
5 17
217 133
217 178
217 223
5 89
89 50
50 95
178 223
223 217
143 207
95 50
89 95
217 223
89 95
89 95
50 95
50 95
133 211
89 95
223 217
178 223
50 95
217 170
196 169
89 50
89 1
217 223
178 223
223 178
95 89
125 48
89 95
223 217
89 63
217 223
89 95
95 50
89 50
217 223
50 95
133 138
133 178
179 137
95 48
223 222
223 217
217 223
95 89
5 10
223 151
217 133
125 59
95 50
249 202
89 115
5 89
89 95
223 217
95 5
223 217
95 5
68 41
217 178
217 223
217 223
89 95
89 95
162 133
178 223
95 5
133 223
5 95
5 50
99 18
223 217
223 156
89 50
217 133
223 211
223 217
223 178
223 133
95 89
217 223
113 8
95 50
5 50
217 223
89 5
5 89
50 89
217 223
95 50
133 223
95 89
89 95
95 89
95 89
5 95
5 89
95 60
223 133
223 133
94 79
133 201
89 95
95 5
89 95
89 50
217 223
239 170
217 223
5 95
89 95
217 223
5 89
133 217
89 18
95 5
217 223
89 95
223 237
95 50
217 178
169 151
95 5
95 5
95 89
223 133
178 223
89 95
89 95
223 178
89 95
133 210
14 95
5 123
217 223
89 43
95 5
5 95
223 217
89 95
223 217
148 136
89 95
95 50
5 50
95 14
68 15
223 178
133 223
58 113
217 223
89 50
95 5
178 133
89 95
133 217
5 89
217 178
50 95
178 223
5 95
79 63
223 178
133 217
133 217
89 95
227 169
89 95
217 223
217 223
217 223
89 50
95 63
5 95
50 5
153 234
178 223
89 50
89 5
89 95
223 217
89 95
50 89
5 93
217 133
178 223
5 50
89 105
133 217
5 89
89 95
89 95
50 95
217 223
50 89
50 89
89 50
89 95
95 89
89 73
133 178
5 89
50 30
95 89
217 133
95 5
95 53
217 223
89 95
50 95
178 223
95 89
217 133
223 217
178 223
133 217
133 223
178 133
241 186
217 178
5 89
95 23
133 145
15 41
223 178
5 89
89 95
14 81
227 180
133 217
191 224
95 89
217 223
178 217
186 241
217 223
223 206
89 50
217 223
217 223
89 95
95 14
50 5
223 217
217 133
100 14
89 114
178 223
5 73
133 223
5 95
133 217
95 14
223 178
178 223
89 95
133 217
89 95
5 42
5 89
223 217
217 223
133 223
50 89
217 133
178 223
217 176
178 133
133 178
217 223
89 5
217 223
50 95
223 217
89 95
217 223
50 23
217 178
178 223
223 178
217 133
95 89
51 63
133 178
217 223
89 50
223 217
95 5
64 13
5 95
29 5
217 223
50 89
5 89
95 23
145 128
67 50
217 223
89 95
133 223
178 217
217 178
89 50
178 223
89 95
95 89
223 217
5 47
50 71
50 95
178 223
89 95
217 223
50 95
178 223
89 50
223 178
227 173
95 25
96 115
20 8
50 95
223 178
89 95
95 50
223 217
95 50
5 109
89 95
178 223
89 95
178 223
178 217
5 44
217 133
50 95
217 223
217 223
133 217
50 95
50 95
223 217
89 95
89 5
89 95
5 95
222 152
222 207
89 95
95 89
178 217
95 66
223 217
5 73
89 95
133 217
50 95
95 89
50 95
89 95
133 178
95 50
178 145
50 95
95 50
217 223
222 198
223 217
89 95
178 217
50 5
95 5
95 50
133 178
89 95
178 223
133 178
217 223
5 89
5 89
89 95
145 217
89 5
178 223
178 217
223 133
95 89
223 217
50 89
241 186
133 217
89 50
89 95
95 89
217 223
133 217
5 50
89 95
223 178
223 178
223 217
5 95
217 133
178 223
217 223
217 178
5 89
223 216
50 89
50 95
5 95
217 223
5 47
224 225
217 178
5 89
89 5
5 95
89 95
89 50
133 223
95 14
133 223
95 5
178 223
178 133
50 95
5 50
178 223
217 223
223 133
95 50
89 111
133 223
89 95
50 95
133 223
217 178
5 50
223 217
95 18
217 223
217 222
50 95
89 95
133 223
196 143
217 223
178 223
223 217
89 5
178 223
217 223
217 223
148 136
89 5
95 50
89 50
89 50
217 223
133 217
89 95
217 223
5 89
5 95
223 178
178 223
50 95
178 226
50 95
217 178
5 89
217 178
50 5
89 50
95 89
50 39
223 217
178 133
95 50
143 207
217 178
217 178
95 3
133 178
223 217
5 95
178 147
223 178
100 14
95 50
178 146
89 5
89 95
217 167
95 5
5 95
5 73
143 207
20 64
217 223
50 95
133 217
178 210
95 50
95 5
99 77
50 5
217 178
5 95
95 5
89 95
50 95
133 223
133 223
95 50
178 172
217 223
89 50
89 5
223 151
89 95
89 50
217 178
89 5
89 95
133 148
50 95
50 84
217 204
178 217
217 223
133 223
133 223
217 133
217 223
223 217
5 95
217 223
89 50
89 95
178 169
223 138
95 117
133 217
95 71
223 217
5 95
5 50
89 50
89 95
223 133
5 50
217 223
89 95
217 223
95 89
143 211
178 223
133 217
178 187
217 133
89 95
95 50
50 95
133 223
178 150
223 217
89 50
217 223
5 89
133 175
5 50
223 151
133 237
133 223
223 133
223 217
217 223
50 95
89 50
95 89
89 47
89 0
89 50
217 223
89 95
217 223
217 176
50 17
95 5
217 223
143 211
5 89
89 50
223 178
133 144
96 97
217 223
217 223
89 95
217 223
50 95
217 243
95 89
50 95
178 223
178 217
50 95
51 102
95 89
5 89
133 217
89 50
95 50
50 95
223 217
95 89
95 5
223 133
14 81
89 95
95 23
223 142
95 50
125 126
121 59
133 217
5 50
223 217
89 50
89 50
95 89
223 133
89 95
133 223
89 95
178 223
89 86
217 223
178 251
133 223
133 217
95 23
89 95
223 178
50 95
133 223
217 133
50 95
89 5
89 95
89 5
89 95
223 217
133 205
5 89
15 34
217 185
95 89
217 223
5 89
178 217
95 89
5 50
89 95
95 50
95 5
20 8
223 133
133 217
217 223
178 217
217 133
89 95
89 95
133 217
217 223
178 133
133 223
223 136
94 122
223 217
217 223
223 142
133 223
89 95
5 95
133 223
95 5
169 196
89 50
50 95
178 133
217 223
178 133
223 217
217 178
223 133
89 50
133 217
217 178
95 5
50 95
217 178
249 148
50 5
223 178
50 95
178 223
217 223
95 118
95 5
133 223
95 89
133 223
223 178
182 176
217 223
217 178
223 245
5 89
223 217
15 83
89 95
223 217
95 89
89 50
95 50
89 95
5 95
95 50
50 17
89 5
50 95
217 223
89 95
64 88
153 234
95 116
217 223
223 178
133 217
223 178
207 191
95 50
41 116
95 89
5 95
89 95
133 223
50 95
217 223
223 217
50 95
50 95
223 217
95 77
95 5
217 178
217 223
223 142
89 95
95 14
50 113
217 223
95 50
224 178
50 95
89 95
95 89
133 201
217 223
133 223
133 223
89 50
89 95
133 223
89 95
235 141
217 223
217 178
178 217
95 50
89 95
89 50
133 230
89 50
125 11
50 95
89 95
50 5
5 73
5 95
95 5
5 50
133 223
95 89
95 5
217 223
5 95
5 95
223 133
95 5
95 56
20 8
50 95
178 223
5 59
217 223
58 113
95 89
217 133
217 223
5 95
133 178
118 65
89 95
216 178
50 5
95 14
95 8
217 133
223 217
217 223
217 178
169 184
50 5
5 50
178 213
5 95
223 217
223 217
217 223
143 133
89 50
50 95
14 81
95 50
89 73
133 223
217 133
89 95
217 223
95 14
178 217
217 223
223 178
223 178
95 89
95 5
89 5
223 217
178 245
95 50
217 223
217 133
133 217
217 223
89 95
217 223
64 5
223 217
217 223
5 50
89 95
50 95
141 192
89 95
217 178
223 133
89 95
178 223
95 89
217 178
217 223
178 217
95 89
41 15
223 178
50 95
50 95
217 223
133 223
5 76
178 133
223 217
89 50
178 223
178 223
223 217
95 89
178 223
178 204
179 176
50 5
5 89
217 223
94 63
217 133
50 95
50 95
178 188
217 223
133 178
217 225
89 82
95 5
217 178
133 129
133 178
178 223
217 242
89 50
145 229
50 101
222 213
223 217
95 125
50 89
89 95
95 89
95 89
217 223
95 89
95 89
50 110
89 107
133 175
89 95
5 95
223 217
223 178
43 89
89 50
217 223
178 217
133 223
50 95
133 178
89 50
5 50
192 222
217 133
223 133
223 217
133 223
5 89
223 173
223 205
178 133
89 95
217 223
95 89
5 55
178 217
223 217
182 132
15 79
95 89
133 196
133 237
89 95
217 239
95 14
95 89
133 178
8 64
89 95
217 178
178 133
89 95
217 178
95 89
223 217
178 187
223 178
89 95
89 95
95 89
223 133
5 76
133 178
95 89
89 95
223 178
217 133
95 5
5 95
89 5
79 54
217 178
178 136
5 50
89 50
217 223
56 0
223 178
50 95
133 223
5 89
217 223
89 50
89 95
89 50
89 95
5 89
50 83
217 133
5 95
89 95
223 217
223 217
145 223
95 89
223 133
133 178
89 50
133 223
217 178
145 131
217 133
95 89
89 95
223 217
5 95
223 133
50 5
192 211
95 89
50 95
5 50
217 145
217 223
182 251
182 211
217 223
89 5
94 68
5 95
95 20
5 89
133 223
89 5
95 89
5 95
223 146
89 5
223 178
89 95
178 223
217 132
223 217
223 178
133 227
223 178
223 142
89 95
50 95
95 89
217 178
50 26
20 64
5 89
183 178
89 5
41 38
95 89
133 251
95 50
89 47
50 89
89 50
223 142
89 83
89 95
217 223
170 222
217 223
178 251
95 50
89 95
113 58
208 178
89 95
95 5
50 89
178 223
223 133
223 209
178 223
223 217
50 117
217 133
223 203
89 50
133 201
95 89
5 89
223 133
89 5
223 178
178 145
178 223
95 50
94 16
89 95
217 178
178 223
50 5
95 89
133 178
5 50
89 95
95 50
223 230
5 89
89 95
223 178
89 50
50 95
89 95
50 95
217 133
50 95
223 133
15 34
133 217
5 89
186 145
178 145
95 89
95 89
217 223
89 95
20 64
95 50
89 5
89 50
89 95
89 95
5 95
95 23
50 95
217 223
223 151
89 95
222 188
133 175
133 178
95 23
5 83
217 223
223 217
50 95
217 178
89 95
5 89
95 89
5 95
207 182
96 13
133 223
223 217
223 142
119 123
89 95
133 217
178 133
223 217
178 184
217 129
141 235
217 223
95 89
89 95
95 89
178 133
217 138
5 73
89 50
89 5
95 50
5 95
50 95
95 50
5 95
178 223
223 151
89 95
133 217
100 14
95 50
89 95
50 30
95 89
133 223
223 133
178 217
5 95
89 95
223 178
5 50
217 145
223 178
133 201
223 217
95 50
51 83
95 50
95 89
217 223
50 5
223 178
95 89
178 223
143 162
223 217
5 50
107 13
133 178
89 5
50 95
178 250
95 113
217 223
89 5
217 223
95 50
89 95
217 223
217 178
133 223
89 95
217 133
95 89
95 89
89 95
89 50
223 217
5 95
95 89
89 95
121 48
223 217
89 5
89 95
89 95
223 151
217 223
178 217
5 95
253 211
178 223
217 133
223 178
95 89
178 223
89 95
217 178
223 217
95 89
178 217
223 217
95 23
89 5
133 178
217 223
107 5
224 173
89 95
217 223
89 50
222 238
223 217
89 95
2 5
5 89
133 217
94 9
89 5
223 133
223 217
89 95
133 223
217 178
133 217
178 217
89 95
50 95
63 120
217 178
89 85
89 17
223 217
95 50
50 95
89 95
178 223
5 89
217 178
223 133
217 223
217 223
223 211
95 5
95 89
223 151
95 5
50 3
133 178
178 223
223 217
217 223
89 95
50 89
133 217
217 251
50 5
251 253
133 178
217 223
50 95
223 178
247 148
89 70
217 223
223 217
234 148
95 89
89 95
217 223
95 89
5 73
89 95
217 178
217 223
95 5
148 251
89 95
94 20
95 23
89 95
50 101
5 73
5 89
95 23
95 50
133 178
133 217
145 243
50 89
217 223
169 243
50 95
133 217
50 95
217 223
191 253
133 223
89 5
5 50
217 223
50 95
223 217
95 14
89 5
50 95
217 178
107 13
223 133
50 8
217 178
253 160
5 89
222 191
89 93
118 13
133 178
223 173
89 95
58 24
95 89
217 223
133 223
89 5
95 89
95 5
217 223
50 33
95 50
50 89
89 95
133 223
179 173
223 178
50 95
89 50
217 211
217 223
89 95
89 95
223 178
95 50
95 5
223 217
223 217
5 95
89 95
89 5
223 133
133 217
217 223
178 133
223 133
50 5
50 89
5 50
217 203
222 248
178 133
133 223
178 223
95 5
178 223
89 95
223 130
50 95
178 133
217 223
95 89
178 223
5 89
133 223
95 123
223 224
50 71
50 95
222 186
133 223
223 217
133 223
5 89
223 178
5 18
89 95
89 23
223 251
5 89
5 95
217 148
89 95
95 52
50 95
95 5
217 178
89 95
223 178
217 178
133 178
133 217
50 76
89 95
89 5
5 17
95 89
217 223
217 223
95 89
217 223
217 223
89 67
217 178
89 95
50 95
217 133
217 178
178 217
217 223
223 133
50 95
5 95
178 223
133 217
217 223
133 223
217 223
223 133
89 95
98 17
89 95
89 95
89 50
89 95
95 89
178 223
192 196
95 50
5 89
217 133
178 223
133 201
89 95
95 5
178 133
42 5
223 217
217 223
253 164
217 223
50 95
133 201
217 178
241 186
89 95
89 95
95 5
95 23
178 223
223 199
95 14
89 50
217 223
99 114
178 223
95 89
133 136
223 133
133 217
89 95
50 95
178 217
95 5
89 5
5 30
217 223
191 170
217 223
133 178
95 89
133 223
133 201
89 95
95 89
5 50
89 95
223 151
217 178
50 89
217 133
133 217
217 223
217 178
133 223
95 5
241 217
223 178
133 223
50 19
223 217
95 23
217 178
50 95
95 5
133 175
89 50
95 5
95 89
50 95
223 133
50 7
5 95
178 172
178 223
133 178
50 95
133 178
217 133
89 50
133 217
223 217
133 223
95 89
162 142
217 223
217 133
223 217
89 95
133 178
89 50
96 52
217 128
223 217
89 95
89 95
5 50
133 217
179 208
5 95
89 5
95 5
133 217
81 42
217 223
89 95
217 223
5 50
125 46
253 213
50 95
223 133
133 178
153 234
95 122
178 223
217 223
133 217
178 217
89 5
95 89
133 178
217 223
95 50
223 133
95 89
217 178
50 17
50 95
148 136
50 95
95 5
223 217
89 95
89 95
50 95
95 5
95 89
217 223
5 95
50 62
217 178
50 89
50 106
41 47
50 95
223 217
89 95
178 223
95 5
223 178
89 95
133 223
133 223
89 95
89 95
95 50
5 95
223 133
223 217
178 217
5 95
217 178
178 223
223 133
50 5
5 50
223 178
223 217
223 178
133 201
89 95
95 89
5 89
178 223
133 217
5 89
178 223
223 178
89 95
95 89
217 178
223 133
89 80
178 223
5 54
50 95
178 133
223 133
50 40
89 95
95 25
50 95
223 178
217 223
217 223
223 217
50 89
50 95
133 152
223 217
89 95
217 133
223 142
217 223
50 89
178 222
133 178
5 95
89 82
50 95
95 14
50 123
223 217
133 217
217 223
89 95
133 250
217 178
5 23
133 178
89 50
223 133
217 178
50 95
223 217
223 217
133 187
178 223
217 133
95 14
217 133
133 217
133 223
145 172
95 89
5 95
50 95
89 95
217 223
253 198
89 95
217 133
95 5
133 185
95 5
246 170
133 223
178 223
133 201
133 223
133 223
223 142
50 38
178 151
133 178
223 217
217 223
50 95
133 217
223 142
95 14
50 5
89 95
95 83
222 246
223 217
50 73
133 223
217 223
5 1
133 223
217 133
50 95
50 95
217 178
95 5
89 95
133 178
50 95
89 50
217 133
95 14
223 133
217 223
217 178
89 95
95 89
217 223
209 170
217 223
89 50
223 133
133 178
133 223
217 178
89 5
5 95
95 5
223 217
133 201
178 223
133 178
95 110
20 8
178 223
5 89
133 178
89 95
217 178
133 241
95 50
223 133
223 133
223 178
217 178
133 223
223 217
5 89
89 94
178 185
217 223
15 79
113 58
178 223
95 47
89 95
95 89
5 50
133 223
5 95
217 223
89 95
217 223
95 50
95 50
217 223
50 5
223 217
95 89
223 133
217 223
223 178
133 223
207 224
217 133
5 50
50 95
54 50
217 223
223 178
95 89
178 133
133 217
217 146
223 133
95 50
178 223
217 223
5 89
64 82
217 223
5 50
89 95
95 89
15 79
178 217
64 125
89 95
50 95
95 89
80 50
223 133
95 89
178 133
50 89
133 223
178 217
133 178
89 95
89 50
89 50
95 5
89 5
178 217
95 5
178 187
50 95
50 95
223 133
217 223
223 217
133 217
196 143
178 217
5 95
54 49
133 175
89 5
148 136
89 95
223 133
133 178
217 223
89 95
50 95
217 223
50 113
217 223
95 89
217 178
133 217
217 223
89 95
133 223
95 50
50 95
50 95
217 223
217 223
95 50
217 178
95 89
223 151
50 17
89 95
223 178
95 89
217 223
178 223
89 20
5 95
223 133
217 223
50 5
50 95
50 95
5 95
5 50
217 223
217 223
133 178
5 95
133 223
5 89
133 223
223 217
89 95
125 65
178 133
223 178
89 5
89 95
223 133
89 95
178 223
178 223
95 89
253 170
5 95
223 217
89 5
95 5
5 50
217 223
95 89
95 89
223 133
50 95
5 95
178 223
92 95
89 95
223 142
145 253
89 95
223 178
223 217
133 223
95 5
89 95
223 178
5 95
89 95
50 77
133 223
223 217
223 217
223 217
223 217
217 178
178 223
89 95
217 133
217 223
50 95
133 223
223 133
95 89
89 5
50 95
17 5
89 50
178 203
5 94
5 89
89 50
89 95
95 50
133 217
14 81
89 95
89 95
50 95
133 217
223 178
95 5
89 5
223 178
133 223
50 89
133 217
223 217
50 39
179 206
5 95
223 142
5 95
217 223
133 223
178 223
95 50
54 68
217 223
50 95
50 95
217 223
50 5
217 143
223 217
5 95
178 223
178 235
217 223
217 243
50 5
223 217
133 217
217 223
247 251
89 50
217 223
217 223
20 8
95 89
178 223
217 223
178 223
95 89
217 133
133 217
133 223
95 83
223 217
5 73
133 223
217 223
5 95
223 133
178 212
178 255
217 223
178 217
178 133
50 95
106 51
133 223
191 248
95 89
223 194
111 42
50 89
89 5
223 217
223 133
5 50
95 5
95 50
217 223
178 217
89 95
50 5
50 95
41 99
5 50
223 178
95 89
50 89
95 79
89 5
223 151
133 223
223 133
5 83
217 178
95 42
133 178
217 223
223 217
50 95
217 223
5 89
133 178
5 50
95 5
217 133
50 17
133 201
217 223
107 13
217 223
178 223
217 209
89 95
95 25
223 212
5 73
50 89
89 95
95 50
133 178
133 217
217 223
95 89
5 95
50 95
5 47
5 50
217 223
89 50
178 223
179 152
50 89
217 223
95 126
89 95
133 223
178 223
89 50
89 95
178 223
83 15
89 95
223 178
133 223
217 223
217 178
223 178
89 95
50 95
89 95
51 38
223 142
133 223
5 95
143 162
223 178
95 14
217 133
178 223
217 133
217 200
89 50
133 217
89 95
217 178
217 223
223 217
95 50
178 214
133 223
95 89
95 89
98 50
95 5
223 217
217 178
95 89
133 223
89 95
223 142
133 223
5 95
5 95
5 89
5 95
89 50
50 22
196 169
89 95
95 89
133 178
217 223
89 95
5 95
223 178
95 5
95 5
253 163
217 223
217 223
223 151
89 95
133 175
89 50
217 223
178 223
5 73
217 223
50 95
50 95
50 95
148 192
223 178
223 217
89 95
50 89
95 89
5 95
50 95
95 50
50 5
5 95
89 95
5 73
50 30
89 95
133 178
133 223
50 95
170 179
95 5
178 223
95 14
223 178
178 223
64 13
5 50
217 223
50 95
223 142
95 50
217 223
178 223
217 223
217 223
95 23
89 95
54 83
95 89
63 120
217 223
217 178
50 95
217 145
223 217
133 217
95 89
89 95
217 223
223 133
217 160
50 95
5 50
133 178
217 223
133 223
89 95
89 5
217 223
95 50
51 74
5 50
95 50
125 120
95 89
217 133
111 42
133 201
178 223
89 50
178 223
5 95
217 133
223 145
217 223
217 178
178 223
89 95
223 178
89 50
192 225
50 95
95 89
133 175
133 217
217 223
95 5
89 95
95 50
5 50
178 223
95 102
223 133
5 50
223 142
217 133
217 223
178 223
89 95
217 133
217 223
223 253
95 14
50 95
95 5
217 223
95 89
89 5
95 50
89 95
50 95
223 178
223 133
94 77
95 5
223 217
54 111
223 178
89 95
217 223
89 50
15 34
89 95
