256 10000
89 95
133 201
50 3
89 71
113 58
5 89
14 81
89 95
50 34
50 95
217 223
217 223
217 223
228 247
95 50
133 223
50 83
223 217
241 186
95 76
223 133
95 89
5 95
5 95
178 133
223 151
178 223
178 223
223 217
223 133
133 217
223 133
50 30
89 95
50 95
133 224
217 133
133 223
217 223
50 95
89 50
217 178
217 223
5 95
89 5
223 217
133 223
217 223
178 202
95 10
217 223
148 136
95 14
50 89
217 223
217 133
217 178
89 80
5 89
133 223
178 223
95 14
89 119
95 89
89 50
100 119
120 5
175 133
217 178
89 50
217 223
133 223
89 5
223 170
89 5
47 20
133 217
50 95
5 50
89 95
223 217
89 29
145 208
133 201
5 95
170 179
89 50
133 175
133 178
89 95
217 248
89 95
89 95
223 217
217 223
89 5
89 95
178 192
217 223
5 89
5 95
89 95
223 178
191 248
223 217
89 95
89 50
217 223
223 205
89 95
5 89
95 89
89 95
95 89
118 42
217 223
133 223
217 223
217 223
89 95
95 30
95 50
5 95
50 119
223 217
125 86
50 95
89 95
50 95
95 5
133 178
223 217
50 47
178 211
178 217
50 95
133 178
95 89
95 89
217 223
217 223
95 89
223 140
89 50
217 133
217 178
217 223
133 178
217 223
178 133
217 178
223 217
217 223
133 217
217 223
95 50
89 48
217 223
95 5
89 5
217 133
95 50
217 223
178 217
95 50
133 178
133 217
89 5
5 95
178 217
217 223
50 95
95 84
133 223
235 141
89 5
5 89
50 31
223 133
217 223
5 89
20 64
223 178
5 89
133 223
89 95
5 95
94 53
133 223
89 95
178 223
178 223
13 5
89 5
89 5
217 204
95 50
178 223
217 133
142 223
217 223
223 133
223 217
223 133
217 203
217 178
50 95
95 89
89 95
223 133
217 223
223 217
223 217
89 95
191 207
217 151
133 223
223 211
178 217
223 142
217 178
59 5
217 223
178 217
89 95
133 178
217 223
133 217
223 230
89 95
50 5
217 133
217 223
89 95
178 133
95 50
5 95
223 217
50 113
95 50
50 95
50 95
178 133
94 113
89 5
50 95
107 13
223 133
178 223
223 217
89 95
217 133
133 178
223 217
223 133
145 223
217 223
5 73
95 5
89 95
133 136
50 95
217 133
95 89
5 50
89 95
223 217
178 203
89 95
217 178
133 223
217 172
223 217
217 223
95 5
5 95
5 95
89 95
5 95
133 223
50 89
5 14
95 50
133 178
64 18
223 217
178 212
89 95
89 5
70 42
89 5
223 133
95 50
223 217
89 95
223 217
133 178
133 178
178 223
234 226
178 217
5 50
95 5
133 178
133 223
133 178
89 50
95 99
89 50
5 95
89 95
50 89
223 217
50 95
95 89
89 50
89 95
217 223
5 95
89 95
95 50
50 4
5 89
89 95
223 217
5 95
50 95
95 89
133 208
217 133
95 5
223 178
223 133
50 3
50 95
95 89
133 223
5 89
15 79
95 5
133 223
178 133
81 64
217 223
89 50
178 217
50 95
5 95
178 251
5 47
41 68
89 50
133 217
50 95
217 223
217 178
95 5
217 179
54 14
223 133
217 223
89 95
89 5
89 95
133 223
5 95
217 178
223 217
5 50
5 50
247 136
50 95
217 223
95 50
223 178
178 223
133 237
224 154
89 5
95 89
17 63
50 95
209 170
217 223
50 95
95 5
179 191
223 178
228 247
50 32
5 50
5 118
95 50
89 50
95 89
223 191
89 5
133 178
217 223
223 178
5 95
223 217
5 89
95 5
95 5
89 95
133 178
178 217
89 95
223 217
121 117
223 217
133 178
178 223
217 175
89 95
223 217
217 133
223 151
5 95
217 223
141 192
223 178
217 223
89 95
5 95
95 5
5 50
133 178
50 95
217 178
133 178
217 223
223 217
223 217
95 89
217 223
217 223
89 75
89 50
89 50
133 191
223 133
50 77
5 116
96 31
223 178
223 217
178 217
89 63
50 99
217 133
89 95
223 178
178 223
95 89
95 50
202 148
5 50
50 95
217 223
51 64
223 251
95 89
89 5
223 178
217 223
133 201
217 178
223 142
223 217
169 216
217 223
178 223
178 223
217 223
223 178
178 223
95 89
89 50
89 95
223 217
223 178
95 89
95 89
95 14
133 223
89 95
5 89
217 223
41 68
89 5
217 223
95 84
178 217
223 217
217 223
95 14
50 95
95 50
89 95
223 151
50 95
95 89
178 223
217 223
50 95
50 95
217 133
253 243
89 95
95 89
178 217
89 95
50 95
50 89
89 50
95 5
217 133
223 133
223 217
50 89
178 217
96 17
217 133
217 223
5 95
89 101
133 217
95 89
217 149
178 223
178 223
207 182
217 178
217 223
217 178
217 178
89 95
133 178
178 217
217 133
222 230
223 133
217 223
178 153
95 5
223 133
178 223
89 95
95 89
95 89
223 178
178 217
95 89
5 95
95 89
223 178
89 95
50 8
95 89
217 223
223 133
133 217
178 223
5 89
223 133
178 223
178 223
178 217
89 95
95 5
178 223
223 178
89 95
133 217
133 217
58 77
5 50
223 217
217 223
50 5
89 95
89 5
223 217
50 95
217 223
95 97
133 223
50 89
17 21
50 95
95 50
217 178
95 5
223 178
89 5
95 23
89 50
133 223
223 178
217 178
95 89
96 81
95 89
95 89
89 50
5 50
223 217
217 212
95 23
50 95
178 217
41 30
133 178
50 95
89 95
89 95
89 50
50 95
89 50
5 95
178 217
133 178
94 28
50 95
178 217
217 178
217 223
133 223
217 223
133 217
217 223
95 50
89 95
89 95
95 89
95 89
178 160
95 89
5 50
95 50
89 5
50 95
89 50
223 136
95 17
133 223
89 50
223 133
182 211
95 89
95 14
95 89
95 5
217 223
89 95
50 95
133 223
95 89
5 95
178 223
95 89
5 50
133 217
50 26
89 5
223 217
133 201
95 50
178 133
133 217
133 223
133 217
178 208
133 223
217 133
217 223
223 178
5 95
95 5
50 95
95 50
133 223
89 95
223 133
217 223
5 79
5 95
95 89
217 178
133 226
217 178
217 178
217 223
95 23
217 223
50 89
5 50
178 223
89 95
217 223
223 238
223 251
178 223
178 173
95 23
89 66
5 95
217 223
133 223
223 217
217 223
50 95
217 178
133 223
50 95
217 223
89 95
133 178
133 217
133 128
223 178
95 5
5 47
178 217
223 217
217 223
95 89
89 95
133 201
50 18
89 50
223 129
217 223
50 5
217 223
223 217
89 23
217 223
217 223
95 50
133 238
89 5
89 95
89 95
89 50
217 223
80 50
95 30
118 65
95 23
95 89
95 23
133 230
217 223
50 107
178 217
217 223
95 89
178 217
223 178
133 128
217 223
95 23
5 95
217 223
95 50
223 217
178 212
178 217
217 223
118 65
81 64
89 95
178 217
217 178
113 58
89 38
223 133
50 5
217 223
133 223
223 217
223 217
178 223
170 179
217 223
5 89
223 142
217 133
217 178
217 178
95 89
217 212
95 50
133 178
217 223
5 3
178 133
50 89
89 50
217 223
182 161
133 175
217 223
5 14
95 89
95 5
133 178
50 95
168 178
178 223
95 50
211 234
223 217
133 178
148 192
223 217
95 89
50 95
133 217
89 95
50 95
89 95
133 217
95 89
50 95
223 133
89 95
223 178
5 95
223 217
223 217
95 50
50 95
178 145
133 235
223 133
5 95
50 95
89 5
89 95
217 223
223 217
5 89
95 89
223 217
178 143
178 223
95 50
89 95
95 50
223 133
217 223
50 95
89 95
95 89
107 100
5 95
217 223
95 50
223 133
178 223
95 48
5 89
223 199
95 50
89 50
223 178
5 89
178 217
89 4
89 5
133 178
223 178
178 217
217 206
95 23
223 217
133 178
223 178
133 178
89 63
50 89
50 95
178 133
89 95
223 217
95 89
133 145
217 223
89 116
89 95
5 50
133 223
178 223
89 95
125 95
223 178
217 223
89 95
95 89
89 5
95 5
178 220
133 217
217 223
5 95
223 133
148 136
133 217
50 95
50 85
95 5
89 95
50 95
217 223
5 95
223 217
5 89
89 50
95 5
95 14
178 223
125 70
217 178
50 95
178 223
217 223
5 89
217 223
179 253
217 223
89 95
223 217
50 95
133 177
223 217
223 217
133 223
217 133
89 95
50 95
133 178
50 95
95 50
5 47
89 95
50 17
5 34
178 217
217 223
133 223
133 223
95 50
217 223
89 95
217 223
5 50
5 95
89 5
95 89
223 217
133 223
217 223
178 133
5 28
223 148
95 89
15 83
217 133
217 223
217 223
217 223
217 199
133 199
178 223
50 5
50 46
95 50
223 217
5 95
64 5
95 89
223 133
133 178
217 223
89 95
217 178
95 50
223 211
217 223
217 223
89 5
34 65
133 217
217 207
217 223
50 17
133 223
50 95
54 40
89 125
178 151
113 58
5 73
89 5
217 223
58 113
89 95
5 95
5 95
95 14
89 95
217 223
50 95
178 251
63 79
217 223
95 5
133 223
217 223
223 178
178 133
133 223
133 178
217 223
217 178
95 5
5 89
5 95
241 186
223 133
222 133
50 34
89 95
89 95
169 151
95 89
50 85
178 158
89 95
133 178
89 95
89 95
133 175
217 223
178 223
95 89
178 223
95 14
95 5
223 178
50 89
95 5
223 133
133 223
42 50
89 95
178 223
217 178
217 223
223 178
223 133
239 142
95 89
178 223
95 89
95 89
217 223
133 223
217 223
223 217
50 95
89 50
249 243
223 217
133 223
133 178
50 95
133 217
217 223
50 95
223 217
95 89
217 223
95 89
95 89
95 89
217 133
178 210
5 89
5 50
50 120
5 95
217 182
95 89
223 154
89 50
253 157
223 217
178 154
217 223
5 95
95 89
223 178
89 95
223 133
191 207
133 223
121 30
217 223
95 35
89 95
223 133
217 133
133 223
217 178
223 217
89 95
217 178
5 89
217 223
217 223
89 50
223 208
89 95
5 50
95 12
133 217
89 5
89 95
89 95
133 217
178 217
89 50
95 50
217 196
223 217
95 89
89 95
217 223
40 50
95 89
50 95
178 133
133 223
178 223
217 142
223 178
95 89
89 5
178 223
89 50
133 217
95 3
217 246
89 5
95 50
178 217
217 133
223 178
89 95
217 223
178 217
95 23
150 178
50 95
95 5
223 217
89 95
50 5
5 89
50 95
89 95
65 79
217 178
89 46
89 50
178 133
14 81
217 178
217 223
89 95
64 83
223 214
223 178
133 217
178 170
95 5
95 5
133 217
89 50
89 50
89 99
95 5
50 5
89 95
63 64
89 107
217 223
217 223
50 5
54 5
223 217
89 66
89 50
89 50
223 217
217 178
178 223
178 223
5 50
178 217
217 133
50 95
223 142
5 50
95 5
89 50
50 95
217 133
253 226
89 95
89 95
89 95
89 95
223 217
89 123
224 187
50 89
89 95
223 133
95 89
89 95
217 223
133 175
95 14
5 89
5 50
217 223
95 50
223 217
217 223
217 223
5 89
5 116
95 89
133 223
223 133
217 133
223 151
217 178
50 5
50 95
50 16
186 205
178 223
95 89
50 95
217 178
95 89
50 95
217 223
89 95
196 143
50 95
89 50
89 95
217 223
217 209
95 89
95 5
89 50
217 223
56 5
95 30
178 171
89 95
223 217
223 133
89 127
95 5
95 42
217 223
5 95
217 223
178 185
89 95
228 142
89 5
133 223
217 223
50 18
89 95
223 217
223 217
217 223
133 223
89 106
217 223
5 95
95 50
133 223
95 50
178 217
50 89
217 133
50 95
178 217
50 95
54 7
89 5
15 83
217 223
5 95
50 112
50 10
223 133
95 5
223 217
89 5
133 201
50 95
89 5
223 217
5 47
95 89
217 223
41 101
89 95
95 14
95 89
50 89
178 241
89 95
95 5
133 178
217 178
50 95
217 208
217 133
89 50
50 95
50 95
223 217
50 89
89 5
5 73
94 11
223 217
223 217
50 89
95 66
95 89
5 95
133 223
50 71
133 223
50 95
64 79
89 95
178 223
89 95
89 95
5 95
89 95
89 95
217 223
217 223
89 50
133 223
50 95
89 95
178 223
217 223
50 14
95 89
178 248
217 166
178 223
133 178
223 217
5 89
50 17
50 95
133 175
89 95
178 133
217 133
95 5
223 133
5 50
89 39
133 223
50 95
217 223
5 89
100 119
133 217
217 178
5 89
217 223
217 223
5 95
178 223
148 251
223 217
223 217
133 178
217 223
133 217
95 89
217 223
217 223
253 223
133 223
89 14
95 89
223 151
217 223
95 89
5 95
223 217
223 217
5 89
17 79
96 121
133 217
217 178
223 178
223 217
5 47
5 89
5 89
95 50
217 151
89 50
89 50
5 50
223 217
222 255
217 163
217 223
133 217
89 95
89 50
89 95
223 178
89 95
178 244
89 95
223 217
133 217
223 133
133 185
217 223
217 178
50 93
178 250
133 223
89 95
133 223
217 178
89 95
178 133
133 214
95 5
133 217
178 223
223 142
133 217
178 223
89 95
89 50
89 50
223 217
217 223
217 223
89 95
217 178
50 95
5 95
5 89
133 223
5 38
223 178
217 223
50 89
196 143
50 30
133 175
50 5
224 176
50 95
223 178
133 222
20 64
95 23
50 95
5 34
178 223
5 50
133 217
133 217
217 178
223 151
95 89
217 223
217 178
50 60
89 50
50 5
223 246
182 178
217 223
50 95
217 178
222 211
217 223
223 217
50 84
99 13
51 125
95 50
223 178
5 95
133 175
223 133
217 235
134 178
95 89
95 5
133 178
5 89
133 223
89 95
58 113
217 223
133 201
95 50
217 223
178 223
223 217
89 95
133 223
217 225
89 50
133 201
95 89
50 95
5 95
133 235
95 89
217 133
89 95
223 217
89 95
217 223
5 95
89 95
89 60
223 133
95 14
178 217
5 95
95 89
178 223
58 113
133 217
217 223
95 5
5 95
217 133
133 178
223 217
5 95
89 95
5 47
89 95
142 223
223 217
50 89
223 157
89 95
95 5
178 217
50 89
133 217
217 223
217 223
5 95
89 95
50 89
178 173
64 8
95 89
95 50
178 223
223 178
217 223
89 95
133 146
133 238
178 217
223 217
217 223
223 133
89 95
217 151
217 191
178 217
223 178
178 223
223 133
223 178
79 96
217 178
5 95
217 223
217 223
178 223
217 252
223 133
192 141
223 151
169 196
5 95
95 50
5 89
223 133
17 80
178 217
50 89
217 223
5 95
133 223
89 95
5 57
217 178
223 217
217 223
133 211
178 223
89 50
5 30
5 89
178 223
5 95
217 223
217 223
95 5
217 223
89 95
5 51
133 217
89 95
89 5
5 89
133 223
217 133
133 223
5 95
5 89
217 223
50 95
133 223
217 178
89 95
89 50
50 95
50 95
5 73
89 5
178 133
223 133
178 217
133 217
223 178
50 122
50 5
89 50
99 104
89 95
217 223
217 151
217 178
50 95
223 217
133 223
5 50
212 178
178 246
178 223
223 217
95 89
95 89
178 217
223 178
50 95
133 201
133 217
223 217
95 89
50 89
217 159
95 14
95 50
95 50
89 95
223 217
50 79
95 89
217 223
50 95
133 169
217 223
223 217
95 50
89 50
95 84
95 14
217 223
95 89
95 89
178 223
217 223
223 217
133 156
89 5
89 95
89 95
217 223
182 228
125 59
95 42
223 180
145 223
89 95
133 223
5 50
178 223
178 223
178 223
223 217
133 217
89 95
223 217
217 235
223 178
5 95
50 89
50 5
148 192
217 133
95 89
96 14
95 89
217 251
5 47
50 95
89 5
178 133
178 223
95 93
50 95
217 223
217 223
133 223
217 178
217 223
95 14
50 89
133 223
223 217
89 95
89 50
50 93
217 133
223 178
89 95
178 223
217 223
89 50
217 133
5 50
95 89
95 25
89 50
95 5
95 50
217 223
223 217
89 95
170 209
95 50
217 223
5 73
50 95
217 190
133 178
89 95
111 42
223 247
50 95
89 95
178 223
5 89
133 223
223 217
217 133
133 178
217 223
50 59
89 95
217 223
5 89
178 223
95 50
95 89
5 89
89 95
191 224
223 217
178 223
217 223
217 133
223 217
178 217
50 95
178 133
89 95
95 89
178 133
217 223
89 95
133 223
64 89
5 95
133 217
89 5
95 89
217 178
89 95
5 73
217 235
207 191
50 95
217 185
50 95
133 223
83 106
178 223
89 5
217 223
95 74
178 223
179 249
5 95
223 178
217 223
217 223
5 95
89 95
217 178
5 50
89 5
50 95
89 95
5 95
96 5
89 95
217 178
95 5
133 217
143 211
5 89
5 95
89 95
50 95
133 223
95 5
133 178
217 223
217 223
133 217
223 217
133 217
15 34
217 223
50 95
89 95
95 63
5 95
133 223
223 217
95 50
95 50
217 133
133 217
178 228
89 95
50 95
95 5
50 5
178 133
217 178
217 178
50 89
89 95
50 77
223 250
217 133
50 5
95 50
223 217
223 133
50 95
223 217
178 223
133 223
217 223
5 89
89 95
95 5
89 50
178 133
5 95
89 50
5 47
223 178
5 95
249 211
133 223
95 5
217 178
95 89
95 89
89 50
89 50
89 95
217 223
223 217
133 178
89 50
95 89
133 178
63 79
95 5
89 95
178 223
217 223
217 223
95 89
83 79
95 5
217 223
50 95
223 133
95 5
133 175
95 20
95 47
89 5
217 133
89 5
50 95
133 217
223 217
178 223
50 5
89 95
178 223
217 223
50 95
217 223
217 211
95 89
95 78
5 116
223 217
89 17
89 50
239 198
217 178
133 178
95 89
133 223
5 89
89 95
95 89
5 95
217 194
95 89
217 133
5 19
89 95
89 5
178 223
178 142
95 5
5 89
217 243
178 217
89 95
95 14
223 178
178 217
95 89
89 50
217 223
223 178
223 133
217 223
5 89
89 95
217 223
223 133
89 50
5 107
89 95
133 178
178 223
133 175
95 89
5 95
217 223
223 178
95 89
121 74
5 50
5 47
50 95
95 50
223 178
217 223
223 203
95 80
89 95
89 95
217 167
5 116
89 1
50 95
50 5
217 223
133 175
5 122
5 73
217 178
95 127
223 133
94 36
89 5
89 95
223 217
223 133
14 81
223 178
5 95
217 223
223 133
217 223
178 217
133 217
139 182
89 95
5 95
223 133
217 133
133 178
178 223
89 95
217 223
50 5
178 223
5 50
217 223
95 89
169 199
89 50
217 223
178 223
50 95
34 83
89 95
223 217
178 182
89 95
89 5
89 95
95 50
89 5
50 95
50 89
217 223
5 54
89 5
5 95
5 89
5 89
100 119
217 223
95 5
223 133
5 89
228 223
223 217
228 247
223 217
89 50
95 89
50 95
95 89
89 126
217 223
178 217
5 95
217 170
133 223
217 223
133 223
89 5
217 223
95 50
179 191
217 223
95 89
5 95
50 89
133 223
178 133
50 89
223 146
182 178
5 42
95 89
133 217
89 50
178 223
223 151
89 50
178 223
223 217
133 178
217 223
178 217
5 95
178 223
89 95
50 95
89 5
217 223
100 74
5 47
5 95
89 95
133 217
89 50
89 95
178 217
223 178
133 223
223 178
133 223
196 143
89 50
223 178
89 50
89 5
5 89
95 50
223 217
217 223
95 5
178 223
89 50
32 74
13 50
50 13
50 5
133 223
133 178
95 89
41 124
5 28
178 223
95 89
179 162
89 95
178 223
133 217
217 223
217 223
5 79
50 95
217 133
217 223
89 95
217 178
5 89
133 223
95 89
95 89
50 17
217 223
217 133
217 223
95 89
223 178
89 95
178 223
217 178
50 95
95 89
50 95
95 89
133 217
95 89
95 5
89 50
89 95
178 217
217 223
133 217
50 95
95 89
223 133
5 83
50 95
178 223
95 5
133 217
89 95
223 217
217 223
223 178
178 217
217 223
89 95
89 95
64 8
223 146
5 89
133 223
50 30
89 95
50 123
217 223
217 223
170 179
89 95
95 89
143 207
89 50
50 95
5 89
113 58
89 95
217 178
234 198
178 217
5 95
95 89
95 89
223 191
5 50
217 223
133 217
5 29
5 95
178 223
89 49
50 95
95 107
89 95
50 95
89 95
50 46
217 178
95 59
5 95
178 223
217 223
63 120
217 178
133 151
133 223
5 50
223 151
223 133
50 95
223 142
223 217
133 217
89 95
223 133
89 95
143 162
217 223
217 223
178 223
94 92
5 95
178 223
89 95
95 89
217 133
217 133
217 223
178 221
223 133
223 217
89 50
50 95
84 89
95 50
133 223
223 217
223 131
217 178
223 133
89 95
178 223
178 223
95 118
95 89
50 89
89 95
217 223
5 89
89 95
50 95
217 223
95 50
217 178
95 5
223 217
89 79
217 223
89 95
217 133
217 133
50 8
50 95
50 89
223 217
95 89
50 95
95 50
95 89
178 133
178 223
5 47
89 47
50 18
223 217
217 133
5 18
217 223
223 133
223 217
89 95
51 83
95 5
95 5
223 217
50 95
133 223
50 95
217 240
178 133
178 211
133 178
223 178
50 89
95 5
133 217
223 212
223 178
178 223
89 50
89 5
95 14
95 23
178 223
50 95
89 95
50 34
50 95
95 50
5 58
178 133
133 251
217 223
89 95
217 223
89 95
89 95
5 50
89 95
217 223
217 223
50 18
178 217
217 223
50 18
95 89
217 223
95 14
217 133
5 95
217 223
217 223
223 133
178 175
217 133
217 223
133 223
217 223
95 89
125 7
133 223
133 178
89 5
89 95
251 178
123 119
217 223
5 89
89 95
223 178
50 5
217 223
95 25
178 223
148 136
89 50
217 178
5 95
178 223
223 133
178 223
5 89
178 133
50 95
5 95
228 142
133 217
95 89
95 89
217 223
95 89
223 217
223 217
178 253
5 95
89 50
133 223
89 50
5 89
50 95
5 89
223 217
178 223
217 223
95 50
223 217
50 92
89 95
50 89
223 133
182 187
178 223
223 217
133 217
89 95
178 223
217 133
217 169
223 217
50 89
50 95
133 178
133 223
178 223
133 223
89 95
5 89
89 95
50 113
95 89
50 95
5 95
95 50
89 95
5 95
223 178
83 79
95 50
223 158
217 227
5 95
223 191
50 95
50 95
217 223
223 217
95 50
223 217
50 95
5 50
95 89
50 95
89 95
178 217
192 211
89 95
133 178
89 50
217 133
217 178
133 217
89 95
178 223
89 95
223 178
217 133
89 95
5 95
217 223
223 178
217 223
217 223
41 3
89 95
178 249
95 50
178 199
223 202
249 137
95 5
5 95
217 223
95 5
5 95
95 47
89 95
223 178
133 223
223 217
178 223
89 50
192 141
95 89
178 243
223 133
95 50
89 95
14 95
50 95
133 223
133 186
15 34
5 51
133 178
178 223
217 133
178 223
5 89
5 95
217 223
50 5
95 89
50 89
133 178
217 223
50 95
217 223
223 133
223 133
50 125
223 217
178 133
89 50
95 89
50 13
217 223
89 84
5 50
217 223
223 133
5 95
89 50
217 223
217 223
133 178
50 5
89 5
217 178
223 217
89 5
217 223
178 217
133 201
217 223
89 95
50 5
178 133
178 223
217 144
222 246
133 217
50 95
95 89
50 95
89 50
50 5
89 95
50 13
133 223
89 95
133 178
178 217
89 95
89 95
133 223
89 95
223 217
133 223
223 133
217 178
217 223
89 95
5 110
178 223
217 178
89 5
217 223
223 133
133 223
217 223
217 223
223 217
133 223
178 223
241 186
95 89
89 95
95 14
217 223
133 158
217 223
223 178
89 95
89 50
41 68
89 15
217 223
95 5
196 169
50 95
89 95
133 223
223 217
178 223
133 217
217 178
178 223
217 178
133 223
95 5
95 89
95 50
79 54
89 50
50 105
15 83
50 95
178 133
95 50
42 94
133 223
217 223
217 133
217 223
95 5
133 217
217 178
5 89
217 223
95 89
217 178
89 95
217 133
95 89
95 89
5 47
223 178
89 95
217 178
89 5
89 9
50 5
95 89
133 223
95 5
81 42
20 8
217 223
223 217
50 95
89 95
217 223
133 217
217 223
133 223
50 95
178 223
223 151
50 5
217 223
133 178
50 95
5 95
133 178
89 95
217 223
133 182
217 178
178 180
50 95
89 50
178 217
5 59
89 95
95 89
89 95
170 179
95 38
95 82
125 95
223 217
5 50
217 178
217 223
217 223
89 5
89 50
217 223
217 223
217 189
178 133
89 95
178 217
133 247
178 223
95 5
89 95
217 128
223 217
223 133
5 95
95 5
89 95
217 223
217 223
95 5
50 95
42 51
217 178
217 178
89 95
65 79
5 47
50 95
95 50
178 223
223 178
178 223
50 95
217 223
223 217
178 133
133 223
217 223
178 223
178 133
64 111
133 178
133 217
178 145
223 217
217 223
50 95
65 115
133 223
223 178
89 50
89 50
98 50
50 95
178 223
223 217
89 95
133 223
95 14
223 217
89 50
133 178
95 89
223 217
96 113
178 223
178 217
192 234
50 95
95 89
217 223
133 217
5 117
95 18
89 14
64 93
89 79
5 35
119 100
133 217
217 223
228 142
95 89
223 217
89 50
133 217
89 95
217 223
95 89
217 223
5 73
223 217
89 95
95 38
95 89
217 223
217 223
178 223
148 136
178 181
95 89
178 223
5 95
178 223
95 89
5 50
50 89
133 217
50 95
178 223
133 223
217 223
133 217
178 202
42 51
217 177
95 84
217 223
223 142
51 100
133 223
217 223
223 178
89 95
178 188
5 50
217 133
51 111
5 95
217 223
89 81
217 223
223 133
133 223
95 14
89 95
89 5
217 223
50 41
133 217
50 68
217 223
217 223
223 217
178 255
133 158
223 178
178 223
5 95
89 45
89 95
89 94
95 89
223 217
217 133
178 133
50 122
36 121
217 178
50 95
20 64
217 133
5 95
178 223
178 223
133 175
133 201
223 133
89 95
217 178
50 5
95 5
133 217
95 89
217 223
89 50
89 95
253 172
95 5
95 38
95 89
5 89
248 217
89 76
95 50
133 201
95 50
89 95
145 167
223 178
50 95
89 95
96 25
178 133
50 95
223 178
223 133
89 95
89 77
133 178
50 95
95 89
133 217
217 178
217 223
217 223
223 217
217 223
223 133
223 178
5 95
89 95
41 23
223 178
41 68
178 133
5 95
95 50
5 47
89 50
89 119
95 50
133 178
54 5
133 223
5 8
178 133
209 170
133 223
5 95
178 223
178 133
50 5
95 89
223 217
223 133
223 217
223 133
217 223
179 170
5 50
217 133
223 178
133 217
133 217
77 50
133 217
89 5
178 217
89 95
5 50
178 223
89 95
68 15
89 95
89 5
178 223
5 95
89 5
95 14
217 133
223 178
50 89
249 147
89 5
89 95
89 95
113 58
217 223
217 223
133 223
95 50
89 50
5 95
133 217
89 21
95 50
5 75
133 223
223 217
217 223
223 133
5 89
133 178
223 142
133 223
133 204
50 95
5 89
50 102
217 133
133 223
95 5
133 178
209 192
5 47
95 50
5 89
217 223
223 178
50 5
50 5
89 50
178 223
50 53
5 95
20 64
89 50
89 95
223 217
64 83
133 223
217 223
133 178
178 133
95 5
223 217
223 217
223 178
217 223
95 52
217 178
70 42
5 3
5 95
5 95
178 230
223 217
89 95
223 142
95 71
178 223
95 5
133 217
223 133
223 133
50 95
89 5
89 50
223 178
89 95
89 95
50 89
50 95
217 178
217 223
223 217
217 133
50 95
133 223
217 178
241 186
89 5
5 95
89 5
192 133
133 154
95 89
217 146
5 89
95 5
50 95
178 234
223 217
50 95
50 95
89 95
89 5
50 89
217 223
217 171
95 89
5 123
50 71
5 95
217 223
5 89
95 5
178 251
95 50
89 95
223 133
50 5
217 178
95 89
178 133
50 89
178 217
5 89
223 217
223 217
217 223
133 223
50 95
133 223
223 217
178 223
89 95
133 223
5 89
223 133
133 217
178 217
95 89
95 50
178 223
133 217
50 18
89 95
5 89
223 151
133 223
95 89
50 5
89 95
217 223
133 223
50 95
217 223
133 178
217 133
50 89
5 95
5 50
178 217
5 50
222 156
95 17
95 14
89 95
223 133
241 186
217 178
89 109
89 50
223 217
5 95
178 223
217 178
178 192
178 145
223 217
95 50
89 95
89 5
223 178
95 89
95 117
223 133
95 5
178 217
89 23
217 223
89 95
95 50
223 217
223 178
89 50
95 89
223 178
89 95
133 223
133 201
89 50
89 95
179 201
133 217
95 57
50 95
178 223
178 217
223 217
145 250
217 178
5 50
5 50
217 178
223 217
89 95
217 223
50 89
217 223
223 178
95 50
223 133
51 60
89 74
89 95
95 50
50 20
89 95
178 223
217 178
133 186
89 95
50 95
50 47
223 217
95 23
50 28
95 5
211 207
178 223
95 89
95 50
89 95
95 5
50 95
133 139
217 223
133 217
50 95
5 89
217 223
133 223
133 217
223 138
5 95
5 95
178 223
50 95
217 223
50 95
178 133
89 5
179 209
217 133
217 133
95 105
5 89
5 50
178 223
89 5
50 95
133 178
89 95
223 217
89 50
217 223
89 95
79 15
217 223
133 217
5 89
223 243
89 50
89 50
178 217
89 95
217 223
133 223
133 223
95 50
223 217
191 248
95 50
89 95
217 223
95 50
217 223
249 133
50 95
133 172
50 45
217 251
223 133
223 217
223 133
89 95
89 50
217 188
5 50
89 95
178 159
54 58
50 5
89 5
95 50
178 223
178 146
95 50
178 133
5 95
50 89
5 17
223 133
95 115
223 133
50 95
223 133
223 217
217 223
89 95
5 95
89 95
50 89
217 246
89 5
95 23
217 202
217 223
5 54
178 133
89 5
193 224
50 95
217 178
50 89
95 79
95 23
89 29
223 133
95 89
217 223
5 50
89 95
89 95
217 223
50 95
95 5
133 175
223 217
217 178
223 145
89 95
217 133
223 217
178 223
89 50
64 106
89 76
95 50
223 217
223 133
95 89
223 178
95 89
217 166
178 133
223 133
217 223
217 133
95 89
178 250
50 22
95 5
178 223
73 5
217 223
5 95
95 5
133 217
178 217
95 89
95 5
178 223
133 223
89 50
223 133
95 89
5 73
178 223
50 5
217 133
223 151
223 217
89 95
178 185
50 17
95 89
89 95
95 89
50 89
184 133
5 50
50 95
217 133
178 223
89 95
217 146
217 223
133 217
5 89
235 141
89 95
217 223
89 95
217 223
133 223
89 50
178 250
223 217
217 223
223 217
223 217
95 50
50 5
89 95
20 8
217 235
178 217
50 89
89 95
133 223
133 162
50 62
178 133
223 178
178 223
178 133
89 5
89 95
217 223
217 133
89 5
133 217
95 50
133 175
178 223
217 133
89 95
95 50
178 223
89 42
95 50
217 223
50 5
5 50
217 133
217 178
89 95
133 217
217 178
223 217
133 223
50 47
5 89
223 217
89 50
223 151
125 77
223 217
217 223
89 50
50 89
223 217
223 178
95 5
89 95
217 223
5 73
50 95
178 211
178 221
89 5
223 133
89 95
50 95
217 178
178 223
223 133
169 145
14 81
89 5
89 50
217 221
217 133
178 223
5 95
5 95
133 178
5 89
95 23
223 217
95 14
217 223
217 178
217 223
133 217
5 89
178 223
217 223
223 217
178 217
89 72
89 57
95 14
217 223
94 41
74 99
133 178
95 23
95 50
5 50
178 141
17 19
250 217
89 50
217 223
133 217
251 247
178 217
50 95
133 158
89 5
133 217
89 50
133 217
50 95
95 50
217 144
217 223
95 89
89 5
178 217
217 223
178 223
217 223
223 194
217 223
182 178
89 5
89 95
89 95
217 178
95 89
223 217
217 178
5 95
178 223
224 222
223 178
89 71
5 50
217 223
227 252
223 217
95 50
178 223
223 178
178 217
133 223
118 13
223 217
50 99
178 223
223 133
89 95
5 50
5 95
89 95
89 95
89 95
89 95
95 14
217 178
5 50
133 223
50 95
223 217
178 133
133 178
217 223
223 217
217 223
217 133
133 175
50 22
178 223
223 178
178 167
223 217
89 95
5 50
5 95
217 133
133 217
5 89
217 238
223 217
5 89
95 89
217 223
133 223
5 95
89 95
89 50
95 89
95 5
50 5
217 223
223 178
50 5
50 95
95 5
223 133
133 223
217 223
50 78
107 5
133 223
95 50
50 95
178 223
89 95
5 50
217 178
89 5
217 223
89 5
160 202
5 115
89 95
89 95
223 133
50 95
133 217
50 89
5 95
217 180
5 50
217 223
217 223
95 50
133 178
253 133
133 223
178 223
95 50
196 143
95 89
95 89
50 95
95 50
95 89
95 50
133 217
217 178
89 44
5 95
95 50
50 95
50 95
95 50
217 223
217 223
5 47
151 169
89 50
89 95
50 95
50 89
5 95
217 187
95 89
178 133
95 5
89 50
217 223
223 217
89 5
89 95
217 223
5 50
5 89
95 89
253 251
50 95
246 141
178 140
133 223
89 95
223 142
223 217
50 95
50 95
133 235
133 223
223 217
5 50
178 248
5 89
5 95
182 212
121 83
5 50
50 66
223 178
217 223
50 95
223 131
217 223
95 5
133 223
5 83
178 217
178 223
5 89
178 133
178 217
50 18
133 178
133 223
223 217
133 223
179 191
217 223
223 178
89 5
169 234
228 142
50 5
223 178
50 95
95 89
133 223
217 223
89 95
89 95
223 219
5 95
95 5
217 133
5 89
178 217
178 133
133 210
223 217
133 217
223 142
50 84
133 223
89 5
223 217
50 89
223 178
89 95
50 95
5 95
95 89
178 223
5 58
89 95
133 178
89 95
217 133
217 178
89 95
50 95
133 223
223 133
50 95
89 95
5 38
133 244
50 95
217 223
50 89
178 223
133 178
95 5
217 223
95 5
217 223
89 5
133 223
89 5
89 83
178 251
217 223
182 185
5 50
5 95
50 5
223 217
223 178
223 133
178 223
223 217
89 116
217 223
169 157
223 133
178 133
178 133
95 5
178 223
95 5
50 95
95 89
89 50
223 133
5 95
89 95
50 95
133 164
5 95
223 133
89 50
133 217
223 217
217 133
50 89
89 50
5 73
89 50
223 217
5 89
89 95
95 1
133 223
50 5
209 192
89 95
223 178
95 89
217 223
5 95
217 223
5 50
217 223
5 1
217 223
5 89
178 223
95 50
178 223
223 133
95 89
5 95
89 95
5 89
95 89
89 5
223 217
133 223
95 5
89 95
223 178
217 223
95 89
41 21
178 132
217 223
95 50
95 55
170 229
217 178
223 133
95 89
223 178
5 95
89 75
50 71
121 15
223 243
178 133
5 73
89 57
89 95
17 81
133 238
223 217
89 88
178 223
5 95
217 223
223 133
133 178
50 43
64 7
133 217
89 95
223 217
5 89
178 223
223 133
50 44
217 133
50 51
217 223
223 217
217 223
5 21
217 133
178 158
217 223
51 42
89 95
133 178
142 223
223 208
133 223
50 89
15 34
89 95
217 223
178 133
50 89
89 95
89 95
89 5
217 133
50 95
223 178
217 223
223 142
217 223
5 89
217 223
89 95
223 178
89 50
50 89
217 223
5 89
217 221
217 223
89 30
41 15
95 50
95 89
5 89
50 95
217 223
89 15
178 223
217 147
133 217
50 89
95 89
89 5
133 223
217 223
89 5
178 217
5 89
217 223
217 223
217 223
89 95
217 223
95 50
89 95
217 223
178 223
178 223
95 50
95 89
5 73
217 223
223 217
133 178
217 223
5 50
5 95
223 178
178 223
89 95
133 178
89 95
89 95
89 95
223 217
5 95
5 95
50 95
223 217
89 50
5 89
89 95
89 95
50 5
217 223
217 178
5 95
133 178
133 178
5 89
50 95
178 223
217 223
217 223
217 223
133 217
50 95
95 89
50 75
217 223
217 178
95 101
50 95
217 178
208 178
5 95
184 133
133 196
178 217
50 95
89 95
223 133
95 89
217 223
95 65
89 95
217 178
217 178
50 95
217 178
223 203
89 95
133 217
178 217
133 217
89 95
95 5
89 50
5 95
133 223
89 122
89 116
133 223
223 178
217 223
178 227
95 5
89 122
133 223
42 94
89 95
95 50
95 89
5 95
178 133
217 133
223 217
178 223
50 95
5 89
217 178
223 194
178 223
217 223
133 201
95 50
5 95
50 89
223 217
5 95
95 79
5 95
217 223
178 223
217 178
125 122
95 89
217 223
196 169
223 178
143 207
95 89
223 133
50 95
15 34
133 178
217 178
89 95
182 145
178 217
217 223
99 1
217 223
223 133
95 89
50 95
217 223
217 223
223 217
178 223
178 223
178 217
133 217
237 178
217 178
217 223
133 201
133 217
95 89
217 223
89 95
178 223
95 5
89 95
178 223
119 99
5 50
217 223
89 95
217 178
5 89
89 95
95 50
89 95
89 5
178 246
223 178
217 170
217 235
223 133
222 148
223 217
50 33
5 50
5 95
217 223
178 133
217 223
224 221
223 178
95 89
217 178
133 223
133 217
178 223
217 223
89 95
223 217
217 223
50 89
95 89
223 133
217 133
223 178
217 223
95 89
89 95
133 217
89 50
50 89
217 178
5 95
15 34
217 223
95 89
89 95
50 89
89 95
223 178
133 203
89 78
133 201
59 70
95 50
133 223
133 178
89 5
178 217
223 217
217 178
217 223
95 5
89 95
217 178
89 95
95 89
217 223
89 95
223 178
223 217
89 95
5 50
65 121
178 217
89 95
217 178
223 133
50 5
223 178
223 217
89 95
89 5
217 178
95 5
89 95
89 5
223 217
89 95
223 133
223 217
133 217
217 192
223 133
217 178
179 208
217 223
5 95
5 50
50 1
178 196
89 50
89 95
89 95
89 50
5 95
95 5
217 223
95 89
89 92
50 95
89 95
5 89
223 133
5 73
217 223
89 5
95 89
95 50
223 178
133 178
95 89
5 89
217 133
5 89
217 223
217 223
5 89
95 89
178 249
5 73
217 133
133 228
178 217
223 217
5 111
223 217
95 89
5 47
217 223
99 51
133 223
178 223
133 178
14 95
223 217
217 133
50 95
223 133
5 95
245 223
89 74
133 178
133 223
217 133
133 223
223 178
50 95
217 178
223 217
223 178
50 99
182 173
89 50
217 223
5 95
95 50
89 95
95 50
50 47
5 89
178 223
95 52
148 136
89 50
133 223
89 50
95 89
217 223
133 217
178 223
217 223
89 95
223 251
223 178
178 223
217 223
95 89
217 229
95 50
217 223
95 89
178 133
50 5
217 223
95 50
99 25
178 133
89 95
41 23
223 245
50 89
63 120
178 223
89 50
217 223
133 228
217 133
217 205
217 133
89 95
217 178
217 133
217 223
89 50
89 95
50 5
89 50
50 5
170 222
89 95
95 89
95 89
223 178
133 223
5 95
54 5
170 179
133 223
89 95
5 50
178 223
5 50
95 89
95 50
133 223
95 50
95 50
217 223
89 5
89 95
50 95
42 51
178 223
50 95
95 50
89 123
95 50
89 95
133 217
95 5
178 217
217 178
95 89
89 95
217 223
5 95
178 223
223 217
217 223
96 19
89 50
133 223
178 223
178 153
89 5
41 28
5 89
217 223
5 50
89 95
50 95
133 192
95 89
178 223
89 95
178 189
192 203
217 208
178 223
95 89
5 89
217 133
89 95
223 178
5 89
120 63
217 178
217 223
178 248
133 223
196 169
89 50
223 133
106 95
50 95
217 223
178 133
133 201
223 133
42 79
5 50
178 154
5 95
50 74
133 251
89 5
211 207
217 223
50 94
20 64
178 210
5 95
133 223
186 203
89 50
133 223
223 217
217 178
217 178
223 217
228 247
50 95
217 223
169 196
5 89
178 148
217 223
50 95
133 217
96 83
223 133
169 196
191 224
50 89
89 45
95 50
50 95
179 139
89 50
178 217
95 50
89 95
95 50
217 178
217 133
89 95
217 178
89 95
89 95
5 95
133 223
133 178
89 95
95 50
217 187
133 223
41 104
95 89
178 223
223 230
50 30
50 89
217 223
89 95
95 5
217 178
223 217
89 95
50 43
178 223
223 217
5 71
192 211
217 223
133 191
95 5
5 71
223 217
178 217
50 89
89 95
95 50
95 14
95 77
89 95
89 50
65 66
50 5
217 223
95 5
5 38
100 54
5 95
223 217
95 23
133 217
217 223
95 89
95 89
178 223
5 95
89 95
89 5
50 95
223 178
217 223
133 223
95 118
178 133
217 223
5 95
89 95
133 223
5 95
51 5
211 207
50 95
223 228
133 217
223 145
133 223
133 178
133 208
50 95
178 167
223 217
95 50
217 178
89 95
95 89
223 182
125 119
217 223
178 223
178 181
89 50
178 223
50 95
89 95
50 113
68 15
178 133
95 89
95 89
95 50
89 95
223 178
89 95
223 217
223 133
50 95
133 223
95 89
223 128
95 80
95 89
95 14
223 162
89 95
133 223
89 95
217 178
133 223
5 93
223 217
50 97
217 176
95 89
217 223
217 223
223 145
95 89
217 133
145 253
89 5
178 217
41 15
65 34
217 223
217 223
217 178
223 217
50 95
50 17
223 217
223 178
223 217
50 95
5 89
223 217
217 223
89 95
50 89
178 223
178 223
217 223
217 223
133 217
133 223
217 223
133 217
50 5
89 95
89 95
133 178
227 185
89 95
95 89
50 95
227 136
217 223
133 217
222 238
133 223
217 223
223 217
193 206
217 133
217 178
89 95
59 79
133 178
5 50
89 95
217 178
217 133
223 217
50 89
5 89
95 5
178 217
95 5
5 95
5 95
217 223
223 157
50 95
133 170
178 223
50 89
5 50
95 5
178 223
95 89
89 95
95 89
50 5
133 223
217 223
100 119
178 133
5 89
217 133
95 89
217 223
54 32
223 133
50 89
217 178
95 50
95 89
14 100
89 5
223 133
223 133
95 5
89 95
89 95
133 244
5 50
50 19
50 89
178 223
223 217
95 89
217 223
217 133
89 95
133 178
223 211
50 95
64 8
95 50
95 89
223 217
50 95
95 89
217 223
89 95
145 233
223 217
133 217
223 178
217 223
95 89
223 217
217 133
5 50
89 50
223 217
223 133
89 95
5 95
217 133
217 178
5 89
217 133
95 89
89 95
133 223
89 50
178 187
178 223
89 95
217 178
223 131
133 182
148 192
89 5
223 217
89 95
223 217
223 178
133 217
50 95
162 193
223 178
217 178
89 5
89 95
5 56
50 89
217 223
169 164
50 95
89 95
79 63
95 89
223 245
89 95
95 50
89 95
223 142
89 50
89 95
133 217
89 5
217 178
217 133
133 217
95 5
50 52
192 160
50 62
13 107
133 178
95 50
5 50
223 217
178 223
217 223
178 188
223 199
95 89
95 89
178 223
217 223
217 223
217 223
50 20
5 50
249 221
133 175
95 117
133 178
223 133
217 178
217 223
50 89
217 223
50 95
50 89
133 223
133 223
89 95
50 5
5 89
217 133
247 251
89 95
178 142
50 89
89 95
95 5
133 178
5 95
5 73
89 95
95 50
241 186
5 89
223 170
89 95
178 223
217 178
95 89
50 95
133 217
133 223
178 133
95 5
95 89
89 95
89 50
133 223
89 50
89 50
89 50
89 42
223 217
89 95
223 133
95 89
95 14
89 5
217 223
5 89
178 223
89 95
217 133
95 89
133 217
178 217
89 95
133 223
95 14
125 59
217 223
178 223
5 50
178 223
95 50
95 89
125 12
89 95
89 95
50 95
89 17
89 95
89 95
5 50
178 223
223 133
178 223
133 217
51 63
133 223
178 223
89 71
123 119
133 178
178 223
223 135
178 133
227 172
223 217
89 5
217 223
196 143
223 217
89 50
5 50
95 89
89 95
5 95
89 5
89 95
95 89
217 178
217 223
50 95
178 156
63 79
50 95
223 198
217 211
5 89
133 223
95 89
178 133
217 176
95 89
5 89
50 89
95 89
223 133
178 223
95 5
89 95
178 223
217 223
217 178
15 79
95 89
5 95
178 217
217 223
89 5
133 238
222 239
223 133
133 178
89 95
223 178
217 133
223 178
89 95
217 223
89 50
95 89
133 178
89 95
223 217
133 217
50 95
95 89
178 133
217 223
5 95
50 89
223 217
217 223
5 95
17 80
217 225
133 223
5 50
89 95
95 71
217 223
89 95
95 89
223 217
5 95
223 178
95 89
95 34
89 95
217 178
89 23
100 14
223 217
133 217
89 5
191 170
178 223
95 89
133 223
223 178
89 50
95 89
217 133
133 143
228 247
89 95
223 133
5 89
14 100
217 133
175 226
5 50
95 50
133 221
223 251
217 223
178 133
217 142
133 217
89 95
50 95
5 89
89 5
50 95
223 133
178 223
217 223
5 73
223 178
89 95
133 217
89 95
223 217
217 223
14 81
223 178
217 223
217 223
95 89
191 248
223 178
217 133
95 94
95 89
241 186
89 110
133 223
223 217
217 223
133 223
178 223
95 89
178 217
223 133
217 178
133 178
95 5
217 178
5 47
89 95
133 217
217 223
95 89
50 95
95 50
223 133
50 95
178 217
223 217
133 223
253 226
95 89
133 217
50 95
89 95
95 50
217 178
5 89
89 95
50 95
5 89
89 5
223 217
89 95
217 178
95 89
95 23
89 50
95 50
50 95
95 5
206 133
50 95
95 50
223 133
133 178
223 217
5 95
217 178
169 196
95 50
223 133
223 133
5 89
178 223
50 41
89 95
217 133
222 180
217 178
5 95
133 178
223 217
68 15
223 175
133 178
54 5
5 95
95 23
95 50
50 95
143 162
217 178
133 223
217 223
89 99
95 89
223 217
217 223
178 223
223 217
50 95
89 95
223 217
50 95
89 5
133 217
223 133
247 227
50 89
119 123
95 50
95 50
95 89
89 105
178 162
247 251
217 223
217 223
217 223
5 95
95 14
5 95
223 217
224 140
217 223
223 133
133 252
253 241
5 95
54 127
89 95
89 95
217 228
133 201
5 30
5 47
223 217
5 50
5 95
95 50
5 51
133 217
223 217
89 95
50 42
95 5
50 89
217 178
50 95
217 147
133 223
223 217
178 223
217 223
145 243
178 217
133 217
89 95
5 89
89 5
217 221
5 95
95 89
145 208
217 223
133 209
178 244
178 223
133 214
217 223
217 133
89 3
217 223
217 223
5 95
95 89
5 47
14 100
50 5
5 73
5 95
5 95
50 89
89 95
217 207
223 213
5 73
217 223
178 223
133 223
15 79
223 133
89 95
5 50
217 196
217 223
95 89
50 89
50 5
89 95
217 223
89 95
89 95
89 95
178 223
201 133
50 95
89 95
50 95
50 5
178 223
50 95
223 178
217 223
196 179
217 223
50 95
51 78
133 223
50 5
64 6
223 178
223 178
50 95
95 13
89 50
94 19
89 95
192 211
5 30
89 95
50 89
89 50
50 48
50 95
133 217
50 17
223 133
217 178
99 43
217 223
95 50
89 95
178 223
223 246
223 222
89 95
143 162
223 217
50 95
95 50
217 223
223 217
133 178
95 50
89 95
217 133
223 133
133 223
223 217
178 223
217 223
89 95
133 223
89 95
223 217
5 115
89 50
5 95
89 5
223 151
217 178
50 95
95 14
178 223
133 223
89 95
95 89
178 217
178 223
217 178
223 178
178 150
223 169
50 5
178 223
223 237
89 50
178 223
244 217
217 223
95 89
217 223
217 169
223 151
50 89
17 125
133 217
223 133
217 223
178 217
95 89
217 178
5 95
223 217
95 23
223 217
89 95
95 14
89 42
178 223
5 89
5 95
89 95
15 83
217 223
178 133
223 151
223 133
50 5
223 217
217 133
133 217
95 25
89 50
223 217
217 223
217 178
178 223
95 89
89 95
5 95
89 95
133 217
50 95
133 250
133 217
133 223
5 50
223 217
89 5
5 89
50 89
5 89
178 217
50 95
223 217
223 217
217 225
223 217
178 223
133 178
50 95
223 217
217 178
133 178
50 89
5 95
50 89
89 95
5 110
95 5
217 223
217 202
217 133
223 178
89 95
5 95
89 5
5 89
5 89
95 50
89 95
223 133
50 95
223 217
89 95
5 50
89 95
133 217
178 223
89 95
95 14
178 223
95 5
95 89
217 133
223 133
217 223
95 89
95 23
133 223
95 89
217 223
178 223
133 217
143 162
50 89
95 89
95 5
143 234
178 223
223 178
223 202
133 217
223 217
94 54
89 95
133 223
89 95
217 223
217 223
63 120
50 5
178 133
89 5
95 23
42 51
154 178
217 223
89 98
89 50
133 217
223 217
148 136
148 136
95 92
89 50
89 95
95 5
223 179
178 223
178 217
223 217
133 223
50 95
50 95
89 95
133 223
89 95
133 223
217 178
217 223
133 223
89 95
89 95
217 178
17 46
51 65
208 178
133 223
178 223
125 80
79 83
133 217
223 217
5 73
89 50
223 178
217 133
5 89
217 133
95 14
223 178
217 223
50 89
223 133
178 174
217 223
95 89
179 178
95 5
217 223
89 95
5 89
178 136
89 5
217 223
95 89
50 95
178 223
89 95
223 178
95 89
178 223
50 5
223 178
217 178
217 223
178 223
217 223
209 170
133 178
133 178
89 95
223 217
95 89
95 5
51 100
89 95
178 223
5 95
178 217
178 133
50 5
89 50
5 95
50 95
133 217
133 223
5 89
95 50
50 95
95 50
89 95
253 226
89 95
89 95
89 46
178 223
95 23
178 217
5 95
217 178
223 133
133 223
223 133
89 95
178 223
50 95
223 217
178 144
95 50
95 89
89 95
25 106
5 95
95 5
133 223
5 47
100 119
133 223
95 50
148 249
89 50
89 95
178 223
178 162
217 223
89 47
89 95
217 223
50 5
217 223
178 223
95 8
63 79
169 221
95 5
133 178
5 47
133 223
95 89
89 50
223 217
133 223
241 186
133 223
71 89
95 5
89 42
223 217
217 223
223 178
50 89
95 65
89 56
89 95
89 95
133 223
95 89
223 217
217 210
223 151
89 28
217 223
50 18
50 95
5 95
89 95
217 223
89 95
217 133
217 133
133 223
95 89
217 178
95 50
133 223
217 223
51 105
133 223
223 178
178 223
217 178
15 83
169 159
95 30
217 133
95 5
50 95
89 50
223 178
54 25
5 95
5 95
89 50
95 89
89 95
95 50
5 95
223 133
217 223
217 223
223 217
178 217
95 89
89 95
50 71
217 210
89 95
217 133
5 95
217 178
217 223
133 201
50 95
5 95
217 223
5 95
249 133
95 89
95 14
5 51
50 95
89 95
217 178
95 83
95 14
178 223
89 0
50 95
119 20
217 223
80 5
5 89
133 217
5 95
178 171
94 58
125 48
217 223
133 223
223 217
89 95
5 50
95 89
223 133
217 131
217 223
178 217
95 5
133 223
217 223
178 223
95 89
223 142
133 178
133 217
95 89
223 217
217 223
178 223
223 217
223 217
95 99
217 178
217 178
20 64
50 89
50 5
95 50
133 223
95 89
223 178
50 95
5 95
217 158
217 178
178 223
223 199
178 217
50 5
217 178
5 89
217 133
223 178
217 223
5 89
50 95
178 133
89 95
95 77
178 217
5 89
178 217
223 178
95 89
217 223
95 50
133 217
50 95
223 133
217 223
50 16
95 89
95 64
223 217
5 95
133 223
223 217
89 95
133 217
217 223
89 50
217 223
41 25
95 50
89 5
95 29
217 133
217 178
133 175
95 50
50 89
217 133
70 42
178 217
5 50
217 223
89 95
89 50
133 245
217 223
217 133
223 133
89 95
50 95
182 161
217 223
223 217
223 217
217 178
223 217
217 223
5 95
133 223
133 217
89 57
223 166
178 133
50 95
133 230
89 50
89 95
145 189
223 178
50 95
133 178
89 50
217 178
178 129
50 95
95 89
5 95
217 223
217 223
5 95
217 223
5 50
133 217
5 89
5 95
178 217
51 56
89 5
95 50
223 217
223 217
50 95
89 95
95 89
89 95
50 89
89 50
178 223
113 83
5 95
217 223
133 217
178 223
63 79
178 223
160 217
5 95
5 50
89 95
178 223
5 89
178 223
178 217
223 217
223 133
50 95
5 95
50 95
223 142
95 5
50 95
5 50
89 50
89 95
169 211
133 223
133 217
178 173
89 5
95 23
89 95
223 133
217 209
95 89
89 50
95 50
223 217
95 89
217 157
133 178
217 223
133 223
133 178
5 89
133 223
89 95
178 223
178 217
50 95
178 217
54 12
89 95
217 133
217 133
223 178
178 223
217 178
89 51
223 199
89 95
178 223
223 217
89 95
227 170
50 95
179 207
133 178
89 95
217 133
95 89
217 178
223 178
50 95
223 178
178 133
50 5
89 95
50 89
133 217
217 223
223 151
223 133
217 223
178 133
50 95
217 178
89 50
217 223
5 54
223 217
133 217
133 217
89 5
178 217
217 223
217 223
89 95
169 196
217 223
95 89
50 5
5 50
223 207
50 95
148 192
89 115
217 223
223 217
223 217
217 133
89 50
223 217
223 133
89 95
178 217
133 131
217 178
5 89
95 89
133 178
217 223
217 223
178 193
217 178
42 1
95 89
223 217
217 170
5 95
89 47
95 23
5 95
51 115
113 58
133 178
95 89
217 208
223 217
217 223
133 178
222 151
217 223
217 223
50 95
223 217
217 223
217 223
217 223
89 95
223 205
89 95
133 223
133 217
95 50
89 95
15 83
223 217
223 133
89 95
178 133
133 217
50 5
50 31
89 95
95 89
5 47
5 47
217 133
133 251
95 14
133 217
223 217
178 223
118 13
133 223
223 133
89 95
95 89
253 187
89 50
178 133
50 89
217 220
182 160
89 95
223 217
224 250
178 210
89 95
89 95
89 5
178 223
224 250
223 217
217 223
95 50
133 217
95 50
95 89
223 133
133 223
133 223
95 5
95 23
89 5
217 223
217 247
50 95
217 178
178 223
178 217
95 89
133 178
95 89
217 179
178 249
217 178
95 5
133 178
223 217
223 217
223 217
178 223
223 133
217 223
5 50
205 178
5 95
178 223
5 59
178 223
217 223
89 5
54 50
217 223
5 95
5 50
89 50
133 223
54 50
89 50
217 223
133 217
178 217
95 89
223 133
95 50
89 5
89 95
15 79
95 50
133 223
5 95
178 147
217 223
133 223
223 133
50 95
133 223
5 50
89 95
133 223
223 178
217 223
198 170
89 50
223 217
95 89
223 217
217 128
217 221
178 133
89 95
133 223
241 164
89 5
5 95
223 178
95 89
133 223
89 78
100 14
5 77
223 178
217 223
217 178
223 133
89 95
95 89
89 95
217 210
95 89
95 50
95 0
217 178
217 223
95 50
5 89
95 5
217 223
50 95
178 133
50 89
50 95
89 95
5 50
5 95
5 95
133 223
5 50
5 95
89 5
89 95
95 17
133 223
95 89
133 217
178 133
217 223
217 133
5 47
95 89
217 223
89 95
89 123
89 95
95 89
223 217
89 95
89 95
89 5
217 223
95 50
223 142
217 203
223 178
133 223
5 50
178 223
217 223
89 95
223 178
223 217
95 89
5 95
89 95
133 223
178 217
89 50
89 50
145 129
133 178
95 50
223 133
89 50
89 95
95 50
89 95
89 20
217 223
95 50
223 207
223 151
89 50
217 178
95 50
217 223
113 58
217 178
223 153
133 178
5 89
133 217
217 133
5 50
95 89
217 138
217 223
89 95
223 133
89 95
89 95
89 95
178 217
133 201
178 223
50 5
217 223
89 95
217 223
178 217
223 178
5 50
50 95
89 5
217 178
217 223
50 95
223 253
64 83
178 223
133 178
50 95
217 223
95 23
50 5
89 95
89 50
228 247
133 178
217 223
95 89
5 50
133 223
89 94
89 5
178 223
95 23
5 50
133 217
217 223
50 95
223 217
223 217
223 217
95 64
89 95
89 95
95 89
50 95
133 217
100 119
178 223
95 50
95 89
223 219
5 89
178 151
89 17
217 223
95 5
50 95
95 89
99 79
178 223
178 133
5 89
50 63
224 129
217 223
89 50
95 89
223 217
217 133
89 5
223 133
223 178
178 223
217 223
89 95
217 223
192 158
89 95
89 50
217 178
5 47
50 95
5 50
50 20
207 143
50 95
50 95
178 217
217 223
50 95
133 201
95 107
95 89
95 5
89 95
178 223
121 11
223 131
95 5
178 223
50 89
95 89
95 50
217 178
133 175
223 217
217 196
223 178
5 57
133 182
50 5
217 223
95 123
217 223
223 133
89 95
89 95
253 192
95 50
5 26
178 223
5 89
133 223
223 217
95 5
178 223
50 95
133 217
89 95
133 178
178 223
217 223
178 133
50 3
95 50
50 19
50 95
217 223
89 50
178 217
223 178
5 50
217 223
95 5
5 89
217 133
223 178
133 223
5 89
223 217
15 83
95 89
89 8
113 58
89 95
89 95
89 95
5 95
68 41
5 89
178 223
95 5
95 23
178 133
10 41
5 50
178 208
223 178
217 223
89 95
217 190
217 178
50 89
50 5
223 217
50 95
121 2
89 95
133 217
178 133
79 95
118 42
89 95
133 217
133 217
208 178
217 133
223 221
223 178
217 223
89 5
89 50
217 223
178 223
223 217
145 135
223 217
217 223
217 223
89 75
133 217
95 50
217 178
217 133
89 14
95 20
94 35
50 5
133 244
5 89
5 89
50 95
217 223
95 23
89 95
50 21
223 217
89 95
95 5
95 89
5 47
89 95
5 50
217 178
89 50
64 74
133 223
5 89
223 217
217 223
89 95
5 64
89 5
145 196
178 223
89 71
50 5
133 223
89 50
5 47
95 79
95 5
95 89
50 89
223 142
178 223
89 50
223 178
217 223
20 8
95 89
5 50
241 202
223 217
217 178
178 223
95 5
228 247
178 223
5 31
223 178
217 223
217 223
223 133
133 201
95 14
223 217
50 89
217 223
223 217
133 178
223 133
5 95
5 50
217 223
217 223
217 223
5 47
95 89
5 50
178 133
5 50
170 239
133 217
133 217
223 133
217 178
89 95
89 95
89 95
133 217
217 223
89 95
95 50
217 178
133 201
178 223
95 89
5 95
223 178
133 178
133 223
50 95
217 223
223 178
223 133
95 89
5 95
5 50
133 201
95 89
50 95
223 217
223 217
217 223
133 223
133 178
217 223
217 223
89 95
5 95
5 95
217 178
50 95
178 223
217 223
178 223
178 223
95 89
178 223
5 38
223 151
89 50
217 133
223 217
178 133
89 50
223 178
217 223
223 178
89 95
133 217
133 217
178 223
178 223
95 50
5 95
50 95
217 178
89 95
133 217
89 95
79 54
95 5
133 217
217 133
178 193
89 50
217 178
178 223
217 223
5 95
50 89
95 89
95 89
178 223
89 50
133 223
133 163
89 5
5 73
89 101
217 223
217 223
89 95
217 223
89 95
178 223
5 54
89 95
217 223
178 223
125 73
125 95
95 89
133 201
119 123
217 223
217 223
65 83
113 58
223 217
133 223
50 5
50 47
223 217
5 50
50 5
89 79
50 95
95 14
89 5
95 89
5 71
50 95
178 223
217 223
89 95
133 175
253 229
217 178
217 223
133 217
223 142
178 133
223 217
95 5
133 175
217 223
196 143
89 95
95 89
89 95
186 203
223 217
133 217
217 223
89 95
50 89
217 223
178 133
178 217
50 5
89 95
178 217
5 89
178 223
223 217
178 141
95 50
95 23
50 95
223 217
50 95
223 217
133 217
50 89
50 89
5 50
89 95
133 217
50 28
50 75
95 109
133 201
223 151
5 95
89 50
178 217
217 223
223 178
178 223
68 41
133 223
178 217
50 5
133 195
143 169
223 217
178 223
178 223
223 133
191 207
217 133
5 95
41 68
5 50
223 217
125 8
5 50
178 217
89 50
217 223
95 50
223 217
249 148
178 223
133 217
89 95
223 217
125 3
133 244
89 95
217 223
160 202
89 95
5 89
5 73
223 217
223 198
5 95
178 223
89 95
217 223
63 120
89 95
223 217
89 95
89 95
217 178
192 141
95 5
50 89
50 13
133 158
217 133
178 217
178 223
5 94
178 223
95 50
5 95
178 223
223 178
217 222
217 133
5 50
223 178
223 241
223 217
217 178
178 217
89 95
133 178
223 217
223 178
118 65
5 95
89 50
217 223
95 50
95 5
217 178
50 65
217 223
224 185
5 50
95 89
113 58
95 83
178 223
5 89
5 50
50 95
95 89
50 5
178 223
50 95
89 95
223 170
207 224
5 89
178 133
50 89
95 89
217 223
223 217
89 95
223 217
17 77
95 94
178 133
95 50
89 95
89 95
89 95
5 50
5 122
89 95
223 217
217 223
217 223
133 217
178 230
95 89
95 5
178 223
223 217
223 217
178 223
89 95
133 185
50 95
178 133
95 5
83 111
95 5
217 223
5 50
133 223
217 239
125 23
178 133
95 89
133 223
89 95
5 89
217 223
223 151
89 95
133 223
217 133
89 95
133 217
50 5
178 133
178 223
89 5
89 50
89 95
95 50
133 223
217 223
217 223
89 95
208 178
133 178
217 178
217 178
223 133
5 47
133 223
224 211
133 232
89 5
50 5
223 217
95 31
15 79
217 133
217 133
223 217
226 178
95 89
95 50
50 89
133 217
133 223
217 178
217 178
89 95
95 89
178 252
95 89
89 50
223 133
50 95
217 223
253 201
5 50
133 178
95 50
5 89
95 50
196 143
121 107
133 223
133 217
89 95
50 89
95 89
223 133
95 89
89 50
178 223
133 223
217 223
50 84
217 223
133 223
196 143
32 74
89 95
50 5
133 223
50 89
95 5
89 73
224 213
5 89
133 201
89 95
94 84
5 95
223 217
95 5
89 95
89 95
133 223
217 223
50 5
95 48
229 217
133 178
95 89
217 223
178 223
217 223
227 135
133 223
5 50
178 223
223 133
89 95
50 89
143 211
89 50
133 217
217 223
51 96
178 133
217 223
217 223
217 178
133 223
5 95
223 133
89 95
50 5
5 95
17 125
178 223
133 223
5 47
178 217
64 116
89 95
217 223
50 78
178 223
95 50
223 217
5 89
223 217
89 5
223 178
50 95
133 223
223 217
95 5
95 89
133 178
223 217
95 89
89 95
89 95
217 178
95 89
5 95
133 223
223 178
178 217
95 89
223 217
178 223
217 133
89 95
5 95
223 151
50 95
223 217
217 211
95 89
89 5
95 50
223 178
178 223
217 223
95 89
95 50
249 143
89 50
95 89
178 223
217 223
95 89
95 5
217 133
89 95
89 95
95 89
89 95
217 223
89 50
133 178
178 223
178 223
217 223
5 89
217 223
64 94
95 50
89 95
133 223
223 217
178 223
89 95
89 5
133 223
89 95
223 151
95 5
95 5
217 223
217 133
95 5
223 178
50 91
5 95
217 223
223 151
193 223
217 250
89 95
5 50
148 192
178 223
223 133
89 5
95 50
217 133
217 178
133 223
217 151
178 223
178 223
89 5
17 42
223 217
100 14
178 217
50 75
217 223
50 5
133 223
143 211
133 217
95 114
50 95
5 95
50 64
89 95
217 223
178 223
89 95
133 175
217 223
223 133
5 95
178 133
223 133
223 136
95 50
223 217
133 178
217 223
217 223
223 217
95 89
217 133
217 223
133 178
50 95
50 34
89 95
50 84
5 95
5 89
217 223
95 89
95 89
89 116
223 217
223 217
89 100
133 217
95 5
217 223
42 51
50 95
133 223
50 95
89 95
89 95
50 95
223 137
133 212
5 95
95 5
89 95
89 17
217 223
223 133
5 95
223 217
223 133
95 89
50 68
89 95
133 223
5 50
223 178
217 223
217 223
178 223
217 223
89 95
95 89
223 217
5 89
211 133
217 133
5 89
133 223
223 217
95 5
223 217
95 89
223 217
217 223
89 50
170 179
89 95
217 223
5 95
89 95
95 89
170 179
125 102
217 223
95 89
217 133
89 5
100 119
223 217
133 223
223 133
223 217
89 95
89 3
133 223
50 95
50 70
89 48
89 50
223 217
50 95
89 95
95 50
113 58
89 20
133 223
178 217
223 217
133 223
217 223
133 178
95 50
95 5
217 223
95 50
50 8
217 238
223 217
178 223
223 217
89 50
89 50
95 50
89 54
217 178
217 223
178 217
89 5
89 95
65 64
178 133
217 133
133 223
89 50
178 223
178 207
95 89
49 89
50 5
5 78
95 89
89 95
223 217
178 133
143 211
89 83
178 217
217 223
133 221
178 140
133 223
50 95
133 192
95 50
133 223
133 223
119 123
223 217
223 217
133 223
169 183
95 89
89 5
89 5
223 217
217 223
5 73
50 95
133 217
50 38
89 57
133 217
89 50
217 133
178 223
153 228
89 71
223 176
89 95
50 89
223 158
133 246
89 95
223 133
95 50
89 95
5 95
178 223
178 219
89 95
223 178
5 95
143 207
217 178
5 50
89 95
133 234
89 95
178 223
50 5
89 95
5 95
42 51
133 217
133 223
89 95
217 223
217 133
133 223
50 89
223 178
5 95
223 133
89 68
5 73
133 178
50 89
65 61
95 89
89 76
89 95
223 133
223 142
5 95
95 5
5 95
178 133
209 133
217 133
223 217
89 50
89 95
223 133
223 217
95 50
223 217
50 95
192 161
153 238
227 238
95 89
50 95
217 223
223 178
223 133
95 89
5 89
178 217
89 50
89 95
63 120
133 223
50 95
178 133
223 178
89 95
50 5
133 223
5 50
223 178
217 223
89 50
217 243
89 95
223 178
95 50
217 223
223 217
178 133
223 184
89 95
241 186
178 238
228 247
89 50
178 217
217 223
178 133
217 178
170 246
133 175
223 253
89 18
41 104
133 201
89 95
133 217
133 223
133 204
89 95
217 178
95 5
95 89
133 217
95 5
89 95
223 178
95 5
89 95
133 223
89 50
95 89
89 95
133 201
217 223
89 95
178 223
217 133
196 142
223 156
178 223
217 133
95 5
95 89
217 223
223 210
217 243
50 95
217 223
5 50
223 178
228 247
89 95
133 217
223 179
223 178
217 140
217 238
5 95
217 223
89 95
133 178
223 217
89 95
223 238
178 128
128 223
89 95
95 89
95 50
89 95
133 217
50 5
223 133
133 201
89 50
217 133
50 92
217 178
192 141
50 89
223 217
133 158
178 223
224 191
95 5
178 217
178 223
217 178
89 95
178 223
96 73
89 5
224 136
89 101
95 89
217 223
50 5
170 179
50 95
50 95
63 120
89 95
178 176
50 89
95 5
223 133
178 223
89 95
133 223
223 178
217 133
5 47
89 95
217 133
50 95
217 178
217 223
178 223
89 95
217 223
89 57
95 89
5 50
89 50
100 14
5 89
95 5
95 14
178 133
89 95
95 89
89 50
217 178
223 151
89 95
5 95
99 72
89 5
178 223
5 95
223 217
178 217
223 178
50 5
217 223
217 133
223 250
178 217
217 133
89 95
95 89
217 223
133 223
178 223
133 223
5 89
95 23
89 95
95 5
89 5
178 223
133 223
133 217
133 223
5 95
50 121
178 212
5 83
5 50
89 95
89 50
223 217
223 151
217 223
178 217
5 50
133 178
223 217
217 178
223 217
89 95
50 89
95 89
223 178
223 217
178 133
133 217
223 151
223 178
51 63
89 50
217 133
217 178
95 89
178 223
5 50
95 89
89 73
95 83
217 223
223 178
217 223
223 133
95 89
217 223
95 89
89 50
217 223
178 223
89 95
178 217
89 95
217 178
217 133
5 47
217 223
50 95
133 217
89 95
89 50
89 95
89 5
89 95
50 95
178 148
133 223
95 89
95 14
89 11
217 223
95 89
217 223
50 95
241 186
178 223
217 223
95 5
89 5
50 95
89 50
50 95
217 223
217 178
223 217
223 133
5 95
223 217
68 15
5 89
89 5
50 95
217 223
89 95
223 142
223 178
228 247
223 217
5 95
178 223
217 178
95 89
133 217
217 178
5 50
89 50
50 5
89 95
95 50
133 217
217 223
133 178
95 5
89 23
50 5
89 5
95 89
54 44
133 217
50 21
50 95
95 89
178 223
50 89
95 89
5 95
89 50
5 8
95 50
89 95
50 5
95 14
179 217
178 217
217 223
178 223
89 50
89 95
217 223
178 129
178 223
133 217
178 223
50 95
217 223
50 95
50 5
217 223
133 223
133 217
95 89
217 223
217 178
95 50
133 169
217 223
89 95
207 182
89 50
217 223
223 217
95 5
89 95
217 223
178 133
5 95
89 95
89 95
133 223
178 203
5 89
133 223
5 95
178 133
178 223
217 249
217 223
5 95
89 50
133 223
50 95
223 178
5 117
50 89
207 211
162 193
217 178
20 121
223 133
5 95
5 89
217 148
223 133
50 95
89 47
89 95
89 95
223 221
89 50
95 89
223 133
50 95
143 207
89 95
50 5
178 223
94 70
133 223
178 223
217 223
89 95
223 142
50 5
5 50
5 95
89 5
217 223
217 133
178 223
223 183
217 223
5 89
223 133
223 142
133 223
133 167
63 79
223 217
241 186
5 95
95 65
89 50
217 223
95 89
89 5
17 97
5 89
95 5
5 63
223 178
178 217
223 178
178 223
50 5
133 217
95 89
5 83
178 223
5 89
89 5
89 50
5 89
223 217
5 95
178 203
223 228
223 133
50 95
178 223
89 95
223 178
217 130
217 223
95 43
178 223
89 95
50 95
217 223
95 23
89 95
217 223
89 83
89 95
89 95
217 178
89 5
217 133
217 178
178 223
95 89
217 178
5 89
95 89
95 23
95 89
178 223
89 50
89 95
178 235
89 95
50 5
133 217
89 95
95 89
217 178
89 95
217 133
95 89
95 89
178 217
223 217
223 217
217 223
64 100
89 95
178 223
217 251
95 89
5 95
113 58
133 217
223 217
41 95
99 56
5 95
5 95
89 95
50 89
223 217
50 97
89 5
133 223
148 192
111 42
178 223
15 79
223 178
95 89
217 223
89 95
178 223
50 5
142 209
133 178
81 42
89 50
133 223
95 89
217 136
217 223
95 93
133 223
178 223
178 220
89 50
99 52
223 142
223 133
50 5
217 223
5 23
5 51
217 223
148 192
178 223
89 50
175 148
223 178
50 89
223 217
133 217
133 178
217 223
95 50
89 95
217 223
96 82
133 223
5 89
223 217
217 223
50 95
50 89
191 224
7 95
178 223
178 223
95 14
217 133
50 12
5 95
95 50
145 253
95 5
223 178
133 178
50 95
95 5
223 217
223 178
50 95
50 89
89 116
89 95
223 217
178 223
133 223
133 217
89 95
17 125
5 17
89 5
217 223
148 192
41 17
223 151
223 217
5 95
95 96
217 178
113 75
5 95
223 142
95 89
5 50
223 217
50 47
41 127
81 14
178 217
133 217
5 95
223 217
223 217
95 5
54 79
145 133
5 95
89 8
95 89
133 178
5 95
95 89
5 47
89 95
217 178
89 5
133 175
217 133
95 89
217 223
89 48
178 133
95 5
223 133
217 178
95 89
217 223
217 223
223 217
95 50
5 95
178 206
143 162
217 223
89 5
133 223
191 207
178 133
89 95
50 95
223 151
95 14
89 50
178 223
50 89
89 95
95 50
89 95
178 223
192 211
95 89
50 95
5 89
89 50
89 95
5 95
95 50
50 79
14 81
95 89
95 89
178 223
223 235
133 201
89 95
133 223
217 223
89 107
148 192
133 247
133 217
223 133
133 223
95 5
5 50
89 95
133 223
95 42
217 223
5 89
5 89
5 25
89 5
89 50
89 92
95 89
217 182
51 23
50 95
89 95
89 50
178 223
133 217
133 179
89 5
223 217
50 95
50 95
5 89
223 178
217 223
83 111
5 95
178 223
95 50
50 49
5 89
178 203
50 95
89 95
223 133
249 143
223 217
217 178
223 178
50 89
89 50
50 89
217 223
133 217
217 223
95 5
133 178
67 41
178 133
133 217
95 89
133 217
217 251
89 95
89 5
223 217
133 178
89 95
96 125
133 178
5 95
5 95
217 223
223 217
50 95
89 95
95 89
223 133
178 223
178 223
110 95
217 246
89 5
143 211
89 95
89 50
95 23
178 166
95 5
5 48
50 5
95 46
50 89
95 5
5 89
5 95
178 145
217 133
5 73
89 95
95 84
95 23
95 89
5 50
148 136
5 51
133 223
133 175
89 95
217 223
50 95
223 217
133 217
178 229
95 89
223 151
107 120
50 95
178 223
95 5
217 223
95 5
143 211
5 95
133 178
217 133
178 217
89 109
217 178
95 89
217 223
178 213
50 95
223 217
223 133
5 89
95 89
133 217
223 217
223 217
5 95
50 98
133 223
178 223
89 50
95 89
50 95
95 50
178 223
89 95
178 223
50 89
50 95
95 50
217 223
223 133
89 95
50 5
5 50
248 244
178 217
133 175
95 14
95 89
5 95
89 5
217 178
133 201
178 223
89 95
5 89
89 5
217 178
217 146
133 217
217 212
118 13
217 223
89 107
5 89
217 223
217 178
223 217
223 202
217 178
223 178
169 196
89 95
217 223
223 217
15 34
217 223
89 50
95 5
89 95
89 5
89 5
133 221
89 5
95 50
133 223
89 95
217 223
133 223
50 127
89 50
89 95
217 223
89 50
50 95
89 95
217 178
222 170
5 95
95 50
95 89
95 5
217 223
178 147
64 94
217 178
178 223
89 95
178 217
133 223
178 223
223 217
211 234
95 89
95 5
95 89
223 217
89 5
253 209
64 106
50 92
217 178
5 89
95 89
133 234
5 95
133 223
89 95
223 133
89 95
50 95
50 88
89 50
95 50
5 95
5 89
95 50
5 95
95 89
223 133
89 95
50 5
89 95
89 31
223 217
217 133
182 178
133 223
95 89
95 50
223 217
178 225
89 95
95 89
50 79
95 23
133 223
133 223
217 223
50 95
178 133
223 217
133 175
50 95
95 89
50 95
50 95
223 217
178 223
133 175
89 95
179 251
196 143
89 95
178 217
178 217
89 95
133 217
89 95
50 89
50 89
223 133
223 217
133 178
178 223
95 91
142 223
50 5
178 223
178 223
217 223
217 223
95 5
5 95
178 217
217 178
133 223
133 201
89 122
223 217
89 50
89 95
89 95
5 95
89 101
95 50
89 95
217 212
89 95
89 50
133 223
5 95
50 95
223 133
95 5
217 223
178 223
133 217
217 223
217 223
223 217
89 95
89 72
133 223
217 223
133 178
50 5
223 217
5 50
89 84
223 178
50 95
217 223
178 187
217 133
95 89
217 223
133 217
227 202
223 128
89 95
223 133
217 133
217 223
5 113
223 133
217 223
89 5
178 244
50 5
178 223
89 95
191 224
217 133
95 89
50 5
178 223
50 95
178 133
50 5
95 5
89 95
217 223
89 95
217 133
217 133
95 89
89 95
158 133
223 178
223 178
217 223
95 5
89 95
178 217
15 34
223 217
42 81
95 89
50 95
133 175
5 73
133 162
178 223
89 117
223 133
89 50
178 223
217 223
217 178
133 217
5 50
217 205
223 199
217 223
89 95
133 175
89 95
5 50
89 95
178 217
95 50
217 133
178 152
223 142
89 50
223 178
89 95
223 178
89 41
178 217
217 178
223 217
228 247
5 95
217 223
223 217
133 178
5 95
133 223
223 133
89 5
95 5
20 8
89 118
192 232
5 95
178 223
89 95
64 100
133 178
5 95
5 89
50 95
178 133
217 178
95 89
217 223
223 204
50 95
133 217
89 50
89 95
5 95
89 95
217 223
178 217
223 217
217 178
133 217
178 133
217 178
133 223
89 95
217 133
223 217
223 178
217 223
223 133
5 95
217 178
133 178
178 217
70 41
89 5
133 178
89 95
133 154
133 223
95 50
14 81
223 178
133 175
5 95
95 50
217 223
253 146
217 145
217 133
95 14
223 217
89 95
133 203
133 223
5 89
95 5
68 41
50 95
89 95
217 223
50 95
178 240
178 133
89 95
50 95
18 64
50 95
95 56
223 133
217 208
223 178
50 95
217 223
95 5
50 5
223 133
89 95
5 50
50 89
5 50
133 217
178 180
125 95
95 5
5 95
95 115
217 223
95 89
5 83
5 95
133 223
95 89
217 178
217 133
217 223
223 178
133 223
223 178
228 247
223 178
107 65
50 95
95 89
133 175
5 76
223 178
223 251
217 223
223 217
50 95
95 89
5 95
5 95
50 89
217 223
50 83
217 223
178 195
178 217
89 95
217 223
223 205
217 223
5 95
223 133
95 50
5 89
95 89
178 223
178 166
95 50
95 89
178 156
50 5
217 223
178 223
5 47
178 217
89 95
50 14
95 89
223 217
178 217
223 217
133 223
223 217
223 178
217 223
50 95
125 102
133 217
95 89
217 133
50 95
5 95
133 217
95 89
95 89
223 178
178 223
95 89
5 95
217 223
50 16
95 89
178 223
217 133
223 217
223 217
95 89
89 95
178 217
223 217
34 58
223 217
95 50
217 185
5 50
89 50
89 50
95 89
5 73
89 95
223 133
223 142
95 89
178 223
89 95
142 223
95 89
95 89
217 223
89 5
89 95
95 89
249 255
95 23
89 95
95 89
89 95
133 217
89 95
5 89
223 217
133 223
133 223
50 95
178 133
133 178
95 89
89 115
217 223
217 133
178 223
223 178
14 100
178 223
11 54
89 5
133 217
50 95
95 50
95 89
178 223
133 217
217 131
50 76
133 178
217 133
95 89
228 247
50 95
89 5
178 223
50 17
217 203
133 175
217 223
95 5
50 5
89 95
178 223
228 247
95 89
133 223
5 50
50 89
217 178
50 51
95 5
217 178
223 217
223 217
95 89
89 14
217 223
50 95
217 223
179 208
5 50
178 133
89 95
223 133
253 174
89 5
89 14
95 89
95 89
95 14
95 50
133 217
223 217
89 95
178 223
5 95
95 89
223 133
192 211
223 217
95 50
89 95
50 95
178 133
50 89
50 95
89 95
222 252
178 133
89 95
89 95
5 89
133 217
223 133
178 223
223 178
178 173
223 133
25 106
89 33
178 131
133 178
89 95
178 217
223 178
95 89
223 133
50 95
95 89
133 223
178 217
246 193
217 223
217 223
95 0
89 95
179 191
50 89
95 89
95 50
217 223
95 89
89 95
89 50
5 89
50 14
95 50
95 5
95 50
5 50
217 223
223 133
217 223
5 95
95 89
5 89
50 3
217 223
251 247
178 205
217 178
95 89
217 223
223 151
95 89
133 223
5 89
111 42
5 95
217 223
89 95
5 50
89 95
50 33
50 95
50 5
223 178
178 223
217 133
89 5
178 217
217 223
89 95
133 217
133 217
223 198
5 89
133 223
95 5
178 217
178 217
133 201
5 95
89 50
192 229
89 95
223 217
95 23
5 50
217 133
89 50
96 112
89 95
217 133
191 248
133 223
89 5
223 217
50 95
89 95
5 95
217 223
178 217
95 89
5 95
95 76
223 133
89 50
133 175
217 223
217 147
217 133
89 95
89 95
223 217
217 133
133 223
50 83
178 223
89 5
217 133
178 223
178 133
178 223
217 133
5 95
133 204
133 217
95 89
217 180
89 95
217 223
223 142
95 89
217 223
50 5
121 20
95 89
89 50
121 122
223 178
133 217
178 223
217 133
223 178
95 5
178 217
89 95
133 217
178 217
50 95
89 50
5 95
223 145
217 223
133 217
133 223
191 224
222 166
95 89
234 223
178 223
217 178
89 95
89 71
2 50
89 5
50 71
133 178
89 50
5 95
63 96
50 95
133 217
89 95
89 95
178 217
217 216
89 5
133 223
217 223
89 95
50 95
89 5
223 217
89 95
217 178
5 95
223 133
133 223
223 217
217 223
217 182
89 117
223 217
50 95
223 133
217 253
133 223
50 41
217 223
217 133
178 223
95 89
133 223
95 50
5 50
89 50
5 50
217 178
89 95
217 133
95 89
223 217
89 95
50 75
217 181
223 178
5 89
192 211
133 217
95 89
223 227
95 89
95 50
5 50
217 223
50 26
178 217
217 178
89 50
223 133
191 248
217 223
89 5
223 178
89 95
223 211
169 192
50 95
89 5
133 223
51 26
89 50
223 148
50 5
217 223
133 217
89 50
50 95
192 211
178 133
95 14
171 178
223 217
5 89
95 89
217 223
50 89
5 47
95 14
5 89
223 133
223 151
5 95
133 223
89 95
5 89
217 223
5 89
95 89
100 51
89 50
5 95
217 223
178 223
89 95
95 89
217 223
223 217
5 95
89 50
50 95
89 95
223 178
178 237
223 133
95 89
178 133
223 217
223 217
217 223
178 223
5 50
95 5
89 95
223 178
95 50
95 5
223 217
89 50
5 50
133 223
50 95
253 205
89 95
5 95
217 223
89 50
217 178
95 89
217 143
133 223
89 95
5 95
217 178
223 217
81 42
133 179
5 89
89 95
222 164
5 89
217 178
50 95
217 223
89 95
50 95
178 217
5 73
223 227
217 222
89 50
193 254
217 223
178 210
5 95
95 18
133 248
133 223
50 89
89 95
223 133
227 228
50 95
5 50
217 178
133 178
89 95
89 95
178 156
178 133
223 217
89 47
133 223
95 23
217 223
223 217
217 178
5 50
223 217
89 95
121 116
133 217
178 223
89 95
95 31
5 95
217 223
223 146
178 133
89 50
133 217
133 243
50 89
178 223
178 136
95 50
89 28
217 223
133 223
182 178
178 217
20 106
217 133
133 217
223 178
133 223
253 187
223 217
217 133
223 153
5 95
65 34
95 89
217 178
178 133
217 178
50 82
95 50
89 95
95 50
89 95
89 95
178 245
217 223
89 50
50 5
133 157
178 217
5 95
223 133
20 64
217 223
95 89
133 217
217 223
89 113
89 95
89 95
95 5
83 106
178 133
179 220
95 14
5 95
95 89
178 223
89 50
217 255
217 223
5 50
50 95
5 47
133 223
178 223
223 151
120 42
95 89
217 133
50 95
50 2
95 50
217 223
89 50
178 223
89 75
222 199
95 11
223 217
89 94
125 55
178 223
223 217
143 211
223 217
95 14
178 223
178 223
95 5
95 124
89 95
5 50
95 89
5 95
223 210
133 217
223 217
223 217
133 223
5 47
178 223
223 133
89 95
178 217
217 178
95 89
95 5
95 5
178 223
54 82
217 178
223 209
217 133
89 5
5 16
89 95
133 178
25 123
217 223
217 223
133 223
223 178
217 223
217 178
133 223
5 95
217 163
223 217
95 89
223 217
5 72
5 95
50 95
89 95
5 95
133 223
89 5
133 132
133 223
89 5
223 151
133 217
50 89
223 178
89 95
133 217
223 217
222 157
95 42
123 119
178 133
223 217
133 178
95 5
89 5
89 95
89 95
133 178
50 95
89 93
223 217
223 158
133 207
95 89
178 217
178 135
133 223
50 5
178 133
223 217
223 178
178 223
89 95
217 223
51 42
50 95
217 223
50 5
133 217
89 23
223 217
217 133
178 223
133 223
234 226
178 133
223 217
95 89
217 223
178 133
178 133
5 50
133 173
5 95
217 196
89 95
95 5
178 223
50 95
178 133
50 95
89 95
217 178
95 5
5 95
89 95
89 117
89 5
50 95
89 5
5 50
186 203
5 73
50 5
89 95
223 133
50 89
50 89
50 95
89 39
89 95
89 95
50 95
50 95
95 50
133 178
226 178
217 223
89 95
217 223
217 223
50 95
89 50
187 253
133 178
95 89
133 178
50 95
217 178
50 95
178 133
223 178
223 253
50 53
217 223
89 95
133 217
223 248
50 95
73 5
95 5
95 50
217 178
211 239
68 15
95 50
14 81
5 47
5 50
89 5
89 95
89 95
217 223
133 223
143 211
223 217
89 23
50 95
217 133
217 221
95 98
133 178
89 50
217 223
89 95
217 178
89 95
5 89
133 217
121 125
89 50
50 95
95 50
5 89
223 217
89 5
223 178
89 50
178 223
178 133
133 223
178 199
217 212
178 223
223 217
169 168
170 179
50 89
89 95
223 217
217 178
50 5
217 212
95 89
50 95
217 178
217 237
89 95
133 223
133 217
95 89
89 5
133 175
192 141
178 133
50 95
133 176
223 153
5 95
89 95
5 95
217 159
89 50
217 133
217 136
5 95
217 223
50 95
223 133
89 84
89 5
133 223
223 217
95 89
50 84
95 39
217 188
95 89
5 50
89 95
178 223
217 223
83 111
192 211
178 223
89 95
50 95
133 223
217 223
89 95
50 79
133 223
133 223
89 95
133 223
217 223
133 223
50 53
217 223
133 178
50 89
50 89
133 223
223 217
178 133
178 223
223 217
223 175
223 133
89 95
247 227
217 223
178 223
50 95
133 223
95 89
20 8
95 23
89 50
95 5
50 5
50 33
217 223
95 35
133 223
133 178
217 222
133 223
223 217
89 95
95 5
217 223
89 78
89 95
95 89
95 82
178 217
89 95
178 133
50 95
89 95
178 223
10 89
223 217
133 217
178 217
223 217
89 95
89 95
217 223
50 89
133 178
223 217
95 50
178 223
95 89
89 5
178 217
178 217
50 109
223 217
223 217
217 223
89 5
223 217
133 178
133 178
133 223
217 223
50 95
95 50
5 89
95 89
5 95
89 95
223 133
95 50
5 95
95 5
5 95
95 5
50 95
223 133
95 50
95 89
83 5
89 50
133 223
89 5
133 217
217 223
133 188
50 84
223 133
15 79
133 202
133 217
217 223
133 201
5 89
5 95
89 50
133 178
223 133
89 50
95 50
89 95
89 95
89 95
95 5
217 133
178 223
178 223
89 95
94 109
217 223
223 217
217 223
133 223
217 223
50 95
50 89
70 42
118 65
223 133
178 133
89 95
217 133
133 223
217 156
50 95
178 223
178 217
89 14
133 223
95 5
223 133
223 198
217 178
95 50
217 223
178 223
5 100
89 5
5 89
133 223
223 178
133 178
133 223
95 89
50 79
5 95
95 50
217 223
246 141
95 5
5 79
223 178
133 201
95 89
95 89
223 217
223 217
89 5
95 5
17 22
217 178
133 223
223 212
89 95
89 50
178 217
217 133
50 89
56 5
68 15
50 95
5 95
217 178
178 223
95 89
222 232
223 217
178 133
50 89
217 223
133 217
5 95
5 95
223 133
217 223
223 203
217 230
133 223
50 95
89 95
223 217
217 178
133 217
133 217
153 234
50 95
89 5
178 223
133 223
133 217
217 223
89 95
217 223
249 206
89 50
95 89
50 95
223 178
217 223
217 223
223 217
217 133
133 223
133 214
223 166
89 95
50 95
178 223
217 210
50 89
217 223
223 217
95 5
50 17
217 133
133 178
83 64
178 223
178 223
89 95
95 89
217 223
217 223
95 89
178 133
217 223
5 95
95 38
217 223
89 50
223 142
178 217
223 151
217 133
50 5
89 95
217 178
196 169
50 5
5 95
95 89
223 217
217 223
50 89
178 223
217 223
95 89
89 50
95 50
217 178
95 5
178 179
95 50
15 79
95 23
217 178
223 217
217 178
95 5
178 217
133 178
217 178
178 223
50 89
95 23
50 95
94 52
217 223
223 178
223 133
5 95
89 117
217 133
182 239
5 47
95 8
217 223
5 50
50 5
223 133
50 95
95 89
217 223
217 223
217 157
89 95
121 83
217 204
178 223
89 95
5 95
50 95
133 148
217 223
89 95
89 50
178 255
5 95
217 133
5 89
133 136
217 178
133 223
89 95
124 89
5 47
50 5
50 95
89 95
249 148
5 89
223 133
223 178
5 89
223 178
95 50
223 217
133 217
178 223
89 95
145 192
50 95
223 217
133 223
5 95
50 95
5 73
95 89
89 12
89 95
217 133
5 95
5 119
42 81
217 178
5 89
95 5
178 223
217 223
95 89
89 50
217 178
34 111
217 212
178 223
217 223
217 133
95 89
217 178
133 217
5 89
178 223
223 217
133 223
217 178
133 223
178 223
5 95
133 217
89 95
223 217
50 5
178 223
89 5
223 178
223 217
89 5
50 95
133 178
217 223
89 95
133 217
133 217
178 223
95 89
223 178
95 5
5 59
178 246
89 95
217 223
223 178
95 5
133 223
223 217
89 95
50 24
5 95
83 118
133 217
95 83
89 95
5 95
89 50
50 5
133 223
223 217
223 217
178 223
50 95
95 115
133 247
5 95
217 133
223 178
223 142
217 223
133 223
5 95
133 178
224 161
95 5
178 250
5 89
50 5
133 223
223 217
50 5
223 217
217 223
89 95
89 95
89 95
217 133
89 50
89 95
89 5
89 95
89 5
50 5
89 95
178 223
95 14
89 95
5 50
133 187
5 50
133 223
217 178
217 178
89 50
223 178
178 223
89 50
217 223
89 95
50 95
5 89
178 217
68 15
89 50
217 223
89 50
223 229
223 217
184 133
95 5
133 217
50 5
89 95
192 200
95 89
223 217
217 223
95 50
95 50
5 95
89 5
95 89
178 223
222 180
217 178
224 185
95 89
133 223
89 50
64 83
95 89
68 41
217 223
223 217
95 89
50 95
50 95
217 133
228 142
89 95
89 95
178 238
222 140
50 89
133 201
133 178
89 5
217 223
217 223
5 50
217 223
50 95
95 50
133 223
223 217
223 133
178 223
89 5
95 50
217 223
89 95
178 223
217 223
223 217
217 223
5 95
217 223
217 133
