256 10000
223 217
89 95
95 89
50 95
5 95
223 199
89 47
89 50
95 5
5 95
192 171
217 223
223 133
223 178
50 95
5 89
217 223
217 133
5 89
89 50
217 133
50 95
5 56
5 50
95 123
133 178
133 223
89 28
95 89
160 202
95 84
133 217
178 133
217 223
223 178
89 95
95 89
50 95
217 223
89 50
217 133
89 50
5 0
217 178
89 95
100 51
50 107
223 217
217 223
89 95
223 133
89 95
249 234
50 49
89 5
228 247
223 133
96 25
50 19
95 89
5 92
5 50
89 5
143 162
178 223
5 95
217 223
5 89
95 89
5 95
89 95
95 89
178 182
50 17
95 50
186 241
217 133
223 217
217 223
50 95
178 133
95 50
95 83
50 92
89 50
223 178
89 50
5 95
89 95
178 217
178 133
89 95
95 5
50 95
169 131
95 89
100 119
178 133
169 208
95 50
178 223
133 217
178 223
95 50
223 178
95 89
89 95
20 64
217 178
217 223
217 133
223 205
95 5
20 121
89 95
217 223
223 217
223 217
217 178
95 89
100 119
217 223
223 178
217 222
178 217
223 217
95 89
178 223
95 89
50 95
95 89
223 217
223 170
217 223
50 89
217 223
89 95
95 23
41 39
217 159
217 178
89 95
133 178
217 178
89 50
223 217
5 123
178 223
178 223
50 89
89 5
50 95
89 95
89 95
217 223
223 142
133 217
223 133
223 217
133 175
89 95
133 223
89 5
89 95
89 95
178 150
223 149
95 50
223 178
217 223
50 95
223 217
5 42
95 50
50 95
89 95
223 220
133 223
223 178
95 50
223 178
50 5
95 50
95 50
223 178
217 223
223 217
95 50
89 95
217 178
217 178
217 223
89 95
223 178
223 133
95 89
217 178
169 196
89 5
95 123
217 223
95 50
178 159
95 5
223 217
89 95
5 58
95 89
217 223
50 95
217 223
89 95
95 89
223 151
15 79
178 223
133 223
217 178
95 89
133 217
63 51
178 132
89 95
89 5
217 223
89 99
223 178
95 89
217 224
89 25
223 217
133 223
223 133
5 95
89 92
89 95
89 95
5 95
89 95
217 133
217 223
178 217
178 223
253 255
223 217
217 223
5 84
217 223
5 95
217 223
133 178
5 89
223 151
145 174
178 213
95 89
95 5
223 217
133 145
95 89
89 95
217 223
89 119
222 176
89 95
133 223
89 50
50 95
89 95
217 228
50 5
89 95
223 217
223 217
50 95
95 123
223 217
217 223
95 98
223 178
223 142
95 23
217 178
95 50
50 95
223 174
223 178
133 217
223 217
95 50
89 5
170 179
217 223
95 89
5 47
223 217
89 50
133 178
89 50
133 178
5 73
5 50
178 179
249 166
89 95
5 45
133 178
95 89
223 133
89 50
217 223
95 5
89 95
133 178
133 201
5 95
217 133
217 133
18 89
223 178
5 50
8 64
133 223
95 5
89 95
217 223
94 80
5 95
133 136
223 178
5 73
223 142
178 217
178 210
217 223
89 50
133 223
217 178
5 95
217 133
223 217
5 89
217 223
50 95
89 50
95 89
95 89
95 89
89 95
5 83
89 95
133 223
217 223
95 50
20 64
95 5
89 95
50 95
89 32
133 206
217 178
89 95
133 223
133 178
20 64
217 133
81 42
50 89
223 217
50 89
95 21
133 223
223 217
133 175
133 223
89 95
178 223
133 217
217 178
223 151
5 95
217 178
50 5
217 223
89 95
217 223
133 243
133 223
50 31
5 63
95 14
223 133
89 50
217 178
223 133
95 50
223 145
217 223
133 217
223 217
223 178
95 89
89 95
50 89
95 66
178 223
89 95
178 170
217 144
89 5
50 95
95 50
89 95
178 217
227 178
133 237
89 95
89 50
95 89
50 5
50 95
143 162
178 223
223 178
89 95
89 5
50 95
217 223
95 89
89 95
178 223
50 95
217 223
253 163
89 50
217 223
143 162
89 50
99 60
50 95
89 95
223 133
50 95
133 217
217 223
133 223
223 217
133 217
178 223
133 178
223 212
95 89
107 13
217 223
50 9
50 95
95 89
50 89
89 50
133 223
133 178
50 89
5 89
223 133
5 25
223 217
89 5
89 95
50 95
5 95
5 95
95 89
95 50
223 178
223 217
95 23
95 50
133 178
89 95
133 178
178 133
5 89
50 17
223 217
178 217
253 223
50 95
217 223
89 50
89 95
217 178
217 223
217 234
223 217
133 223
50 5
95 89
217 223
217 223
133 223
178 133
5 47
217 223
95 50
217 178
246 193
95 5
133 217
89 81
178 223
178 133
217 223
217 223
217 223
89 94
5 95
217 223
95 50
217 178
50 89
217 223
178 133
191 248
223 178
217 223
95 89
217 178
217 223
223 133
223 217
89 50
217 223
20 96
223 211
133 223
169 195
217 178
133 158
15 34
5 50
217 223
51 42
178 223
89 5
223 204
89 50
5 89
50 95
217 223
223 217
133 217
223 178
224 217
223 191
192 208
89 50
217 178
95 89
217 223
5 89
5 89
89 50
95 89
217 223
50 95
223 133
89 95
217 223
133 178
95 89
95 50
95 17
217 223
223 178
95 89
95 89
178 133
217 178
133 223
89 50
178 223
50 95
133 223
50 95
50 89
89 95
89 107
133 217
178 223
50 17
95 89
95 89
178 223
223 251
223 133
125 57
5 47
89 5
89 95
223 217
217 223
133 217
217 223
95 5
192 164
217 223
217 223
178 217
217 223
223 178
50 95
223 133
95 5
89 5
217 252
50 95
50 95
5 95
95 50
217 171
223 217
5 73
95 63
5 95
217 223
178 217
178 223
5 95
133 223
178 223
223 202
34 14
191 248
217 198
95 5
217 178
5 95
63 120
50 95
241 207
89 95
223 133
95 23
50 95
223 217
95 50
95 5
95 50
223 217
50 95
178 217
217 223
89 95
217 211
223 217
89 5
50 95
89 50
89 95
217 223
133 223
178 223
95 50
95 89
89 50
133 223
133 217
89 95
178 223
178 223
95 122
133 178
133 175
95 89
95 80
178 223
217 223
217 133
217 223
5 89
89 95
5 95
89 95
50 89
217 178
89 50
178 223
217 178
223 178
217 223
223 178
223 178
253 171
223 217
50 95
178 254
5 89
89 95
89 95
223 133
178 223
95 89
217 223
223 217
217 223
223 151
50 95
89 50
217 223
223 217
133 223
5 95
95 5
223 133
178 217
50 95
89 18
178 223
5 95
133 178
223 178
178 148
89 88
89 95
95 89
217 223
5 47
106 70
178 217
133 217
217 223
89 50
223 133
133 194
5 50
95 89
133 178
178 129
89 95
217 223
5 95
89 95
223 178
94 125
5 89
223 178
95 89
95 75
178 223
50 95
95 89
5 95
89 50
217 223
133 178
95 89
170 179
217 178
178 223
89 95
89 95
133 178
63 51
217 223
217 223
8 64
217 223
217 223
223 217
95 89
89 95
81 100
223 133
217 222
95 89
133 223
223 178
223 217
95 89
89 50
178 223
217 223
89 8
50 95
178 223
89 50
95 78
217 178
201 133
95 5
223 133
89 95
133 217
95 89
178 217
5 89
89 95
178 223
217 178
178 217
95 50
217 223
217 223
217 223
5 89
178 221
5 89
133 223
5 109
217 178
133 223
95 89
50 89
95 89
95 83
89 5
178 223
68 41
95 50
178 133
217 133
217 223
217 133
50 95
178 223
178 223
89 5
223 133
89 95
15 34
178 223
89 95
5 47
178 223
5 95
217 185
95 50
196 143
63 96
217 178
217 178
5 89
95 5
217 223
95 5
217 223
89 95
89 50
239 198
178 133
50 95
89 50
50 19
50 95
89 50
119 123
89 95
217 133
89 5
50 95
5 73
89 5
217 223
217 223
133 223
89 71
217 223
50 74
217 157
95 5
217 133
217 223
89 95
133 178
5 95
89 50
5 95
217 133
217 223
50 5
95 89
133 223
133 202
217 223
178 223
217 178
95 5
5 85
223 133
223 217
178 223
235 141
5 89
223 217
223 142
5 73
50 5
50 17
95 5
95 89
89 50
178 217
217 178
89 95
95 89
95 50
89 95
217 178
89 10
223 178
217 159
178 223
50 5
217 133
217 223
54 5
133 178
5 95
223 133
217 223
5 95
235 141
133 222
133 223
89 50
223 217
133 223
223 217
249 211
223 178
217 178
89 95
50 95
95 89
89 50
217 178
217 223
217 223
89 5
89 95
133 223
223 151
178 151
217 223
50 107
95 118
89 5
217 223
186 217
5 50
133 223
89 95
178 223
217 144
178 223
41 68
95 50
178 201
95 14
89 95
223 217
89 5
217 223
133 223
5 50
133 217
5 89
95 14
50 89
217 223
223 151
89 95
133 178
217 223
217 223
5 50
223 217
217 223
5 95
133 178
217 221
223 178
178 223
223 133
178 193
178 223
178 217
89 50
50 5
178 223
133 223
89 95
217 223
98 51
133 178
133 184
89 26
223 178
89 95
5 89
178 223
5 89
133 223
50 95
5 95
107 13
89 77
223 217
89 95
50 48
133 178
50 95
89 95
223 178
217 223
89 95
89 95
5 89
217 207
50 5
178 242
223 217
89 50
133 201
5 89
133 223
95 89
95 50
14 81
178 217
50 5
89 95
89 5
89 50
133 223
95 50
5 95
217 223
89 95
223 178
5 95
223 145
178 133
192 211
217 223
133 217
133 151
223 217
50 95
178 217
217 223
5 95
223 178
95 89
223 217
50 95
223 217
179 199
133 223
217 223
95 89
133 217
217 223
95 28
95 89
182 222
5 89
95 5
223 217
178 217
223 178
89 95
5 50
95 50
50 89
223 217
95 89
89 95
223 142
217 227
178 167
223 151
223 133
217 223
217 223
191 170
133 223
223 133
223 178
133 178
217 223
120 116
50 95
95 89
217 178
5 50
217 133
223 217
223 207
178 223
223 151
95 89
89 50
217 178
89 68
89 95
89 95
178 223
133 201
223 217
228 247
178 223
178 217
133 217
178 217
50 95
133 178
5 95
217 133
95 5
133 223
133 217
223 178
223 217
5 83
50 95
15 23
89 95
41 118
89 5
133 219
5 95
5 50
217 223
227 245
217 223
178 133
50 95
50 5
223 217
95 50
133 223
142 209
50 89
133 223
95 89
89 95
89 95
178 223
89 5
217 223
133 223
95 50
50 95
95 14
191 248
223 151
178 217
79 83
58 79
217 178
133 175
217 223
217 178
217 133
5 94
50 116
217 223
223 217
223 133
223 217
89 95
50 95
5 95
89 50
217 178
50 95
5 89
217 133
178 223
223 178
217 178
133 217
89 5
186 241
178 223
178 223
133 223
89 5
133 223
178 223
178 133
223 133
133 217
217 223
217 133
89 50
217 223
89 5
249 148
178 217
5 50
223 217
95 50
217 223
178 138
223 217
95 89
223 217
133 217
133 223
89 95
223 217
217 223
64 3
5 89
223 199
133 201
133 217
89 50
217 223
95 50
217 223
94 127
89 95
178 223
241 186
217 223
89 95
50 95
133 217
50 42
5 50
89 117
50 95
15 83
217 223
223 178
89 50
178 133
217 178
217 223
223 217
95 50
83 106
133 217
95 14
95 50
217 223
178 133
5 89
223 133
223 217
223 151
95 57
89 95
89 50
95 89
178 223
89 95
95 50
95 89
50 95
178 217
5 89
223 178
178 221
5 95
169 196
5 75
133 217
5 95
58 113
133 246
50 95
133 217
89 95
217 223
50 95
143 207
42 51
217 178
50 95
89 95
89 95
178 223
178 145
95 89
5 50
5 89
89 95
217 223
89 5
95 5
223 184
89 95
217 229
95 89
178 211
133 201
89 95
178 217
133 209
217 206
178 133
5 50
217 178
169 151
5 89
133 227
133 217
178 223
178 133
95 50
5 95
89 50
50 95
89 5
241 186
95 89
50 95
223 133
217 223
217 223
95 89
178 217
95 50
95 50
50 5
217 223
95 89
133 178
50 95
95 5
223 142
133 178
89 95
178 145
89 5
133 223
217 223
89 5
5 50
89 20
89 50
217 178
95 30
217 223
133 223
223 178
223 217
89 95
133 223
223 133
133 223
223 142
223 217
50 95
223 217
223 217
5 50
223 133
217 223
223 178
217 178
217 223
223 217
89 5
89 95
217 223
50 5
95 89
5 89
50 95
217 223
5 95
217 178
5 95
217 223
217 223
50 95
133 178
223 133
178 183
217 133
89 95
217 223
222 210
95 50
51 91
223 217
95 50
133 143
5 95
217 133
95 89
89 95
223 178
89 50
223 203
5 50
50 5
89 47
89 50
217 223
223 217
50 5
89 95
89 95
89 95
95 50
5 95
223 133
95 50
50 89
5 95
50 95
5 95
217 223
89 95
95 88
217 223
50 5
223 151
223 217
95 14
217 223
89 95
123 119
133 223
89 78
192 184
89 95
217 223
15 34
217 178
133 223
133 251
217 178
95 5
178 223
223 217
89 95
5 89
51 38
223 178
178 243
50 95
95 89
178 217
23 95
223 178
89 50
89 95
95 127
89 95
178 223
217 178
217 223
95 23
235 141
5 95
5 73
89 95
217 133
50 89
223 133
178 217
5 89
50 95
217 227
121 96
223 133
133 217
223 217
89 94
217 133
89 95
89 95
133 217
178 185
217 223
5 89
89 18
89 50
89 50
217 178
178 223
50 5
89 50
133 217
89 95
217 223
223 133
178 223
5 23
50 95
95 89
81 100
50 95
223 138
178 223
50 95
223 178
20 64
217 223
217 223
50 20
223 142
178 195
223 217
5 25
5 50
89 95
5 50
95 89
95 14
234 223
143 162
133 217
178 217
223 178
20 64
217 223
178 217
223 217
178 223
95 5
5 50
89 26
89 95
217 223
95 89
50 95
178 223
50 95
223 217
95 123
133 223
89 95
5 50
217 154
217 170
217 178
89 50
5 95
89 95
89 50
223 217
95 50
95 123
89 99
217 223
133 223
223 217
178 185
89 95
178 250
217 223
50 5
217 223
217 223
178 223
217 133
50 5
217 223
89 50
217 223
178 223
223 178
95 50
223 178
89 50
223 178
95 89
89 50
50 95
223 133
89 95
223 217
5 50
89 95
95 89
89 95
178 180
217 133
223 217
50 111
223 178
89 95
89 95
223 217
133 217
95 89
89 50
133 178
89 91
178 223
95 50
5 95
223 211
217 133
223 133
5 95
223 217
178 133
95 18
178 176
5 95
217 223
223 133
89 46
207 211
223 136
217 133
223 133
217 178
223 178
89 95
5 89
217 223
133 223
95 30
217 223
217 223
95 89
223 205
178 223
223 207
217 223
178 223
217 245
217 178
95 89
178 223
89 95
89 95
5 17
223 133
89 95
178 133
89 5
133 217
217 223
89 5
89 95
95 5
178 223
50 95
5 95
217 223
217 223
95 5
89 95
133 223
178 217
133 223
95 89
95 89
89 5
148 192
5 92
5 89
89 95
217 133
89 5
95 89
223 131
223 217
179 170
217 178
217 178
89 95
89 95
50 95
5 50
95 89
223 217
5 95
95 5
217 223
95 89
133 178
89 50
223 217
133 223
217 133
178 223
217 223
95 89
223 133
223 217
89 95
217 223
217 178
223 217
217 223
217 178
178 217
89 5
178 217
5 89
5 95
89 5
217 223
133 178
20 119
223 178
5 13
5 95
50 95
133 217
89 5
5 73
133 223
63 79
89 5
5 89
178 223
217 178
178 133
223 178
95 14
217 223
89 5
223 217
148 192
133 223
217 223
50 5
95 5
217 173
133 178
223 151
133 223
89 50
133 223
50 17
5 95
217 179
89 95
5 50
178 223
89 95
192 211
217 223
5 95
95 50
89 95
223 217
95 74
95 89
217 178
50 89
170 246
133 178
50 89
169 207
50 89
89 50
217 223
133 217
89 73
223 217
50 89
133 217
89 116
148 251
5 73
89 95
89 95
89 95
133 223
5 50
217 178
217 223
50 5
89 95
89 95
217 223
178 133
217 133
50 95
89 95
95 89
145 242
223 142
191 248
217 223
95 14
50 95
178 223
133 223
178 223
178 223
95 89
95 38
217 178
89 95
223 151
5 89
89 5
5 95
89 50
217 142
217 223
217 133
5 50
95 50
217 133
217 133
95 89
5 89
170 209
133 223
217 223
50 95
50 95
133 223
133 191
95 89
223 217
217 179
178 166
217 223
95 50
95 17
95 5
217 178
50 95
95 50
178 217
217 223
178 133
89 50
217 223
5 95
217 223
178 217
56 89
50 92
217 223
89 50
89 50
196 143
50 95
50 89
5 73
223 217
89 50
94 64
50 89
178 223
133 175
178 223
50 55
223 217
178 133
223 217
89 95
5 95
178 223
89 5
223 151
95 5
89 95
95 5
224 129
89 5
5 121
217 223
5 93
95 89
178 217
5 89
178 133
50 89
89 95
217 223
217 223
191 248
89 5
223 217
133 223
89 95
133 223
5 50
50 5
178 196
178 223
217 178
95 89
95 50
217 133
89 95
223 217
223 217
133 178
133 223
89 50
50 89
142 223
79 54
133 205
217 223
5 95
95 51
217 223
47 20
95 50
95 89
178 133
5 95
89 50
178 223
89 95
217 203
178 217
178 153
89 5
217 223
89 95
89 50
5 50
50 5
89 50
95 89
223 217
89 5
223 178
89 95
217 223
89 92
50 95
50 95
217 244
5 89
15 34
95 89
95 5
217 152
95 84
8 64
89 71
95 89
133 201
95 50
223 133
217 223
217 223
50 95
133 223
95 47
191 160
246 141
5 50
223 217
95 89
89 50
133 223
133 136
50 89
178 217
5 46
223 217
217 237
217 178
227 154
133 223
223 178
133 217
217 133
20 8
95 20
89 50
217 178
5 89
5 123
95 5
50 95
5 50
5 95
223 133
89 50
50 95
5 95
89 5
223 217
50 95
223 199
178 202
133 217
5 50
50 95
178 232
133 178
89 95
223 133
217 178
217 223
217 223
178 223
223 133
178 217
95 5
133 175
89 50
50 95
145 226
89 95
89 95
89 95
217 223
223 217
223 217
5 95
133 217
95 89
217 178
217 133
89 47
118 65
223 133
217 223
5 89
89 50
217 133
95 89
223 142
133 179
133 217
133 223
89 95
95 50
58 113
89 95
95 50
133 178
89 95
89 93
41 40
89 50
223 178
63 120
89 50
89 50
95 89
217 223
178 217
95 89
5 95
217 178
178 158
89 50
5 95
95 50
178 217
178 223
89 95
89 95
178 223
223 178
89 95
89 95
99 31
217 223
223 217
217 223
178 148
50 95
50 95
50 95
50 95
217 223
89 50
191 248
217 223
89 5
178 223
178 217
5 50
64 83
5 95
89 5
217 223
95 89
123 119
178 223
95 89
217 206
5 89
50 95
50 95
5 89
217 223
217 223
223 217
95 50
20 64
223 217
241 186
217 178
50 95
217 239
95 89
133 223
198 187
96 44
13 64
95 118
50 95
50 46
89 5
223 217
89 95
223 217
133 178
89 95
95 101
223 178
95 89
63 120
5 95
89 95
50 95
192 241
89 95
217 223
89 95
217 223
50 95
160 202
89 5
50 89
95 50
89 82
89 95
50 89
5 65
95 89
95 5
95 92
178 217
5 50
95 50
5 50
133 170
217 178
178 223
217 223
217 133
169 196
5 10
133 223
217 223
89 3
223 217
95 89
95 89
133 217
89 50
50 5
178 133
89 95
50 5
50 95
50 95
50 5
89 95
95 89
5 50
89 95
89 95
223 133
89 95
223 217
133 223
223 133
178 223
89 95
5 50
95 5
223 178
178 223
228 247
178 217
89 95
249 182
5 50
89 5
89 5
89 95
217 223
50 10
50 5
223 178
178 223
217 223
51 19
95 89
223 133
17 5
223 217
89 50
217 223
223 217
223 217
89 5
89 95
50 89
178 223
133 223
133 178
223 245
178 223
133 223
50 95
5 95
123 95
95 5
95 5
217 223
95 14
89 95
133 217
148 251
5 95
50 95
50 95
223 142
217 223
222 148
223 217
145 173
5 89
217 223
178 223
178 223
178 223
113 79
95 5
178 244
50 95
95 14
89 95
217 223
217 223
223 133
89 95
217 223
223 217
89 50
133 219
217 223
223 217
217 223
217 223
64 79
89 95
223 133
223 178
89 17
5 95
217 251
217 223
95 49
133 195
89 95
95 50
89 95
217 178
5 95
50 43
217 223
178 133
217 178
70 106
178 223
178 130
89 95
89 5
148 192
89 5
89 102
133 223
133 201
95 89
217 223
89 5
89 50
51 19
5 47
89 95
89 50
223 133
223 178
89 50
223 178
95 89
5 95
89 95
89 50
223 217
208 178
50 95
89 95
223 217
143 211
95 50
223 217
89 117
217 178
89 95
89 94
223 133
133 223
95 50
89 95
145 179
50 4
89 95
50 101
133 178
42 51
95 5
95 89
217 133
223 217
95 14
95 89
223 133
95 89
223 151
89 95
50 95
217 133
5 50
50 95
217 223
41 121
50 89
223 133
133 223
178 223
95 50
133 223
5 89
217 223
223 217
133 223
133 142
133 178
5 89
223 178
95 89
133 217
5 73
14 81
50 95
217 223
223 133
223 217
89 5
251 247
89 5
133 223
89 95
5 95
5 50
89 50
133 175
223 133
95 89
89 50
178 223
50 89
217 178
223 133
89 95
50 95
228 247
178 187
133 175
217 223
178 250
89 50
223 133
95 89
178 188
5 89
133 223
223 217
89 5
223 133
223 133
217 223
89 5
223 178
95 89
143 162
178 217
50 95
178 217
178 230
89 50
95 89
133 203
133 151
89 95
223 217
89 5
89 5
217 223
217 223
217 178
89 50
133 178
5 95
5 89
223 217
95 5
223 217
217 178
89 110
89 95
5 73
121 22
5 50
5 50
95 89
50 44
217 223
95 50
178 223
133 223
217 133
223 217
96 7
178 223
121 54
179 228
95 89
223 217
50 115
89 95
121 118
89 50
223 133
223 178
235 141
217 223
217 178
89 50
5 95
211 207
178 248
89 83
95 23
223 178
223 133
89 5
50 89
89 95
95 50
5 95
179 186
209 170
89 50
95 89
223 178
5 50
89 50
217 133
178 223
50 95
178 223
178 220
95 89
89 95
217 223
178 133
50 95
89 95
223 217
178 217
89 5
95 50
217 223
178 217
175 133
123 95
217 223
133 148
50 95
217 223
89 50
178 223
89 50
95 50
95 5
217 223
178 133
50 95
89 95
217 223
95 5
107 13
223 217
89 50
217 133
217 223
178 223
89 95
217 225
89 95
5 89
223 178
5 95
228 247
223 217
50 95
223 133
95 89
5 54
178 223
89 95
95 50
89 95
125 70
89 50
217 129
95 89
217 223
251 247
217 223
5 73
133 217
217 133
141 192
20 8
223 133
89 95
133 178
89 95
217 223
89 50
51 46
5 50
89 38
89 50
223 217
133 217
217 223
15 83
89 95
64 63
56 5
50 53
223 217
95 14
89 95
89 5
223 142
95 50
50 5
89 95
89 95
51 100
95 89
5 29
223 217
217 223
223 217
223 217
133 217
89 95
178 154
178 223
217 223
223 133
253 187
89 95
5 38
223 217
217 223
217 223
223 133
5 89
118 65
223 178
178 133
223 178
223 178
217 223
223 217
5 89
223 217
217 178
178 217
89 50
178 217
5 50
50 26
178 217
133 178
223 151
178 223
133 217
222 179
133 217
217 223
89 5
63 42
89 95
224 179
5 95
89 95
89 95
223 133
217 178
217 223
223 133
217 223
89 95
50 95
89 95
68 15
223 133
133 223
50 89
5 93
133 136
217 223
42 98
50 127
178 223
89 95
178 223
42 51
223 133
15 83
5 50
217 223
89 5
50 5
217 223
89 95
89 50
178 223
5 89
95 89
178 223
217 223
50 95
223 217
89 5
89 95
95 5
95 89
217 178
95 5
95 89
148 251
217 223
133 223
178 223
89 50
5 10
95 89
50 95
89 95
223 142
223 133
223 178
95 5
50 89
95 50
178 223
50 56
95 50
133 223
223 133
50 95
50 89
133 223
226 195
217 223
223 133
5 16
217 133
95 14
95 50
50 114
217 223
5 95
5 118
5 89
223 178
95 89
217 133
223 151
95 89
89 95
95 30
178 133
50 95
50 95
95 39
223 217
95 89
5 95
5 95
41 85
193 152
223 217
217 201
50 95
217 223
223 133
217 178
95 91
50 95
50 89
217 223
15 79
217 133
89 95
217 223
83 5
223 178
178 223
217 223
89 95
5 56
217 223
223 178
133 201
217 133
217 223
5 95
217 208
89 95
50 95
50 89
50 5
50 89
217 223
95 23
223 227
54 32
5 95
5 95
89 95
178 223
50 89
95 50
89 50
50 122
228 217
217 133
223 217
5 95
89 119
50 5
223 178
217 223
223 217
95 89
223 217
15 79
95 89
89 95
89 95
83 111
89 50
217 223
223 178
217 223
89 50
223 151
133 175
179 131
133 223
5 89
217 178
217 223
133 245
170 179
133 178
89 95
95 50
217 223
223 178
5 95
50 5
178 223
64 66
89 23
223 178
133 132
223 217
217 133
89 95
95 5
217 223
89 50
217 133
217 178
50 17
47 5
217 178
5 47
201 133
5 95
5 89
95 5
178 223
223 217
178 223
133 223
119 100
89 5
50 89
95 89
5 89
89 5
217 178
89 95
125 98
95 50
5 73
223 133
241 141
223 217
223 133
50 89
95 1
89 95
217 223
5 95
217 178
95 38
95 89
217 178
50 80
50 95
142 209
50 99
191 248
95 89
223 217
95 50
50 89
50 95
95 89
50 123
178 133
191 224
89 95
50 95
223 133
178 223
217 223
89 95
5 7
133 251
64 20
95 89
89 95
178 250
95 5
50 95
133 223
178 223
178 142
178 133
5 95
5 95
5 73
223 217
5 95
133 178
217 223
50 95
223 178
89 95
89 95
5 89
217 223
133 178
89 50
223 217
217 223
223 133
178 133
133 178
95 89
95 89
226 178
50 95
133 223
217 216
178 223
5 95
99 98
5 95
95 89
95 5
5 95
178 223
178 223
5 89
178 223
133 223
95 50
5 95
223 217
5 50
178 223
89 5
89 5
50 95
118 13
133 217
50 95
241 186
89 70
143 211
5 47
223 217
95 23
89 5
95 125
217 223
5 89
223 217
223 217
217 194
5 73
223 217
223 217
223 217
89 50
223 178
5 95
96 81
133 223
133 226
50 95
5 50
89 95
148 136
95 79
133 223
89 50
50 95
95 89
5 95
50 89
217 223
5 95
223 133
170 179
223 217
89 35
133 223
217 251
223 178
5 50
118 13
217 223
5 89
89 95
95 23
89 1
89 95
178 223
17 118
89 50
217 223
89 95
89 50
178 217
95 89
223 217
217 223
89 95
89 95
133 223
217 133
95 50
89 95
95 5
133 217
5 95
50 94
178 223
96 113
95 5
217 223
5 95
125 0
95 50
223 178
217 178
95 47
145 253
223 178
217 178
63 79
95 38
5 95
133 217
217 223
5 50
178 223
217 223
246 193
95 5
95 89
95 89
50 95
58 113
170 179
133 175
50 95
95 83
223 178
217 133
217 223
95 5
95 5
41 25
223 217
178 133
94 75
133 178
50 5
133 217
89 125
217 133
223 217
5 95
178 223
89 95
133 223
178 223
5 89
224 188
178 143
89 95
133 175
223 133
95 89
54 33
89 95
191 248
178 223
217 133
217 178
5 95
5 95
95 50
133 201
133 178
5 89
223 217
95 3
5 89
133 217
5 95
5 75
50 89
178 250
223 128
223 217
89 5
223 178
50 89
133 223
223 133
133 217
178 133
95 89
89 50
5 89
5 89
178 133
95 50
89 95
133 217
217 178
94 72
223 133
133 217
95 23
217 151
95 89
223 217
217 178
89 50
133 223
178 217
95 23
5 73
15 34
133 223
217 223
5 95
133 217
50 95
89 95
89 5
5 95
143 211
89 95
133 223
217 178
5 89
223 178
50 5
89 95
223 217
89 95
5 50
223 217
178 150
5 95
133 217
58 59
89 50
89 5
89 50
217 223
89 50
89 5
178 223
89 94
178 217
133 223
223 217
133 178
89 50
95 89
5 50
95 83
5 89
217 223
223 133
217 223
89 50
196 169
223 133
178 223
95 89
217 223
89 50
5 95
95 89
96 58
89 95
217 133
217 223
133 217
89 95
178 223
223 133
133 178
217 178
133 223
89 95
50 89
89 50
5 89
223 217
217 223
178 247
133 223
50 89
178 223
89 95
5 95
217 223
217 178
5 95
89 5
217 223
217 223
153 207
133 223
5 116
217 223
89 95
217 223
95 5
89 95
223 178
89 68
133 178
217 223
5 89
217 133
89 95
54 83
217 223
133 223
5 95
5 89
95 50
95 50
223 255
223 151
178 217
178 223
95 50
217 223
15 34
217 178
89 95
89 50
217 178
217 133
50 52
89 95
89 95
133 201
95 5
89 50
241 186
5 89
5 18
89 95
223 151
5 89
89 93
217 232
223 217
95 50
133 223
5 95
178 223
133 162
170 245
196 143
217 133
133 234
50 95
95 89
89 95
223 217
64 83
217 178
95 5
94 41
217 223
217 223
133 178
50 5
133 217
95 89
50 95
5 89
167 223
50 89
89 95
89 95
217 133
58 79
50 95
50 95
38 95
223 133
89 95
95 50
223 217
50 95
50 95
223 133
223 178
133 178
5 68
95 5
178 223
178 223
89 95
50 23
5 50
95 50
89 50
5 50
89 50
5 95
178 223
89 95
133 175
89 95
223 217
50 5
217 223
217 178
17 121
223 178
50 95
178 223
95 89
95 89
89 95
133 223
95 123
133 223
95 89
95 5
133 217
50 76
217 223
20 64
178 161
50 89
217 178
217 133
89 95
95 50
95 50
50 89
223 133
95 89
50 95
95 89
89 73
50 95
5 89
89 95
217 223
95 50
133 217
133 223
89 5
89 95
89 95
5 95
217 223
133 178
191 179
223 217
5 95
95 117
217 133
89 95
217 143
217 223
5 95
223 217
133 235
178 223
5 95
89 95
178 217
133 178
217 223
5 50
223 133
217 223
178 217
178 223
223 217
217 171
217 223
217 223
178 238
50 95
133 144
41 95
133 235
95 50
178 223
133 217
5 95
223 217
223 217
223 133
178 133
95 84
113 58
217 223
223 217
217 223
223 217
217 227
217 179
133 178
217 223
5 95
133 178
5 50
133 223
5 50
95 50
223 178
178 223
95 50
50 95
5 95
223 217
50 89
5 95
169 185
5 95
5 95
95 5
217 178
95 89
5 95
217 223
217 223
5 89
217 132
5 95
178 133
160 202
178 223
89 95
217 178
217 223
217 223
5 95
240 223
50 95
217 158
5 89
13 5
5 95
217 223
89 50
217 178
95 5
178 133
253 187
5 89
89 95
95 14
95 5
178 223
50 95
217 223
133 217
217 223
89 53
217 223
95 89
217 224
223 133
89 50
54 111
223 217
95 14
133 178
217 223
142 223
217 223
133 153
50 95
178 223
95 89
223 178
160 202
178 223
89 50
223 133
95 5
133 223
99 7
217 223
89 95
223 178
217 223
217 223
95 89
217 133
223 217
217 133
5 95
5 95
217 223
50 95
133 223
95 89
223 250
89 95
95 14
133 223
89 84
5 95
223 151
223 217
133 201
41 65
217 178
5 50
95 14
95 23
5 82
133 209
217 223
5 95
217 136
217 223
179 219
95 125
133 217
50 76
141 188
133 223
95 5
95 5
178 148
217 223
89 95
133 217
50 5
133 223
96 78
50 95
89 50
95 89
89 95
223 217
133 223
133 223
217 223
223 217
89 95
95 89
51 42
50 57
217 223
178 223
95 14
50 95
95 50
95 89
133 209
89 51
217 178
5 89
133 217
133 178
223 133
65 0
178 239
95 5
50 95
223 217
89 95
89 95
95 50
5 80
178 223
223 217
5 47
133 201
133 223
89 95
223 217
5 95
54 63
178 223
223 166
192 141
217 178
223 217
223 217
217 223
133 223
223 133
50 17
217 223
5 95
217 142
223 217
95 5
89 95
223 142
95 89
5 95
5 75
217 133
253 150
217 133
223 217
50 95
223 133
133 223
5 50
223 217
5 95
179 238
95 89
95 5
217 223
5 95
95 5
5 73
223 178
95 89
223 217
223 145
95 5
217 178
50 95
95 89
5 73
95 25
217 133
217 223
95 89
223 133
41 83
95 14
178 223
223 217
5 89
133 175
178 133
50 111
89 95
95 89
89 5
50 95
50 5
217 133
223 133
178 133
89 95
5 89
217 158
83 106
89 75
217 175
89 50
133 175
217 212
5 47
217 133
217 178
5 89
223 178
50 95
217 223
217 223
217 223
95 89
217 223
217 206
50 95
178 223
95 89
178 223
223 178
95 89
5 122
223 217
50 89
95 50
5 95
191 207
187 133
217 223
178 217
89 95
223 217
89 5
5 89
50 56
89 50
217 133
178 166
89 50
223 133
95 5
95 89
217 223
95 5
217 133
223 217
89 95
95 5
223 178
223 217
133 223
217 178
223 133
178 193
217 223
217 223
223 133
95 89
89 5
54 93
223 217
217 223
133 223
5 89
223 217
217 223
89 50
217 148
133 223
89 95
89 95
50 89
133 223
89 123
5 95
170 179
5 50
95 50
133 221
178 223
217 223
95 110
217 223
89 95
5 50
223 217
217 223
223 142
217 223
95 89
223 217
223 217
217 133
178 246
217 223
5 95
5 89
223 217
223 217
5 95
178 223
50 95
217 223
178 223
50 17
178 223
217 223
5 50
89 95
5 89
5 50
5 89
223 133
217 227
223 133
223 133
95 5
217 178
89 95
89 5
95 23
178 230
223 217
223 217
133 178
217 178
170 239
133 223
133 223
217 163
89 95
89 95
89 95
217 223
192 222
50 29
50 95
5 95
133 217
89 95
217 178
89 76
217 223
133 201
223 217
178 223
217 223
217 223
96 43
95 50
50 95
95 60
223 178
223 133
89 47
217 223
89 50
223 248
217 133
178 223
23 121
95 89
95 50
217 223
178 223
217 223
89 95
223 178
89 5
217 178
223 178
95 89
141 209
217 178
95 50
227 211
217 223
178 133
95 50
17 6
5 95
95 89
178 223
89 95
89 95
228 142
95 50
89 50
89 95
217 178
89 5
89 95
50 95
89 95
5 95
136 193
89 95
217 223
217 133
178 223
5 95
20 8
223 178
223 131
89 50
178 133
133 223
178 223
217 223
178 133
217 223
217 223
95 50
89 95
50 95
89 95
223 217
217 223
178 217
217 178
217 151
89 95
89 95
5 95
143 162
217 214
133 178
178 217
5 73
246 170
217 223
100 119
133 223
223 217
121 53
100 54
178 217
95 89
89 95
178 223
50 95
217 178
5 42
223 178
217 223
89 5
50 5
5 73
178 217
178 217
223 142
133 217
178 145
217 223
223 178
95 89
217 133
223 133
89 5
89 50
50 89
133 178
178 133
89 95
178 133
95 89
89 111
133 228
169 168
223 178
95 5
63 42
222 189
89 95
50 89
133 178
178 217
50 95
89 50
222 242
223 178
89 50
202 228
95 89
178 133
217 133
121 101
50 95
217 223
223 217
217 178
95 89
50 5
95 89
217 133
95 89
89 95
121 43
223 217
89 95
95 50
217 223
5 95
133 223
133 201
217 178
89 95
133 223
178 217
94 89
89 95
95 89
133 223
223 151
178 223
89 50
50 95
133 211
5 95
95 89
95 5
133 201
133 178
50 95
5 89
100 119
223 178
178 223
223 217
178 217
50 5
50 95
133 217
58 120
223 178
95 89
89 71
217 133
50 89
95 89
223 217
178 223
235 141
89 50
95 89
50 5
133 209
50 89
95 89
89 95
5 95
217 223
223 217
95 89
217 223
217 223
217 223
223 217
95 89
95 89
89 95
89 95
192 208
223 133
89 95
217 223
95 89
89 95
217 223
50 5
217 133
217 223
89 95
235 217
95 50
123 119
89 95
89 95
217 178
133 223
217 223
223 133
50 89
223 217
217 223
5 95
5 50
95 89
89 95
50 95
217 223
217 133
196 169
217 223
50 83
5 95
133 223
50 95
217 142
223 193
50 95
223 178
133 223
217 133
50 95
223 211
95 89
217 223
217 223
133 223
133 223
50 95
223 217
217 205
223 217
217 223
5 95
223 133
89 50
5 89
133 223
95 14
95 5
95 50
223 225
178 223
5 89
89 95
89 95
133 223
15 79
95 89
223 133
178 223
223 133
217 223
178 223
133 201
63 120
217 223
5 50
95 18
178 133
217 223
50 95
217 178
217 178
133 223
178 227
223 227
50 95
89 75
50 18
95 89
133 223
5 89
192 203
133 223
50 89
217 133
89 65
217 178
89 5
217 223
217 219
95 50
50 89
95 5
50 5
223 133
5 95
223 210
178 223
89 95
133 178
95 89
89 5
217 223
158 217
217 230
178 255
5 73
50 95
223 178
223 178
50 95
41 79
5 50
5 73
89 97
63 96
223 217
89 50
217 178
133 217
50 95
217 223
178 223
89 5
223 217
178 217
178 133
5 50
178 133
89 95
133 217
50 121
95 89
89 50
223 133
50 95
89 95
217 223
178 133
133 217
89 95
178 223
95 5
217 223
5 89
178 223
178 158
100 14
133 229
5 50
5 95
223 217
95 23
133 217
89 95
15 79
5 95
217 223
178 133
50 89
5 95
50 118
223 178
223 217
178 217
133 175
89 95
125 85
50 95
223 228
89 5
217 223
5 95
179 207
178 223
133 141
217 223
223 251
133 223
89 12
217 223
50 95
95 89
217 223
95 89
89 5
217 223
5 89
5 50
217 223
223 133
217 133
223 217
211 143
223 217
223 217
249 162
217 133
133 157
133 217
133 217
228 247
89 95
217 133
50 95
223 217
133 217
133 217
217 166
89 5
89 50
89 50
178 223
5 89
95 5
5 50
89 50
133 179
89 95
217 220
217 223
89 5
217 223
5 50
217 223
5 95
95 50
95 50
223 158
95 89
133 246
217 178
95 89
50 5
95 5
95 14
217 133
89 95
89 47
223 217
95 89
50 5
89 95
89 95
223 142
95 89
89 95
133 178
217 133
178 133
217 178
89 95
223 141
89 111
5 112
133 223
133 178
50 5
95 5
178 223
89 50
223 178
89 5
217 223
89 50
95 89
217 133
5 22
89 95
50 95
217 133
5 89
89 50
133 223
178 191
95 5
5 73
217 223
133 217
95 89
95 89
89 50
151 211
51 42
223 178
223 178
217 201
223 217
89 95
89 5
133 178
178 211
50 95
217 223
89 95
50 95
89 5
89 95
133 217
178 166
5 89
133 223
217 223
89 95
95 89
95 89
50 95
95 50
217 178
95 89
5 95
217 133
5 95
133 178
50 13
223 217
133 223
133 217
133 223
50 118
118 65
95 5
50 95
133 217
217 223
178 147
178 217
89 95
133 223
223 217
95 115
89 50
5 95
89 95
95 89
89 5
217 223
68 14
178 223
95 5
5 89
95 89
89 5
5 50
50 95
223 217
223 217
95 23
223 217
133 223
217 178
89 95
95 89
178 130
223 217
50 5
133 223
223 178
41 68
50 95
223 133
5 78
133 223
95 50
50 95
217 178
191 224
5 95
223 156
217 223
223 178
89 95
133 175
5 95
89 5
223 217
50 95
95 89
217 223
50 95
95 23
50 115
178 217
253 133
5 95
89 95
5 95
50 95
95 50
89 5
95 5
133 201
89 50
170 179
95 5
95 50
95 50
50 77
217 223
133 223
95 5
223 219
223 217
95 50
234 211
217 223
95 57
217 211
50 95
95 89
89 95
223 133
41 68
217 223
217 133
89 113
50 89
50 95
25 106
95 89
217 223
211 223
89 50
5 23
217 133
223 217
178 223
118 111
50 95
50 95
89 95
50 89
151 211
143 162
217 223
89 95
89 50
89 95
223 217
5 50
223 217
89 95
34 65
50 95
217 178
50 5
133 223
223 217
89 95
222 164
223 205
223 217
178 223
223 178
178 151
170 179
178 223
89 95
5 95
178 223
95 89
178 223
223 217
217 178
217 178
217 157
89 95
217 169
217 223
89 95
217 223
64 31
89 50
95 89
5 50
217 223
223 217
133 201
223 217
217 223
133 178
5 80
89 5
223 178
223 217
191 161
223 217
133 223
5 95
217 223
95 89
95 89
217 133
223 142
50 95
5 95
5 89
133 223
217 223
89 95
89 95
223 133
95 14
95 89
50 95
223 173
253 198
5 50
50 95
223 133
95 89
50 95
217 223
5 89
89 95
223 133
5 50
223 133
89 50
178 217
95 107
178 223
217 223
223 217
5 95
217 142
95 5
95 89
217 223
50 0
42 51
89 95
89 95
50 95
50 95
50 95
241 186
50 95
133 223
95 89
89 95
217 133
133 217
133 178
94 96
95 5
64 79
5 101
50 95
217 223
133 223
50 5
89 95
89 95
5 50
223 217
223 217
5 95
217 223
133 217
99 1
50 5
217 178
5 89
50 104
89 44
5 89
223 178
217 223
178 223
217 223
217 223
95 89
133 217
196 143
133 223
50 95
50 95
217 230
95 89
89 95
50 5
217 223
223 217
95 50
133 223
178 223
95 89
217 223
133 217
178 159
133 223
133 178
95 5
50 95
89 95
5 50
217 223
178 223
153 228
217 223
223 217
170 222
223 151
223 142
5 95
223 178
178 223
224 242
217 223
217 142
133 191
217 223
73 5
50 89
142 209
178 133
95 5
89 95
223 133
223 199
5 95
95 5
217 223
79 54
133 178
5 50
217 223
95 89
89 54
5 50
217 223
217 223
223 217
133 223
217 178
95 50
223 178
223 178
95 89
223 133
223 178
193 133
89 95
50 95
223 217
95 25
223 178
89 95
89 95
95 89
89 95
95 89
5 50
95 50
89 50
217 178
178 133
54 38
89 95
223 178
223 133
217 178
223 217
223 133
133 217
217 223
133 223
89 95
223 178
217 223
5 89
217 223
133 223
89 5
217 133
217 220
217 133
95 50
223 217
50 5
133 217
89 95
50 60
89 95
5 95
223 217
94 62
95 89
89 95
133 212
89 95
217 223
227 145
95 5
89 48
217 133
5 95
95 5
223 217
50 95
178 173
223 178
5 95
89 95
178 130
5 41
5 50
217 223
253 226
217 223
50 5
50 5
5 95
223 178
223 142
223 217
95 5
217 223
89 95
125 88
178 223
217 133
133 217
89 83
223 154
223 222
133 223
228 247
5 50
223 133
89 95
133 223
5 80
5 50
95 93
89 95
121 52
50 56
89 5
217 223
217 223
50 95
178 223
133 223
50 89
217 223
133 175
133 178
95 89
223 217
89 119
50 70
89 50
217 178
95 89
50 89
50 95
95 89
121 83
89 5
5 50
133 217
133 223
178 223
89 95
133 223
217 133
50 5
178 223
95 50
5 95
217 223
5 89
217 178
178 223
50 95
178 223
217 223
223 151
133 185
89 95
96 4
50 95
5 95
133 178
95 5
223 178
133 145
95 39
89 95
178 217
50 95
63 79
95 89
95 5
95 50
217 251
217 178
95 50
217 223
95 14
217 245
133 217
89 95
133 223
223 142
178 223
89 95
178 138
89 95
217 178
95 71
5 95
95 89
89 95
217 223
217 178
223 217
133 217
5 50
223 178
133 179
217 223
217 223
89 95
223 250
217 178
89 95
217 223
217 223
50 95
89 50
95 50
217 223
89 95
217 253
217 223
178 223
50 75
217 223
63 42
5 95
217 178
178 223
89 95
89 95
223 217
223 133
50 89
5 95
223 178
50 95
217 178
178 223
5 47
121 114
133 223
95 5
50 95
217 223
217 223
95 119
89 50
5 95
133 223
95 5
228 142
89 5
95 5
133 217
223 217
50 5
89 50
50 95
95 50
50 5
89 95
178 143
217 223
178 133
89 95
89 95
5 89
151 223
178 223
223 133
223 217
89 95
223 142
217 223
89 95
5 95
89 95
89 95
95 50
217 178
95 5
217 133
81 42
89 5
178 223
133 223
253 140
5 50
148 192
224 162
217 223
41 17
51 96
5 4
217 223
50 95
217 223
5 89
178 133
5 50
192 210
89 50
95 89
178 185
217 223
89 95
5 89
217 223
223 217
89 50
217 213
5 95
5 89
5 95
223 217
223 133
89 5
223 217
5 47
89 95
217 223
217 223
95 5
89 95
5 89
217 223
89 95
217 251
89 95
89 95
50 10
223 217
217 223
5 93
89 95
223 156
217 178
121 83
223 221
5 89
5 95
217 223
50 95
89 5
50 71
50 95
50 95
217 178
133 223
217 223
50 95
95 89
196 143
223 217
209 170
95 77
95 5
217 185
50 95
50 5
178 171
50 89
5 89
217 223
89 5
178 217
133 151
178 232
95 5
217 223
89 95
223 217
133 202
89 50
217 223
42 121
217 178
178 223
89 95
89 95
178 223
196 143
133 217
89 95
217 178
178 217
217 223
50 95
178 217
50 95
217 178
178 217
50 36
89 95
217 178
223 133
223 217
5 47
133 217
5 50
95 50
223 217
223 133
217 223
50 54
89 95
95 123
5 89
178 184
217 223
133 178
5 50
133 178
223 178
89 5
95 89
42 51
95 89
89 5
178 252
89 95
89 85
178 217
125 74
50 31
89 95
133 223
217 223
217 223
50 41
133 178
5 73
89 95
217 178
178 217
89 95
223 133
5 95
133 178
217 133
223 133
191 248
96 17
178 133
217 133
95 89
178 223
217 223
145 248
95 5
223 178
89 95
217 223
95 50
223 251
141 235
95 89
5 89
217 223
217 223
95 5
223 139
50 39
217 133
133 178
217 223
217 206
217 223
217 223
89 95
223 133
95 5
95 5
89 99
217 223
95 89
89 5
223 217
15 34
95 89
89 95
95 115
178 133
217 178
50 95
223 133
5 95
217 223
223 178
133 223
217 223
207 211
95 89
217 223
217 232
223 183
223 217
50 95
99 68
5 95
223 178
133 223
223 178
223 217
50 95
223 217
178 243
211 207
95 89
50 95
223 133
95 89
5 95
95 5
50 95
50 89
178 223
50 95
178 223
74 100
89 18
50 94
63 79
223 217
217 223
178 223
50 95
95 50
5 58
5 89
178 217
223 217
5 3
217 128
178 133
178 223
133 201
217 223
223 217
178 234
95 50
89 95
196 143
50 95
95 89
50 5
178 211
133 223
95 89
133 223
50 5
95 5
217 223
95 89
217 223
217 178
223 133
223 217
178 223
145 219
95 89
95 50
89 95
89 95
89 95
223 217
217 133
5 95
217 133
223 178
133 192
89 95
223 200
42 51
217 223
50 5
100 54
133 223
50 95
133 211
89 95
95 89
50 47
5 50
133 223
223 178
217 223
50 89
133 241
217 178
217 223
223 245
5 89
89 50
50 5
217 178
89 95
217 178
223 217
89 95
223 217
217 223
89 95
178 223
217 223
95 23
95 50
241 186
5 47
217 223
50 95
50 5
133 223
217 223
223 217
5 89
133 223
217 243
217 133
217 193
211 222
89 93
133 175
217 178
217 223
133 178
223 178
145 238
178 214
89 78
50 89
95 5
5 95
217 133
89 95
133 217
217 223
223 196
217 223
125 83
5 89
95 89
133 223
217 223
89 95
50 95
178 247
217 223
217 223
95 89
5 47
217 223
133 178
95 89
89 95
217 223
217 178
217 133
178 214
178 223
217 223
5 95
50 5
223 217
95 23
223 217
5 99
5 95
89 95
89 95
95 5
63 96
89 95
89 95
95 5
95 5
133 223
89 95
95 77
217 223
119 123
89 95
217 223
95 89
111 42
5 115
178 217
5 100
89 95
217 223
50 95
133 223
223 217
95 89
223 133
5 95
95 5
89 95
95 20
95 89
5 95
89 50
223 154
89 14
133 217
89 50
95 79
178 133
89 95
125 58
95 5
133 217
133 230
223 217
50 95
133 145
133 178
5 50
89 5
178 223
89 95
41 5
217 223
217 133
94 78
5 89
5 95
217 178
50 5
178 223
50 89
41 110
5 50
217 223
223 133
89 50
95 5
182 191
5 89
89 95
178 223
89 73
217 223
89 95
133 217
178 145
217 223
133 178
89 95
223 178
223 178
5 89
89 95
217 133
95 50
5 95
178 133
5 89
89 95
50 95
50 89
133 223
89 95
169 221
89 5
223 178
223 133
133 159
217 178
217 129
223 217
89 95
133 223
95 89
133 146
89 95
223 178
133 178
89 95
223 133
217 133
133 201
217 223
133 178
217 223
133 217
89 5
217 178
217 133
133 128
50 5
89 95
89 50
95 93
217 223
5 95
217 133
179 247
89 85
133 223
63 120
223 217
5 50
5 95
50 89
133 223
5 95
95 5
89 3
223 217
133 223
223 178
89 50
217 223
89 50
89 82
20 8
223 217
5 50
223 217
95 50
95 89
95 5
217 223
217 223
95 89
89 50
50 89
68 15
95 25
95 89
217 223
133 222
89 95
217 223
133 178
178 223
217 133
5 32
95 89
95 89
217 223
178 133
247 251
133 223
89 95
223 211
133 217
50 95
5 95
223 217
223 217
95 89
5 95
223 217
50 59
50 6
32 74
223 217
89 5
217 223
5 95
95 89
89 95
235 141
223 217
178 202
125 112
100 119
89 95
95 89
223 178
89 30
89 95
217 178
95 5
228 142
133 217
217 223
217 178
89 50
50 89
217 178
89 95
217 223
5 47
89 95
217 223
5 89
217 223
178 223
217 223
50 5
133 217
50 95
89 95
20 8
133 223
41 54
89 95
223 133
223 217
133 247
89 95
5 89
223 178
217 223
89 95
133 223
95 26
223 217
178 223
223 217
178 133
95 89
95 89
5 94
223 217
133 223
56 5
217 178
133 223
217 223
89 50
5 95
95 14
89 93
178 223
217 223
50 77
89 14
223 217
217 223
133 223
50 89
217 178
133 223
63 120
89 95
178 223
5 95
89 117
178 223
223 251
178 223
95 89
133 217
95 50
121 80
5 95
133 223
5 95
89 5
178 131
99 85
133 217
133 217
89 5
89 50
133 201
178 217
223 217
89 95
223 217
95 5
50 95
95 50
5 73
95 5
95 115
50 89
133 178
89 95
95 5
133 178
133 217
178 133
50 17
223 178
217 223
15 34
89 95
5 95
217 178
89 5
89 95
50 95
223 178
5 95
95 89
178 223
223 217
178 223
223 217
89 57
89 95
5 50
223 178
89 95
5 95
5 71
217 184
178 133
95 50
95 89
89 5
223 217
95 5
89 50
217 223
95 89
241 186
89 50
5 73
223 251
95 89
217 178
95 110
89 95
223 178
192 232
95 23
95 89
95 5
89 95
223 133
223 217
5 89
223 142
95 89
89 50
217 133
133 217
89 95
223 178
133 178
217 178
133 193
95 89
89 78
217 133
223 217
133 217
50 95
133 175
178 223
133 223
178 223
89 95
5 89
95 89
217 178
178 223
217 223
223 133
89 95
5 32
89 95
133 223
95 89
217 223
223 217
95 89
223 217
217 133
89 95
217 179
89 95
217 223
50 89
217 178
20 64
148 192
89 95
89 95
223 217
178 217
95 50
89 95
89 95
89 95
179 147
5 89
89 95
223 178
133 217
50 5
217 133
133 217
223 194
89 95
89 95
95 89
89 5
89 95
133 217
217 133
89 95
50 17
249 211
133 223
217 223
217 238
217 133
89 95
217 223
178 133
217 178
217 133
95 89
223 217
223 133
133 223
50 17
5 89
217 178
223 151
151 223
5 50
178 223
217 178
95 23
133 223
223 133
178 223
5 89
89 51
89 117
50 89
178 217
178 223
133 178
5 95
95 74
5 50
50 5
224 142
89 50
50 42
178 223
217 223
50 43
217 230
178 217
249 221
5 89
95 50
217 133
217 223
89 95
217 223
95 42
223 217
217 223
5 50
179 212
5 95
178 223
95 89
133 217
217 178
223 217
89 95
217 223
217 178
223 217
217 160
223 178
50 112
89 95
217 133
123 119
178 223
50 89
217 223
95 5
95 5
178 226
5 99
217 133
223 217
89 95
5 95
89 95
89 5
217 178
5 50
5 89
217 223
148 136
89 5
211 234
50 89
89 95
89 95
89 95
223 133
89 95
217 133
64 94
5 95
178 223
50 95
217 133
50 89
50 95
50 95
50 89
89 95
223 178
223 133
178 133
223 178
5 95
133 217
133 217
89 95
223 184
5 50
5 56
89 95
178 212
89 50
15 83
89 5
223 133
133 217
95 89
223 178
94 45
89 95
133 217
217 178
133 223
178 183
95 89
223 217
89 95
89 95
95 5
95 23
217 223
5 50
223 142
223 178
133 178
217 228
50 95
217 223
50 95
5 89
89 95
217 223
217 133
178 223
133 151
133 175
64 13
133 253
89 5
95 5
95 39
89 50
5 89
223 217
89 119
178 223
223 185
133 178
133 175
95 89
223 217
50 89
223 217
5 95
89 101
89 95
217 214
41 46
89 95
89 95
95 5
95 54
178 223
50 89
133 203
89 50
133 223
63 32
50 95
95 89
89 95
133 201
223 217
133 217
95 89
89 5
223 133
95 50
95 5
217 223
21 5
95 50
133 223
95 50
95 89
89 50
89 95
95 31
50 95
217 223
54 113
223 178
227 223
223 225
50 95
223 133
95 89
217 223
95 50
178 133
223 133
217 223
223 217
217 178
89 95
95 89
95 89
223 133
223 217
217 178
178 223
217 133
223 229
223 133
5 95
95 89
217 223
50 95
217 223
89 95
217 223
223 217
89 95
223 217
217 133
217 178
89 95
169 143
89 5
59 70
178 166
133 217
95 50
217 223
133 178
99 5
143 151
133 223
5 50
217 223
5 95
95 5
217 223
95 50
217 133
95 50
5 95
223 178
217 223
133 223
94 41
89 95
133 178
217 178
95 89
178 223
89 95
223 178
217 223
133 217
192 141
95 5
217 223
5 64
95 89
217 223
178 223
223 217
223 133
50 106
89 11
95 89
89 95
89 95
5 95
89 50
95 82
50 41
217 223
217 223
5 50
217 133
89 50
68 41
223 133
133 217
178 217
217 223
89 72
223 178
89 50
95 5
95 89
217 223
5 95
133 196
95 50
50 5
89 95
89 95
68 14
95 89
41 68
133 223
50 95
89 50
89 95
95 50
133 232
223 178
223 217
95 5
89 95
178 223
89 50
133 217
95 50
95 5
133 223
5 95
217 178
5 95
89 53
133 178
89 50
95 50
223 217
95 5
50 95
50 95
50 116
50 60
50 5
223 178
50 95
95 97
223 178
178 217
15 79
145 207
95 50
5 95
223 217
89 50
5 89
5 95
89 50
241 186
5 17
217 133
217 223
50 95
223 133
253 148
113 58
89 95
182 211
217 223
178 255
178 133
178 223
217 223
5 95
5 89
5 95
223 178
89 95
50 89
178 133
223 217
191 224
89 95
95 89
217 223
121 89
5 94
133 217
223 178
89 95
89 50
89 95
50 95
20 64
5 89
223 217
223 133
217 184
50 94
89 95
95 89
133 223
178 133
95 50
50 58
217 133
50 95
133 223
217 178
217 223
136 192
89 95
89 95
89 50
217 178
89 95
5 95
89 50
253 226
5 89
217 223
89 5
223 178
217 223
95 89
145 207
133 201
217 223
5 95
239 142
133 131
178 223
95 50
217 223
217 178
178 138
178 133
95 5
217 178
223 133
133 201
50 95
217 212
50 95
178 223
89 50
5 47
89 50
50 95
223 217
223 217
133 223
50 89
89 115
217 133
178 217
100 119
223 151
253 154
5 50
178 252
170 222
223 217
50 121
89 95
41 68
50 80
178 183
95 23
95 50
223 217
178 216
89 50
143 162
223 133
125 30
5 50
133 223
89 95
95 50
89 95
133 217
5 50
13 107
223 217
95 5
50 104
50 95
50 95
50 95
95 89
89 95
178 223
50 89
5 89
217 133
5 95
178 213
217 133
133 223
223 133
217 246
50 95
223 178
178 223
217 178
133 223
50 95
223 217
95 50
217 223
178 161
133 175
5 50
223 235
89 95
95 123
95 50
223 217
133 223
178 133
133 251
5 47
203 217
50 95
223 178
133 223
178 217
178 217
5 95
89 95
223 217
178 133
217 223
217 223
133 249
133 178
95 89
223 217
95 89
94 17
89 95
64 83
89 50
133 223
202 148
217 223
95 23
223 217
178 133
50 5
95 89
138 178
14 81
217 133
89 95
217 178
50 5
217 223
89 95
223 238
5 89
89 50
95 50
178 225
217 178
89 50
217 223
94 34
217 178
89 95
5 95
5 95
217 133
5 50
95 89
89 50
223 142
50 89
133 223
50 95
50 5
217 133
95 92
178 217
50 95
133 201
133 223
133 178
217 223
95 50
178 133
89 95
5 89
178 129
5 123
178 223
95 89
217 223
50 95
89 95
89 50
125 70
89 5
217 178
99 96
217 241
89 95
179 145
89 5
5 73
217 178
133 178
5 50
133 217
217 178
223 133
89 95
51 72
5 41
217 223
65 4
217 223
89 5
5 50
223 133
178 203
95 5
217 133
89 95
5 89
50 89
178 223
89 115
89 95
223 178
223 217
95 5
223 217
223 217
89 5
178 217
133 217
89 95
89 95
89 95
133 217
89 5
50 71
5 23
65 46
133 223
178 223
217 223
178 223
235 228
223 178
223 217
95 89
223 217
178 223
95 89
89 50
179 133
133 217
191 248
178 223
217 223
89 95
89 95
217 223
133 223
217 223
123 119
217 223
178 223
223 151
89 95
15 83
89 95
5 47
5 50
81 42
89 95
95 50
50 5
217 178
133 201
95 89
223 217
217 223
133 235
217 133
95 107
89 95
217 223
5 95
169 180
50 5
175 133
223 217
133 178
50 95
50 89
178 223
89 5
217 223
5 95
223 217
217 178
133 175
95 89
5 50
5 89
5 95
178 133
95 89
133 178
50 96
133 217
217 223
178 223
178 223
95 89
223 217
217 178
178 223
5 89
217 223
89 50
89 5
133 217
217 223
178 133
89 95
133 223
5 50
133 178
95 89
217 151
217 133
5 95
223 151
223 133
178 202
217 223
222 130
89 95
5 95
54 22
133 217
133 178
133 223
223 178
217 223
89 5
217 176
50 5
133 223
217 223
217 223
89 5
95 89
95 89
89 95
89 95
5 95
95 5
89 50
223 217
95 50
50 89
178 223
95 50
5 95
178 223
178 223
217 178
95 50
95 89
5 95
50 89
133 178
217 223
178 223
133 201
5 89
89 95
178 223
89 5
5 95
223 217
95 50
50 3
50 95
217 223
95 5
5 50
223 142
178 223
95 23
95 5
89 95
178 184
5 95
223 217
223 217
95 89
89 50
5 86
178 217
89 5
133 217
50 74
192 175
54 38
133 223
217 223
178 223
178 223
89 95
217 223
89 50
217 178
223 217
50 95
217 223
89 50
178 166
217 178
95 82
178 223
95 5
89 50
179 207
217 178
5 50
50 98
217 223
217 133
89 50
133 154
95 50
95 89
217 223
95 89
217 133
50 89
89 95
50 48
223 180
217 246
89 95
50 89
50 124
223 133
89 75
133 178
5 95
223 217
247 251
89 5
95 5
217 223
95 89
89 95
95 50
50 95
217 223
178 223
223 146
5 95
217 151
89 50
133 201
95 65
133 217
89 95
223 217
119 99
223 217
5 95
178 223
50 95
41 70
217 223
133 217
95 89
133 170
95 2
133 217
217 223
5 89
133 201
95 89
5 89
223 178
50 98
5 50
74 100
178 201
95 50
217 223
217 223
81 100
89 95
217 223
95 5
5 95
223 217
89 5
178 223
5 89
54 50
217 223
133 223
50 95
133 217
224 232
223 142
89 95
95 89
178 217
217 223
89 95
217 223
133 142
95 14
95 1
133 178
217 223
133 223
95 89
133 217
95 89
223 178
178 183
217 178
133 223
133 217
50 95
217 223
133 178
178 217
133 175
89 95
178 223
5 14
223 217
95 89
50 95
50 95
133 217
178 223
89 50
95 89
89 95
121 19
50 39
5 89
133 217
217 178
178 223
217 178
178 248
133 223
5 89
217 223
50 39
133 223
217 223
178 223
178 223
95 89
223 133
223 217
217 129
217 223
223 217
223 142
89 95
133 217
95 3
178 133
95 89
89 5
249 198
5 89
50 95
178 223
223 221
50 95
223 133
223 217
133 223
50 89
95 5
217 223
89 95
217 223
178 223
133 178
133 175
89 95
223 217
89 50
20 64
133 223
223 217
196 142
89 20
217 223
50 5
179 189
178 223
178 223
223 178
217 133
178 223
223 178
223 217
50 95
217 223
89 95
5 89
178 133
5 95
50 95
217 223
133 217
95 89
50 89
223 217
223 173
223 133
5 73
95 89
217 223
5 47
50 89
217 133
5 95
95 50
119 20
5 50
5 47
178 133
223 178
50 5
178 223
89 95
217 133
95 89
50 5
211 143
217 133
5 89
89 50
50 89
143 207
5 50
178 133
223 217
217 223
89 95
95 50
121 39
178 209
133 223
217 223
223 202
223 217
223 227
133 223
223 217
217 223
178 217
95 50
217 223
89 50
5 50
178 211
178 217
223 217
217 133
178 223
89 95
133 178
5 95
133 217
89 95
5 89
95 89
50 99
217 223
50 95
5 89
50 89
217 223
95 50
133 252
89 95
217 178
20 64
5 95
5 117
89 50
89 95
95 89
209 170
160 202
178 223
5 50
95 89
217 223
5 105
5 95
95 50
133 190
223 217
89 74
79 54
223 217
223 178
89 50
89 95
5 89
95 50
217 178
133 178
133 217
223 217
5 73
178 133
217 133
217 178
217 223
178 223
89 106
217 133
178 156
217 178
223 142
89 5
89 95
5 89
223 178
5 68
95 50
179 252
99 57
133 223
133 245
217 133
89 95
50 95
95 119
121 58
95 89
50 95
50 95
217 223
89 95
5 95
89 95
217 223
133 223
217 223
133 223
133 217
89 50
95 89
121 123
178 223
133 223
163 133
95 89
217 223
89 95
50 42
5 50
50 95
89 95
223 133
178 223
178 171
217 178
178 133
5 89
217 223
95 89
223 178
89 95
133 217
223 133
223 142
217 223
89 50
178 217
217 223
178 133
223 178
50 89
178 227
89 95
89 95
89 5
217 223
217 133
5 50
5 95
89 95
95 89
89 51
223 217
223 217
50 95
217 223
95 5
5 73
223 178
217 223
50 95
178 173
170 222
89 5
89 5
252 178
5 95
89 95
95 89
217 223
178 217
133 178
89 95
133 178
223 133
223 178
133 141
50 95
5 95
89 95
133 217
5 95
50 95
223 133
89 5
95 89
95 89
95 50
5 50
223 178
217 223
217 223
95 18
50 89
89 95
223 178
178 223
223 217
89 5
217 178
217 223
5 73
89 50
50 89
223 142
95 89
217 178
5 95
223 217
184 223
178 217
5 73
20 64
133 204
178 223
217 178
5 73
223 217
89 95
89 5
178 223
15 34
5 95
217 133
50 95
89 95
133 201
133 145
133 178
89 5
223 178
5 73
217 223
246 193
89 95
50 95
223 178
5 73
178 133
42 63
89 95
89 95
217 223
89 50
95 89
89 95
202 178
217 223
89 5
5 89
89 50
50 95
178 133
178 156
89 95
178 181
63 10
217 133
178 217
178 223
50 5
89 60
5 89
223 178
95 23
133 148
217 223
51 63
223 142
95 50
217 223
217 178
50 91
178 223
223 192
217 223
133 217
217 223
217 178
95 5
5 89
95 5
178 223
89 95
89 95
89 5
223 217
95 50
95 89
95 89
217 223
217 223
217 138
95 14
148 192
223 217
223 217
133 178
89 95
223 178
5 89
5 89
95 50
50 95
133 223
223 178
217 223
217 223
133 170
100 14
223 222
89 95
217 220
95 50
217 223
5 95
178 223
223 217
217 182
217 223
217 133
89 5
217 223
50 89
133 244
191 224
89 95
50 95
223 151
223 133
178 223
89 95
217 223
133 175
89 5
89 95
241 186
5 95
50 123
89 95
223 133
5 89
217 178
96 110
209 228
95 50
217 133
89 95
95 89
89 95
89 95
68 41
217 133
89 50
50 95
100 14
5 84
5 95
89 5
217 223
223 178
95 89
50 95
217 223
95 89
223 133
50 89
50 5
217 223
178 223
50 5
5 95
178 145
89 5
95 50
223 217
217 133
95 89
113 58
50 5
223 178
217 237
89 95
223 148
95 89
178 223
89 95
223 148
217 223
178 223
223 145
95 23
89 95
5 95
89 5
89 5
50 95
186 187
217 178
95 89
223 133
95 50
133 217
107 13
223 217
178 223
50 95
223 138
217 133
133 217
95 5
133 223
133 139
223 136
5 95
50 95
5 95
223 151
50 58
133 169
217 223
217 223
193 129
95 89
89 5
223 133
89 95
223 133
191 170
20 64
178 223
217 223
50 5
5 89
5 73
178 223
217 223
217 223
178 223
89 119
178 223
217 223
50 89
5 50
223 217
217 178
169 192
175 133
50 89
133 210
217 188
50 95
5 89
79 46
5 50
5 95
223 217
64 94
223 178
223 217
50 95
95 89
5 117
133 178
223 217
133 217
89 95
223 178
133 178
95 89
95 89
253 223
253 238
5 95
95 50
89 5
17 80
5 89
223 178
89 95
95 89
89 50
217 223
89 30
89 5
217 223
133 223
178 230
217 223
217 223
89 95
95 116
95 89
89 95
50 95
5 95
217 161
5 50
178 223
217 223
223 178
13 64
5 95
95 89
5 73
89 5
223 178
5 95
89 95
217 223
217 223
223 178
178 223
217 133
89 95
50 95
222 180
89 95
50 89
121 32
89 95
5 89
223 217
217 223
223 178
5 95
95 5
89 95
223 178
50 5
95 14
50 95
223 217
133 178
223 178
50 95
95 89
148 136
47 5
5 50
89 5
95 89
217 204
133 178
223 178
217 178
5 95
50 89
178 133
217 178
178 223
223 217
217 178
95 5
89 95
95 89
5 50
5 50
5 95
89 95
5 95
133 223
5 95
5 95
223 178
95 89
223 244
178 133
133 201
89 95
89 95
59 80
169 182
217 223
89 95
95 89
178 223
89 5
89 78
217 223
5 95
50 95
89 50
217 178
95 89
178 133
89 95
223 217
89 95
223 178
89 95
178 243
133 217
178 217
63 120
217 223
100 119
95 5
17 67
217 223
178 217
89 5
178 223
217 223
217 223
89 32
89 56
50 89
217 223
223 217
133 178
50 95
5 89
50 8
5 50
5 89
5 47
89 95
95 50
133 223
5 61
217 223
170 249
217 211
178 223
5 89
179 143
178 223
133 223
133 223
223 178
223 217
217 223
5 95
223 217
95 89
89 95
223 217
89 50
133 178
133 201
178 253
217 223
223 217
223 178
223 217
50 89
178 133
217 223
227 253
178 223
5 50
89 95
41 68
223 178
217 178
217 178
178 133
89 95
217 223
89 95
5 95
217 223
217 223
89 50
133 223
5 89
217 223
223 151
5 71
89 95
217 133
178 223
223 133
89 10
50 95
217 178
133 170
224 248
95 50
5 50
89 95
143 211
89 5
50 95
95 5
89 95
223 178
95 89
133 201
116 50
178 223
223 217
5 50
178 133
217 223
89 50
178 175
50 89
217 223
95 89
95 17
133 217
133 175
123 119
89 95
5 73
133 223
133 223
133 217
217 223
50 5
95 5
217 238
178 133
217 133
95 23
217 223
178 248
223 178
89 95
223 133
89 95
178 223
95 89
217 223
89 95
51 79
133 178
63 120
178 133
217 223
5 50
89 50
178 217
133 178
223 142
133 145
95 85
133 178
182 129
95 50
50 95
217 223
89 50
5 50
89 5
89 50
178 217
89 95
5 34
217 133
223 217
89 50
50 5
95 50
217 223
89 95
169 254
223 222
95 89
133 201
89 50
89 95
217 223
5 89
51 31
223 142
223 133
89 95
133 223
5 89
89 95
178 223
223 133
133 217
217 223
178 223
178 223
178 133
241 186
217 146
217 223
192 208
5 113
133 223
133 217
95 89
95 50
95 89
50 95
95 50
89 95
217 223
223 138
178 223
89 95
217 178
235 141
89 95
50 5
223 217
217 223
89 95
15 79
5 95
133 178
223 178
133 178
217 223
89 5
223 178
50 89
50 5
89 95
223 217
133 223
64 62
89 95
95 89
223 178
178 217
178 133
217 223
89 5
89 95
89 50
89 14
133 178
89 50
223 133
217 178
89 50
50 95
95 5
50 95
223 178
89 76
178 248
209 192
228 142
178 223
217 223
95 89
217 223
89 95
50 89
223 217
89 95
94 9
223 178
50 47
223 217
217 223
89 95
217 223
95 89
217 223
223 217
5 18
5 63
89 95
5 50
95 5
223 178
223 151
217 223
50 95
15 34
217 223
223 217
178 223
95 5
50 30
95 89
89 95
223 178
95 50
5 95
95 5
217 223
217 223
217 178
223 178
217 250
5 123
217 223
178 164
89 95
223 251
223 217
253 223
5 89
223 142
89 50
95 5
89 44
50 95
217 223
121 104
178 223
89 5
217 223
100 119
133 223
5 89
50 95
95 50
133 223
223 133
182 133
5 95
178 223
5 95
5 95
217 223
217 133
89 71
89 95
89 50
133 175
217 223
89 50
95 89
217 178
89 50
50 5
178 132
5 42
50 89
95 89
95 89
89 50
89 95
99 45
95 89
133 223
81 42
50 5
223 133
89 95
217 223
191 248
5 42
217 223
95 89
133 223
107 120
133 223
95 50
178 217
5 95
178 223
158 133
179 135
95 89
5 95
50 5
89 95
54 82
223 133
223 217
223 178
95 89
223 174
223 178
223 178
5 95
5 50
217 223
223 133
133 223
42 51
95 50
133 217
217 178
5 50
89 95
95 50
217 210
217 138
89 5
5 95
178 223
50 13
217 201
89 95
228 142
178 223
208 145
133 178
178 217
50 95
178 133
5 95
5 95
50 95
95 50
95 89
50 95
5 95
249 243
133 217
178 223
5 123
95 50
223 178
89 16
178 177
5 95
223 207
95 89
89 5
95 16
89 95
89 95
217 223
95 89
50 95
133 223
50 96
5 95
95 50
89 50
89 95
178 189
133 223
5 123
217 178
178 217
5 95
223 133
223 217
95 5
133 201
223 178
133 201
89 95
217 178
89 50
5 50
50 55
178 223
223 133
50 5
217 223
178 154
223 217
50 84
89 95
95 5
89 95
50 57
223 217
95 89
5 50
178 223
50 95
182 217
217 133
41 126
151 223
89 95
178 217
95 89
178 217
223 196
89 95
95 89
217 223
223 217
89 50
223 217
223 217
133 223
89 50
95 89
223 133
95 89
5 50
223 217
223 178
178 223
15 34
95 89
178 223
217 133
5 95
169 199
89 95
217 223
89 95
95 89
89 95
64 8
50 89
133 221
89 95
89 50
170 179
95 89
95 57
89 95
192 141
50 95
50 95
133 178
89 50
178 133
217 133
178 133
89 95
95 5
95 5
5 89
5 89
235 141
50 95
133 217
133 223
217 223
95 89
223 217
5 73
223 178
133 217
178 223
50 89
133 223
95 50
217 223
178 158
50 95
50 89
89 95
223 178
217 178
178 223
15 34
95 89
223 217
50 5
133 209
89 5
223 178
89 50
223 217
5 95
5 95
89 95
217 223
178 223
223 217
89 95
5 95
89 50
217 178
50 95
207 191
95 89
217 238
187 253
89 95
50 95
95 89
207 178
223 178
107 13
5 95
178 223
223 217
5 89
223 151
95 50
223 178
95 5
95 50
223 217
133 178
178 217
95 50
50 95
223 217
133 154
95 5
89 50
89 5
217 223
5 95
241 186
223 178
50 95
89 50
223 178
89 50
89 95
217 223
50 89
95 117
50 95
217 223
89 50
223 217
223 217
133 219
42 51
95 89
50 89
249 207
217 178
95 71
89 95
89 95
217 223
5 89
223 217
95 50
95 50
178 223
89 50
95 89
133 175
41 68
178 189
133 223
5 95
178 133
133 178
41 23
133 148
178 223
50 89
217 146
95 89
89 95
95 89
5 89
133 223
133 235
120 63
217 223
100 119
223 133
178 223
89 50
217 223
50 5
50 95
50 8
178 223
89 50
89 95
50 95
5 95
125 105
89 47
73 5
223 133
50 95
89 95
95 89
178 223
89 50
133 217
89 116
223 217
178 133
223 133
133 217
223 133
178 223
217 223
95 89
223 178
133 169
89 50
95 94
222 224
95 1
125 95
5 95
217 223
50 95
95 89
89 95
178 223
223 133
223 133
217 178
50 95
223 133
50 15
151 207
89 95
89 95
94 24
5 1
133 223
5 95
235 141
95 5
89 95
89 50
5 95
178 217
89 50
95 50
217 223
95 89
217 178
95 5
223 130
5 89
223 178
89 95
217 223
182 139
223 131
50 95
133 148
223 178
5 73
50 8
50 95
121 119
178 142
133 217
89 5
89 95
241 133
217 133
50 95
89 50
95 5
217 223
178 180
5 50
50 95
95 5
223 178
89 95
50 95
89 95
217 223
95 83
95 5
223 217
178 145
5 95
89 5
95 89
89 125
89 95
223 217
5 80
178 133
223 217
95 50
89 50
89 95
50 89
95 89
217 223
133 239
217 223
95 89
89 95
89 95
223 133
89 123
8 94
223 217
223 170
178 217
89 5
217 223
217 223
217 223
133 223
95 84
5 95
133 217
217 223
5 89
217 223
217 143
217 223
95 50
133 217
223 217
50 95
223 178
50 95
89 42
217 223
223 174
95 5
95 5
50 95
89 50
133 223
178 223
95 89
217 141
217 223
95 50
5 95
50 5
223 217
95 5
217 223
89 95
89 95
178 133
217 133
5 50
50 95
5 54
133 178
89 95
95 20
133 223
89 95
217 223
95 5
50 95
217 178
217 133
133 144
217 223
95 89
217 223
63 120
5 95
223 217
95 30
50 95
95 5
5 95
89 5
50 91
223 178
95 50
50 63
5 89
217 223
217 223
178 133
223 217
89 33
217 223
13 107
15 79
95 17
223 178
95 5
95 89
95 31
89 14
217 247
50 95
217 223
217 223
223 178
95 71
217 141
133 223
89 95
217 223
223 217
223 178
217 223
73 5
178 223
223 221
223 133
5 73
95 89
133 223
89 95
178 223
217 133
217 178
217 178
217 192
5 89
50 95
133 178
5 89
89 50
217 223
133 223
178 219
217 178
133 217
5 95
253 207
95 5
95 76
253 135
133 217
223 178
89 95
247 251
50 5
5 95
5 89
50 5
223 142
133 217
89 127
89 95
223 217
5 89
89 95
89 5
217 223
95 115
50 5
5 50
50 95
89 95
95 5
217 223
178 223
133 217
50 89
223 178
133 217
217 223
217 223
133 223
121 5
89 95
223 178
241 211
89 95
5 89
133 217
223 217
223 178
5 95
89 95
89 5
133 223
217 223
217 223
95 89
222 130
95 23
5 73
29 50
133 223
217 178
133 217
95 83
41 22
89 95
89 95
148 136
217 223
217 223
5 48
217 223
50 81
217 178
133 223
50 89
178 223
217 178
41 12
217 223
54 86
42 20
217 223
5 95
217 133
89 5
217 133
89 5
41 122
143 211
133 223
89 50
178 217
95 89
50 5
178 223
217 223
133 223
95 20
223 178
217 223
217 223
217 223
95 17
217 223
169 221
23 95
178 223
133 217
223 138
50 95
133 178
133 223
89 95
223 151
217 223
89 95
95 5
95 89
223 217
89 42
50 18
50 95
5 95
217 178
178 223
89 95
89 95
217 178
223 217
223 217
15 34
223 178
50 95
202 228
95 23
217 255
95 50
50 89
5 89
223 178
223 178
235 141
223 130
217 243
223 217
178 255
50 89
95 89
133 223
223 217
50 95
50 95
217 223
50 5
5 53
89 95
89 95
178 223
133 223
217 223
133 250
95 14
133 150
178 223
89 122
186 187
133 178
223 243
89 95
89 95
178 223
217 223
89 5
5 95
133 223
5 89
50 95
5 95
50 5
178 223
223 178
95 89
249 188
178 135
95 89
47 5
217 211
89 95
50 95
217 223
247 251
89 95
133 223
89 5
95 89
223 151
89 95
223 178
89 5
5 113
89 95
133 178
89 95
133 223
89 5
89 95
89 50
178 223
95 89
217 223
64 83
15 34
50 95
95 89
217 223
223 178
217 133
178 217
133 178
133 217
133 201
50 95
217 178
20 123
95 89
178 223
95 5
178 223
217 223
143 169
89 50
133 178
223 217
178 223
217 133
178 223
133 205
133 175
5 73
89 95
89 95
95 89
133 217
223 133
178 223
50 95
223 178
89 28
50 95
217 178
209 142
95 5
50 89
223 217
50 5
95 89
178 223
217 223
133 223
223 178
5 89
133 223
89 95
89 5
217 223
5 47
89 95
217 223
50 95
95 5
89 5
96 119
178 241
223 217
223 217
178 133
178 217
217 223
95 89
217 178
5 95
95 50
118 13
70 42
89 116
89 50
217 178
217 223
217 223
5 89
125 118
95 50
178 250
89 45
133 217
178 223
133 217
217 178
148 192
223 148
178 223
217 223
50 95
50 95
223 178
217 223
89 5
217 223
223 217
178 217
5 50
224 240
5 119
89 85
217 223
50 95
217 178
50 89
223 178
5 89
125 115
89 95
143 207
89 50
223 178
223 133
133 217
143 162
5 95
99 83
5 20
217 223
89 95
95 5
223 217
217 133
217 178
50 18
89 95
68 41
223 133
5 89
223 222
133 226
217 223
89 95
133 223
223 178
89 5
5 73
5 89
5 95
133 178
217 133
217 178
133 223
95 5
50 83
223 217
89 5
178 223
89 95
133 217
5 95
192 211
178 223
133 223
178 223
95 50
217 223
89 95
178 133
89 95
217 223
50 95
223 178
95 89
178 223
50 95
223 253
95 5
68 15
63 42
89 5
89 95
95 89
89 95
178 133
50 83
5 89
217 133
234 223
217 178
133 178
217 223
50 13
133 201
217 178
178 223
133 223
217 223
178 217
50 95
217 223
63 120
50 95
68 5
50 7
178 217
50 5
95 77
5 95
145 250
217 223
95 91
223 217
5 95
50 89
50 89
95 5
169 223
5 89
223 217
217 223
223 133
217 223
178 153
223 151
89 5
223 133
178 223
83 46
217 223
223 133
133 223
89 95
223 178
50 95
95 80
133 223
89 95
217 223
217 133
223 178
178 217
89 50
89 5
223 217
5 50
50 95
5 50
50 89
178 217
50 95
50 95
5 95
223 217
178 223
5 15
95 89
223 217
223 220
178 207
217 251
95 89
217 184
217 223
5 47
133 230
123 23
95 5
89 95
5 89
217 178
5 95
223 178
89 95
223 178
95 67
217 131
223 178
5 89
178 223
217 178
178 223
223 133
95 5
178 223
223 245
217 133
89 95
178 223
5 95
95 5
223 178
223 178
5 95
95 50
95 89
133 223
178 223
89 95
89 95
5 50
217 223
95 89
95 5
5 50
89 50
133 141
89 50
178 166
95 23
89 95
5 50
89 95
223 178
178 133
20 64
217 223
50 17
178 217
178 217
95 89
50 95
50 95
68 15
223 217
89 95
89 50
89 50
89 95
5 63
95 50
50 95
50 95
95 23
217 133
223 217
217 180
74 50
223 178
133 175
223 133
5 50
217 223
5 95
217 223
95 89
246 193
5 95
50 95
133 223
217 223
5 95
89 95
178 223
178 217
50 89
217 223
89 42
217 223
95 89
89 58
89 50
223 217
223 178
223 142
182 211
5 50
89 5
133 202
95 89
223 167
223 178
5 73
95 89
89 5
223 133
178 179
223 217
223 217
89 50
178 223
222 148
73 50
178 205
217 223
133 223
160 202
178 133
95 89
223 133
5 95
89 95
5 95
89 50
95 50
217 129
5 95
50 95
223 217
89 17
223 151
50 95
223 178
223 133
16 50
223 217
178 223
217 133
95 5
50 95
89 50
89 50
143 207
89 95
5 89
223 178
178 133
89 95
178 158
133 217
89 5
217 212
95 5
5 95
169 206
50 95
89 5
50 95
89 50
89 5
217 223
95 89
5 77
89 95
50 95
178 189
133 178
5 95
89 5
178 217
178 223
95 50
50 95
178 133
223 217
95 23
95 89
178 223
89 95
63 120
89 5
217 178
223 217
223 178
133 178
50 123
89 95
95 50
178 223
133 178
253 230
133 201
5 95
217 223
50 5
223 133
5 83
50 95
89 75
217 223
5 95
148 192
50 95
50 5
217 211
178 147
217 223
217 223
217 223
50 5
95 5
178 205
89 95
89 5
95 50
178 223
95 117
217 223
121 20
217 223
222 211
95 89
89 50
5 50
217 223
89 5
217 178
178 213
95 5
95 89
5 50
217 223
95 50
223 251
50 95
217 223
223 178
145 144
217 223
223 178
50 95
89 95
89 5
95 5
217 223
95 5
133 223
133 223
223 178
5 89
5 50
5 89
95 5
81 42
133 223
217 223
178 223
133 178
223 217
223 217
50 95
217 223
5 89
95 5
50 95
5 89
50 95
178 223
217 178
178 223
33 50
223 178
133 223
208 253
95 92
5 89
223 217
217 223
223 217
217 223
89 95
98 17
5 89
223 217
133 217
217 133
223 133
5 95
178 217
5 95
50 5
5 50
217 223
5 95
50 95
178 223
95 89
223 133
95 89
89 50
5 58
133 138
89 95
217 223
5 48
89 95
89 95
133 223
95 14
5 89
217 229
223 217
133 223
5 50
5 95
95 5
15 34
5 89
89 95
217 223
223 133
89 95
89 60
133 217
89 50
89 95
217 223
5 95
217 223
217 133
50 23
50 89
133 223
133 223
20 64
50 95
95 89
145 180
223 244
121 98
133 175
217 223
50 95
223 217
95 5
5 89
217 223
5 95
50 95
178 217
217 223
89 95
133 223
107 13
89 95
5 47
50 95
133 178
95 50
89 50
223 217
89 95
89 95
133 178
95 89
217 223
217 178
95 89
95 89
223 178
89 95
217 223
217 133
217 223
217 223
217 133
178 223
95 89
89 95
223 151
95 89
178 212
50 95
223 133
217 223
95 50
89 95
5 50
5 89
217 223
50 95
182 211
89 95
95 5
223 217
89 5
89 50
64 81
178 223
95 89
217 223
89 50
89 95
133 223
5 50
143 162
133 217
143 162
89 95
223 178
95 89
178 133
223 217
83 106
223 217
133 223
253 243
133 217
89 95
223 178
223 217
223 178
5 94
50 107
89 95
133 217
223 178
223 217
169 210
50 5
95 50
89 95
217 223
133 178
15 79
89 5
89 95
50 89
217 223
223 217
94 42
222 194
89 95
89 48
5 50
217 223
5 75
217 223
223 151
133 217
89 95
95 5
95 89
223 178
54 47
223 151
89 50
178 223
5 50
89 5
217 223
95 50
41 4
95 89
217 133
5 89
89 95
95 89
5 89
178 133
178 223
178 223
5 89
5 50
133 145
223 178
133 178
178 223
89 5
217 223
217 178
50 95
5 89
217 223
50 89
178 208
5 95
89 95
133 223
89 5
95 89
133 178
50 60
50 5
95 89
50 95
217 223
217 223
178 222
223 178
5 95
223 178
178 217
222 179
217 223
217 133
145 253
50 95
95 50
5 51
178 223
193 238
89 95
5 95
89 95
178 164
50 89
228 247
217 223
223 178
95 23
133 178
192 152
95 5
178 221
217 223
89 50
50 46
217 223
217 223
50 89
178 223
217 178
54 83
50 95
223 133
50 95
95 5
217 133
5 89
217 223
50 95
50 95
54 12
100 119
133 178
89 95
89 95
95 89
223 178
50 95
50 95
89 95
223 194
89 50
50 95
5 110
223 217
192 232
217 223
41 68
89 95
217 223
89 107
50 95
133 148
95 5
223 178
50 5
217 223
217 223
249 200
50 89
95 89
89 45
217 133
207 184
217 230
223 217
89 50
50 5
217 223
95 89
5 95
223 217
223 178
223 133
5 50
217 223
178 251
133 201
223 217
178 223
96 20
51 106
178 223
50 95
133 175
50 95
217 143
133 223
89 50
89 95
178 217
223 178
5 95
217 178
95 89
223 133
89 95
217 223
217 223
178 223
5 89
133 223
89 95
95 89
178 223
5 50
223 157
89 95
5 50
95 50
64 83
95 89
5 50
50 89
68 15
89 5
217 223
89 5
89 95
178 223
223 217
223 227
50 95
89 5
5 50
5 47
89 95
95 89
133 223
217 133
187 191
50 89
89 95
178 217
217 178
249 250
95 89
217 223
89 95
95 93
95 89
133 223
89 5
50 95
178 164
223 133
95 50
217 178
217 223
178 223
89 95
14 95
217 223
50 89
133 223
178 223
89 95
217 173
89 95
50 95
223 217
5 95
133 223
133 178
169 217
95 5
223 156
133 178
178 217
50 5
89 95
95 50
50 95
178 217
95 5
95 14
223 178
50 5
145 247
89 95
249 251
89 26
95 5
95 50
5 50
95 23
56 34
95 5
89 17
178 223
50 95
178 217
50 95
217 223
5 50
223 151
192 228
133 223
133 178
169 152
241 227
133 223
223 217
89 50
95 50
89 95
223 237
217 223
178 223
5 50
223 178
133 223
95 50
95 89
223 217
217 223
217 223
223 133
223 217
95 5
89 50
89 50
89 95
217 223
223 142
95 92
223 217
89 95
5 89
5 95
133 223
5 95
223 133
95 89
95 89
89 5
95 50
133 223
89 95
95 5
217 223
217 133
178 223
95 89
5 73
223 245
223 151
50 5
5 94
5 89
223 178
89 33
133 178
5 89
89 95
133 201
5 89
217 223
95 38
133 223
89 95
178 133
133 223
89 95
89 95
178 217
89 5
223 217
223 217
217 223
133 237
133 178
95 5
217 133
5 89
41 26
133 201
95 14
50 95
223 133
223 159
178 223
133 217
217 223
223 178
118 65
223 178
50 95
5 89
5 89
5 24
50 89
5 89
217 178
133 223
5 95
5 95
5 95
95 89
5 95
28 95
96 124
89 5
89 5
217 140
95 5
5 50
95 89
217 178
89 5
178 217
133 178
223 133
223 178
217 223
217 178
217 223
217 223
178 223
95 50
217 223
217 223
178 170
223 217
133 211
50 79
5 50
95 14
95 5
223 217
89 50
89 95
217 223
95 89
217 223
223 217
178 217
217 223
217 223
217 223
223 217
5 73
95 50
241 217
223 133
89 50
17 50
223 217
89 71
5 95
217 133
223 133
217 178
89 95
133 178
133 175
5 50
217 223
223 178
50 31
178 217
5 89
223 217
95 50
113 50
95 89
17 125
50 95
89 50
89 95
89 5
15 79
227 225
89 50
121 46
133 201
217 223
223 217
95 82
223 178
5 50
89 5
178 223
95 89
145 253
217 133
89 5
133 217
133 223
121 20
5 89
89 95
217 223
217 223
217 223
89 50
89 95
217 178
95 89
178 223
95 23
50 5
89 5
5 50
89 93
223 217
217 178
64 83
50 5
223 133
217 223
5 95
223 217
15 34
217 138
95 23
223 217
217 223
95 5
133 178
50 95
89 95
5 50
121 42
217 178
95 5
133 240
223 217
133 217
89 50
148 136
5 50
95 50
223 251
223 178
95 89
223 217
133 223
5 50
5 95
178 203
95 23
223 199
217 133
217 223
133 223
217 223
133 223
95 45
223 217
95 50
223 217
217 223
223 178
95 50
223 178
89 95
89 95
50 123
5 89
119 100
5 50
223 211
89 95
209 192
223 178
89 95
89 29
217 223
223 133
223 178
89 53
223 206
223 178
217 223
50 95
50 95
95 50
223 178
89 95
89 95
217 178
217 223
5 95
223 133
95 50
50 95
89 95
133 217
223 217
95 50
217 223
223 217
223 178
89 95
217 223
89 95
50 95
133 223
178 223
50 95
89 95
223 178
133 217
217 133
89 50
50 95
222 216
89 95
5 30
217 223
217 223
217 178
178 133
50 95
217 223
95 5
141 207
178 223
223 217
223 217
217 223
223 133
223 217
223 133
133 217
223 178
89 95
209 170
89 50
217 133
89 95
95 107
89 95
217 223
133 223
133 223
217 223
89 50
223 217
223 146
5 95
50 17
222 198
50 95
50 89
217 223
5 50
89 5
217 223
89 50
133 223
63 120
133 178
89 95
50 95
89 95
223 151
50 64
217 223
133 223
178 223
223 217
89 50
178 223
95 89
217 223
133 178
50 5
50 95
223 217
89 50
178 148
89 50
223 133
89 95
217 223
95 89
178 133
79 54
5 50
223 217
178 189
89 68
178 223
5 95
89 95
41 70
50 77
133 223
89 121
95 89
95 50
5 95
178 223
239 170
133 196
178 223
211 234
95 89
50 95
95 5
5 95
95 123
223 217
89 5
217 178
217 223
133 217
223 178
217 178
223 217
241 186
95 5
5 95
217 223
217 223
89 95
89 95
89 95
89 95
89 5
217 223
89 95
89 95
5 95
178 133
89 50
89 95
223 133
182 245
223 142
178 223
89 50
5 95
178 223
223 178
217 223
133 178
223 217
95 50
50 124
217 133
223 178
5 73
133 175
89 95
223 133
133 223
5 95
50 54
50 5
89 95
133 217
223 178
50 5
89 50
89 95
95 5
100 54
31 99
133 223
118 13
223 217
217 133
89 95
217 223
95 89
95 89
217 223
95 89
95 89
133 223
217 223
217 223
133 223
89 95
223 217
50 95
178 223
178 229
133 178
89 95
133 223
5 89
50 95
5 73
89 50
234 223
223 133
133 217
133 201
217 223
223 217
133 183
223 151
223 133
95 50
223 217
95 50
223 217
178 153
191 224
83 111
95 89
217 223
89 102
178 223
217 178
94 4
5 63
223 217
50 95
89 95
95 50
217 223
99 95
5 95
178 133
