256 10000
223 133
223 217
133 212
95 5
50 95
95 89
223 217
223 133
5 95
50 95
50 95
50 95
223 217
89 50
50 95
5 107
178 223
50 89
223 217
160 133
106 98
5 89
217 178
89 95
178 223
5 89
223 217
5 111
133 254
178 209
5 73
89 95
89 95
178 223
89 95
223 178
223 217
217 223
95 14
223 217
89 95
223 133
95 89
217 178
223 178
50 95
50 93
217 178
133 217
14 81
178 222
50 46
95 5
95 50
217 223
89 95
89 5
223 217
89 50
50 95
89 95
182 133
178 223
133 175
50 95
5 89
5 95
95 50
89 5
89 95
50 53
217 223
133 217
217 223
217 223
178 223
235 211
223 136
217 223
217 223
89 95
217 133
217 178
217 223
95 50
133 241
5 89
89 5
223 217
217 223
217 223
89 5
223 142
89 95
179 225
50 3
223 217
89 95
50 74
95 89
223 235
217 223
89 48
95 50
89 95
95 89
223 178
50 5
5 95
217 222
223 133
170 179
223 217
95 5
217 175
95 89
133 223
178 254
133 201
50 95
95 5
5 95
89 50
133 223
223 217
5 95
133 238
5 95
223 217
217 210
89 95
89 95
223 217
89 95
95 89
178 217
95 5
95 89
222 168
5 89
95 50
223 245
133 217
223 217
217 178
133 223
5 50
217 133
133 175
217 223
178 133
89 95
41 23
89 123
217 175
89 95
95 50
223 178
50 96
5 89
223 178
217 255
133 170
50 96
133 223
89 67
95 89
223 142
178 223
223 217
95 50
5 89
5 95
223 217
223 217
95 42
50 95
178 217
217 223
133 178
178 216
133 130
95 5
223 133
217 223
89 5
50 95
89 95
5 95
89 95
50 89
95 50
223 217
50 25
217 133
217 178
217 223
178 223
95 89
95 89
223 142
217 223
95 50
133 178
178 223
227 204
223 217
178 223
223 133
5 50
133 247
5 89
217 223
217 133
50 89
217 223
89 50
133 178
178 133
5 89
95 89
178 146
223 217
5 77
5 95
95 89
217 223
178 223
89 95
169 246
217 166
133 178
191 224
178 133
223 217
217 223
89 50
217 223
5 73
217 223
5 95
5 50
89 95
95 48
217 223
217 223
89 95
178 223
217 223
17 1
95 89
133 217
50 95
89 95
217 223
223 133
5 50
89 95
217 133
95 50
170 179
5 83
217 223
217 223
95 89
95 89
50 95
217 223
89 5
50 95
89 95
89 5
223 133
178 133
5 50
50 95
95 96
178 223
178 133
178 223
228 247
123 119
50 95
178 223
217 223
178 223
133 178
50 5
95 89
89 95
89 95
89 95
217 133
223 217
217 223
133 217
223 151
133 217
95 89
50 95
223 217
217 223
95 5
178 133
178 217
217 133
95 89
89 95
133 223
217 223
89 95
217 223
54 14
89 5
89 95
95 14
89 5
142 209
95 89
5 95
217 223
95 89
95 5
50 95
95 89
133 223
89 95
178 223
224 137
217 178
153 207
95 89
95 5
217 223
95 89
99 49
5 47
5 50
223 133
89 95
133 178
217 133
95 5
50 89
95 50
95 89
178 217
50 31
89 95
95 50
95 89
133 217
217 223
89 95
178 223
223 217
95 89
178 146
5 95
95 7
5 89
89 95
89 95
89 95
178 223
148 192
133 178
50 95
217 223
249 240
178 223
223 133
217 223
95 89
223 151
241 186
95 89
178 223
89 5
217 178
178 133
133 178
217 223
133 217
223 142
223 217
133 178
223 178
5 50
5 50
5 95
217 178
95 50
89 5
133 217
217 223
223 217
217 133
178 217
133 245
217 223
89 50
95 89
217 223
178 217
50 95
241 237
178 223
53 50
227 163
89 5
217 223
178 223
223 133
89 50
217 223
223 217
217 178
143 162
178 154
89 95
5 50
217 223
133 217
217 178
178 217
217 223
133 178
89 5
89 95
89 95
89 95
50 100
89 50
95 89
5 89
217 178
217 147
223 217
95 50
95 89
50 89
5 95
133 223
209 170
5 89
95 50
223 217
5 95
95 89
223 173
89 95
178 199
223 147
89 5
133 175
95 14
5 73
50 31
217 223
89 50
5 50
5 50
5 95
5 50
5 89
241 186
178 223
133 148
178 223
89 95
217 251
133 223
217 199
95 5
89 5
89 50
222 188
179 180
217 178
163 217
223 217
223 158
217 133
89 95
179 228
223 225
89 95
133 142
5 95
223 178
217 223
50 95
223 133
178 223
217 178
5 56
217 133
209 192
89 95
217 223
178 223
89 5
178 223
223 133
217 133
223 217
217 223
223 217
223 178
89 95
41 5
217 251
89 123
178 223
50 39
5 50
50 95
50 95
133 217
89 50
217 223
217 223
89 45
50 89
95 89
95 50
223 178
217 178
95 50
223 228
125 95
178 217
223 217
223 178
178 223
89 95
217 223
223 133
95 5
133 223
5 50
96 16
217 133
217 223
217 223
50 95
5 89
178 217
95 5
95 5
89 95
113 58
5 95
217 223
95 50
5 47
50 125
89 95
51 80
217 209
89 50
50 95
50 95
89 95
5 50
89 95
223 217
5 73
217 133
133 178
217 223
118 65
133 178
217 178
95 50
178 232
217 133
50 89
5 95
170 223
223 178
5 50
5 95
217 223
50 75
89 95
217 223
95 89
178 217
50 5
89 95
217 223
133 217
178 223
17 46
95 50
217 223
223 142
133 223
89 95
223 217
223 178
5 116
89 95
95 89
223 217
89 95
5 95
133 176
217 223
133 201
89 95
133 223
95 89
217 202
95 50
223 217
50 95
95 89
95 89
95 5
223 178
89 5
217 223
95 14
5 89
89 57
217 178
95 89
50 95
89 95
133 131
50 89
217 223
89 5
95 89
50 95
186 152
89 95
5 95
217 223
148 192
133 223
95 89
217 223
178 223
133 144
223 217
5 54
89 95
50 95
95 89
89 50
178 181
95 50
223 178
95 89
133 223
5 89
133 223
89 95
89 95
133 223
50 95
89 95
217 223
217 133
178 133
89 95
96 79
223 178
223 217
50 95
178 217
89 95
50 115
133 223
133 223
217 178
217 177
50 89
217 178
5 89
223 217
17 111
217 178
95 89
95 5
89 50
50 95
133 223
95 89
89 95
95 89
133 178
50 118
89 51
133 175
89 95
50 89
95 5
223 217
217 178
223 151
89 71
95 23
217 223
5 50
89 95
95 50
253 223
50 5
95 5
223 217
95 89
5 95
223 217
95 50
5 95
133 217
223 133
95 89
95 50
51 63
217 223
5 95
223 217
95 89
89 95
217 223
95 5
5 89
178 223
133 223
178 223
5 47
89 95
5 95
5 95
222 208
89 95
50 89
5 58
217 223
133 178
133 178
5 89
95 89
5 50
217 223
89 50
217 178
217 178
50 95
217 133
89 95
133 223
5 89
217 223
178 223
217 223
249 133
89 95
217 223
95 50
178 221
217 178
217 223
95 5
178 133
89 95
143 162
223 178
50 89
133 223
89 5
223 133
178 217
89 95
217 133
89 95
223 178
5 95
89 39
133 178
89 5
5 95
148 192
133 178
223 133
95 89
89 95
217 249
5 95
89 95
217 199
223 217
99 45
95 89
133 178
89 95
95 89
50 92
223 133
235 141
95 79
217 178
133 223
89 95
50 71
223 217
5 47
89 97
89 95
217 223
217 223
217 221
89 5
217 223
178 167
95 14
5 73
5 115
95 5
178 217
89 5
50 95
50 95
50 89
217 178
50 5
41 5
142 209
217 223
50 95
223 217
89 95
223 178
223 217
178 223
223 133
178 133
95 89
217 178
223 217
217 223
217 216
89 50
217 178
223 133
217 223
47 5
5 95
133 178
89 95
133 223
89 95
89 95
178 196
223 151
217 223
89 95
95 5
191 223
51 54
94 78
178 241
50 95
5 95
178 234
170 179
217 223
217 178
223 178
217 178
50 95
95 5
145 210
89 17
89 95
50 95
217 223
89 95
223 217
223 217
217 178
64 20
217 223
89 95
217 223
217 178
125 114
178 223
178 223
50 89
178 223
95 110
41 74
217 223
178 217
14 100
89 95
223 133
5 95
121 94
133 217
217 178
223 217
133 223
95 14
133 217
217 223
5 50
133 223
95 5
95 23
133 223
217 223
133 217
50 89
223 161
223 217
50 89
89 5
133 225
217 223
89 95
5 95
89 95
178 223
217 178
5 50
223 178
223 217
217 133
223 178
123 51
89 95
95 117
5 50
50 95
89 95
50 54
95 23
217 133
95 5
143 162
223 217
217 159
89 95
95 89
5 95
89 95
95 18
253 187
95 5
89 95
223 217
89 74
133 223
169 196
217 223
20 8
89 5
178 223
207 211
223 133
217 223
178 141
89 95
178 223
89 95
133 178
217 223
223 217
217 223
5 89
178 223
5 50
95 89
178 223
50 5
5 50
113 58
5 47
178 223
217 223
133 223
217 223
95 89
95 89
217 133
223 178
223 217
50 95
223 217
223 133
217 223
95 5
217 223
50 5
178 145
223 178
99 17
5 95
95 5
133 178
5 95
5 89
178 217
89 95
178 223
223 178
217 223
95 50
217 223
223 217
89 33
222 243
89 123
133 178
89 50
89 95
5 125
89 50
217 223
217 223
217 178
217 201
217 223
217 223
217 223
253 226
89 95
5 95
223 178
182 234
217 133
95 89
178 133
178 133
89 95
89 95
5 89
217 178
5 89
223 217
217 223
228 247
5 50
217 223
133 178
133 184
123 119
133 223
89 50
223 217
50 5
50 95
89 5
178 217
223 178
5 89
223 178
223 217
95 96
217 133
5 81
89 95
223 217
5 50
50 5
50 121
217 128
95 117
50 15
89 95
95 89
95 50
89 95
217 223
89 95
95 5
227 152
223 217
89 95
133 178
217 178
217 178
50 5
50 95
5 73
133 217
95 89
217 178
89 95
50 5
95 89
217 223
211 143
191 248
217 223
217 178
217 133
217 178
95 5
217 178
5 50
217 223
89 5
5 89
89 5
5 47
50 95
217 223
5 95
95 89
89 95
217 223
178 223
5 95
89 95
5 73
50 5
223 217
89 95
89 50
133 217
5 95
95 89
133 178
217 133
89 8
223 217
89 50
217 223
223 217
95 50
5 95
89 95
145 200
217 223
133 145
50 89
5 50
133 217
178 223
95 50
133 230
89 95
50 95
133 217
50 5
89 95
50 95
50 5
133 223
133 217
217 223
223 217
95 5
223 217
5 89
223 217
63 96
217 133
249 184
95 50
20 64
89 50
217 178
89 95
223 217
223 217
50 5
223 217
5 89
133 201
95 5
95 89
89 95
5 95
89 95
133 175
50 95
133 178
89 50
95 89
178 135
5 95
50 17
89 95
133 217
95 123
5 74
95 5
178 217
192 200
217 178
178 223
223 133
223 217
217 178
217 178
89 7
178 217
169 158
217 223
95 89
217 204
14 81
95 5
178 223
5 95
217 178
95 23
89 40
5 50
50 89
5 95
89 95
95 83
95 113
133 223
89 95
50 95
95 89
223 217
223 133
50 5
178 217
89 50
95 89
223 178
121 1
217 178
217 178
5 73
217 223
95 5
5 95
178 223
133 178
50 95
95 5
50 95
95 3
217 178
217 135
95 89
223 217
217 223
5 50
133 223
50 5
223 217
5 50
133 217
223 207
5 89
217 178
89 42
133 223
50 89
20 64
223 217
223 178
133 223
5 89
223 217
89 50
95 89
5 95
5 95
133 223
58 113
217 178
5 42
223 217
201 133
95 5
50 89
20 8
89 95
178 188
95 1
178 217
50 5
178 170
96 118
50 76
217 178
217 178
223 178
133 223
50 89
178 189
50 89
95 89
133 223
89 95
95 89
217 223
5 95
50 95
217 178
143 207
50 89
95 5
217 223
178 223
133 166
178 217
95 50
217 223
50 95
89 5
133 178
133 217
89 5
95 5
133 223
217 223
217 223
50 5
178 223
89 95
223 178
133 223
50 89
217 136
5 95
178 175
64 28
178 223
133 163
178 223
133 217
217 133
133 238
5 95
133 217
178 223
217 223
208 178
89 95
89 50
223 217
89 95
223 142
133 217
133 178
178 249
178 223
89 95
89 95
133 223
89 5
178 217
5 95
133 217
133 223
217 178
5 95
217 178
178 138
50 5
133 178
95 89
191 207
178 167
5 95
217 170
217 133
100 119
223 221
133 151
5 95
89 95
50 95
89 95
223 217
223 133
89 50
5 95
223 217
223 133
95 3
178 217
223 227
217 223
133 154
217 133
50 95
95 23
3 5
89 50
89 95
217 223
217 161
89 50
50 95
121 124
223 217
89 50
95 50
133 178
133 201
95 89
50 5
223 203
5 89
95 89
223 133
133 217
223 178
5 89
217 178
95 89
217 178
223 217
217 223
178 249
50 5
217 178
95 5
217 223
50 95
89 5
50 95
50 89
178 133
95 23
50 95
179 222
217 142
5 50
89 50
133 223
217 223
217 206
133 223
223 131
89 50
223 217
217 146
89 44
217 133
50 89
223 217
89 5
133 178
223 178
89 95
217 178
217 178
50 95
133 178
178 217
50 48
223 133
89 95
89 95
89 50
68 15
89 47
89 95
178 162
133 178
223 217
95 14
89 80
223 204
5 89
95 5
223 178
89 5
95 89
246 193
95 89
14 81
249 164
89 5
95 89
223 217
222 157
217 223
217 133
224 135
217 223
217 227
5 89
5 95
217 223
217 223
223 178
223 178
217 223
217 223
192 189
178 223
89 95
223 217
223 178
5 47
50 5
95 89
95 89
223 217
95 50
133 176
217 133
50 95
217 223
217 223
95 5
5 73
95 89
89 95
178 222
133 223
223 178
89 95
217 178
5 50
133 217
223 217
50 95
89 95
178 217
133 217
50 95
253 223
133 223
217 223
178 133
5 95
217 223
217 178
95 5
95 5
223 217
133 223
133 223
178 223
133 217
178 133
178 223
133 178
50 110
95 89
223 142
133 223
217 223
217 223
50 95
178 223
95 89
178 223
143 211
223 217
95 50
241 186
223 217
217 223
89 95
217 223
89 95
79 54
95 107
89 95
89 50
5 42
95 89
133 223
178 133
50 95
223 182
217 178
217 133
89 5
217 133
89 95
89 95
95 23
95 5
113 52
89 95
217 178
217 223
223 217
89 117
95 23
217 223
217 223
64 12
178 217
89 5
89 95
89 95
5 95
89 50
89 95
5 80
89 50
95 5
89 95
5 95
50 95
89 95
5 50
133 178
50 89
223 217
50 5
133 178
125 117
5 50
50 89
89 95
51 93
42 51
50 95
217 223
95 89
217 178
50 5
95 5
5 50
223 217
133 223
64 104
34 111
133 217
95 38
95 89
217 223
178 217
178 223
89 50
223 178
217 223
178 223
217 169
89 95
95 89
217 223
95 89
5 89
217 211
223 217
133 178
89 50
5 95
217 223
217 223
217 133
89 5
89 50
178 133
228 142
178 223
178 133
223 196
95 89
223 133
50 95
50 45
133 223
223 178
217 223
178 212
178 223
217 178
223 217
50 95
217 223
223 178
223 217
223 217
89 50
50 95
223 217
96 63
5 73
223 217
50 5
217 223
178 217
89 50
217 223
95 89
95 89
217 223
95 89
178 133
95 89
89 50
223 148
89 95
95 101
178 247
95 50
217 223
89 95
50 47
217 138
95 89
217 223
50 95
64 94
89 50
223 133
178 189
217 223
178 250
95 89
89 95
95 50
178 223
217 223
5 95
50 5
217 223
95 123
133 228
223 217
50 95
5 95
5 50
142 209
217 133
50 95
223 217
5 50
89 95
95 89
89 95
217 223
217 223
178 133
217 223
217 223
89 95
5 95
89 50
95 50
133 223
223 217
133 201
50 89
89 95
223 178
89 5
217 223
95 50
50 95
217 223
217 178
95 89
217 211
217 178
217 223
133 178
95 89
5 95
50 85
95 14
79 89
217 223
217 133
89 95
65 111
247 251
50 95
223 173
217 178
178 133
95 38
169 147
50 95
223 133
95 5
89 95
223 217
50 95
223 178
223 217
223 133
95 5
217 223
217 133
95 89
89 5
50 89
223 133
217 188
95 14
95 5
89 5
217 178
217 223
95 5
95 50
5 95
217 223
89 95
227 182
192 211
217 223
95 50
95 89
50 95
217 223
217 133
5 95
178 223
50 13
51 80
5 95
95 23
217 223
217 223
89 95
223 133
5 95
223 217
5 95
133 223
89 35
217 223
89 5
95 74
5 95
5 50
217 211
133 213
95 89
96 0
5 95
217 178
223 217
178 217
89 95
133 217
178 223
142 209
133 183
178 223
178 223
217 223
89 95
223 217
133 217
223 142
34 15
223 133
223 178
89 5
121 102
223 151
89 50
89 3
89 28
89 95
217 133
95 89
5 89
41 68
89 95
89 95
217 223
89 95
223 217
50 89
95 18
50 95
223 217
50 89
235 141
178 223
223 178
217 185
217 223
89 95
50 89
89 95
50 95
89 50
217 223
5 94
5 50
50 95
178 223
133 223
47 20
223 178
217 223
5 67
217 223
51 42
89 95
223 217
50 118
217 223
217 223
223 217
95 50
5 73
89 122
222 211
223 133
51 42
223 151
5 89
95 89
217 133
50 95
217 223
217 223
217 223
133 178
95 89
217 223
95 89
113 58
223 133
20 64
223 217
179 228
50 89
123 119
50 95
223 133
15 83
178 133
95 23
133 223
223 217
89 95
5 8
141 235
223 133
217 133
5 95
133 203
133 178
89 50
89 50
133 217
89 95
89 95
50 86
95 89
95 50
217 223
5 89
217 208
89 5
217 223
89 95
15 79
95 89
235 141
223 217
89 95
50 95
223 133
50 95
50 95
217 133
95 89
89 50
50 89
209 170
95 5
95 23
5 89
95 5
89 95
50 95
217 133
223 217
217 133
50 89
89 50
50 95
133 223
217 223
95 89
5 95
217 130
5 47
20 8
217 158
5 89
217 223
125 80
5 50
223 151
169 196
95 25
95 89
178 223
217 235
89 5
217 223
223 178
89 95
50 95
89 50
5 47
89 5
178 223
217 223
133 138
50 123
133 223
217 223
89 50
223 217
178 223
217 133
63 96
178 133
133 178
223 217
5 89
95 5
217 223
217 219
89 50
178 223
89 80
178 223
95 89
5 89
178 230
95 89
89 77
217 223
217 133
113 58
217 223
217 223
209 212
178 223
217 223
148 192
5 50
217 175
217 133
178 188
95 50
191 179
133 201
95 17
217 223
89 95
50 95
178 253
5 95
178 223
223 166
5 110
217 223
95 89
223 133
133 223
125 98
217 223
5 89
217 178
95 17
95 30
178 223
178 223
95 89
50 89
89 5
217 178
89 95
133 217
217 133
223 217
217 128
217 133
217 223
5 89
223 178
217 133
50 76
223 178
223 217
95 5
89 48
133 223
217 133
178 223
95 89
217 178
133 178
5 47
178 217
89 95
235 141
201 133
223 133
50 89
89 95
169 196
5 95
5 95
133 217
89 95
223 217
95 5
217 223
5 89
178 223
133 255
196 142
191 248
89 5
223 207
89 95
5 89
95 50
178 133
223 133
151 223
89 95
217 223
178 223
223 133
217 223
178 148
178 211
217 255
50 5
223 217
89 50
217 223
178 133
217 133
42 51
217 223
217 223
5 95
178 223
217 223
223 129
178 223
121 83
89 95
95 5
89 50
89 95
50 95
223 178
89 50
217 223
133 223
217 178
5 95
150 145
217 223
95 74
217 223
217 223
223 178
95 14
178 223
89 95
50 24
178 133
217 178
217 178
5 89
50 73
178 217
217 223
223 217
89 5
217 223
89 95
5 89
178 133
249 213
50 95
223 217
217 223
89 95
133 217
95 89
89 50
89 5
191 248
5 50
89 95
50 40
95 89
95 50
95 89
217 223
95 50
223 217
223 217
95 89
41 15
217 239
50 95
178 223
223 217
89 95
217 133
89 95
50 95
223 178
178 223
217 133
223 217
95 89
223 178
50 89
5 50
133 201
5 50
217 223
178 223
217 223
223 217
223 133
5 98
5 95
133 228
217 223
217 223
217 223
223 217
89 50
178 216
178 223
95 89
133 217
223 178
178 217
223 217
89 32
223 217
223 217
5 95
133 223
89 50
133 237
89 85
95 50
133 178
133 223
217 178
217 178
217 223
178 203
95 5
217 223
89 95
133 217
95 89
5 50
217 223
223 178
178 223
95 89
182 242
223 217
95 89
178 223
133 175
50 89
223 178
217 178
223 178
89 5
217 223
89 95
50 89
89 5
95 89
217 223
223 217
95 89
133 129
223 133
95 89
223 217
89 5
217 178
50 89
133 223
223 217
50 95
217 133
178 217
217 223
64 83
5 47
95 89
89 95
89 29
89 5
5 89
178 217
133 217
178 223
107 13
178 223
95 89
217 223
5 95
217 133
217 133
95 50
223 217
178 217
50 95
95 89
217 223
133 223
89 5
217 223
129 217
5 95
17 52
121 7
95 14
223 182
118 13
133 223
95 89
217 223
5 89
95 50
133 217
95 89
5 89
5 14
217 223
95 89
223 178
50 95
89 77
95 50
198 133
175 133
89 95
89 95
5 47
178 223
50 95
89 95
89 95
223 217
89 95
133 162
50 89
89 95
133 223
217 151
133 223
89 95
89 50
223 133
217 223
133 178
50 95
133 223
50 89
89 95
95 5
95 89
217 223
217 223
89 5
89 95
50 95
133 217
217 178
5 89
5 95
217 223
95 89
217 223
223 217
95 5
95 89
50 95
217 223
89 50
223 217
217 223
217 133
133 170
50 95
95 50
217 223
99 73
223 217
133 151
223 217
223 217
178 223
133 223
178 223
89 95
178 223
5 95
217 223
5 102
89 95
178 133
89 95
50 5
5 50
89 95
89 50
178 223
95 50
217 223
50 5
95 89
89 95
89 95
178 133
178 211
217 223
89 95
222 255
223 217
89 50
217 223
89 95
217 182
95 14
223 142
253 166
217 223
235 179
223 133
89 95
217 178
89 50
50 95
223 140
223 217
223 178
95 26
95 5
223 217
50 116
223 217
217 223
217 223
89 16
223 151
95 5
217 178
133 162
133 217
227 203
89 5
89 50
217 223
249 158
178 133
133 223
178 243
95 5
223 133
89 95
95 5
133 217
217 178
5 89
95 5
89 52
50 89
50 95
89 95
178 223
95 89
133 201
223 217
223 154
217 223
5 73
125 70
223 217
89 50
223 217
191 248
217 223
217 178
89 50
89 5
89 95
95 89
169 235
217 223
178 223
95 50
217 223
223 211
95 23
217 223
89 50
95 38
223 217
89 95
95 5
50 95
217 223
178 250
95 50
224 188
50 115
50 95
217 178
89 95
95 23
95 89
89 5
223 217
64 54
50 95
89 95
50 95
89 29
223 217
133 223
217 223
217 223
178 217
217 223
5 95
223 217
223 217
95 5
89 50
95 71
217 223
223 217
95 5
95 50
160 202
95 50
223 217
133 217
5 73
217 133
5 92
80 5
178 223
223 133
133 209
223 217
89 95
223 142
178 223
133 223
5 95
193 227
217 223
217 178
50 89
63 120
5 95
223 178
95 50
217 223
5 95
5 89
223 217
133 130
178 211
217 178
133 217
14 81
217 223
95 89
89 95
50 89
50 17
217 223
89 5
125 92
217 223
223 217
89 50
217 223
5 41
89 95
5 89
178 223
95 89
133 178
50 19
133 223
178 223
95 50
133 223
65 52
133 217
5 89
133 217
89 50
89 95
5 122
95 5
217 133
178 223
5 95
217 223
223 217
217 223
89 50
95 89
178 133
178 217
178 133
89 95
95 50
89 95
1 5
89 50
145 242
95 89
217 133
50 95
178 211
217 133
95 89
89 95
89 95
223 133
95 89
178 133
223 217
133 238
133 223
207 211
217 223
223 133
89 95
217 223
95 89
95 50
217 223
89 50
223 217
95 5
133 178
95 66
178 223
95 89
95 50
178 223
95 5
248 244
50 95
217 223
178 220
133 223
95 99
50 95
217 178
217 223
223 217
223 217
217 178
223 217
178 217
50 95
178 223
133 223
208 178
133 223
133 217
95 89
89 5
95 89
253 229
133 223
50 5
5 95
5 73
223 145
223 237
89 95
95 89
217 178
133 223
217 178
217 223
113 74
5 95
217 223
217 223
5 89
50 23
223 174
143 211
133 223
50 95
217 223
223 217
217 223
223 173
133 223
5 89
95 50
178 223
217 223
217 223
89 95
133 178
133 178
223 133
5 98
20 8
89 50
223 133
133 176
95 122
95 89
95 23
146 223
223 185
95 89
50 5
89 95
223 178
89 95
95 89
95 5
5 95
133 223
223 142
217 223
217 223
95 89
5 89
178 223
89 5
223 217
89 53
223 178
217 223
133 178
133 175
89 95
95 5
5 73
5 95
5 95
5 89
95 89
5 50
178 217
95 50
89 5
223 217
217 223
95 50
95 89
89 95
89 5
217 223
95 5
217 223
182 235
5 95
223 217
89 95
89 17
178 223
223 151
89 95
95 50
5 95
217 223
178 133
95 5
5 47
192 193
50 89
89 95
50 95
95 93
5 49
133 178
5 116
95 89
223 217
95 14
217 223
89 93
217 223
50 89
223 217
50 95
5 95
217 223
217 133
5 112
143 162
223 217
95 5
50 98
5 95
50 95
95 50
178 133
223 217
217 223
223 128
217 223
133 223
89 95
5 89
133 223
89 95
133 178
253 166
178 223
169 198
217 223
178 133
89 95
133 217
95 89
95 5
133 223
50 95
217 178
95 50
178 223
50 95
223 217
13 107
217 223
133 217
5 89
217 223
64 32
217 169
223 178
178 133
223 217
89 50
95 31
89 95
50 89
223 217
133 210
5 50
133 178
20 64
178 223
217 223
178 217
89 50
5 95
64 8
5 95
223 178
5 89
223 142
178 217
5 63
95 5
223 217
95 50
217 133
89 95
217 133
133 223
89 50
95 5
89 95
133 178
209 170
5 95
95 89
223 217
223 178
217 178
133 223
217 223
223 217
50 95
89 95
178 223
89 25
217 223
89 50
217 133
89 47
50 89
133 223
178 217
5 95
89 95
42 51
50 95
89 5
249 148
217 223
89 95
223 133
95 89
89 95
50 93
89 50
133 178
217 223
223 217
50 95
217 223
89 95
178 202
227 202
217 178
217 223
217 178
89 5
133 249
148 136
178 217
223 133
223 178
89 5
89 50
223 178
95 50
223 178
223 217
89 5
217 223
217 223
50 5
89 5
217 223
50 95
133 178
5 95
95 5
217 178
95 50
50 89
5 50
5 95
217 178
217 223
50 95
223 178
217 223
133 217
89 50
133 201
223 217
178 223
89 95
89 114
50 95
50 93
133 217
95 5
50 5
95 89
178 217
5 95
5 95
223 133
5 6
223 237
95 89
178 177
89 95
50 5
223 217
223 133
251 223
50 48
95 5
223 217
178 223
89 5
178 145
223 133
217 178
50 95
50 95
223 178
5 95
89 95
133 142
223 217
89 95
50 95
223 217
217 223
178 217
179 154
95 89
223 142
89 95
217 223
95 5
217 223
50 95
50 95
178 223
217 223
50 95
223 178
178 217
223 217
223 217
133 217
89 95
223 178
223 251
95 89
5 95
89 122
133 175
217 223
95 89
223 151
246 170
5 50
217 223
133 217
133 178
95 89
95 50
217 133
95 89
133 223
223 133
217 223
178 217
223 217
5 89
223 178
50 89
89 95
178 223
5 89
95 50
223 217
95 101
179 208
133 178
133 214
50 95
178 223
89 95
133 223
95 89
68 15
5 94
89 95
217 250
89 5
5 95
217 223
217 178
50 92
179 208
95 38
5 47
95 50
95 89
95 89
95 73
89 5
89 95
95 50
178 223
178 217
89 95
133 223
89 5
50 70
89 50
133 223
203 217
95 5
223 178
95 89
5 95
5 73
217 223
89 95
89 95
178 223
5 95
178 223
178 223
133 223
89 95
223 217
217 223
5 89
5 95
5 89
178 133
217 223
5 95
178 217
133 246
223 217
217 223
95 89
34 15
50 95
89 50
178 223
217 223
223 178
217 223
89 95
223 178
133 217
89 95
89 95
133 223
133 223
5 95
89 50
89 95
133 223
95 14
95 14
95 89
95 50
89 95
133 217
133 223
178 223
223 217
217 223
50 95
217 223
223 142
89 5
178 159
217 223
217 178
223 178
133 223
95 89
5 95
50 95
143 162
5 50
223 221
95 89
133 217
5 73
79 54
95 89
95 89
175 133
133 178
223 217
95 89
89 95
178 223
217 223
89 50
50 95
217 178
133 223
5 89
145 208
89 95
133 223
95 89
89 5
89 5
95 50
223 133
223 217
95 50
95 89
223 142
89 5
133 223
169 151
217 178
133 217
178 223
178 211
148 249
5 89
217 223
133 223
178 223
5 95
217 223
95 89
95 89
178 223
133 178
133 223
81 42
89 50
50 95
217 148
89 95
95 89
223 217
95 89
133 175
217 151
217 223
89 95
217 223
223 133
120 63
133 178
89 95
50 5
5 50
133 223
89 5
217 223
178 145
136 193
192 145
223 217
217 223
5 73
95 5
50 5
217 223
223 151
217 223
89 95
89 5
217 223
89 5
121 106
178 223
5 82
217 178
95 89
217 214
178 133
223 178
95 89
223 217
217 223
228 179
89 95
5 89
95 50
5 95
223 178
89 56
50 95
95 89
50 5
95 23
95 82
143 207
89 95
89 95
95 5
5 95
50 95
133 223
50 89
89 50
89 50
5 89
95 50
217 223
223 178
217 178
89 95
133 223
217 223
178 223
223 178
5 24
178 171
223 145
95 125
89 95
133 217
95 89
89 50
5 95
15 34
5 89
89 50
223 133
5 95
217 133
64 83
249 246
133 217
133 141
95 89
223 133
5 95
217 223
133 217
95 89
5 50
133 217
217 133
5 95
89 94
223 133
95 5
5 89
217 178
5 106
89 95
133 223
95 89
89 95
217 178
169 196
133 178
217 223
5 89
217 223
5 95
178 223
133 223
133 175
95 50
5 95
133 223
5 89
133 217
89 95
89 5
50 95
217 133
217 223
5 107
217 133
133 178
95 99
5 89
64 8
95 89
50 95
178 223
178 223
178 223
178 217
217 178
5 95
133 217
223 217
5 50
89 50
89 95
89 50
178 223
95 5
89 95
217 223
89 95
89 5
50 95
95 89
89 50
5 17
133 217
217 223
50 95
217 133
223 217
217 223
223 217
179 216
95 89
178 223
95 50
89 95
89 50
217 178
223 217
217 223
5 95
89 50
178 143
50 95
178 217
217 178
133 205
50 31
217 133
83 111
223 217
100 119
223 178
223 133
217 178
50 95
5 73
223 133
178 133
217 178
217 178
223 217
95 50
133 217
178 217
89 95
133 178
178 133
217 223
223 217
223 178
133 217
223 154
223 133
223 142
89 95
89 5
217 142
89 42
223 178
5 95
178 217
211 234
178 133
5 95
5 8
5 47
217 223
179 191
223 142
223 178
217 223
89 50
133 217
223 217
203 217
133 223
95 81
50 95
95 89
133 175
50 95
5 89
223 133
89 5
191 248
5 89
89 5
217 223
217 178
89 5
133 223
217 178
89 95
89 95
89 95
50 5
178 223
249 160
50 95
125 98
217 133
178 217
160 202
5 95
191 248
133 223
5 89
133 223
133 178
217 223
95 50
50 95
50 95
89 5
223 133
89 95
133 223
223 178
223 178
217 223
223 217
95 89
138 223
5 50
95 14
223 217
89 50
133 178
217 133
95 50
50 95
133 217
89 6
95 89
178 223
217 178
89 95
125 81
178 217
89 95
178 223
178 133
95 5
50 95
223 133
217 223
125 98
217 223
89 50
223 217
217 223
5 50
133 223
223 133
89 95
228 247
217 223
217 223
95 89
223 217
5 89
217 178
178 223
217 178
89 95
133 178
89 50
50 95
217 223
50 95
223 178
89 95
223 217
89 50
217 223
143 211
217 223
133 175
95 34
223 178
217 136
89 95
95 89
89 5
223 133
133 178
133 217
89 5
125 57
247 223
20 64
95 89
178 223
5 101
133 187
89 50
125 25
89 102
178 217
50 95
89 95
5 95
89 95
89 50
223 151
133 201
89 95
3 94
95 50
217 223
133 223
95 89
95 65
223 138
133 223
178 223
223 178
89 95
89 95
133 178
223 217
217 223
133 178
217 133
89 109
95 5
95 5
223 178
133 223
133 223
5 50
217 133
223 178
133 223
133 178
223 178
50 95
178 174
133 217
89 95
67 89
89 95
50 89
133 178
217 178
217 223
5 109
95 89
217 223
54 83
178 208
50 125
5 89
223 178
15 34
50 22
223 217
113 58
89 95
217 178
217 133
217 178
95 50
217 178
133 217
217 133
133 217
89 123
95 50
51 104
50 48
95 5
133 217
95 89
223 133
223 217
89 109
5 95
178 217
95 14
50 89
89 95
95 50
223 133
89 5
223 217
193 148
223 182
223 217
178 133
95 89
89 50
223 178
178 223
95 5
217 223
178 133
5 89
223 178
223 211
5 89
50 89
133 217
133 223
79 54
133 217
89 95
223 217
89 5
89 95
223 142
50 95
89 5
217 178
223 217
95 50
50 65
223 217
133 223
133 223
95 5
89 95
15 83
89 95
178 223
89 50
64 116
217 133
5 95
217 178
95 89
223 217
223 217
50 95
89 95
217 128
5 13
133 223
89 95
223 217
5 95
178 211
217 133
98 47
217 223
223 217
95 89
89 95
217 223
223 217
5 95
5 89
133 178
217 223
5 95
133 217
133 175
178 223
89 95
89 50
178 217
133 178
217 204
217 223
5 89
89 50
95 89
133 217
217 223
89 95
133 223
223 217
95 89
223 133
148 192
89 95
217 178
178 217
95 71
125 17
95 50
217 133
133 217
217 223
95 83
95 5
223 178
223 178
89 95
217 133
223 133
51 119
89 5
89 50
95 23
178 212
63 120
51 56
217 178
50 95
223 217
89 95
217 238
65 33
223 133
5 89
217 223
223 133
223 217
223 213
178 239
217 223
89 50
5 95
50 95
89 95
223 178
223 217
5 95
217 133
223 217
178 223
217 144
89 95
209 170
89 5
133 178
133 223
5 50
223 133
95 89
89 95
223 217
5 95
133 178
133 223
95 50
133 223
182 178
89 95
95 50
217 223
32 74
178 223
217 223
5 92
217 223
133 217
95 89
133 223
217 178
95 89
5 89
89 95
5 104
217 178
50 83
217 223
223 217
89 95
5 50
133 223
223 217
178 142
89 8
50 85
89 95
133 223
89 95
223 217
95 50
133 223
95 17
223 217
95 5
95 50
89 95
95 5
217 223
95 14
133 223
178 223
217 203
50 95
5 50
223 182
223 217
89 95
95 50
133 201
95 50
50 95
50 95
5 95
5 89
50 95
178 133
95 50
217 223
5 95
223 217
89 5
95 79
50 95
50 95
182 142
178 223
95 5
95 89
133 181
217 178
89 95
217 178
89 95
89 95
50 8
50 95
223 217
217 178
133 217
133 178
8 64
5 89
223 221
20 64
89 50
5 95
89 95
217 223
217 223
89 50
191 248
217 223
217 178
5 95
64 83
133 223
217 223
95 89
95 89
223 133
217 223
89 95
5 50
89 50
223 178
208 178
217 223
143 207
5 95
95 89
41 51
5 89
133 207
95 50
5 89
224 243
217 223
95 89
89 95
217 223
178 133
89 95
5 73
89 5
5 95
5 95
95 89
217 223
217 133
89 95
89 95
89 95
217 178
217 178
89 5
64 94
133 223
223 217
223 142
5 45
178 133
133 178
50 95
89 95
223 217
63 120
89 5
217 223
133 146
178 223
217 133
217 223
133 223
5 50
96 74
95 5
57 89
217 223
89 5
95 89
178 223
50 95
95 5
5 73
95 50
217 223
246 141
217 223
5 83
95 50
50 95
89 95
89 95
133 178
133 223
133 223
95 89
178 217
217 133
89 95
95 50
133 223
95 14
133 217
89 95
5 95
95 89
217 223
50 5
217 223
63 120
217 223
50 70
178 223
50 95
217 133
50 5
95 14
95 23
217 173
223 217
89 95
217 223
5 95
169 189
89 5
133 201
95 50
50 89
89 95
133 178
178 223
223 133
217 133
178 223
208 178
89 95
5 118
89 113
89 5
5 95
98 51
133 178
95 89
50 95
5 50
217 223
95 89
223 178
5 95
217 223
95 50
89 95
5 95
223 217
223 178
5 95
133 179
50 123
133 217
133 217
89 50
178 223
217 223
217 223
133 217
50 89
95 5
89 95
5 50
121 6
178 223
133 178
50 5
142 133
160 202
50 95
217 223
217 223
217 237
178 244
192 207
89 83
217 178
148 192
133 217
178 223
95 5
133 223
89 5
223 217
50 95
178 158
5 89
95 5
50 95
95 73
133 217
50 89
50 95
5 50
95 116
178 133
5 95
95 5
95 50
223 217
133 217
89 95
217 133
5 116
5 17
217 178
223 217
89 95
223 217
89 95
217 133
217 223
95 89
17 125
95 89
217 178
217 178
217 206
125 5
25 106
95 5
142 209
217 223
223 178
95 64
223 217
5 20
95 89
143 207
217 223
89 5
133 223
178 223
5 50
217 245
133 146
178 223
148 192
217 223
178 191
5 95
58 113
196 169
217 223
217 223
107 13
133 217
89 95
5 39
5 95
133 223
217 223
89 5
95 89
223 217
217 223
50 95
89 50
89 95
133 223
89 5
89 5
50 95
5 95
50 5
50 111
89 95
178 133
217 133
95 5
178 223
217 223
5 95
136 192
50 89
133 153
89 95
95 5
217 223
217 223
217 223
95 23
217 223
89 57
47 95
95 89
184 133
227 238
50 5
223 133
217 133
223 217
223 151
95 89
133 217
178 189
89 78
133 217
89 5
247 136
50 95
89 95
95 89
50 89
95 89
89 95
178 223
217 223
223 217
217 223
95 50
217 223
217 223
5 89
178 217
217 223
95 5
5 95
89 107
13 107
95 89
133 223
217 133
50 95
133 201
178 223
95 89
5 95
223 178
223 142
133 217
89 67
178 223
178 217
217 133
223 217
5 84
94 83
178 223
143 207
89 95
89 19
217 133
223 217
217 133
5 95
95 89
95 89
95 23
223 145
223 217
50 63
89 95
133 201
5 118
133 217
89 95
95 50
178 217
5 95
223 217
178 182
182 209
178 223
223 133
5 50
133 178
5 50
5 50
50 93
217 223
50 95
223 217
5 50
217 223
5 89
89 95
217 223
178 133
133 201
178 223
50 89
95 14
5 89
223 217
89 50
217 133
89 95
217 223
5 50
99 45
89 95
223 217
5 110
133 223
217 178
95 89
133 220
95 89
217 178
217 223
50 95
50 95
63 120
95 5
133 223
89 75
178 173
223 217
23 95
133 217
223 133
223 217
50 22
5 89
217 223
89 50
217 223
133 178
223 217
217 223
5 95
226 211
223 217
89 5
223 227
5 73
89 95
89 5
133 223
95 50
251 253
89 95
95 89
217 178
178 133
89 50
89 68
133 175
223 133
133 157
95 23
50 89
95 50
217 178
89 95
50 5
89 95
5 89
89 5
178 133
89 95
50 127
95 31
217 178
223 217
223 217
95 14
217 133
95 5
217 223
89 95
50 89
217 223
5 95
89 95
89 95
50 95
217 178
50 95
89 50
50 99
89 5
178 133
89 95
89 95
50 89
89 95
217 210
50 89
5 50
217 223
178 223
133 223
89 50
95 89
223 178
217 223
95 50
217 223
223 178
89 50
5 89
217 199
217 133
50 5
75 89
217 223
178 148
178 223
5 95
89 50
217 223
89 95
96 5
223 178
95 89
217 223
95 5
178 180
95 5
217 133
178 221
89 95
95 50
148 136
217 133
95 89
223 217
95 5
217 133
217 223
95 89
133 217
223 217
217 223
178 223
217 133
95 89
217 223
50 26
95 5
223 178
178 217
217 133
133 178
217 223
179 191
89 5
64 91
5 95
178 223
89 95
133 223
223 217
50 95
133 223
89 95
89 5
95 50
95 117
217 133
5 89
95 5
217 170
89 79
133 201
89 28
133 217
178 223
89 50
223 229
95 89
217 223
5 95
223 217
217 133
89 95
95 89
217 178
217 133
133 178
95 50
89 95
133 219
89 95
51 100
223 142
223 217
217 223
178 214
50 95
133 223
89 5
14 81
217 133
5 95
89 5
89 95
14 81
178 217
79 121
50 5
89 5
133 199
50 95
133 217
5 95
5 107
178 223
95 89
178 217
178 246
5 83
217 133
223 217
133 223
5 95
50 122
133 178
133 178
133 217
50 95
89 95
89 95
217 223
95 14
133 217
121 58
217 223
133 178
95 89
50 95
95 50
64 94
133 223
89 5
217 223
5 13
223 133
178 223
133 223
217 223
5 89
217 133
217 160
50 95
20 8
133 175
223 178
54 50
223 217
223 133
51 12
89 95
178 223
95 5
95 89
217 223
89 95
186 241
133 223
178 133
89 95
5 95
217 178
5 89
95 89
5 50
86 50
65 74
217 223
50 95
223 217
50 5
217 223
5 50
89 95
223 178
95 89
217 133
95 89
217 223
5 95
50 89
89 95
223 217
217 178
89 95
89 50
217 178
178 223
125 88
89 95
50 95
217 133
95 89
133 201
50 93
217 223
223 133
178 223
169 143
50 95
89 95
95 14
217 133
5 89
223 178
223 178
5 50
223 217
217 223
223 151
89 5
178 223
223 217
217 223
217 223
89 95
178 223
14 95
209 170
95 89
217 133
5 47
178 223
178 223
223 217
223 178
223 217
223 217
95 5
133 178
89 95
217 133
95 23
95 50
5 89
5 50
217 223
217 223
178 133
217 178
5 41
178 196
223 178
217 178
50 99
133 223
133 223
89 77
50 95
89 95
89 5
223 217
217 178
95 50
89 95
118 13
5 95
89 95
178 133
89 95
178 223
95 14
89 50
217 223
5 89
217 178
113 58
50 95
95 5
133 245
89 50
223 217
142 223
217 223
89 95
89 50
223 178
217 223
94 30
95 5
178 223
133 217
50 95
217 223
89 95
89 50
95 89
95 5
95 10
178 223
217 223
223 217
89 95
89 95
178 223
89 50
89 85
50 95
89 5
223 217
89 5
178 223
217 223
89 95
89 95
178 167
217 178
89 95
65 83
133 223
89 95
5 50
5 95
89 95
223 217
217 223
50 116
5 73
217 223
89 50
178 223
89 95
89 95
5 73
89 95
145 141
217 223
217 223
217 178
217 223
217 223
223 178
89 92
133 217
95 5
178 223
79 83
5 89
217 128
5 73
95 50
217 223
217 178
223 217
20 64
95 89
178 223
217 178
178 217
89 95
133 217
223 178
50 30
217 240
178 217
217 178
217 223
50 5
227 136
5 95
50 5
5 89
5 95
133 217
5 117
95 89
95 89
89 95
89 95
95 5
89 111
228 142
95 50
89 95
133 217
5 50
89 50
223 217
178 223
217 223
89 95
133 223
89 50
15 79
50 95
178 129
95 5
217 223
95 89
217 243
223 178
217 223
223 178
178 223
223 217
249 214
50 118
95 122
178 222
89 95
50 17
50 89
89 50
50 5
224 174
223 133
5 89
50 89
89 95
223 133
178 217
223 217
89 95
178 168
89 50
223 217
89 95
5 13
133 223
95 110
89 95
50 89
178 223
50 95
89 95
133 223
5 95
95 89
217 178
133 217
223 133
217 178
223 178
89 5
178 223
217 178
169 180
95 89
235 141
89 95
89 95
95 89
223 142
217 223
5 89
95 89
50 110
223 217
223 178
89 23
217 178
89 50
223 217
5 89
223 217
217 178
217 133
50 95
89 95
217 178
95 50
133 223
5 89
133 223
95 89
143 207
223 217
217 223
178 217
178 223
133 178
217 223
89 95
95 50
95 89
95 2
95 23
133 223
223 142
223 133
89 95
95 23
217 133
5 95
217 223
223 217
133 178
119 20
217 223
217 223
217 178
178 217
223 217
5 47
223 217
89 95
217 223
5 50
89 122
89 50
217 230
50 95
178 223
125 95
105 50
217 133
50 95
217 223
89 95
217 133
217 223
89 95
217 223
133 223
223 145
50 78
217 178
223 217
178 193
133 175
217 223
178 223
223 178
223 217
95 89
133 223
217 178
133 178
217 223
89 47
89 95
217 178
223 133
178 223
217 223
89 95
191 167
89 95
133 207
95 5
89 95
133 178
89 95
223 224
223 217
95 50
178 223
217 223
94 41
89 95
5 95
133 223
217 178
17 43
89 5
89 95
133 201
178 223
217 223
89 95
217 178
143 162
5 89
223 217
95 56
217 223
5 89
217 223
89 95
223 217
217 178
217 223
133 154
14 81
223 217
50 95
223 151
95 5
89 5
223 142
5 50
178 223
133 223
133 217
133 217
178 223
217 223
89 82
89 95
89 95
50 95
89 95
217 133
178 217
89 30
95 89
89 95
224 196
178 145
217 178
50 95
5 47
54 95
178 223
217 223
223 133
50 89
133 201
217 133
5 95
133 223
178 133
89 50
89 84
5 95
223 178
133 223
227 167
95 89
89 95
89 5
222 130
5 89
95 5
217 223
89 5
217 133
217 223
133 223
178 133
178 145
89 95
133 217
217 178
89 95
223 178
223 133
217 191
51 42
50 95
178 204
95 50
89 50
217 133
223 217
223 178
223 178
89 95
5 89
5 95
5 73
217 223
192 240
178 166
94 121
89 63
50 107
95 89
217 223
50 95
133 243
95 89
133 223
253 220
133 246
50 89
95 89
89 95
133 223
89 50
133 178
170 207
178 199
89 50
217 178
5 95
217 223
133 217
217 133
178 217
133 206
217 133
133 223
133 175
223 217
133 223
89 32
95 89
89 95
95 5
95 5
178 223
223 142
5 89
178 223
217 223
133 223
5 89
5 95
5 95
178 217
178 181
89 95
5 95
217 223
95 89
95 89
217 223
217 178
241 186
133 201
89 95
89 50
217 178
95 50
223 178
5 95
50 95
223 217
95 89
50 95
5 95
178 223
89 50
223 133
223 178
217 223
133 178
50 39
178 133
89 95
89 5
223 217
133 223
89 95
178 223
89 95
50 115
50 63
223 217
56 5
5 42
223 178
95 89
50 31
217 223
217 133
89 50
178 223
227 210
50 1
95 5
179 170
50 95
5 70
133 223
133 178
223 212
217 133
95 50
50 95
95 89
217 223
100 119
20 8
89 50
5 50
133 223
89 95
217 178
178 223
133 178
5 50
223 178
50 95
83 79
227 220
217 178
133 240
95 89
223 178
95 89
50 95
178 223
133 223
95 89
50 95
5 116
50 95
217 178
95 89
223 217
5 95
89 50
133 223
133 217
133 178
89 50
95 23
34 83
133 217
223 199
89 95
133 202
133 223
5 95
5 73
217 223
133 178
217 223
89 95
5 89
133 223
89 50
89 50
148 192
95 89
178 223
89 95
212 217
223 133
217 178
223 217
223 142
178 223
5 50
89 95
223 133
95 5
223 178
182 251
89 95
95 89
223 133
133 223
133 217
223 178
89 56
5 50
89 95
178 223
5 83
89 95
89 95
223 217
5 95
5 95
89 5
89 95
89 95
89 50
25 106
95 89
223 217
223 217
5 73
202 228
50 95
95 50
89 95
89 95
95 50
178 223
5 50
160 204
223 217
178 217
95 89
89 5
5 95
217 223
95 89
95 89
202 228
133 217
223 182
95 89
178 223
89 95
133 217
5 50
223 178
217 223
248 170
5 73
89 5
89 95
169 188
133 217
5 50
223 217
50 95
178 217
223 217
178 223
217 223
217 223
50 95
50 5
217 133
89 50
223 142
217 133
217 133
5 50
217 223
217 223
223 151
217 223
223 133
50 95
223 211
162 142
5 95
89 50
5 50
119 8
95 89
222 208
178 191
89 95
223 178
50 95
217 223
14 81
95 89
95 5
223 217
133 223
217 128
223 178
133 178
74 100
223 178
5 95
95 50
95 50
89 95
95 50
5 89
223 178
178 217
89 127
145 243
223 133
133 223
223 217
223 253
217 223
95 89
50 95
95 50
95 5
133 223
95 5
89 5
89 68
217 223
89 95
178 223
95 14
217 223
217 223
95 50
50 20
89 50
95 89
217 223
50 95
89 95
217 133
217 223
178 223
5 73
223 133
178 223
96 95
223 217
249 142
223 133
50 95
133 217
178 133
50 95
217 230
133 223
178 223
217 223
50 95
95 5
178 223
217 223
217 133
95 89
178 223
89 95
95 89
95 89
178 217
133 217
95 50
178 223
179 208
89 95
50 95
50 95
133 223
50 5
89 5
50 89
133 178
217 223
5 95
5 95
133 217
178 223
68 41
178 223
217 223
133 223
223 133
178 217
178 133
217 223
50 95
217 223
217 178
89 95
223 217
223 142
217 133
89 95
145 178
223 151
253 159
223 217
178 223
50 95
217 178
95 14
94 46
223 133
217 133
89 50
217 133
89 50
223 133
178 223
95 89
217 223
64 104
133 223
89 79
217 223
217 223
217 223
95 89
133 217
178 223
89 95
182 135
95 50
95 23
89 95
50 95
89 50
133 178
95 89
89 95
223 217
50 95
217 223
217 223
217 133
133 217
178 223
223 217
178 223
81 13
217 223
223 178
95 89
133 223
95 50
89 50
223 217
223 178
5 73
50 95
223 178
5 95
89 95
143 162
5 50
133 217
217 154
133 182
5 65
95 89
95 50
223 178
95 50
95 89
217 151
95 78
95 89
223 211
178 133
89 95
223 217
50 89
217 223
89 50
89 57
89 5
211 223
178 133
50 89
89 95
89 95
217 251
178 217
223 217
217 223
178 223
95 89
5 50
217 133
178 223
133 223
217 133
5 84
223 184
89 95
89 107
5 50
95 89
217 178
95 14
95 5
223 230
223 133
5 50
178 133
133 223
217 133
5 73
178 217
89 95
229 193
133 178
89 95
223 255
178 223
217 223
95 50
89 95
223 217
223 178
133 220
223 217
65 83
223 133
95 89
64 15
89 50
89 95
133 201
118 65
95 89
217 223
223 217
89 1
5 89
133 178
178 217
89 95
32 74
95 89
217 223
217 178
89 95
95 5
89 95
217 133
89 5
223 217
217 223
217 133
217 223
50 113
223 142
95 89
217 223
217 178
99 104
178 222
5 89
217 178
223 217
217 223
95 89
89 95
100 14
5 89
5 89
50 95
178 217
95 89
95 89
5 42
223 133
217 211
95 5
133 130
217 223
178 133
83 111
241 186
95 89
95 50
5 89
54 32
89 5
133 217
95 5
89 95
133 217
100 119
223 217
223 217
223 217
223 217
5 95
95 23
95 50
89 95
133 223
50 95
178 223
89 83
50 89
15 34
228 247
178 217
95 5
95 50
178 133
50 110
95 5
217 223
223 217
223 151
119 123
223 151
89 95
178 217
95 89
217 178
89 95
169 143
133 223
50 95
89 5
217 223
179 249
95 50
133 223
217 223
50 95
223 133
217 223
50 89
217 223
89 95
50 5
223 142
133 217
95 50
223 217
133 246
95 89
68 15
223 187
178 223
89 95
5 50
217 223
89 50
178 133
217 223
50 5
89 95
95 5
133 223
89 29
223 217
89 0
89 41
217 223
249 196
89 95
223 131
5 47
178 202
223 133
50 95
133 223
5 89
217 178
178 223
217 223
217 238
133 223
5 95
50 65
95 5
223 211
133 217
50 95
89 5
95 89
95 89
217 178
223 217
5 95
133 223
89 5
217 223
223 133
192 245
94 125
178 223
133 223
133 217
89 5
217 152
50 95
223 133
217 223
95 89
95 21
223 142
133 223
178 223
217 223
50 5
217 160
178 223
133 178
133 175
5 89
133 223
217 223
89 5
95 89
133 201
223 133
223 217
50 117
223 217
217 178
178 133
178 133
50 5
50 95
5 50
89 95
223 128
223 178
133 178
5 89
89 50
133 217
95 50
217 223
223 178
50 95
133 217
241 186
170 179
89 78
50 77
217 178
223 178
217 133
217 133
178 133
50 5
50 5
217 225
133 178
223 131
217 223
133 223
121 56
89 95
217 223
217 223
133 223
95 89
89 95
95 71
217 223
5 89
5 47
133 201
217 178
89 10
95 89
217 223
178 133
223 217
217 182
89 95
223 178
246 193
95 5
95 89
59 70
178 223
178 223
89 95
95 50
95 89
217 223
133 217
133 223
133 217
95 89
125 5
89 95
50 89
89 50
217 223
95 89
223 217
224 133
182 178
133 223
223 217
42 121
217 178
217 178
249 181
133 178
50 5
133 175
178 223
178 133
217 223
95 17
223 170
17 89
95 5
95 50
192 186
182 150
223 217
133 223
217 223
133 204
50 95
223 178
50 95
178 223
178 217
95 89
133 223
5 89
223 178
95 59
133 175
178 133
89 95
95 89
217 223
121 120
95 89
133 223
95 23
217 223
217 223
223 133
178 158
178 133
89 50
50 84
223 133
89 95
217 223
133 223
217 178
89 95
217 223
223 217
96 79
223 217
223 133
94 70
217 223
223 217
249 222
223 178
95 48
95 89
217 178
95 89
142 209
89 95
95 89
50 95
133 149
89 95
217 223
89 95
50 89
95 50
217 223
178 223
133 223
250 217
95 89
217 157
125 95
95 50
95 10
5 95
51 40
223 217
223 178
5 50
50 92
89 78
223 158
178 217
223 217
50 95
178 223
223 133
223 145
217 223
5 61
95 89
50 42
133 142
89 95
89 95
5 77
217 223
143 162
217 178
178 133
223 133
89 95
5 95
50 89
223 217
133 217
178 133
95 89
217 178
217 223
217 133
95 89
5 95
95 14
89 95
95 5
178 133
54 5
178 223
89 95
223 217
223 133
133 223
223 217
5 95
89 95
95 89
89 95
95 89
178 133
209 217
5 95
133 223
133 178
50 95
133 217
50 95
50 95
95 89
133 223
217 223
95 89
178 181
95 89
222 176
178 223
217 223
224 152
89 50
5 50
50 5
5 95
223 151
217 134
217 223
5 89
95 5
50 95
50 95
223 178
217 178
178 217
5 73
217 223
178 223
89 95
89 95
133 201
5 95
217 178
217 133
178 133
223 217
50 33
50 20
133 217
95 20
89 5
178 133
133 178
179 211
178 223
5 89
217 178
89 95
217 223
222 229
50 93
223 178
133 223
223 142
223 217
227 167
223 227
133 223
95 89
95 50
89 50
217 223
95 50
223 178
178 245
5 50
223 178
178 223
178 133
89 95
95 23
95 89
5 95
169 225
133 162
95 89
223 217
89 95
178 180
178 217
217 223
5 89
133 178
89 50
247 251
89 95
50 89
217 223
217 178
95 23
178 248
217 223
89 95
50 89
89 95
5 95
217 223
142 209
50 121
121 113
5 95
217 178
133 217
89 50
89 95
223 178
50 17
145 194
50 95
217 133
5 89
223 166
89 95
223 133
5 95
68 15
50 5
89 50
217 243
217 178
178 217
193 195
5 95
5 73
50 26
179 162
99 14
133 223
217 212
50 95
251 253
5 113
50 95
246 239
65 127
89 95
217 133
89 95
178 182
95 89
5 50
5 23
217 178
217 178
223 217
5 95
178 217
5 117
50 89
178 133
5 94
95 5
95 23
223 217
17 117
89 95
5 95
95 19
217 142
217 223
223 151
133 223
89 95
95 5
223 131
89 95
89 95
50 95
50 95
5 95
5 89
5 89
89 82
89 5
50 89
95 38
178 217
89 50
217 133
89 95
217 178
5 50
217 178
42 111
5 89
223 133
223 133
95 89
95 50
217 223
217 223
5 50
133 157
133 223
133 217
253 129
95 50
223 186
84 89
133 175
89 5
95 89
95 89
217 132
50 95
89 95
5 95
178 217
5 121
50 68
178 217
50 95
5 89
89 95
50 89
89 5
217 133
89 95
178 252
95 50
178 158
95 89
89 5
133 223
133 201
5 95
89 95
95 5
178 223
95 5
217 223
217 178
217 223
95 89
65 127
95 50
5 50
95 5
178 223
178 223
217 223
178 225
178 223
95 89
223 178
95 50
178 133
133 175
54 83
95 50
223 217
5 95
217 178
223 178
5 115
50 74
89 95
89 95
217 223
89 95
50 5
50 95
178 223
50 5
89 50
89 95
89 5
5 95
217 223
5 50
217 133
50 95
92 50
143 169
223 178
89 95
95 89
217 223
217 220
95 89
5 89
50 89
89 95
50 89
223 217
217 223
217 223
89 95
235 141
223 133
5 95
95 89
95 89
50 89
217 223
50 89
95 5
5 50
217 223
133 217
198 170
133 178
223 217
95 50
5 95
217 133
217 133
95 89
182 158
133 217
143 207
217 133
178 223
223 217
89 95
5 50
89 95
217 178
133 206
133 178
89 95
133 217
133 223
178 223
223 178
95 89
178 144
64 83
95 117
96 78
5 47
133 201
50 95
217 178
223 217
95 54
50 95
95 89
89 95
5 95
223 142
5 95
95 50
95 89
89 5
50 68
217 223
178 217
95 50
223 217
217 223
5 95
178 199
178 133
50 93
178 133
5 83
95 89
95 89
95 5
111 42
5 95
5 89
5 95
174 223
217 223
133 201
217 178
95 23
223 217
217 223
133 223
223 133
5 73
17 83
178 223
191 248
118 13
89 95
241 186
95 89
217 133
217 223
223 178
89 95
89 95
95 89
217 145
89 95
95 89
95 5
217 223
178 223
89 38
95 50
217 178
217 223
223 178
223 217
217 223
5 89
217 178
217 185
95 50
217 223
217 223
95 89
133 179
5 95
223 145
95 5
89 95
89 95
89 95
89 5
89 95
89 50
95 89
89 95
95 89
133 223
217 133
133 193
89 50
50 89
89 95
249 183
50 96
178 217
217 178
235 141
133 178
223 217
64 94
20 8
217 223
178 133
89 95
217 223
95 5
89 95
178 223
145 239
178 217
5 89
5 50
133 217
95 23
178 223
41 79
249 148
95 5
95 89
133 178
133 178
223 178
223 178
5 50
5 95
5 95
89 95
89 95
50 95
89 95
89 50
50 95
50 5
228 142
95 63
5 89
5 50
133 178
89 95
95 89
89 95
217 223
223 217
89 95
50 89
54 19
95 50
89 5
5 89
89 123
89 91
223 178
178 223
223 250
5 89
223 133
223 178
89 50
5 50
95 89
223 217
89 50
95 5
223 178
95 89
217 223
217 223
223 178
50 95
5 50
5 95
95 23
217 223
178 223
5 89
253 153
178 223
217 223
217 223
113 58
50 95
192 249
95 5
5 95
133 223
223 178
5 89
217 223
217 223
196 169
217 178
178 223
95 89
5 95
95 89
217 223
133 223
89 5
178 180
143 162
32 74
5 115
95 42
169 225
89 50
217 223
178 223
5 95
178 223
178 217
89 50
223 133
89 50
50 89
133 205
217 170
89 95
89 50
5 95
95 23
133 223
111 70
223 217
89 95
95 5
217 223
133 223
95 89
95 82
95 5
5 89
5 47
95 5
89 95
178 223
3 125
217 133
223 133
217 223
178 223
217 223
95 89
64 83
95 5
222 189
89 95
5 89
217 223
79 20
50 89
217 133
89 95
228 247
50 89
89 95
175 178
96 115
223 217
133 223
89 95
95 89
223 178
89 95
94 5
89 95
5 102
223 158
89 50
217 133
51 21
217 133
217 223
186 203
50 95
5 50
133 223
133 217
133 217
133 201
143 162
50 95
223 178
54 25
20 8
95 89
223 178
223 188
95 89
223 133
133 223
133 161
89 95
95 5
178 217
253 150
56 5
89 95
217 225
178 223
133 217
50 95
50 54
178 173
217 223
178 223
50 95
217 178
223 133
223 178
89 50
178 223
89 85
50 5
223 217
178 223
223 178
89 95
217 223
223 217
133 178
178 223
217 223
133 175
170 217
89 95
133 175
89 50
178 217
217 223
5 95
217 178
89 95
95 89
50 89
95 89
5 29
217 223
178 223
95 89
89 5
5 95
89 95
217 223
133 217
42 51
89 95
89 95
89 50
217 133
217 178
50 95
89 51
95 89
68 15
95 50
50 95
217 178
217 133
89 99
64 20
95 89
5 95
217 223
217 223
133 223
217 133
95 50
89 95
217 133
89 5
133 217
89 95
50 89
223 178
169 137
223 178
89 5
111 70
223 178
133 178
50 5
217 178
223 248
89 50
178 223
89 95
178 205
95 5
50 89
178 223
223 133
178 219
89 5
217 223
178 223
95 89
89 5
89 95
5 50
89 95
89 95
89 95
133 223
178 237
89 95
133 217
95 89
89 95
178 217
89 95
95 5
5 95
95 89
133 223
133 217
5 50
5 95
133 223
95 23
223 178
5 89
223 217
50 95
133 178
223 217
50 5
5 89
217 133
217 223
222 133
89 95
191 224
5 47
50 5
89 50
95 89
223 178
133 175
223 217
178 133
95 50
89 95
89 95
178 223
95 89
50 89
217 178
178 223
95 89
133 223
50 95
217 178
89 95
99 113
246 170
133 178
50 95
95 5
95 89
217 223
50 95
217 223
95 89
5 75
95 23
133 223
217 223
89 5
223 178
5 89
5 50
178 222
133 175
89 95
89 95
95 23
89 50
50 95
223 133
178 223
50 95
217 133
217 223
5 89
50 95
133 223
89 95
5 95
133 203
217 223
223 217
89 95
89 5
89 5
223 178
223 178
50 51
89 95
241 186
5 50
50 17
217 174
223 217
223 217
5 123
178 223
89 95
133 223
178 223
5 89
50 60
89 95
89 95
217 223
223 217
50 89
50 5
217 223
133 175
217 223
64 17
178 223
235 141
217 133
223 178
50 63
95 79
50 95
5 73
89 95
125 98
217 128
99 62
223 142
80 50
217 133
95 89
5 20
169 196
95 89
217 223
217 223
50 95
223 133
95 5
223 217
217 225
133 223
217 133
217 178
148 177
217 223
217 223
223 217
223 178
50 5
89 95
89 50
133 217
50 8
89 95
50 91
5 89
89 95
89 50
5 95
223 178
89 5
50 89
178 184
178 223
125 70
223 182
50 5
145 141
217 223
133 178
217 178
50 95
102 50
133 217
89 95
64 30
178 217
89 95
217 223
95 50
217 178
5 95
95 110
95 5
89 50
223 217
50 95
223 133
223 178
89 5
51 114
169 196
95 122
89 50
89 95
5 47
133 180
223 217
217 133
133 223
89 50
89 5
133 217
217 223
5 47
95 5
5 89
89 50
89 95
5 20
89 95
178 133
178 158
217 223
217 133
89 50
178 223
95 89
133 223
178 223
89 5
133 178
5 95
133 223
89 95
133 217
217 223
133 217
100 54
217 223
133 217
223 133
5 95
89 95
223 133
211 207
95 89
246 193
133 223
178 223
5 95
100 14
182 228
95 5
223 133
95 5
178 217
50 95
50 89
41 44
217 178
50 89
89 50
95 50
223 217
95 5
95 5
217 223
95 5
133 144
50 5
111 70
217 223
89 50
133 223
5 50
178 223
50 95
89 5
223 145
223 217
178 133
95 50
89 95
217 223
89 95
5 89
89 5
5 95
54 64
94 64
94 6
223 217
95 89
95 89
50 89
223 217
223 148
223 217
89 5
89 95
217 133
95 89
133 223
50 95
95 89
223 217
89 95
217 223
223 178
223 178
89 95
50 5
217 223
217 157
95 5
208 178
50 102
249 188
89 12
50 95
148 136
217 223
217 178
223 217
217 223
217 223
50 95
217 178
217 223
50 95
5 95
217 223
95 18
178 223
201 133
23 95
89 95
50 95
50 42
133 223
178 223
89 95
223 133
89 23
89 5
223 133
95 5
223 217
95 5
95 50
223 217
107 13
223 178
228 247
89 95
5 95
136 148
217 178
5 50
178 223
211 191
50 95
192 211
5 95
217 223
50 95
223 133
217 223
223 178
50 95
5 73
178 133
217 223
89 5
217 223
5 50
5 95
5 95
5 95
217 223
228 142
95 5
89 95
133 223
178 223
89 5
223 253
178 217
5 95
223 238
178 250
217 143
89 95
223 217
89 95
223 217
5 95
223 217
5 47
223 133
133 223
50 95
133 178
89 95
89 50
133 217
89 95
5 50
89 50
95 89
223 151
217 223
223 217
50 56
125 16
223 178
89 50
217 237
116 95
217 178
247 251
217 223
89 95
95 14
217 223
217 223
5 89
50 79
50 95
63 120
95 5
111 70
217 178
50 95
89 50
217 223
178 223
50 89
50 95
50 95
50 95
133 223
80 50
223 217
133 228
89 95
41 47
217 223
50 5
217 133
95 89
89 50
217 223
217 133
95 23
83 15
89 95
223 252
178 166
217 223
50 89
89 95
50 95
5 95
5 95
217 223
217 167
50 95
89 95
125 112
178 142
95 5
95 89
125 80
217 133
223 178
5 50
95 50
95 5
178 174
5 73
89 50
32 74
5 50
253 232
41 68
217 223
15 79
223 217
125 102
178 133
217 223
50 5
50 17
133 235
5 89
119 8
133 157
95 5
89 5
89 5
50 56
217 133
223 133
217 133
5 50
217 223
50 89
217 223
178 223
50 5
89 95
178 217
223 178
95 5
89 50
89 95
50 95
223 154
50 5
5 95
223 217
50 95
95 89
223 217
217 223
223 178
217 223
95 14
50 39
223 217
223 217
133 201
178 217
89 81
223 178
95 89
25 106
133 223
95 23
89 95
5 89
133 178
178 223
133 178
5 95
89 5
5 89
5 95
143 207
95 50
143 162
133 223
50 121
223 217
89 95
133 223
50 95
95 89
5 89
5 95
178 133
50 5
223 217
89 95
253 223
58 83
223 178
223 142
89 95
89 71
5 89
50 95
95 89
89 95
217 223
125 19
133 199
223 133
89 95
95 35
89 50
95 89
89 95
5 47
95 89
217 223
196 143
223 217
5 50
223 217
89 48
89 1
50 95
95 50
50 95
217 223
50 95
95 50
89 95
133 223
89 14
178 209
178 223
178 223
89 95
217 223
50 95
89 95
95 5
133 241
17 26
50 5
95 89
5 50
223 178
133 217
95 89
89 85
89 95
5 50
5 89
5 95
178 223
217 147
95 92
178 211
223 133
89 5
217 223
5 95
178 223
133 223
41 23
178 223
223 146
217 223
223 217
217 178
5 89
133 178
217 223
148 217
14 81
5 89
95 71
5 73
178 223
133 223
178 133
84 89
51 89
50 95
5 50
133 217
217 178
223 217
95 50
15 79
89 95
178 223
133 223
94 67
223 178
89 95
178 223
223 178
223 142
133 217
89 95
41 33
50 5
89 95
95 89
89 95
95 50
178 250
217 223
223 178
217 211
89 95
217 223
223 217
89 95
89 5
95 50
5 89
5 95
89 95
89 95
133 223
217 206
95 50
89 95
178 217
178 223
89 50
5 95
89 95
89 95
89 95
5 95
5 50
89 14
89 95
217 223
89 95
160 202
223 178
50 5
223 217
89 95
95 50
5 50
223 178
223 147
223 178
217 223
50 74
223 238
5 95
89 95
89 95
217 223
178 217
95 68
95 89
89 50
223 217
223 133
223 217
89 5
178 217
5 95
178 145
217 223
89 50
51 63
89 95
178 153
89 50
95 89
223 217
50 89
5 89
50 89
95 38
95 89
223 178
50 95
217 178
178 212
89 50
89 95
73 5
217 178
223 178
178 133
178 217
142 223
217 178
133 223
5 95
223 217
133 223
223 178
133 251
95 89
5 89
5 102
89 50
133 201
89 124
223 133
50 95
5 95
217 223
253 184
89 95
89 95
89 95
89 50
217 223
133 201
217 250
95 5
50 95
89 95
89 50
133 223
192 173
51 112
178 170
89 95
133 223
5 95
20 8
95 89
223 133
118 89
95 5
89 95
133 178
223 217
95 50
50 29
89 95
95 89
5 95
223 151
178 217
133 223
5 95
223 217
178 223
217 223
95 89
95 5
95 5
223 151
50 95
178 223
95 5
217 223
217 180
223 133
89 5
95 50
217 223
217 157
17 125
89 95
217 178
133 217
133 217
50 89
178 217
178 223
89 95
217 223
50 17
223 142
217 223
223 178
217 178
5 57
217 178
178 223
89 95
50 89
223 217
178 223
178 223
178 223
89 95
95 89
217 133
5 95
178 217
5 118
95 89
133 178
223 217
50 95
217 223
217 178
64 6
133 201
217 223
223 178
89 50
5 95
89 95
178 136
50 95
95 23
89 95
217 223
178 241
50 38
133 223
89 95
223 217
121 86
178 223
89 50
89 50
89 50
50 95
223 133
223 133
95 5
133 223
246 141
89 95
95 89
5 50
223 217
223 178
133 178
107 13
95 50
223 142
95 89
223 217
217 223
217 223
5 95
5 50
95 89
217 223
50 95
133 217
50 5
178 223
217 178
223 178
217 178
217 223
89 50
50 89
223 217
89 5
50 95
223 217
223 168
222 212
217 178
89 95
89 95
217 223
217 223
50 95
95 89
253 136
89 95
95 89
223 151
89 95
217 133
89 95
133 223
178 133
5 95
95 89
95 50
65 99
222 133
133 178
50 95
178 133
178 133
133 223
89 5
169 157
5 94
217 133
178 223
133 223
50 123
133 201
95 5
223 178
223 133
223 217
133 178
95 89
50 95
217 223
178 217
64 83
89 95
178 217
217 133
5 95
223 217
151 223
217 178
217 234
95 50
89 95
246 170
148 136
178 217
5 95
89 95
223 178
217 223
89 50
223 168
89 95
95 50
50 5
89 95
95 89
50 95
95 50
89 95
5 89
217 223
95 5
89 5
5 95
178 133
50 95
5 95
133 217
95 89
217 178
192 233
5 95
64 32
133 217
223 133
223 178
217 223
217 204
133 208
178 217
95 89
223 151
95 89
89 5
50 5
41 113
95 89
178 133
133 246
5 50
235 141
223 133
223 217
95 23
95 89
223 187
223 217
223 217
223 217
5 120
5 50
50 5
119 99
133 178
217 158
89 95
50 95
217 133
95 50
15 79
5 73
95 50
178 147
95 101
133 201
95 50
217 223
5 95
89 95
89 95
50 95
14 81
95 89
133 217
133 217
50 49
199 217
50 95
89 5
217 223
223 217
50 89
133 223
217 223
133 178
217 223
217 223
217 223
50 42
223 217
217 133
241 186
89 95
89 95
89 95
95 89
133 217
178 217
217 133
217 223
178 223
217 223
133 178
217 156
223 217
50 5
207 217
95 50
89 95
5 89
217 223
95 5
89 95
50 95
223 217
89 95
89 5
223 178
20 64
133 201
89 95
89 95
50 68
249 192
178 133
95 89
217 178
178 223
95 5
223 217
50 89
217 157
223 217
95 50
178 223
217 223
50 95
15 34
186 203
89 5
95 89
89 0
193 172
178 145
217 243
178 223
217 223
50 95
89 5
89 1
95 50
223 133
133 223
178 223
95 89
89 95
5 73
223 217
217 223
223 166
217 178
89 95
217 133
89 95
143 211
5 95
223 217
223 178
223 217
178 142
89 50
223 133
223 200
223 217
223 211
50 5
95 14
42 51
89 95
133 223
95 89
5 95
89 5
95 89
50 95
217 223
133 201
51 28
178 223
223 217
217 223
217 223
178 223
89 95
95 5
217 178
223 178
51 5
223 133
217 223
95 50
217 223
223 133
89 95
217 133
5 95
50 95
217 238
211 223
89 95
89 95
223 178
89 95
89 95
133 211
133 175
50 5
133 223
5 89
133 178
50 95
217 223
95 89
95 89
217 178
89 50
133 188
223 217
50 95
249 148
217 178
50 5
89 50
95 5
5 95
89 95
196 169
89 5
217 223
95 5
95 89
94 20
95 119
217 178
50 95
5 89
89 5
95 50
223 178
178 223
223 178
223 217
89 5
89 120
50 89
178 223
178 223
89 125
133 223
217 134
5 95
95 23
133 217
89 50
223 217
178 223
217 133
133 201
133 217
89 95
178 223
89 95
50 95
223 178
5 73
50 51
217 223
95 5
217 178
182 211
89 95
182 217
217 223
41 51
89 95
5 67
89 95
5 95
50 5
133 223
95 105
5 89
89 95
5 95
95 50
133 178
5 95
217 223
223 255
89 50
89 95
89 95
217 227
50 127
217 223
133 223
5 89
95 5
178 223
217 244
133 217
89 95
217 223
95 89
5 89
95 89
217 169
223 133
5 83
178 128
223 217
223 178
223 133
115 89
5 89
217 223
5 50
89 95
246 141
178 217
133 178
246 193
217 223
89 95
178 223
50 95
217 223
133 175
133 223
50 95
217 142
227 248
133 223
5 50
89 50
89 50
223 217
95 5
5 95
89 95
95 89
5 30
178 223
89 95
178 223
217 178
89 95
133 217
217 223
5 89
5 82
96 85
133 223
50 95
133 223
178 223
89 95
5 50
50 5
223 201
50 95
223 133
217 223
223 133
133 178
217 223
179 186
178 199
217 142
50 89
178 217
223 178
89 95
89 95
95 89
95 89
193 150
178 223
50 95
223 217
133 217
217 223
217 223
5 50
89 95
50 95
178 223
89 38
95 89
50 83
217 223
95 5
217 178
178 217
223 178
89 95
89 95
133 223
89 95
95 89
178 217
89 5
248 170
50 89
178 223
178 217
89 50
5 95
95 50
50 95
178 223
89 95
133 217
95 50
223 217
95 5
178 223
89 95
95 5
89 95
95 92
89 50
178 223
89 95
89 95
50 89
5 89
217 223
89 95
5 50
95 5
50 4
217 170
50 95
217 178
148 136
50 95
223 217
217 178
217 178
95 89
50 91
133 217
133 223
5 95
178 223
5 73
170 239
217 223
178 138
50 5
178 133
5 95
178 217
50 88
89 95
133 217
95 89
50 95
50 95
89 97
50 5
5 95
178 211
223 217
217 178
89 95
50 95
95 14
178 133
217 223
178 217
223 217
217 133
217 223
178 217
208 178
89 95
89 95
95 89
50 95
178 223
50 95
5 89
223 133
217 223
217 223
133 201
89 95
89 95
107 13
228 142
89 5
89 118
217 223
5 50
217 223
95 89
223 178
217 223
95 5
5 95
217 223
217 178
223 217
133 223
42 98
50 95
223 245
95 50
95 5
223 154
217 223
217 173
95 89
95 76
217 133
89 95
178 223
95 71
89 95
89 95
65 41
223 217
106 70
133 223
89 101
133 217
217 223
217 133
253 138
95 89
5 89
5 47
178 210
5 95
192 211
50 95
223 178
223 133
89 95
5 50
89 5
223 217
5 89
89 95
217 223
5 95
95 5
217 242
178 223
223 175
95 50
178 158
133 223
50 8
178 223
20 64
95 5
133 178
95 50
50 95
95 89
178 217
50 95
133 217
217 133
50 95
50 95
89 50
217 178
223 217
217 133
217 178
178 217
223 178
95 50
217 178
89 50
89 5
89 50
178 145
95 50
89 95
89 48
41 23
217 223
217 157
5 95
95 26
89 95
63 42
223 133
50 95
223 217
50 95
133 217
89 95
95 14
133 223
217 223
89 5
50 95
95 5
178 217
178 217
89 95
217 237
5 50
95 14
89 95
133 178
119 100
217 178
223 133
211 234
89 95
223 178
50 89
178 223
95 50
217 223
95 50
249 166
133 223
89 95
54 56
223 133
95 50
95 50
95 5
223 178
95 5
17 34
217 223
95 118
50 95
5 50
217 223
217 205
182 254
223 217
217 223
89 95
178 223
217 223
178 223
217 223
50 89
178 223
217 178
223 217
170 179
95 125
5 89
217 178
178 223
5 89
178 223
217 223
5 95
169 143
89 95
217 223
178 223
217 178
50 5
50 5
217 223
89 95
178 193
95 50
5 95
95 14
50 117
217 223
217 178
178 223
217 199
95 89
5 50
217 223
5 89
89 5
223 133
223 133
95 50
95 50
133 223
95 63
81 13
217 223
89 95
95 23
133 201
50 89
50 95
95 89
217 223
223 178
223 178
217 246
95 50
223 217
50 89
178 133
95 46
217 223
95 50
5 89
217 223
217 223
95 50
89 50
89 5
5 95
89 95
178 154
89 50
89 95
5 95
223 151
133 223
148 136
223 151
95 50
50 95
133 223
89 5
227 186
241 186
95 5
223 178
95 89
99 1
217 223
248 170
217 223
217 178
89 5
89 95
217 223
89 95
182 224
223 133
217 223
223 219
95 50
50 53
89 95
118 13
178 217
5 95
5 95
178 217
217 133
89 95
5 89
178 133
15 83
89 50
133 178
223 245
47 20
223 178
217 223
95 89
223 133
223 133
5 89
89 95
223 217
223 151
50 89
133 201
133 151
89 82
223 217
217 223
217 223
178 223
217 223
5 73
89 50
217 178
50 95
89 5
89 116
89 95
178 252
95 89
217 178
89 95
95 14
5 95
89 95
89 50
217 223
89 95
50 95
178 217
178 223
5 50
178 133
89 50
223 151
217 223
178 217
95 5
13 64
89 95
32 74
223 133
223 151
178 223
178 223
50 5
5 89
5 48
223 178
95 89
5 89
217 223
169 247
50 95
50 61
217 223
96 1
95 50
95 89
217 158
217 223
95 89
89 92
223 133
133 223
217 223
95 14
50 89
96 105
217 172
223 178
217 178
217 223
217 133
95 50
217 178
217 223
89 50
50 43
217 192
217 223
89 95
95 89
217 133
133 201
133 223
89 95
95 5
223 217
81 42
133 175
223 217
95 89
223 217
217 223
223 157
89 95
217 223
5 50
223 133
5 50
223 133
89 50
89 95
223 178
89 95
217 191
95 89
121 110
217 223
95 89
133 223
133 223
217 133
217 223
223 133
89 95
184 133
133 178
217 178
178 223
217 223
5 95
217 223
133 217
191 207
179 233
133 217
145 253
217 235
178 223
178 223
50 95
5 89
217 223
89 95
178 223
125 110
89 50
89 50
223 217
178 238
217 223
95 50
50 95
178 223
89 95
217 178
95 89
50 95
217 223
217 133
223 178
95 5
89 5
5 47
223 217
217 211
133 217
5 89
217 223
178 223
50 89
50 95
178 133
217 133
223 158
65 115
133 223
217 133
89 76
89 95
217 223
89 95
89 95
50 95
5 50
5 95
217 133
223 178
95 5
5 73
179 170
223 142
125 62
50 16
178 133
5 118
95 50
178 217
178 217
50 95
133 217
95 50
217 223
223 178
133 217
95 89
211 234
95 89
95 89
50 5
5 95
217 223
95 89
217 212
178 223
223 133
89 95
89 95
94 29
89 50
217 178
95 89
217 223
89 5
89 95
89 5
5 89
95 5
217 223
5 95
89 107
223 217
133 217
217 223
133 217
5 50
95 14
223 217
5 96
133 217
95 89
133 175
89 95
89 95
192 152
50 95
223 217
133 178
223 133
223 133
5 95
217 223
125 63
133 217
50 89
223 243
178 223
95 89
50 95
217 223
89 95
95 89
50 89
217 178
95 89
178 223
133 178
95 50
223 217
107 120
95 50
5 95
133 223
178 223
217 223
5 73
217 223
89 95
50 5
178 223
133 178
95 89
217 178
223 178
133 178
178 133
217 178
217 223
89 95
133 217
133 223
178 223
15 23
89 5
95 10
217 178
223 133
95 89
251 247
217 223
50 40
95 5
133 223
95 5
89 95
217 223
133 178
133 178
95 5
178 223
89 95
178 133
217 223
89 95
133 217
5 95
223 194
50 17
217 223
5 95
223 146
89 5
5 121
217 223
178 223
50 110
89 50
95 14
89 95
217 133
179 131
89 95
223 133
217 133
217 223
178 223
223 178
133 217
89 95
217 223
182 193
95 89
223 217
50 95
95 23
217 223
178 223
211 239
5 95
5 89
95 89
5 47
95 18
89 95
217 223
133 217
223 133
217 178
217 223
217 133
99 121
178 217
50 5
89 50
95 89
5 89
178 133
178 217
133 217
133 217
5 95
145 153
223 217
50 95
89 95
133 142
133 223
95 89
95 5
89 95
99 118
89 95
95 89
217 184
5 50
251 247
217 223
95 89
95 5
178 134
223 217
50 89
223 133
95 49
5 89
133 145
95 89
178 133
50 95
5 89
68 15
89 5
223 217
89 95
133 248
178 148
217 133
89 95
182 178
81 42
89 95
223 133
178 217
95 89
94 38
95 14
5 95
95 89
133 217
95 50
133 223
217 133
223 217
95 47
217 133
100 119
249 185
50 89
217 223
89 5
217 223
217 178
51 61
50 95
89 95
5 95
95 50
5 94
217 223
5 95
89 95
223 217
224 202
217 223
15 79
5 73
89 50
133 223
5 20
223 217
133 223
95 89
178 217
141 235
133 238
89 95
178 217
54 26
89 95
5 95
50 95
95 50
223 133
191 224
223 178
50 95
95 89
5 95
217 223
133 178
217 223
89 50
217 133
217 223
133 223
95 5
95 89
178 223
133 178
50 95
50 95
178 217
223 178
223 178
133 178
95 50
223 178
5 95
223 217
5 84
5 89
5 89
217 223
89 95
89 95
95 5
178 133
95 50
153 228
5 50
89 5
223 178
178 241
133 223
50 89
217 223
217 131
133 223
95 5
178 223
95 122
217 133
5 73
89 95
95 50
51 94
89 50
217 223
65 14
178 217
223 217
50 95
223 133
50 95
50 89
217 178
217 223
89 95
50 83
89 95
89 5
217 223
133 223
223 133
223 178
217 223
95 5
95 50
89 78
95 50
217 178
133 178
223 178
5 50
95 50
217 223
223 133
5 95
89 95
178 223
217 223
217 223
133 217
217 223
223 230
208 178
89 5
50 95
50 95
217 223
223 229
5 50
95 5
178 212
217 133
133 223
89 5
133 223
95 50
95 89
133 223
117 95
217 223
217 245
133 217
223 217
148 249
89 95
178 223
95 89
95 89
217 178
89 50
64 13
217 223
217 223
217 128
50 95
95 23
95 50
223 142
133 217
95 50
42 51
95 5
89 95
133 178
217 178
178 133
5 89
95 79
223 133
89 95
133 223
89 95
178 223
25 106
95 5
178 223
178 133
217 223
223 217
223 217
89 95
133 217
133 217
217 133
89 50
217 223
178 234
89 95
217 223
217 178
142 228
133 171
5 50
178 223
5 47
89 106
50 5
217 178
89 95
89 95
5 89
100 119
75 79
133 217
217 178
178 133
223 133
89 50
217 223
89 95
253 133
54 65
178 223
217 138
217 178
178 223
95 5
223 217
89 95
89 95
95 89
217 223
5 50
223 178
94 42
89 5
223 217
50 95
223 133
89 95
89 5
89 5
217 234
118 65
207 191
89 95
217 223
247 227
133 223
89 95
217 133
148 192
223 128
223 217
89 5
5 95
5 73
89 29
217 133
227 193
95 5
89 95
223 133
33 64
133 217
178 223
89 95
96 23
217 133
223 178
64 94
89 95
217 223
223 151
5 95
223 178
133 217
178 223
50 95
50 95
89 107
133 170
95 89
223 178
5 89
217 223
89 45
133 223
95 23
133 223
89 5
5 95
15 79
133 175
89 95
95 5
133 223
95 89
5 95
178 217
217 133
50 95
178 223
223 217
133 178
96 101
5 95
89 95
178 217
178 219
15 34
89 50
123 89
217 223
223 178
223 217
95 107
223 178
178 223
178 223
133 201
217 223
50 89
89 95
223 133
89 95
5 50
217 178
133 178
178 133
133 223
95 89
217 223
20 8
223 133
217 133
95 5
95 50
89 95
179 160
223 151
223 178
133 178
50 95
5 95
50 95
228 142
217 223
50 5
223 133
178 229
217 133
178 223
89 95
5 83
5 89
217 223
89 95
223 217
50 5
223 133
89 5
217 223
95 89
178 223
89 50
95 89
178 223
217 184
223 151
223 178
5 95
223 204
89 95
5 95
95 89
5 50
133 223
143 211
227 194
133 178
51 119
89 95
223 204
95 89
223 217
217 142
217 178
178 217
68 15
95 89
207 143
106 95
89 95
223 142
50 5
209 141
178 223
5 106
133 223
5 95
89 50
133 217
217 178
50 121
223 217
217 178
133 223
89 18
133 223
133 223
89 95
133 217
178 223
223 178
95 5
223 217
95 50
223 217
202 227
50 95
89 95
217 166
223 178
223 142
223 217
89 5
89 50
217 223
249 129
217 223
133 223
217 133
89 50
95 5
217 223
217 223
145 255
148 192
89 95
89 95
217 223
5 89
217 133
217 223
217 223
95 89
178 223
217 223
95 5
89 5
223 217
133 223
95 89
50 95
223 235
15 83
178 223
217 178
50 95
50 89
217 223
217 223
178 223
50 5
89 95
95 89
5 95
89 50
133 223
95 50
178 223
89 50
223 217
79 95
217 178
217 223
234 198
133 223
95 14
95 5
5 95
95 50
223 217
178 223
178 223
178 223
5 50
133 211
223 217
217 133
217 178
50 43
50 95
217 133
223 217
95 89
95 50
95 89
50 5
89 95
217 223
89 50
217 223
178 223
95 19
217 178
89 95
95 63
50 95
217 180
95 5
94 96
95 50
217 133
99 64
223 178
217 223
89 95
50 89
5 95
184 133
95 5
89 50
95 50
121 122
217 133
5 109
217 223
223 178
89 95
95 89
178 223
133 217
50 95
95 89
217 223
89 50
5 121
217 223
148 136
5 76
178 223
50 21
217 166
95 50
223 133
133 223
89 50
223 133
5 47
217 223
95 89
145 211
89 5
179 223
178 223
99 95
217 223
217 223
89 95
178 223
217 223
178 223
178 217
50 95
133 217
50 71
178 223
217 133
5 89
224 178
50 5
50 95
89 95
89 95
95 89
95 50
133 178
95 5
89 95
50 95
217 178
223 194
217 223
50 95
133 217
217 133
133 178
89 95
133 223
89 50
223 133
133 224
95 93
178 207
50 85
63 96
41 23
133 223
217 178
223 178
50 89
217 178
89 95
217 178
158 217
133 223
223 133
95 89
133 223
89 95
217 223
89 50
133 223
178 223
89 50
178 223
50 89
95 50
217 223
178 241
217 247
178 223
224 223
95 50
217 178
217 223
178 133
95 89
178 133
178 223
50 89
50 74
5 86
50 95
223 133
133 223
89 5
133 223
217 223
89 95
217 223
89 50
5 95
133 217
95 89
5 47
89 95
89 95
95 89
133 178
95 89
50 95
95 23
89 95
50 95
50 5
217 178
178 223
217 223
50 95
178 223
178 217
95 115
178 223
89 95
217 223
89 5
217 133
192 222
89 95
50 123
89 50
89 54
5 89
95 5
217 178
217 178
217 178
50 95
95 5
89 95
133 178
217 133
89 95
223 178
217 178
89 95
89 50
217 223
192 241
133 178
223 178
182 164
95 50
54 23
89 95
89 86
217 223
217 178
178 223
95 5
89 5
95 50
89 5
89 50
178 189
223 178
50 95
89 95
95 14
223 133
95 89
178 223
178 223
178 223
217 223
223 142
64 23
95 5
217 223
217 133
95 89
5 56
50 95
217 223
217 223
133 178
95 71
217 223
5 95
5 95
89 50
142 209
217 223
133 223
42 51
95 23
95 89
50 95
223 217
89 50
95 5
178 201
89 95
89 95
50 5
217 146
5 89
89 95
5 89
89 95
217 223
5 95
50 95
133 223
217 223
95 89
133 223
217 223
223 217
223 217
223 178
223 217
50 95
95 89
223 217
217 223
95 5
5 95
217 133
95 102
178 223
223 217
89 95
89 68
25 74
5 73
50 89
217 223
223 217
217 133
217 167
133 217
178 223
64 16
178 188
217 223
217 223
50 95
5 30
125 39
133 217
50 95
217 178
95 89
95 14
209 142
95 50
50 89
89 95
89 95
223 178
50 120
217 235
133 217
178 223
5 50
133 223
178 133
50 95
89 50
178 223
50 89
89 95
223 217
95 50
217 133
217 223
223 217
217 178
89 95
89 50
95 89
95 50
224 186
89 85
95 5
217 223
223 217
217 223
217 223
89 99
133 175
223 151
50 113
5 89
89 23
133 178
5 95
217 178
178 223
223 178
223 133
68 15
5 95
95 14
251 247
178 223
5 95
89 95
217 223
223 142
217 133
178 223
5 89
5 50
89 95
133 223
95 23
95 5
95 89
133 223
5 95
5 75
133 217
217 223
217 223
217 133
5 95
241 186
95 14
217 223
5 50
5 48
133 157
217 223
89 5
50 17
223 151
217 223
178 223
5 89
41 70
217 223
89 50
217 223
133 217
133 223
133 217
95 50
50 95
217 223
217 178
89 95
95 97
89 95
89 95
133 217
5 95
133 217
175 223
217 178
125 126
182 220
50 95
89 95
217 178
5 110
89 5
223 217
133 178
223 217
89 95
217 141
50 95
68 15
89 95
89 50
50 95
89 95
95 116
178 223
89 116
100 14
217 223
50 5
50 95
89 95
178 179
133 178
133 223
182 211
89 50
5 95
25 106
5 84
223 217
89 95
186 203
178 223
50 5
246 170
5 50
217 178
133 217
178 251
223 178
217 178
5 50
217 223
5 47
89 50
89 95
133 217
223 217
50 19
89 95
89 95
217 133
223 185
95 47
89 5
223 142
223 178
223 217
50 95
133 201
89 95
223 217
217 133
182 178
64 28
50 89
133 217
133 175
89 95
113 58
95 5
89 95
95 5
89 95
133 217
178 217
89 64
64 21
223 133
89 84
50 95
223 217
95 89
5 50
178 175
133 223
5 50
89 50
95 89
95 5
178 133
5 89
5 89
50 77
223 178
89 119
223 133
178 223
133 223
89 95
217 223
178 223
207 211
133 217
223 217
50 5
89 95
224 149
223 133
5 95
50 89
89 95
5 95
5 50
5 50
99 14
5 89
50 14
5 31
223 133
89 80
223 217
223 178
217 223
89 95
186 204
50 95
50 95
178 133
95 89
217 158
217 223
89 50
133 217
178 223
5 84
89 95
95 50
133 217
178 217
133 223
217 133
50 89
223 178
95 89
217 133
217 223
222 221
133 175
5 50
95 5
89 95
95 14
95 88
178 133
89 50
5 47
178 223
95 50
89 95
50 95
178 223
95 5
217 178
50 95
223 217
133 178
5 67
178 223
5 95
89 50
217 223
95 89
95 89
217 223
223 217
89 20
217 223
