256 10000
133 178
223 217
95 23
217 203
217 223
73 5
133 223
133 222
178 223
50 89
223 217
50 95
217 223
133 178
50 5
133 201
223 217
223 217
133 178
50 95
133 217
89 50
241 186
223 178
89 50
95 50
5 50
217 223
133 217
133 223
89 95
5 50
50 21
95 50
5 18
217 223
5 95
89 50
5 50
223 199
141 235
5 89
89 5
50 95
95 89
217 223
5 50
217 133
5 10
17 35
89 50
50 95
89 95
223 133
50 95
100 119
178 223
178 223
50 5
178 141
133 223
95 89
89 5
89 59
223 178
95 89
223 191
178 144
5 1
5 95
217 219
89 95
223 133
5 71
5 50
95 5
133 223
217 178
107 13
223 217
178 217
217 133
50 5
133 217
217 223
217 223
5 95
89 5
5 95
178 133
5 95
223 133
95 23
50 95
50 95
133 223
89 50
5 95
5 95
217 223
64 13
95 89
133 205
217 223
217 133
98 38
89 95
223 178
95 89
133 223
223 146
89 95
223 178
223 217
133 217
217 223
89 95
5 76
95 5
223 178
223 179
89 50
208 178
223 217
133 170
89 42
50 95
223 178
81 42
217 133
178 223
217 223
89 95
223 178
50 89
133 201
133 178
224 249
217 178
50 95
50 95
133 223
95 23
89 95
223 178
50 95
217 179
217 223
182 244
178 223
145 223
217 223
89 50
178 223
89 95
95 89
94 33
5 89
247 136
223 217
50 95
89 95
217 223
217 133
89 50
95 89
5 50
5 59
217 223
133 217
5 50
50 95
5 95
217 223
89 5
89 50
95 5
178 223
95 50
95 50
5 89
223 178
89 50
141 196
217 178
217 223
89 95
133 223
89 95
50 89
178 217
50 95
89 78
50 110
217 223
179 189
217 223
223 133
217 133
223 133
217 223
50 95
223 133
133 178
95 89
223 178
89 49
223 217
50 95
89 95
133 178
223 133
89 95
133 221
223 217
178 133
50 95
50 95
5 50
178 223
217 223
89 95
89 123
217 223
95 5
223 178
178 223
95 111
5 95
50 89
50 5
100 119
223 217
95 89
133 178
95 42
89 5
178 223
95 5
50 89
178 223
121 83
133 175
95 89
178 133
246 239
223 178
133 217
133 201
133 223
50 95
178 133
217 223
217 133
217 133
81 99
89 95
89 95
89 95
133 223
223 217
5 95
89 50
89 95
65 12
96 48
95 89
217 223
217 223
223 133
133 178
95 14
223 217
133 217
223 217
95 50
5 42
217 223
217 133
89 95
133 217
223 178
223 178
178 158
5 95
133 223
217 223
217 178
5 89
50 95
178 217
89 95
104 51
178 223
211 234
217 223
5 47
95 89
178 223
50 95
5 95
241 186
178 223
89 95
89 95
89 95
171 178
89 95
95 50
50 95
223 217
50 126
89 5
217 223
223 133
89 50
217 223
133 178
95 50
217 223
50 55
5 95
217 223
223 217
95 5
89 95
100 119
50 89
89 14
133 217
95 89
223 178
89 50
50 95
89 50
223 217
178 217
217 223
217 223
141 235
89 95
89 95
133 178
95 50
5 89
253 234
5 95
95 83
89 95
89 50
148 136
89 50
50 89
217 133
217 223
217 133
217 223
95 89
89 50
217 223
95 89
95 23
5 112
95 89
217 223
217 223
89 5
89 95
89 95
133 178
95 89
217 223
133 223
50 95
95 5
5 50
223 217
89 95
133 178
89 95
143 162
178 217
223 217
5 95
50 95
5 50
178 154
133 217
178 217
178 188
223 217
50 89
217 223
217 133
217 133
133 178
223 217
5 54
5 95
178 223
42 5
217 178
95 57
178 223
50 95
223 217
133 223
50 95
95 89
5 89
5 47
95 89
41 67
5 83
125 46
118 13
133 223
95 89
50 95
50 95
141 235
5 95
223 133
5 47
178 133
95 5
89 95
182 203
217 223
178 217
178 217
217 223
95 89
178 223
223 217
217 178
217 178
217 223
217 223
217 223
95 5
89 95
5 47
223 133
41 33
95 89
5 47
5 50
95 89
217 178
217 178
89 95
15 83
133 217
64 101
217 173
133 223
178 223
217 223
217 133
50 95
50 89
89 50
217 178
89 95
5 73
223 178
223 229
223 217
223 178
217 178
50 5
133 175
133 141
50 95
133 223
217 253
217 223
95 89
178 133
50 89
223 217
223 133
14 81
217 223
241 186
217 133
51 18
50 95
89 95
223 217
50 95
120 116
89 5
223 133
89 95
5 89
136 192
89 14
223 178
217 133
95 89
217 223
133 217
217 223
50 89
223 142
253 163
50 13
89 95
223 178
217 178
133 223
217 223
50 95
217 133
89 95
223 217
223 133
51 109
223 133
5 73
95 89
223 217
95 89
133 223
223 222
95 50
178 167
95 89
217 223
50 95
217 223
89 50
223 211
64 96
89 95
253 211
217 133
5 89
184 211
89 95
217 178
217 204
223 178
217 223
178 223
178 217
169 211
89 95
178 210
133 178
178 217
223 217
133 223
42 51
5 89
50 95
50 95
89 5
50 95
89 95
133 146
42 51
223 145
217 223
223 145
5 89
133 223
133 223
148 249
133 217
133 217
223 178
217 178
95 5
217 223
95 89
217 224
133 223
178 223
133 223
89 50
223 133
217 223
95 89
145 240
95 89
95 5
223 133
5 95
95 89
143 207
223 133
217 223
89 95
223 217
133 223
178 223
217 223
95 50
178 223
133 217
5 47
178 133
217 223
217 133
95 50
223 217
178 223
223 133
95 14
217 223
217 206
224 233
50 89
217 178
223 217
95 89
50 101
223 178
217 223
223 217
223 178
95 50
223 221
95 89
5 0
217 223
95 89
89 95
228 247
50 89
217 223
95 71
227 220
178 133
95 5
217 223
223 217
5 89
95 89
133 217
5 95
89 95
217 223
223 178
95 89
193 207
178 223
217 178
50 95
5 89
95 89
217 223
223 217
239 170
217 178
89 95
217 223
89 5
178 217
217 191
89 95
178 223
133 217
89 122
5 95
133 223
217 178
5 95
5 73
142 209
5 63
178 223
89 116
89 95
95 50
178 217
89 50
89 95
89 95
133 223
223 133
217 223
178 170
178 185
113 58
89 5
50 89
179 205
5 95
50 95
95 5
95 89
95 50
50 95
5 89
95 23
178 223
217 133
95 89
223 131
217 223
217 223
89 50
217 178
133 223
217 223
5 95
89 95
89 50
178 133
178 217
42 94
133 178
217 223
217 223
5 95
217 223
95 89
223 178
95 5
223 217
217 223
217 223
223 217
217 223
217 223
5 84
223 217
133 223
89 50
95 5
5 95
223 217
182 233
178 217
89 5
217 170
5 17
223 136
95 89
5 42
5 89
5 50
162 239
5 17
223 178
217 133
89 5
5 73
95 89
211 234
223 133
89 50
95 14
133 217
50 95
133 205
223 217
95 89
178 133
95 89
89 15
50 98
217 133
217 223
95 5
95 50
223 178
50 95
223 151
217 223
223 142
89 95
223 217
95 89
178 133
95 89
217 223
170 179
89 50
95 89
5 50
5 89
50 95
133 178
223 142
217 223
89 95
50 89
217 223
95 23
5 113
217 178
89 95
89 95
95 89
5 89
95 14
89 95
217 158
89 5
217 133
89 95
5 95
99 5
5 95
5 89
89 28
89 121
89 95
223 217
217 223
223 133
89 50
223 178
217 178
42 51
217 223
95 18
95 89
217 223
50 89
217 178
5 50
217 223
217 223
178 223
89 95
5 95
217 133
95 89
178 205
143 211
95 89
198 170
223 178
223 133
223 217
223 151
223 133
133 223
223 178
217 178
89 95
89 95
89 95
5 89
133 223
14 81
95 89
217 146
50 89
223 178
217 133
217 223
217 223
178 223
13 81
89 80
89 95
133 223
223 211
217 223
133 207
217 133
89 95
95 0
217 178
217 223
89 50
253 140
133 223
133 223
178 146
5 102
95 50
223 217
178 133
50 5
50 95
133 217
89 95
217 223
50 95
95 5
95 52
50 95
5 95
95 89
95 30
217 223
5 89
5 50
178 182
5 8
95 89
217 223
95 89
89 95
89 50
223 217
89 95
217 178
5 89
89 95
5 89
223 133
89 95
223 178
148 192
89 95
133 223
50 89
89 95
223 194
89 95
95 89
89 95
89 95
178 223
50 95
5 0
17 98
89 50
217 223
95 5
89 5
5 50
5 105
133 223
223 217
223 151
217 133
133 175
223 178
95 5
217 178
89 5
217 178
133 223
133 223
223 129
89 95
100 14
133 217
223 217
223 217
95 89
223 217
217 178
95 50
223 217
95 89
178 133
178 133
217 191
50 98
217 223
95 89
217 133
5 95
89 95
178 133
217 223
95 14
253 208
50 89
178 217
217 133
95 89
223 142
89 95
178 223
50 95
178 189
178 217
50 95
223 246
89 5
217 223
217 223
241 186
89 5
223 217
178 223
223 217
89 5
223 178
95 71
223 217
178 203
223 217
54 121
89 50
89 3
133 223
223 217
133 173
217 178
95 89
223 142
95 5
89 95
227 250
50 95
178 223
89 95
50 89
89 50
89 95
5 95
217 178
89 50
89 95
223 133
178 217
133 217
217 223
95 50
5 95
5 50
5 50
50 95
5 89
89 95
95 89
125 83
178 223
223 217
178 217
50 95
89 5
89 107
223 217
217 133
119 123
95 89
133 223
133 223
95 89
89 95
217 178
5 89
95 89
133 178
50 89
63 79
95 89
5 89
95 89
113 96
178 223
5 89
133 223
50 95
133 217
178 217
50 95
5 50
95 83
133 163
89 95
133 217
50 95
223 178
95 89
50 95
5 73
95 5
217 178
148 192
95 104
113 58
192 235
196 169
89 50
178 223
133 178
50 95
253 146
89 5
89 5
89 95
89 95
223 217
241 202
223 178
50 95
95 89
223 217
50 22
223 178
217 223
95 5
89 50
95 89
94 13
178 223
193 233
5 89
41 114
5 89
89 95
217 223
217 223
89 95
89 39
217 202
223 217
5 17
89 95
5 50
89 95
89 95
5 89
5 95
223 178
217 223
5 73
133 223
178 223
42 51
95 83
89 95
133 154
5 95
89 95
133 196
217 223
178 173
178 223
133 223
133 223
178 223
50 17
133 217
133 223
217 202
5 50
95 89
178 217
133 223
217 178
223 178
133 178
89 95
178 133
223 151
50 42
178 223
178 253
223 217
50 95
133 217
217 178
217 178
5 95
5 95
217 223
223 217
133 201
96 12
133 217
89 95
5 50
217 133
223 178
217 178
133 223
133 223
133 223
223 217
89 95
178 217
14 81
217 133
178 223
89 50
5 95
89 95
95 5
50 86
223 217
50 5
133 211
178 202
223 151
223 217
94 44
133 217
5 50
178 223
223 251
89 79
227 248
5 95
217 178
133 223
133 223
95 5
223 178
50 5
217 223
89 95
5 95
5 95
5 89
5 73
133 175
89 95
217 223
133 175
178 159
178 133
179 151
5 95
95 89
133 221
51 63
95 89
133 223
178 223
178 217
96 125
54 50
95 50
223 178
209 170
5 95
95 89
50 5
50 89
133 217
223 178
223 178
95 50
223 178
89 42
178 217
217 223
223 217
95 50
182 170
217 223
217 223
178 142
145 224
217 178
133 223
89 125
133 223
223 133
89 95
217 223
95 5
178 217
148 192
89 95
95 50
5 95
95 89
217 223
217 133
217 223
50 95
95 50
123 119
50 95
95 14
95 89
50 5
217 223
50 5
95 89
95 89
50 95
133 201
50 5
217 243
223 217
89 95
217 223
217 223
95 23
143 162
95 5
5 50
217 223
223 133
5 89
133 223
89 95
217 178
223 142
95 89
178 223
133 223
89 50
133 217
223 133
89 5
133 223
178 223
5 73
89 5
89 20
63 96
95 5
217 223
178 208
89 50
95 5
5 95
223 211
223 217
95 50
223 217
95 50
178 223
95 89
217 180
89 50
217 223
133 217
95 89
133 217
89 50
50 95
95 89
217 178
95 89
217 223
5 89
89 95
217 176
133 223
89 95
50 95
5 89
95 20
178 223
178 131
178 213
50 5
217 178
179 170
95 50
217 178
133 178
5 113
178 223
5 95
133 153
178 133
178 223
217 223
89 95
217 223
223 178
113 79
5 3
178 223
95 5
5 95
89 95
178 223
223 207
178 217
217 223
95 89
217 223
89 50
217 133
223 217
223 133
217 223
95 5
5 95
50 95
223 178
63 79
5 89
217 133
50 95
217 223
95 89
95 89
178 158
169 178
217 223
217 223
89 5
223 133
223 217
95 5
217 223
217 223
217 223
95 89
143 207
223 217
89 95
223 133
217 223
217 128
217 178
223 178
223 178
89 64
89 116
223 142
223 142
15 83
89 95
133 217
223 217
178 133
50 95
89 95
178 133
95 89
95 5
223 178
217 178
95 5
223 217
222 242
118 111
5 89
5 89
217 178
178 217
99 79
247 227
217 178
5 50
217 223
133 178
223 217
223 217
50 5
223 133
5 95
42 51
223 217
217 223
217 223
118 5
89 50
217 223
5 95
133 223
5 95
50 89
95 50
95 23
133 178
246 193
223 212
223 217
222 249
217 223
133 178
133 223
95 50
133 223
223 217
133 201
89 5
5 95
89 95
223 133
95 26
5 95
223 217
217 145
217 223
217 133
89 95
223 133
217 178
89 95
89 95
217 223
5 50
50 95
5 95
95 89
223 217
50 5
223 151
217 223
95 50
89 5
89 95
89 95
217 223
143 224
50 5
89 95
89 50
95 5
50 89
133 223
133 223
95 50
178 157
50 95
50 23
89 95
217 223
133 217
217 223
217 223
217 178
95 5
223 178
223 217
95 50
145 253
217 223
89 95
50 95
223 220
95 5
223 136
50 89
50 89
95 50
223 133
89 5
178 217
178 208
5 89
89 17
125 83
89 95
133 178
217 223
5 95
95 50
223 217
133 223
89 5
95 89
217 178
5 95
217 133
223 133
217 223
178 133
217 130
223 217
133 217
217 178
178 223
5 95
178 133
217 223
5 95
89 5
178 223
217 223
50 95
95 51
89 95
222 152
89 95
5 50
89 95
217 223
50 61
217 223
5 95
89 95
89 95
182 133
217 133
217 223
217 246
178 223
89 50
223 151
89 95
64 83
217 178
95 89
217 223
89 95
217 223
50 95
50 5
5 95
133 178
89 95
224 163
223 225
178 223
223 178
217 151
223 142
95 89
95 89
5 95
217 133
81 42
133 223
5 73
223 217
121 83
133 217
133 223
89 95
178 217
223 178
95 50
50 95
89 50
217 178
133 223
178 217
133 178
178 223
217 178
217 178
223 208
5 89
89 50
89 95
5 89
95 89
5 95
64 29
20 123
51 100
95 89
95 89
99 28
95 78
89 5
133 223
223 217
223 133
223 178
217 223
133 217
133 217
89 95
133 217
89 5
5 59
50 63
95 64
217 133
133 223
223 217
133 142
5 73
217 133
50 89
227 234
95 89
89 95
143 207
133 178
89 95
50 89
217 223
217 178
223 217
178 217
107 13
223 217
50 89
217 223
217 223
178 223
5 95
95 89
178 217
50 95
89 5
95 50
217 154
50 95
50 5
5 95
50 95
133 223
223 178
217 178
223 178
253 198
89 60
253 217
89 95
50 95
50 89
217 223
217 178
217 223
178 223
95 89
178 217
95 5
89 95
223 178
133 217
217 223
133 223
217 223
223 178
145 223
178 223
50 95
133 178
5 50
217 223
133 223
89 95
217 223
223 207
223 217
5 89
178 145
217 223
50 95
223 217
178 223
217 223
217 223
178 217
50 89
217 223
143 207
89 95
5 23
223 133
223 217
66 89
133 175
223 217
217 178
133 217
5 95
89 95
133 178
133 201
178 217
95 23
5 89
95 116
223 151
95 23
178 217
50 95
148 136
89 95
217 223
50 5
223 133
95 89
178 223
95 89
133 223
217 223
223 133
95 5
178 217
217 133
223 178
223 251
178 223
223 217
178 217
217 223
217 223
95 14
89 95
178 223
95 60
89 95
89 1
34 111
95 14
217 178
133 223
89 50
223 178
94 107
95 50
41 68
133 180
217 223
95 89
89 95
50 95
223 178
95 50
89 72
65 82
133 178
95 5
178 217
223 178
223 178
133 178
223 133
143 207
118 13
50 5
178 233
89 5
178 133
178 184
89 95
217 223
133 201
217 223
217 223
50 51
178 223
95 5
133 217
228 142
223 217
178 140
89 95
89 50
89 50
89 95
95 89
223 178
133 178
217 223
95 89
113 5
5 47
89 95
5 95
89 50
95 89
89 95
95 116
89 50
95 5
178 223
217 133
223 217
89 95
143 211
50 95
217 223
133 223
5 89
95 89
50 5
89 50
89 95
5 95
223 217
217 223
50 89
50 7
217 133
178 223
89 95
95 5
217 223
50 95
89 50
223 217
133 223
175 133
95 50
89 95
50 95
178 223
95 50
50 95
133 148
50 95
223 151
223 133
89 5
5 95
196 143
47 89
178 133
133 223
223 178
5 73
133 178
95 89
253 252
95 89
223 178
50 89
50 89
95 50
223 178
5 50
89 95
133 223
63 120
223 133
50 89
89 95
95 89
50 95
95 89
133 178
89 95
50 5
95 29
50 95
223 133
95 89
217 211
89 50
5 50
89 95
133 223
223 133
178 230
204 178
89 95
217 178
211 142
50 95
95 50
95 89
41 2
217 223
133 223
5 89
217 223
217 178
5 89
89 95
50 5
95 50
223 217
5 95
133 217
178 223
89 95
178 133
89 50
95 5
178 223
50 70
223 151
178 133
217 223
217 133
89 95
178 198
133 223
217 223
217 178
143 211
253 252
178 217
133 178
178 133
133 223
217 223
89 95
178 223
178 141
95 50
50 5
217 178
89 95
5 89
217 223
50 5
89 95
217 178
50 95
222 179
95 5
89 95
64 83
217 223
217 178
5 50
223 217
5 47
95 89
89 95
5 89
5 95
223 217
133 223
223 142
217 178
217 178
89 95
89 95
95 89
223 178
223 151
89 95
5 89
217 223
95 5
89 95
59 5
89 102
217 178
99 119
89 95
178 133
89 50
223 170
95 50
95 89
223 178
95 50
5 95
5 67
5 95
178 223
223 142
133 217
89 5
89 95
133 151
5 95
94 42
5 22
95 89
223 178
89 5
223 250
95 50
5 95
51 80
178 244
217 223
179 170
50 89
133 138
89 95
178 223
217 223
95 89
5 89
223 217
178 223
50 95
217 223
178 223
89 95
223 151
89 5
178 223
178 223
50 89
5 50
89 95
223 133
178 223
223 178
217 223
223 217
178 133
50 95
178 133
89 35
217 223
95 89
89 5
217 223
5 39
223 133
89 95
217 223
89 95
217 223
89 95
133 178
89 95
133 223
89 95
50 95
178 223
95 5
133 217
89 95
5 95
223 129
217 223
217 250
251 247
178 133
95 89
178 223
5 95
95 50
89 84
89 50
223 133
217 223
95 50
95 5
95 10
223 217
178 223
217 223
95 89
178 217
50 95
223 202
89 95
217 223
178 223
50 54
223 217
50 25
133 223
223 178
95 89
217 178
50 89
223 217
178 223
217 223
133 217
95 89
217 223
89 95
98 17
217 133
50 45
20 64
217 223
223 151
107 13
14 81
217 223
89 5
50 95
5 89
178 133
89 50
143 162
133 223
89 95
89 50
217 178
125 70
5 95
217 178
223 217
223 178
50 20
89 95
89 5
133 201
223 142
89 50
89 95
223 217
217 178
223 151
89 5
178 133
217 223
95 23
95 89
178 223
89 100
5 95
41 68
5 95
217 250
89 95
178 133
89 95
223 178
50 95
89 5
223 142
95 89
178 223
178 223
217 223
89 95
223 217
89 95
95 89
133 178
148 136
50 95
217 133
178 223
95 5
89 95
217 223
223 151
217 178
148 192
95 89
217 223
217 178
217 223
68 15
133 175
95 5
23 95
5 95
5 89
133 217
178 223
5 110
89 50
223 217
253 154
223 133
223 217
217 223
95 79
5 95
89 95
95 89
96 121
223 133
89 95
5 95
89 95
223 217
50 95
95 5
178 223
89 95
89 14
95 29
95 23
89 95
133 175
5 89
5 95
223 151
95 14
5 34
133 223
95 5
217 178
5 89
89 50
217 223
133 223
95 89
133 178
5 95
223 145
217 178
217 223
125 110
5 117
89 50
5 50
223 178
5 117
246 193
223 217
95 79
89 50
227 247
217 223
5 102
5 89
5 17
133 217
5 95
5 95
217 223
217 133
95 42
133 217
89 95
50 95
15 83
5 73
95 89
178 223
223 178
50 95
95 23
95 23
223 217
95 5
95 47
50 98
217 223
95 5
217 223
89 50
178 217
170 239
50 95
5 50
178 203
217 223
217 223
50 95
5 95
178 223
95 5
89 95
223 217
217 223
89 95
96 1
133 223
89 5
89 95
217 146
50 5
89 95
217 178
5 95
217 223
223 217
95 89
217 142
5 51
223 133
89 50
217 223
99 83
50 95
178 223
95 5
217 223
223 217
54 95
178 244
50 95
217 241
89 95
89 95
223 217
31 89
223 217
113 58
133 223
217 223
217 133
217 206
223 217
178 175
133 223
178 223
217 223
95 89
217 223
217 223
95 5
133 217
5 95
121 9
89 50
217 223
217 223
5 17
95 5
223 217
217 178
217 223
223 217
5 95
50 117
217 223
217 223
95 50
133 217
224 253
50 5
95 50
133 223
223 217
182 138
217 223
217 178
122 5
54 88
95 89
133 223
178 221
50 95
5 50
58 24
89 5
95 23
217 222
178 133
223 217
223 178
178 217
95 89
5 50
50 95
5 50
223 211
178 223
217 223
217 223
50 95
217 223
178 131
217 222
133 223
133 223
89 50
50 89
217 178
89 95
50 5
133 251
89 95
217 223
133 178
133 217
89 50
223 142
89 95
133 227
99 10
133 178
223 133
89 95
5 50
223 211
169 196
89 50
133 178
5 89
21 125
95 50
95 5
178 133
223 217
95 20
223 133
89 95
217 223
178 223
217 167
217 133
133 128
217 223
133 247
95 89
217 178
217 223
89 95
223 142
89 95
50 95
217 223
5 89
217 133
89 95
95 23
95 89
217 175
178 223
217 148
178 223
50 95
217 223
133 223
217 223
95 5
95 50
95 89
95 89
89 38
133 228
217 223
133 217
89 95
95 50
217 178
95 71
5 95
50 95
217 223
223 217
178 223
223 151
5 95
95 5
223 133
178 194
223 178
217 133
217 223
50 95
5 95
5 73
89 95
178 223
119 123
95 50
133 223
133 148
50 95
89 50
143 162
217 223
20 8
133 251
20 8
95 23
89 95
89 50
50 95
178 217
5 89
41 115
50 23
217 135
217 223
95 5
133 217
228 247
89 95
178 223
133 175
89 95
217 223
89 95
178 223
89 50
95 14
223 194
223 178
217 178
89 95
223 217
217 133
89 50
217 178
133 178
217 178
89 95
95 23
133 201
5 95
217 223
5 95
223 173
5 73
223 217
178 223
89 118
89 95
178 133
89 95
223 178
95 5
217 178
95 89
15 83
217 178
217 223
99 83
5 95
50 5
133 217
89 47
223 133
217 223
178 223
217 223
178 223
95 50
5 107
5 89
217 234
95 50
5 73
125 124
133 217
223 217
95 5
223 133
133 223
95 89
50 95
223 217
217 223
133 223
95 50
217 133
133 201
95 89
95 5
133 178
89 95
50 95
95 5
178 223
50 5
217 178
89 95
95 50
96 109
95 89
50 89
178 217
133 223
226 175
133 178
217 223
5 89
95 5
64 43
217 223
89 50
95 89
133 178
249 156
50 95
50 95
217 194
217 178
217 213
133 217
217 223
113 58
217 223
95 50
50 94
223 151
50 5
217 223
89 5
89 95
89 116
89 95
83 79
133 217
95 5
89 95
5 95
217 223
217 223
133 178
89 95
223 217
95 89
133 145
50 5
217 223
5 95
100 14
95 5
217 223
217 178
68 41
89 5
178 223
223 217
95 50
89 95
133 203
50 95
133 246
89 50
50 63
148 192
178 217
32 109
133 212
5 89
89 50
182 178
5 95
50 5
178 223
133 223
95 50
217 178
217 223
89 95
89 95
217 178
223 217
217 223
223 179
5 95
89 95
89 5
95 89
89 50
95 89
133 217
223 217
223 145
217 133
95 5
223 133
64 94
89 95
89 95
133 223
223 175
5 83
83 15
89 95
74 100
228 247
217 223
89 95
217 223
178 196
89 5
5 95
217 223
178 223
178 217
133 175
178 223
217 133
217 223
223 199
51 80
223 217
5 47
73 5
50 95
95 89
217 205
133 223
89 50
89 84
223 217
217 223
133 220
217 133
223 133
89 5
50 95
50 95
95 52
5 50
178 223
223 178
223 251
217 223
95 50
223 178
133 223
223 217
89 95
15 83
133 178
133 223
223 217
50 80
89 95
113 58
133 217
227 194
178 223
217 223
222 227
223 142
89 95
95 89
193 252
179 170
133 178
133 128
217 133
223 217
95 23
133 223
217 133
89 95
178 223
95 89
223 144
89 95
179 246
223 217
95 50
95 89
223 178
50 95
223 178
89 50
133 223
5 50
217 178
133 217
95 50
217 223
249 226
133 223
217 223
89 50
223 217
89 5
5 95
223 253
143 207
89 5
5 95
133 178
5 95
178 172
133 178
217 223
223 133
217 223
217 223
217 223
95 50
217 178
50 71
178 223
178 223
89 95
217 223
5 95
95 89
5 50
178 133
217 223
217 223
178 217
89 95
178 223
217 133
217 223
133 202
89 95
133 217
95 5
113 58
217 223
133 217
75 89
5 15
95 23
95 89
89 95
223 133
95 89
95 89
223 151
217 223
178 217
89 95
89 95
5 95
217 178
5 50
50 95
178 223
5 89
50 95
50 95
50 5
223 151
5 95
217 244
50 5
5 50
217 223
142 209
95 5
223 217
223 217
95 89
133 178
253 148
89 95
5 95
89 5
5 95
223 133
95 5
89 95
50 95
133 217
89 95
223 133
178 223
217 178
178 217
95 5
50 5
133 217
50 95
217 223
223 217
50 95
217 223
89 50
133 223
89 5
217 223
133 223
223 142
95 89
89 95
95 50
63 120
50 17
217 223
223 217
95 23
89 5
95 14
223 217
223 178
178 217
95 5
178 226
217 178
133 223
133 223
89 95
217 223
89 95
5 89
223 133
5 117
133 223
50 71
95 89
5 73
217 223
223 133
133 223
89 5
153 234
50 95
50 89
5 3
217 223
89 50
5 89
178 156
89 95
223 178
133 223
95 89
178 223
89 50
50 5
95 50
50 5
89 95
178 217
89 95
223 217
249 204
133 170
223 156
95 89
95 5
133 175
50 95
178 223
5 47
217 133
50 95
50 73
50 89
5 50
95 50
223 133
95 89
178 223
5 95
95 50
133 130
223 151
89 49
223 217
178 223
133 178
178 217
50 118
178 217
79 96
178 217
133 223
75 89
89 50
89 95
249 237
5 95
50 95
178 223
217 223
95 122
217 223
89 50
178 223
50 89
217 178
89 5
178 133
227 133
223 151
89 95
217 193
217 133
89 95
178 217
5 95
178 223
95 50
223 145
95 5
50 89
41 15
133 217
223 133
217 178
50 75
5 111
95 5
95 80
95 89
223 170
217 133
95 22
50 17
89 5
217 223
89 5
95 89
223 142
223 217
95 89
5 47
50 95
241 186
133 223
89 5
95 89
178 241
217 223
223 133
223 178
133 217
217 223
89 95
5 89
217 223
217 223
178 133
223 217
217 223
133 178
95 89
223 217
217 223
89 50
50 5
178 220
223 151
133 223
223 133
5 41
89 5
223 133
223 217
5 83
89 50
94 101
54 109
133 223
50 95
223 133
89 5
223 133
133 223
217 223
5 50
125 68
50 95
178 226
223 217
50 95
5 89
95 50
217 223
5 95
89 95
178 223
223 217
178 202
5 89
95 50
153 234
89 74
178 223
133 178
89 95
223 217
217 133
89 95
95 89
51 44
95 0
95 5
89 30
223 178
223 178
95 89
133 175
133 203
89 95
217 223
217 223
217 178
5 95
5 95
217 223
133 178
68 15
223 205
133 223
89 95
95 89
5 95
89 95
95 50
217 178
133 217
223 142
89 95
192 132
217 223
224 241
217 223
50 19
42 51
178 174
217 178
178 211
217 223
178 217
186 203
217 223
223 199
223 217
223 178
95 50
89 67
5 95
178 167
223 217
96 82
217 223
89 95
5 95
115 89
50 95
89 95
217 223
5 95
133 223
5 89
133 217
217 223
223 178
50 95
5 95
217 223
223 217
217 133
95 5
179 182
178 223
223 133
95 89
5 95
5 95
223 133
178 217
5 38
89 50
217 223
223 244
89 95
133 223
5 95
223 133
133 217
5 50
217 166
178 133
133 175
178 223
95 73
50 5
223 133
133 223
50 5
178 223
217 223
133 178
223 217
217 253
50 95
95 14
253 187
5 50
95 89
217 133
50 95
89 95
95 3
178 133
89 50
89 95
151 223
217 223
217 178
217 194
5 50
217 223
50 89
217 133
95 50
95 5
89 95
68 15
89 5
89 5
217 253
217 178
95 50
217 133
217 223
178 223
5 89
50 30
178 223
95 89
50 95
223 178
223 217
50 5
5 95
169 209
95 55
217 133
249 211
217 223
89 95
50 23
89 95
217 223
217 250
50 95
95 89
95 50
223 178
89 50
217 223
178 223
217 178
223 217
95 5
89 122
89 32
223 133
217 178
223 217
217 133
223 142
95 83
89 50
217 223
228 247
89 50
50 95
217 238
5 95
5 95
50 89
89 5
223 217
217 223
83 64
133 198
89 68
89 5
133 201
217 133
133 178
89 50
145 201
223 217
5 95
89 95
89 95
89 95
178 223
89 95
133 223
50 95
223 217
133 223
178 141
89 50
95 89
217 223
95 50
217 223
89 95
89 5
125 78
89 95
89 50
50 95
89 50
64 83
217 223
50 5
217 223
89 95
5 89
217 223
50 95
50 95
5 95
178 223
178 129
95 50
89 50
178 133
217 223
95 84
178 138
133 251
95 5
223 217
89 95
5 50
217 223
217 223
50 95
5 73
217 223
5 95
217 223
58 79
178 223
5 95
178 223
5 89
217 178
95 89
95 79
217 223
5 95
217 178
178 133
5 95
50 95
217 223
133 217
217 223
178 133
178 223
89 5
133 217
217 223
89 95
95 89
89 95
217 223
211 239
178 148
43 50
95 89
95 89
95 50
133 217
50 89
51 94
217 133
50 95
217 178
223 178
217 223
178 223
5 89
95 50
178 223
217 133
133 217
95 89
5 95
89 95
95 89
217 223
133 223
95 5
95 5
223 178
89 50
133 217
50 95
50 95
64 30
133 178
95 50
89 50
217 133
133 217
223 178
107 13
217 178
50 95
5 89
15 83
5 50
217 133
217 223
89 95
95 5
95 89
217 178
95 89
217 133
5 95
50 95
133 179
217 223
95 89
217 223
178 226
133 178
50 5
5 50
95 50
95 89
5 41
50 89
223 217
95 50
162 239
241 186
95 5
178 246
5 89
217 133
217 133
217 223
223 142
89 2
217 223
89 95
217 223
223 217
95 89
178 223
217 166
95 50
95 23
89 50
217 223
89 95
217 223
89 50
89 95
95 5
217 223
95 50
217 178
223 217
217 223
95 74
50 5
217 178
217 223
5 89
50 95
95 14
217 223
15 79
223 207
95 5
223 217
246 170
217 223
5 95
5 95
50 5
217 133
5 79
118 42
169 211
50 95
50 95
95 5
50 75
89 5
89 95
95 5
223 133
217 201
217 178
89 95
89 95
89 50
5 95
95 79
89 5
95 89
94 64
222 234
223 133
178 249
89 95
50 89
178 223
89 95
223 217
89 50
223 178
133 217
217 178
5 50
15 34
217 178
133 217
223 217
178 223
89 5
5 102
95 89
89 95
89 5
217 178
95 89
5 95
89 95
170 179
50 5
99 5
223 178
133 154
223 133
217 178
74 50
95 122
89 50
223 217
89 120
89 95
89 95
217 223
178 223
133 217
95 89
178 217
223 217
5 89
217 223
217 178
5 89
133 217
217 223
5 95
89 95
96 44
223 133
223 178
133 223
133 217
179 182
89 95
217 221
133 178
182 178
223 217
133 178
89 50
95 83
223 188
178 223
5 95
63 120
178 181
95 89
50 95
50 5
223 133
95 23
95 5
217 223
217 223
5 95
50 89
5 95
178 217
5 50
95 89
89 5
223 133
217 133
5 89
50 81
169 198
178 223
223 178
133 223
178 207
178 223
191 224
178 217
5 50
217 223
89 50
95 50
89 95
133 223
64 76
50 95
217 178
223 178
50 95
223 178
5 50
223 133
217 223
223 217
89 85
89 50
178 223
95 50
133 201
223 178
178 133
89 80
5 73
217 223
217 237
51 19
223 178
89 95
89 95
133 223
178 133
95 89
217 223
223 217
95 38
95 50
89 50
50 95
223 217
223 217
5 50
118 42
89 95
133 201
217 133
223 217
217 223
217 223
178 217
95 89
50 123
89 47
223 133
65 34
178 223
217 178
89 98
89 5
217 178
89 95
95 5
50 95
89 50
50 95
50 5
217 178
223 133
228 142
5 111
217 223
178 223
133 178
68 15
178 223
217 178
89 95
217 223
95 89
223 178
81 42
89 95
133 178
145 252
191 224
223 176
89 95
95 14
5 95
223 217
95 54
223 133
95 50
217 223
89 50
50 95
95 89
5 47
217 223
95 50
223 151
50 5
223 178
217 222
223 133
217 178
178 223
5 118
217 223
50 95
133 223
95 14
89 50
223 220
89 95
178 223
223 178
5 89
63 96
50 95
79 54
95 89
217 251
89 95
217 223
133 217
223 151
223 133
223 217
89 95
50 26
50 5
217 223
95 50
5 1
95 5
50 89
89 60
223 133
95 50
223 217
95 5
133 179
133 178
133 217
133 158
89 5
178 242
5 50
133 178
217 223
133 223
223 129
80 50
217 223
223 217
50 89
223 133
217 223
223 151
81 64
89 95
89 50
133 223
95 89
217 223
217 223
50 89
217 223
89 5
178 223
133 222
121 68
89 50
223 217
133 178
95 18
178 223
223 178
178 223
178 223
178 133
133 223
5 89
223 217
178 223
133 223
95 89
89 95
95 89
178 133
5 89
223 217
89 95
217 223
50 95
133 209
5 50
89 95
95 89
178 133
5 95
95 50
89 5
133 217
223 227
217 223
89 95
89 95
133 217
95 89
96 67
223 151
133 223
217 248
217 223
95 89
95 50
89 95
178 217
95 89
89 95
50 12
95 35
178 228
89 50
95 5
223 217
95 89
217 223
89 5
133 217
217 178
223 133
118 5
133 201
223 178
89 50
223 217
217 223
223 133
89 95
95 50
89 95
89 5
95 89
178 223
178 223
133 217
217 178
89 41
50 89
133 223
89 95
50 5
5 95
5 89
5 95
182 252
223 178
223 133
89 50
133 223
223 217
89 50
89 95
217 178
89 5
89 95
89 95
246 170
223 133
217 205
89 10
5 47
133 178
95 23
89 94
223 133
133 201
179 192
133 157
178 223
217 223
133 178
133 217
50 95
217 223
95 50
191 179
89 8
223 133
95 89
95 89
58 77
133 204
143 162
89 79
121 64
89 95
89 95
95 89
217 223
5 89
89 95
89 95
111 70
5 95
223 217
99 74
5 95
89 5
50 95
223 217
223 217
95 50
223 133
95 50
50 95
95 50
178 223
95 50
133 178
5 95
50 92
95 50
89 95
89 78
79 5
89 5
178 133
223 178
217 178
217 223
178 203
89 5
217 223
95 89
50 5
50 5
217 223
178 223
50 95
5 95
223 211
95 50
217 223
223 178
50 5
223 213
50 95
133 217
95 5
217 223
95 50
95 89
217 223
89 95
50 89
223 151
50 85
89 50
133 169
133 223
89 95
223 217
95 5
217 133
95 50
89 95
133 223
217 223
89 95
89 50
223 178
223 178
89 50
178 217
217 223
95 89
89 95
178 133
133 217
89 95
178 223
217 223
178 217
50 95
223 217
5 95
95 5
95 50
89 95
217 223
5 95
223 178
50 95
178 223
178 137
217 160
95 89
217 203
178 223
133 223
89 50
5 50
5 95
133 201
89 5
50 95
89 95
89 95
223 178
226 205
89 95
5 50
50 95
89 95
50 94
50 89
223 178
217 184
145 182
178 133
95 50
178 223
179 208
217 133
5 51
50 95
133 178
133 223
217 223
133 223
5 89
178 217
178 217
223 217
89 95
217 223
89 5
89 50
50 89
50 5
5 89
95 89
50 95
133 223
223 178
178 217
89 95
223 178
133 178
95 89
5 95
89 5
5 120
95 50
50 89
178 223
217 223
217 158
178 223
217 223
95 5
223 217
89 5
50 95
133 151
178 223
133 217
235 248
223 217
217 223
133 223
217 133
169 203
178 223
50 95
217 202
50 95
217 133
178 217
223 133
133 207
89 93
217 178
223 175
178 223
217 221
89 95
65 62
217 223
89 95
249 209
223 217
89 50
5 95
133 217
223 217
178 217
178 223
186 241
95 117
5 89
217 223
217 223
148 192
217 223
133 223
133 178
89 50
217 223
217 223
223 178
217 223
178 223
89 73
89 95
223 133
89 95
95 89
217 223
178 133
95 89
133 217
133 217
5 73
133 223
89 95
50 95
89 5
95 89
95 89
223 178
133 223
95 5
217 223
223 133
89 50
133 223
223 217
223 217
133 207
89 95
217 178
5 50
125 39
223 133
178 223
217 158
95 123
223 178
89 95
5 89
89 95
178 217
95 50
223 217
133 223
89 95
223 217
5 95
5 95
133 247
95 14
50 89
89 50
217 133
20 64
223 217
95 50
133 223
133 178
178 217
5 50
5 95
133 223
89 95
223 217
148 192
5 89
95 50
217 246
196 143
217 142
223 199
178 133
223 217
50 89
133 217
89 95
133 223
5 95
217 178
89 50
178 175
95 96
217 133
89 95
95 89
89 5
223 217
217 143
5 47
228 142
217 223
217 178
89 109
133 223
217 178
217 223
50 95
95 89
223 178
178 217
95 5
5 89
223 217
133 223
234 223
133 217
89 5
217 223
223 178
95 5
217 201
95 50
223 217
178 223
223 217
5 89
5 50
223 151
217 223
89 5
95 5
217 133
217 223
223 217
223 217
50 95
227 238
5 73
217 223
223 217
89 95
133 223
178 223
178 223
89 95
217 142
15 68
89 5
217 223
95 50
5 89
193 143
95 5
50 5
89 95
217 186
223 217
217 223
217 152
89 95
89 95
5 95
95 50
95 6
133 217
133 223
50 95
217 133
50 79
133 182
178 217
179 173
89 95
5 95
50 95
178 184
89 50
217 178
95 50
95 50
178 223
89 5
5 95
217 223
95 89
133 223
96 7
95 89
246 141
89 95
223 217
89 95
113 89
95 50
178 223
223 217
223 217
5 95
89 95
79 19
178 235
228 142
5 50
95 89
223 133
217 223
95 89
5 50
133 178
95 5
217 223
203 223
223 253
217 146
217 223
133 201
217 178
50 95
217 223
187 198
217 223
223 217
89 95
89 50
133 223
178 223
217 223
89 95
50 95
50 95
133 223
89 50
133 223
5 50
217 178
95 50
50 43
95 50
89 95
50 95
217 223
178 223
89 95
241 186
50 89
178 223
50 95
89 95
89 95
89 95
196 169
217 185
89 5
54 111
223 133
223 217
89 95
89 50
89 5
5 95
5 50
178 223
89 95
95 5
133 223
133 217
133 217
217 133
178 217
217 223
223 178
133 201
217 178
5 95
50 95
96 75
223 217
217 223
95 23
89 5
5 89
5 95
223 133
50 88
89 5
178 133
89 95
95 50
223 217
95 50
95 89
5 50
50 5
89 50
223 177
89 50
5 50
217 223
217 223
5 73
89 50
133 223
133 217
235 141
89 95
217 223
125 83
143 211
133 217
50 73
217 223
89 95
89 5
217 223
192 140
95 78
217 223
133 217
89 95
223 151
95 89
89 95
95 50
89 95
217 223
5 30
217 223
50 95
89 95
223 178
89 95
178 223
5 95
178 223
217 133
223 133
50 38
89 5
178 223
217 133
217 223
191 224
95 89
217 223
5 95
133 178
89 95
5 95
89 95
143 211
182 189
5 89
217 178
133 223
89 95
5 89
133 217
217 223
95 89
223 222
217 223
96 49
95 23
223 178
95 50
178 210
89 95
95 89
133 217
95 5
89 20
217 178
50 95
217 178
95 5
223 217
123 119
89 5
133 223
223 217
50 124
217 178
5 95
217 223
223 133
178 138
95 50
5 81
178 217
95 84
133 223
217 223
251 247
223 146
89 95
83 100
95 89
89 50
133 223
239 198
5 95
5 50
133 223
89 5
133 223
217 223
223 217
95 40
223 217
50 95
217 187
217 223
217 223
95 50
202 228
217 178
50 95
89 95
133 223
217 178
95 89
217 223
95 75
89 95
217 223
5 95
217 223
133 201
217 223
5 95
217 223
32 74
89 5
89 5
5 50
217 223
50 95
133 178
118 13
178 223
223 217
54 7
217 223
20 64
133 223
217 223
217 223
89 5
217 133
184 133
223 217
178 217
5 95
217 133
15 34
89 5
246 141
133 205
217 133
178 223
50 95
95 123
95 89
5 95
133 217
95 89
223 178
89 95
50 95
133 223
217 223
5 47
50 98
89 50
89 5
223 133
5 81
5 89
178 223
169 196
217 133
170 179
207 133
217 223
217 206
95 50
133 223
95 89
89 5
217 223
89 95
223 178
50 52
95 89
50 95
223 142
89 95
50 95
223 217
178 223
89 50
95 89
50 95
223 133
223 217
178 223
223 248
89 95
169 196
89 95
133 223
178 217
89 50
95 50
217 223
223 217
217 223
223 217
217 223
217 223
125 117
178 223
95 89
217 133
95 89
133 217
223 133
178 223
133 223
41 68
178 217
95 50
133 201
5 50
89 46
217 223
217 133
89 95
223 217
5 95
89 95
5 95
95 89
223 217
133 223
133 223
15 34
89 95
5 89
5 95
50 49
217 223
50 95
121 117
89 110
5 95
89 5
95 50
217 223
94 99
95 50
89 50
217 178
50 89
178 217
223 217
95 50
178 133
89 50
178 241
178 223
217 178
223 151
178 217
95 5
178 223
95 5
89 5
95 50
217 247
178 217
89 123
95 89
50 5
178 223
192 211
178 223
95 5
5 50
50 95
95 89
133 223
95 5
50 5
89 95
133 223
178 223
223 217
217 223
5 89
217 223
89 5
89 95
223 229
5 95
178 223
223 178
223 178
217 133
223 217
217 223
223 133
89 95
89 95
133 217
5 95
217 178
217 223
178 223
217 178
223 133
133 223
223 241
217 223
223 133
50 89
223 217
95 5
223 217
51 106
133 217
5 61
50 95
5 110
5 89
89 95
5 50
133 253
178 217
5 47
50 95
143 207
133 178
89 95
95 14
217 223
217 178
89 95
133 223
217 223
217 133
89 5
217 133
5 89
178 223
223 238
121 26
89 95
95 14
5 50
178 217
50 38
95 50
196 143
178 133
89 1
133 154
209 141
223 184
178 217
178 223
133 217
133 217
133 223
133 223
217 223
223 217
89 16
178 223
5 50
217 223
89 95
217 223
133 223
5 47
223 151
133 178
178 175
89 95
227 179
223 178
223 133
217 133
50 95
95 50
223 133
95 89
89 95
95 14
89 50
217 223
95 89
178 224
217 170
178 223
217 223
50 11
89 95
5 95
5 89
89 95
133 175
95 89
178 223
95 5
5 95
95 89
217 133
89 95
50 89
89 5
217 133
89 95
146 249
89 95
198 170
217 149
89 95
223 217
125 73
178 191
133 217
217 178
95 14
50 95
99 61
217 178
89 95
89 95
95 14
223 178
89 50
217 223
5 50
217 133
89 67
217 223
5 50
100 5
223 217
217 133
217 223
79 89
89 95
89 95
89 5
95 89
217 223
178 223
95 50
50 95
178 217
133 223
5 89
133 178
89 44
5 50
89 100
5 95
191 224
217 133
178 241
217 133
100 119
133 217
217 133
217 133
223 133
15 79
178 223
89 95
5 73
223 178
178 217
178 217
178 223
50 95
223 178
89 50
89 95
95 89
89 95
89 95
224 151
89 63
89 95
223 217
83 95
217 223
217 223
217 223
178 223
89 95
217 223
178 153
95 89
95 50
95 5
178 245
133 223
89 95
95 96
5 29
95 89
89 5
223 210
192 204
133 223
89 95
89 50
223 178
178 223
133 217
95 94
217 223
89 50
50 89
5 95
121 23
89 95
217 178
50 5
133 223
50 95
217 223
89 50
89 50
89 95
133 217
223 217
5 115
95 89
89 95
89 85
89 95
95 77
223 217
95 89
5 50
89 116
89 95
95 5
133 217
50 8
89 95
217 223
223 131
217 178
178 223
5 111
217 223
133 178
223 133
217 223
89 95
89 95
223 146
217 178
89 95
15 34
217 133
95 89
223 178
217 223
178 223
95 89
95 50
217 227
95 89
178 133
50 5
133 223
89 50
192 211
133 223
89 95
5 89
133 178
50 95
50 95
89 95
223 178
95 89
178 217
5 50
89 50
241 186
217 223
89 95
95 50
89 50
223 133
50 89
223 230
217 223
133 223
5 50
89 95
5 95
5 50
89 95
133 223
133 217
50 95
50 3
217 133
223 217
95 89
133 178
5 95
253 198
217 223
223 178
95 5
133 223
178 223
89 5
95 20
50 26
89 5
95 89
217 243
192 141
50 84
5 89
95 89
50 95
89 95
50 95
95 5
217 178
5 95
89 50
89 50
217 178
50 89
217 178
5 50
5 95
133 207
89 28
217 223
5 89
89 50
89 95
83 5
5 50
50 5
133 217
5 89
133 178
94 55
89 95
89 95
178 223
223 221
50 95
89 50
217 223
223 217
50 95
178 223
89 95
217 178
70 42
223 217
217 223
89 95
217 178
217 223
217 223
51 57
89 5
89 95
89 95
227 176
133 223
217 178
217 223
89 95
217 223
228 247
217 223
50 89
178 223
178 227
95 76
133 178
178 223
223 217
5 42
217 223
133 158
133 136
217 223
249 203
217 178
50 40
5 95
95 14
178 217
217 223
95 89
178 252
217 223
170 209
178 223
217 133
95 89
41 68
34 65
50 95
89 95
223 133
89 5
95 89
95 89
17 125
133 217
169 196
178 217
143 211
65 42
95 5
223 178
133 217
133 201
133 217
223 178
50 89
20 8
5 95
217 146
95 50
217 178
5 95
50 95
223 178
89 95
217 138
50 95
50 20
178 223
217 223
217 223
178 188
223 178
217 133
95 89
217 227
121 1
89 95
178 223
133 201
89 95
89 95
89 5
133 217
133 238
89 95
133 201
133 193
98 35
95 23
41 44
217 223
89 41
50 95
133 217
68 15
217 223
95 89
5 89
89 95
217 133
15 34
50 95
217 223
89 95
223 217
217 133
217 133
217 223
89 95
223 217
178 223
50 95
89 5
95 5
133 223
95 50
133 217
89 50
89 95
133 223
178 223
89 5
217 133
133 217
89 95
217 223
89 95
89 50
89 50
217 178
89 48
209 228
223 217
223 217
182 132
178 223
217 223
223 217
133 227
89 50
223 217
50 95
217 223
89 50
170 179
95 50
95 89
196 143
89 95
5 82
95 89
5 50
50 95
217 223
89 95
178 223
178 223
5 95
95 50
133 217
95 5
223 217
50 95
217 223
95 89
133 223
217 150
5 95
217 223
178 217
89 5
89 95
15 79
5 50
5 95
223 133
223 217
89 95
178 223
223 217
89 95
223 217
95 5
5 95
5 89
223 217
50 95
223 178
217 223
95 89
5 42
223 133
89 95
217 223
95 50
50 95
217 133
223 217
217 178
95 89
50 122
217 223
217 223
178 223
207 133
50 95
223 217
95 5
217 223
50 95
64 86
50 95
89 127
133 223
50 19
133 223
34 15
5 95
65 21
95 50
106 98
133 203
89 53
89 95
223 133
5 50
178 217
223 133
217 223
5 89
217 223
89 95
50 95
17 80
121 68
133 201
95 5
99 12
68 41
217 223
217 133
5 50
95 89
217 133
95 89
50 89
223 178
89 50
95 5
223 217
50 95
95 89
223 178
89 47
217 178
133 217
89 95
89 95
178 223
217 223
217 223
50 95
178 217
5 50
95 89
178 223
133 170
50 111
223 217
95 89
5 50
217 223
5 26
95 89
15 83
133 151
217 133
50 75
5 95
217 223
50 95
125 5
178 223
89 95
89 95
217 223
89 95
217 223
5 89
50 95
34 14
178 133
89 50
178 223
89 95
223 178
5 95
95 17
217 223
178 223
95 89
133 223
223 225
95 50
95 50
217 178
95 50
89 101
217 223
89 5
5 73
89 95
217 223
89 98
223 217
95 5
89 5
50 89
253 169
95 89
5 95
50 5
223 217
133 223
133 223
95 89
89 95
121 65
217 223
95 5
89 5
133 223
133 223
5 50
223 217
223 217
89 50
89 95
89 50
223 178
223 217
89 95
223 178
50 95
217 223
50 5
191 224
95 89
178 145
95 89
223 133
217 223
223 133
95 23
178 223
223 217
133 178
133 223
5 50
182 151
89 18
89 95
50 89
133 217
5 89
95 50
89 50
217 138
94 70
222 161
5 95
217 223
5 95
95 5
133 184
217 178
89 95
95 117
217 133
50 95
50 1
50 95
89 95
5 89
95 50
95 89
113 58
178 223
95 89
223 178
89 106
178 223
182 247
89 95
5 34
50 5
95 50
89 5
89 95
89 50
178 133
223 178
169 143
178 133
178 217
217 178
178 223
89 95
223 133
223 133
95 50
178 217
133 223
89 95
89 1
95 77
50 5
5 95
95 50
217 223
143 207
89 95
50 95
133 178
50 89
223 217
89 50
95 50
63 120
95 89
217 178
89 95
133 217
89 95
5 95
223 217
202 228
217 188
223 217
5 73
133 178
95 89
95 14
95 89
223 217
5 89
95 50
5 50
133 217
50 89
178 217
223 142
178 133
95 89
95 50
89 95
107 13
89 95
41 68
89 95
5 89
89 50
50 28
89 5
133 223
133 223
133 227
89 5
178 217
125 95
217 223
217 223
94 19
60 89
50 95
153 207
15 34
5 89
133 251
223 178
89 50
5 89
89 95
5 95
133 142
217 178
5 95
133 178
133 178
133 223
133 178
217 178
217 133
89 95
223 217
89 95
5 102
89 18
178 217
95 50
217 223
217 223
217 223
223 133
5 89
89 95
100 119
178 151
178 133
217 178
178 133
50 53
217 223
217 223
223 133
133 217
89 95
217 133
14 81
223 217
95 50
223 151
133 223
5 75
50 95
95 89
89 95
223 151
50 95
50 95
217 223
133 223
95 50
50 95
5 89
223 133
178 251
133 178
160 202
5 50
217 133
95 50
217 223
89 95
133 178
151 223
5 50
133 217
217 178
133 157
133 223
50 95
223 217
133 217
133 217
178 184
217 223
95 89
217 223
217 252
223 178
89 50
223 217
143 207
169 131
217 223
217 133
5 95
89 50
133 217
95 50
95 50
95 5
178 223
5 50
89 95
89 95
5 50
133 175
217 223
178 223
95 5
89 95
5 54
223 217
5 89
95 5
133 223
89 95
133 217
5 89
95 5
89 5
223 133
148 192
41 107
89 95
217 178
89 119
208 253
178 223
223 178
113 58
89 50
133 217
223 217
50 95
50 95
95 89
95 89
5 71
133 175
89 95
217 223
118 42
89 95
95 50
178 223
223 217
148 192
217 223
100 119
89 95
217 178
89 95
133 217
178 223
89 95
95 50
5 50
133 184
133 223
223 217
89 50
138 223
95 89
94 99
95 89
89 5
178 133
50 95
217 178
217 223
5 91
5 50
50 110
133 223
50 95
5 50
178 251
95 5
217 133
89 95
223 145
223 133
96 99
5 95
217 223
217 178
65 44
95 23
5 89
50 95
253 208
217 223
178 133
5 95
95 5
217 223
89 28
133 217
217 178
95 14
223 133
89 50
95 89
89 50
217 223
133 175
222 219
89 95
217 223
50 95
178 223
5 50
217 178
50 89
5 95
50 122
95 50
217 178
5 89
95 5
89 95
223 178
223 217
50 89
5 95
65 4
217 178
217 223
50 89
89 38
5 73
217 178
89 95
50 89
217 223
95 50
89 95
50 5
178 223
217 223
217 235
178 217
5 126
217 151
50 95
178 133
50 95
50 95
100 119
133 198
223 142
89 50
217 143
5 95
133 217
5 95
95 89
50 95
223 219
133 217
223 217
223 217
50 89
95 14
192 141
89 5
133 239
50 95
89 123
222 228
217 133
89 95
133 217
50 95
89 50
253 226
95 5
223 147
133 178
89 95
217 133
89 50
133 175
217 223
223 178
89 95
50 5
89 95
95 89
178 217
217 223
133 223
223 217
217 133
217 223
95 5
223 142
50 89
217 178
5 50
5 95
89 5
223 217
217 154
95 50
89 5
95 89
89 95
94 44
228 142
5 95
217 223
217 178
95 50
217 223
125 72
169 196
89 95
217 133
54 83
133 175
50 95
89 95
95 89
223 217
223 217
89 5
217 178
133 244
5 50
5 47
217 178
89 5
253 233
133 195
5 95
217 223
89 95
95 89
5 95
95 5
5 50
50 98
217 223
89 5
217 178
133 217
89 59
223 217
5 95
192 167
50 95
95 89
50 14
178 223
217 223
95 89
50 95
95 89
89 95
89 95
223 217
217 223
217 178
95 89
5 50
178 223
99 102
95 14
89 50
5 89
5 95
95 5
5 50
178 223
133 223
133 223
217 133
95 42
5 95
5 89
95 89
178 223
133 223
106 70
223 217
133 246
95 89
217 133
89 95
95 5
207 223
133 217
89 95
217 223
95 14
5 95
217 227
89 95
89 95
50 95
89 50
217 133
95 89
50 89
5 89
5 95
133 251
89 95
178 166
95 94
178 223
249 225
217 223
217 223
178 223
5 95
217 223
178 223
217 223
133 217
5 95
5 50
178 223
217 223
89 95
95 89
133 217
223 217
89 95
133 178
223 133
217 223
223 217
20 123
5 95
178 227
191 224
217 223
89 95
95 89
133 178
133 175
133 217
217 223
95 89
89 95
223 217
50 95
133 217
217 223
223 151
95 89
143 162
223 217
50 95
217 223
217 223
133 131
41 70
223 178
5 50
89 50
50 5
50 95
217 178
178 223
5 95
95 14
223 133
95 89
217 223
217 178
50 89
89 95
133 223
217 223
178 133
178 217
5 73
217 223
217 178
133 178
5 50
89 50
50 95
89 50
89 5
89 95
95 89
95 89
223 166
178 223
41 68
217 230
50 95
178 200
20 64
178 223
222 193
95 50
89 95
217 178
178 223
217 223
217 178
99 120
5 95
95 5
217 133
50 95
50 95
223 178
133 188
217 223
217 223
5 89
249 149
223 133
223 178
95 89
178 223
133 217
217 223
217 223
217 223
133 217
133 223
64 30
89 95
89 95
133 223
223 133
223 133
223 217
133 223
223 178
223 217
95 89
133 223
133 178
223 142
178 223
50 5
51 5
95 89
50 95
5 95
89 123
178 223
5 68
89 95
223 133
217 223
133 223
133 217
217 158
50 44
178 133
54 5
217 178
95 23
217 223
192 129
50 89
217 133
217 223
223 217
217 133
223 145
5 72
217 223
89 5
217 246
217 223
133 201
5 95
133 178
133 217
50 95
5 95
5 89
50 5
50 95
217 178
217 223
178 223
223 217
5 50
223 217
50 95
89 5
5 95
223 217
5 89
50 89
133 128
5 89
50 5
133 223
95 50
95 5
5 73
223 217
223 157
95 17
223 217
178 207
217 178
89 95
50 89
217 223
133 175
95 51
223 217
223 178
89 95
5 95
50 95
217 133
5 95
228 247
133 217
178 187
95 43
217 133
217 223
5 47
89 95
223 133
217 178
133 178
95 5
89 95
217 223
133 223
50 95
207 178
95 89
89 50
223 238
89 95
5 95
133 223
217 178
223 146
178 217
170 179
89 95
95 89
178 223
107 13
223 133
217 178
223 217
89 50
89 95
217 178
50 95
95 5
50 95
50 3
178 217
95 50
217 223
50 95
50 95
223 217
89 5
133 223
89 50
133 223
5 95
217 133
223 151
5 95
89 95
217 223
95 50
223 217
217 133
217 223
89 95
5 77
95 89
63 120
217 223
95 89
145 186
89 95
95 5
64 44
169 198
227 253
5 95
89 50
178 223
89 5
95 89
223 142
50 95
50 95
89 95
223 133
178 132
95 89
178 133
217 178
95 89
50 95
89 95
217 223
50 96
217 223
217 160
217 223
89 50
133 210
63 120
223 217
89 5
89 95
89 95
223 133
89 11
118 42
65 95
217 223
223 245
89 95
5 95
178 223
217 223
178 223
178 223
217 133
217 223
89 95
133 223
178 223
223 217
95 89
178 133
133 217
133 178
223 217
65 64
133 217
95 89
133 138
223 151
223 133
133 178
223 142
223 178
5 89
89 95
133 178
217 223
133 223
217 223
133 201
95 5
50 95
133 167
95 14
178 133
95 89
217 223
217 133
89 95
133 178
178 211
95 50
178 223
223 178
95 89
95 89
95 50
5 89
95 89
227 133
5 89
178 223
178 223
89 95
133 178
89 95
223 178
217 223
223 217
89 95
226 151
217 223
95 89
89 95
89 50
223 133
89 16
89 95
89 95
223 133
133 223
169 250
5 95
217 223
246 223
217 223
223 178
223 217
178 217
95 23
50 89
217 223
133 175
50 95
178 223
50 89
133 217
50 95
178 223
217 223
95 89
217 223
95 5
217 223
99 95
133 206
223 217
217 223
223 142
178 223
89 50
178 223
217 133
95 50
223 178
223 178
95 50
133 178
223 217
217 223
42 51
95 89
178 217
96 41
5 89
89 50
95 5
223 178
125 56
95 89
95 5
5 54
178 223
217 223
178 223
50 5
89 50
89 56
133 223
89 50
223 217
217 223
95 25
223 217
217 223
178 214
89 95
223 157
133 223
5 95
223 173
95 5
217 178
217 223
217 223
191 248
5 50
5 89
89 50
95 50
5 95
223 133
217 223
95 5
217 223
50 95
89 50
217 223
50 46
178 174
148 192
50 95
5 95
50 89
89 95
223 133
133 217
133 217
95 50
50 82
133 178
89 95
191 207
89 5
178 133
89 95
89 95
217 230
223 133
50 95
50 95
95 5
5 89
223 178
89 5
223 156
5 89
223 217
89 50
5 50
50 115
217 178
89 95
178 135
89 95
223 219
79 54
133 178
223 178
217 178
178 223
178 133
95 5
223 178
100 14
178 217
217 178
223 133
50 95
133 223
14 81
95 50
95 5
50 117
223 217
95 14
5 53
223 142
89 95
178 223
133 178
178 133
178 223
133 223
217 223
5 89
50 89
15 79
133 223
121 109
5 95
50 95
50 84
89 5
223 133
133 178
133 217
178 133
178 223
207 191
89 76
89 5
95 50
89 95
133 223
125 46
178 223
89 50
89 95
89 95
5 95
89 95
133 226
95 89
217 133
223 151
217 223
133 223
217 223
89 95
95 5
178 223
5 95
95 14
178 133
178 223
89 95
89 50
5 110
89 95
20 64
178 217
89 95
223 133
223 217
89 95
178 212
148 136
178 133
5 95
89 5
89 5
95 89
223 178
178 230
223 178
50 95
89 5
95 89
223 217
217 223
133 223
89 50
118 65
89 95
89 95
133 178
133 223
178 217
217 223
217 223
89 95
217 178
217 223
89 95
89 95
178 133
5 89
5 95
217 223
223 178
223 217
89 50
217 178
50 5
50 95
178 223
89 50
133 223
223 217
133 217
133 223
223 151
89 30
95 50
50 95
178 217
5 95
223 133
223 217
89 5
223 142
178 133
50 95
5 89
89 95
223 217
50 95
50 3
95 50
217 178
133 230
50 95
95 50
178 133
217 133
50 95
217 223
95 89
223 178
178 133
95 50
223 217
50 70
178 145
89 95
223 133
5 95
5 50
95 89
95 85
89 95
50 15
5 89
223 217
95 23
217 223
95 5
50 95
89 95
178 223
95 89
5 89
179 172
89 95
217 178
89 95
217 223
223 142
8 64
223 217
94 25
217 133
223 133
89 95
133 178
223 133
95 50
133 217
186 176
95 89
217 223
217 178
223 178
50 95
223 217
95 89
89 5
178 217
89 95
50 95
133 217
217 223
95 89
178 223
95 14
178 133
14 100
217 133
89 95
142 209
5 89
217 223
178 223
178 217
178 223
178 223
95 89
89 50
133 217
5 95
223 217
217 223
50 95
133 217
113 74
89 109
133 223
133 217
253 171
133 223
223 182
95 89
89 5
223 217
217 223
182 178
89 95
178 223
50 5
89 95
217 223
133 217
217 223
95 23
5 89
89 5
5 89
5 77
5 95
95 23
223 133
5 81
5 50
217 133
223 133
133 178
50 95
5 89
178 223
5 89
95 50
217 223
178 217
217 223
223 178
133 217
89 95
95 89
25 5
217 178
217 178
217 178
89 95
95 50
50 89
95 10
95 89
95 5
217 176
89 2
95 89
223 179
133 205
178 223
89 95
178 133
89 95
217 245
133 223
89 95
133 223
95 89
169 175
223 174
223 217
95 89
95 50
5 34
217 223
133 223
89 95
5 107
217 133
5 50
50 122
89 50
89 95
133 223
217 223
133 178
89 95
217 178
95 89
133 154
224 225
223 217
89 95
133 178
50 95
89 95
5 50
95 50
217 223
217 178
89 95
217 148
133 217
5 95
50 95
178 217
94 4
95 89
217 146
50 45
15 34
89 95
133 217
95 5
178 223
223 217
5 89
217 223
89 95
217 223
217 223
217 223
89 95
95 89
133 223
217 191
95 50
5 95
89 95
5 89
133 178
217 223
253 152
89 95
223 133
223 133
133 217
89 95
50 95
217 133
223 217
217 223
89 50
178 217
178 145
89 95
95 5
89 95
133 201
5 89
89 95
142 209
178 223
15 34
5 89
223 178
217 223
5 95
193 135
89 95
217 223
5 73
89 95
133 168
95 5
145 129
145 173
133 201
223 217
89 50
217 133
5 50
89 50
217 178
123 95
50 78
50 95
223 217
178 217
89 95
95 50
64 10
95 51
217 223
217 178
133 176
178 223
145 142
5 89
223 217
50 95
223 175
5 50
89 95
89 95
89 5
133 223
89 95
89 95
178 223
95 89
178 133
5 114
95 89
223 133
223 217
143 162
133 223
217 223
89 50
178 188
217 178
217 178
148 192
50 85
99 62
223 217
89 95
223 217
217 223
178 217
5 95
178 223
217 178
95 89
217 223
50 95
217 223
223 217
133 178
223 151
5 50
50 5
178 223
89 5
95 89
133 217
50 89
50 89
217 223
89 95
223 217
217 223
223 151
217 223
89 95
89 50
95 63
217 223
50 95
5 50
217 223
223 217
217 178
50 81
95 89
95 50
95 5
133 223
89 50
217 133
89 95
89 5
63 120
178 230
89 51
217 223
217 223
223 151
178 223
223 217
223 178
178 223
178 186
217 223
89 5
5 89
133 187
223 237
95 89
217 223
133 217
89 122
95 89
223 217
95 89
217 223
89 95
50 89
178 255
97 54
217 178
50 95
133 131
5 89
170 179
95 5
133 217
50 95
133 217
133 217
178 234
249 241
95 14
50 111
95 5
89 95
95 93
89 95
169 196
89 50
217 223
89 95
223 133
5 95
95 23
217 133
50 95
217 211
95 89
133 217
89 95
253 187
95 89
178 250
178 223
95 50
253 207
95 5
50 95
217 223
89 95
178 133
133 223
50 95
50 81
5 95
217 178
179 241
223 178
217 223
217 223
217 223
223 133
50 95
50 54
5 95
178 223
96 122
95 89
89 50
217 223
133 173
14 83
223 133
178 223
217 223
217 223
5 95
223 217
89 95
50 95
89 95
89 95
178 223
95 89
217 223
178 223
89 95
133 217
5 95
217 202
178 133
217 223
89 5
50 95
50 5
89 95
89 81
5 95
50 95
192 164
217 223
89 95
95 5
223 217
223 178
133 178
89 95
223 145
95 89
95 89
178 223
223 133
89 5
5 95
223 133
133 217
178 223
89 95
50 95
89 95
50 95
223 142
217 178
133 217
89 50
89 95
5 89
95 50
95 89
95 89
217 223
133 223
217 223
5 89
50 95
95 89
51 60
95 50
133 217
217 144
217 223
89 5
95 50
89 95
217 223
217 178
5 29
89 36
133 223
223 133
178 223
217 133
95 50
95 89
89 95
145 216
50 95
217 133
198 170
223 217
223 133
89 124
217 223
65 40
133 175
133 223
178 133
89 95
50 95
217 223
223 217
95 89
5 95
89 95
178 223
95 5
15 83
5 95
133 178
47 89
89 95
178 223
89 42
95 5
178 223
178 223
217 223
50 95
5 79
113 58
125 35
217 223
95 65
223 178
89 95
50 5
178 223
217 223
133 175
133 217
249 140
223 217
133 178
223 217
95 93
217 201
217 178
217 223
50 95
89 95
81 64
89 95
89 95
95 50
5 47
95 14
133 223
133 217
125 80
133 244
5 89
89 95
217 223
223 251
5 95
89 50
5 95
50 5
95 50
178 223
223 217
95 89
133 208
95 50
89 50
5 73
95 89
50 95
50 89
89 95
89 95
234 226
5 50
133 145
133 148
223 217
217 223
89 95
217 223
25 106
89 50
223 217
217 178
223 217
5 95
89 50
95 50
223 133
65 99
95 71
5 95
133 201
89 95
89 95
178 133
5 50
223 153
95 71
95 89
217 175
50 95
217 178
95 5
217 223
65 83
51 63
89 95
79 63
89 50
89 95
217 223
223 217
89 95
95 89
217 223
5 89
50 55
89 50
217 223
223 217
89 50
178 133
133 223
235 141
217 178
50 113
89 95
178 223
217 223
95 89
178 141
223 217
217 223
223 217
178 217
178 217
178 223
199 217
223 217
95 1
5 95
89 95
223 217
89 50
89 5
89 95
223 178
50 89
178 223
148 192
83 106
217 223
178 223
217 133
99 58
133 178
89 95
133 175
148 192
89 83
89 5
191 224
223 153
89 95
5 95
5 89
223 133
192 141
133 217
95 5
50 95
5 89
95 30
223 217
178 223
89 95
95 89
89 95
223 133
95 14
5 89
133 233
95 50
95 50
5 50
217 223
223 217
223 133
133 217
5 125
223 133
223 133
217 175
217 154
89 95
133 201
100 14
5 50
89 50
5 95
89 5
5 89
15 83
5 95
178 223
133 217
178 223
223 178
223 217
5 95
51 42
133 175
217 223
20 8
5 89
95 20
178 242
89 95
89 95
178 217
51 67
95 51
133 217
228 142
217 223
89 95
5 89
178 223
217 223
95 5
178 223
217 223
217 223
133 178
223 211
89 95
5 95
178 206
74 99
95 89
217 178
222 149
5 50
178 223
5 89
50 95
95 89
95 89
217 223
178 250
133 227
50 5
89 50
178 133
133 223
89 95
89 93
217 223
54 83
133 223
182 186
89 95
223 178
5 95
95 89
95 50
178 242
133 217
5 50
50 89
64 11
89 95
133 223
148 192
179 178
217 223
95 5
95 5
5 50
186 241
50 77
15 34
217 133
89 95
133 217
5 95
89 5
50 89
223 217
89 95
223 178
32 74
89 95
5 89
179 133
223 133
217 223
5 50
223 217
5 50
217 178
217 178
217 242
217 178
228 247
217 223
89 95
217 223
178 217
178 217
178 252
95 23
95 89
5 73
223 133
227 177
96 6
5 95
65 97
89 5
89 50
89 50
178 223
178 217
89 50
217 223
121 71
50 95
89 50
89 5
223 178
223 217
178 133
100 14
217 133
178 217
95 89
50 95
50 5
217 223
133 201
223 142
89 5
169 135
223 217
95 5
223 133
217 178
50 95
217 223
5 89
5 32
50 94
133 217
178 223
89 105
89 83
178 180
178 217
133 237
95 89
95 50
89 5
217 223
223 217
223 178
217 229
178 223
223 133
50 89
5 95
223 217
223 217
50 95
133 175
95 116
5 66
5 89
89 95
96 84
217 223
5 95
133 217
217 133
178 133
5 95
5 50
50 95
89 95
223 217
217 178
223 151
50 95
89 50
95 5
217 178
133 178
89 95
217 178
178 223
89 5
133 223
5 89
89 19
89 5
89 95
223 133
95 50
196 169
89 5
223 133
133 223
178 133
223 217
178 217
50 89
223 148
223 178
224 235
224 207
5 51
89 95
178 151
223 178
95 5
178 133
217 223
223 217
178 223
217 223
133 178
96 109
89 79
5 89
95 50
178 223
217 160
89 95
133 217
95 89
217 223
133 223
89 95
133 178
95 50
50 89
178 223
178 223
95 50
133 223
217 178
178 201
89 95
133 223
95 89
223 204
95 89
95 50
133 223
89 5
223 133
5 49
133 217
217 223
223 133
217 223
178 223
5 89
223 133
217 133
89 95
217 178
133 217
89 5
133 223
217 178
178 159
125 59
223 178
5 50
5 89
217 178
89 5
17 121
50 11
217 223
95 14
178 133
217 223
133 217
50 95
151 223
5 89
14 5
133 217
89 95
223 151
89 5
89 95
50 95
217 223
95 50
178 223
89 95
89 50
95 112
223 217
223 133
223 178
217 178
50 89
133 217
178 223
178 217
223 217
89 28
223 217
249 246
95 50
217 223
223 178
223 133
95 5
217 178
217 178
50 125
5 95
5 50
133 176
5 95
133 178
178 223
217 223
89 110
217 133
89 50
89 116
133 201
50 95
89 95
217 223
223 178
133 217
217 223
15 79
223 178
133 217
217 223
89 50
5 50
217 133
89 50
50 30
95 5
89 50
217 223
95 50
223 217
5 47
50 89
143 207
5 83
133 223
179 153
89 5
217 133
178 223
217 223
125 95
95 71
95 5
178 223
217 178
223 217
89 95
5 26
223 217
89 95
217 223
217 223
5 89
178 217
223 133
50 41
94 89
89 95
217 223
223 133
133 223
133 223
217 223
95 14
5 47
95 123
133 201
50 95
89 95
50 95
89 5
95 50
178 223
50 5
223 178
217 133
133 217
178 217
5 47
223 212
223 217
223 133
89 5
89 50
217 178
5 95
223 133
223 217
89 50
228 247
178 217
95 107
223 217
89 5
89 95
178 223
5 95
178 217
89 5
5 95
89 95
160 202
182 131
133 178
217 223
95 118
89 95
5 89
89 95
223 217
223 217
178 223
223 217
178 217
223 133
50 5
223 217
223 142
133 223
217 133
95 50
50 95
50 95
89 95
5 50
223 178
95 89
178 223
223 178
217 223
223 217
223 133
133 223
217 178
100 119
89 95
217 178
50 89
5 89
217 223
223 178
5 95
133 179
133 223
68 15
95 89
50 89
95 14
89 50
223 178
51 123
182 154
95 89
89 95
5 95
5 89
133 223
89 95
178 133
5 95
223 217
217 223
133 178
5 20
223 133
95 89
217 223
178 217
133 178
95 17
178 223
192 249
178 217
223 217
43 17
217 223
179 170
133 249
5 50
50 95
89 95
217 194
50 89
223 217
89 50
89 95
89 95
5 73
178 133
50 5
5 50
5 89
89 5
50 95
217 223
178 211
5 95
50 95
191 248
95 14
133 199
217 223
50 95
223 178
217 223
50 95
133 189
89 83
143 162
178 223
50 89
89 95
5 95
50 95
223 219
223 133
148 207
223 217
5 50
133 175
223 133
50 91
217 223
95 50
178 217
223 178
5 95
217 178
89 95
246 170
217 133
5 47
89 95
178 223
211 234
95 50
95 89
133 201
89 95
89 5
133 178
133 178
178 133
217 223
178 224
133 223
133 217
50 99
217 223
133 178
95 89
169 196
223 211
89 95
50 5
89 64
5 82
133 223
178 217
5 89
95 89
5 38
5 95
223 133
178 133
217 223
95 89
217 223
223 217
217 223
89 95
217 223
217 223
89 95
186 241
89 95
95 63
94 32
50 38
133 201
5 95
223 178
95 89
5 95
5 95
95 107
5 89
5 73
5 47
133 178
50 89
217 223
89 95
50 109
89 76
5 73
223 178
50 89
50 95
217 223
224 250
178 133
253 152
191 248
178 223
95 89
89 95
133 201
133 158
95 5
5 95
223 133
227 154
217 223
217 178
50 95
133 178
178 217
133 217
89 50
178 217
223 133
89 50
89 95
5 50
95 89
223 217
89 95
143 211
95 5
5 50
178 223
178 217
50 111
217 223
217 223
223 178
89 95
133 142
89 95
217 223
178 188
95 23
89 95
89 95
217 133
5 89
133 223
50 89
89 95
50 95
133 223
121 29
95 5
217 223
89 50
95 50
217 133
223 178
95 89
217 223
178 217
223 133
217 223
178 223
95 89
223 178
178 217
50 95
223 217
217 223
89 95
95 50
217 223
217 133
217 223
89 5
5 89
223 133
223 133
217 178
223 133
223 238
178 217
223 217
133 223
178 222
223 178
217 233
63 79
5 50
178 223
89 50
50 95
133 223
217 223
89 95
5 95
217 223
5 50
95 89
217 223
95 89
217 133
178 217
5 89
217 223
133 217
89 95
223 178
5 95
50 89
217 178
133 223
217 223
223 142
50 95
178 223
133 201
95 79
89 95
133 217
178 223
5 50
178 223
89 95
89 5
133 178
89 95
133 178
217 178
178 223
133 223
217 133
5 79
5 95
217 133
50 95
217 178
178 223
178 223
217 223
223 217
133 217
50 1
169 211
50 89
121 8
228 142
89 50
89 86
217 223
223 178
89 50
50 95
178 223
223 201
95 89
170 211
223 217
50 76
89 95
95 89
5 50
5 73
133 217
5 89
50 95
223 178
217 223
95 89
223 205
223 178
89 50
178 223
95 89
133 223
89 95
95 5
95 89
178 223
217 223
178 223
133 217
235 141
89 95
50 95
95 89
95 89
89 50
89 95
178 223
15 34
217 223
89 95
5 95
217 223
5 50
95 50
5 50
223 217
5 50
178 223
178 133
217 178
95 5
217 178
217 178
50 95
50 122
223 178
5 95
217 133
217 223
5 50
133 179
223 217
50 95
178 223
223 133
217 223
178 223
217 178
178 217
95 5
95 5
89 95
223 133
89 50
178 223
50 42
178 223
95 99
133 217
95 75
50 92
89 50
5 89
95 14
217 223
89 68
223 217
223 217
89 95
50 89
95 89
217 223
89 95
133 148
133 178
89 95
89 50
178 217
178 189
17 80
223 217
198 234
89 50
178 217
217 223
95 5
89 95
5 89
223 217
89 95
217 223
50 95
95 89
217 223
217 223
5 95
133 178
5 95
50 89
89 50
5 61
5 95
133 217
133 182
95 5
217 178
89 95
217 133
178 223
217 133
217 223
223 133
5 50
217 178
50 89
50 7
5 47
223 178
95 89
95 14
50 95
89 95
217 223
95 5
178 128
89 95
5 89
217 223
217 223
54 105
89 50
217 223
51 18
142 209
56 5
249 207
178 217
89 5
178 223
217 133
89 95
178 223
178 223
50 94
89 95
223 217
217 178
223 217
95 50
89 95
95 5
95 5
178 188
50 89
217 223
191 224
217 178
169 134
223 217
89 50
95 89
133 178
133 178
217 223
178 223
133 205
95 5
178 232
133 223
133 160
95 50
89 95
133 195
223 188
217 223
178 217
5 95
50 95
133 223
178 242
95 50
133 201
133 223
133 217
217 178
50 89
223 217
89 42
223 133
217 223
133 217
217 223
223 217
95 89
89 95
89 50
89 95
224 254
217 223
223 248
5 73
50 89
178 223
223 217
223 217
133 223
95 89
217 223
8 20
89 1
223 217
223 217
178 133
5 41
178 173
223 217
95 89
95 41
5 95
223 178
249 133
5 50
89 5
118 65
89 95
217 223
95 5
217 178
217 223
133 223
5 93
223 178
133 223
89 50
223 217
133 223
217 223
223 217
217 223
223 217
95 14
50 68
50 95
89 50
223 178
217 223
95 89
223 133
89 50
5 95
178 223
95 89
50 5
89 95
223 151
178 223
95 89
95 89
95 5
89 95
50 5
217 223
133 178
5 95
5 50
223 151
178 133
50 89
133 223
223 151
217 223
95 23
5 95
89 95
89 95
50 35
133 209
178 223
99 86
50 89
223 142
95 89
89 5
95 50
217 133
89 95
50 95
217 178
50 89
223 251
178 223
5 39
95 89
89 21
95 5
89 95
223 217
95 89
217 223
223 133
89 50
223 217
50 95
96 32
89 117
89 95
217 133
50 95
50 5
96 95
95 50
5 50
217 223
217 142
50 89
223 217
95 50
5 95
223 178
133 178
223 178
95 23
5 50
95 89
223 194
89 50
89 95
133 223
133 178
5 89
95 89
89 95
89 5
133 223
89 95
178 223
95 89
178 223
223 133
178 223
178 222
5 47
223 133
223 178
89 95
95 89
89 95
217 223
50 95
95 14
95 14
217 223
133 217
89 50
95 5
89 50
45 50
5 95
217 133
5 95
217 148
5 47
5 63
133 223
13 107
89 50
192 148
89 5
54 83
223 133
253 238
95 89
178 133
89 5
133 251
95 50
133 201
5 95
178 217
95 5
89 5
95 89
89 50
223 217
50 95
133 178
179 184
20 64
223 133
133 223
217 133
133 217
95 23
94 22
68 15
89 105
5 16
95 89
89 95
89 95
95 50
5 95
5 50
50 84
217 223
217 223
89 95
89 95
178 133
217 251
133 217
217 223
50 119
178 223
5 12
89 95
223 142
178 227
178 223
95 5
14 50
89 50
5 95
223 217
178 133
223 178
223 217
223 138
223 151
217 223
89 95
145 204
89 80
217 178
217 156
95 89
217 223
217 223
95 50
5 95
217 178
223 133
223 151
223 217
178 223
217 133
178 223
133 178
89 95
223 133
223 217
223 178
95 89
125 57
217 223
95 20
89 95
217 223
5 73
89 50
223 133
175 133
223 217
178 217
217 223
89 95
95 89
223 133
95 5
178 223
95 89
95 89
50 95
178 143
223 142
217 133
89 95
217 178
217 178
133 223
5 95
51 89
253 157
95 5
89 95
5 95
178 166
5 95
178 223
217 178
89 50
95 14
17 111
133 210
50 0
89 50
133 223
95 56
133 217
223 178
95 89
253 214
217 223
133 223
217 133
133 223
63 96
217 223
50 89
5 95
223 217
217 223
95 38
5 50
95 89
223 217
133 217
5 50
50 80
95 89
223 217
178 223
5 95
95 89
95 89
5 50
41 83
89 50
178 153
89 50
217 223
217 148
217 223
217 223
133 223
223 217
5 50
89 95
95 89
217 146
178 223
133 223
89 95
89 117
178 223
133 217
217 133
178 225
89 95
89 95
133 223
217 178
217 223
223 217
241 222
223 133
133 223
95 89
178 217
50 89
95 89
89 95
50 95
178 217
217 223
89 50
89 32
178 223
178 217
178 251
50 95
79 83
5 89
223 217
217 178
178 223
178 223
217 178
217 133
5 50
133 223
217 223
133 178
95 23
217 133
217 133
5 73
95 89
217 223
5 89
54 89
217 178
50 95
89 95
133 223
95 5
95 89
178 223
95 89
178 223
192 243
89 5
89 95
125 95
178 223
223 217
223 217
89 74
223 133
217 223
89 46
89 5
89 5
95 14
178 223
223 217
89 95
89 60
133 223
89 95
50 5
133 217
89 95
95 89
89 95
217 178
5 89
5 95
89 70
133 223
217 133
178 223
223 178
50 89
133 223
178 223
133 223
50 95
223 217
5 89
50 95
41 68
5 47
95 50
249 237
133 223
5 89
95 89
133 201
178 223
217 223
133 178
95 23
196 143
217 148
223 133
133 217
217 223
50 95
223 217
223 217
133 178
217 133
89 50
5 57
217 223
5 50
223 217
217 223
217 133
89 95
95 89
79 54
89 50
89 5
89 95
95 89
5 47
5 95
95 50
253 241
223 178
217 223
95 8
5 89
5 89
89 50
133 217
133 223
89 95
5 95
223 133
223 217
95 89
5 95
223 152
89 95
89 95
5 95
64 83
41 68
95 39
217 223
95 50
223 253
178 217
89 95
217 133
178 223
89 50
217 133
175 133
217 244
5 95
223 217
223 217
95 14
217 223
89 5
50 95
50 95
133 223
5 95
50 95
89 95
5 47
20 8
95 89
95 23
95 71
178 217
95 5
217 223
5 102
95 89
217 223
169 196
223 133
223 217
223 133
228 142
89 5
89 95
133 217
178 208
50 5
50 89
133 178
89 5
5 95
133 176
178 223
217 223
217 223
133 217
50 95
5 89
89 5
5 50
95 89
178 223
89 50
223 178
89 95
89 95
143 162
5 50
133 178
5 50
50 95
89 95
121 20
89 50
133 201
253 134
217 223
217 223
178 233
217 223
50 95
95 89
89 20
217 223
178 217
133 223
95 5
95 89
178 223
95 50
95 5
89 5
133 178
68 15
178 223
223 217
178 222
223 217
50 89
217 223
182 212
89 95
68 15
89 95
20 106
241 203
89 10
89 95
15 23
217 223
95 5
89 95
223 133
5 89
133 223
5 89
217 133
5 95
133 223
95 89
223 217
5 89
89 68
50 89
133 223
133 217
223 217
5 50
133 178
217 133
217 133
178 133
51 59
178 223
169 151
223 178
58 75
217 223
178 223
178 199
223 142
217 223
217 223
217 178
95 89
217 178
50 89
217 223
89 95
223 217
107 120
5 73
89 5
89 3
217 223
89 76
223 217
223 217
133 223
223 217
89 30
178 223
142 209
223 178
89 50
89 50
217 223
95 50
50 95
41 22
89 5
178 223
223 217
178 223
133 178
178 217
5 95
5 50
89 50
223 217
223 136
133 178
89 95
89 95
95 5
50 95
50 95
64 106
5 50
5 79
95 89
95 50
50 95
89 57
75 24
51 31
95 5
89 50
5 95
5 95
89 95
50 95
223 217
178 223
50 95
42 51
223 217
178 223
89 95
95 50
89 95
95 89
89 95
133 217
223 217
223 217
89 95
95 89
223 133
50 89
89 95
217 223
217 178
133 217
223 217
89 95
217 223
223 217
89 50
89 95
217 223
201 133
217 178
178 223
133 223
89 102
95 5
50 95
223 217
95 50
223 133
178 217
50 95
89 95
5 47
223 178
50 78
217 223
223 178
217 223
95 50
89 5
223 148
133 217
217 223
211 253
178 181
50 95
217 133
89 95
217 133
178 217
89 95
89 95
95 89
133 175
50 95
217 178
50 89
217 223
5 81
95 5
95 89
223 217
94 19
5 95
95 89
95 5
89 95
5 95
192 140
5 95
223 217
89 95
223 217
133 223
89 95
89 95
217 158
178 223
178 217
133 217
89 5
50 89
133 201
217 223
5 50
209 170
5 89
217 244
50 95
51 123
5 50
178 223
89 95
5 95
89 95
95 89
217 223
50 94
178 223
95 89
5 73
50 89
89 94
178 223
95 50
217 223
223 217
95 89
178 145
111 70
178 223
95 50
217 223
178 223
89 95
95 5
222 184
89 95
217 178
217 178
133 217
5 77
89 5
223 178
133 223
223 217
50 95
223 133
89 50
182 178
192 148
178 217
217 133
89 14
247 227
89 5
95 14
89 95
178 139
178 223
89 95
178 217
191 224
14 81
223 178
223 217
133 223
50 89
223 217
133 223
5 95
89 5
192 211
223 178
95 5
95 5
178 223
95 23
217 223
95 5
178 213
133 201
5 95
95 14
94 83
223 133
217 133
89 5
89 95
41 70
95 89
217 178
223 178
217 223
223 142
95 89
133 178
89 50
50 95
125 98
5 50
89 95
95 14
5 95
209 192
50 98
133 223
100 14
89 50
223 217
50 95
96 67
217 133
50 95
50 95
50 5
133 223
178 191
217 178
178 223
5 95
95 50
178 136
133 223
50 20
5 95
89 95
50 95
217 223
5 95
151 223
50 5
89 95
50 5
178 223
5 89
50 95
217 223
217 223
217 178
95 5
95 50
178 223
89 120
217 178
223 178
50 95
5 35
54 60
95 89
95 50
223 178
223 178
178 223
50 89
133 223
133 201
223 217
5 95
95 50
178 223
223 178
89 95
133 223
50 95
217 133
133 178
178 223
89 95
223 133
95 5
95 50
42 111
223 133
95 89
133 154
50 5
217 223
95 5
5 95
169 193
74 20
50 95
178 133
89 55
89 95
217 133
50 48
133 201
217 164
217 172
217 223
217 178
178 223
133 201
50 95
217 223
133 223
223 217
223 217
133 223
133 178
65 24
178 223
209 170
253 198
89 95
89 5
133 199
217 139
133 201
121 83
50 5
5 95
178 133
223 240
178 217
95 5
217 176
50 13
89 109
50 95
217 133
50 98
50 89
5 95
217 223
178 217
178 223
217 178
217 223
95 50
34 111
95 50
50 5
118 65
223 179
217 223
89 5
5 89
223 139
5 95
50 95
223 133
217 203
217 178
50 95
89 95
249 171
50 95
95 89
89 5
178 223
133 223
178 133
178 223
89 50
50 23
133 240
217 178
5 89
95 23
217 223
89 95
246 170
89 95
178 223
223 142
178 217
217 223
217 133
95 46
5 50
223 217
5 95
133 178
178 175
95 5
95 5
217 203
89 95
89 50
133 223
5 95
133 217
223 178
217 223
89 55
217 133
5 89
95 50
178 133
178 223
178 133
50 5
133 223
133 223
50 89
95 50
95 5
133 200
178 217
89 95
89 95
133 223
217 223
133 223
50 95
223 178
133 223
95 50
5 89
223 178
50 95
89 95
223 217
5 95
89 95
95 5
5 127
95 5
95 50
89 95
217 223
227 134
178 133
89 70
217 178
223 178
99 81
133 223
51 73
50 5
217 223
89 95
89 40
50 89
95 14
89 95
95 89
41 15
223 178
50 95
68 15
50 52
95 5
5 95
223 217
95 5
95 89
157 223
133 223
133 217
223 217
217 223
50 63
95 50
133 217
169 183
89 50
178 133
133 217
169 147
217 133
89 95
95 50
5 47
89 95
133 223
223 133
89 50
50 95
217 178
5 89
133 178
89 50
223 133
133 178
217 178
89 95
125 26
178 223
133 223
217 223
50 30
178 133
95 23
5 64
89 50
133 251
95 79
95 23
95 89
5 83
95 89
65 34
121 25
100 14
95 89
217 178
178 217
5 95
50 95
223 151
89 50
95 89
217 223
217 223
178 223
95 5
133 223
95 89
50 95
217 223
89 95
95 68
223 133
5 89
125 106
5 4
95 117
89 50
5 50
95 79
95 84
133 207
95 89
217 223
5 95
5 95
133 217
178 209
5 89
50 95
5 95
223 178
217 223
50 5
178 223
89 50
178 223
223 142
223 175
95 89
89 95
133 217
95 45
95 5
217 241
217 178
217 223
223 217
100 14
217 223
217 223
64 8
178 223
5 89
223 133
133 223
95 89
89 95
178 223
95 50
5 95
217 223
223 217
70 42
133 223
223 243
95 89
217 223
217 223
223 204
223 217
133 217
217 178
133 217
50 5
217 223
89 5
133 223
95 89
5 95
89 50
95 5
217 223
107 13
89 100
217 223
217 223
223 217
178 223
20 64
223 133
5 51
217 223
89 51
95 50
89 95
5 59
133 223
50 95
217 223
89 50
133 187
217 178
50 89
223 217
95 89
178 223
50 26
217 133
89 95
95 50
178 217
223 217
89 95
133 223
133 201
217 133
50 5
95 89
89 95
178 223
253 175
133 223
148 249
50 5
89 50
50 89
217 223
95 23
5 95
89 50
5 95
143 162
17 80
89 95
89 95
223 217
133 223
217 133
50 95
133 223
133 223
50 5
5 95
178 133
89 5
133 178
89 50
5 42
5 89
133 217
217 178
178 158
217 223
50 95
223 180
217 178
89 5
95 5
95 14
217 178
95 29
5 89
89 95
5 73
89 95
50 95
217 223
5 95
133 223
5 95
89 95
223 217
89 5
178 223
178 223
178 223
224 244
217 178
5 50
224 132
217 223
5 95
50 95
89 114
5 95
223 133
133 178
217 223
223 217
89 5
133 178
223 217
143 211
223 133
217 223
64 13
178 223
50 58
217 223
50 89
95 89
217 223
89 95
227 175
223 217
133 248
5 50
89 95
217 223
223 146
5 51
95 18
223 151
95 89
89 95
89 50
223 145
217 223
217 178
217 223
217 223
133 223
223 133
5 95
50 5
133 217
223 217
89 95
217 189
89 95
5 95
83 15
133 223
217 223
5 73
223 178
5 95
95 50
223 178
95 50
95 89
5 50
133 175
133 244
178 223
178 223
223 133
133 209
223 178
223 178
217 223
5 95
95 50
89 5
95 5
133 223
217 223
5 95
95 89
223 178
5 89
223 217
223 217
42 51
95 5
89 95
50 95
217 223
89 95
50 89
95 89
178 133
178 223
50 95
133 178
217 223
95 5
217 223
178 217
143 211
50 95
89 95
178 223
223 217
223 178
223 217
41 122
50 95
121 102
95 5
50 5
217 133
217 223
5 95
133 201
95 8
89 95
217 243
178 166
95 89
95 5
249 228
89 5
50 5
217 223
89 50
50 74
217 223
89 95
95 14
217 133
95 5
50 51
217 188
89 95
133 217
223 133
95 50
95 50
223 158
241 202
217 223
223 133
50 95
223 217
133 223
133 217
178 223
50 95
178 221
89 5
50 95
95 121
89 95
50 95
145 226
217 223
133 178
178 223
89 5
50 95
95 50
89 95
89 50
223 217
223 178
217 141
223 133
89 95
95 89
64 104
50 89
5 95
5 89
89 95
223 217
50 123
223 217
223 217
95 14
133 223
95 89
5 50
50 89
95 89
217 178
89 95
133 178
89 50
95 50
95 89
178 133
95 89
95 89
5 95
89 50
89 95
217 223
217 223
133 223
223 178
217 223
217 133
217 223
5 95
89 38
223 217
133 178
89 50
178 223
223 133
217 178
217 178
89 50
5 89
89 76
