256 10000
133 223
95 89
95 89
50 5
133 217
223 178
223 133
217 223
89 95
89 50
5 95
5 89
89 50
95 50
217 233
151 169
207 145
5 50
95 89
223 133
89 95
217 223
95 89
89 5
95 5
217 223
89 95
50 95
217 223
217 223
125 15
5 95
217 223
133 217
5 50
217 168
178 223
50 5
5 95
89 5
178 223
223 133
217 223
89 95
96 127
95 5
223 185
133 201
32 74
217 178
133 223
217 199
95 50
89 95
217 178
95 112
89 50
5 89
5 95
217 133
178 223
217 136
178 217
89 95
133 178
89 5
223 133
41 23
5 95
50 5
95 50
95 50
89 50
89 14
95 89
95 63
5 42
217 223
89 42
133 223
217 223
89 50
89 50
5 89
217 223
223 142
89 95
5 89
95 50
15 34
223 217
217 150
89 50
133 223
50 95
223 178
95 50
247 148
14 100
223 151
64 127
50 95
95 5
89 95
223 217
178 156
5 95
95 5
223 209
223 178
133 178
89 95
217 223
5 95
5 95
89 95
64 12
15 79
217 178
5 47
89 95
5 89
50 41
89 95
178 133
89 95
5 89
50 89
89 95
178 249
95 50
5 50
95 89
217 178
217 223
217 178
50 52
217 223
89 95
89 5
89 5
178 133
5 89
89 95
89 95
223 217
89 95
95 5
5 95
89 95
178 217
5 89
223 178
95 89
223 133
178 223
95 50
217 178
89 50
50 95
223 217
89 92
95 89
5 50
89 95
217 223
95 5
5 73
133 217
178 223
133 223
50 89
145 223
217 223
223 217
5 68
95 0
178 223
178 223
41 11
95 89
5 50
133 223
95 50
217 178
89 95
50 95
50 95
178 223
178 177
178 217
50 89
50 95
95 17
217 223
119 5
5 95
133 223
95 50
223 217
95 50
178 217
95 89
223 217
89 95
50 95
133 253
89 95
223 217
5 89
133 178
133 178
223 211
193 248
50 95
217 223
89 95
223 133
121 24
50 10
95 75
217 223
89 50
95 89
50 89
133 223
94 122
89 50
217 223
120 42
95 89
191 248
89 95
178 146
95 5
95 89
223 217
223 217
217 178
89 95
178 133
5 96
223 142
217 178
133 170
133 217
89 95
223 178
223 158
89 5
5 95
217 133
5 95
217 223
5 50
223 133
217 178
5 50
89 95
89 95
217 133
89 95
178 223
223 217
89 95
89 95
5 95
133 223
133 201
133 223
223 133
223 178
133 223
95 50
178 223
133 238
223 144
50 5
133 217
178 223
95 89
217 223
223 133
89 50
217 133
50 79
89 50
133 217
217 220
89 5
41 15
223 178
223 217
50 5
5 50
178 223
89 95
89 5
217 178
217 142
50 5
50 47
95 91
74 54
217 223
5 47
178 223
223 142
159 227
217 223
89 95
196 143
217 250
95 89
178 223
217 178
133 178
178 223
145 205
223 178
133 223
217 156
89 84
178 133
178 223
95 83
50 89
217 133
223 142
133 217
95 89
89 95
217 224
223 217
217 223
89 95
217 178
50 89
89 50
217 223
125 48
89 95
228 247
5 95
50 35
223 178
50 95
95 5
5 95
223 217
95 89
223 142
133 149
89 5
217 178
89 95
133 201
89 95
217 178
89 50
5 95
95 89
95 89
178 223
223 217
223 217
5 123
133 217
247 251
160 202
89 95
5 54
89 50
223 217
5 95
217 178
50 55
51 109
95 5
89 95
5 50
223 199
5 50
193 172
95 50
217 178
217 223
133 178
228 179
89 50
89 5
89 50
5 47
5 95
223 211
217 133
133 223
95 89
133 217
217 223
223 217
142 209
217 178
217 178
50 95
89 50
223 133
217 223
178 133
95 5
5 47
50 30
95 66
5 50
50 89
89 5
50 101
50 95
223 170
95 89
223 217
223 217
178 167
89 95
89 95
95 50
50 5
50 95
223 178
178 138
89 95
20 64
217 223
95 5
223 178
95 5
89 95
107 13
50 89
133 223
89 95
5 50
89 57
95 89
89 95
133 223
133 223
217 223
133 223
178 133
223 178
223 217
217 178
223 238
209 192
89 107
178 223
89 95
178 217
5 73
133 223
95 89
223 178
178 133
178 217
89 95
89 95
217 223
217 223
133 217
217 223
133 217
95 89
50 5
217 206
133 217
95 89
95 89
178 217
5 50
223 151
133 142
95 5
243 217
89 50
95 50
178 133
89 57
178 223
217 223
223 151
89 75
217 133
89 95
89 95
89 50
50 5
223 217
95 5
89 50
133 223
217 223
217 178
217 223
223 217
95 50
95 89
253 177
217 178
64 89
217 178
89 95
5 89
217 243
223 178
56 5
95 5
5 50
5 50
125 5
50 89
223 217
217 223
133 223
89 95
217 178
178 133
223 169
143 207
95 89
223 133
5 50
5 42
95 89
89 95
95 89
178 246
5 95
89 95
249 207
178 223
217 133
89 50
50 89
89 95
217 223
178 223
217 223
5 95
70 42
178 223
5 89
178 217
89 95
5 89
217 223
89 95
178 133
217 223
133 203
5 89
223 178
89 95
95 89
133 223
223 133
50 83
133 223
50 89
89 95
223 178
89 95
89 50
95 50
217 133
178 217
223 133
133 178
95 71
5 89
5 95
5 78
50 95
217 223
95 89
178 217
89 95
133 223
89 5
223 133
217 133
95 50
14 81
178 217
217 178
178 223
17 35
217 223
89 95
217 223
89 95
223 178
133 223
89 95
217 178
223 178
178 223
223 217
89 116
133 217
89 5
5 95
95 50
89 95
89 65
13 64
95 5
217 133
178 133
95 125
223 217
89 95
217 133
145 167
133 223
217 223
133 223
223 133
5 95
178 133
223 217
223 178
50 95
133 217
223 166
178 217
217 133
95 50
223 178
95 89
50 95
223 217
178 223
5 50
133 223
178 223
217 223
223 177
17 98
178 141
217 223
5 89
50 95
178 217
133 217
89 95
133 217
178 223
182 227
133 223
89 95
223 178
95 5
50 95
95 57
217 178
223 217
233 178
95 89
217 223
223 178
133 178
5 89
223 217
217 223
50 116
50 95
217 223
5 95
89 95
89 50
223 178
5 58
178 223
89 95
227 169
95 89
95 89
5 73
217 223
217 223
223 151
217 223
5 95
223 217
50 5
217 223
133 223
5 95
5 95
50 89
249 241
217 199
5 95
100 119
5 50
98 47
5 95
178 223
217 223
95 5
95 5
217 223
50 95
50 5
89 95
217 223
223 221
5 107
89 95
179 220
217 133
223 178
89 5
223 133
20 123
89 95
125 65
100 14
133 217
50 95
95 89
41 70
5 95
178 223
50 5
54 5
50 5
95 5
5 95
89 5
217 223
89 95
223 217
133 178
133 178
251 247
241 133
217 223
162 133
89 95
178 223
217 223
65 4
217 178
178 223
95 89
133 217
133 217
89 5
133 223
5 107
89 95
95 89
223 217
133 223
5 95
89 5
95 50
217 178
5 89
95 50
133 223
5 14
223 217
223 133
178 133
50 89
133 178
133 175
217 223
89 95
95 83
217 142
217 223
95 89
5 95
178 223
133 178
178 210
95 89
133 217
178 217
95 89
89 95
178 133
178 154
217 133
89 95
133 217
89 50
223 133
89 95
50 5
89 76
178 133
95 5
5 95
89 95
178 223
89 95
182 153
223 178
223 178
5 89
223 217
178 223
133 223
50 17
217 223
178 133
95 50
50 95
95 50
89 95
217 178
50 95
223 133
178 133
5 95
223 133
133 223
217 223
133 178
50 95
50 95
50 95
217 223
133 178
223 217
89 95
217 223
228 142
89 95
133 223
5 95
178 223
89 95
223 217
50 5
50 89
89 95
178 223
89 95
170 209
178 149
50 77
133 175
50 20
223 217
191 207
178 217
217 223
217 223
5 13
223 151
50 95
223 133
15 34
89 95
223 217
223 217
89 95
133 217
223 217
5 89
95 89
50 116
125 59
223 251
169 198
223 188
217 196
133 223
133 223
223 217
5 95
217 178
5 89
5 67
223 217
5 89
169 223
89 95
178 133
89 95
50 16
133 217
51 112
95 5
211 234
5 89
89 95
223 133
178 133
50 95
95 14
217 223
50 5
89 95
223 166
217 223
89 5
217 223
95 83
223 244
217 223
95 50
217 178
217 205
223 217
217 223
5 89
5 95
178 217
223 178
89 95
50 95
133 223
223 178
89 95
5 95
133 217
89 95
217 133
50 5
217 133
50 95
50 95
217 223
50 121
50 89
133 217
133 223
20 64
50 95
50 95
95 50
89 95
223 217
89 50
219 169
133 178
178 223
107 13
223 151
178 133
50 95
178 217
50 95
223 133
89 95
217 178
89 95
89 95
223 217
178 217
217 133
178 133
95 50
5 50
217 133
217 223
223 178
89 95
89 95
89 50
89 95
217 178
95 75
95 23
13 64
95 89
178 133
223 217
178 133
95 89
95 14
95 5
50 95
81 42
89 95
50 95
5 95
95 89
133 178
217 133
223 142
133 223
89 95
64 60
95 89
223 178
95 0
223 133
89 5
89 95
89 95
133 223
133 223
89 95
95 89
223 217
95 5
133 201
182 224
178 217
64 50
217 133
217 246
217 178
50 95
178 223
217 223
217 178
89 50
107 13
217 133
50 89
217 223
95 89
217 223
178 223
95 89
217 178
223 133
217 133
89 95
193 200
89 95
50 89
5 64
89 50
178 223
50 95
125 107
95 89
89 50
217 223
223 133
5 79
89 95
217 223
133 178
5 95
5 50
223 178
223 151
89 95
95 50
133 223
223 217
178 223
5 47
5 101
223 217
217 178
223 133
5 95
68 15
223 217
5 89
223 217
178 223
95 50
89 5
89 50
5 89
89 95
223 219
89 95
89 95
50 95
89 5
178 186
95 89
217 223
223 178
223 178
50 89
178 223
217 223
89 54
5 89
223 178
15 79
95 89
95 89
94 46
95 5
100 119
89 5
217 223
50 95
223 217
99 102
217 223
89 95
217 147
50 51
223 178
223 133
217 178
5 73
50 89
133 223
223 178
5 89
223 129
217 178
217 223
223 221
95 118
5 95
178 217
133 223
133 175
95 23
95 89
178 223
5 95
5 95
223 178
223 178
217 223
133 223
223 217
50 5
193 152
5 89
5 50
217 223
223 178
5 95
5 95
178 133
133 217
89 95
223 145
15 34
89 50
249 251
89 95
5 95
217 223
133 223
95 5
178 223
5 89
133 223
5 50
5 95
223 217
217 133
89 71
89 95
50 95
133 223
65 125
235 248
223 217
217 223
89 95
223 217
50 89
89 70
89 50
95 17
223 217
223 217
95 14
5 73
5 89
178 223
89 95
50 89
217 223
223 178
5 89
95 89
20 64
89 95
223 178
68 15
89 26
95 89
89 50
133 223
222 177
95 5
50 123
133 201
217 223
217 223
89 38
217 223
223 217
178 133
227 148
223 142
119 8
89 95
50 95
5 50
133 217
50 95
133 217
223 178
50 5
133 146
217 223
178 223
5 95
133 178
223 178
50 95
50 95
95 50
15 83
89 95
223 217
223 217
217 223
50 89
178 217
5 50
196 143
178 223
89 95
223 133
118 111
223 142
50 95
226 134
5 47
178 244
217 133
89 0
89 50
191 248
133 178
89 95
223 178
178 223
170 157
50 95
133 223
89 1
133 201
133 178
223 217
223 217
217 223
50 95
89 50
89 50
175 133
223 151
217 133
89 95
223 133
178 133
95 89
95 89
217 223
5 95
217 223
95 89
192 211
217 223
89 79
5 73
50 95
89 95
133 238
223 133
89 95
133 178
89 5
5 54
217 223
50 17
133 251
217 178
133 217
223 217
239 192
5 95
89 95
89 95
223 142
95 5
50 5
178 223
223 217
95 5
89 20
217 223
223 217
95 5
89 50
217 223
223 217
89 38
253 238
223 178
192 156
5 50
95 89
50 95
217 133
50 95
223 142
95 50
89 95
50 95
50 5
223 178
223 133
223 217
217 211
50 95
133 217
89 95
81 79
178 217
95 5
89 1
223 178
223 178
178 189
5 95
217 223
5 50
5 50
133 178
217 223
50 95
50 89
133 178
217 223
217 223
95 5
178 223
5 110
50 89
223 184
89 50
89 50
223 151
133 223
89 5
89 95
50 89
5 95
50 5
89 95
95 50
5 95
217 178
217 223
223 204
5 50
217 133
217 223
5 95
50 95
89 95
223 217
178 223
5 89
89 95
5 89
5 95
95 14
217 178
50 89
95 50
133 223
133 217
133 178
178 223
89 95
5 50
95 83
89 83
223 178
50 18
89 50
223 217
5 50
118 65
50 5
178 217
223 217
89 50
47 20
217 133
95 89
217 223
133 223
217 223
249 140
89 50
50 95
50 53
5 95
217 133
178 223
5 89
5 73
54 70
217 223
5 89
223 133
5 50
89 5
253 166
217 178
89 95
95 89
50 89
5 95
217 223
217 223
5 95
95 89
217 223
178 223
223 217
50 95
89 50
5 89
89 50
217 144
95 89
50 95
89 95
89 50
5 95
217 220
133 217
133 196
5 89
217 223
179 191
133 223
217 178
5 89
133 179
133 223
95 5
217 237
217 223
50 101
133 178
5 95
223 237
78 125
50 95
217 178
5 95
223 217
133 217
95 5
50 95
95 5
217 178
223 217
89 50
178 223
178 130
133 151
143 162
5 50
95 89
5 42
95 50
178 133
95 50
217 227
95 5
89 95
5 42
95 89
133 178
50 95
89 95
5 89
178 223
133 223
65 36
217 223
223 217
89 95
89 50
223 217
5 89
178 133
223 217
95 5
100 54
89 95
178 217
50 118
217 133
178 223
178 223
193 152
89 95
178 217
148 192
95 14
217 223
50 95
223 203
169 151
223 217
95 89
89 50
178 223
5 50
178 217
89 50
217 223
95 50
133 223
217 223
5 95
178 223
217 223
217 223
133 217
133 201
241 186
133 178
223 217
133 217
178 133
89 95
50 95
51 13
217 223
178 223
223 133
95 50
133 217
217 178
89 50
178 133
95 50
50 89
95 50
133 199
217 223
223 178
217 223
133 244
125 10
5 50
223 217
133 223
5 95
89 95
178 223
95 89
89 95
5 89
5 50
95 5
217 223
50 5
223 178
95 5
5 95
5 95
89 5
89 95
217 178
5 50
224 160
64 17
217 223
95 50
223 217
89 95
89 47
89 95
178 223
178 133
133 178
223 131
5 50
95 5
5 89
89 95
178 133
217 223
198 187
89 95
223 178
95 5
95 89
89 95
217 178
178 223
223 178
50 95
5 89
95 89
89 95
50 43
178 223
217 223
95 5
223 217
89 95
223 217
249 198
95 89
145 253
50 95
50 67
95 80
20 64
133 217
217 178
133 151
89 95
217 223
23 95
133 223
133 217
50 95
50 95
133 223
178 223
95 89
223 178
50 5
223 178
50 89
89 50
133 178
5 95
95 5
50 89
178 133
5 50
178 223
223 217
217 223
5 95
95 50
217 133
5 89
217 223
133 223
95 89
95 89
133 217
89 5
50 20
5 95
95 50
89 95
217 223
89 94
5 73
95 5
89 95
178 133
223 217
95 89
217 223
95 5
223 217
95 89
50 5
5 89
217 178
5 89
178 223
95 89
223 217
5 73
217 223
223 217
5 115
178 217
178 168
217 133
50 112
5 95
217 223
211 222
5 89
178 217
133 223
89 95
5 95
95 14
95 5
89 95
178 223
217 237
223 151
178 223
95 50
217 133
178 149
95 89
95 5
223 199
223 217
178 223
170 179
5 86
223 217
5 95
133 223
133 217
223 199
95 14
5 95
50 95
133 178
133 223
5 89
5 73
133 175
5 107
178 133
95 89
89 95
89 95
178 217
178 217
94 83
50 29
95 56
178 217
95 5
217 223
118 65
89 77
178 196
217 178
247 148
178 223
223 133
50 95
50 95
5 95
217 223
5 89
143 207
133 178
89 95
5 95
96 86
223 133
223 217
95 5
89 95
95 5
217 223
89 50
223 217
223 133
178 133
89 95
5 89
95 5
5 95
178 223
5 95
178 223
89 74
63 120
217 178
50 95
178 133
5 95
89 95
50 95
89 95
223 151
50 95
5 50
89 5
217 133
41 70
178 133
50 5
133 223
89 95
178 223
5 89
50 95
133 178
133 141
178 223
217 133
89 5
95 75
217 133
178 207
133 223
50 95
5 95
5 93
89 95
95 89
5 50
89 95
133 223
89 50
217 178
89 5
5 50
50 95
95 5
178 147
223 217
5 83
223 217
133 223
95 89
79 54
246 193
178 223
50 95
50 92
178 223
20 64
5 95
196 143
89 95
89 95
50 89
217 223
5 95
50 89
217 223
5 89
223 217
217 223
95 89
223 246
223 217
133 223
217 178
178 133
223 133
178 217
5 89
50 95
223 151
95 89
133 223
95 25
5 89
178 223
95 23
95 89
5 50
89 5
5 50
89 95
95 50
89 5
133 223
50 95
223 217
89 95
95 5
95 89
89 50
89 5
50 54
223 217
178 217
89 95
50 95
217 178
5 89
96 54
95 50
217 223
5 50
5 95
223 178
223 199
217 133
191 207
217 156
89 95
58 113
178 166
178 141
5 95
178 217
178 133
89 5
89 50
79 63
50 111
133 223
5 95
89 95
41 38
217 223
5 95
89 95
178 223
223 217
223 210
133 178
223 221
95 89
89 20
133 223
217 223
217 208
217 223
217 178
89 5
192 222
50 95
217 223
50 89
217 148
223 178
178 223
217 223
50 95
89 95
224 177
133 201
50 89
178 217
249 211
5 95
5 89
95 5
133 178
5 89
89 50
217 178
133 178
217 223
95 5
89 97
178 223
50 95
95 89
5 89
217 223
75 89
133 223
217 223
95 23
217 223
223 157
217 223
217 223
217 178
5 95
178 185
50 95
178 223
224 132
5 95
217 144
178 223
89 95
50 5
217 223
89 95
5 89
5 89
178 223
5 92
50 95
89 95
223 217
89 95
133 223
89 5
217 223
89 95
178 223
178 223
133 178
89 29
133 223
217 223
223 133
95 23
223 153
223 217
54 50
95 50
5 95
178 223
50 89
217 223
50 91
217 223
50 95
133 223
89 84
89 50
133 223
217 223
83 106
217 223
217 225
178 223
89 95
50 71
50 5
133 175
178 223
223 217
223 178
223 217
89 95
217 133
89 5
50 17
133 223
50 21
89 5
223 142
89 95
89 102
95 5
89 95
95 5
89 95
223 238
50 95
50 95
223 211
217 178
95 5
5 89
95 89
217 223
223 178
223 133
95 89
203 217
95 50
89 95
95 38
95 50
50 95
133 223
15 34
217 206
89 95
5 89
217 223
178 133
95 89
89 95
217 223
223 151
178 223
223 217
50 95
50 36
223 217
50 74
223 245
223 133
223 217
95 89
50 5
133 166
50 5
178 223
178 223
95 89
89 95
5 95
89 95
223 133
223 178
89 95
178 217
95 89
50 5
133 154
95 43
50 95
223 217
5 89
89 95
5 73
89 95
217 223
223 217
217 133
50 95
217 223
95 89
50 1
217 178
133 223
89 95
89 5
227 207
5 89
217 211
5 50
63 79
217 223
217 223
217 223
223 151
223 217
223 178
133 223
223 217
89 95
50 5
217 178
133 178
133 217
95 89
223 217
223 217
178 217
95 50
223 178
178 223
50 119
5 95
89 95
178 221
133 223
5 51
223 178
89 95
89 95
50 95
133 223
178 223
5 83
5 95
17 107
217 133
178 223
133 178
178 223
217 223
58 75
50 89
178 223
95 5
178 226
217 206
50 95
50 89
5 95
178 129
133 223
89 116
217 223
89 95
89 95
223 133
223 196
5 95
133 223
148 136
89 95
169 143
179 208
223 217
63 120
95 89
223 217
5 47
89 95
89 20
89 95
133 154
50 5
89 95
217 223
223 217
50 99
95 77
50 5
223 133
50 5
223 133
217 223
89 50
223 178
178 133
50 89
89 95
133 223
89 73
223 133
133 178
223 217
179 191
145 208
95 50
223 207
217 223
50 95
223 217
217 223
178 223
89 50
50 84
133 217
133 223
14 100
223 217
95 89
89 50
89 5
217 178
5 95
89 95
223 217
5 89
223 151
95 89
223 178
223 217
178 133
178 133
207 211
89 50
223 217
217 223
50 57
217 178
223 178
133 178
178 223
95 89
133 217
217 178
50 5
217 178
217 133
223 142
89 95
89 5
217 212
133 223
191 224
89 95
89 5
217 133
95 5
223 217
95 50
89 95
133 223
133 223
95 89
95 93
217 178
178 128
223 217
223 217
133 217
217 223
5 95
50 89
89 95
217 178
5 50
95 5
50 95
89 5
95 5
5 89
50 89
217 223
5 47
89 5
95 89
50 53
178 223
217 223
68 15
178 171
5 127
178 159
133 232
223 217
217 223
5 89
217 223
217 178
223 178
95 5
89 95
247 136
178 223
95 5
217 223
89 95
175 133
89 3
217 223
217 133
223 178
217 223
5 95
89 50
95 5
133 148
178 204
50 89
95 5
89 95
133 178
223 178
99 79
223 227
89 95
50 95
50 5
50 89
187 217
133 217
89 95
95 50
133 223
133 223
95 50
246 193
178 217
89 95
95 5
223 133
89 50
178 223
223 217
89 95
133 223
234 198
89 95
133 223
217 178
143 207
50 95
178 142
217 178
217 223
217 178
192 211
178 223
133 223
148 136
5 89
95 89
133 223
5 89
228 247
50 5
133 217
178 133
223 151
178 223
95 5
133 217
223 142
50 5
223 217
89 95
223 178
5 64
223 217
5 95
223 217
14 81
178 223
223 217
223 217
223 133
95 23
89 95
5 50
5 89
133 217
178 133
223 178
50 95
50 126
217 178
178 223
89 50
50 95
223 217
89 95
89 5
50 5
217 133
5 89
95 5
217 223
5 95
217 235
133 223
133 223
217 133
89 50
217 223
5 50
89 95
42 94
217 223
95 50
95 89
95 50
217 178
223 133
198 170
95 89
178 132
5 50
95 5
100 119
178 133
89 50
89 95
95 23
95 5
95 50
89 95
133 217
100 119
223 133
68 15
89 50
95 89
217 220
50 95
118 65
89 95
5 89
222 229
50 95
217 178
89 95
133 178
133 223
79 54
50 95
95 89
95 77
192 137
121 35
223 217
178 223
50 95
178 223
133 178
89 5
217 223
95 89
95 46
95 50
96 15
217 223
191 248
133 217
217 223
34 111
5 13
217 133
217 229
223 185
223 178
133 178
223 151
223 217
228 247
217 223
95 89
89 5
223 217
217 223
217 178
95 5
89 116
50 95
192 220
133 223
95 5
133 178
89 95
191 224
89 95
95 89
50 95
217 133
89 50
133 217
95 89
223 178
89 42
133 217
5 123
178 217
95 5
50 95
95 50
178 210
50 95
50 17
217 133
50 5
50 95
217 173
95 89
217 223
5 89
133 223
125 3
5 89
217 178
95 5
95 14
89 95
217 223
178 223
50 95
95 89
249 160
63 42
217 178
5 50
191 248
224 203
5 95
178 133
89 50
5 73
5 8
50 95
89 95
133 178
95 5
54 53
217 212
133 223
217 223
196 169
5 95
50 74
89 95
223 178
89 95
89 50
133 217
95 50
133 217
178 223
95 89
223 178
5 95
95 50
95 5
217 223
217 223
217 223
133 223
217 223
95 50
5 89
217 223
133 217
133 223
223 217
95 5
95 50
217 178
50 5
133 217
207 147
223 133
5 50
95 5
89 5
217 210
95 14
50 95
95 50
89 50
50 95
89 95
17 91
223 217
20 8
95 89
5 95
99 109
50 95
133 223
5 95
89 95
223 217
119 123
217 250
89 95
89 5
217 178
133 217
223 211
133 208
5 50
89 95
217 133
95 50
133 223
89 5
178 223
223 217
89 95
50 5
41 23
223 178
133 178
89 95
133 178
5 95
5 95
223 178
89 47
223 217
133 201
50 5
217 178
133 217
95 50
223 133
133 223
178 217
178 223
5 73
123 119
217 223
133 178
223 217
50 95
89 28
178 131
50 89
178 223
223 217
223 178
178 196
151 223
89 95
5 110
68 15
89 95
223 211
217 146
95 50
95 89
89 95
178 223
95 89
50 123
217 223
95 50
217 223
217 223
217 178
133 201
217 250
178 223
145 163
217 223
5 47
227 199
50 95
223 142
217 178
223 217
5 50
95 50
5 95
178 217
5 95
223 217
5 75
5 50
223 133
89 50
133 223
50 95
89 50
95 89
89 95
89 95
223 133
95 89
217 223
50 95
178 217
223 133
89 95
178 217
51 34
133 178
217 178
95 50
178 223
84 50
5 50
5 73
89 95
5 50
89 30
217 133
217 178
95 50
94 104
95 89
133 178
50 95
223 133
223 178
89 95
95 89
217 223
178 224
223 207
178 223
95 89
228 142
95 89
14 81
95 89
217 178
95 89
95 50
95 89
89 5
95 5
50 95
133 178
95 50
133 211
95 50
178 223
89 5
223 217
223 151
178 223
133 202
95 23
178 223
95 50
89 5
223 217
223 217
217 223
50 95
223 178
217 223
5 93
217 223
223 217
217 178
5 73
50 95
217 174
89 50
178 133
249 207
50 95
223 178
95 5
50 95
133 141
217 223
223 178
89 123
5 95
95 50
89 95
95 89
89 95
20 64
50 95
5 89
5 95
42 51
133 223
95 5
217 169
133 223
223 133
217 223
133 223
178 217
223 133
178 223
223 133
89 5
89 50
5 50
50 46
95 89
95 5
133 138
89 5
5 89
89 95
95 123
95 89
217 223
89 95
223 178
5 95
217 178
223 217
95 50
249 164
217 223
223 217
133 178
178 223
178 191
223 217
5 47
50 122
223 178
217 223
89 95
5 95
223 178
5 50
223 217
95 50
95 14
217 223
217 223
5 95
217 223
95 89
217 223
89 95
223 217
217 178
95 89
5 84
89 95
95 50
217 149
178 223
95 50
217 251
133 223
178 223
50 89
217 223
241 186
178 129
133 223
223 178
217 178
223 217
223 178
5 50
89 95
95 5
178 223
223 178
89 95
95 71
178 217
50 5
217 223
178 152
178 133
95 89
119 50
133 178
217 133
223 217
223 217
217 178
95 50
89 5
223 178
223 217
217 223
178 129
133 217
50 110
89 109
178 223
89 95
95 89
89 50
95 89
5 47
95 89
89 95
178 217
133 175
217 223
95 89
89 5
94 96
223 217
50 52
89 50
209 170
217 223
89 5
95 5
50 5
5 23
178 223
227 149
178 223
223 133
56 5
50 5
217 178
5 50
14 55
133 223
223 217
95 50
217 223
178 251
217 223
68 41
50 57
223 133
5 89
58 75
5 95
50 92
178 241
178 206
217 223
179 173
89 95
178 217
133 223
63 96
89 95
89 95
133 217
217 178
5 95
95 89
95 89
50 95
133 178
217 223
133 201
133 223
228 247
217 223
50 5
20 8
217 133
95 14
5 47
63 120
217 160
89 95
50 5
217 175
5 95
217 223
95 50
178 223
133 217
95 89
133 178
89 50
217 223
5 50
95 89
89 95
217 223
95 89
223 151
5 95
95 50
121 54
5 28
133 244
223 217
95 50
5 89
95 89
178 217
223 217
89 123
89 31
5 95
95 89
217 223
178 223
249 148
95 89
5 95
89 95
133 217
89 95
5 89
235 141
95 50
95 50
89 5
89 50
95 23
5 95
50 95
217 223
95 50
145 230
89 95
223 178
217 223
217 178
193 162
178 223
217 223
50 95
89 5
133 217
5 50
217 223
217 223
223 178
133 223
89 95
95 89
133 178
95 89
5 99
217 223
89 50
95 89
217 178
223 133
217 223
89 5
50 95
95 5
133 178
95 5
5 47
178 189
50 95
5 50
95 89
217 223
217 174
217 223
217 133
89 68
178 217
178 217
15 83
95 89
5 95
95 50
89 5
95 50
223 217
95 89
95 50
50 95
89 5
217 178
133 212
64 52
217 223
5 115
5 50
5 50
95 89
89 95
89 50
133 178
20 8
89 95
217 223
95 5
241 186
50 95
95 50
89 95
145 183
223 133
178 133
47 20
89 95
95 50
5 95
217 178
133 201
95 50
133 201
133 217
50 95
223 217
148 136
223 178
95 50
217 223
223 217
50 118
217 223
95 5
178 223
217 223
95 5
15 83
95 50
133 223
217 223
223 255
178 223
133 217
50 125
179 191
217 223
95 79
95 50
89 95
5 95
133 223
217 223
217 223
51 100
95 89
133 217
251 247
133 223
207 182
5 89
95 5
217 223
217 178
217 223
5 95
95 89
50 95
133 223
223 212
58 75
89 50
50 95
191 248
217 223
95 50
178 133
178 133
5 95
17 92
89 95
89 50
223 217
89 95
217 223
223 217
83 106
223 217
5 89
89 95
50 95
217 223
217 223
5 80
95 14
178 223
223 133
63 96
178 217
209 192
223 217
50 95
95 89
95 5
89 50
223 243
63 79
5 50
241 186
95 89
89 95
5 89
133 178
89 95
217 223
223 217
89 50
89 95
89 95
133 223
95 5
89 95
217 133
89 95
89 95
178 147
217 133
178 133
223 217
217 133
74 20
160 202
217 224
95 89
133 145
133 169
113 58
133 178
89 50
89 95
89 5
50 114
217 223
217 178
133 217
223 133
42 113
5 95
178 223
217 211
223 217
89 109
133 211
95 89
223 133
95 5
95 50
178 223
89 95
217 223
133 141
89 95
99 117
217 190
95 23
186 203
217 223
95 89
89 95
217 223
217 223
89 95
217 223
223 178
223 178
50 95
217 223
89 49
178 223
5 89
217 223
50 89
50 95
95 89
217 178
223 178
50 95
223 217
133 223
178 133
95 5
178 223
133 217
217 133
223 217
89 50
178 223
118 65
95 89
223 217
133 175
89 95
95 5
89 95
50 95
50 89
50 54
217 243
89 95
133 223
246 170
89 95
5 50
223 133
20 121
5 89
192 214
223 202
133 223
133 217
217 223
178 217
178 223
89 95
89 95
217 223
223 178
89 95
95 5
178 235
5 113
89 95
223 154
179 249
5 95
133 223
95 5
95 89
95 89
223 217
178 223
223 133
223 217
15 83
223 133
5 89
5 95
223 217
5 89
133 217
217 223
50 95
217 178
95 5
217 223
5 95
5 95
89 95
133 217
5 95
89 95
89 5
178 223
217 223
41 70
74 100
223 142
133 217
95 50
234 198
89 95
217 133
192 139
223 217
178 217
217 223
50 95
50 95
223 217
125 17
5 89
5 95
224 145
95 89
89 95
223 217
217 133
5 95
217 223
89 95
95 89
50 95
50 99
223 217
95 5
95 89
89 95
89 50
89 95
64 9
89 95
178 217
217 178
89 95
217 178
178 217
178 167
50 5
96 16
133 178
133 228
217 219
223 178
89 95
5 50
50 5
178 223
5 50
5 95
223 217
95 89
89 95
89 50
50 121
133 175
223 142
89 95
217 160
89 95
133 175
217 133
50 118
5 23
217 223
5 89
223 133
223 178
89 95
107 13
89 95
196 143
95 89
89 95
23 95
133 191
133 178
133 223
253 226
89 91
223 217
95 89
217 133
50 92
89 50
50 95
89 5
5 95
89 5
217 223
217 223
125 46
223 217
5 89
133 178
42 51
50 57
89 50
5 50
89 50
95 50
89 5
133 223
217 223
217 223
95 89
223 178
217 133
50 95
178 223
217 133
217 223
178 223
5 95
50 95
42 51
50 95
89 95
89 95
223 133
217 223
50 5
89 95
217 133
223 142
89 95
133 178
15 34
133 217
178 133
223 217
133 178
217 133
89 95
95 89
223 217
89 28
5 47
217 178
89 95
89 95
99 83
217 223
95 89
95 5
50 95
145 140
133 217
95 89
89 95
5 95
89 95
133 217
133 223
89 95
133 223
223 217
95 89
133 175
5 89
89 50
58 113
5 89
178 223
89 95
95 123
223 178
217 148
217 223
223 133
223 211
89 95
223 217
89 95
5 89
50 95
192 189
178 223
95 5
89 95
217 223
50 5
217 147
89 122
95 89
133 178
178 223
89 95
178 217
133 244
133 223
133 223
95 89
5 47
5 50
223 133
89 95
50 95
217 223
5 95
95 89
89 95
178 223
95 50
217 223
89 50
217 178
89 5
217 223
223 178
5 101
89 5
133 217
217 223
95 5
95 5
89 95
178 223
223 133
133 217
95 89
223 133
178 173
89 95
217 178
95 89
63 5
217 223
217 178
223 217
95 50
89 95
217 133
94 12
192 134
133 223
64 94
89 95
89 95
223 133
217 211
95 5
223 217
5 50
95 89
133 146
51 80
89 95
133 217
95 89
223 217
89 5
89 5
217 223
133 223
217 223
95 50
50 5
217 133
119 123
95 89
5 30
178 217
178 223
217 223
95 50
89 95
95 89
95 50
89 50
223 217
178 223
223 217
50 95
178 170
145 228
95 96
217 223
217 223
178 223
5 123
98 29
179 211
50 5
95 89
95 23
95 50
178 223
89 5
217 223
133 223
223 217
89 95
5 95
223 133
95 89
217 223
223 217
133 217
89 95
95 89
133 201
223 178
51 61
89 95
118 65
89 50
89 50
133 223
89 95
145 223
50 95
89 50
133 178
223 217
15 34
89 95
89 95
223 151
95 89
217 178
223 133
217 223
133 217
89 95
95 50
50 89
5 121
95 79
95 5
5 51
95 89
95 89
223 178
89 95
95 50
50 95
89 95
95 89
217 223
5 95
89 5
5 79
5 47
50 95
89 95
95 50
95 5
50 95
223 217
89 95
89 95
133 223
89 95
50 95
217 133
89 95
182 217
95 5
50 95
178 217
50 89
89 95
51 125
217 223
217 203
5 95
217 223
223 250
5 47
178 154
178 133
50 95
223 133
217 223
89 95
133 201
5 73
223 217
89 50
5 89
217 223
133 178
50 89
89 31
217 158
95 50
211 143
178 223
178 223
178 130
133 178
223 178
223 217
133 223
223 217
217 223
50 95
89 95
178 223
5 89
217 245
178 223
133 153
89 95
217 133
133 217
95 50
133 178
178 196
133 217
223 217
217 223
95 4
217 245
178 223
50 99
89 95
133 166
217 223
178 217
178 205
50 5
89 50
50 5
217 223
217 178
50 95
5 120
95 50
187 198
178 217
175 148
64 42
217 223
95 99
133 178
217 223
223 217
95 4
133 223
217 223
217 223
196 169
178 226
95 89
223 217
223 178
223 217
217 179
178 217
89 50
133 217
23 95
217 223
5 50
178 136
50 95
89 95
217 178
217 159
89 50
5 89
217 223
223 142
217 178
95 89
217 223
178 217
7 70
246 141
217 223
133 223
5 89
217 223
217 178
50 89
95 89
89 95
133 217
133 223
253 226
217 178
178 223
95 89
217 223
133 223
89 95
217 223
50 18
89 50
50 95
223 217
223 151
50 95
217 223
89 50
217 223
133 217
223 133
95 50
5 73
217 223
192 211
5 95
223 217
223 133
223 178
186 241
148 192
133 217
5 95
178 223
217 244
95 89
223 217
95 50
89 95
133 223
133 211
217 223
5 73
223 133
133 175
5 4
95 89
217 223
50 89
235 141
217 223
107 13
223 133
95 5
223 217
133 223
5 95
5 97
95 89
133 223
5 50
89 95
95 89
223 133
217 223
95 5
5 89
178 217
5 50
89 95
217 133
96 70
95 89
223 178
133 217
50 95
5 18
89 95
178 223
89 5
133 223
133 201
5 50
133 217
217 178
178 223
95 50
133 223
223 217
89 95
133 178
133 217
223 133
217 223
50 95
95 89
178 223
217 223
143 162
95 71
169 198
179 225
133 217
223 178
217 223
95 5
89 95
95 89
133 223
95 50
133 217
133 175
133 224
89 95
89 50
223 217
133 217
217 133
50 89
89 95
223 217
5 83
89 5
217 133
133 217
5 95
223 217
95 50
145 208
5 89
50 91
89 95
217 178
89 50
89 95
89 95
89 57
217 223
217 223
222 199
217 223
217 223
143 207
5 20
5 95
50 5
89 95
5 89
89 95
50 95
133 217
247 228
5 89
217 223
89 50
5 50
89 50
89 95
50 95
95 89
89 5
95 89
217 223
178 235
178 133
223 142
95 89
95 20
95 5
95 89
95 89
95 89
223 217
133 178
54 73
217 181
96 91
95 5
5 95
89 95
95 5
95 89
5 95
50 95
89 81
133 223
223 221
178 223
125 98
50 95
217 223
223 128
178 223
95 89
223 178
50 95
178 223
89 95
223 167
207 208
223 217
223 217
192 223
133 223
217 223
95 54
217 223
223 217
65 99
95 5
5 50
223 217
217 223
133 217
5 95
95 122
89 50
223 245
217 223
95 5
89 95
223 217
217 223
89 95
217 178
89 50
217 133
83 106
89 95
223 178
41 83
133 178
178 133
50 95
89 95
217 223
51 63
178 223
133 223
217 223
89 93
89 95
95 50
217 193
5 95
50 95
95 50
217 133
89 95
95 50
95 89
5 95
217 223
5 95
217 146
5 95
89 95
178 223
5 95
89 5
133 223
145 200
89 95
223 217
223 217
178 223
89 78
217 223
95 50
178 223
99 22
178 223
95 5
95 5
217 133
95 50
95 50
217 202
17 0
89 109
246 193
178 223
178 223
95 89
217 178
178 223
217 223
223 178
68 15
89 95
223 178
5 95
58 24
223 217
217 223
178 223
50 95
178 209
182 195
95 5
89 5
133 178
89 95
223 217
5 50
217 133
178 223
178 223
217 178
178 223
89 95
217 133
217 178
95 94
223 217
217 223
133 178
89 50
99 107
89 95
196 143
217 223
223 187
5 89
5 26
217 223
89 50
178 217
63 120
223 217
217 251
133 217
217 223
253 172
217 223
15 79
178 223
95 5
50 95
95 14
217 133
5 14
223 178
95 89
89 5
223 178
178 223
89 95
178 223
133 217
133 223
5 79
118 13
5 89
95 5
223 217
217 223
133 223
89 95
5 95
133 201
95 89
178 217
245 223
5 89
178 185
133 169
178 223
95 89
50 12
89 50
178 217
133 175
223 217
50 84
50 5
50 57
89 5
89 95
50 95
95 89
50 18
5 42
217 223
149 222
89 5
89 50
217 223
217 223
141 235
178 223
5 89
217 223
217 178
217 223
50 89
89 95
217 223
217 223
133 175
133 178
95 89
23 95
133 217
5 89
95 5
89 95
5 95
192 148
5 38
89 38
217 223
223 133
217 223
95 89
133 217
50 95
95 23
170 179
223 217
89 95
89 5
95 5
217 223
20 64
89 95
5 95
89 95
5 50
133 217
223 217
5 89
217 223
178 223
217 223
89 5
89 95
5 50
50 5
50 1
223 178
89 95
217 196
202 228
95 89
50 95
217 223
5 89
5 95
178 223
133 223
50 95
5 118
50 95
217 235
133 223
223 217
223 133
25 106
223 178
191 207
89 5
217 223
192 211
178 217
133 217
54 124
89 95
217 223
5 28
95 89
178 217
223 217
95 89
133 204
217 223
89 95
178 133
89 95
50 5
133 223
223 191
178 223
196 169
95 50
50 89
217 253
89 95
5 89
133 223
133 223
217 223
133 217
133 201
133 217
223 142
95 89
217 223
95 50
95 89
95 5
50 95
89 95
89 50
89 95
223 217
217 223
95 89
89 95
89 5
217 223
5 95
95 5
178 133
217 178
223 251
50 89
178 223
191 224
95 5
95 50
178 217
133 223
89 95
50 95
217 223
95 89
133 223
95 52
133 223
178 133
133 223
217 223
133 178
217 223
170 239
223 217
222 211
5 89
89 5
5 81
50 5
217 178
15 79
223 217
50 30
50 89
5 95
151 211
133 211
223 178
133 217
178 223
217 238
223 217
178 223
133 217
133 223
223 217
5 95
217 223
133 217
217 211
223 178
169 207
100 119
178 145
223 178
217 133
89 95
178 133
223 151
217 223
223 217
223 217
223 178
133 192
217 178
95 89
133 223
5 89
50 97
178 217
95 89
217 223
50 95
50 95
133 217
50 95
217 223
95 50
217 223
95 50
217 223
96 81
217 133
217 151
89 50
223 133
119 20
133 178
217 178
223 211
133 217
217 223
50 95
5 95
178 223
217 223
95 31
217 223
50 95
133 223
223 222
148 136
95 94
50 65
217 223
89 50
217 223
133 223
89 5
178 217
217 223
178 223
223 133
95 50
217 229
133 246
89 95
133 178
5 3
133 223
95 89
89 50
133 179
95 89
223 217
95 5
50 95
95 89
95 5
95 89
223 178
89 14
64 94
50 17
133 223
133 217
217 223
133 223
89 95
15 34
95 89
223 151
89 95
89 0
95 50
95 89
89 95
50 95
95 89
178 211
217 133
178 223
223 217
133 223
89 50
253 208
89 95
223 217
95 89
50 5
5 95
89 95
5 110
178 223
89 50
95 23
133 178
217 133
95 89
133 217
133 201
133 223
89 95
223 217
178 133
217 178
95 89
89 50
217 223
133 217
178 223
89 95
95 50
95 50
50 95
89 95
5 89
133 217
217 178
50 95
223 217
217 178
133 223
50 95
217 223
133 217
133 223
89 95
50 5
217 133
50 95
217 223
5 47
178 223
50 5
89 95
178 223
5 95
5 95
5 95
223 133
217 223
133 178
5 50
95 89
95 50
95 5
89 10
5 95
68 14
133 223
5 47
89 95
217 178
5 95
223 217
217 178
217 223
5 89
223 151
95 89
178 223
133 223
223 168
217 223
217 178
95 5
89 50
133 178
217 178
95 89
133 244
217 223
89 95
95 76
178 223
89 50
5 89
95 5
89 50
89 115
89 95
89 5
178 223
223 217
89 95
50 95
5 50
223 217
89 95
178 223
133 223
56 5
50 95
223 133
217 223
95 50
169 234
89 95
89 95
178 223
50 95
89 95
89 5
192 211
50 17
89 95
5 89
89 50
5 89
5 89
95 89
217 178
95 89
5 50
223 133
178 133
95 50
5 95
95 5
95 5
89 95
5 71
223 251
178 223
50 77
89 95
89 95
89 50
89 95
95 89
223 207
5 95
95 5
217 223
20 8
223 217
95 50
95 14
217 178
178 223
217 223
89 5
50 95
178 217
5 95
54 51
50 95
17 125
5 95
217 223
89 95
42 94
89 95
133 158
247 136
217 178
217 178
178 217
50 89
95 50
89 50
223 178
41 68
217 223
89 95
223 178
5 95
50 5
223 133
50 95
223 178
89 50
95 89
223 178
217 223
178 223
178 223
95 5
50 95
178 217
95 5
133 191
5 89
95 50
95 23
89 68
94 88
178 133
89 95
223 217
223 217
178 223
89 95
217 185
50 95
223 178
223 178
50 89
217 179
223 235
50 89
5 95
50 89
133 217
133 201
217 178
5 89
89 95
5 89
178 230
178 217
217 223
89 95
95 50
133 217
223 133
186 241
5 89
133 157
89 50
133 223
5 95
81 42
223 178
5 95
178 217
133 217
95 23
178 133
89 95
223 178
133 178
5 95
217 178
15 83
217 223
133 223
95 5
89 116
133 223
50 5
217 223
5 89
95 89
89 56
178 223
133 178
178 133
217 223
178 142
223 133
95 5
217 223
217 223
95 50
5 89
217 223
51 56
95 50
217 223
133 223
125 28
175 178
5 95
223 217
217 223
133 217
95 5
89 5
133 223
95 89
5 95
217 133
123 119
89 50
178 133
178 185
89 50
223 217
223 133
50 89
223 178
89 95
191 207
217 178
223 217
89 83
5 89
50 95
223 178
50 20
217 223
217 178
111 95
217 223
95 117
178 223
89 50
50 95
223 217
89 50
89 95
89 95
95 5
95 5
89 5
95 5
95 5
5 89
217 133
223 133
5 20
203 217
50 95
133 178
178 223
95 89
223 133
5 17
217 223
89 5
5 83
178 223
50 95
178 223
95 50
89 95
50 95
223 133
217 133
5 48
223 217
17 5
178 223
217 223
178 223
5 73
178 154
95 50
178 217
95 23
223 178
74 5
5 89
95 43
89 63
217 223
178 223
89 50
178 154
223 217
223 178
125 79
252 178
89 50
145 163
138 223
95 5
89 50
133 217
89 50
223 133
95 89
89 95
95 50
95 5
133 201
95 89
95 50
223 217
5 95
178 223
217 223
217 133
178 223
50 95
217 223
89 95
95 89
89 5
133 217
99 120
95 89
133 201
217 223
50 95
89 5
217 223
94 20
178 217
223 217
217 223
217 178
5 95
223 217
89 95
178 223
50 89
63 42
217 133
89 95
17 80
5 89
235 133
89 95
95 89
133 178
178 217
223 217
133 217
50 95
95 89
50 95
217 223
223 217
95 50
5 95
217 223
89 50
217 223
133 178
89 50
50 95
217 223
178 223
89 50
178 133
89 95
223 133
50 89
89 5
95 89
223 217
89 50
217 181
223 217
95 82
5 89
178 223
113 50
217 223
133 217
15 83
223 133
95 5
178 223
223 217
89 95
223 217
95 23
223 217
178 223
89 95
217 223
217 223
217 223
178 253
217 133
133 194
89 95
89 5
217 223
89 95
178 217
178 223
133 178
234 198
95 89
133 178
5 95
5 50
50 95
95 5
89 95
223 151
217 178
223 217
133 223
223 133
223 133
178 133
42 43
89 50
217 223
50 5
223 178
89 95
217 133
217 223
217 223
217 146
89 26
148 192
95 89
217 178
95 50
89 5
133 217
223 133
89 95
217 223
95 89
133 217
217 223
89 50
95 5
5 50
89 50
178 223
89 50
95 89
217 178
133 223
178 217
50 3
95 89
133 178
95 50
217 223
89 95
5 95
223 178
89 50
5 101
223 133
143 211
217 223
223 217
143 207
133 175
133 201
50 5
50 95
89 50
223 217
95 89
133 142
95 60
217 223
50 5
217 223
95 89
95 92
133 223
89 50
95 89
217 223
178 133
217 223
50 95
95 5
217 178
5 13
217 133
5 89
217 223
133 223
89 97
50 95
223 142
217 223
89 5
177 217
133 223
223 217
5 89
89 95
95 89
95 5
5 127
223 251
217 223
89 112
178 223
5 89
50 35
5 95
223 217
50 89
95 23
50 95
217 220
223 217
223 173
217 223
142 209
5 89
89 5
50 95
133 223
50 110
217 223
179 237
89 50
89 95
50 95
223 217
217 128
133 223
178 223
178 133
89 5
178 134
178 133
223 133
5 97
178 223
217 223
178 217
20 64
178 223
133 217
217 223
223 217
89 95
133 235
178 217
89 0
89 95
89 50
133 175
95 5
223 217
95 89
133 223
223 146
133 178
217 223
223 217
5 89
95 89
50 89
178 217
217 223
5 95
89 5
217 178
217 178
64 35
143 211
50 5
95 21
95 89
133 212
133 178
133 223
223 178
223 151
50 89
217 223
89 50
95 89
217 223
223 142
95 5
20 64
178 133
50 79
65 104
95 89
89 50
5 89
223 178
223 217
5 50
133 201
89 95
133 178
217 211
228 247
217 178
95 89
89 95
50 95
17 74
217 178
223 133
178 133
89 95
133 178
89 95
5 95
223 178
89 95
223 178
120 42
217 223
89 95
217 133
5 95
217 182
95 92
223 217
50 13
5 95
5 89
47 20
95 50
5 50
217 178
178 133
133 178
95 50
133 217
133 223
217 223
217 133
50 84
223 217
217 223
5 89
223 178
89 5
223 178
94 121
223 145
95 50
89 5
50 95
178 217
95 89
50 92
217 133
42 51
95 89
89 5
217 178
223 217
106 70
95 5
142 209
89 50
50 82
5 89
50 95
89 48
223 133
217 251
5 95
133 178
5 95
217 223
217 178
223 217
217 223
50 95
95 50
223 142
182 200
50 95
178 191
178 217
5 89
133 210
89 95
41 83
95 89
217 178
217 223
217 178
5 95
89 95
41 74
50 89
89 3
50 95
178 223
89 95
133 253
89 95
89 95
14 5
89 83
50 95
217 223
223 178
50 95
217 223
178 223
95 50
95 50
178 223
223 199
89 95
42 55
228 179
121 95
133 223
5 50
89 5
5 50
133 178
178 253
5 95
223 178
217 223
89 95
89 95
223 178
95 50
133 223
217 223
217 133
217 223
217 223
217 223
223 217
5 95
50 95
217 244
50 95
95 50
178 223
223 178
133 223
133 175
95 89
95 89
50 5
89 95
95 89
223 217
89 95
223 142
95 23
95 50
5 89
223 217
217 223
95 50
133 201
217 223
50 95
95 89
5 95
34 65
95 110
95 50
223 173
95 50
95 89
178 223
223 133
50 95
95 14
50 95
50 95
178 223
5 89
15 34
89 95
50 95
95 127
178 172
217 223
89 95
50 95
50 95
217 178
223 217
95 50
5 50
223 217
217 223
133 223
50 95
178 223
89 95
95 89
5 13
223 217
89 95
5 89
217 223
89 95
89 5
89 5
223 217
217 223
217 223
133 223
50 95
50 95
223 178
89 95
89 95
178 201
5 50
15 83
223 178
217 178
217 133
220 249
133 157
223 178
223 217
223 142
217 223
50 95
50 95
95 5
178 203
95 89
223 217
41 70
223 217
95 50
89 18
89 50
217 223
223 217
89 50
217 223
133 223
89 95
50 95
133 178
217 223
217 223
89 95
5 50
5 107
178 148
95 1
89 30
89 95
217 133
15 34
241 186
95 50
89 95
95 50
223 142
133 223
217 223
44 121
5 91
89 95
133 178
89 63
95 89
95 5
89 107
133 145
222 219
95 89
186 205
223 217
178 223
178 223
223 217
89 95
178 223
223 178
178 223
223 221
99 60
50 95
178 223
5 0
89 42
223 178
133 178
83 15
217 223
113 58
178 133
133 178
5 50
50 95
50 95
89 95
223 217
89 95
95 89
217 178
5 95
89 95
89 95
5 14
5 50
89 95
223 237
223 133
217 223
89 95
178 223
223 217
217 178
95 84
89 50
223 178
217 223
217 223
224 255
217 142
95 47
217 223
223 178
217 223
223 151
50 89
5 89
89 50
50 95
5 95
133 217
89 95
50 95
217 133
89 95
217 223
64 26
89 5
89 95
133 217
133 178
95 50
217 133
178 223
94 124
95 50
89 84
89 50
5 95
89 50
50 95
89 91
133 223
95 50
217 133
133 178
50 74
223 133
63 96
15 23
15 79
178 136
217 223
5 89
95 10
223 133
217 223
5 47
5 89
217 133
223 217
50 94
94 58
133 251
178 133
217 133
178 153
217 178
50 74
95 50
107 13
217 220
50 89
223 217
89 109
95 89
89 95
95 50
133 223
5 89
133 217
217 223
217 133
223 217
133 217
95 89
95 50
64 85
5 50
223 178
95 56
89 5
50 89
178 223
89 95
223 158
111 70
95 89
217 178
5 50
143 211
89 95
5 89
169 196
223 217
89 95
178 223
5 95
63 51
133 217
95 89
5 95
133 178
223 178
253 145
223 217
223 217
133 178
133 223
133 217
50 95
217 178
95 23
51 91
95 5
217 133
95 89
95 5
223 212
89 95
89 95
178 223
50 95
217 223
50 95
217 223
89 50
223 217
217 178
89 95
223 133
223 217
89 95
95 89
133 186
178 133
5 74
217 133
89 5
223 217
178 133
89 50
217 223
133 217
223 217
223 202
178 176
95 89
217 178
133 223
89 95
89 95
178 133
89 123
89 95
217 223
5 89
223 220
95 5
89 50
89 78
217 223
15 79
133 217
89 95
223 251
5 95
89 95
89 5
133 223
5 95
118 65
133 223
178 217
223 217
223 217
95 89
178 217
178 142
89 79
50 95
217 223
95 89
223 133
178 188
217 223
223 178
133 178
5 95
89 95
95 50
133 217
178 217
217 174
178 223
89 83
217 133
223 217
217 178
50 95
223 217
89 10
89 95
95 50
95 50
50 95
89 50
50 5
95 89
217 223
178 223
217 223
223 217
95 89
89 95
50 95
89 5
223 217
89 95
133 178
95 50
89 95
50 95
5 89
95 89
223 144
217 142
89 95
5 50
95 89
95 89
223 205
178 141
178 223
217 178
95 89
5 89
217 133
89 50
133 217
95 50
143 211
89 95
5 95
223 178
95 89
217 133
95 89
113 58
95 23
133 223
95 5
113 58
89 95
223 224
50 16
95 80
133 217
133 223
241 133
42 51
217 223
217 203
50 89
50 10
133 223
5 95
217 223
223 133
179 163
217 178
217 133
223 133
178 217
223 217
50 95
178 217
95 89
133 223
178 162
223 178
5 89
133 223
133 217
95 75
217 178
89 95
217 223
5 73
217 223
95 89
50 95
217 178
89 95
89 95
241 186
89 95
50 17
217 178
241 133
41 68
217 223
217 223
178 217
95 66
223 217
50 83
63 96
95 23
178 217
178 223
217 223
89 5
5 95
148 249
83 111
133 223
223 178
178 217
89 50
89 5
89 50
217 133
89 95
95 92
17 93
5 89
178 133
217 156
217 223
223 133
227 225
178 133
50 95
217 223
17 19
89 95
217 178
50 95
223 133
95 50
89 5
217 223
223 178
217 133
217 178
89 95
118 13
223 133
89 95
95 79
178 147
89 95
89 50
5 95
95 50
95 5
217 223
95 89
217 223
225 217
95 23
89 95
217 151
217 223
5 89
63 120
217 223
95 50
133 217
169 135
89 50
217 178
34 60
143 211
223 217
89 95
95 89
223 217
95 117
223 178
100 119
133 178
223 133
217 133
50 89
50 54
89 95
133 217
95 94
95 50
217 223
5 95
223 217
217 223
223 203
95 14
217 223
217 223
253 178
89 95
223 217
50 95
133 223
223 151
223 217
89 95
50 95
223 217
178 133
223 178
223 151
95 5
5 8
89 95
217 223
89 50
133 178
223 217
191 248
89 95
89 95
133 201
95 5
95 5
89 50
50 6
133 217
95 50
178 133
217 223
133 223
253 198
89 95
83 106
89 5
223 178
89 50
133 178
223 178
133 178
133 243
133 178
89 95
5 89
95 50
178 217
5 89
5 95
133 223
223 217
89 95
89 95
223 217
223 217
95 5
133 217
89 95
50 89
133 223
178 217
50 95
5 89
95 50
5 50
133 223
217 223
133 217
217 223
89 50
223 217
89 23
217 134
89 50
50 95
95 89
178 223
5 89
95 50
217 178
237 217
217 223
5 50
223 217
133 223
5 95
95 5
178 204
89 95
217 223
89 50
15 79
89 95
217 223
5 50
89 95
178 223
95 50
184 133
5 95
217 133
217 223
50 10
5 89
217 223
5 95
217 221
223 217
133 182
217 223
223 178
5 89
178 223
50 95
50 95
148 251
89 50
5 89
217 223
50 95
133 223
5 73
89 95
133 223
217 223
217 223
50 122
5 95
133 223
178 223
178 223
217 150
89 95
89 50
133 175
217 223
89 95
133 217
217 223
5 51
50 95
95 89
178 133
223 217
133 178
253 145
89 95
217 223
217 223
178 217
217 223
89 95
217 223
133 175
217 223
5 95
89 5
5 95
223 217
247 251
217 187
178 133
5 89
133 175
95 89
95 89
217 223
133 195
95 89
178 223
5 95
89 95
5 95
95 14
89 5
42 51
133 223
178 147
133 223
223 217
95 89
50 95
50 124
50 5
89 20
133 223
89 43
178 223
178 133
50 89
133 201
64 13
95 5
145 240
217 178
217 223
217 223
5 95
223 133
5 95
217 223
223 217
89 95
89 95
133 175
113 58
83 15
179 170
5 89
178 223
121 4
95 50
89 5
223 217
50 5
5 89
133 223
95 89
13 107
217 223
217 223
5 74
133 223
133 178
89 5
95 50
223 217
223 151
89 5
223 133
217 223
133 223
209 170
54 83
89 95
89 5
223 221
222 178
133 223
89 95
50 95
95 89
133 175
217 133
217 223
217 207
95 5
223 133
223 217
133 217
5 95
89 95
133 178
217 223
133 217
223 178
178 223
95 71
223 178
223 217
217 178
217 223
133 223
5 89
217 178
142 209
178 223
89 50
217 223
217 223
89 95
179 233
89 94
133 217
133 223
5 50
89 95
217 223
5 95
95 50
217 223
223 133
178 223
145 158
223 178
217 223
5 47
178 217
133 178
217 178
89 95
50 95
89 5
223 217
133 217
5 82
133 223
223 217
95 89
133 223
217 223
50 95
223 217
133 223
5 95
89 50
217 223
50 95
133 217
133 223
217 223
223 178
95 8
217 223
50 83
95 125
89 5
217 133
98 50
89 50
217 223
50 95
95 89
89 95
5 95
89 95
5 58
192 244
133 223
89 95
89 50
89 95
217 178
50 5
95 89
50 95
5 50
217 223
133 217
217 223
50 89
95 5
133 175
178 217
223 178
223 133
223 133
133 223
89 95
217 178
5 89
223 224
89 95
217 223
89 95
5 95
223 178
89 5
50 95
178 213
217 223
223 178
51 65
217 223
5 95
224 242
133 178
50 5
118 65
95 50
50 113
50 5
95 50
133 178
217 178
133 223
89 95
107 13
50 95
178 133
217 178
217 223
50 89
5 50
223 178
20 8
223 217
178 217
89 50
95 5
178 223
178 223
89 5
133 178
223 133
5 95
217 223
5 20
223 217
217 160
217 133
89 95
178 131
217 223
217 223
223 133
5 50
223 217
65 67
133 178
5 95
50 89
223 178
133 217
178 143
133 223
89 95
178 223
217 178
95 50
95 50
217 223
89 95
89 38
5 60
133 131
217 223
95 89
223 133
89 50
50 89
89 50
179 132
217 223
217 133
223 217
50 95
133 223
5 95
178 223
217 178
95 5
133 178
96 125
178 146
178 133
5 95
5 95
178 217
95 50
217 178
89 50
217 178
95 5
95 50
95 89
95 23
5 89
50 89
223 217
223 133
89 95
5 50
95 50
217 223
253 186
223 217
133 233
5 95
223 217
223 151
178 211
95 50
178 133
89 31
217 223
89 95
89 5
5 95
5 50
89 5
89 95
95 14
178 223
120 116
178 217
89 50
223 133
223 142
95 89
5 89
217 223
178 133
95 89
15 79
5 95
95 89
95 89
50 89
217 223
73 5
95 14
5 50
223 217
50 1
89 95
50 95
178 243
5 89
89 50
50 95
133 223
178 217
95 51
217 223
217 223
223 217
125 98
133 223
133 223
89 74
145 166
89 95
89 50
133 178
178 223
217 223
89 50
50 95
178 162
192 211
95 5
5 100
223 217
217 178
130 178
95 89
178 223
217 133
89 95
249 147
68 15
89 95
178 217
217 133
5 95
120 63
133 217
50 17
223 178
89 50
50 5
89 50
89 5
89 95
5 89
217 223
50 89
178 223
5 89
133 217
95 89
50 95
217 223
89 5
89 95
133 191
217 223
65 127
133 223
95 50
178 217
223 178
95 50
246 141
151 223
50 89
50 95
133 178
95 89
89 50
50 95
5 50
217 223
133 223
178 223
95 89
5 95
217 223
133 217
89 95
89 50
223 133
224 243
5 50
89 5
223 217
178 133
89 95
95 5
178 223
178 210
223 178
133 223
95 89
217 223
5 95
89 95
95 89
116 5
5 95
95 5
223 133
178 223
89 95
89 50
133 201
5 89
217 223
41 115
217 223
25 106
223 178
89 95
223 133
223 217
223 255
50 62
89 95
217 133
89 95
89 5
178 223
133 217
133 178
169 147
50 95
223 133
5 50
178 211
133 217
133 223
178 223
223 133
133 223
5 50
95 50
217 223
217 170
121 31
217 223
89 50
178 223
5 54
89 5
133 158
133 217
89 5
51 21
89 95
42 51
217 178
178 210
50 89
95 89
95 50
217 223
223 178
178 223
95 5
50 5
5 95
178 245
178 133
5 95
95 89
89 97
178 133
95 30
50 5
89 95
133 223
89 78
217 176
133 178
89 111
217 223
123 119
217 223
5 95
89 95
89 95
5 73
95 23
223 217
217 133
5 95
41 98
5 95
89 5
5 95
95 5
223 178
217 223
133 217
223 217
253 208
93 64
217 223
95 89
89 95
5 73
95 5
50 95
133 201
223 217
89 95
89 95
217 223
89 78
217 223
143 207
5 95
217 223
223 217
133 156
95 89
217 133
89 95
95 50
100 119
95 14
223 217
223 133
178 223
95 89
178 217
217 223
217 223
5 89
217 178
95 89
217 178
95 89
133 223
217 223
223 217
5 95
223 250
223 178
89 50
223 217
95 4
133 205
95 89
5 95
217 223
223 133
178 243
217 223
5 50
50 89
50 95
223 178
95 89
50 89
89 95
223 178
95 89
223 133
50 95
89 95
133 217
223 217
133 178
178 223
178 223
89 95
133 211
223 217
133 178
217 223
223 217
191 207
223 133
50 89
217 193
178 223
207 211
95 33
223 133
223 133
169 207
89 95
50 95
133 223
223 217
223 128
89 95
217 178
217 178
223 178
95 50
178 217
217 178
223 133
178 223
99 78
89 95
136 192
89 95
89 95
89 95
217 133
95 5
223 217
50 95
5 89
50 5
178 217
89 95
5 89
95 50
133 223
223 133
5 95
178 223
89 50
5 95
217 223
5 89
223 217
15 34
217 178
95 14
5 95
89 95
89 95
50 5
5 47
5 89
178 217
20 8
223 217
5 95
217 178
89 95
217 178
89 95
133 217
95 5
36 99
50 95
89 50
217 223
5 95
89 95
217 223
125 61
95 89
217 133
217 202
223 217
217 175
223 133
133 201
5 95
217 223
89 95
95 89
5 73
217 178
95 89
223 142
223 142
217 178
217 133
50 94
178 217
235 141
178 223
95 89
89 95
217 223
5 95
94 20
223 217
178 217
217 178
178 217
50 5
133 178
217 178
178 223
178 223
217 223
99 54
223 178
5 89
217 223
133 223
223 217
133 223
50 17
217 223
121 19
217 223
133 223
89 84
153 238
217 223
178 201
217 223
50 95
95 83
217 133
50 95
217 178
89 5
178 223
95 5
89 95
133 217
178 223
95 113
217 133
42 111
95 14
217 158
89 95
95 0
5 63
223 178
217 223
227 169
178 217
5 95
89 5
89 5
141 235
89 23
89 95
223 178
178 223
217 223
89 95
217 223
89 95
95 50
95 23
5 89
178 223
95 50
217 178
89 95
217 223
178 145
217 223
95 50
89 95
5 89
217 223
5 47
223 217
133 223
89 95
133 223
133 223
217 223
133 217
133 217
63 120
223 176
222 138
89 5
89 5
50 95
95 50
5 89
95 5
95 89
133 217
89 95
178 251
5 89
217 223
217 167
178 133
5 89
133 223
223 178
5 17
95 5
217 206
196 169
217 223
89 95
217 223
133 223
223 178
95 89
217 133
95 89
217 223
89 95
89 50
178 217
223 217
95 89
133 217
50 89
89 50
89 95
123 119
5 89
89 1
95 50
5 95
50 5
178 223
223 217
178 223
217 178
89 50
95 89
133 223
133 217
95 5
223 178
95 8
217 178
89 95
95 14
50 89
178 223
217 223
50 5
179 170
89 5
89 95
5 95
133 178
5 3
133 223
68 15
95 89
5 95
223 178
95 50
50 89
5 95
89 50
133 178
89 95
170 148
178 217
133 217
170 179
89 95
5 50
143 211
217 223
178 217
106 98
5 95
50 76
217 133
217 223
5 95
178 223
223 217
133 223
95 89
95 5
5 89
223 142
217 223
89 95
217 223
178 133
95 115
99 59
5 10
50 5
217 223
222 207
217 223
89 95
223 133
95 89
182 178
217 223
178 223
50 74
50 95
89 95
89 95
94 50
217 223
64 3
178 209
95 89
223 217
5 50
223 178
89 50
217 178
223 178
133 217
89 95
223 142
96 1
133 223
133 223
5 95
5 50
223 178
5 95
5 95
133 217
50 95
95 89
50 89
89 95
5 73
178 217
89 95
89 95
133 223
50 95
50 89
133 217
63 79
89 95
95 89
223 133
89 95
223 178
217 251
5 89
223 217
223 178
5 89
178 217
51 107
5 95
5 89
145 207
5 95
133 223
5 79
95 50
89 95
217 133
5 47
217 223
169 151
223 133
217 223
15 83
133 217
50 95
50 89
89 95
50 59
89 50
5 95
89 95
133 223
5 50
50 95
65 24
89 5
223 217
50 5
217 133
133 178
89 95
217 178
5 50
89 95
133 178
50 89
223 235
133 223
50 5
217 178
182 138
178 223
95 94
253 129
223 178
50 95
223 133
133 179
89 95
133 217
50 89
217 178
95 89
133 217
89 95
133 217
50 89
223 217
95 5
223 217
89 95
96 61
223 205
217 223
95 89
95 5
95 5
5 89
133 184
223 217
178 223
95 14
223 151
133 217
95 89
5 95
95 26
223 133
50 89
223 133
50 89
178 223
217 223
89 50
223 133
178 223
95 89
89 50
113 58
217 223
226 178
95 5
95 50
217 133
95 5
89 5
41 70
223 133
223 178
133 178
89 95
223 217
217 223
210 223
217 223
5 95
89 95
89 5
5 89
89 50
223 151
50 95
133 217
95 5
89 95
89 50
113 61
5 95
178 223
118 65
133 217
50 95
50 95
51 113
217 223
223 217
95 89
217 223
5 95
14 81
89 50
167 145
217 223
133 223
223 178
5 50
169 230
95 5
50 95
217 223
223 217
178 223
133 217
217 188
223 133
133 223
217 223
217 133
95 50
95 5
223 178
217 223
217 178
95 89
89 50
50 5
89 5
5 95
133 223
89 56
223 142
217 223
217 178
223 217
113 58
89 95
89 95
89 95
136 193
217 223
50 89
217 178
133 217
223 246
89 5
89 95
217 223
89 95
5 50
95 50
89 95
217 223
223 217
89 95
217 223
178 223
178 223
223 142
89 95
89 50
223 178
95 89
89 95
95 89
217 223
217 178
223 178
89 95
133 178
223 133
95 83
95 5
89 95
223 178
118 65
95 119
223 178
50 5
178 217
50 95
133 178
223 247
5 23
89 31
118 65
217 223
50 89
125 95
178 223
179 228
217 223
95 18
178 223
217 131
5 95
50 88
89 95
89 50
223 217
89 0
89 95
89 50
89 95
95 50
89 45
5 95
89 95
178 223
50 95
95 23
133 178
178 223
50 89
217 185
89 95
95 89
235 248
178 223
95 14
50 5
217 151
50 95
223 178
133 223
89 95
217 223
133 223
95 118
95 89
5 67
223 217
222 131
89 5
41 17
217 223
217 188
217 223
95 50
95 14
95 38
94 82
89 111
133 244
5 51
89 5
133 214
5 95
133 223
217 223
133 178
89 95
89 70
217 223
95 50
95 5
223 217
89 95
56 5
89 95
89 95
217 133
217 223
89 95
217 223
89 95
223 217
5 95
89 95
50 24
217 211
89 50
223 217
178 223
178 133
133 223
217 133
217 221
178 223
95 23
50 29
178 133
17 123
95 89
223 178
217 223
133 201
50 89
223 246
5 50
133 175
178 133
95 50
223 217
95 89
217 251
178 223
95 50
95 74
133 223
178 133
223 133
95 5
89 95
100 119
227 247
50 95
178 133
223 178
217 223
89 5
50 95
223 178
223 217
178 223
50 95
5 89
95 89
223 178
217 223
178 217
5 89
223 178
133 164
217 133
50 5
217 223
95 50
89 95
50 95
89 95
95 89
89 95
133 178
178 158
178 223
89 95
50 95
178 133
50 89
217 178
95 89
89 95
50 5
217 223
223 180
217 133
223 217
50 95
223 151
178 223
50 95
95 89
95 89
5 115
41 91
50 95
50 95
89 95
95 3
217 223
223 133
223 217
89 95
217 223
217 223
133 175
223 217
95 89
133 203
50 95
95 23
217 223
223 133
89 95
217 133
133 217
95 89
95 89
178 133
223 178
94 0
95 79
217 223
50 89
223 133
217 251
223 133
178 203
95 59
178 223
50 89
89 95
5 95
89 60
95 50
50 14
223 217
5 50
217 178
223 133
50 95
89 50
202 228
217 223
95 89
95 5
217 133
95 14
5 89
133 217
89 95
133 226
31 50
50 48
223 217
178 223
217 223
89 95
217 223
95 89
50 89
178 133
5 89
89 95
223 178
133 178
50 95
95 5
95 30
223 217
95 89
95 23
217 223
5 89
89 95
89 95
5 50
223 178
178 201
50 111
95 89
89 95
223 133
50 95
95 5
95 89
50 5
95 23
133 223
223 217
5 50
223 217
217 223
5 95
217 133
20 64
178 223
223 217
89 95
95 50
95 8
217 133
217 223
133 243
178 133
50 32
125 74
95 5
95 10
95 89
89 95
217 223
50 5
5 95
5 0
217 223
5 95
223 133
133 217
133 223
223 217
133 223
178 223
89 95
133 217
133 217
89 5
223 133
217 223
50 95
223 133
223 217
178 223
196 143
133 223
223 217
95 89
50 89
223 217
178 223
196 142
217 223
133 217
223 217
133 217
133 223
89 41
223 178
50 5
178 223
89 50
89 73
223 178
178 223
54 13
89 50
95 89
217 223
217 178
217 223
95 50
89 95
89 95
217 223
217 223
217 223
217 223
178 223
133 217
5 50
223 133
217 178
178 253
95 5
95 5
50 95
5 89
50 95
178 223
50 95
95 5
50 95
217 178
217 223
5 89
223 133
95 89
89 50
5 95
223 217
133 217
89 95
5 95
217 178
50 95
125 56
5 95
217 223
133 135
95 96
217 223
95 5
217 223
178 154
51 5
223 217
50 89
178 222
5 95
89 95
89 95
95 5
223 151
133 223
196 143
178 223
89 95
217 133
95 89
5 89
182 178
217 223
89 95
50 95
95 89
178 146
217 223
223 178
89 50
95 50
217 223
223 142
5 50
50 95
89 95
50 95
50 40
217 223
89 95
89 50
95 23
89 50
5 89
5 50
95 89
217 223
217 178
95 89
217 133
50 109
178 133
223 217
5 95
178 193
5 89
223 217
95 23
217 223
89 95
95 5
223 133
95 5
95 5
41 42
89 95
178 228
5 95
89 95
50 95
133 178
223 217
178 223
5 95
133 217
95 89
89 95
89 95
235 141
50 95
217 223
95 89
223 217
89 50
89 50
50 95
89 95
50 89
217 178
95 50
217 178
217 223
89 95
5 95
89 95
217 223
133 223
217 223
50 95
223 217
95 50
217 133
89 95
133 178
109 51
178 250
133 223
133 163
217 133
169 196
5 95
89 5
182 241
217 223
217 205
95 89
89 95
89 50
5 95
178 223
5 73
89 95
89 95
217 138
217 178
217 223
89 5
217 223
223 217
223 243
178 223
217 178
223 133
217 223
89 95
223 133
20 64
133 217
133 223
50 89
89 95
178 223
5 89
95 89
223 151
95 89
89 95
50 95
178 223
133 247
5 95
192 144
191 248
217 223
133 178
217 223
178 223
178 217
223 178
95 50
178 217
95 5
5 89
51 63
217 223
223 178
223 178
217 223
133 217
89 16
217 223
133 223
223 217
5 95
133 178
133 217
182 178
217 223
178 217
5 95
89 50
217 178
217 223
217 223
179 245
89 50
178 223
217 211
50 95
133 223
178 223
217 133
5 95
223 217
5 50
160 202
50 95
133 178
133 217
5 0
178 156
217 223
5 95
5 89
95 5
89 95
217 133
50 95
5 50
89 95
223 133
217 223
89 95
217 223
89 50
223 178
133 178
223 133
217 178
95 8
217 223
50 89
89 95
15 83
89 50
50 95
145 170
89 5
5 95
5 95
241 186
50 89
178 223
89 95
5 95
89 95
89 95
182 141
217 178
133 175
223 133
50 5
95 42
178 223
133 223
223 133
89 50
89 50
5 89
217 223
217 247
89 95
217 223
178 223
50 95
41 84
50 95
223 174
223 217
133 217
89 124
217 178
133 223
113 58
217 223
178 223
178 223
217 133
5 95
89 95
121 101
89 95
63 120
178 223
223 217
5 41
170 179
217 133
95 89
217 223
217 178
5 89
217 178
217 223
89 5
217 223
95 89
5 39
133 223
89 5
5 89
223 133
217 223
50 14
5 95
223 217
95 101
217 178
95 89
50 95
178 223
217 210
95 5
217 201
217 223
89 95
14 81
217 178
95 5
89 95
95 23
133 217
133 217
95 5
5 95
133 223
95 5
192 151
223 217
5 50
79 83
5 89
89 95
223 217
178 223
95 89
217 147
95 5
133 185
223 217
89 5
192 151
95 50
133 158
5 95
95 89
50 95
50 95
178 153
217 230
50 89
223 217
89 95
217 223
89 5
95 23
223 145
223 151
178 223
223 178
217 133
178 217
5 50
223 133
133 223
50 89
95 5
145 160
223 178
50 5
50 89
95 23
47 5
133 223
95 5
50 95
184 133
95 89
133 223
178 133
50 5
223 133
223 133
95 50
223 133
178 131
133 141
89 50
50 3
217 223
83 15
217 223
223 166
133 217
89 95
95 50
89 18
217 223
217 223
95 23
89 95
223 217
223 217
95 50
217 223
95 23
5 89
223 142
223 238
217 178
223 217
95 89
5 95
223 217
17 36
217 223
89 1
217 178
133 178
5 95
89 95
89 95
5 95
217 178
5 89
95 89
50 95
148 192
50 95
133 217
133 223
133 223
89 50
217 223
50 95
99 122
223 217
95 5
133 178
133 202
95 50
50 5
217 178
5 89
95 5
89 50
223 211
178 223
50 95
50 89
95 89
5 95
223 217
169 198
178 133
50 95
15 34
178 223
5 47
95 50
217 223
223 182
178 198
133 178
50 5
89 50
223 217
5 50
223 217
95 50
5 95
143 211
95 50
50 123
89 5
95 89
217 223
133 217
217 178
133 201
133 178
95 89
133 223
95 14
5 73
178 223
217 148
223 217
89 95
95 89
217 223
89 95
5 95
95 115
223 178
217 223
95 89
89 5
178 223
217 203
89 95
50 95
223 133
95 89
5 89
217 223
121 99
95 23
50 24
223 217
5 50
50 95
178 223
178 133
223 217
89 95
217 133
89 95
223 217
89 95
248 191
133 178
94 52
89 95
178 217
217 223
95 50
217 202
95 56
5 95
217 223
89 95
95 50
5 95
5 95
223 151
89 95
95 89
133 217
223 217
95 89
217 223
217 223
178 133
5 89
95 89
95 89
133 178
223 217
217 223
217 164
89 95
223 151
217 223
95 89
95 14
217 223
89 95
50 95
89 5
217 152
89 5
95 5
121 54
89 95
217 223
95 89
95 50
217 223
217 223
217 226
217 133
89 95
50 5
217 223
253 162
89 95
5 50
89 95
217 223
223 217
89 50
5 89
217 223
5 89
223 217
89 95
217 223
143 162
178 223
95 5
223 133
50 85
217 223
50 5
223 178
50 89
223 151
89 50
5 89
5 89
95 89
133 211
223 178
5 95
64 79
89 95
223 217
133 223
133 223
223 182
178 223
89 95
223 151
95 89
145 227
64 80
89 95
178 217
143 211
217 178
95 50
133 178
133 223
223 217
5 47
217 133
95 89
89 5
95 5
89 95
178 223
95 14
5 95
89 95
223 217
217 178
5 95
133 217
95 89
5 95
178 133
95 89
217 133
217 235
89 95
89 50
50 89
223 178
89 50
217 223
17 40
223 217
89 95
107 13
223 217
89 50
223 217
95 50
89 95
178 133
5 73
133 217
217 223
217 223
50 95
50 5
133 217
89 95
50 5
217 223
95 89
99 64
133 178
50 95
148 136
217 178
50 38
223 217
50 95
217 133
89 50
217 131
5 73
223 178
95 5
95 89
133 178
95 50
50 95
217 131
95 89
133 178
223 217
89 95
178 223
235 207
178 223
217 223
89 50
133 178
89 95
95 50
89 50
89 50
50 123
217 223
217 163
89 50
89 50
5 47
223 133
133 217
217 223
222 228
89 95
178 223
223 217
5 95
89 115
223 133
95 47
217 223
95 89
223 217
5 50
223 217
89 5
178 223
75 89
125 59
89 95
223 217
5 73
89 95
89 44
47 5
118 5
95 89
217 184
223 217
89 95
223 217
217 223
223 133
95 50
95 5
133 178
133 217
223 178
253 238
95 89
217 178
95 89
223 133
50 95
223 178
133 221
133 223
89 50
223 133
217 223
50 89
217 223
95 5
223 217
79 96
217 184
178 217
89 95
217 223
5 95
5 50
89 95
223 187
247 251
217 196
89 5
95 5
223 217
95 89
133 223
133 223
89 95
95 50
223 151
95 89
89 95
50 89
223 133
96 82
223 217
178 133
178 217
217 223
50 86
5 50
223 178
217 223
89 95
178 223
223 217
133 217
223 217
178 133
95 5
217 223
89 95
5 95
223 178
63 120
223 176
133 244
217 223
50 5
5 84
178 133
89 5
95 5
133 223
89 50
89 95
223 217
95 89
178 223
50 5
133 186
217 223
50 111
217 223
5 89
94 65
223 217
5 89
89 95
133 223
217 223
89 95
64 13
133 178
223 178
89 50
95 5
50 89
223 178
217 223
89 50
95 89
178 217
89 95
217 223
143 207
217 178
5 89
95 5
223 217
89 5
223 142
89 95
50 99
5 95
178 223
50 95
223 133
217 223
89 95
223 133
217 223
81 50
223 133
246 193
217 223
217 223
133 178
191 224
118 13
217 223
95 89
223 151
89 5
223 217
89 5
50 95
89 95
50 95
133 223
89 95
89 50
223 151
89 95
217 222
217 133
178 223
178 223
5 95
178 217
217 133
178 241
5 89
196 178
217 133
217 133
133 201
178 223
50 89
223 217
133 223
223 133
95 50
223 178
5 89
5 95
5 50
89 95
50 92
50 89
5 99
95 5
178 223
223 142
95 14
217 223
133 178
89 95
169 198
217 200
178 217
95 89
223 178
133 178
217 223
95 23
89 95
217 223
89 95
5 95
50 89
95 89
89 95
5 41
192 211
133 223
133 223
95 89
5 89
50 5
50 48
217 133
223 178
50 95
95 50
217 223
41 68
217 133
133 223
95 89
223 217
178 223
223 217
217 223
95 118
159 133
5 50
89 95
89 95
217 223
5 89
95 46
178 133
223 217
81 42
63 96
223 217
5 89
133 217
5 95
178 217
217 223
178 217
249 240
5 50
178 223
89 95
5 89
95 5
133 217
89 5
178 223
89 95
217 223
89 115
133 223
89 95
89 95
217 223
217 178
5 95
178 223
178 223
95 14
5 50
50 95
5 73
169 210
95 89
5 73
253 174
95 89
89 95
223 217
95 14
95 89
217 223
217 178
223 133
223 151
95 89
50 89
223 217
217 223
133 178
50 65
148 192
5 95
89 95
89 95
89 95
253 223
95 89
133 223
178 223
50 82
217 212
89 5
223 128
178 217
50 81
5 94
217 178
217 223
89 5
170 179
121 9
217 178
42 51
50 83
133 223
95 89
178 217
223 178
64 11
217 223
133 217
223 133
89 50
217 223
223 136
5 89
89 95
50 89
217 223
133 223
89 95
95 89
50 95
217 223
95 50
89 21
50 95
89 82
223 133
89 95
5 50
89 5
68 41
50 5
50 5
178 217
217 223
223 206
89 95
211 142
95 89
178 223
217 223
217 223
50 89
133 217
178 223
223 178
50 89
95 93
217 223
5 106
148 192
95 5
89 5
5 89
95 89
89 95
217 178
217 223
224 179
240 217
95 50
133 201
223 178
14 95
217 223
217 223
89 5
95 50
5 95
5 89
95 89
95 50
89 50
223 178
133 223
178 223
223 217
5 50
5 73
50 5
133 173
223 178
50 95
50 95
51 76
95 50
223 217
5 95
217 223
95 23
68 15
5 95
217 223
50 5
89 68
95 89
217 223
89 95
133 223
89 95
217 199
95 23
223 217
217 223
217 178
89 95
89 50
83 111
227 252
223 217
217 223
5 73
50 95
178 223
89 5
178 223
133 250
223 153
89 95
50 95
5 95
217 128
50 5
133 178
133 223
223 178
89 95
169 152
50 89
50 89
217 154
89 5
50 5
223 211
95 82
89 82
217 223
95 42
217 178
223 202
89 50
95 89
95 89
217 223
133 223
95 8
217 133
223 133
133 178
50 95
133 217
217 223
95 89
178 223
217 223
178 217
89 95
95 89
223 217
223 217
223 178
89 50
89 95
5 89
217 178
178 223
133 223
223 178
217 223
217 223
217 145
50 5
5 95
217 178
89 95
223 133
178 223
95 89
89 95
178 217
5 95
89 50
89 84
89 50
178 217
217 223
217 223
133 223
178 166
95 5
95 5
5 70
178 217
223 217
217 223
133 201
89 50
217 178
89 50
89 50
178 239
178 223
217 133
5 95
50 89
133 178
50 95
223 178
50 95
223 151
133 178
178 223
217 223
95 5
5 95
89 95
223 255
50 5
89 95
5 89
223 188
133 168
133 223
100 51
217 223
217 178
89 95
50 95
217 223
89 115
89 95
223 251
5 89
178 217
95 89
217 223
217 235
217 178
89 5
5 73
133 223
89 95
223 217
178 184
89 95
217 178
178 223
217 133
118 111
95 89
5 47
223 178
133 243
217 178
178 223
89 5
89 5
50 99
95 50
5 30
95 89
89 50
5 50
89 95
223 217
5 95
5 95
178 145
89 55
217 133
223 244
223 142
47 5
5 50
89 95
217 178
89 95
89 5
50 5
50 95
5 50
89 95
217 223
95 23
178 223
95 89
89 95
178 133
217 223
50 89
217 223
89 95
89 95
217 201
89 5
217 223
222 156
5 50
133 182
178 223
5 89
50 95
223 133
217 223
217 223
217 223
223 142
5 50
121 93
223 178
133 178
89 95
133 178
217 133
89 95
223 217
223 178
133 178
95 50
227 188
217 128
223 217
89 95
89 95
223 178
89 50
5 95
223 151
50 95
50 95
50 5
50 5
217 223
89 95
50 95
217 223
178 223
50 96
217 223
223 217
95 5
95 89
170 179
217 223
217 178
143 162
133 223
50 77
178 223
133 223
63 120
50 5
5 89
178 174
217 223
178 223
5 89
95 50
217 178
5 89
217 223
50 95
95 89
50 89
145 173
223 217
217 201
89 5
178 223
217 223
89 95
89 95
17 95
178 246
223 151
5 89
89 95
223 178
50 95
178 133
217 223
223 142
54 36
217 223
178 133
50 89
178 217
217 178
133 223
95 23
113 58
54 79
133 178
50 89
94 79
223 217
50 95
223 133
133 223
5 50
89 95
217 223
142 209
217 133
223 217
5 95
133 223
217 178
133 223
89 50
223 217
47 5
223 217
65 7
217 246
95 89
178 223
5 95
5 50
50 95
95 49
50 95
133 223
95 50
217 133
223 217
133 223
5 73
145 158
95 89
223 217
178 223
223 133
50 89
217 223
223 217
133 217
89 42
223 217
95 50
217 223
223 178
178 133
5 50
217 178
89 5
217 223
223 133
95 75
95 5
89 95
95 50
217 223
89 95
223 178
217 223
5 95
145 201
217 178
50 95
223 178
217 133
95 50
5 13
198 170
249 148
5 95
178 223
89 50
217 133
217 212
133 217
5 95
50 63
5 95
5 95
95 89
50 95
223 133
95 5
5 95
217 133
95 89
89 95
217 223
95 89
217 178
217 223
217 140
89 5
217 178
178 217
5 89
121 71
5 95
42 51
246 170
223 133
178 223
89 50
178 223
217 223
133 241
217 223
223 217
223 178
5 45
223 217
133 217
223 178
79 54
89 95
178 223
223 217
217 133
178 133
217 133
178 134
217 223
125 101
223 133
247 251
217 185
5 89
217 223
178 223
95 50
95 23
89 50
223 217
95 5
178 217
217 223
50 89
50 95
217 133
191 170
41 82
89 95
217 223
95 56
217 223
162 142
5 50
89 95
50 89
191 248
95 5
5 50
178 217
89 95
223 175
133 223
223 227
89 79
89 95
142 209
178 223
20 64
223 217
54 107
217 223
95 5
50 95
178 223
217 223
178 133
95 20
241 186
64 83
217 223
223 217
50 5
133 223
217 223
223 217
5 89
178 223
133 178
95 89
217 133
89 95
217 223
178 133
133 223
217 133
89 5
217 223
89 95
95 89
89 95
75 89
145 200
217 223
95 5
133 178
89 95
5 95
178 223
224 213
178 223
217 223
95 50
178 217
178 217
145 208
95 89
217 223
120 116
5 95
223 178
178 131
89 95
217 133
89 95
5 89
142 209
95 5
63 42
241 186
223 178
65 118
89 95
133 201
223 133
95 5
5 89
217 223
133 223
133 178
217 178
217 223
5 89
50 5
89 95
5 89
223 178
217 223
5 50
178 223
223 133
95 50
217 133
89 95
246 193
223 158
223 217
95 89
217 223
223 133
99 75
95 50
63 96
133 178
89 50
5 89
5 50
133 217
50 83
95 89
5 117
5 50
178 172
217 133
223 151
50 89
193 227
42 115
89 5
95 50
89 5
50 95
178 223
133 178
178 223
89 95
217 223
223 217
223 151
223 133
217 223
50 5
178 217
223 217
89 95
95 89
217 223
5 73
178 223
178 243
133 217
50 38
178 142
5 89
223 217
178 136
178 223
5 50
178 153
133 217
95 93
95 17
89 95
223 178
89 95
5 50
133 178
5 95
50 38
133 178
95 5
97 89
89 95
178 223
5 50
95 50
223 217
89 95
217 178
133 223
89 5
5 93
89 50
118 13
50 95
95 89
89 50
133 217
133 217
133 178
50 89
5 50
223 156
133 217
89 50
217 178
133 223
89 95
223 217
95 5
217 223
5 95
89 58
178 133
95 5
223 133
95 31
217 151
15 79
95 89
89 95
111 42
50 95
223 217
89 50
50 95
217 178
5 89
95 5
223 217
223 247
89 5
223 217
95 23
133 223
223 133
217 133
50 89
223 178
133 217
95 5
217 223
50 95
95 50
50 95
89 5
223 133
217 223
133 223
241 186
95 50
95 50
5 89
133 178
5 50
217 223
5 94
217 223
95 63
217 133
5 95
133 223
148 192
133 217
95 89
133 201
5 47
223 178
50 86
178 133
223 178
223 133
133 196
223 176
89 95
83 15
95 89
178 133
217 223
89 123
217 223
223 217
133 217
5 50
89 50
133 234
178 217
5 89
89 95
178 223
89 95
95 50
95 89
170 179
178 133
95 89
223 178
95 89
89 50
25 74
223 148
217 223
217 223
148 136
133 223
89 95
89 95
223 178
5 50
89 0
50 95
89 95
217 133
223 217
217 223
50 5
223 142
178 133
89 95
5 95
223 217
89 50
5 95
54 32
178 135
89 50
95 89
223 217
50 95
223 178
50 74
50 95
95 89
50 5
5 50
95 89
217 223
5 95
178 223
89 50
5 89
223 151
50 89
178 211
95 89
5 50
89 95
217 223
178 223
95 89
217 146
133 223
217 226
89 95
50 95
217 223
5 50
95 89
223 217
5 47
89 95
217 223
217 133
95 89
5 50
89 50
178 223
217 178
217 250
133 217
223 133
50 95
89 95
15 79
133 201
217 223
89 50
125 80
94 16
5 95
223 217
5 95
121 43
223 203
217 223
89 50
192 241
217 223
50 95
133 223
223 217
50 95
95 89
95 50
50 95
5 95
223 133
5 95
89 95
89 95
133 217
89 50
50 95
95 50
95 5
191 248
89 5
217 223
89 95
133 217
223 217
5 89
178 133
89 50
89 95
89 95
133 223
5 59
89 95
178 253
95 89
95 23
50 95
5 89
145 142
217 133
217 223
133 158
223 133
217 178
217 223
217 223
89 95
133 175
50 95
133 223
178 217
89 53
50 86
217 223
50 95
5 95
217 223
228 142
217 223
50 114
89 50
89 5
89 95
133 175
5 89
178 133
50 95
89 50
14 81
178 217
5 45
133 223
178 133
148 136
217 223
133 223
89 95
223 217
41 20
133 223
217 223
95 5
217 223
89 95
95 89
217 212
5 89
95 50
50 95
223 217
178 226
178 133
178 223
143 162
50 47
7 64
133 152
223 217
89 95
95 23
5 77
95 89
51 113
5 50
178 223
50 95
223 217
223 217
178 223
133 217
95 89
5 95
50 95
5 95
133 223
50 95
89 95
217 223
217 223
178 133
95 5
217 223
50 89
223 217
5 50
5 89
217 223
133 223
223 166
5 89
89 5
133 217
89 5
5 95
217 133
95 5
5 95
17 125
50 82
89 95
178 223
217 223
178 223
95 5
223 226
133 217
89 95
5 95
95 50
217 178
133 217
133 223
217 133
50 95
217 178
217 223
223 178
133 223
89 95
50 95
217 133
178 223
89 47
95 23
95 89
89 63
95 89
5 89
95 89
217 223
89 95
178 133
217 244
50 20
133 217
178 199
148 136
223 217
5 50
217 133
133 217
94 42
191 169
5 50
5 89
50 95
95 23
133 178
89 5
95 50
133 217
217 223
223 217
217 133
217 178
217 150
178 223
50 95
178 223
50 95
89 95
15 83
89 95
223 208
217 178
217 223
50 95
5 95
50 5
223 217
89 50
178 217
217 223
50 95
50 95
192 211
65 68
133 223
178 223
89 95
217 223
89 50
217 223
223 133
217 178
95 89
223 217
5 50
89 95
178 223
217 178
133 223
222 243
50 95
133 226
5 114
133 223
5 106
217 223
5 95
50 95
133 217
133 223
5 95
95 89
50 5
217 223
178 217
95 89
217 223
89 95
89 95
178 134
133 223
95 79
89 95
217 245
89 50
178 223
223 217
133 217
217 151
145 213
5 25
89 95
133 217
89 5
217 223
89 95
178 223
50 61
95 86
223 217
50 95
50 95
96 58
178 222
178 223
223 217
95 5
50 95
50 86
5 73
89 95
217 178
89 95
14 81
228 247
217 223
217 223
178 223
133 217
217 223
5 89
178 223
178 175
178 217
217 178
223 142
50 95
5 95
133 178
89 50
223 212
89 95
217 178
113 58
133 223
41 68
95 5
100 119
89 95
178 212
217 178
5 116
42 51
223 217
178 223
178 196
223 178
217 223
95 77
223 217
95 50
95 89
217 178
217 223
89 95
95 118
89 95
89 95
143 162
95 89
41 77
223 217
133 223
89 95
95 5
178 223
95 50
95 14
89 95
223 217
223 217
217 178
178 223
217 223
241 210
89 95
95 89
5 110
133 221
217 133
95 45
217 223
207 191
89 5
89 5
133 178
89 95
5 95
217 223
217 223
89 95
95 5
133 217
217 223
217 178
50 95
217 178
143 162
133 178
89 5
95 50
89 91
249 175
246 141
