256 10000
217 223
133 223
223 217
89 95
89 95
89 50
223 133
5 95
89 95
50 95
95 60
217 246
178 217
89 50
89 5
5 95
95 50
50 18
133 223
133 223
148 234
89 50
95 89
47 5
217 225
223 128
34 111
217 223
89 95
89 95
95 5
95 89
217 223
223 217
217 223
217 178
223 178
5 89
217 223
5 89
133 178
223 217
223 151
223 209
125 32
217 223
95 50
217 223
223 217
223 217
95 82
5 68
223 178
89 50
50 5
54 30
95 23
178 223
217 223
217 133
143 207
217 178
89 95
217 178
217 223
50 63
50 95
95 99
178 220
89 95
89 95
89 95
89 95
217 223
5 89
89 95
89 122
217 223
95 14
3 50
223 133
178 223
217 223
223 151
50 89
253 227
50 95
217 133
50 95
95 50
223 151
50 89
5 95
217 223
217 246
63 96
133 217
95 89
95 89
133 178
89 95
217 235
133 223
217 223
223 178
5 89
133 178
178 133
217 178
50 95
133 221
89 95
217 133
95 89
95 50
217 223
178 223
217 223
223 217
95 89
95 5
5 50
223 133
217 133
178 187
50 95
42 81
178 223
217 223
217 223
95 89
133 196
223 151
89 95
89 50
89 50
223 133
223 178
5 95
217 223
89 95
89 95
178 217
89 95
223 217
133 223
170 179
223 217
133 217
89 50
133 223
133 223
182 254
50 95
89 95
100 14
223 217
223 178
178 223
95 89
89 50
223 178
217 178
223 222
223 217
223 178
50 95
89 95
217 223
89 50
5 20
5 95
223 133
223 217
203 217
217 223
95 50
223 133
178 217
5 49
50 5
217 206
96 93
133 223
89 5
50 5
5 95
95 5
178 223
50 95
5 89
223 133
133 223
51 50
178 133
5 95
223 217
133 223
178 145
223 217
133 223
217 223
217 133
217 133
169 196
50 95
217 223
223 178
95 89
178 223
89 23
223 217
133 208
222 238
89 95
89 5
89 95
223 217
5 95
133 217
223 217
217 223
223 154
223 217
95 89
50 95
217 223
89 5
95 123
5 47
223 217
178 172
95 89
89 95
42 51
217 178
133 217
50 95
50 63
178 190
178 151
223 178
50 42
5 95
95 89
133 217
224 156
223 217
223 217
133 223
95 50
217 223
89 5
223 217
95 14
217 223
95 23
5 73
133 223
89 95
133 223
89 95
89 5
89 95
95 23
54 53
217 133
203 133
217 223
178 203
217 223
50 89
50 95
223 178
89 28
5 95
223 217
50 95
133 178
95 50
95 50
178 223
95 89
133 223
95 50
89 18
223 178
95 5
95 5
95 23
89 95
178 187
89 62
133 201
64 95
50 58
133 217
178 175
5 106
178 217
5 50
217 178
223 151
133 223
226 217
251 247
50 95
178 133
5 50
5 89
50 5
79 54
217 178
217 195
5 66
223 133
89 95
50 89
178 217
95 116
133 217
95 50
5 95
95 50
133 223
50 89
89 95
192 171
68 41
217 223
217 223
223 217
217 157
178 223
178 223
217 178
223 217
133 223
95 5
133 178
95 50
89 95
89 95
217 223
133 208
89 95
133 178
50 95
178 223
223 245
50 95
223 133
217 223
223 217
50 95
95 89
94 2
89 95
217 133
178 217
133 223
89 95
50 5
5 89
178 223
64 19
95 89
95 23
217 191
89 50
89 5
14 5
178 223
217 223
133 223
89 95
217 133
217 223
89 5
178 133
133 175
95 89
223 178
217 223
217 223
223 178
89 95
133 201
217 223
89 95
5 95
50 5
89 50
95 89
223 158
5 89
95 50
89 95
178 223
178 223
50 95
223 142
50 95
5 95
178 217
89 95
50 38
95 89
223 151
217 178
5 89
223 178
89 95
178 223
5 8
178 223
253 159
95 89
95 50
217 223
95 23
89 95
95 89
89 95
50 95
223 217
133 223
223 233
217 223
89 95
50 89
95 89
178 217
95 45
223 178
32 74
95 50
217 223
133 217
217 223
50 95
223 133
17 80
5 95
95 89
178 166
5 50
223 203
178 223
50 95
95 50
89 50
148 136
217 137
89 50
5 95
133 223
133 217
223 178
223 133
223 185
223 133
217 223
223 145
223 142
133 223
182 144
133 223
95 5
95 50
223 205
95 89
41 106
133 178
95 89
133 217
89 50
95 50
223 151
133 217
217 178
89 95
223 178
178 223
95 50
217 223
95 123
217 223
50 89
207 211
89 95
89 5
95 5
217 223
133 223
89 5
89 50
217 223
50 95
133 217
51 5
217 223
133 223
223 133
223 217
143 207
178 223
217 178
5 95
89 95
178 223
217 133
217 178
223 217
170 222
217 223
178 184
89 95
95 89
5 89
89 5
5 73
133 217
217 133
50 89
89 50
95 89
223 178
5 95
95 89
217 178
95 89
89 95
89 5
133 223
178 228
95 5
133 217
217 178
89 95
217 178
95 89
95 50
95 14
178 223
223 178
5 95
217 178
217 223
217 223
178 223
223 217
217 223
89 50
95 50
34 111
217 178
89 95
89 7
50 20
223 178
50 26
178 223
217 223
58 83
89 95
223 133
89 95
95 50
95 96
217 223
89 95
217 178
217 148
178 223
133 223
50 95
95 50
89 95
223 151
223 133
223 178
89 95
50 95
217 133
95 5
223 133
217 223
178 217
50 95
50 89
89 95
5 50
217 178
5 95
217 178
95 89
5 89
5 119
217 223
89 50
217 133
253 211
20 8
217 206
50 89
95 5
89 50
223 178
89 95
223 217
123 119
89 95
5 89
50 5
5 95
217 223
182 246
89 5
89 50
89 50
217 223
217 223
50 95
179 170
217 223
95 50
178 211
89 95
217 178
5 89
89 95
5 95
223 217
217 133
223 217
217 178
223 178
223 128
133 217
50 89
223 178
89 95
95 89
223 129
5 50
133 178
5 95
95 89
192 161
223 133
89 95
5 89
95 23
89 95
217 223
217 133
89 5
5 73
217 178
133 217
223 178
223 178
217 223
178 223
89 95
5 89
178 223
95 50
223 178
133 217
223 217
217 178
5 47
133 207
95 50
133 201
95 89
133 223
133 178
50 95
95 89
50 95
95 50
50 95
50 83
107 120
89 95
223 217
217 223
217 223
223 178
95 89
217 251
14 81
223 222
133 223
95 5
95 11
217 223
143 211
217 223
89 116
178 133
5 50
95 5
50 95
89 95
89 95
217 223
223 151
217 178
133 223
89 5
5 95
89 95
223 217
89 95
133 223
5 95
217 223
178 223
89 95
217 178
5 50
133 223
95 50
223 217
89 5
223 133
89 57
223 142
133 223
217 223
89 119
58 75
217 133
5 89
50 89
178 223
151 223
50 89
89 5
50 95
178 223
145 247
217 178
5 95
217 187
50 5
89 50
5 60
217 178
133 223
178 223
133 182
50 65
217 223
95 50
133 217
106 70
133 223
50 95
89 50
50 120
95 14
223 178
178 223
223 217
217 178
50 95
5 95
95 89
217 223
217 178
5 50
95 50
95 89
89 5
178 223
89 95
95 109
217 223
133 178
89 95
89 95
50 5
89 5
89 95
5 95
178 223
14 89
217 178
217 223
133 217
95 23
5 73
89 95
148 136
217 138
223 217
50 5
5 50
217 223
89 95
223 178
95 89
42 81
133 223
217 178
5 95
223 133
5 83
89 95
133 217
133 217
95 89
95 89
223 217
50 5
217 223
5 14
95 89
217 223
119 99
133 178
89 95
217 178
89 95
178 217
178 223
50 5
133 178
133 178
217 223
5 89
178 223
5 0
89 5
50 95
217 178
89 95
223 142
178 217
223 133
17 115
95 50
89 50
89 5
99 24
223 133
217 133
223 217
239 198
217 223
89 16
175 148
5 50
223 217
95 89
50 5
217 133
95 93
89 95
50 95
89 5
89 95
217 223
217 237
223 178
50 86
217 223
133 178
5 95
95 79
184 133
217 133
5 73
89 50
89 95
95 50
5 47
50 95
223 178
253 131
50 74
223 185
223 217
89 50
217 223
95 89
5 95
217 206
50 5
89 5
169 198
223 217
89 95
223 178
64 83
20 64
89 50
95 5
95 83
54 126
223 217
217 178
89 95
118 42
223 217
50 95
23 95
217 223
95 89
89 95
217 223
217 223
5 50
178 223
5 89
217 223
95 89
5 95
80 50
217 178
12 89
223 217
50 95
95 23
133 217
228 247
89 95
5 89
89 123
89 50
89 95
207 182
89 5
50 89
89 102
89 95
182 169
5 95
89 95
89 50
133 223
217 223
89 95
50 95
50 5
133 223
89 50
223 217
95 82
50 95
133 217
5 95
178 223
95 5
5 95
89 95
133 223
89 95
217 223
217 223
95 5
178 223
217 223
217 178
143 249
95 5
50 13
223 217
5 95
5 59
178 217
95 50
178 223
5 127
89 73
217 223
89 95
133 178
217 223
89 95
5 50
89 95
95 5
50 89
89 95
217 178
95 89
95 50
95 5
120 116
223 217
17 57
217 223
133 223
95 5
184 249
223 211
249 190
50 95
81 42
5 95
89 5
217 223
133 238
89 71
95 5
222 150
133 223
89 95
223 178
223 217
217 223
95 89
223 217
89 95
95 89
95 89
253 221
89 5
192 207
95 74
178 223
223 133
223 217
89 95
5 89
5 50
50 89
178 133
5 95
95 10
217 251
95 89
178 217
63 79
95 89
50 95
5 95
5 89
191 207
133 217
89 50
5 106
178 159
217 136
96 55
50 95
89 95
89 30
178 217
217 223
133 196
50 89
223 217
217 196
133 217
133 158
41 68
178 217
95 89
217 223
89 95
133 178
5 50
217 223
89 5
234 226
95 50
95 50
89 50
223 217
178 223
5 89
50 5
89 95
196 143
217 223
178 223
182 225
89 14
89 95
89 35
89 5
178 217
178 223
217 223
223 178
133 223
95 89
89 5
89 50
89 95
20 64
217 223
223 133
133 217
217 133
182 211
89 95
95 5
113 58
89 50
95 89
50 95
89 95
89 16
223 178
50 95
217 133
95 89
95 89
217 223
89 95
50 63
50 95
133 131
5 89
5 89
89 5
95 77
223 217
133 217
223 178
217 223
178 133
95 89
96 32
217 223
217 133
89 95
217 178
20 8
217 223
217 223
217 151
178 244
133 178
5 95
217 133
95 89
89 5
95 91
89 50
217 178
217 133
223 217
5 95
89 5
89 95
133 223
89 95
50 77
50 89
89 95
133 169
95 50
89 95
89 95
178 133
133 223
5 50
95 83
133 223
89 95
50 89
95 89
89 95
89 95
5 89
178 223
89 95
133 217
50 89
89 95
89 95
133 217
217 131
89 95
178 176
95 84
217 181
217 223
223 217
89 95
5 89
89 95
217 157
118 65
178 223
217 223
5 95
95 50
95 29
217 223
217 133
50 89
89 95
89 50
89 95
133 217
50 95
5 95
89 50
217 178
89 50
227 138
178 223
95 50
217 178
50 95
217 223
89 95
223 217
50 5
5 89
50 39
95 89
5 50
223 217
133 223
217 223
5 10
217 223
234 198
223 217
133 223
217 223
217 178
95 14
14 100
217 220
133 217
95 89
223 217
89 50
178 217
89 5
209 228
178 223
133 238
133 223
223 178
178 133
89 95
118 13
95 50
89 95
227 207
17 95
89 5
178 223
42 49
217 223
50 95
54 7
133 178
5 73
95 50
133 223
50 95
178 225
223 217
89 95
223 217
223 217
223 133
217 205
5 95
5 95
217 223
5 95
217 223
217 178
5 73
133 187
5 95
89 5
178 223
95 14
142 228
5 95
223 217
223 217
95 89
234 223
178 133
50 95
133 178
95 89
133 223
217 178
133 178
223 217
234 223
89 5
178 133
89 95
50 89
99 112
217 223
182 252
94 20
217 178
50 95
133 178
5 95
133 223
178 133
223 178
133 223
50 95
145 220
133 217
223 217
50 79
50 95
133 223
223 178
178 223
178 223
5 95
217 133
133 217
178 223
217 178
217 178
95 89
89 95
223 151
223 133
95 5
95 26
95 50
217 223
95 5
178 166
89 95
133 223
5 89
217 204
5 95
14 81
89 95
217 133
50 95
58 5
50 95
5 50
89 95
50 95
75 113
223 133
50 5
89 95
227 132
178 223
178 223
50 28
223 138
95 123
95 89
50 95
95 5
17 125
95 89
223 178
50 113
5 25
178 223
247 136
95 5
217 178
50 95
42 94
223 217
217 223
89 95
5 95
89 50
5 89
178 217
217 178
178 217
89 71
217 223
191 224
223 217
89 50
89 95
217 223
89 95
125 52
95 89
133 217
203 217
223 217
178 145
178 217
133 219
133 223
178 133
5 50
5 50
217 133
178 217
5 95
5 95
95 14
158 175
217 133
246 170
89 95
68 15
223 207
217 223
5 89
217 178
253 202
223 133
5 89
5 50
223 217
5 95
133 178
50 95
5 122
217 133
50 17
5 73
89 50
95 50
217 223
133 178
50 95
95 5
5 89
223 217
227 167
89 5
217 223
50 89
50 89
51 117
89 23
217 178
5 73
223 187
217 223
89 5
5 95
217 178
223 217
133 223
160 202
50 95
192 211
133 223
89 95
95 89
223 151
95 89
223 178
95 116
89 95
95 89
5 95
89 50
169 134
50 95
89 95
95 116
217 223
5 95
217 133
223 133
217 223
89 95
217 223
223 217
217 223
5 50
95 5
15 83
178 223
217 223
89 5
41 68
217 133
178 133
133 175
5 95
50 95
178 223
217 223
223 217
217 223
5 123
5 95
223 217
223 133
223 203
178 246
95 89
223 217
50 95
223 217
95 89
50 95
50 95
89 50
64 83
133 178
217 170
89 50
217 223
223 133
133 178
133 175
217 178
217 223
89 95
63 96
89 95
50 89
217 175
217 133
50 95
148 192
178 223
95 5
5 89
89 95
89 95
20 8
178 153
178 217
5 47
133 223
217 223
89 95
217 133
178 217
217 223
223 178
133 223
95 89
95 89
223 217
89 92
5 95
50 89
217 173
95 14
217 133
123 119
50 95
89 50
89 23
133 217
106 64
95 89
217 178
133 217
217 223
50 95
89 5
223 217
223 217
178 223
89 5
5 89
178 223
5 95
178 223
118 65
89 5
223 217
196 143
89 95
5 47
50 95
223 246
5 95
81 42
223 178
217 133
89 50
217 223
223 178
151 223
50 95
95 89
217 223
50 89
50 95
50 52
50 89
5 89
89 95
95 89
15 83
89 8
95 89
217 133
89 5
169 200
50 89
211 143
217 178
95 89
89 95
223 217
217 222
95 5
125 95
143 207
133 217
89 5
20 8
217 223
50 5
217 178
133 205
223 178
50 95
223 178
5 89
223 217
89 95
178 223
5 89
5 95
89 95
50 94
89 95
89 95
178 223
178 133
253 149
89 5
5 8
5 50
95 5
178 223
89 95
89 50
89 95
217 133
178 223
50 20
178 223
5 95
141 192
89 95
223 133
217 223
5 50
133 217
178 217
89 50
178 223
224 195
133 223
223 217
241 186
223 217
5 95
89 50
223 217
223 217
89 50
223 178
5 89
217 223
223 178
178 217
133 178
5 89
95 122
133 217
133 178
217 172
228 142
5 95
217 223
89 95
89 52
178 217
223 133
5 50
217 223
223 217
17 71
107 13
95 89
89 95
50 127
89 95
178 223
223 250
133 217
5 89
223 217
223 178
217 223
5 89
217 223
223 217
217 178
143 207
223 217
50 95
95 5
217 223
121 88
217 223
95 5
223 217
50 95
89 95
94 107
50 88
95 89
178 217
50 42
99 46
223 217
217 223
223 217
133 217
169 156
50 30
178 223
223 178
178 223
5 117
89 50
178 133
217 223
223 182
217 223
5 73
89 95
223 151
178 133
5 50
89 50
95 50
5 50
50 95
95 50
217 178
5 95
133 201
95 89
5 95
5 50
217 178
89 95
133 250
217 223
178 223
217 223
89 50
64 110
223 217
223 193
89 50
223 133
217 133
50 5
89 95
217 223
95 14
89 95
50 89
118 42
95 5
133 217
95 89
5 83
95 89
95 89
217 133
94 23
227 233
5 89
89 95
223 178
89 5
217 223
217 223
5 95
54 45
217 223
111 50
48 89
54 98
217 158
5 50
89 95
89 114
133 222
89 95
5 95
178 133
178 223
95 89
95 89
5 95
253 252
179 147
228 247
95 50
15 79
178 223
89 95
217 223
223 178
17 126
178 133
178 223
95 89
217 223
89 95
223 178
95 5
50 89
217 178
178 223
178 217
223 141
5 95
5 105
178 145
50 95
178 223
178 217
89 5
223 217
34 111
95 50
89 95
20 8
89 5
223 178
217 223
217 223
50 95
223 217
223 133
89 95
133 223
50 5
178 253
50 95
217 178
133 158
223 217
5 95
89 95
133 178
5 89
89 95
217 133
217 223
178 223
89 95
5 95
178 223
95 89
89 5
50 95
223 178
89 95
50 5
178 223
133 201
217 223
89 95
178 217
50 95
96 16
50 88
58 79
217 223
95 89
125 26
89 95
89 50
223 151
89 95
217 133
95 50
89 5
178 223
224 150
89 50
217 223
217 133
89 95
133 223
89 50
178 133
223 217
50 95
217 223
178 223
89 95
217 223
58 113
89 70
178 162
95 50
95 5
184 133
178 223
133 217
133 223
89 95
50 5
223 178
50 84
89 95
5 95
95 5
178 217
89 95
89 95
89 95
178 158
5 73
50 95
223 217
217 178
217 178
217 223
50 95
89 95
223 246
133 217
133 217
217 223
89 5
50 89
223 217
95 89
89 95
95 89
89 95
217 223
89 117
223 178
50 95
223 133
5 125
95 89
223 142
133 223
223 133
95 5
89 95
217 223
223 133
94 64
5 95
89 50
89 5
95 89
89 123
89 95
223 178
178 223
5 86
89 14
5 73
89 50
178 223
217 178
223 217
133 175
5 89
217 133
223 178
50 22
95 89
217 223
223 217
89 95
89 95
217 223
89 95
89 95
223 151
95 23
95 5
217 178
223 178
95 50
89 95
95 30
50 107
133 217
89 95
223 217
133 217
217 178
222 177
217 223
133 223
133 223
217 243
133 178
178 223
217 223
89 50
223 217
95 89
133 223
223 158
133 217
89 95
89 50
223 217
41 68
89 95
193 159
5 95
223 133
178 145
133 223
95 50
5 95
253 223
89 95
5 93
223 217
20 123
89 95
247 133
95 71
95 30
89 95
178 223
133 138
223 178
50 95
95 89
95 18
89 50
50 89
223 178
5 95
95 102
113 58
178 133
133 223
178 223
217 223
133 217
89 5
50 95
50 95
89 95
223 188
89 50
89 95
178 223
89 95
133 223
133 223
217 223
89 95
223 217
50 28
217 223
133 178
223 217
227 217
178 217
178 223
133 223
223 151
133 220
223 178
89 95
89 95
5 116
5 50
178 133
217 223
5 95
95 5
178 223
32 80
99 119
89 95
95 113
223 133
223 217
89 50
178 223
5 73
178 166
178 133
133 217
50 5
133 251
95 89
133 223
133 217
95 50
133 223
223 217
217 158
217 223
95 89
133 223
95 5
89 92
178 133
95 47
217 223
121 36
178 179
50 95
41 62
217 223
95 89
95 5
133 178
89 95
178 223
223 178
95 14
89 95
95 50
179 191
95 89
217 223
89 95
89 95
89 5
50 24
178 223
5 95
50 95
217 223
89 95
5 50
178 223
5 79
94 119
81 42
89 95
133 223
95 50
178 241
95 84
5 73
217 243
217 133
133 223
5 76
133 223
223 217
95 89
217 178
217 146
50 89
224 199
95 5
223 178
217 178
50 10
89 95
227 240
50 95
178 192
133 223
133 217
95 89
133 178
95 5
81 42
223 217
89 5
224 189
121 6
54 51
133 223
41 68
50 5
50 89
54 71
5 95
217 178
5 95
89 95
34 14
133 178
89 5
223 217
95 50
228 247
89 42
148 192
89 95
223 178
217 133
51 54
5 123
223 178
223 217
70 42
89 95
178 223
217 223
178 223
95 89
223 217
5 73
217 223
89 95
89 50
50 5
89 50
95 89
95 50
223 217
89 95
217 147
50 89
95 5
217 223
89 95
5 95
89 5
223 217
223 217
133 217
217 223
89 95
95 50
223 133
95 89
217 223
50 124
178 223
223 133
223 178
89 95
178 223
217 223
50 95
5 95
95 5
223 151
217 223
95 89
89 5
95 89
100 119
89 95
95 50
178 223
222 177
217 223
207 211
5 50
50 102
89 5
95 50
95 105
14 81
133 223
5 95
50 5
178 223
5 73
223 217
5 113
133 217
178 133
89 95
89 5
223 192
89 95
50 19
133 223
133 175
89 50
5 30
50 5
89 95
95 89
89 5
217 133
223 142
50 89
133 223
50 94
95 5
95 50
217 223
217 223
50 95
95 89
133 201
95 5
95 89
223 178
95 89
217 223
89 95
178 217
178 217
50 95
89 42
20 8
50 95
223 133
217 223
50 95
223 151
178 133
95 89
217 223
178 133
178 182
89 5
73 5
178 217
50 5
178 223
223 142
89 95
50 95
95 89
89 95
89 95
223 217
89 95
217 223
89 50
217 223
50 95
89 50
50 5
50 95
217 223
217 223
5 50
95 89
50 39
5 89
89 50
217 224
95 50
223 217
89 95
5 50
133 217
89 95
89 5
5 89
113 74
133 178
217 223
217 133
223 217
217 223
95 89
217 223
50 95
223 133
95 5
14 5
95 89
223 133
50 95
5 95
50 14
89 50
217 223
95 50
95 89
5 95
50 95
17 121
50 89
89 95
223 145
145 226
5 95
196 143
160 223
95 89
235 141
89 50
5 89
95 110
50 95
89 95
223 217
223 178
133 178
223 217
89 95
1 89
89 5
223 133
96 85
148 136
217 223
50 95
89 5
95 50
5 89
5 89
50 89
5 95
133 178
192 139
89 95
95 50
50 67
133 217
89 50
95 89
89 95
95 50
178 202
178 223
133 175
50 95
217 223
89 95
50 30
217 223
217 223
50 89
223 142
133 223
48 89
95 83
5 50
178 217
89 50
223 178
178 159
133 217
223 151
34 111
133 191
133 204
133 178
178 223
178 223
223 217
42 51
133 217
133 178
63 96
133 217
133 217
217 133
133 223
223 217
5 50
223 217
223 178
223 133
133 223
223 178
217 133
50 95
95 89
89 95
50 115
178 223
89 95
133 223
5 95
217 223
133 223
89 50
89 95
95 89
217 211
95 50
95 123
217 223
5 89
217 223
95 5
95 89
133 223
96 102
178 217
223 178
178 223
89 95
223 217
50 95
223 133
217 223
223 217
89 95
133 217
223 217
89 95
217 223
178 133
95 50
223 217
217 178
5 95
178 217
32 74
89 30
89 5
223 142
89 95
89 95
217 223
42 51
217 222
95 50
95 5
217 223
247 251
223 178
223 133
226 150
217 223
133 178
89 50
89 5
178 167
178 223
178 223
89 50
223 229
133 223
95 14
5 95
95 89
89 50
5 50
95 89
95 23
223 217
5 26
133 178
217 223
89 5
223 217
50 95
223 217
89 50
5 95
89 50
223 178
223 133
89 95
89 26
133 223
223 217
5 50
178 223
159 145
50 93
5 95
178 223
178 223
89 5
223 217
5 95
178 133
178 235
217 223
121 99
89 50
5 50
50 95
89 95
223 178
217 178
89 50
32 74
89 95
217 223
95 50
217 223
133 175
95 50
223 178
133 217
178 223
5 89
50 89
178 223
89 95
5 99
5 45
5 89
178 223
217 178
223 217
89 50
223 151
89 95
95 89
20 64
5 50
8 20
178 223
133 217
89 81
133 178
89 36
223 178
50 5
89 95
145 253
217 223
217 136
5 95
5 95
50 5
5 84
223 217
133 201
89 5
133 217
133 223
217 223
223 178
89 95
217 223
89 5
89 5
178 130
169 136
95 89
95 23
50 95
89 95
95 63
133 175
178 175
133 246
89 50
50 95
5 95
95 14
217 223
89 95
95 38
50 95
217 178
223 184
50 95
89 95
133 217
178 223
223 178
5 95
95 5
223 217
89 95
89 75
223 151
133 178
50 95
228 247
223 217
223 217
5 89
95 97
217 133
133 223
89 95
50 47
217 133
89 95
50 89
223 217
95 89
133 178
253 223
50 95
223 207
89 5
169 246
178 223
89 95
89 95
95 89
5 95
133 223
133 178
89 95
5 95
133 149
217 178
50 5
99 5
89 50
95 89
217 205
5 95
217 223
217 223
89 5
217 202
50 89
95 5
133 217
217 223
217 223
89 5
50 89
178 223
178 217
217 223
178 217
5 89
5 95
178 223
125 24
133 151
5 95
223 133
223 133
95 50
95 50
89 50
89 50
217 223
133 178
5 95
89 95
89 95
50 95
89 95
15 34
223 217
89 95
95 89
178 223
5 56
217 166
50 5
89 95
95 23
133 178
95 89
223 217
133 223
223 217
223 246
50 95
95 89
5 95
223 217
5 95
178 205
5 95
133 223
133 178
223 178
136 192
178 136
89 95
95 123
89 95
133 223
217 223
5 95
217 223
223 178
95 89
89 107
15 83
83 106
89 5
5 47
133 217
89 5
178 133
89 95
50 95
89 95
89 5
178 133
95 5
178 223
217 178
223 217
178 173
223 217
217 133
217 207
5 50
217 133
95 89
133 223
96 81
178 217
178 223
223 178
217 223
223 178
95 89
217 223
95 50
133 223
217 223
133 178
223 133
89 50
89 50
217 223
50 95
217 223
133 178
178 217
253 212
89 49
178 217
178 217
217 133
223 178
95 50
89 95
89 95
223 133
178 217
89 95
5 70
145 241
42 5
223 133
223 217
133 178
89 95
5 95
223 217
241 186
89 50
95 89
178 133
178 217
89 5
89 95
223 178
89 95
217 156
89 5
133 178
217 223
89 95
5 89
89 123
89 5
5 89
89 123
133 178
223 217
5 50
95 5
223 151
15 34
223 178
95 89
5 47
223 217
223 178
223 151
95 89
50 95
89 95
217 223
133 217
5 95
5 95
95 5
217 178
89 95
68 15
89 95
223 217
133 223
89 95
5 50
95 99
50 107
217 178
133 223
50 95
223 175
223 178
178 245
217 223
223 217
217 133
95 5
223 178
89 50
95 89
209 192
223 217
89 50
89 95
89 95
217 133
5 50
133 223
95 5
89 95
133 223
95 5
178 225
54 110
178 223
217 223
50 17
51 14
223 217
5 95
89 95
217 178
133 188
89 50
217 223
5 50
89 5
5 89
95 5
89 50
223 151
95 89
217 178
89 95
125 98
223 217
89 5
5 89
95 89
89 95
178 162
178 223
89 95
133 217
217 223
5 120
50 95
148 136
223 227
133 217
203 217
89 95
133 223
196 143
227 220
217 229
89 95
178 223
223 217
217 133
217 223
5 89
223 133
5 95
50 5
223 217
89 50
5 95
50 17
5 95
223 178
95 14
178 205
5 95
178 223
89 95
95 89
217 223
95 89
89 95
217 133
178 223
95 50
133 178
89 95
89 95
217 223
5 56
178 223
223 133
89 95
223 178
79 75
89 45
5 95
133 201
178 223
178 217
133 223
56 5
178 133
178 223
89 95
95 89
217 223
54 83
89 50
5 89
223 178
133 178
89 50
95 89
178 217
89 95
133 178
95 89
89 95
49 50
50 95
5 95
89 95
223 178
223 133
217 223
178 223
89 95
178 217
217 223
217 223
95 89
178 223
178 133
223 217
178 234
133 178
217 178
217 223
50 98
133 223
89 63
5 50
89 95
5 89
178 223
133 178
89 95
133 223
95 55
217 223
223 133
223 133
5 71
170 179
89 5
89 50
133 223
83 89
95 5
89 71
95 5
217 223
178 223
217 223
95 89
50 95
178 223
5 95
178 223
5 95
217 205
217 223
217 178
95 89
89 95
178 217
223 178
217 178
178 223
89 95
89 92
95 50
178 159
178 223
223 217
133 223
241 186
223 217
133 238
50 95
133 223
223 133
178 182
89 95
95 63
89 50
5 75
89 95
89 95
95 5
89 95
178 133
217 133
223 178
145 196
178 217
223 170
50 95
94 70
89 95
223 217
178 133
223 217
217 250
50 95
95 50
20 64
191 248
89 95
89 95
217 133
95 50
50 95
95 89
133 217
133 217
95 5
217 223
217 178
133 201
178 223
217 223
5 95
192 211
178 133
95 89
133 223
223 178
217 133
89 50
178 133
223 158
95 89
223 178
217 223
145 210
223 217
95 89
217 223
178 133
5 50
50 123
133 223
223 217
178 223
223 217
223 217
95 89
178 223
5 89
217 223
223 178
217 223
5 95
95 89
89 95
89 50
50 95
133 178
133 178
50 89
217 223
89 50
50 47
133 222
223 244
223 178
223 217
178 223
178 217
222 184
223 133
50 95
228 247
50 95
217 223
121 20
217 223
217 223
94 11
50 30
5 50
223 217
223 133
217 133
217 223
50 89
133 201
179 180
89 95
50 13
133 223
95 50
192 168
95 89
217 178
178 223
217 223
50 95
217 223
89 95
246 170
133 217
178 223
95 5
178 217
223 185
178 223
223 133
54 19
133 175
95 89
178 223
89 95
89 95
217 223
89 50
223 151
89 5
125 16
249 224
217 223
5 50
50 95
89 95
51 25
5 95
217 223
223 217
178 223
223 205
223 166
217 178
133 178
191 248
178 133
217 223
5 95
89 95
89 32
89 95
121 11
89 95
50 47
217 136
217 133
95 5
223 217
133 178
89 95
133 178
89 95
217 251
217 223
217 178
217 223
133 223
51 10
95 89
89 95
89 95
89 50
95 50
89 50
222 150
223 178
15 34
95 89
5 89
178 223
64 121
89 95
89 95
125 91
217 223
223 178
133 217
95 89
223 142
217 178
17 125
223 133
217 227
217 227
178 223
217 223
95 89
54 50
178 223
17 33
133 223
64 80
5 89
5 0
223 217
95 89
95 89
217 223
223 217
50 5
217 133
178 179
217 178
95 50
95 50
95 50
89 95
133 223
178 223
50 89
95 89
89 95
20 64
178 223
89 95
89 95
50 75
5 95
133 238
15 34
217 178
217 223
178 223
223 133
223 133
133 223
217 223
133 248
50 89
95 89
133 223
133 178
217 178
217 223
120 116
223 217
217 178
95 5
217 223
95 89
217 223
89 95
5 73
89 95
178 223
89 95
5 95
95 5
5 89
89 50
89 5
178 223
178 133
89 50
178 223
89 95
89 50
217 178
178 223
5 47
217 223
178 217
95 5
89 95
223 217
217 223
217 223
217 223
47 5
223 217
217 223
217 133
217 223
223 217
217 223
246 193
133 223
95 57
178 133
217 223
95 89
95 89
5 89
50 5
73 5
89 50
178 133
217 178
5 89
95 119
223 133
223 178
95 50
50 89
178 223
95 66
223 217
95 14
95 89
217 223
5 50
95 89
89 95
89 50
89 95
133 239
217 223
95 89
178 133
133 217
50 95
95 5
223 217
89 50
89 50
95 89
50 95
89 95
223 133
89 95
133 223
223 217
5 91
50 89
50 95
54 94
95 89
50 89
223 133
133 201
89 95
178 173
95 89
133 201
5 89
223 217
50 95
5 89
217 133
5 89
223 178
50 95
89 21
89 50
223 133
95 89
223 217
178 133
5 95
64 61
63 96
5 79
133 178
68 15
89 5
223 217
20 64
223 203
95 89
95 20
223 178
223 178
89 65
95 89
95 5
5 95
5 50
5 89
89 50
223 211
178 223
223 217
5 95
95 89
89 95
89 95
89 95
95 89
89 5
178 150
89 95
223 178
89 95
223 237
223 151
217 223
133 217
235 141
50 95
223 217
178 151
89 95
89 50
217 133
217 133
178 217
227 136
217 178
95 89
5 95
196 143
178 199
89 95
95 5
132 133
178 223
178 227
89 50
217 223
178 129
217 223
223 217
50 20
223 133
95 50
50 95
192 211
64 8
223 217
95 89
217 223
223 178
133 175
178 133
133 217
5 89
217 223
95 5
52 5
89 50
50 95
5 95
223 217
217 212
50 95
80 50
178 223
54 45
133 223
95 50
133 223
121 102
217 223
179 228
223 133
95 89
50 89
95 14
89 95
89 50
95 89
217 223
133 225
217 223
5 95
5 89
95 89
223 217
89 5
50 96
50 89
178 223
178 223
217 223
89 95
133 223
95 5
179 132
223 217
5 50
89 95
89 95
51 42
95 50
95 5
95 89
50 89
5 89
50 80
95 89
5 95
227 202
191 224
89 50
178 223
54 95
178 223
178 133
5 95
162 239
178 223
178 223
95 50
50 89
5 95
5 95
178 223
228 142
89 95
133 223
223 133
95 89
50 122
178 145
95 5
223 133
223 178
178 223
95 50
169 226
125 70
95 89
223 217
50 89
15 34
95 5
95 5
178 244
192 194
178 223
89 95
95 50
178 217
217 223
133 223
133 223
217 206
223 217
68 95
89 5
217 223
192 211
217 223
223 133
223 178
95 89
89 5
191 248
89 95
178 138
95 89
5 73
89 95
89 95
89 95
223 178
113 58
223 217
5 95
50 95
95 89
133 223
217 223
178 217
217 223
89 95
133 217
54 30
50 95
5 89
178 133
178 223
50 95
223 178
95 14
223 178
89 95
5 95
217 223
50 95
133 217
133 217
133 223
89 71
89 95
89 95
133 223
95 5
5 95
133 217
5 89
50 95
95 50
5 50
89 5
5 89
217 223
223 217
217 223
217 223
223 133
89 95
95 89
89 17
5 95
95 89
89 95
133 251
5 89
217 178
253 160
5 50
95 5
178 133
89 95
89 95
5 95
50 95
223 217
133 223
223 133
54 86
223 178
223 178
95 89
217 223
136 222
133 223
217 223
89 95
133 178
95 50
223 217
223 217
223 178
178 145
217 223
89 95
133 223
223 217
50 45
133 223
217 223
217 223
217 223
50 95
107 13
223 178
95 50
158 217
211 239
50 95
89 5
5 95
217 178
95 5
25 100
133 223
5 89
5 89
217 133
95 5
217 223
145 129
89 50
50 9
217 133
178 185
89 95
5 50
89 95
223 178
178 141
121 12
95 20
5 95
178 145
207 191
217 178
133 178
217 223
223 217
223 217
217 178
125 75
89 95
178 223
203 217
178 217
89 50
95 89
178 133
5 89
50 89
5 89
95 14
50 17
89 95
95 5
95 5
223 133
133 223
178 217
178 223
178 223
5 95
178 235
50 95
89 50
223 217
50 95
8 83
223 133
217 223
50 95
217 178
178 223
223 217
223 217
217 133
5 95
50 117
178 131
223 217
241 186
217 133
95 89
223 217
95 23
133 223
250 223
89 95
95 5
64 13
217 133
15 34
217 223
89 5
5 59
95 50
89 95
5 95
133 217
95 89
133 178
217 178
178 223
89 5
217 223
217 223
133 223
89 5
89 95
95 89
217 223
95 89
5 21
95 5
5 50
217 223
148 192
227 174
95 14
223 133
133 223
54 76
217 223
223 178
178 217
148 234
217 223
89 95
223 142
223 178
95 50
217 223
5 95
89 43
217 223
89 50
178 217
89 95
5 95
178 221
133 178
5 106
169 171
217 223
65 14
50 89
178 223
217 178
223 178
223 217
89 95
223 217
217 223
95 50
133 178
223 217
223 224
223 217
5 116
223 178
5 95
5 89
178 223
95 89
223 217
50 95
217 133
178 223
42 51
217 133
223 217
5 2
89 95
223 217
249 211
95 89
217 223
178 217
223 217
121 94
223 217
89 5
178 223
217 223
178 223
50 60
178 133
95 89
182 150
223 217
89 95
217 178
95 89
217 223
95 5
5 95
50 119
217 223
50 95
5 93
217 223
89 95
5 89
133 217
217 223
89 95
217 223
217 223
133 223
143 162
223 178
5 95
50 89
217 223
89 5
125 45
178 133
95 91
223 168
217 133
223 217
217 133
217 194
217 223
133 217
5 50
178 154
217 178
223 142
5 95
5 95
223 133
95 50
217 178
5 95
89 95
217 178
217 223
95 89
89 95
23 95
217 178
178 133
89 95
15 34
89 95
95 50
89 20
223 178
5 50
217 178
178 162
50 5
5 95
133 223
133 178
223 178
50 95
178 223
217 133
89 95
217 223
133 223
50 95
217 223
5 95
178 217
133 223
95 89
178 145
89 95
133 217
50 121
95 5
178 223
223 133
95 3
223 217
50 89
50 118
217 251
95 89
217 223
148 251
64 102
89 50
54 50
223 217
20 64
89 5
5 50
95 89
95 5
42 51
95 89
89 95
223 178
89 50
133 223
223 217
5 73
133 223
50 5
178 133
133 178
89 54
100 14
95 89
5 89
217 133
5 95
178 223
133 217
178 228
95 89
95 5
95 5
95 89
89 95
178 217
100 119
50 95
89 95
95 89
217 223
217 223
95 19
223 176
223 133
95 5
89 10
50 75
217 223
178 217
133 223
217 134
223 178
89 95
95 20
89 95
95 89
95 71
89 95
89 95
89 95
178 223
5 89
223 174
217 223
95 89
169 196
89 95
133 217
95 89
217 223
50 95
182 233
68 41
133 201
89 95
178 133
95 89
223 133
5 50
95 5
89 5
223 178
217 223
68 15
223 151
217 158
133 178
89 95
5 95
223 178
5 57
89 50
217 223
217 178
217 223
95 5
95 89
5 95
89 95
217 223
217 223
89 5
217 223
178 217
217 223
125 99
187 208
89 95
223 178
217 223
133 223
50 89
50 89
20 64
223 217
5 89
89 50
95 89
95 83
217 223
133 223
223 217
143 211
95 50
253 187
217 223
217 251
217 133
89 95
217 223
178 223
5 89
223 178
223 217
5 89
223 217
5 117
133 223
95 89
95 89
50 95
89 95
95 50
223 178
223 133
95 50
217 178
95 5
178 223
95 50
89 95
95 50
95 107
217 223
178 232
5 50
178 133
5 50
217 223
217 223
89 34
50 95
193 195
178 133
217 223
196 143
217 223
217 178
95 89
217 223
50 95
89 50
170 179
5 89
223 151
89 95
178 223
5 89
89 95
223 217
157 178
239 170
95 30
223 217
223 178
89 105
178 175
217 223
89 95
223 217
223 133
133 223
95 89
217 223
95 89
133 217
5 119
217 133
89 95
223 178
223 151
217 133
217 182
89 95
5 89
217 223
178 223
20 8
5 89
95 5
89 95
133 211
217 223
95 50
95 89
223 217
50 95
223 217
192 211
5 89
178 217
89 95
211 239
178 133
249 151
133 223
217 223
223 136
50 95
223 217
133 217
223 217
95 89
223 217
223 217
223 151
5 50
5 95
89 95
50 95
89 111
133 223
178 133
89 95
178 223
50 95
89 50
223 151
223 133
217 178
50 95
217 223
89 95
5 95
50 95
223 178
224 154
95 5
5 89
68 41
5 95
223 217
133 217
133 178
5 95
222 149
133 223
95 89
54 14
50 72
89 50
5 95
133 217
179 167
50 5
178 223
95 89
133 201
223 206
217 199
89 5
217 223
95 50
95 50
50 95
170 209
95 5
118 13
223 217
89 95
178 217
223 151
178 133
51 38
95 89
95 89
217 223
223 178
217 223
89 32
217 133
217 178
217 178
133 223
223 178
178 133
50 89
217 223
95 77
133 223
5 95
217 223
20 8
223 153
5 89
133 223
95 117
133 217
50 95
89 73
133 178
223 178
50 95
217 223
5 80
89 5
223 151
95 50
89 95
95 89
95 89
223 178
223 178
223 217
5 50
223 178
223 133
89 95
133 178
217 223
96 31
95 5
178 133
249 148
178 223
133 223
224 136
217 159
217 223
178 159
5 95
179 145
5 82
133 223
217 133
95 5
50 95
95 14
133 223
217 223
223 142
89 4
89 50
223 217
50 95
50 95
217 223
223 178
89 97
178 223
95 5
50 7
5 95
95 50
50 95
5 95
95 50
217 223
95 5
133 223
133 223
223 217
89 95
89 5
95 89
5 95
95 89
133 223
5 89
50 95
178 223
133 175
217 223
133 178
178 223
5 13
223 217
223 217
50 95
5 89
95 23
5 120
89 95
133 178
94 31
178 223
217 133
223 178
178 217
50 89
89 95
223 133
64 8
178 133
223 133
223 199
89 50
217 223
223 217
223 178
133 217
5 50
217 223
95 5
89 95
50 89
217 223
217 178
217 223
217 235
217 178
50 95
178 223
217 178
178 217
223 217
95 50
223 178
217 178
5 95
95 89
223 154
217 223
50 75
133 175
217 178
178 183
50 5
223 217
217 136
50 95
5 95
223 178
178 226
89 50
217 223
223 178
178 217
178 217
217 178
5 89
50 95
50 5
133 178
89 95
89 95
133 201
89 95
223 178
5 89
217 223
217 133
223 217
178 217
5 89
133 217
133 223
95 14
95 89
223 133
95 39
50 95
217 223
223 133
223 217
64 50
143 211
217 178
223 217
148 136
223 151
223 217
95 89
5 95
223 217
133 217
133 223
241 186
95 89
217 223
89 95
95 89
133 207
223 217
89 80
223 142
178 223
95 89
5 50
95 5
133 223
133 223
95 5
50 95
133 223
89 95
5 89
170 179
217 133
217 133
95 89
113 58
133 201
89 95
217 178
50 95
15 79
50 95
89 95
5 95
217 223
89 5
178 223
217 223
133 211
223 217
50 5
50 0
217 178
5 89
241 183
95 50
217 178
50 123
217 178
223 217
217 223
217 226
217 178
133 217
133 217
50 95
95 50
143 253
178 133
142 223
133 217
89 95
5 89
223 217
133 223
223 133
89 95
89 50
89 5
95 5
100 119
95 5
89 95
178 223
223 217
217 223
95 5
5 95
178 133
95 89
89 95
95 89
5 89
89 95
50 95
5 50
42 51
133 217
5 95
95 39
217 223
133 147
178 217
95 50
50 95
217 178
192 136
223 151
217 223
228 202
224 180
113 20
217 223
223 199
95 5
217 133
95 50
89 95
89 95
95 89
196 169
217 178
217 223
223 217
223 133
95 50
217 178
50 76
99 23
217 223
217 223
223 217
50 5
50 95
50 95
5 89
223 217
217 173
89 95
217 133
50 3
95 89
50 119
223 178
94 7
50 5
95 5
89 50
89 95
223 151
50 34
50 89
217 223
95 50
95 10
178 223
178 242
223 178
223 133
95 89
133 223
223 217
133 217
5 47
223 217
89 50
89 95
217 223
217 178
95 89
217 223
89 95
217 223
178 217
223 178
133 217
223 153
50 80
5 89
133 223
192 211
89 95
89 95
178 133
5 95
95 14
5 89
95 89
217 223
89 50
217 178
50 89
89 50
170 179
217 178
178 223
178 217
133 223
178 223
133 223
217 223
217 129
5 102
133 178
178 133
133 217
133 217
5 95
95 89
133 208
223 217
5 95
178 227
41 48
223 217
89 50
217 133
89 95
217 223
95 89
5 39
5 50
50 95
133 208
89 50
217 223
5 95
89 50
217 223
41 2
223 224
178 223
217 133
89 95
95 14
64 13
217 223
89 95
89 50
50 95
223 133
121 61
133 223
133 223
89 95
217 133
5 50
89 95
95 89
178 223
5 95
217 178
50 89
223 178
50 95
50 95
89 95
89 95
133 217
217 223
89 95
178 223
89 95
5 95
217 133
89 10
133 217
95 50
79 121
178 223
5 95
217 178
50 17
217 223
95 99
23 95
50 89
89 95
179 149
133 178
5 89
133 223
133 178
50 95
217 223
223 217
5 89
178 181
223 133
223 178
223 178
253 227
5 50
89 95
89 95
95 5
5 95
223 217
179 191
178 133
50 117
89 95
223 178
89 95
133 148
178 146
95 50
95 50
217 223
217 223
217 133
95 89
95 50
89 95
217 178
50 16
217 223
223 217
217 223
95 50
133 217
223 217
50 89
89 84
95 89
89 95
5 95
223 178
17 72
89 95
5 14
217 223
217 133
133 217
95 83
223 217
133 217
133 217
217 220
223 217
95 25
178 217
217 223
217 178
50 95
178 223
217 223
178 223
178 133
223 217
89 50
133 128
217 167
50 28
178 223
133 223
89 95
133 217
5 89
89 50
217 151
223 133
182 201
50 52
95 14
217 178
50 89
178 223
217 223
133 223
223 178
5 89
95 5
178 223
5 95
89 95
223 217
5 95
89 95
182 221
217 223
25 79
89 95
223 133
170 179
95 5
89 50
133 223
223 217
89 5
223 133
89 50
95 23
50 95
217 223
94 42
223 217
223 133
223 217
202 228
148 192
95 96
95 89
178 217
223 217
95 89
217 223
5 95
5 95
217 133
217 178
217 223
95 50
5 50
217 223
217 166
50 95
223 133
89 95
63 96
95 89
217 223
118 42
217 133
178 217
217 198
133 223
217 223
223 133
133 217
217 223
217 223
178 217
223 244
217 133
89 5
133 241
223 217
89 95
249 148
95 89
223 133
223 217
50 95
95 89
217 133
133 217
192 171
178 217
178 217
223 217
217 178
133 217
223 217
217 223
228 247
89 57
133 223
89 8
89 50
95 5
89 50
223 178
217 223
223 217
89 5
20 8
95 89
89 95
133 222
217 133
89 95
5 50
41 20
50 95
217 133
217 223
178 223
5 95
133 223
148 136
133 217
223 133
223 167
95 5
89 50
217 223
5 96
50 6
89 50
89 95
89 123
89 95
223 142
5 127
99 83
50 114
223 133
223 217
50 5
223 178
223 178
223 217
223 217
89 50
89 95
89 50
178 188
217 223
95 23
223 217
223 151
133 223
223 178
133 201
89 5
89 95
5 95
133 223
170 222
89 95
223 217
178 216
228 142
133 201
50 95
223 133
133 217
217 223
50 39
95 89
15 5
89 95
223 133
217 145
5 89
217 133
5 89
95 5
89 95
89 5
178 223
95 50
178 223
5 89
217 223
217 133
50 89
133 223
217 223
50 89
95 5
5 47
89 95
223 151
89 50
217 223
89 86
95 89
178 223
95 50
217 178
20 8
89 50
217 223
178 217
89 95
5 89
89 95
95 66
133 223
223 133
217 223
217 178
5 89
89 95
95 5
50 95
179 181
193 190
198 170
13 107
89 95
89 0
133 217
217 223
50 29
217 223
217 223
223 178
217 223
125 102
133 223
89 95
217 223
5 95
223 133
50 83
5 50
95 118
223 217
217 133
249 200
217 178
5 95
89 83
89 5
133 223
178 223
217 167
95 50
95 89
178 133
178 223
95 23
133 223
89 95
217 223
133 187
5 47
5 50
5 89
217 223
178 223
95 89
223 133
192 211
217 223
217 133
223 217
217 223
178 223
217 203
95 89
223 133
217 178
217 223
192 153
89 5
223 217
178 223
95 89
89 95
223 178
89 50
89 50
223 133
95 97
217 223
50 95
89 95
89 50
5 89
5 89
50 89
178 223
217 223
5 50
133 178
50 95
50 95
95 5
217 223
217 178
89 5
89 50
89 50
89 95
178 133
133 223
223 217
89 95
217 223
223 217
95 5
217 223
89 50
223 178
217 223
133 223
41 102
5 95
64 34
80 125
89 95
89 95
178 223
217 223
89 95
178 133
89 1
95 89
5 95
178 220
95 89
50 95
133 223
223 211
217 133
223 217
217 178
178 217
95 89
89 95
89 95
223 133
217 223
95 5
89 95
133 223
223 217
5 95
133 217
223 217
223 217
89 3
95 89
133 138
178 223
89 50
50 95
217 178
95 50
89 50
133 223
193 180
224 253
178 193
217 223
20 8
20 8
217 133
89 95
5 50
217 223
5 112
89 95
223 217
95 50
89 95
118 65
95 89
95 89
5 95
217 223
89 95
178 223
223 178
217 223
217 223
95 1
5 95
217 223
89 95
217 223
89 5
217 223
47 20
217 199
89 95
223 217
178 223
178 217
178 223
223 217
89 95
217 178
178 149
217 178
89 95
50 75
95 50
17 31
95 89
95 89
133 175
5 89
133 178
95 14
223 178
89 95
95 77
50 89
5 95
64 83
95 89
217 223
5 85
223 178
95 5
5 50
89 97
191 170
133 223
5 82
178 225
50 89
95 89
217 223
223 253
217 223
223 151
95 50
145 241
217 223
5 89
89 95
50 5
223 217
95 50
186 187
95 89
217 178
5 89
178 223
50 89
95 89
95 89
223 133
133 201
217 158
95 23
217 223
223 151
178 223
50 18
89 95
178 217
95 23
89 102
178 217
50 95
5 89
227 169
223 133
50 89
178 223
217 133
89 95
133 217
5 89
5 89
95 17
217 223
95 50
89 95
133 158
178 223
5 47
222 133
20 64
89 95
95 89
217 223
5 10
5 16
178 223
5 95
133 223
5 95
95 50
50 95
5 89
178 223
133 178
223 221
95 5
89 78
223 217
217 223
217 223
50 17
178 223
89 5
223 217
217 223
89 95
217 182
89 95
50 123
223 133
178 223
217 223
95 89
223 133
79 63
89 50
89 78
217 223
217 223
223 142
5 95
50 46
223 217
95 14
217 223
50 95
50 89
223 252
89 95
223 133
95 89
5 95
223 178
217 133
217 223
50 89
223 178
89 95
223 217
5 89
95 5
95 5
5 89
50 95
50 95
64 97
133 217
133 178
95 89
50 95
89 5
89 50
217 223
89 95
217 223
95 89
79 5
96 106
96 80
217 178
223 133
133 178
133 217
133 223
217 223
89 50
178 223
178 223
95 89
133 223
133 201
89 95
95 83
50 5
89 95
95 5
50 89
5 41
5 95
5 95
178 138
217 133
5 95
133 131
51 63
143 211
217 178
217 179
50 95
95 50
89 5
89 50
50 89
133 223
223 133
133 178
217 178
5 95
133 201
145 208
64 8
95 17
133 201
95 89
107 13
5 89
217 223
89 50
178 223
119 123
217 133
42 94
217 133
41 89
50 95
133 162
89 95
217 223
133 223
133 223
178 156
133 223
178 145
223 133
95 82
5 50
217 223
50 51
41 68
89 95
217 178
95 89
5 50
217 223
217 178
223 178
95 50
89 95
178 217
191 224
50 95
89 95
50 95
50 95
26 5
89 5
178 214
17 121
196 142
5 102
217 223
50 89
223 133
133 217
217 247
178 145
178 223
89 95
223 133
178 133
253 173
89 50
223 217
217 178
178 208
217 223
178 223
95 23
223 217
217 233
253 170
182 128
217 133
89 95
89 78
133 217
223 133
20 8
95 5
50 54
17 41
5 50
95 5
148 136
133 223
95 89
178 217
95 5
133 217
133 223
89 5
133 237
95 89
5 95
133 178
89 50
217 223
95 23
178 251
178 133
133 223
217 200
95 50
14 81
169 196
196 143
151 223
217 153
50 5
89 95
5 89
5 95
89 106
5 95
223 133
133 178
5 95
50 95
223 217
89 95
89 5
50 95
5 47
50 95
178 244
143 162
217 223
133 175
223 178
89 5
223 151
133 217
217 228
207 211
217 223
133 178
217 223
50 95
89 5
217 133
217 178
217 133
89 95
178 162
178 223
217 178
133 217
143 207
95 89
133 178
89 95
211 234
89 95
95 89
89 95
133 217
50 89
223 217
50 95
223 217
148 192
217 223
121 48
217 223
89 95
89 50
217 178
223 217
89 95
50 95
5 95
178 217
217 223
95 89
95 50
20 8
5 89
5 50
178 223
133 178
89 50
217 223
223 217
223 178
95 89
5 89
89 10
223 211
133 164
133 223
178 148
223 158
5 95
133 243
89 95
217 223
89 95
178 217
50 95
170 179
95 50
133 178
178 223
5 75
95 51
5 95
223 133
133 217
5 50
133 217
178 237
223 217
133 217
223 217
89 95
34 111
241 186
178 223
5 89
217 223
178 223
133 223
223 178
178 223
178 223
95 5
223 142
89 95
89 95
95 89
133 217
89 50
133 178
178 223
223 133
153 133
133 217
5 50
217 223
89 95
223 217
223 217
89 95
133 217
223 178
178 133
95 50
217 223
95 50
217 178
95 110
133 217
174 133
133 223
217 178
133 217
178 223
50 89
89 50
223 217
121 7
5 95
5 95
89 95
133 217
178 217
89 17
50 95
217 223
50 95
50 95
223 178
89 95
89 95
50 95
50 95
95 89
148 136
89 95
120 63
95 5
133 223
133 217
223 217
89 95
178 223
178 217
133 223
95 89
223 142
178 223
95 5
5 50
89 5
178 203
133 223
133 201
89 95
89 95
95 89
5 83
95 50
178 223
89 50
217 146
50 89
96 79
217 223
133 223
217 223
178 217
50 95
50 95
178 217
50 45
178 133
5 89
17 95
133 223
41 120
178 223
133 179
95 5
95 89
217 223
178 191
89 35
89 95
223 133
217 223
223 178
217 211
178 223
95 25
247 251
235 141
223 178
89 95
5 89
50 89
89 95
50 22
178 223
217 178
223 178
50 89
89 95
217 196
217 169
89 106
178 133
223 178
178 133
89 95
89 5
89 50
89 85
89 95
223 217
178 223
5 95
89 95
217 222
223 222
5 95
217 133
217 211
95 89
89 5
89 95
133 201
95 50
5 50
217 223
95 5
118 65
178 217
223 178
133 223
5 89
178 140
178 133
89 50
95 89
15 79
89 95
5 50
42 51
89 95
5 73
223 217
89 95
253 146
5 95
223 217
223 178
217 178
178 223
217 223
178 217
89 95
95 89
178 217
225 217
89 95
51 121
217 178
223 178
5 73
178 223
133 217
89 5
50 124
247 251
178 145
148 178
95 5
5 50
178 133
5 89
133 178
223 133
95 89
217 223
178 184
89 115
133 217
217 223
89 122
89 95
20 64
50 95
217 133
89 61
217 223
217 133
178 133
133 223
175 157
95 50
5 95
217 223
50 95
217 223
5 50
178 223
133 175
217 223
217 133
223 133
217 133
68 14
113 58
223 217
50 95
133 223
217 223
217 166
178 223
89 83
89 50
217 223
217 223
50 95
217 178
217 223
223 142
217 223
217 133
223 217
50 52
95 50
95 89
178 223
89 95
89 5
118 111
5 95
178 221
50 47
223 178
89 95
217 133
133 217
133 223
217 133
89 92
133 223
5 50
89 95
93 89
217 178
89 95
89 95
217 178
95 50
95 14
217 178
182 221
217 223
100 14
217 133
217 223
217 178
50 17
50 95
95 50
143 211
223 151
95 89
5 95
89 77
223 217
223 133
5 89
89 95
217 178
95 50
89 95
178 223
89 95
89 5
217 133
89 95
95 5
89 95
133 223
89 95
89 113
217 223
223 178
217 223
217 223
178 223
217 133
89 50
217 223
89 95
5 95
50 95
95 89
178 223
95 5
223 142
95 89
89 5
223 151
223 151
217 178
50 95
223 133
50 95
133 217
5 89
89 1
50 95
95 89
95 89
5 95
95 89
223 178
178 217
178 133
5 50
217 133
65 36
133 217
133 223
217 223
223 217
217 178
5 95
50 39
89 95
223 217
178 223
5 89
89 95
89 95
95 89
5 73
217 178
223 217
217 223
223 133
95 5
89 95
89 5
178 223
95 50
5 95
223 166
217 133
178 217
95 89
5 95
217 223
217 133
133 223
89 95
41 15
5 95
217 133
95 23
133 223
89 50
178 133
5 95
89 95
89 75
5 50
223 217
217 133
89 95
95 89
160 202
50 95
95 50
217 223
222 145
178 223
178 223
217 223
223 217
223 217
50 95
133 160
50 5
95 50
50 95
95 89
89 48
217 133
95 89
50 89
5 50
133 217
95 5
89 5
5 95
178 133
182 180
89 95
5 95
178 133
126 89
95 50
81 42
95 50
217 223
217 133
95 50
217 223
217 178
5 47
50 74
178 223
217 223
217 223
5 89
178 223
217 133
95 89
133 178
178 217
223 203
50 95
133 223
95 93
89 95
178 223
133 223
223 217
96 24
89 50
89 5
5 77
50 95
133 217
209 192
89 95
50 95
50 5
217 223
217 133
89 95
89 95
89 5
217 223
178 182
89 95
133 178
178 223
89 95
95 5
133 223
217 223
89 5
133 178
15 79
223 217
223 178
133 223
178 223
89 123
217 178
89 95
178 223
50 95
95 89
95 5
178 133
217 178
89 50
5 79
50 95
223 217
217 223
89 66
73 51
178 223
217 178
223 217
95 89
217 223
95 89
95 50
133 178
178 217
5 58
95 89
95 89
5 50
178 235
178 217
217 223
217 223
223 178
95 5
217 133
133 223
223 178
223 203
5 95
133 178
89 95
5 95
133 217
223 217
223 217
89 5
95 50
178 223
50 95
223 178
89 50
50 95
95 50
50 95
95 5
95 89
95 8
95 89
89 95
50 95
89 95
5 95
95 50
50 84
178 217
179 170
223 178
217 223
50 95
223 133
178 223
133 223
95 14
178 145
223 133
223 217
89 5
223 217
89 95
89 5
198 170
95 89
89 95
50 95
178 217
95 5
5 50
133 223
133 223
178 138
217 223
178 223
133 217
50 95
217 223
95 5
133 207
89 95
249 157
89 95
223 217
5 95
95 89
96 55
89 95
5 50
89 95
178 223
89 95
89 75
89 95
178 217
83 79
217 223
178 223
95 5
178 223
223 133
223 142
5 89
217 228
5 95
95 89
50 96
89 95
223 133
178 244
95 5
89 95
50 95
95 50
89 95
217 223
223 217
50 89
95 89
217 223
217 223
217 178
50 95
95 50
50 95
89 50
223 217
95 5
89 50
133 178
178 142
217 178
50 95
133 217
95 18
95 89
249 157
217 223
5 50
95 89
95 89
95 89
89 95
217 223
5 89
5 89
50 95
89 5
50 95
178 223
178 133
217 223
89 50
143 211
133 178
89 50
178 223
217 133
20 8
223 178
95 50
178 217
50 33
50 95
89 50
178 223
5 107
217 159
178 223
50 5
89 5
217 178
217 178
178 223
217 223
50 95
207 211
223 178
223 217
223 217
95 5
217 178
178 223
217 178
133 223
95 5
217 199
133 223
89 95
223 217
133 217
95 89
241 202
178 133
178 217
95 5
5 50
95 89
5 95
5 89
133 217
5 93
223 133
95 5
89 5
217 223
89 95
223 217
217 223
174 178
217 133
178 217
5 95
133 223
217 223
89 95
223 133
89 95
133 178
89 95
89 95
5 47
95 89
15 34
133 223
95 56
50 5
223 178
50 17
95 23
217 223
5 70
217 133
50 95
89 95
89 97
217 158
5 89
89 95
89 5
133 142
223 217
178 223
95 79
179 249
95 50
223 217
223 217
89 95
89 95
89 95
178 223
217 178
217 170
217 133
89 95
95 50
89 95
223 178
178 133
223 217
217 223
223 202
5 76
58 83
89 95
50 33
196 143
5 89
182 229
50 95
17 114
178 223
100 14
95 5
178 223
133 217
133 247
223 217
89 75
95 123
50 5
223 178
178 217
223 178
95 74
89 50
133 217
133 201
5 95
217 223
89 95
89 95
95 5
89 95
178 220
223 146
223 217
89 95
95 5
178 223
133 217
175 148
217 223
95 89
217 133
217 223
133 223
5 17
133 178
217 223
178 223
223 217
63 120
5 89
217 223
5 89
223 217
223 212
133 223
133 201
95 89
223 133
133 178
89 50
95 89
178 223
89 78
217 223
5 50
178 223
5 95
217 223
95 89
89 94
217 223
95 89
223 211
217 223
95 68
223 178
217 223
89 50
178 217
217 133
89 95
223 151
5 50
89 5
5 95
217 223
223 178
217 223
207 224
89 50
217 207
223 133
95 50
95 49
95 5
148 192
50 95
133 219
25 106
95 23
217 223
223 251
50 5
89 95
223 178
223 217
223 217
89 95
95 89
50 5
50 89
89 95
89 95
217 223
95 89
133 223
217 223
50 95
223 133
223 133
95 89
89 95
89 95
5 50
95 86
95 89
89 50
89 95
217 178
217 223
89 14
50 95
89 63
178 133
217 178
5 89
223 217
95 50
50 5
89 95
50 95
223 133
217 223
89 95
217 178
50 41
50 95
223 217
89 95
178 223
217 220
217 252
133 223
223 206
5 50
95 5
217 223
217 133
89 50
223 217
217 223
241 186
89 95
182 229
5 95
5 122
50 89
50 95
133 178
5 89
50 89
217 223
50 95
54 79
95 89
217 223
223 178
20 121
5 95
95 89
223 238
5 95
5 89
223 133
50 95
50 19
95 89
5 89
95 89
217 178
89 95
217 223
217 178
178 223
223 217
133 223
50 95
5 95
17 125
95 5
121 42
223 175
178 223
133 223
217 178
133 217
89 95
89 50
223 133
83 79
5 47
95 89
178 223
217 223
133 175
50 89
178 223
178 142
223 207
95 89
217 178
223 217
217 223
5 99
15 79
95 79
95 14
95 89
217 133
178 223
50 95
217 223
178 133
50 95
5 95
5 89
89 95
217 133
217 223
95 14
178 223
133 223
5 50
223 178
89 95
217 223
223 217
223 217
89 109
41 23
217 133
54 62
95 89
89 95
50 95
95 50
5 50
89 95
217 223
133 178
89 50
95 5
223 217
223 178
223 133
217 133
133 223
217 223
253 242
223 142
133 223
95 53
89 115
217 179
133 217
178 133
95 50
178 223
133 217
50 89
5 95
217 223
89 5
50 95
95 89
217 223
95 50
50 95
153 234
133 217
50 95
178 217
95 89
89 63
133 178
95 50
223 146
133 170
133 223
89 95
120 42
133 175
133 217
95 89
95 89
50 95
217 178
217 223
217 223
178 191
50 95
253 176
50 89
133 223
209 170
50 95
178 223
95 50
50 39
89 95
50 95
89 50
89 95
95 89
5 50
217 178
95 89
217 223
217 223
133 223
178 212
89 95
51 2
50 89
178 133
50 89
223 133
95 50
95 89
217 223
95 89
95 89
5 29
223 217
5 50
5 95
5 50
217 178
89 95
133 223
217 178
178 133
95 5
178 203
217 223
217 211
133 223
5 9
95 89
217 185
223 217
89 95
217 178
95 14
95 89
217 178
89 95
89 95
217 223
178 217
5 45
217 223
223 133
217 223
143 162
223 178
5 89
50 5
217 223
133 169
223 142
217 158
178 223
89 95
223 217
89 95
89 95
89 95
217 223
217 208
95 89
89 95
217 178
223 133
217 223
178 229
133 223
223 217
217 133
15 79
95 50
223 133
133 223
89 50
217 223
148 192
217 223
223 217
89 95
5 89
89 95
5 73
196 143
95 50
95 89
223 217
196 143
89 50
89 95
89 50
179 219
125 98
133 178
253 204
133 223
217 223
227 154
5 95
133 223
89 95
50 89
143 211
95 5
178 233
223 133
89 95
17 97
95 89
89 5
133 180
95 50
228 247
133 223
217 223
95 50
133 217
223 133
50 95
145 253
205 223
95 89
95 89
89 95
5 47
145 175
217 223
178 223
217 223
178 217
95 50
95 23
89 0
133 217
217 178
178 217
5 95
217 223
223 178
50 95
217 133
89 95
178 146
89 93
217 223
133 178
89 73
223 178
133 217
249 148
95 89
95 89
169 143
223 178
182 133
133 217
95 5
50 85
178 223
178 217
217 223
217 133
153 234
14 81
89 95
50 95
223 217
223 178
223 178
217 178
217 223
89 95
133 178
89 95
5 95
5 95
5 50
133 217
50 95
133 223
89 95
217 196
178 133
95 5
223 217
107 13
50 95
99 102
89 57
5 89
5 89
95 89
217 178
89 50
5 50
178 223
178 159
51 118
95 89
89 95
50 95
133 217
192 211
217 133
133 223
89 50
217 178
223 178
217 178
223 217
217 142
50 95
223 217
50 45
217 223
223 133
133 223
89 83
223 217
50 89
95 89
133 223
95 19
95 50
133 210
217 178
95 17
217 223
50 89
5 47
95 89
217 223
217 201
95 79
223 211
223 217
223 178
89 95
95 50
50 5
133 178
186 205
50 95
223 178
20 8
89 95
89 50
133 223
100 119
5 0
50 95
223 133
5 89
50 5
217 178
223 178
223 178
5 89
217 223
133 223
50 95
5 95
217 178
133 178
89 95
178 217
5 89
50 65
217 223
50 5
50 95
95 50
133 201
217 223
89 50
89 95
178 133
217 178
223 217
217 223
89 95
95 50
217 178
95 89
50 95
217 223
133 217
89 95
133 148
178 133
15 34
178 223
89 95
95 19
95 50
223 178
50 60
95 89
223 217
178 223
89 95
241 186
95 89
133 178
133 178
133 217
89 95
223 178
89 86
178 217
95 23
89 95
223 178
95 5
178 223
223 178
89 83
5 50
187 198
253 222
241 133
133 230
95 89
95 5
95 89
5 73
223 217
89 95
95 89
178 223
223 142
223 148
223 217
50 95
89 50
178 217
223 151
89 95
89 95
251 247
50 94
89 95
224 167
89 5
95 50
89 95
95 14
178 166
89 5
89 5
50 95
223 138
89 95
193 246
217 223
95 5
178 217
133 217
217 244
5 50
217 178
178 217
95 89
217 223
95 5
5 50
178 217
223 133
223 178
50 89
217 178
133 178
50 14
5 50
133 217
89 95
169 196
95 89
217 223
89 5
133 217
95 89
223 203
5 95
89 95
89 95
50 89
223 178
15 34
217 133
5 95
5 89
223 178
64 40
217 223
89 5
89 95
217 178
95 89
223 178
95 14
223 133
217 178
95 5
223 217
217 223
89 95
89 95
5 73
5 95
217 202
89 5
89 95
223 133
5 73
121 22
133 178
133 223
89 95
133 223
50 95
133 217
15 79
50 95
217 191
89 50
89 5
79 83
89 95
95 89
5 89
178 223
133 187
50 5
217 223
89 5
89 95
133 223
217 223
217 223
178 223
178 212
95 5
89 95
5 95
178 217
89 5
223 217
5 95
89 95
223 133
5 73
95 5
95 84
5 95
178 223
50 95
223 211
223 212
89 5
133 223
89 95
133 223
223 133
81 42
217 223
133 217
50 5
95 89
5 95
95 89
217 223
89 95
133 178
50 95
5 95
169 196
217 223
223 136
133 223
5 63
5 68
178 223
95 89
223 217
89 50
95 89
95 50
5 95
95 89
178 145
95 5
223 217
95 89
89 5
89 111
95 89
50 95
89 95
5 89
133 217
95 5
223 133
89 125
223 133
89 95
178 223
89 5
95 89
89 95
89 50
178 223
5 95
223 208
95 23
178 217
17 51
223 133
89 50
5 95
223 217
178 133
95 118
50 89
89 95
50 22
89 95
95 5
89 50
133 223
217 223
89 95
223 217
223 220
50 95
89 95
217 223
207 182
223 178
217 133
217 152
223 133
178 223
223 142
217 178
217 133
223 217
96 51
50 5
95 5
217 223
95 50
50 88
178 133
89 95
5 89
50 95
178 223
89 50
193 227
5 95
50 95
89 95
247 178
5 95
89 95
227 240
89 95
95 97
5 95
50 95
50 5
228 142
89 5
89 95
217 223
223 217
178 223
133 223
148 222
89 95
223 217
217 178
178 217
5 95
95 89
95 89
191 207
95 23
95 123
217 223
89 5
217 223
95 50
223 191
5 51
178 223
217 223
133 178
217 223
178 223
95 50
178 217
178 217
217 223
89 95
89 95
96 8
217 206
89 95
133 217
50 95
178 133
223 178
223 142
223 217
95 5
50 95
217 223
223 217
223 217
50 95
217 223
223 217
89 0
217 223
145 160
95 89
133 223
217 178
89 95
217 133
95 23
95 89
223 217
223 235
95 50
217 178
217 223
95 89
133 178
223 133
50 95
5 89
133 251
133 223
5 17
223 178
89 95
95 117
178 217
50 30
89 95
89 95
17 121
89 95
5 114
95 80
89 95
95 89
178 133
133 223
89 95
89 95
89 50
95 5
133 223
50 95
223 217
95 89
178 223
217 223
217 178
89 95
217 223
133 223
217 223
223 217
223 133
223 217
50 3
217 178
89 95
5 89
50 95
89 50
89 50
223 133
133 175
217 223
89 18
186 207
89 5
95 89
5 125
249 224
95 50
193 152
223 178
50 89
89 50
5 95
5 95
50 95
217 178
217 178
217 178
95 5
217 178
95 50
217 178
89 95
95 5
95 89
160 202
133 223
95 23
5 89
178 223
95 5
253 198
89 5
178 223
217 133
95 89
89 95
95 5
89 50
143 207
217 223
95 89
99 85
223 133
95 89
95 5
133 201
223 217
50 43
5 81
89 95
5 73
50 95
50 5
5 89
223 217
95 89
89 95
223 178
223 133
89 95
217 223
89 95
133 223
217 250
50 89
217 133
95 14
89 95
217 223
223 142
217 223
89 95
95 14
5 95
179 133
5 73
217 178
95 23
217 133
226 211
89 95
50 95
217 133
178 133
133 193
178 217
223 217
95 89
5 95
113 58
133 217
5 89
223 217
223 133
178 133
217 178
217 178
5 89
50 5
223 217
133 223
89 95
50 100
217 223
178 223
5 50
95 5
178 223
178 223
89 50
223 217
5 30
95 5
5 89
89 95
89 95
223 217
223 133
89 95
95 89
104 121
217 223
95 89
50 5
217 223
5 89
217 133
223 178
217 133
5 33
133 178
223 178
133 223
89 95
223 133
133 223
223 133
178 223
15 5
5 47
5 95
50 95
217 178
89 95
95 26
223 133
89 29
89 95
89 95
95 5
249 237
50 95
5 50
170 179
133 217
223 184
50 95
89 50
133 223
217 178
223 217
89 95
89 50
217 223
223 217
95 89
252 253
89 95
217 223
123 95
89 95
133 201
178 223
223 217
217 178
223 178
5 73
223 217
178 223
217 223
89 95
113 58
223 178
223 217
50 89
95 89
178 185
133 223
89 95
223 217
178 223
217 223
217 223
133 223
217 223
217 223
228 247
89 95
5 95
217 223
217 223
217 223
95 127
217 223
89 5
89 95
133 223
5 95
5 61
133 178
223 178
17 31
223 178
169 143
89 95
223 229
178 223
89 95
5 95
89 95
223 217
133 217
95 89
178 223
89 50
217 178
133 222
223 217
89 5
217 133
50 89
5 95
217 223
95 50
50 58
95 89
5 89
217 223
5 95
5 89
217 133
5 95
133 196
223 217
178 223
95 89
133 217
50 23
178 223
89 95
223 217
89 5
5 95
178 223
223 217
178 217
211 178
217 223
133 223
223 178
217 223
89 95
217 223
133 217
89 50
217 223
89 95
178 223
178 223
5 95
217 223
223 133
5 50
178 223
178 133
133 217
89 47
5 95
50 89
89 95
133 178
95 89
133 178
178 223
217 223
95 89
223 217
217 178
95 50
89 50
178 223
89 95
217 209
148 136
5 89
133 223
223 133
217 133
95 23
123 20
223 151
89 50
223 217
217 223
5 95
50 30
89 95
89 95
223 211
50 5
178 223
89 95
95 89
223 217
223 217
178 173
223 217
95 23
89 123
50 95
133 178
95 60
5 95
50 20
89 95
217 223
217 206
89 50
95 89
217 223
178 223
89 95
223 217
89 95
89 95
95 14
89 50
217 178
169 195
217 223
217 174
133 217
223 142
133 223
223 217
89 95
89 115
133 217
5 95
13 5
5 95
125 79
217 223
95 5
217 133
5 95
5 95
50 5
133 223
217 223
223 142
95 68
95 5
178 217
89 95
223 217
223 133
95 89
133 223
95 89
51 123
223 178
95 89
223 133
217 178
217 223
178 223
123 119
5 50
133 217
133 223
50 95
89 95
178 217
178 169
133 178
223 217
50 19
178 223
217 223
223 178
5 89
50 60
223 178
89 95
5 50
5 89
133 223
89 95
50 95
95 89
89 50
178 223
223 217
223 217
223 178
133 201
50 89
133 217
89 5
50 89
217 178
133 223
95 89
95 50
50 5
223 178
249 216
95 14
178 217
89 95
17 80
217 223
5 89
89 95
5 89
234 226
5 89
5 95
50 95
178 186
89 14
5 73
95 89
178 133
217 133
223 133
50 95
5 73
133 223
89 50
217 223
223 142
223 133
5 95
89 5
89 5
89 95
217 223
95 89
178 217
178 212
217 223
50 95
196 143
133 223
50 95
223 217
223 217
217 223
133 223
223 217
95 5
223 217
5 50
50 95
223 133
89 95
217 223
95 50
95 89
89 95
50 95
95 79
89 95
89 95
217 223
95 29
133 223
223 217
50 91
217 178
50 89
223 217
95 50
5 89
5 10
89 50
50 89
178 223
50 5
217 133
178 217
133 223
89 50
178 223
223 217
217 178
169 196
50 5
223 217
133 178
5 95
223 199
178 133
217 178
95 89
95 5
89 95
95 89
5 89
5 95
178 225
223 178
95 5
50 63
50 56
50 5
209 170
5 95
89 50
178 133
133 131
217 223
89 50
223 217
95 5
217 178
217 178
95 50
217 133
50 5
50 5
50 7
5 50
89 95
5 89
133 223
178 133
95 89
178 223
5 89
133 223
235 204
89 50
133 223
217 133
217 178
223 217
133 217
89 46
178 223
95 50
217 223
89 50
89 5
89 5
50 33
133 217
5 95
95 5
5 50
222 128
5 95
133 223
5 23
223 178
89 95
5 50
100 119
95 50
95 23
5 89
179 139
5 95
89 95
217 178
89 95
182 153
217 223
95 89
50 95
5 95
217 178
89 95
95 50
217 133
95 89
223 178
178 211
217 223
223 133
133 223
95 89
217 223
5 73
217 223
5 95
223 217
178 133
178 223
50 89
5 95
5 95
196 143
133 221
223 178
223 217
217 223
217 223
223 217
89 5
223 178
5 95
217 246
89 50
223 217
95 89
50 95
143 211
217 223
95 89
133 151
50 89
89 95
217 133
50 4
89 95
50 89
133 223
133 223
95 89
217 223
5 89
178 133
89 77
50 79
217 223
50 5
50 5
223 142
178 133
133 217
50 89
223 217
217 178
50 95
50 95
95 89
95 89
95 5
5 50
217 223
95 50
217 223
95 89
133 217
217 178
113 58
64 67
178 249
178 217
89 95
50 95
217 223
223 133
95 50
223 178
133 178
133 178
5 50
178 223
178 223
50 5
217 223
179 154
217 133
217 178
178 223
133 223
223 142
50 5
217 223
95 89
50 95
133 217
223 217
95 66
89 95
217 223
5 95
239 198
217 223
223 133
133 178
217 178
89 50
89 95
95 5
89 95
217 133
217 223
5 89
223 133
5 89
217 133
178 223
217 182
170 179
50 89
89 5
89 95
223 178
89 95
178 133
89 62
95 82
217 223
217 178
217 223
217 178
223 217
5 95
50 95
217 223
223 151
89 5
223 217
5 50
89 5
95 59
89 95
50 95
133 217
223 217
192 252
121 96
89 95
217 223
5 95
227 228
178 217
89 95
50 95
178 223
217 223
217 223
178 223
95 89
89 95
217 223
217 223
89 95
217 223
89 50
217 223
125 100
133 217
217 223
217 133
178 223
133 178
223 217
133 148
223 133
89 50
133 178
50 95
5 95
50 95
50 92
5 89
95 89
89 95
223 133
133 223
5 89
5 89
148 192
217 223
89 95
143 207
223 142
42 121
223 217
217 223
217 223
89 95
89 95
133 223
223 217
95 71
223 217
133 201
89 95
89 95
178 217
217 223
133 178
178 223
89 50
50 5
5 54
89 5
5 89
95 89
223 151
133 223
95 89
217 178
217 178
5 89
50 55
50 71
121 11
95 14
50 95
95 5
217 178
5 50
5 95
50 95
217 223
133 223
5 28
5 89
5 100
5 95
89 95
5 95
89 95
133 178
89 95
133 175
89 71
89 95
20 121
217 223
95 5
50 95
223 133
95 89
89 5
95 89
227 185
133 223
178 217
223 217
5 78
253 235
133 223
89 95
217 223
89 95
50 95
223 217
5 95
178 223
133 217
89 6
50 95
223 178
223 217
148 192
5 25
217 223
5 95
50 51
223 178
50 95
50 95
217 198
89 95
223 217
95 89
217 223
50 89
223 133
5 95
89 5
95 5
217 133
89 95
217 223
5 95
217 223
178 223
89 95
133 223
217 133
95 89
89 95
50 95
5 89
89 95
217 223
95 50
223 142
95 5
50 95
223 133
133 223
217 133
133 217
5 42
223 133
100 119
50 80
223 217
95 5
133 251
89 5
89 83
217 223
89 95
50 123
95 4
5 89
89 95
217 133
95 89
89 95
95 89
50 17
133 223
5 95
223 133
5 95
5 89
89 50
133 156
95 89
133 207
217 223
95 89
217 205
217 223
223 211
223 217
54 76
95 50
217 223
89 95
217 223
89 5
217 237
42 111
89 95
178 223
99 68
5 98
50 5
223 133
50 89
217 223
5 95
95 50
223 217
50 95
89 95
50 89
217 178
217 223
89 95
5 89
217 223
89 95
50 95
89 95
223 178
217 223
50 43
5 95
133 217
89 5
223 217
95 5
5 89
178 220
50 5
89 95
178 223
217 178
95 89
223 178
223 133
89 95
217 170
89 95
50 95
186 241
95 50
143 211
95 50
95 50
50 53
133 223
133 223
95 89
217 223
100 14
89 95
133 217
178 223
133 178
133 169
50 107
223 151
50 5
223 133
89 95
89 50
89 95
89 95
223 133
95 89
5 95
50 95
5 95
5 50
95 89
125 95
133 223
133 178
223 217
95 50
217 178
5 50
217 223
133 223
178 223
89 95
133 223
95 23
223 217
5 73
89 50
217 223
223 151
89 95
223 133
178 223
5 89
223 142
223 133
178 223
178 223
178 130
178 217
133 175
50 95
217 223
178 223
223 133
50 95
5 95
217 223
5 89
5 95
89 95
182 157
217 178
5 73
133 223
178 217
217 133
133 223
178 130
89 95
178 213
217 223
89 95
5 89
50 83
5 95
50 62
89 115
5 89
89 95
178 223
50 95
247 227
89 95
89 79
95 5
217 178
223 217
89 50
133 217
95 14
217 178
228 247
223 170
95 89
217 223
178 133
50 89
133 178
5 95
89 5
191 224
5 95
217 178
133 223
217 223
5 89
89 95
5 94
89 50
178 217
143 211
89 35
178 223
217 223
20 8
95 89
50 89
178 217
192 211
178 223
223 178
41 117
133 178
249 128
178 223
89 95
223 133
217 223
5 125
217 223
178 223
217 223
95 50
227 246
178 223
5 89
95 89
178 223
178 223
95 89
223 217
217 204
133 217
217 223
5 50
64 85
95 89
223 205
217 247
89 95
178 223
95 89
89 95
217 133
20 64
50 95
5 50
89 95
89 95
133 178
178 132
95 50
217 223
50 95
133 223
50 95
223 178
133 223
89 95
223 178
95 5
50 95
217 223
178 223
95 50
178 217
5 50
178 133
217 133
95 26
217 223
217 223
95 89
133 217
54 25
95 89
133 223
89 95
133 223
217 209
95 89
223 190
50 5
178 223
179 220
217 223
95 50
89 5
133 175
217 178
95 50
217 223
95 4
89 95
95 79
217 133
217 223
50 89
223 178
50 95
89 95
133 217
223 133
50 95
217 223
95 89
223 133
95 50
235 141
5 89
217 223
143 207
50 18
178 223
133 223
89 41
217 225
223 178
217 178
89 95
178 223
5 73
223 217
50 5
217 178
5 95
95 14
50 95
217 133
223 217
50 121
223 217
133 199
133 223
89 95
5 95
217 223
95 89
178 223
20 64
50 95
223 133
89 50
89 95
89 95
50 95
217 223
217 223
50 95
217 223
5 95
5 89
95 89
123 119
253 226
217 191
223 217
121 99
15 34
95 23
95 5
89 95
133 130
217 133
178 223
217 178
81 42
217 178
95 89
63 120
5 95
133 217
133 223
119 123
217 223
50 95
5 89
89 95
79 54
95 23
178 221
223 217
89 111
5 73
133 223
223 133
223 178
217 223
217 223
217 133
178 217
50 5
89 95
95 50
89 50
217 223
184 133
5 89
217 223
95 5
217 223
89 50
50 95
217 223
133 223
223 133
94 71
217 223
133 241
178 223
217 178
89 95
223 178
95 50
217 133
5 50
217 223
217 178
223 217
50 5
133 178
50 89
95 89
89 5
223 217
89 50
5 73
5 95
133 217
133 178
50 95
50 5
217 223
89 95
50 95
223 133
133 217
95 89
223 217
217 178
95 89
223 217
175 133
178 223
223 217
223 217
223 178
89 95
133 178
95 50
5 73
89 95
217 133
89 5
217 223
50 89
50 95
178 223
95 5
89 110
89 95
95 89
217 223
223 217
95 89
50 95
89 95
95 5
217 223
5 95
50 95
89 50
95 89
89 50
223 217
143 196
133 217
89 50
217 223
223 178
100 14
95 50
50 89
217 142
50 89
217 223
5 23
13 107
217 178
95 5
95 50
178 133
253 249
89 95
95 89
5 95
89 50
133 217
89 95
223 220
119 20
50 95
178 223
142 228
125 59
95 28
178 223
95 89
89 5
217 133
178 223
89 95
68 15
89 95
101 89
95 89
178 146
50 5
89 50
133 217
89 95
5 89
217 178
50 95
95 50
95 5
178 223
178 223
95 89
89 95
217 178
217 223
50 95
133 223
99 40
182 211
133 217
5 71
50 95
95 89
95 89
5 77
217 223
223 133
145 195
223 217
223 217
95 50
223 178
178 133
178 223
217 223
217 223
217 223
217 223
169 255
133 145
223 217
95 5
5 89
95 89
74 5
89 95
217 133
5 95
5 89
178 223
5 89
95 89
95 89
217 178
95 89
51 117
223 217
249 189
95 89
50 95
178 223
95 5
5 89
223 217
89 5
133 217
178 133
178 223
95 50
89 95
5 95
133 217
223 217
5 89
217 133
95 94
50 56
217 223
50 125
223 217
178 223
223 217
89 0
95 89
5 95
133 178
95 5
89 50
178 223
50 2
133 178
133 228
89 95
50 95
95 5
178 217
217 178
133 223
133 217
178 223
89 5
217 223
217 223
89 95
223 217
178 170
217 178
5 95
89 95
217 223
217 171
217 223
95 50
95 89
223 217
178 217
41 49
50 95
50 95
5 89
178 223
223 133
223 217
95 89
133 223
50 89
95 89
95 5
95 50
5 73
89 95
217 223
217 223
217 178
133 223
217 133
223 217
133 217
89 95
178 223
178 184
95 89
217 223
133 223
89 113
133 201
224 223
223 133
89 95
50 95
89 50
89 95
223 217
89 95
133 223
178 223
223 133
50 95
95 89
89 95
178 223
5 89
223 178
50 95
5 95
5 89
178 223
178 154
95 14
5 95
217 223
217 223
95 89
223 217
95 96
217 223
178 223
178 133
95 89
5 95
50 95
217 223
223 142
217 223
50 95
5 50
133 178
217 222
50 95
178 223
133 217
223 217
223 178
50 7
50 95
217 133
89 95
95 89
50 95
89 95
5 50
217 223
133 175
95 50
217 178
133 178
50 95
95 5
223 178
223 133
217 178
5 95
56 5
223 217
95 5
5 32
5 50
217 221
50 89
223 226
89 95
223 133
133 178
133 223
223 217
223 178
217 223
50 30
217 223
119 20
89 73
217 223
5 50
89 95
89 95
89 50
89 95
32 74
5 95
143 162
178 223
133 217
217 223
178 223
223 133
89 50
50 5
223 178
95 89
89 95
5 50
5 50
5 89
217 178
133 217
5 73
5 95
95 23
5 95
89 95
217 223
5 64
149 222
223 217
223 151
5 73
223 211
5 95
223 145
223 217
95 89
133 178
223 217
51 63
95 50
223 133
5 89
89 95
50 95
5 95
133 223
160 133
178 217
223 217
5 89
217 133
50 23
5 95
223 199
133 217
89 95
133 223
95 89
89 95
217 223
224 161
217 225
95 89
89 95
89 20
95 106
217 223
89 95
217 157
133 178
89 95
5 120
95 5
133 223
133 217
223 217
89 95
178 223
178 217
99 52
95 89
133 223
89 50
217 223
5 95
178 207
89 95
217 178
95 89
217 142
133 223
217 223
50 95
89 95
5 95
234 223
89 95
50 5
50 5
89 95
89 50
133 225
217 223
223 217
133 170
178 133
5 95
95 89
5 95
133 223
223 151
178 133
178 223
5 50
50 5
133 208
89 95
5 89
5 89
89 50
89 95
223 178
133 223
217 221
217 191
89 95
89 5
63 81
133 223
133 223
95 89
50 95
20 5
191 170
223 217
50 95
95 50
169 196
178 133
95 89
178 223
95 50
217 223
89 95
148 251
217 223
89 50
5 75
95 89
223 217
217 223
89 75
223 217
95 5
50 89
133 178
89 95
178 133
95 89
95 5
5 50
217 223
217 206
178 133
217 184
95 5
89 39
223 178
223 217
217 178
217 223
5 95
113 58
223 217
217 223
223 178
50 17
89 123
89 95
89 50
95 5
113 58
182 130
89 95
178 223
89 95
223 217
133 178
95 5
95 5
223 178
178 153
5 95
5 89
217 223
217 223
133 217
223 217
196 143
178 213
89 5
133 201
95 50
223 217
95 78
50 89
133 223
89 95
223 178
133 223
89 95
133 217
89 95
89 95
178 223
217 133
217 178
133 201
217 223
118 65
133 217
5 95
5 89
89 117
95 89
89 50
223 133
89 50
89 95
5 50
223 217
95 89
50 89
217 178
5 50
217 223
50 95
50 89
223 217
224 235
95 5
89 50
217 178
50 89
5 95
217 133
178 133
223 217
217 223
223 133
95 23
217 223
5 50
217 178
223 178
95 50
89 50
217 199
223 133
95 48
179 241
5 89
89 95
178 217
95 89
217 133
217 223
217 133
95 89
178 223
217 144
95 89
133 217
178 133
223 217
223 178
217 206
217 223
96 126
217 223
217 223
217 223
148 136
96 57
89 95
95 89
89 95
89 95
133 162
178 223
5 50
5 89
217 223
133 223
217 133
169 143
217 223
217 223
223 178
217 223
89 95
217 223
178 217
217 223
50 95
95 89
133 223
15 79
5 50
223 178
5 95
223 217
223 217
169 198
178 223
223 217
223 217
5 50
217 223
223 217
133 187
223 178
56 5
246 239
217 223
249 130
5 51
223 133
178 223
217 223
217 223
178 223
178 223
223 178
143 211
89 50
133 217
89 5
217 223
217 223
5 95
223 133
178 217
5 79
223 133
223 217
89 5
5 95
5 45
50 5
133 223
223 133
178 133
178 223
209 170
5 95
113 59
217 223
133 178
217 229
133 223
133 223
95 122
5 89
50 95
223 133
95 89
89 5
5 95
178 223
50 89
133 178
133 223
178 133
50 5
95 50
5 73
5 95
98 125
89 95
89 95
5 95
223 217
89 74
217 178
95 89
50 95
223 217
89 64
223 217
217 223
5 50
223 217
89 95
178 217
133 128
95 5
95 89
5 89
223 178
223 217
50 120
95 89
223 217
217 223
50 76
217 223
89 95
89 115
50 89
178 217
178 223
133 217
95 5
223 217
5 95
228 247
50 89
178 133
89 50
89 95
89 95
217 223
223 166
217 223
133 217
253 166
223 217
89 95
50 124
5 95
95 77
5 81
223 217
178 217
133 178
217 223
5 89
191 248
89 95
95 119
50 95
95 89
89 50
217 223
95 5
89 95
178 222
223 178
178 133
217 223
133 223
217 178
5 89
178 223
5 89
223 178
95 64
89 95
217 223
50 12
50 5
50 99
5 89
89 97
133 223
217 158
217 223
133 178
133 223
223 133
5 89
89 50
89 50
217 223
178 223
133 223
5 50
217 223
217 133
89 76
178 223
51 102
95 50
133 205
223 133
217 223
65 64
5 95
95 99
5 50
95 50
89 95
95 5
50 17
133 223
178 223
89 50
217 223
217 178
89 95
5 50
95 89
50 95
89 50
178 223
217 178
89 95
178 133
50 95
89 50
191 248
217 140
5 95
89 95
5 95
5 89
178 223
15 79
89 23
178 217
95 89
217 223
95 5
95 89
5 50
89 95
95 89
89 95
217 178
217 223
89 95
217 255
89 5
223 178
217 133
178 158
217 133
89 95
217 178
223 133
223 133
217 178
178 217
217 223
50 95
223 217
89 95
217 175
217 223
5 95
50 89
133 223
89 50
217 223
223 133
223 133
5 95
95 89
133 178
95 89
217 178
5 95
178 223
191 224
89 95
95 89
5 95
89 95
89 95
217 223
89 95
223 178
50 95
217 178
50 67
178 241
89 95
217 133
89 120
5 14
70 59
223 133
50 95
95 14
217 223
178 133
178 223
178 223
95 5
50 43
50 95
223 133
223 207
217 176
217 149
178 248
50 95
89 14
223 217
223 133
89 95
5 54
50 95
223 178
5 61
217 223
95 89
95 89
5 89
95 28
178 246
5 89
95 5
133 217
95 50
89 95
133 223
50 95
95 50
217 178
133 211
5 95
95 89
5 95
5 95
95 50
133 223
89 5
89 45
217 223
95 14
5 95
5 95
217 223
5 89
5 47
95 5
178 223
50 95
95 51
178 223
95 50
121 114
217 178
95 89
89 95
223 199
178 223
178 223
50 41
50 95
5 14
5 95
133 148
50 57
5 50
50 5
217 178
217 223
89 92
95 89
223 178
95 5
89 95
217 223
133 223
51 63
89 95
223 217
217 178
178 217
178 223
133 178
95 89
133 178
5 95
89 95
5 95
95 5
50 5
89 95
89 50
89 95
95 5
5 95
133 223
50 17
5 95
89 95
51 42
133 201
89 50
133 178
217 223
223 133
217 133
95 89
89 50
223 217
223 178
223 217
217 178
89 95
178 223
217 223
223 178
95 79
133 178
217 223
178 133
196 169
95 89
50 95
217 178
95 50
217 178
89 95
217 223
89 50
217 223
89 95
65 73
5 50
178 223
178 217
95 50
178 223
217 223
223 217
223 151
95 89
160 202
95 89
95 89
223 217
89 95
217 168
95 89
253 223
223 178
178 223
217 223
217 223
89 95
5 95
89 95
95 89
89 95
223 133
89 95
89 50
217 133
50 95
89 95
89 50
223 133
228 133
113 58
133 223
223 217
217 133
32 74
5 95
89 50
5 95
178 133
89 5
89 50
89 95
5 73
178 223
95 89
5 50
15 34
217 223
145 153
133 223
50 95
217 223
178 223
89 95
178 238
89 95
89 95
217 223
5 14
50 95
202 228
223 217
95 89
217 223
178 217
217 223
95 89
89 95
178 212
133 178
89 50
178 217
81 42
50 89
217 223
50 95
89 95
89 95
133 223
223 178
50 89
223 178
133 223
178 133
95 83
95 14
133 173
50 95
95 5
89 83
5 95
89 95
217 170
89 95
5 47
5 50
133 175
95 50
95 18
5 95
95 5
217 178
