256 10000
5 95
5 50
133 217
217 178
89 123
178 223
217 223
89 95
95 89
89 95
95 89
5 14
217 133
95 5
5 50
217 223
217 223
217 178
133 178
248 133
223 217
223 217
5 95
217 223
89 95
217 223
133 217
178 223
5 95
5 50
95 89
50 95
5 47
89 95
89 5
50 95
223 217
89 50
89 95
217 223
217 223
217 133
89 93
50 84
5 95
223 133
217 223
89 5
63 96
133 178
143 162
223 217
133 217
178 223
5 79
95 89
223 133
223 178
133 223
133 201
217 223
217 223
95 78
178 228
223 133
217 223
178 133
178 223
5 50
89 95
217 223
50 95
178 223
89 5
217 223
223 217
89 95
89 50
95 50
50 5
178 131
223 151
133 223
89 23
95 50
217 223
50 95
5 95
223 217
217 178
95 5
5 89
133 223
178 223
178 255
95 89
5 95
95 23
95 50
223 217
95 89
223 178
50 95
5 95
223 175
95 5
178 223
178 130
223 128
133 166
217 243
143 211
89 95
5 110
133 178
217 133
178 223
223 133
89 95
223 217
217 178
223 207
217 223
5 95
95 5
50 95
223 217
89 95
89 95
217 223
5 95
95 89
89 95
217 223
133 223
89 95
178 223
50 95
178 223
95 50
89 95
89 95
191 224
217 133
223 133
223 133
5 95
178 217
223 217
95 50
89 95
133 223
89 95
50 95
89 95
95 127
89 95
223 217
153 133
95 50
133 243
178 224
89 95
217 223
223 217
133 217
17 24
133 217
89 33
95 89
217 223
5 50
5 95
95 5
5 95
89 5
223 217
133 175
178 223
5 100
95 50
133 175
5 50
217 223
89 95
5 89
95 89
217 223
89 95
50 95
50 95
95 5
133 178
217 178
89 95
95 23
217 223
223 217
5 95
95 5
217 209
89 95
95 89
89 5
5 50
95 50
217 223
65 78
95 89
5 50
89 67
223 166
133 217
133 178
95 50
178 217
89 95
50 95
89 5
89 95
89 50
95 50
217 178
89 95
133 131
217 223
5 95
224 139
178 217
89 95
145 253
133 175
5 117
89 95
133 223
217 223
217 223
50 95
95 50
89 95
223 133
223 217
178 133
5 95
133 217
95 89
50 95
95 50
133 217
89 95
58 83
223 178
50 95
217 223
223 133
223 178
95 89
89 95
217 223
50 95
223 217
223 217
217 133
251 247
133 175
133 223
89 50
5 95
178 146
95 50
5 50
89 95
95 89
89 95
223 178
89 95
89 50
178 223
94 33
89 95
133 223
5 89
89 95
50 89
95 89
223 133
178 175
95 89
95 5
5 95
17 58
89 5
223 133
89 59
89 95
5 89
89 95
223 133
133 223
223 178
223 235
95 5
89 81
217 223
89 95
178 217
178 220
223 217
95 5
178 223
217 223
133 217
5 89
95 5
5 50
89 95
89 95
5 89
223 247
223 139
249 169
89 5
89 95
50 95
5 89
223 142
95 89
148 192
178 223
89 95
217 133
223 178
178 217
89 95
89 95
133 217
89 95
217 223
253 168
223 178
89 95
89 50
89 95
133 178
217 223
223 133
223 133
223 146
133 223
89 95
223 142
223 217
133 217
178 223
178 223
5 89
217 223
223 217
133 178
223 133
223 217
223 217
133 148
89 95
217 223
89 95
223 217
15 34
217 223
50 95
95 5
89 50
133 223
50 95
50 95
89 95
223 217
95 50
217 223
133 223
95 5
5 89
5 50
95 89
178 217
5 95
178 217
95 118
17 76
95 50
223 217
89 95
178 223
50 95
133 223
207 211
50 102
95 5
95 89
89 95
50 95
217 178
217 133
217 223
217 223
178 217
89 50
178 133
223 178
50 95
217 178
95 89
133 178
223 178
223 217
50 95
5 95
89 95
89 95
223 217
95 23
223 178
217 223
89 50
133 217
178 223
17 10
5 95
217 223
50 95
50 42
89 50
89 50
95 89
178 217
89 5
5 89
178 133
89 50
249 211
95 14
217 223
95 89
15 79
217 223
50 17
95 50
223 217
113 45
95 89
178 223
179 170
5 89
50 95
217 223
89 95
50 89
89 5
178 133
5 50
223 158
95 113
89 79
5 89
89 71
223 178
223 217
5 95
133 178
223 217
64 15
95 89
223 178
223 217
89 95
178 223
178 223
217 223
217 223
223 244
170 179
5 95
5 89
50 41
89 95
133 175
217 223
217 223
217 223
217 223
217 223
50 95
5 95
178 217
5 50
95 89
5 50
178 170
89 50
223 133
5 110
196 143
217 133
89 95
89 95
133 223
95 50
133 175
89 95
223 217
89 95
178 212
94 112
178 249
89 5
95 75
95 5
50 60
217 223
50 89
133 202
5 95
217 223
5 77
50 89
223 133
179 160
17 80
95 89
133 162
89 50
95 89
89 95
249 222
178 223
50 89
89 50
95 89
178 133
133 178
95 50
95 89
89 5
223 133
223 151
217 194
99 73
223 142
223 133
95 89
217 164
217 133
95 89
89 95
223 133
50 89
178 223
95 89
217 223
89 95
133 223
5 95
217 223
89 95
217 223
133 178
5 95
89 95
95 50
5 50
50 79
5 95
95 66
15 34
5 95
217 223
178 133
217 223
217 223
133 217
95 50
89 95
223 217
133 201
89 95
17 58
5 73
178 166
217 223
89 95
148 136
223 178
133 223
5 95
95 89
50 95
89 5
68 15
223 217
17 80
223 217
178 253
95 89
113 58
5 95
223 217
5 50
89 95
17 45
191 207
217 223
178 223
217 223
217 223
89 95
223 133
95 5
95 14
5 113
5 50
95 5
217 133
89 50
191 224
5 89
223 142
89 95
79 34
95 5
193 149
217 178
89 95
217 178
217 223
89 50
178 223
217 185
89 95
50 5
133 178
50 5
95 89
223 133
133 178
50 89
217 204
89 50
217 178
192 191
178 223
133 217
228 247
95 89
217 223
178 223
95 89
217 178
217 133
50 5
89 68
217 223
178 223
50 5
223 133
223 178
217 223
5 95
5 89
217 133
50 89
95 2
99 110
133 217
89 95
95 89
5 50
178 223
89 5
217 223
89 50
89 95
169 222
223 217
89 50
5 79
95 5
178 156
217 223
5 47
223 133
192 230
217 199
89 95
95 14
89 95
133 178
223 133
196 169
178 223
133 217
223 133
5 95
89 50
217 223
95 89
95 50
89 5
89 95
89 95
95 89
5 89
89 50
223 217
89 95
133 175
217 178
217 223
223 217
217 223
223 217
5 50
50 95
178 223
223 217
223 238
89 95
50 95
89 95
95 1
178 223
50 116
95 23
5 95
95 74
178 223
5 95
5 95
89 50
217 223
89 95
50 95
95 5
223 217
95 89
50 12
63 120
217 223
217 133
5 95
89 50
50 95
95 50
217 133
227 237
5 95
217 178
153 202
223 178
5 95
95 89
217 133
217 223
89 95
178 133
133 223
133 223
95 50
50 89
50 95
133 223
223 178
178 217
5 95
133 217
217 133
223 210
89 95
89 95
253 223
50 121
178 223
89 95
95 89
247 251
217 178
178 217
223 133
89 95
217 223
133 223
217 133
5 95
223 178
223 133
223 133
5 89
153 234
223 133
50 95
217 223
89 76
95 110
50 5
170 209
223 178
133 223
50 95
235 141
50 73
178 223
95 50
89 20
217 223
99 118
217 223
217 178
89 95
223 217
50 89
95 5
71 95
217 178
178 217
133 178
89 115
50 89
217 223
5 95
89 95
217 178
50 47
89 8
95 125
89 95
217 133
5 47
217 223
89 95
217 223
178 223
95 50
133 217
217 178
95 89
178 217
179 140
89 5
178 238
208 178
89 95
217 223
121 83
50 5
89 95
223 217
50 95
217 223
133 217
89 95
95 76
20 8
89 95
89 95
89 95
95 5
223 178
217 223
133 223
50 89
178 223
223 178
223 133
217 178
217 223
50 95
95 41
50 95
217 136
178 223
133 217
5 95
223 151
162 178
223 178
50 95
178 166
50 52
50 5
217 223
223 178
89 50
89 95
178 170
89 50
50 35
50 95
5 95
217 223
223 217
223 138
50 5
148 249
95 5
133 217
133 217
145 250
89 95
178 238
50 22
50 89
50 95
133 223
50 89
95 123
217 133
50 110
5 50
133 201
217 223
95 89
95 89
89 5
133 223
184 133
15 34
5 42
223 217
178 223
178 223
223 133
95 89
50 89
133 217
217 223
217 178
5 95
223 178
89 113
95 50
50 23
5 50
5 89
223 133
89 95
5 95
217 223
54 19
56 5
95 50
5 47
217 223
133 178
178 202
223 133
223 178
95 89
95 5
178 249
89 95
217 178
217 139
89 95
89 95
217 223
217 178
217 178
89 115
193 254
95 89
133 201
133 223
89 5
223 217
95 3
95 5
143 162
50 95
191 248
63 96
178 223
50 36
95 23
89 95
95 5
217 211
217 223
178 133
178 186
217 178
89 95
50 95
125 18
95 14
223 151
95 50
223 217
95 14
223 133
89 95
50 89
223 142
178 205
217 133
223 133
89 80
89 95
50 95
89 95
223 178
95 5
133 217
89 95
95 89
5 89
223 133
5 47
217 178
217 133
223 217
178 223
223 178
89 95
223 178
223 178
96 22
17 0
95 23
89 95
223 217
133 217
95 5
89 45
145 179
133 223
223 217
178 133
178 223
223 151
223 133
41 74
95 89
217 223
89 95
95 83
223 142
178 223
223 133
178 223
95 50
217 223
217 223
133 223
217 178
178 223
95 50
217 223
5 50
5 47
133 217
217 133
89 95
178 223
95 14
178 217
223 178
95 5
5 89
217 223
217 223
181 178
50 5
95 5
50 5
217 223
25 94
223 133
89 95
217 223
133 178
95 47
217 251
95 5
217 223
178 223
217 133
223 217
5 80
217 223
217 223
89 95
50 89
5 95
133 175
5 50
89 50
50 95
89 95
95 89
5 95
178 217
5 73
178 148
50 71
217 223
223 178
89 95
143 211
50 73
248 244
95 5
178 223
99 24
89 95
217 223
95 89
50 59
217 223
89 50
89 50
223 178
227 144
217 223
178 223
178 248
178 141
178 243
217 223
178 223
133 223
95 5
217 133
89 95
89 95
223 178
89 50
217 178
223 230
178 223
241 186
217 178
217 223
217 223
95 50
95 79
223 142
217 223
178 181
89 95
95 89
223 217
5 95
217 223
217 178
17 125
89 95
217 223
178 223
178 212
5 47
217 199
223 178
133 211
217 223
223 178
217 178
5 73
133 223
217 176
89 95
5 116
95 50
223 133
223 133
217 206
121 17
133 223
5 73
89 50
217 223
89 50
133 178
89 95
217 223
50 95
178 223
89 63
94 61
223 217
133 178
133 217
223 133
95 89
223 217
223 217
217 133
95 23
50 5
223 178
95 14
89 95
5 95
217 178
89 5
217 223
5 50
223 217
20 64
223 178
182 191
178 223
5 89
217 223
133 223
223 250
217 133
217 223
89 50
5 89
89 50
178 223
223 217
178 221
217 223
133 217
95 5
89 95
95 50
5 95
178 133
178 217
217 178
89 95
223 142
89 35
5 50
50 89
95 50
178 173
217 220
89 95
50 85
5 95
89 95
50 95
5 95
5 89
178 217
223 178
217 223
133 223
217 223
217 178
89 95
178 223
95 89
178 217
133 187
5 98
5 89
217 133
95 89
223 217
217 223
95 50
89 95
217 223
143 207
178 207
223 217
223 253
41 23
253 226
223 142
178 223
5 50
192 246
95 89
89 95
178 223
95 2
178 223
217 223
50 17
217 223
5 47
223 178
50 95
241 186
217 223
223 211
89 5
50 89
223 178
95 75
89 95
5 50
42 7
178 238
178 133
50 95
217 223
217 223
50 95
89 95
223 217
5 95
223 217
133 223
89 95
223 178
223 178
133 217
133 251
50 95
133 170
223 252
95 89
5 110
217 225
191 248
50 95
223 178
223 142
178 223
50 5
133 223
133 223
50 89
178 223
133 223
178 217
178 223
193 136
95 89
178 217
89 95
178 217
133 247
5 73
223 178
217 133
217 223
223 217
217 223
89 5
89 50
217 223
89 95
223 133
89 50
217 223
5 47
223 217
178 217
95 115
178 223
178 223
95 5
89 50
223 217
50 47
50 95
5 50
217 223
5 95
95 89
178 223
50 89
178 223
95 89
217 211
5 50
95 50
5 95
217 223
89 95
217 223
5 89
95 50
217 223
223 217
223 217
89 50
178 133
95 5
5 95
89 95
50 113
50 94
50 5
178 217
133 178
50 95
5 50
178 133
133 217
95 89
5 95
223 133
5 47
89 95
133 217
142 209
50 95
133 223
95 50
178 133
89 95
253 144
223 217
178 217
223 217
95 50
50 95
246 193
95 89
89 95
223 217
5 89
50 26
95 50
178 217
223 217
178 135
121 71
5 89
223 217
50 89
178 136
178 133
50 95
133 223
5 95
95 89
133 223
89 95
178 223
95 89
178 217
217 223
95 89
5 95
5 95
95 14
5 95
50 95
217 223
170 226
223 217
5 75
95 89
133 223
89 95
217 223
95 89
223 151
41 68
178 171
223 151
178 223
89 5
133 178
89 50
217 133
50 79
178 201
89 50
217 133
223 217
89 95
223 217
217 223
95 5
5 47
41 89
133 223
217 223
5 39
223 217
178 217
217 249
178 251
217 223
5 73
178 223
133 223
178 223
217 178
133 223
223 178
217 223
50 117
89 95
217 133
217 223
89 70
178 223
89 95
5 95
95 89
217 223
223 217
95 89
89 95
223 178
50 89
89 79
217 223
95 89
217 178
223 217
5 50
178 223
5 95
50 33
89 95
50 95
95 50
133 201
89 83
5 95
50 89
89 95
133 223
5 50
217 223
212 133
89 95
169 239
133 217
223 217
223 133
95 89
217 133
223 158
178 223
89 95
89 95
217 223
95 89
217 178
5 95
217 223
133 223
5 95
89 95
5 95
223 217
48 51
50 17
217 182
223 237
133 175
184 133
178 223
178 217
89 5
95 71
89 50
50 4
217 223
133 217
178 217
217 133
133 156
5 89
95 89
89 5
133 130
133 223
178 223
89 95
95 89
133 183
95 89
89 95
217 133
50 95
5 95
217 196
89 95
95 50
223 133
17 58
178 223
80 50
50 24
133 193
217 133
5 50
50 5
5 89
223 217
89 95
89 50
89 95
95 5
89 50
223 168
217 179
133 217
50 95
50 95
50 5
50 5
95 51
5 95
217 223
89 5
113 58
178 223
217 223
64 110
217 183
178 223
89 95
17 88
178 217
178 217
95 5
99 122
5 112
94 100
107 13
89 95
95 5
217 223
50 89
133 223
217 223
5 89
217 223
50 89
178 217
178 223
95 89
133 247
223 133
42 20
50 89
133 178
217 146
89 95
95 5
89 14
89 50
50 76
223 217
217 223
5 50
217 223
145 135
5 95
223 217
133 223
15 83
50 95
95 5
96 125
50 95
223 142
50 89
89 95
217 133
5 50
223 217
178 144
83 111
5 11
223 133
50 95
228 247
178 223
89 95
217 223
223 151
89 95
186 203
5 89
133 201
178 237
89 50
5 89
217 178
178 223
95 89
95 89
178 223
89 95
50 5
89 95
133 223
217 223
5 50
95 50
89 95
217 223
178 223
223 217
89 95
217 223
217 223
95 50
89 95
223 151
170 222
89 95
121 83
89 2
178 223
217 223
89 50
95 89
223 217
5 50
89 50
89 95
95 50
50 95
223 178
217 223
133 223
95 50
50 95
50 89
5 50
5 47
133 223
89 94
223 217
89 95
133 205
5 89
5 89
133 207
217 223
95 5
95 89
89 95
217 223
217 223
178 223
5 95
217 223
223 217
50 89
223 178
111 42
182 176
5 95
50 51
217 223
95 5
217 223
89 50
178 223
89 92
178 198
175 133
95 89
178 223
95 89
89 95
89 95
95 89
89 0
133 217
89 95
89 95
217 223
217 223
223 133
89 95
5 50
222 227
89 5
217 182
5 47
89 50
223 142
223 217
217 178
178 223
121 50
217 201
95 89
217 178
217 223
133 223
223 178
95 51
217 223
178 133
89 5
217 178
95 5
133 187
5 95
178 133
50 95
89 5
217 223
223 217
50 95
223 203
178 217
20 8
133 223
217 178
5 95
95 50
42 81
42 51
223 217
95 50
178 229
223 178
89 95
95 89
89 5
50 95
5 95
133 217
5 95
178 223
223 178
5 95
50 95
223 178
89 50
89 95
223 178
217 133
89 95
223 142
178 223
89 50
148 192
65 45
191 207
223 178
133 205
217 223
89 5
133 217
5 89
89 95
89 95
217 223
95 79
133 187
50 95
95 50
145 208
217 185
89 95
95 5
95 5
217 178
89 50
89 95
63 96
89 95
133 217
95 89
89 95
223 142
217 178
217 223
95 5
217 223
217 158
5 89
133 248
223 217
178 223
5 95
50 95
133 178
217 223
223 178
223 142
217 223
89 50
50 89
223 241
223 133
178 223
223 217
89 95
223 178
89 95
5 50
223 178
50 89
50 95
178 237
223 133
89 95
95 89
217 223
50 95
223 217
50 95
217 223
178 223
217 178
217 188
178 133
223 217
178 255
223 217
95 50
5 50
89 50
217 178
50 5
50 95
89 50
95 5
5 95
89 5
223 217
50 95
227 187
50 95
95 50
178 223
95 89
217 223
50 95
133 217
217 178
217 166
217 133
17 95
217 223
5 50
217 223
89 95
89 95
217 223
178 175
95 94
217 223
178 141
223 178
95 50
217 178
174 227
95 14
20 64
211 142
89 95
133 223
50 95
223 217
133 223
95 89
223 217
5 95
133 248
5 89
41 22
217 133
5 95
5 95
178 223
5 50
178 217
217 133
217 133
5 89
133 178
89 50
133 178
217 223
217 223
217 178
89 5
89 50
191 248
178 238
95 89
51 121
5 50
89 92
89 95
95 5
217 223
217 178
178 223
89 95
133 223
217 133
178 217
5 17
223 151
89 95
133 192
133 201
5 95
217 223
217 133
178 223
223 217
89 95
5 89
89 95
89 5
95 89
50 95
89 50
89 95
5 95
133 223
89 81
95 5
133 223
5 95
178 217
178 217
133 178
81 42
178 223
50 95
223 167
89 95
133 217
192 250
217 223
5 89
95 89
223 178
95 50
178 217
14 81
217 133
223 178
133 189
95 50
217 223
5 50
89 95
133 178
217 178
95 50
89 95
95 50
217 133
178 223
223 217
178 223
217 178
178 217
95 5
217 196
217 223
223 178
50 95
95 89
217 178
178 223
217 178
182 251
223 133
178 217
133 223
133 223
217 148
89 95
5 95
217 178
178 133
178 161
50 95
220 217
178 223
89 95
50 5
217 178
89 95
133 178
5 73
5 95
5 95
95 89
178 223
89 95
223 217
5 47
89 95
217 223
182 176
95 89
227 133
217 223
133 217
5 50
246 170
89 50
5 95
178 223
51 100
89 95
50 86
95 50
94 67
89 50
50 95
50 62
223 217
89 50
223 217
95 50
178 133
89 95
223 178
5 89
89 95
50 95
89 8
247 217
5 50
217 223
133 223
89 95
133 178
5 95
89 50
217 223
89 50
217 223
217 140
178 223
5 95
89 50
223 243
133 217
223 217
223 217
217 223
217 223
178 223
64 13
95 89
217 223
95 89
133 223
50 53
89 95
223 133
50 95
95 104
217 223
89 95
95 50
133 178
89 5
50 89
178 138
50 95
223 178
217 223
5 86
95 89
223 178
95 50
89 95
50 95
133 223
223 178
100 54
5 95
249 207
50 45
133 217
178 133
95 89
133 201
249 208
89 59
178 223
217 223
217 178
133 217
5 89
133 223
89 95
50 95
223 217
50 55
133 217
217 223
178 223
15 83
178 202
5 95
217 223
178 181
70 42
50 95
217 178
95 50
178 145
5 50
5 50
133 223
95 89
133 223
178 133
223 217
217 223
217 178
50 89
223 178
89 95
223 217
223 217
89 5
143 211
217 133
89 95
5 73
178 223
5 89
5 89
223 217
89 95
133 223
5 95
50 95
83 111
89 28
50 17
178 217
223 217
178 223
223 217
29 5
223 219
217 223
89 5
133 187
95 89
223 178
20 64
89 95
178 223
5 89
223 133
217 223
89 95
89 50
95 89
95 89
95 5
50 5
14 5
41 14
20 121
228 209
50 95
223 217
223 142
223 217
217 178
89 95
217 178
253 168
89 95
223 217
223 178
5 89
223 133
249 193
5 95
95 5
50 5
50 92
133 217
89 95
223 217
89 8
227 251
89 95
95 89
133 217
89 95
5 73
148 192
241 234
95 89
178 223
217 223
217 223
223 251
89 95
217 223
192 211
217 223
178 223
95 89
178 203
217 133
223 133
50 65
133 223
217 223
217 133
178 223
89 95
223 217
95 23
223 133
89 95
217 223
5 95
95 56
178 239
196 142
133 223
178 223
5 89
95 20
191 207
89 50
5 89
100 119
89 95
5 50
89 50
17 95
178 223
89 95
95 50
178 217
217 223
50 95
5 50
178 154
217 223
217 223
217 223
217 154
217 133
223 182
217 166
89 95
5 50
50 95
89 95
133 175
133 217
5 50
178 133
133 201
5 50
217 223
89 95
178 133
89 50
41 33
178 133
151 223
217 133
217 223
89 95
217 223
178 217
217 133
95 5
95 89
223 178
178 223
178 223
178 217
89 95
95 89
133 209
95 89
95 14
89 50
217 223
223 224
5 83
89 50
89 95
217 223
50 89
95 5
118 65
217 223
133 223
89 50
50 95
95 5
223 217
89 95
133 223
89 5
178 223
89 95
217 223
217 178
50 95
50 95
223 133
89 95
223 178
89 50
178 141
133 178
63 120
223 133
50 79
5 50
50 89
217 223
89 50
217 223
224 174
133 223
249 178
217 223
217 178
217 223
89 95
95 16
95 89
89 95
142 209
143 162
95 122
89 50
223 178
5 95
133 217
95 89
133 217
217 223
89 5
95 50
95 89
89 95
50 83
95 89
227 172
5 89
223 133
133 223
133 217
50 125
95 14
223 178
50 99
133 201
50 89
217 178
5 89
5 95
223 133
5 89
89 50
217 223
133 217
5 95
223 207
89 95
95 5
95 89
5 50
217 223
133 229
89 95
217 223
95 14
133 234
89 50
217 178
223 217
5 95
223 217
133 178
89 95
95 50
5 50
50 95
217 223
223 151
14 81
217 133
50 95
217 223
5 89
58 77
20 106
42 20
63 120
50 5
89 95
223 217
178 223
223 178
217 178
217 223
217 178
251 247
89 95
223 217
89 111
95 89
223 178
178 217
89 95
5 89
133 223
217 178
5 95
95 26
50 95
50 95
89 50
95 89
89 5
178 223
89 68
89 95
223 221
95 89
217 223
5 95
178 217
5 95
50 95
50 5
217 223
89 95
228 247
50 95
217 223
191 224
89 5
217 133
50 95
217 223
223 217
50 110
223 217
217 223
217 223
50 89
32 74
89 5
89 95
95 50
217 223
20 64
95 42
178 217
217 178
133 178
133 223
223 128
25 100
217 223
95 5
89 50
95 89
133 178
178 223
133 223
89 95
118 65
51 105
95 89
217 221
178 180
178 133
95 89
223 178
95 89
5 95
223 133
217 178
50 12
89 95
222 196
89 50
95 50
95 50
217 223
95 50
223 133
95 89
223 178
217 223
217 223
95 5
50 5
50 95
89 5
217 223
217 173
5 95
42 51
89 81
133 223
95 50
217 178
89 95
50 95
133 223
217 133
15 83
145 253
217 133
95 5
223 178
89 95
133 223
89 95
50 89
217 178
217 223
95 3
223 217
5 95
50 89
95 89
248 170
217 223
89 8
50 75
5 95
95 50
178 133
89 95
5 89
89 95
5 113
54 68
50 95
95 5
95 5
95 50
249 211
217 223
95 89
95 89
89 20
223 217
5 73
178 217
217 223
133 223
178 223
50 75
217 223
5 89
217 223
223 142
89 95
133 223
235 141
217 223
178 151
5 64
5 95
223 178
50 89
95 89
133 217
95 50
217 133
89 50
178 133
133 223
178 217
217 223
95 50
217 223
192 164
217 223
223 217
89 95
223 133
89 50
217 223
217 223
5 50
95 5
223 251
133 223
133 178
217 133
50 123
95 89
95 89
133 166
178 133
133 223
178 223
89 95
192 167
89 95
178 149
5 50
217 223
5 89
178 217
89 50
50 95
217 178
133 217
178 133
178 223
223 217
193 254
217 223
133 217
95 89
178 223
119 123
95 5
50 95
89 95
217 223
217 223
223 217
50 95
217 157
223 221
217 223
178 217
89 50
89 114
95 23
223 178
5 57
217 223
178 223
89 95
5 89
178 223
5 89
223 151
223 178
95 89
223 217
217 206
5 127
223 178
89 11
5 73
50 77
223 178
95 89
217 223
223 178
89 95
50 95
133 175
89 95
89 2
50 5
133 175
223 133
89 50
217 223
133 225
178 217
160 223
95 5
133 217
89 5
133 223
217 223
217 178
95 5
178 212
223 134
89 95
217 178
223 178
89 50
217 178
118 65
5 95
217 223
89 5
89 95
89 5
95 50
5 89
217 223
95 89
5 95
217 223
217 223
217 223
5 95
178 217
95 50
223 217
217 223
50 89
217 178
178 223
89 95
95 89
217 223
95 89
217 133
5 89
89 50
223 178
95 50
89 95
89 5
50 95
50 5
217 223
89 95
5 89
217 223
89 54
5 50
223 217
95 84
95 28
89 50
192 211
89 5
5 42
89 95
178 223
89 95
95 5
5 89
178 217
178 223
178 223
133 255
95 5
133 217
133 223
95 5
89 95
95 79
50 5
133 223
133 223
89 5
95 5
50 95
217 223
89 95
89 95
95 50
95 50
178 223
95 50
223 133
50 95
89 95
133 146
89 110
223 133
63 79
217 133
217 223
223 178
223 133
50 95
5 95
217 223
178 223
89 95
217 223
217 223
5 89
5 95
95 89
249 210
95 5
89 50
95 89
5 50
5 74
89 57
217 223
223 217
95 89
89 5
133 131
223 217
217 178
178 185
89 95
217 178
5 95
178 223
178 223
5 95
95 89
217 223
113 64
89 95
217 178
133 217
64 102
178 223
5 82
5 95
178 223
178 223
178 223
223 178
95 89
5 95
178 229
223 217
5 95
89 95
89 95
95 0
178 171
217 178
133 217
178 217
89 95
178 223
5 95
5 89
50 89
170 179
89 95
253 232
133 223
5 50
223 217
217 223
178 223
50 95
178 223
217 223
223 217
5 95
217 223
160 202
223 217
217 223
5 95
217 223
89 50
133 223
50 95
169 242
217 223
222 207
5 50
95 23
227 241
89 94
133 223
5 89
89 95
178 223
133 223
5 56
217 212
89 5
89 115
95 89
133 223
95 89
95 50
95 89
5 95
223 133
217 178
145 221
217 223
50 95
50 5
95 89
133 223
89 95
217 235
95 89
89 5
5 30
178 217
217 133
223 151
217 223
224 219
178 133
95 50
95 89
95 50
89 95
217 223
253 217
223 217
89 95
89 95
89 95
133 178
89 95
223 133
217 185
95 89
89 95
95 30
41 54
89 95
95 5
178 217
95 5
95 89
217 223
133 136
50 53
133 223
217 223
178 223
223 175
95 89
95 5
5 95
133 178
133 223
217 157
228 179
95 89
217 133
95 50
95 89
178 223
89 95
178 223
50 95
223 217
178 223
50 95
217 202
95 5
89 5
217 178
95 23
50 95
89 95
133 192
217 133
217 223
178 223
100 54
133 223
217 206
50 95
222 169
178 176
89 95
223 217
217 196
217 223
50 95
178 223
217 223
223 217
5 83
217 223
223 217
133 178
223 178
50 38
95 50
95 50
5 89
223 161
5 95
178 223
50 95
95 11
217 223
5 89
217 223
5 73
89 95
89 95
89 50
178 223
223 133
89 95
95 50
5 89
89 95
89 95
223 178
95 89
89 18
217 223
95 50
178 145
133 223
50 5
217 178
89 95
89 28
217 223
223 225
51 44
94 88
133 223
178 133
89 98
178 217
50 95
217 223
178 223
95 50
99 111
217 223
94 52
20 64
133 178
223 217
223 217
5 95
217 223
89 50
196 143
217 223
89 95
223 217
89 95
217 178
223 178
217 146
89 95
223 217
5 50
223 204
50 95
5 95
133 223
89 95
5 95
89 5
217 178
223 217
5 95
50 89
133 223
41 92
217 223
223 199
89 95
89 117
50 95
121 20
89 95
95 97
95 5
178 217
217 223
178 223
89 95
95 5
223 217
178 223
223 178
133 223
133 138
5 89
50 5
223 217
223 178
223 133
95 5
89 66
50 95
89 5
95 14
95 50
50 89
217 223
50 95
223 217
50 95
223 217
50 89
89 50
223 133
133 223
178 133
223 217
89 95
217 223
95 89
178 223
223 178
217 133
95 89
223 217
133 217
50 95
89 95
5 47
178 223
5 95
223 217
217 223
95 93
223 133
223 217
133 223
5 110
217 178
133 217
95 89
178 133
223 217
89 50
89 95
217 146
95 5
223 255
133 217
178 223
178 223
217 223
133 217
89 50
217 223
178 217
89 95
5 50
178 223
217 223
50 95
95 5
223 217
20 8
89 95
217 185
89 95
223 217
217 223
89 95
5 50
178 133
178 223
5 95
178 223
89 95
133 223
223 151
89 95
50 95
95 89
223 133
50 95
253 176
89 95
223 179
223 178
95 50
5 73
178 223
223 217
89 95
133 194
89 95
95 71
89 2
89 95
133 223
81 42
95 89
193 254
95 118
95 5
178 223
89 95
133 178
223 217
89 95
89 5
50 95
50 95
95 89
223 133
178 169
196 143
223 217
50 95
89 95
133 223
217 178
64 89
217 223
89 95
89 41
133 178
178 223
89 50
133 178
5 47
50 118
178 223
217 133
217 133
89 95
145 219
178 223
5 3
50 5
133 178
178 223
217 223
95 5
95 17
223 133
95 89
89 95
142 209
41 82
5 95
5 95
89 50
217 223
89 95
50 95
133 223
223 217
95 89
224 137
223 178
89 95
5 89
89 5
133 178
223 133
217 223
178 223
217 223
178 217
247 251
95 5
217 223
223 217
217 133
217 205
95 89
217 223
50 95
50 89
133 178
217 223
95 50
217 223
89 45
223 133
89 95
50 95
95 5
223 217
5 95
95 50
99 54
217 223
89 5
89 95
223 178
133 223
246 193
95 23
5 89
50 95
178 133
50 95
217 223
5 89
217 178
5 95
178 253
223 217
223 178
95 89
89 95
95 89
95 50
178 223
89 5
217 223
95 5
95 5
89 95
217 223
223 178
89 95
89 95
89 95
217 223
133 223
217 223
95 5
5 89
89 17
50 5
178 217
5 95
217 223
178 145
89 50
133 162
5 95
133 217
217 178
50 5
178 247
47 5
217 223
95 50
50 89
178 133
50 5
89 95
50 93
169 203
133 223
223 217
178 223
223 178
89 50
223 178
178 177
89 95
223 178
95 89
95 5
95 89
5 95
223 208
50 95
89 95
217 223
89 50
95 89
217 223
95 5
95 89
100 119
89 50
217 178
89 5
133 217
223 217
178 223
133 201
54 105
125 8
217 223
133 178
89 95
133 178
217 223
95 5
223 217
5 95
41 68
217 223
89 95
95 13
95 50
249 153
169 138
217 178
169 196
217 223
95 30
50 95
133 175
223 217
223 217
178 133
217 223
178 223
133 170
95 17
223 217
95 89
89 52
178 223
95 5
223 217
217 178
178 133
50 95
5 50
5 39
217 178
50 41
5 47
95 89
95 50
95 23
5 89
133 217
223 133
133 178
50 95
133 223
89 50
8 64
133 223
178 133
5 89
89 95
89 5
133 217
50 19
89 95
50 95
193 162
133 217
217 223
50 95
89 95
211 217
223 217
178 207
89 50
5 14
178 223
223 178
178 217
179 152
95 89
95 89
89 95
217 223
217 223
133 223
179 200
89 95
175 228
223 232
89 95
89 95
178 140
89 5
89 95
89 50
17 1
217 133
223 178
223 217
89 95
241 141
217 223
89 5
223 178
249 148
217 223
217 133
217 133
89 50
178 223
178 223
5 95
50 95
74 54
217 223
178 223
95 5
5 89
178 217
178 232
217 223
5 50
5 95
89 123
89 5
89 5
5 50
217 178
133 178
89 50
5 50
89 50
133 223
5 89
5 95
196 169
178 133
89 50
223 142
89 95
95 50
223 217
217 223
95 89
17 125
223 217
217 223
223 217
179 147
223 217
99 83
50 47
133 223
89 50
178 223
223 217
223 217
95 50
133 223
133 178
217 223
253 166
133 223
95 5
178 217
148 133
178 223
89 95
89 5
217 178
50 5
50 5
89 95
217 178
89 5
223 217
95 50
5 89
50 5
95 5
89 95
217 223
5 47
223 133
95 89
178 223
217 223
89 122
50 89
89 50
217 133
41 63
5 50
178 250
217 223
54 126
253 223
5 95
89 95
133 178
5 89
217 223
223 133
95 89
223 217
50 89
50 48
222 253
217 223
178 212
148 192
178 134
89 95
89 95
89 56
179 140
89 95
223 217
178 213
217 223
217 223
95 5
50 5
50 38
5 89
5 89
133 178
50 5
133 217
5 82
95 14
95 50
178 133
50 5
209 211
217 131
89 41
217 178
50 95
223 151
5 95
89 42
106 70
133 178
178 133
5 95
217 223
223 133
217 223
50 95
89 95
89 5
178 223
217 133
89 95
178 217
133 217
217 223
217 223
95 50
5 89
50 95
217 223
217 133
133 217
178 223
89 95
89 95
133 223
5 89
217 223
5 95
89 95
5 50
133 223
223 133
223 178
95 52
95 89
217 223
223 145
5 89
178 208
178 223
217 223
50 61
223 178
239 178
89 95
178 170
223 178
50 95
178 251
5 95
223 178
217 178
217 223
217 178
133 217
95 50
217 223
199 178
5 95
50 95
95 50
223 217
178 223
223 133
217 223
50 95
217 223
223 217
96 32
217 133
95 50
217 223
50 89
178 145
89 107
95 50
89 95
217 133
89 5
50 89
5 95
95 89
133 217
50 17
217 223
5 89
198 187
95 89
89 95
133 223
178 223
148 136
95 50
133 226
95 89
89 50
94 39
5 95
178 184
89 95
95 89
223 217
89 50
50 95
223 217
217 223
89 95
223 151
50 95
223 217
95 89
178 223
223 178
50 53
95 89
18 50
133 178
50 95
223 166
89 5
133 217
89 50
223 178
217 223
133 223
5 50
50 95
50 95
244 217
89 50
223 217
178 223
223 178
5 89
89 50
248 191
89 5
178 133
89 95
223 217
178 223
133 178
223 133
89 5
133 178
89 95
133 217
89 50
217 223
50 5
223 217
95 50
223 217
223 217
217 223
217 133
5 95
95 84
133 178
133 217
95 50
50 17
95 89
178 223
5 95
89 95
41 68
217 223
178 251
217 133
217 133
223 217
223 178
133 217
95 89
217 234
89 95
178 223
217 223
223 178
182 142
5 122
89 95
223 217
95 50
217 178
89 95
95 89
223 217
58 113
178 223
50 121
217 178
95 5
95 50
50 95
217 180
217 178
95 89
89 50
95 89
89 95
95 89
89 95
41 79
95 5
95 50
133 223
178 133
217 223
95 50
223 217
5 95
95 14
5 95
217 178
192 222
5 113
95 50
217 223
223 217
125 40
5 79
95 89
89 50
223 217
133 217
95 5
119 123
50 95
5 95
50 89
89 97
50 95
223 167
178 243
133 178
217 223
178 223
223 217
217 178
95 50
5 95
178 223
5 89
89 95
217 223
89 95
50 95
89 5
89 95
95 89
178 223
5 95
89 95
95 23
5 95
223 133
95 89
217 223
95 50
50 5
89 50
217 223
5 95
217 178
133 223
89 95
133 223
223 133
178 223
143 162
186 152
217 178
95 50
217 223
95 5
50 60
95 89
95 93
89 95
217 133
223 151
50 95
89 95
133 223
217 223
217 223
95 5
5 50
217 223
178 191
223 178
217 251
89 95
223 217
223 178
142 209
41 83
253 142
95 14
89 95
5 73
223 178
118 13
89 95
89 95
89 5
95 50
217 156
95 50
223 217
89 95
133 178
223 217
170 133
178 173
223 133
50 53
223 151
95 71
95 5
217 178
133 223
95 14
178 202
79 80
133 178
89 95
217 133
191 224
5 50
133 223
133 223
217 223
178 217
95 89
95 89
217 178
223 217
89 95
50 89
223 217
222 135
217 223
133 234
95 89
89 55
178 133
223 178
89 50
64 94
95 14
223 217
89 5
223 211
95 89
50 89
50 95
133 217
41 5
133 223
89 95
89 95
89 95
217 133
217 185
50 95
133 217
5 89
217 178
95 89
223 178
223 153
223 217
245 223
133 183
5 47
89 95
50 95
50 5
5 89
217 223
71 89
5 95
50 89
5 95
50 124
50 95
178 223
217 223
89 5
94 43
223 199
95 89
100 119
133 201
133 217
5 47
217 223
192 141
89 95
5 95
217 223
223 252
223 217
178 223
217 178
95 50
133 223
89 50
217 223
217 223
50 121
5 95
5 47
223 217
95 50
223 133
50 1
50 95
89 95
50 95
95 89
89 95
95 5
217 223
217 178
217 223
95 89
133 201
15 83
89 50
223 217
217 223
186 205
95 89
63 96
133 201
178 226
5 89
50 95
223 217
89 95
5 89
89 94
133 223
5 47
50 89
95 89
217 133
133 217
178 223
217 223
133 192
179 133
133 217
223 170
95 5
223 217
223 178
5 50
217 223
95 5
178 223
217 178
89 95
223 133
223 178
95 89
50 95
217 151
95 34
125 126
95 79
89 95
178 217
217 223
217 223
50 17
133 178
111 42
89 57
89 97
50 89
89 95
217 178
42 51
95 89
191 248
5 89
217 133
223 142
95 23
50 95
89 95
5 89
89 95
50 95
217 223
50 95
217 133
133 199
217 133
89 50
50 15
5 95
223 178
89 95
223 217
95 110
95 93
5 95
5 40
5 73
217 178
95 89
42 118
217 223
95 5
133 217
217 251
5 95
133 223
95 50
95 14
5 95
217 223
217 223
89 5
178 133
95 50
178 223
178 217
14 81
50 5
223 133
186 203
95 89
178 245
89 95
178 223
5 95
95 89
89 95
5 50
89 5
217 223
58 83
223 217
217 223
133 199
95 89
89 95
222 146
178 211
95 50
89 50
95 89
50 95
223 217
89 50
198 170
170 179
5 95
111 42
5 95
133 217
89 95
217 223
217 223
133 223
133 217
178 146
89 50
178 133
217 223
178 217
133 178
133 223
89 95
223 217
95 89
50 24
217 178
133 223
223 217
95 50
223 217
178 223
95 89
89 95
89 95
50 95
5 95
95 89
50 5
169 130
50 95
217 223
178 133
95 97
133 201
5 95
217 223
217 178
89 95
178 203
186 241
178 223
133 223
5 89
178 217
95 89
89 95
217 223
5 89
96 100
50 89
20 8
133 223
217 178
223 217
217 223
95 5
50 89
95 23
50 95
95 50
133 178
223 178
5 95
50 89
89 83
228 142
223 217
50 17
217 223
5 47
133 220
217 223
89 95
89 95
217 223
223 217
5 50
95 5
15 79
133 201
50 95
217 178
133 223
217 133
217 223
223 217
121 5
89 52
133 223
217 223
5 95
95 5
133 223
95 89
5 89
89 50
50 112
5 50
95 89
56 5
207 211
223 178
178 223
89 95
217 223
95 14
178 133
133 178
223 178
153 234
133 223
217 223
50 89
5 50
178 223
20 8
133 217
178 133
217 178
89 95
89 50
133 223
89 95
223 178
133 223
42 51
217 201
133 217
133 182
5 89
5 47
50 89
95 50
5 95
95 88
223 217
50 3
89 95
178 223
133 223
223 217
170 209
217 223
5 95
133 217
133 217
223 178
136 222
217 223
217 223
217 223
95 50
5 89
178 223
133 178
95 14
89 95
50 95
143 207
89 79
223 217
223 217
95 89
217 223
223 217
95 89
217 223
217 223
50 95
95 50
64 45
5 95
217 223
95 5
50 118
5 73
133 201
217 223
95 89
5 47
50 5
133 223
223 217
217 223
50 5
50 89
217 178
89 5
95 14
223 133
217 223
178 207
89 95
51 117
217 223
50 95
50 5
143 162
89 95
89 95
223 217
95 115
217 133
133 217
5 89
5 95
133 205
5 88
5 95
50 95
223 178
217 223
223 178
223 133
223 227
51 92
133 223
95 89
223 217
50 95
217 251
133 223
133 238
15 34
178 223
89 95
148 136
50 43
14 81
178 217
223 178
89 109
217 223
223 178
133 178
178 133
95 89
217 223
223 133
5 4
223 178
5 110
5 95
95 50
50 95
95 89
5 89
223 217
89 95
50 5
89 95
50 89
5 50
89 50
133 178
178 223
178 223
50 89
89 5
89 95
14 81
50 95
133 217
5 50
133 223
133 223
249 223
95 5
217 223
217 223
89 50
217 223
89 95
178 133
95 5
178 133
178 133
178 223
217 223
223 217
223 170
95 89
89 45
5 50
5 118
50 95
89 5
146 223
50 41
133 217
217 223
5 89
89 95
217 223
95 89
217 178
89 95
223 178
95 14
89 95
217 223
223 133
133 223
63 79
95 89
217 223
89 95
5 95
178 223
178 223
223 151
133 223
133 239
95 5
95 50
178 190
223 217
89 50
178 223
95 89
5 4
89 95
5 95
50 95
217 223
95 50
50 38
89 95
217 133
95 5
89 95
89 42
41 68
95 89
133 223
133 217
178 133
223 217
5 95
133 217
223 142
133 178
95 89
89 50
217 223
223 217
133 217
50 95
133 178
89 95
223 133
95 21
65 99
89 5
89 50
178 133
89 50
223 217
50 95
89 95
217 133
5 50
95 50
178 133
50 57
217 133
148 249
178 133
217 223
217 223
89 50
223 178
89 95
89 95
5 95
113 58
50 89
133 223
89 95
89 95
178 221
133 223
50 5
217 223
223 217
217 223
217 178
5 95
217 133
217 133
50 95
178 223
89 50
133 223
178 226
89 77
178 217
20 64
223 178
178 223
99 17
50 95
178 133
89 50
95 89
223 133
217 178
241 186
50 95
95 50
95 50
50 95
217 223
5 50
89 5
223 178
95 5
217 178
223 217
89 95
64 75
178 133
5 89
95 14
223 217
50 5
5 95
178 133
5 89
50 10
95 89
89 95
15 79
223 217
133 201
133 201
5 47
5 89
223 178
223 217
253 196
50 95
133 217
178 223
173 217
50 95
89 95
217 223
95 50
5 89
133 175
95 16
178 223
89 24
95 50
89 5
133 201
217 223
50 79
217 173
178 223
178 223
89 5
178 187
89 95
50 95
68 41
179 160
89 50
94 93
133 158
89 50
89 95
89 38
89 83
178 223
89 5
89 95
187 208
50 89
223 178
89 50
217 223
89 5
223 133
100 14
217 223
191 248
89 50
133 223
133 201
133 217
178 223
5 50
89 50
95 89
178 217
5 73
179 184
89 12
217 178
148 192
217 178
133 223
50 95
89 95
95 89
223 133
5 95
178 223
89 95
51 80
5 95
133 223
89 95
223 178
133 178
89 50
223 217
95 5
50 5
95 50
133 217
89 50
5 81
169 227
5 95
64 83
50 95
133 223
217 133
178 217
133 217
50 95
217 223
5 50
95 89
133 178
217 223
95 5
178 221
5 89
5 89
223 133
217 223
178 133
95 5
89 5
89 95
95 89
5 89
178 223
217 223
89 50
95 66
223 253
169 186
89 95
223 217
217 223
178 223
89 95
223 133
223 217
50 53
178 223
50 47
178 217
95 89
50 95
178 223
89 50
5 50
95 89
223 178
50 95
89 50
50 95
217 223
125 59
89 95
223 151
89 95
5 118
50 89
95 89
217 178
89 95
217 133
239 142
223 217
89 50
223 178
178 223
217 182
5 50
223 178
5 95
222 144
32 74
95 50
178 217
95 5
95 89
223 178
95 5
5 95
89 95
178 223
217 223
95 30
50 5
89 95
178 223
133 223
95 23
223 133
89 50
89 5
5 73
89 5
89 95
223 133
217 223
133 217
95 89
5 89
223 217
50 95
5 95
95 5
95 89
89 50
182 207
95 42
133 187
217 178
99 4
89 95
133 223
133 178
50 89
223 217
227 162
223 217
223 217
50 89
95 50
95 89
89 50
217 223
178 144
211 239
178 223
217 178
95 5
111 42
89 50
133 223
50 95
95 50
89 95
50 95
217 178
95 5
5 89
5 89
5 89
133 217
223 217
89 74
217 223
223 178
223 178
95 5
223 217
178 217
89 95
133 201
178 217
89 95
89 80
5 95
89 95
5 95
5 95
217 223
89 95
89 95
95 50
89 95
89 95
95 14
95 89
217 223
178 133
89 95
89 50
89 50
50 95
89 5
133 175
223 217
223 217
178 223
178 223
170 179
5 73
223 244
178 223
145 157
50 5
5 95
178 133
217 223
223 178
178 223
89 95
50 5
133 217
68 15
223 133
95 89
89 50
223 133
95 50
95 5
217 178
95 89
217 223
223 191
50 95
50 57
217 178
89 95
223 217
95 89
133 223
217 223
89 50
178 223
217 223
89 95
217 223
223 133
217 223
223 217
217 223
95 50
95 5
217 223
95 89
50 107
95 89
217 223
89 95
217 133
217 133
133 223
178 238
95 89
223 217
133 217
89 95
50 85
5 50
133 217
95 5
95 89
95 89
95 89
133 225
133 223
5 89
89 50
95 89
133 223
217 133
54 50
133 217
15 79
50 95
89 50
50 5
217 223
133 201
133 217
5 95
217 178
217 178
95 89
95 50
118 111
51 66
95 5
223 217
5 50
50 89
217 133
133 159
178 133
50 17
223 178
99 53
178 223
89 50
178 223
89 50
223 217
217 223
217 178
5 89
89 95
223 151
95 89
178 133
133 217
95 5
89 5
223 178
217 223
217 223
50 95
178 148
89 50
95 125
178 223
89 95
95 23
133 217
133 217
5 95
217 223
223 178
217 223
178 223
223 133
89 95
217 223
223 178
95 14
5 50
5 73
89 95
178 223
217 133
217 223
5 95
234 198
223 178
50 95
217 223
178 217
5 89
196 143
178 223
95 89
133 223
133 178
223 178
89 95
223 142
223 178
49 99
89 65
217 223
217 133
223 146
89 95
50 95
217 223
89 95
89 50
50 79
223 217
95 34
217 133
217 223
133 175
178 223
133 178
223 217
95 89
217 223
223 178
50 18
89 50
89 95
89 78
89 5
133 223
89 95
50 5
223 217
217 223
217 223
5 95
217 223
95 18
178 223
89 95
223 217
217 223
50 95
217 223
169 132
89 95
133 153
178 183
89 50
133 223
217 223
89 95
217 223
133 223
133 223
223 133
178 223
95 50
178 223
89 5
133 178
89 95
89 2
178 223
89 95
95 50
133 223
125 110
95 5
89 95
89 95
217 223
223 142
133 217
223 217
50 89
95 5
5 89
223 217
95 89
217 223
145 224
5 47
89 5
95 20
5 95
68 15
89 95
50 95
50 5
217 178
223 142
89 95
223 133
133 150
95 89
50 127
223 217
89 5
222 206
89 95
217 196
5 95
5 95
178 223
50 95
95 5
223 217
133 223
89 67
217 223
178 223
133 217
217 133
50 95
133 223
89 5
217 223
95 50
89 95
133 178
50 95
253 230
50 95
95 50
5 89
223 178
217 178
223 178
169 204
5 50
89 50
133 201
223 207
133 223
50 26
95 83
95 42
223 217
5 91
89 95
223 217
178 223
89 95
94 26
5 89
95 89
89 30
217 223
95 50
50 95
5 51
217 223
5 117
178 223
217 133
89 5
95 50
133 223
133 178
89 50
95 50
95 89
217 251
223 217
148 192
5 95
223 133
89 50
50 97
133 178
89 95
227 232
223 133
133 178
217 223
89 95
223 142
223 133
133 223
133 175
223 178
178 221
217 156
95 50
133 223
223 178
50 95
178 223
50 95
217 133
95 50
50 95
50 95
5 89
89 95
133 198
133 178
89 95
5 89
217 133
253 199
133 175
5 47
133 178
223 217
133 178
217 223
95 89
133 217
5 89
222 195
223 138
217 238
5 89
89 50
178 223
178 223
133 175
89 95
217 223
41 96
95 14
223 142
95 89
178 223
178 138
89 11
89 95
89 95
223 133
89 5
5 73
89 18
223 207
223 133
217 223
178 223
223 217
5 89
50 83
50 5
133 211
133 178
89 95
89 95
217 223
148 136
224 211
89 50
89 95
95 89
178 223
217 223
95 50
89 50
89 95
223 178
89 50
89 95
14 83
133 178
178 223
95 5
133 217
223 133
217 223
133 217
95 89
50 115
196 143
95 89
223 178
217 243
223 133
217 196
223 217
133 217
89 95
217 223
95 83
95 89
223 151
89 95
223 178
217 166
223 178
89 50
133 217
89 95
217 178
193 161
133 217
217 223
253 226
217 129
95 50
223 145
95 89
95 5
217 178
5 95
95 89
5 95
217 178
5 89
133 178
223 151
54 50
133 217
228 142
5 95
178 223
178 217
217 223
95 50
50 89
133 217
5 89
223 133
249 184
89 5
89 95
95 89
178 133
89 5
223 217
133 223
223 217
133 223
209 228
50 89
223 133
217 223
89 96
217 223
223 178
133 178
95 50
217 178
178 133
217 223
178 223
217 223
95 89
217 178
178 223
217 223
223 148
217 223
223 178
89 95
50 89
178 223
178 217
89 50
95 5
95 50
223 178
133 178
95 89
89 50
223 217
13 81
178 177
50 5
133 217
217 223
223 217
217 178
169 196
223 203
178 136
178 217
198 170
223 217
89 5
95 89
178 217
133 178
5 89
50 95
223 178
133 178
133 223
178 223
223 178
95 54
50 95
178 133
5 95
95 50
100 14
217 223
5 95
95 5
133 208
89 5
133 178
89 50
223 133
54 19
5 89
95 78
217 223
5 89
178 223
5 95
89 95
217 223
223 178
178 179
5 95
133 223
95 47
89 5
83 79
5 95
217 178
89 95
95 50
223 217
95 50
50 95
217 223
89 5
50 95
89 95
133 140
5 95
178 223
223 178
5 95
223 217
133 151
95 50
95 89
89 95
178 253
178 223
42 51
5 50
95 38
89 80
223 151
133 217
5 89
5 50
50 5
133 217
191 248
89 95
89 95
89 95
223 217
95 30
217 133
89 95
133 175
95 89
95 89
5 50
42 51
50 89
5 25
5 89
125 83
217 223
95 89
217 133
223 217
89 95
50 95
178 142
224 144
223 217
133 217
95 14
223 217
89 95
133 223
145 223
178 217
89 95
5 95
223 184
223 178
89 95
178 223
5 59
133 217
133 217
89 95
217 223
95 5
217 223
89 95
5 89
65 6
89 5
50 95
5 95
178 133
217 223
178 217
133 178
89 50
235 217
95 89
217 194
95 89
133 193
95 5
133 223
169 245
133 223
5 95
50 7
133 246
5 95
217 223
5 50
223 179
133 130
223 217
223 217
133 223
217 178
50 5
5 95
223 178
133 223
50 89
223 133
217 223
89 50
89 95
223 217
217 223
50 123
89 95
5 95
42 20
95 5
223 217
223 217
249 211
223 217
133 175
5 73
133 201
89 50
217 133
50 95
217 133
178 223
217 223
223 178
89 95
50 89
223 217
178 223
223 217
133 217
217 223
223 133
223 142
89 95
223 217
50 89
133 175
217 223
217 223
50 5
5 95
223 217
50 95
178 243
5 86
15 79
89 5
89 95
5 95
17 50
133 223
217 223
5 89
133 175
178 223
133 175
89 50
95 23
131 217
95 23
89 95
50 89
217 227
169 146
89 95
178 223
223 217
5 89
95 25
50 95
89 50
50 17
223 217
89 95
95 5
178 133
95 89
223 178
89 95
178 158
178 223
217 223
89 95
95 14
223 133
50 41
217 223
217 133
217 223
5 95
223 133
178 223
217 223
133 217
89 95
133 178
223 178
95 5
217 133
133 223
5 66
133 223
50 95
89 50
133 223
178 217
217 203
5 8
14 81
178 133
217 223
217 178
89 5
223 142
223 217
89 95
178 210
217 178
89 95
5 89
217 178
133 217
178 223
223 133
95 89
178 223
63 120
217 178
89 50
223 217
89 95
5 95
133 223
217 223
223 142
89 95
133 185
89 5
89 50
50 95
89 95
5 95
217 133
95 10
217 133
5 95
223 142
178 133
5 95
133 223
223 178
121 83
246 133
133 199
217 133
89 5
89 95
95 89
217 166
133 223
50 95
217 223
5 89
89 50
95 89
89 95
133 217
95 14
5 95
89 95
89 118
217 223
5 95
133 178
133 178
89 95
223 178
89 50
5 95
217 133
5 34
223 217
223 217
89 95
133 217
89 50
34 65
227 128
223 179
42 50
217 245
217 133
133 217
217 223
5 50
217 223
223 178
178 223
223 198
133 178
51 63
241 156
133 176
5 47
95 89
133 223
89 31
222 141
145 180
95 5
89 95
95 23
89 95
133 223
95 89
175 223
223 178
89 50
89 53
223 133
89 95
217 223
95 23
95 50
133 223
223 133
95 50
95 89
89 95
34 14
217 178
178 223
217 223
223 133
95 29
133 223
89 94
50 95
50 24
95 89
5 89
178 223
133 245
217 178
217 178
178 208
217 178
89 50
95 5
50 1
223 133
50 83
217 176
5 95
223 217
50 95
125 84
95 14
182 163
178 223
223 178
178 191
5 95
133 217
89 95
89 95
89 95
217 178
89 95
89 50
89 5
95 89
89 5
95 89
223 133
223 217
217 223
50 92
223 217
50 65
20 121
133 178
223 217
223 133
217 133
5 95
178 223
95 89
89 50
5 73
121 60
95 89
95 89
95 0
178 217
217 178
95 14
133 223
217 223
89 38
89 5
223 133
89 95
178 217
178 217
217 223
5 95
95 89
217 223
95 76
178 223
223 178
95 5
50 95
119 123
50 5
5 89
133 178
143 207
5 47
178 223
133 223
217 178
133 178
89 50
178 217
59 63
89 50
223 217
182 128
178 217
223 133
223 217
191 248
95 50
89 95
217 178
178 223
50 95
217 223
89 95
89 95
5 95
94 42
95 89
51 6
95 85
106 70
50 5
50 95
178 133
5 95
95 5
223 217
217 223
5 89
89 95
98 106
5 50
5 89
217 178
95 13
95 89
143 162
217 223
50 19
95 50
223 133
223 217
89 50
89 38
23 95
133 223
178 147
223 178
133 223
89 50
89 50
89 95
95 50
89 5
211 239
133 217
50 95
133 217
133 217
89 5
89 95
178 223
223 178
64 74
95 2
89 5
95 50
89 5
118 13
89 95
217 133
5 95
5 92
89 26
95 89
217 178
217 133
223 178
89 5
133 247
223 217
169 226
178 217
95 89
89 50
95 8
50 95
95 50
89 50
178 133
89 109
95 89
133 178
89 95
89 5
89 50
50 95
217 223
217 223
223 217
223 178
178 217
133 217
178 217
50 5
89 5
133 178
95 89
217 223
133 175
224 178
50 5
50 89
50 95
50 95
50 95
95 89
50 95
5 51
217 173
89 95
217 133
223 217
133 223
89 95
89 5
89 105
133 223
50 95
50 95
89 95
95 89
89 50
89 50
217 133
217 223
145 206
95 50
50 5
223 178
89 5
217 178
119 99
95 5
178 223
133 217
217 133
217 223
133 217
5 18
5 66
5 95
227 241
89 5
5 95
133 153
5 47
89 110
217 223
89 50
223 178
178 217
89 95
5 95
89 20
217 178
133 217
223 151
178 133
89 74
50 95
223 133
5 89
223 204
133 178
89 75
178 223
5 50
217 223
196 169
89 95
95 50
223 194
50 83
89 95
89 50
5 95
95 5
95 89
95 89
217 133
217 223
5 89
113 58
223 217
5 47
178 133
217 223
5 95
178 133
5 58
223 133
5 47
223 133
217 178
95 50
5 95
217 133
89 95
89 50
5 95
89 50
56 5
89 95
50 95
217 223
223 133
217 223
217 178
178 217
50 95
223 217
42 51
95 89
223 202
178 223
95 89
5 89
184 223
217 223
178 223
178 158
217 133
178 133
89 50
89 50
133 217
223 178
95 89
95 50
95 89
133 223
217 223
89 95
89 50
178 217
89 50
223 217
89 95
178 217
223 217
89 5
217 178
178 133
178 223
223 178
95 89
133 223
223 178
95 89
223 217
217 223
89 111
95 89
223 178
217 223
50 89
223 178
5 89
133 223
223 217
118 65
142 228
217 223
217 206
89 5
217 223
133 223
223 147
178 244
217 223
133 217
89 95
217 223
89 5
217 223
68 15
217 223
89 95
133 217
95 50
89 23
89 50
42 94
5 95
89 95
133 217
50 95
89 95
223 217
95 5
217 178
217 223
223 133
50 95
95 5
133 223
178 133
217 223
217 223
16 50
5 95
95 23
133 178
178 233
217 223
89 5
223 217
133 201
89 5
5 89
223 217
89 95
178 223
178 223
5 95
178 217
50 89
5 89
223 217
223 178
178 133
95 89
89 95
89 5
223 217
217 133
217 223
64 83
133 223
223 217
223 217
50 89
217 178
5 89
89 95
89 45
5 73
223 211
203 217
89 95
133 217
5 95
107 13
89 5
133 223
5 47
217 223
95 5
95 89
50 20
63 79
223 217
217 223
217 223
51 42
89 95
95 5
223 217
223 178
178 223
95 50
169 196
95 89
133 201
89 95
251 247
223 217
50 95
89 95
223 133
223 178
50 5
217 223
217 223
50 23
50 5
50 95
89 50
223 217
15 83
223 217
95 50
50 95
223 178
89 95
95 89
133 217
89 95
64 83
133 217
223 151
5 95
223 142
95 50
95 23
95 84
223 217
148 251
5 89
223 133
178 223
217 223
89 95
217 133
50 95
217 251
95 89
133 178
5 89
89 95
5 95
89 95
223 142
133 223
89 95
133 178
223 178
133 178
95 14
223 151
5 95
50 29
217 178
50 95
95 5
89 95
89 24
217 178
50 89
95 89
50 5
217 223
217 223
50 89
95 50
223 217
133 223
50 89
217 223
89 51
95 50
95 5
89 95
5 89
89 40
89 95
50 57
20 64
249 128
89 95
217 133
217 178
217 223
95 89
217 223
89 95
223 217
89 5
133 223
89 95
89 50
95 5
20 94
217 223
178 145
223 133
133 223
169 172
178 223
89 5
50 95
95 5
178 217
95 89
223 217
223 133
89 42
223 178
223 217
223 225
217 178
178 133
178 223
178 223
223 178
178 223
133 217
223 133
50 89
178 223
217 178
223 251
223 178
217 223
50 5
89 50
5 89
217 133
217 133
217 178
64 13
145 242
89 95
63 42
178 223
50 2
249 198
133 223
89 95
89 95
50 57
95 89
217 223
223 175
178 223
5 45
217 223
223 217
217 223
217 223
217 223
217 223
247 148
133 201
89 95
89 118
95 89
217 223
50 89
223 133
178 223
223 217
133 223
223 217
178 223
95 23
223 133
5 73
95 50
217 178
133 201
89 95
89 50
89 95
223 178
89 95
217 146
89 50
192 148
89 47
50 89
217 133
89 50
125 42
133 178
133 201
217 223
95 89
217 223
223 133
5 95
133 217
89 95
223 217
253 207
89 95
95 89
178 156
228 247
89 95
178 223
5 73
223 133
223 178
217 223
133 175
5 82
5 121
223 133
217 223
50 95
95 89
89 95
89 95
249 180
8 65
50 14
223 207
178 223
5 95
223 178
50 95
217 223
5 89
89 95
217 223
95 89
5 30
196 143
178 223
217 223
133 178
89 95
133 217
5 95
50 95
223 178
178 217
95 89
50 95
217 223
133 167
89 50
50 95
223 133
217 178
89 5
217 223
223 175
50 95
223 151
178 223
223 133
95 5
5 89
95 5
5 89
133 223
133 175
89 50
50 95
133 223
217 178
133 178
5 89
217 133
50 9
217 223
223 133
133 175
223 133
217 133
217 210
89 50
89 95
178 223
223 133
89 5
223 217
133 217
133 175
133 217
223 217
89 95
133 175
217 223
223 217
89 5
133 217
178 133
178 199
95 89
217 223
95 89
223 217
95 89
95 89
89 95
133 223
50 5
217 182
50 95
89 95
217 223
223 133
178 223
125 23
95 89
95 14
223 178
133 217
217 223
89 50
217 221
217 223
95 23
217 223
95 89
5 89
95 50
228 247
223 217
50 102
223 178
133 223
89 5
95 14
50 95
133 223
5 95
5 95
217 178
217 178
95 23
217 133
217 133
5 89
95 89
5 95
178 133
169 151
5 89
217 223
179 208
217 223
95 89
178 223
89 50
95 14
89 95
89 50
133 184
223 142
133 223
5 95
133 214
223 178
95 5
50 95
89 95
178 207
89 95
5 14
133 223
53 50
95 5
133 223
89 14
89 50
89 95
223 217
223 178
89 95
223 178
95 89
133 223
191 248
217 133
5 73
95 89
227 251
5 89
89 95
89 95
50 95
217 223
178 202
89 95
95 89
89 95
89 95
5 89
41 68
58 50
50 95
217 223
89 50
145 160
5 89
50 5
223 133
95 5
217 223
223 217
95 50
89 95
133 223
89 95
95 5
223 217
178 223
223 217
217 223
50 89
64 52
15 34
95 50
223 217
5 95
5 50
5 89
223 178
50 95
223 178
5 50
95 89
5 42
133 208
133 217
50 94
133 217
95 23
89 10
50 95
94 49
95 50
50 89
50 99
133 195
5 8
50 95
50 95
217 223
5 50
223 133
217 223
89 5
217 178
223 178
217 223
89 5
83 106
95 5
5 95
89 38
133 223
50 95
223 217
89 95
224 199
133 223
133 178
89 95
89 47
217 223
217 160
224 200
89 95
133 223
95 50
133 178
223 133
89 95
5 89
217 133
50 89
89 95
178 223
5 97
133 223
217 223
178 133
223 133
133 178
217 223
5 50
217 223
178 133
223 217
217 223
89 50
178 223
95 5
5 95
5 107
223 217
5 89
223 217
95 14
20 8
217 199
50 95
217 223
5 95
145 253
95 5
50 95
191 224
217 178
217 223
133 223
89 5
95 50
121 0
89 95
133 223
178 217
217 223
217 223
5 50
217 178
133 223
178 133
217 176
95 5
223 175
95 23
133 178
50 95
217 223
217 178
42 51
50 95
89 5
178 223
5 89
95 89
50 76
95 89
5 89
133 223
217 223
145 249
5 95
89 95
178 244
178 223
133 223
50 94
133 178
133 211
89 95
95 89
95 89
223 133
145 214
50 95
50 95
217 179
178 133
145 208
95 83
89 95
89 95
133 223
223 133
95 114
50 5
89 42
89 95
89 95
217 178
5 95
217 223
5 64
89 95
133 217
178 184
217 223
223 178
89 95
89 50
178 191
50 5
217 223
217 223
5 47
133 223
5 50
89 47
217 223
89 5
89 50
5 89
95 89
5 95
178 223
217 223
89 83
89 50
95 89
89 50
217 133
5 89
223 217
89 95
17 79
217 223
133 205
95 50
133 178
217 223
95 23
95 18
95 50
223 178
186 211
223 133
50 95
217 178
217 178
145 253
178 223
217 223
95 50
178 223
178 159
89 95
217 223
95 5
178 133
5 89
50 95
145 150
95 50
178 223
223 178
223 217
223 133
217 223
95 89
133 223
89 50
89 50
95 89
217 223
191 160
223 217
217 223
95 83
133 217
217 128
148 192
5 94
133 175
50 95
133 223
89 95
217 223
50 95
179 129
89 5
151 211
133 178
5 50
95 50
50 95
223 151
178 224
95 50
95 5
217 223
223 178
5 95
227 222
178 217
217 223
5 50
5 89
5 95
95 14
50 95
178 223
95 50
50 95
217 225
5 73
95 89
89 95
178 145
217 178
217 223
17 101
133 223
217 223
223 133
50 5
96 120
133 223
89 5
95 5
89 95
50 95
142 223
5 75
196 169
95 50
175 133
113 58
223 217
133 178
224 138
89 95
217 223
133 175
178 223
133 223
223 248
50 95
95 5
217 223
217 223
95 5
5 50
217 178
89 95
5 75
50 95
89 2
5 36
47 20
222 253
133 217
145 131
133 217
5 50
89 95
95 89
89 50
95 89
223 217
217 178
223 217
5 50
50 95
223 217
50 5
223 217
50 95
95 89
5 95
133 223
217 133
89 95
217 178
89 95
217 223
95 89
133 151
178 133
249 243
133 223
89 50
169 238
95 89
217 223
96 50
133 175
50 89
42 89
5 89
50 5
5 89
153 234
89 95
217 223
133 223
133 223
133 178
50 95
223 207
20 8
133 178
89 95
217 223
89 95
89 29
133 146
13 64
5 50
89 95
5 82
89 50
95 89
89 5
95 50
217 178
89 50
95 48
89 50
217 133
223 178
89 95
217 223
5 50
178 223
95 5
217 223
95 50
133 223
217 178
217 223
217 223
5 95
217 223
34 111
5 95
89 95
50 5
133 217
89 5
133 201
217 223
20 8
89 95
217 178
95 5
5 26
217 178
133 178
89 95
217 223
89 5
217 133
217 235
217 223
148 136
178 217
223 128
50 95
217 243
5 50
178 223
50 5
223 217
133 178
5 95
95 50
83 13
217 164
50 22
178 223
235 141
223 142
133 187
178 223
5 95
5 38
178 223
217 178
95 5
5 17
253 225
94 50
217 178
5 50
50 89
178 133
217 160
223 217
50 84
89 95
50 89
178 223
50 95
95 50
217 223
133 217
133 185
50 95
178 234
133 178
223 217
133 223
223 217
95 5
50 89
89 50
89 95
95 50
89 5
223 245
217 223
217 223
50 5
217 223
5 95
95 5
178 217
223 217
223 178
253 208
50 89
95 23
223 178
178 223
95 50
133 217
178 223
5 95
50 95
5 95
51 80
178 223
217 223
89 50
178 223
217 130
50 95
217 178
5 73
89 50
95 89
223 178
50 95
178 223
223 194
223 217
133 223
89 95
223 133
50 5
95 50
178 223
217 133
65 21
133 229
89 95
217 223
178 217
50 95
50 95
217 223
95 89
133 223
95 5
95 89
133 223
217 223
223 178
94 116
241 221
217 133
241 186
58 75
133 223
95 14
89 75
50 95
89 50
178 133
217 223
95 89
5 89
223 221
178 223
58 24
5 89
217 223
89 5
133 146
178 223
50 95
223 217
89 95
178 223
50 95
133 178
95 89
223 243
133 141
234 223
223 151
178 133
217 223
217 223
133 151
95 5
89 95
217 223
95 50
217 223
178 223
143 207
81 42
223 142
89 50
5 89
223 217
95 50
223 142
217 133
133 213
223 178
178 223
5 50
223 217
95 120
95 50
89 95
89 5
217 178
133 217
89 95
217 223
5 95
95 50
63 120
95 14
95 5
223 178
133 246
223 217
51 99
89 95
178 130
178 217
95 83
125 95
5 17
217 209
133 178
79 83
55 51
5 95
223 133
217 178
50 104
246 193
5 89
133 223
223 133
50 89
95 89
79 83
95 89
217 133
50 95
95 5
50 95
133 217
182 140
133 178
217 223
5 89
5 50
178 227
178 223
95 89
178 217
145 220
64 83
223 217
95 50
5 95
89 95
100 119
223 217
217 133
50 95
217 178
223 217
5 95
178 223
50 75
223 166
95 89
89 18
89 50
89 95
178 223
50 5
51 75
178 223
223 133
223 133
5 89
178 245
133 175
217 223
95 50
217 223
223 217
95 89
5 89
217 223
178 223
5 95
217 223
89 95
23 89
133 223
89 95
178 217
89 95
223 178
5 89
217 223
95 5
133 223
223 217
89 95
95 14
89 95
217 133
89 50
95 89
223 217
217 178
178 223
89 50
223 178
217 128
50 95
223 217
178 217
217 178
217 223
89 95
5 50
217 223
89 116
133 223
220 133
5 89
64 79
223 217
5 47
217 178
5 89
133 217
51 34
223 178
5 50
223 217
217 223
217 223
50 127
178 133
89 50
217 178
133 223
89 95
65 101
125 77
223 178
217 223
89 95
223 178
207 211
223 217
133 223
253 207
95 89
50 95
89 95
133 217
95 23
143 211
5 95
223 217
178 223
68 15
89 95
133 222
89 95
217 223
217 223
217 178
50 95
5 89
5 89
223 217
217 149
224 159
223 217
89 50
95 50
95 5
217 223
95 89
223 217
133 223
223 217
223 217
223 178
89 50
178 223
50 83
50 5
217 178
89 95
133 213
70 42
217 178
133 217
217 223
133 217
5 95
89 95
121 44
95 89
217 133
95 50
89 95
133 238
223 178
50 95
89 50
95 89
50 58
5 89
241 186
95 89
223 217
178 217
5 84
169 191
133 217
5 95
89 50
133 178
125 17
223 133
223 217
89 95
217 223
5 95
178 233
178 133
178 241
5 95
65 10
133 223
89 95
89 95
89 95
209 192
95 122
89 95
223 217
217 223
217 178
235 141
217 133
5 50
178 223
50 89
223 178
223 133
95 89
217 178
5 50
50 89
5 50
217 223
89 50
89 95
95 89
133 178
50 95
217 178
89 54
217 178
133 223
5 95
5 89
223 204
143 207
223 202
217 178
217 151
178 133
50 89
89 5
95 5
58 75
50 95
95 50
178 246
95 89
125 114
223 217
25 106
133 217
5 50
223 217
133 223
89 95
191 170
89 5
217 223
223 178
95 5
223 217
178 183
89 95
217 223
217 178
223 217
5 89
133 250
178 250
133 223
95 5
223 145
223 133
133 178
133 223
217 178
95 89
95 89
89 95
95 50
95 50
89 95
89 95
217 223
178 133
89 5
89 95
95 23
89 95
14 50
50 95
251 253
95 89
221 223
217 223
178 223
217 223
89 95
223 142
133 223
5 95
5 89
133 217
223 133
50 95
50 89
223 217
223 217
5 89
170 179
192 249
50 5
89 95
95 50
89 95
95 5
217 223
5 38
95 5
89 95
50 95
89 95
95 50
217 133
217 223
223 217
217 223
178 133
50 89
95 14
5 59
217 223
217 223
246 170
20 94
95 5
121 5
133 178
133 223
217 223
95 14
89 95
5 95
5 95
178 223
223 151
223 217
223 131
89 95
5 53
89 50
95 14
95 5
193 248
99 47
217 133
223 133
89 95
141 209
223 217
178 223
223 169
178 223
118 42
182 134
178 133
50 42
89 95
50 34
5 30
89 95
143 211
217 223
217 223
223 178
50 89
223 217
95 5
133 217
217 151
179 199
95 5
133 201
95 89
223 217
5 95
223 217
64 83
50 95
89 95
89 95
95 50
89 95
224 242
95 14
89 50
217 178
89 95
89 95
223 133
14 81
223 217
95 89
178 217
217 223
223 146
217 223
178 223
95 50
50 70
223 217
5 95
95 89
50 95
95 5
95 46
89 95
89 5
5 95
95 50
217 229
223 178
178 217
133 223
94 123
5 47
133 223
223 178
217 133
223 217
5 74
223 133
20 64
125 95
133 178
50 89
217 223
223 178
191 248
95 89
133 217
89 5
223 142
95 89
95 89
217 223
89 95
64 21
217 223
217 223
50 89
50 89
217 178
95 5
178 133
223 217
223 178
178 133
95 79
223 203
89 95
217 223
5 89
95 50
223 178
95 5
50 5
89 5
133 217
5 95
178 217
95 89
5 89
89 5
143 211
133 217
50 5
89 50
217 223
217 223
95 79
133 217
50 95
223 217
64 83
217 223
217 223
207 211
133 223
178 223
217 133
89 7
223 133
95 123
217 178
89 50
178 133
79 75
50 5
178 133
5 89
178 217
95 89
5 89
41 121
89 50
95 89
95 5
169 157
89 50
5 95
133 223
217 133
50 97
95 89
89 50
89 50
89 95
217 223
217 133
95 89
95 5
178 223
178 223
89 5
217 178
5 89
5 89
95 50
133 156
217 223
178 220
217 223
178 217
223 178
217 178
89 95
217 223
223 148
178 210
89 95
217 178
223 133
178 133
217 178
89 95
178 223
95 89
223 217
95 23
5 73
223 178
178 156
95 63
133 217
246 239
95 89
217 133
133 223
89 5
5 95
223 217
217 133
217 178
5 95
70 42
5 95
89 78
5 50
89 5
178 223
133 217
50 95
217 223
50 95
50 95
178 217
5 47
50 89
217 223
50 5
5 95
133 223
157 223
50 5
83 15
182 211
207 179
133 223
5 95
223 133
95 50
95 89
223 217
178 223
133 178
223 178
50 95
217 178
217 223
217 223
223 151
50 95
217 223
217 223
95 117
205 223
223 217
89 95
50 95
89 95
217 133
223 178
133 223
178 223
178 223
251 253
5 71
89 50
133 223
50 5
178 223
95 89
217 178
95 50
223 178
133 217
217 178
133 201
50 89
54 83
5 50
95 89
223 178
223 217
89 50
217 133
89 95
89 29
133 178
89 50
133 223
223 178
95 5
192 178
217 223
95 50
50 6
95 122
95 50
5 122
5 89
223 133
133 175
217 223
68 41
217 223
95 5
89 85
178 223
143 211
223 133
95 50
217 223
133 178
217 223
50 95
5 95
217 223
50 5
50 89
178 223
223 217
50 5
89 95
223 217
89 95
89 95
178 217
95 89
217 151
133 175
192 177
223 133
217 223
133 217
89 95
178 133
50 89
223 133
223 217
50 58
51 94
89 95
223 133
217 133
223 217
50 95
5 73
5 95
14 81
64 53
5 73
133 175
133 201
89 95
217 223
5 47
148 192
50 95
217 223
217 178
178 223
95 5
95 89
217 178
95 5
50 95
50 95
223 133
223 133
133 217
217 223
89 57
89 95
223 133
178 217
5 89
223 133
223 189
95 5
5 89
133 205
133 217
223 217
95 123
95 89
178 223
95 83
217 223
95 89
223 217
50 82
89 5
217 178
133 223
217 138
223 207
178 223
223 217
89 95
133 217
89 50
5 50
217 133
5 89
95 89
89 50
95 5
217 223
153 234
63 96
133 217
89 95
50 95
89 95
133 217
95 89
5 89
95 89
95 89
223 178
95 5
133 178
133 223
217 178
121 51
133 178
217 223
95 89
223 178
89 95
178 223
95 50
17 111
89 50
223 178
178 223
95 89
217 173
89 95
133 217
217 223
107 13
178 223
178 255
133 178
223 217
133 223
50 5
217 223
223 133
178 223
50 74
178 223
70 42
178 223
5 89
89 95
95 89
50 5
133 208
217 223
133 187
89 95
89 95
5 95
89 95
5 95
133 223
5 89
89 95
50 95
89 50
133 178
253 177
217 133
178 223
64 62
223 178
217 178
89 95
133 201
217 223
223 178
217 223
95 89
95 50
89 95
133 223
50 111
50 95
217 133
95 50
178 223
217 223
239 170
178 196
209 141
89 40
95 50
133 217
217 178
95 50
217 223
196 169
51 101
133 217
217 223
223 178
89 50
89 95
178 217
223 178
89 5
13 81
217 133
95 50
89 125
170 179
133 223
89 95
178 223
217 223
89 95
178 223
178 223
50 43
95 89
95 14
95 89
50 89
223 154
217 223
217 178
5 89
5 73
95 89
217 223
133 217
89 95
89 95
14 81
217 223
95 23
89 50
223 217
217 225
89 17
178 223
95 5
223 217
217 223
5 89
50 95
178 133
5 89
5 89
89 5
89 85
5 95
89 95
133 223
89 95
95 89
95 89
223 133
5 89
217 178
217 223
95 5
95 89
223 178
89 50
89 50
223 156
50 89
95 5
253 223
50 95
223 217
50 31
89 95
89 95
223 178
133 199
50 89
89 50
217 133
95 5
89 95
5 89
95 5
5 95
223 217
223 178
133 217
133 178
95 23
50 3
178 217
5 50
83 111
14 81
223 217
223 184
50 5
133 178
217 223
89 50
249 201
133 178
217 223
223 133
89 50
95 89
5 50
89 50
5 50
217 178
50 17
89 95
89 5
20 8
14 81
223 178
133 217
223 133
81 42
99 50
217 223
50 95
50 5
223 151
133 217
50 95
100 119
89 50
223 133
89 5
95 5
217 133
223 178
178 185
89 95
223 199
133 223
223 217
223 217
50 95
95 89
95 50
89 95
50 95
5 89
89 77
50 21
89 95
95 17
42 5
14 95
5 17
99 42
133 217
133 178
133 178
217 223
89 50
217 223
133 201
217 178
142 228
89 95
223 151
89 95
217 223
217 142
133 223
133 223
223 217
217 133
223 217
50 95
133 217
95 5
89 50
50 95
217 223
133 217
50 95
89 95
223 217
89 5
50 95
50 34
50 63
217 157
217 133
119 8
50 89
14 100
223 133
89 95
223 133
217 133
217 223
5 68
178 154
89 95
223 178
217 223
89 95
50 79
118 95
89 95
95 89
223 217
50 5
50 95
178 133
223 217
95 50
17 83
217 223
95 50
133 223
89 95
89 95
217 223
95 89
89 95
217 223
178 223
5 89
50 95
95 5
217 223
217 133
223 217
223 178
5 89
5 110
95 89
178 223
217 223
5 95
89 5
223 133
223 142
223 133
217 223
217 223
223 133
217 223
217 223
223 178
223 133
223 178
217 173
217 223
227 208
50 89
217 223
95 89
178 214
217 173
89 95
50 95
223 133
217 223
217 178
178 161
89 95
178 217
217 178
50 95
178 217
95 89
217 178
223 217
133 175
217 223
89 95
50 89
223 217
89 50
95 89
217 133
217 223
95 5
5 95
178 223
133 223
217 178
50 95
224 133
178 158
178 223
89 95
95 5
217 223
95 5
95 50
253 223
89 95
178 133
217 223
178 223
89 95
89 95
50 95
5 89
223 133
178 181
223 217
178 217
133 194
133 206
217 223
217 223
89 95
178 144
95 89
207 191
217 136
89 95
217 223
50 95
223 217
5 89
89 50
217 178
223 178
217 223
133 151
178 133
89 5
95 89
95 89
89 5
89 95
5 95
223 178
95 89
217 223
223 217
133 223
217 178
95 89
133 247
89 5
5 95
50 5
133 212
133 208
89 95
50 95
217 178
5 50
217 223
178 223
5 50
217 223
89 5
249 128
89 95
89 5
50 5
89 95
89 5
5 83
95 89
178 216
95 89
133 227
89 95
5 95
50 95
89 95
5 89
99 121
178 223
133 217
89 50
217 211
5 47
223 178
133 217
95 50
89 95
217 223
223 217
89 95
217 223
133 223
95 14
95 89
20 123
217 223
178 223
133 223
217 223
223 251
133 223
95 89
95 89
192 163
50 95
133 223
223 217
223 178
89 95
223 178
50 95
50 23
217 223
223 217
89 50
89 95
89 95
89 95
191 224
217 223
178 223
223 133
223 217
89 95
217 212
95 89
89 95
223 133
217 178
95 50
217 181
223 145
217 223
5 95
223 211
133 223
249 149
223 217
217 223
89 5
223 217
50 5
217 223
89 95
95 5
217 223
5 73
133 223
50 95
178 133
178 223
223 179
50 89
89 95
89 95
217 223
178 223
96 50
217 223
178 253
223 217
5 95
50 5
217 223
133 223
5 89
228 133
89 95
178 223
223 217
223 217
217 223
95 5
95 89
223 142
217 223
95 89
217 223
223 142
50 95
223 217
222 207
50 89
217 223
95 89
95 50
223 178
178 223
95 50
223 217
118 42
217 223
178 223
5 89
217 223
64 50
5 89
95 89
89 95
50 42
125 113
217 133
5 73
223 217
5 89
95 89
223 217
217 178
5 95
95 89
89 95
133 148
178 133
217 223
133 217
133 178
133 217
41 57
217 178
95 123
89 95
223 217
217 133
50 95
89 95
5 42
89 5
50 95
89 95
133 178
217 133
217 178
217 178
95 89
223 217
223 217
178 223
95 89
253 210
133 178
178 223
8 64
42 48
5 32
217 223
89 95
50 95
5 50
50 5
5 95
133 217
95 89
95 5
89 95
5 95
178 133
89 5
217 223
178 217
50 95
89 95
5 95
217 223
89 79
223 217
89 95
133 223
223 133
50 95
178 223
133 175
5 74
133 178
217 241
217 223
5 47
50 95
133 223
223 217
95 89
133 178
223 217
133 223
89 95
133 196
95 5
223 178
95 89
169 179
133 223
95 50
217 133
95 50
217 223
95 23
217 185
89 95
217 223
89 95
95 89
217 223
178 243
95 89
89 95
217 223
223 133
50 95
89 18
223 217
89 95
178 223
50 89
15 34
89 95
5 89
223 133
15 23
5 95
5 50
133 201
133 192
5 95
89 95
223 145
83 5
133 201
133 240
178 223
178 223
50 89
217 223
95 5
89 95
217 129
217 223
95 23
89 95
95 23
217 223
50 95
89 95
145 203
5 89
89 95
5 95
50 5
5 50
223 178
178 223
217 133
111 70
89 95
5 50
95 89
217 223
178 164
223 178
95 50
217 223
133 158
50 95
15 83
133 178
89 50
133 223
211 234
89 95
217 223
178 203
217 223
223 178
32 74
20 89
217 223
89 95
89 95
133 178
95 5
89 50
89 95
223 217
182 228
50 89
89 95
223 217
178 217
89 95
133 201
145 245
89 95
89 95
20 123
133 223
5 95
89 95
217 133
133 217
133 178
89 50
133 217
89 95
217 178
223 217
50 95
223 217
178 133
178 223
95 89
95 89
223 178
14 95
95 56
5 95
5 89
178 199
133 178
223 178
95 89
178 217
5 89
5 120
15 34
50 127
133 178
223 133
217 133
133 175
95 14
50 110
68 41
95 50
178 223
178 180
223 178
133 201
89 5
5 76
217 223
178 133
217 223
223 133
95 5
133 223
224 179
217 178
223 217
89 95
89 95
217 152
223 217
178 223
5 47
89 50
50 95
5 70
133 193
182 133
133 175
89 95
95 50
193 249
95 50
178 245
89 95
178 173
5 95
5 50
217 223
96 81
5 47
89 95
95 89
95 89
95 5
89 95
50 89
89 50
95 89
89 95
5 95
217 223
89 95
217 133
89 5
95 50
95 14
133 178
178 223
223 217
50 5
5 83
95 23
217 223
125 95
133 223
89 95
5 95
182 131
178 217
95 89
228 247
223 133
5 95
95 50
5 95
223 178
133 217
217 223
5 95
54 111
133 223
95 89
50 53
89 97
95 5
178 223
223 133
94 20
217 223
95 89
95 89
217 223
89 95
223 129
223 217
223 217
50 95
89 95
133 223
95 89
95 5
95 89
217 223
95 89
223 178
89 95
5 75
223 237
217 223
217 223
89 95
5 95
89 95
89 50
89 95
89 95
133 178
217 223
178 141
223 217
133 175
223 178
217 223
89 95
223 178
89 95
217 223
5 9
217 223
95 89
217 223
20 8
178 223
223 217
223 251
95 89
89 50
217 178
89 95
217 178
133 217
89 95
223 217
133 212
133 217
178 223
5 95
178 223
89 50
50 30
222 162
5 95
223 217
95 5
95 117
5 47
223 178
223 217
50 5
182 211
133 145
95 5
89 95
223 217
223 178
50 95
178 223
89 5
253 141
148 192
5 50
95 79
133 178
178 133
111 42
133 223
121 22
100 119
95 50
133 223
178 223
178 133
89 95
217 223
95 23
223 217
217 223
217 178
89 50
217 145
223 178
5 89
95 50
89 5
217 178
178 223
125 75
95 89
95 5
50 5
50 89
89 95
113 58
50 5
95 89
50 95
89 95
246 170
217 170
133 187
95 89
5 50
95 50
95 89
89 5
5 95
89 58
50 95
217 178
89 95
178 217
178 217
133 178
223 133
223 217
223 133
95 5
95 89
223 154
89 50
89 70
89 125
95 5
5 95
217 178
178 223
89 95
5 23
133 207
50 75
89 95
217 133
223 178
178 217
50 95
5 50
89 5
89 95
217 211
5 89
223 133
223 214
223 217
89 95
217 178
89 95
133 223
217 223
50 5
223 217
31 89
95 89
178 223
5 95
133 178
50 89
95 50
89 95
89 120
95 21
50 95
178 191
196 143
50 95
223 178
89 95
5 34
221 223
133 217
113 58
223 217
95 50
95 50
95 89
89 95
178 211
5 50
178 223
217 223
89 95
95 89
89 95
5 95
223 151
223 178
95 89
89 5
133 223
223 217
223 133
5 95
178 133
95 50
54 47
217 223
217 178
178 223
217 223
217 133
223 217
89 95
89 95
223 178
178 223
223 217
95 89
178 223
50 89
178 223
223 217
89 95
223 217
217 223
5 89
89 50
5 89
223 217
133 223
89 54
89 95
223 217
95 50
222 249
89 5
89 95
133 229
178 223
217 178
89 16
223 217
133 185
133 223
217 178
145 181
5 95
223 244
50 95
217 223
178 225
95 89
223 133
217 223
5 48
95 50
217 223
133 178
95 5
5 50
133 223
217 223
217 223
5 95
89 5
50 95
83 58
178 217
95 89
5 50
217 223
223 217
95 50
89 50
89 50
5 89
178 133
178 223
223 178
227 178
51 56
223 204
217 223
143 211
223 217
5 95
178 223
133 178
89 95
217 246
178 217
223 178
223 217
133 178
178 199
217 223
50 89
89 95
217 223
217 133
50 95
223 133
119 123
95 50
133 178
217 210
50 5
178 133
178 196
133 178
178 234
223 178
50 89
178 223
178 223
18 50
217 223
50 95
5 50
133 178
5 110
169 146
191 160
5 95
223 217
178 217
133 211
89 95
133 170
217 223
89 5
5 30
133 178
133 201
95 5
178 223
217 223
133 217
95 89
223 133
133 178
89 95
217 223
89 95
50 95
217 223
89 95
95 50
95 50
178 133
50 89
89 48
178 133
223 178
95 23
217 223
133 223
5 89
217 223
217 178
89 28
178 217
89 95
192 211
95 50
217 223
89 5
223 217
95 89
89 77
95 60
50 42
89 5
223 148
65 109
178 223
133 217
223 238
217 143
89 95
178 223
178 223
217 146
217 173
50 5
133 223
227 168
133 217
5 47
95 89
223 217
125 23
50 89
95 89
89 95
217 223
5 50
50 95
89 95
50 45
95 5
133 223
95 50
133 223
178 133
5 95
133 201
133 175
178 133
50 95
133 217
89 95
5 50
192 141
217 178
217 223
192 142
89 50
89 95
133 178
89 50
133 178
217 133
217 223
50 95
5 56
89 65
89 50
95 50
223 217
5 95
50 95
179 184
50 95
217 223
217 223
223 217
89 112
217 239
217 133
133 178
5 50
89 95
5 95
89 5
178 217
95 50
223 217
217 223
89 95
50 89
17 121
89 5
5 89
133 178
64 13
5 95
95 50
223 178
217 223
223 133
178 223
223 133
217 223
217 178
5 95
217 223
95 52
89 95
95 89
133 223
89 95
133 178
89 123
5 95
217 133
89 95
94 16
50 95
89 50
125 80
217 223
133 217
89 50
89 5
178 133
50 95
246 239
50 95
223 217
95 89
89 5
217 223
133 178
89 92
5 50
89 5
89 5
96 53
178 223
89 5
50 89
217 133
5 95
217 178
178 250
178 223
95 5
50 89
223 217
50 18
217 178
95 5
5 59
178 223
178 223
222 221
95 50
89 5
178 223
178 217
223 178
133 223
50 89
95 23
95 5
89 95
178 223
133 178
95 89
178 223
50 95
223 151
95 50
223 217
223 217
50 95
89 95
178 223
217 223
178 194
89 95
217 178
89 95
133 223
133 178
223 217
178 213
95 50
95 89
95 50
223 217
89 95
5 95
133 178
95 89
50 17
133 178
50 95
5 50
50 2
89 95
89 5
223 217
5 75
89 95
133 223
89 50
143 207
178 223
133 217
223 133
89 50
5 95
89 95
133 217
95 89
178 223
42 51
95 50
217 133
217 178
133 178
223 217
5 92
95 123
223 217
89 50
89 50
89 95
5 47
217 223
178 223
89 95
217 178
89 46
178 133
5 95
89 95
95 89
5 50
89 95
217 223
247 251
223 217
89 50
95 89
133 175
5 47
178 223
133 251
89 95
89 82
95 89
223 133
217 223
217 223
217 178
217 223
8 5
89 95
125 70
95 89
223 178
45 89
169 168
178 223
89 50
89 95
5 95
223 217
217 178
64 83
133 217
50 95
223 178
89 95
89 95
95 50
133 223
217 223
95 89
178 223
89 95
5 95
223 217
178 223
5 50
133 223
223 133
133 179
95 50
14 81
5 95
217 223
133 217
95 89
89 50
223 217
223 217
54 15
178 177
178 223
133 217
133 178
89 5
178 217
95 89
223 151
95 89
89 39
5 95
50 95
5 74
217 223
95 23
133 223
5 89
178 223
89 5
5 95
96 63
5 95
239 198
217 133
178 145
95 5
178 217
89 5
5 50
95 89
217 223
133 178
95 50
178 223
217 223
133 217
178 133
223 217
178 217
95 89
51 65
95 50
5 89
50 5
89 95
223 217
223 178
50 71
95 89
89 95
217 223
217 133
223 217
178 223
89 95
89 95
89 95
5 89
227 194
95 50
81 42
121 1
89 5
5 89
191 207
95 50
217 223
217 133
223 178
133 217
89 95
95 14
217 223
217 178
223 217
89 95
223 217
95 5
217 223
223 178
100 14
217 223
133 223
5 89
224 170
217 223
89 95
89 95
178 223
95 89
5 47
133 201
217 152
50 89
217 223
5 50
89 95
178 223
133 223
89 95
133 223
178 223
217 223
223 217
5 95
217 133
95 50
89 95
5 95
5 127
223 178
95 5
5 50
217 178
50 5
50 30
95 89
89 47
95 50
178 223
133 131
50 94
217 223
217 178
95 5
217 223
133 201
5 47
5 50
196 143
246 170
89 95
113 121
217 223
50 89
133 178
223 178
95 50
95 50
5 95
223 217
223 217
89 95
89 95
223 217
5 89
217 223
133 223
51 85
223 178
217 133
50 102
95 89
223 178
223 217
95 50
217 223
223 133
95 89
133 223
89 95
223 133
178 223
133 223
89 5
89 95
178 223
95 50
178 248
95 5
178 133
5 95
5 50
89 95
95 89
50 13
95 5
89 95
217 223
217 189
89 50
217 206
178 141
217 223
95 89
217 178
5 89
95 74
95 50
133 217
138 223
178 223
178 185
41 70
217 223
50 89
217 178
223 217
133 217
95 89
133 217
89 44
133 217
95 5
50 16
223 133
223 217
223 217
5 60
223 178
95 50
95 5
89 50
89 95
95 89
133 223
50 95
89 50
89 50
133 223
95 89
217 223
50 95
133 201
223 212
5 95
223 154
223 178
50 5
133 175
178 217
95 50
95 89
178 133
133 223
89 95
