512 408 0.0104637711051607
512 429 0.0104601724529716
512 133 0.0104601724529716
512 280 0.0104493839204939
512 62 0.0104493839204938
512 494 0.0104314277544744
512 277 0.0104314277544744
512 136 0.0104063409478785
512 167 0.0104063409478785
512 511 0.0103741751128981
512 505 0.0103741751128981
512 276 0.0103349963040195
512 353 0.0103349963040194
512 255 0.0102888847919989
512 237 0.0102888847919988
512 479 0.0102359347898275
512 43 0.0102359347898275
512 246 0.0101762541319987
512 56 0.0101762541319986
512 421 0.0101099639085989
512 59 0.0101099639085988
512 496 0.0100371980559688
512 208 0.0100371980559687
512 475 0.00995810290586352
512 474 0.00995810290586352
512 212 0.00987283669524064
512 145 0.00987283669524064
512 507 0.00978156903897121
512 273 0.00978156903897104
512 399 0.00968448036793346
512 191 0.0096844803679334
512 389 0.0095817613350927
512 60 0.00958176133509253
512 379 0.00947361219230214
512 510 0.00947361219230214
512 357 0.00936024214067221
512 165 0.00936024214067205
512 183 0.00924186865745324
512 220 0.00924186865745324
512 450 0.00911871680246057
512 225 0.00911871680246035
512 0 0.00899101850712414
512 180 0.00899101850712403
512 322 0.00885901184930349
512 240 0.00885901184930343
512 45 0.00872294031702314
512 444 0.00872294031702309
512 159 0.00858305206430154
512 427 0.00858305206430132
512 128 0.00843959916223525
512 315 0.00843959916223508
512 433 0.00829283684847981
512 113 0.00829283684847976
512 57 0.0081430227782171
512 333 0.00814302277821688
512 438 0.00799041627965491
512 179 0.00799041627965486
512 461 0.00783527761702074
512 486 0.00783527761702063
512 267 0.00767786726392583
512 258 0.00767786726392566
512 154 0.00751844518987477
512 417 0.00751844518987443
512 15 0.00735727016258347
512 98 0.00735727016258347
512 316 0.00719459906863051
512 332 0.0071945990686304
512 157 0.0070306862548376
512 481 0.00703068625483744
512 442 0.0068657828926233
512 168 0.00686578289262324
512 110 0.0067001363674124
512 47 0.00670013636741212
512 265 0.00653398969502161
512 262 0.00653398969502156
512 119 0.00636758096676615
512 178 0.00636758096676593
512 304 0.0062011428248594
512 63 0.00620114282485917
512 74 0.00603490196948664
512 377 0.00603490196948664
512 131 0.00586907869875597
512 101 0.00586907869875575
512 279 0.00570388648254172
512 387 0.00570388648254155
512 70 0.0055395315710427
512 362 0.00553953157104264
512 336 0.00537621263869625
512 393 0.00537621263869603
512 355 0.0052141204638998
512 359 0.00521412046389963
512 78 0.00505343764481303
512 182 0.00505343764481297
512 351 0.00489433835132902
512 424 0.00489433835132891
512 14 0.00473698811313306
512 435 0.00473698811313289
512 215 0.00458154364359831
512 202 0.00458154364359814
512 489 0.00442815269910568
512 477 0.00442815269910551
512 329 0.00427695397321887
512 18 0.00427695397321881
512 117 0.00412807702500162
512 232 0.0041280770250014
512 391 0.00398164224062469
512 44 0.00398164224062447
512 326 0.00383776082728282
512 42 0.00383776082728277
512 216 0.00369653483832044
512 395 0.00369653483832044
512 364 0.003558057228358
512 361 0.00355805722835739
512 394 0.00342241193711418
512 440 0.00342241193711401
512 487 0.00328967400052615
512 146 0.00328967400052599
512 301 0.00315990968769708
512 275 0.0031599096876968
512 476 0.00303317666213176
512 17 0.00303317666213165
512 95 0.0029095241656687
512 250 0.0029095241656687
512 251 0.00278899322347048
512 400 0.0027889932234702
512 22 0.00267161686839013
512 318 0.00267161686839001
512 206 0.00255742038303808
512 238 0.00255742038303786
512 162 0.00244642155781211
512 422 0.00244642155781194
512 1 0.00233863096320353
512 33 0.00233863096320338
512 85 0.00223405223464834
512 173 0.00223405223464822
512 198 0.00213268236824693
512 125 0.00213268236824671
512 36 0.00203451202566892
512 247 0.00203451202566884
512 190 0.0019395258466105
512 8 0.00193952584661028
512 11 0.00184770276719839
512 297 0.00184770276719837
512 504 0.00175901634278722
512 368 0.00175901634278708
512 86 0.00167343507364048
512 380 0.00167343507364012
512 508 0.00159092273205365
512 82 0.00159092273205363
512 462 0.0015114386895283
512 223 0.00151143868952818
512 434 0.00143493824267915
512 155 0.00143493824267912
512 91 0.00136137293662986
512 76 0.00136137293662979
512 358 0.0012906908847167
512 369 0.00129069088471667
512 184 0.00122283708340654
512 214 0.00122283708340645
512 484 0.00115775372140692
512 116 0.00115775372140683
512 169 0.00109538048202795
512 235 0.00109538048202784
512 35 0.00103565483793816
512 217 0.0010356548379381
512 319 0.000978512337534321
512 236 0.000978512337534251
512 68 0.000923886882228116
512 201 0.000923886882228109
512 363 0.000871710994033825
512 381 0.00087171099403374
512 402 0.000821916072916262
512 409 0.000821916072916238
512 328 0.000774432643442569
512 234 0.00077443264344244
512 338 0.000729190590349482
512 266 0.000729190590349446
512 503 0.000686119382718897
512 288 0.000686119382718868
512 346 0.000645148286519293
512 149 0.000645148286519239
512 134 0.000606206565342757
512 123 0.000606206565342715
512 495 0.000569223669232288
512 32 0.000569223669232209
512 482 0.00053412941155265
512 13 0.00053412941155262
512 443 0.000500854133921758
512 498 0.000500854133921706
512 248 0.000469328859268425
512 228 0.000469328859268368
512 272 0.00043948543313943
512 153 0.00043948543313941
512 158 0.000411256653421455
512 28 0.000411256653421431
512 453 0.000384576388689194
512 19 0.000384576388689162
512 406 0.00035937968543065
512 506 0.000359379685430539
512 403 0.000335602864434736
512 3 0.000335602864434681
512 224 0.000313183606662104
512 337 0.000313183606662005
512 455 0.000292061028941152
512 129 0.000292061028941082
512 141 0.000272175749865933
512 31 0.000272175749865823
512 221 0.000253469946281785
512 97 0.000253469946281726
512 99 0.000235887400774293
512 478 0.000235887400774206
512 174 0.000219373540578518
512 53 0.000219373540578438
512 79 0.000203875468349324
512 373 0.000203875468349261
512 233 0.000189341985228908
512 130 0.000189341985228861
512 207 0.000175723606663661
512 405 0.000175723606663625
512 115 0.000162972571416291
512 335 0.000162972571416287
512 197 0.000151042844223737
512 193 0.000151042844223664
512 413 0.00013989011254661
512 313 0.000139890112546559
512 106 0.000129471777852941
512 345 0.000129471777852884
512 219 0.000119746941868165
512 463 0.000119746941868115
512 458 0.000110676388220932
512 46 0.000110676388220875
512 21 0.000102222559896934
512 410 0.000102222559896892
512 473 9.43495329082111e-05
512 254 9.43495329081821e-05
512 432 8.70229865659322e-05
512 264 8.70229865658669e-05
512 500 8.02101707361987e-05
512 9 8.02101707361169e-05
512 284 7.38798704401633e-05
512 73 7.38798704400953e-05
512 105 6.80023681436381e-05
512 239 6.80023681436284e-05
512 331 6.2549404069196e-05
512 111 6.25494040691343e-05
512 27 5.74941348407965e-05
512 222 5.74941348407708e-05
512 292 5.2811090759497e-05
512 187 5.28110907594222e-05
512 166 4.84761319879091e-05
512 366 4.84761319878846e-05
512 466 4.44664039058973e-05
512 445 4.4466403905874e-05
512 289 4.07602918798267e-05
512 448 4.07602918797678e-05
512 243 3.73373756739404e-05
512 428 3.7337375673907e-05
512 376 3.41783837134493e-05
512 282 3.41783837134457e-05
512 488 3.12651473908514e-05
512 469 3.12651473908243e-05
512 499 2.85805555942032e-05
512 447 2.8580555594182e-05
512 171 2.61085096169289e-05
512 77 2.61085096168939e-05
512 4 2.38338785947481e-05
512 26 2.38338785947256e-05
512 306 2.17424556009371e-05
512 334 2.17424556009347e-05
512 509 1.9820914515023e-05
512 348 1.98209145149479e-05
512 300 1.80567677682788e-05
512 493 1.80567677682264e-05
512 138 1.64383250563952e-05
512 142 1.64383250563782e-05
512 302 1.4954653094317e-05
512 285 1.49546530943123e-05
512 385 1.35955364815032e-05
512 148 1.35955364814263e-05
512 209 1.23514397301972e-05
512 24 1.23514397301072e-05
512 256 1.12134705033684e-05
512 303 1.12134705032669e-05
512 124 1.01733440937023e-05
512 340 1.01733440937002e-05
512 485 9.22334917443592e-06
512 108 9.22334917441425e-06
512 420 8.3563148346455e-06
512 497 8.35631483464151e-06
512 58 7.56557891326022e-06
512 365 7.56557891323784e-06
512 30 6.84495763303428e-06
512 392 6.8449576330216e-06
512 309 6.18871653201847e-06
512 152 6.1887165319981e-06
512 451 5.59154268409215e-06
512 34 5.59154268409134e-06
512 196 5.04851819475706e-06
512 386 5.04851819471686e-06
512 41 4.55509495378426e-06
512 439 4.55509495372087e-06
512 147 4.10707062249724e-06
512 465 4.10707062248328e-06
512 170 3.70056583094668e-06
512 390 3.70056583087752e-06
512 89 3.33200255420163e-06
512 378 3.33200255415159e-06
512 104 2.99808363827171e-06
512 371 2.99808363823928e-06
512 384 2.69577344191863e-06
512 23 2.69577344189323e-06
512 296 2.42227955761385e-06
512 312 2.42227955760121e-06
512 305 2.175035577201e-06
512 2 2.17503557718783e-06
512 271 1.95168486250008e-06
512 55 1.9516848624816e-06
512 175 1.75006528371437e-06
512 109 1.75006528368993e-06
512 419 1.56819488596263e-06
512 29 1.56819488594806e-06
512 252 1.40425844467101e-06
512 375 1.40425844463721e-06
512 468 1.25659487093532e-06
512 186 1.25659487089577e-06
512 452 1.12368542726227e-06
512 160 1.1236854272069e-06
512 492 1.00414271554834e-06
512 163 1.00414271553273e-06
512 396 8.96700398898103e-07
512 414 8.96700398822503e-07
512 253 8.00203619255591e-07
512 39 8.00203619251357e-07
512 294 7.13600075253273e-07
512 81 7.13600075252785e-07
512 211 6.35931723724781e-07
512 263 6.35931723719149e-07
512 347 5.66327070350425e-07
512 48 5.66327070276939e-07
512 370 5.03994015439225e-07
512 431 5.03994015410569e-07
512 324 4.48213223542636e-07
512 227 4.48213223536165e-07
512 269 3.98331983175737e-07
512 93 3.98331983168757e-07
512 94 3.53758528872597e-07
512 449 3.53758528803816e-07
512 281 3.13956795339188e-07
512 459 3.13956795278454e-07
512 426 2.78441575850736e-07
512 65 2.78441575796151e-07
512 388 2.46774059964316e-07
512 229 2.46774059901071e-07
512 261 2.18557722641493e-07
512 121 2.1855772258661e-07
512 51 1.93434544382143e-07
512 118 1.93434544334269e-07
512 188 1.710815358269e-07
512 360 1.71081535812007e-07
512 245 1.51207548843973e-07
512 372 1.51207548815258e-07
512 69 1.33550351001115e-07
512 151 1.33550351000267e-07
512 270 1.17873945826297e-07
512 192 1.17873945818372e-07
512 199 1.03966120166457e-07
512 398 1.03966120157395e-07
512 502 9.16362018488215e-08
512 64 9.16362018229084e-08
512 397 8.07130112745469e-08
512 75 8.07130112718885e-08
512 127 7.10429927627929e-08
512 100 7.10429927108791e-08
512 483 6.24885106992323e-08
512 480 6.2488510617228e-08
512 311 5.49262976924711e-08
512 203 5.49262976212717e-08
512 299 4.82460438266941e-08
512 456 4.82460437858733e-08
512 92 4.2349112599365e-08
512 356 4.23491125500775e-08
512 454 3.71473767302177e-08
512 464 3.71473766760885e-08
512 260 3.25621604727507e-08
512 374 3.25621604124748e-08
512 67 2.85232825136816e-08
512 249 2.85232824422247e-08
512 286 2.49681876721271e-08
512 490 2.49681876285379e-08
512 341 2.18411632572609e-08
512 96 2.18411632113558e-08
512 367 1.90926292553684e-08
512 291 1.90926291785396e-08
512 52 1.66784980271117e-08
512 230 1.66784980189694e-08
512 268 1.45595973702266e-08
512 231 1.45595973055634e-08
512 88 1.27011493544771e-08
512 210 1.27011492724033e-08
512 290 1.10723014861338e-08
512 382 1.10723014090652e-08
512 120 9.64570590067382e-09
512 418 9.64570582202309e-09
512 218 8.39713914844046e-09
512 143 8.39713909517315e-09
512 140 7.30516306690116e-09
512 150 7.30516303004691e-09
512 6 6.3508186487482e-09
512 177 6.35081858578653e-09
512 295 5.51735246379081e-09
512 10 5.51735243956919e-09
512 423 4.78997199338945e-09
512 181 4.78997197461695e-09
512 50 4.15562595446062e-09
512 472 4.1556259431659e-09
512 135 3.60280827393922e-09
512 411 3.60280827079089e-09
512 49 3.12138315194943e-09
512 457 3.12138314362303e-09
512 257 2.70242865875362e-09
512 61 2.70242861422076e-09
512 132 2.33809752657503e-09
512 40 2.33809749339287e-09
512 137 2.02149297301446e-09
512 325 2.02149296619092e-09
512 278 1.74655824829432e-09
512 194 1.74655823137471e-09
512 259 1.50797851983242e-09
512 321 1.50797847035497e-09
512 470 1.30109328530618e-09
512 90 1.30109323315253e-09
512 161 1.12181942936407e-09
512 204 1.12181941513967e-09
512 71 9.66582036632246e-10
512 298 9.66582008035461e-10
512 412 8.32253602637696e-10
512 342 8.32253599369892e-10
512 12 7.16100401199071e-10
512 122 7.16100353543239e-10
512 323 6.1573426164258e-10
512 107 6.15734241371513e-10
512 213 5.29071026868604e-10
512 241 5.2907100922539e-10
512 16 4.54292825580183e-10
512 83 4.54292812716908e-10
512 407 3.8981540217975e-10
512 430 3.89815389122579e-10
512 317 3.34259175893692e-10
512 195 3.34259163394978e-10
512 37 2.86423662565483e-10
512 314 2.8642366068256e-10
512 467 2.45265062135409e-10
512 114 2.45265030507369e-10
512 293 2.09876451000607e-10
512 352 2.09876449552837e-10
512 164 1.79470454743747e-10
512 189 1.79470438510521e-10
512 320 1.53364005319798e-10
512 7 1.5336398817567e-10
512 310 1.30965016609252e-10
512 102 1.3096497027635e-10
512 416 1.11760434781332e-10
512 350 1.11760378729286e-10
512 25 9.53065404374343e-11
512 404 9.53064392276904e-11
512 344 8.1218999050885e-11
512 436 8.12189204779656e-11
512 501 6.91663393226349e-11
512 172 6.91662530496831e-11
512 401 5.88616040574878e-11
512 349 5.88615822749716e-11
512 460 5.00577357342991e-11
512 38 5.00577314752934e-11
512 415 4.25413691399722e-11
512 84 4.25413038129818e-11
512 66 3.61287666450494e-11
512 287 3.61287544336288e-11
512 327 3.06616954048877e-11
512 308 3.06616655984882e-11
512 87 2.60039767496778e-11
512 156 2.60039740485758e-11
512 200 2.20386471928285e-11
512 126 2.20385931726241e-11
512 283 1.86651805123006e-11
512 425 1.86651450203283e-11
512 339 1.57971605521964e-11
512 176 1.57971413727864e-11
512 54 1.33606603305368e-11
512 103 1.33606459229441e-11
512 80 1.12921894057649e-11
512 441 1.12921864784333e-11
512 205 9.53738660263148e-12
512 242 9.53737089304241e-12
512 5 8.04978306234716e-12
512 244 8.04974199140518e-12
512 112 6.7894682460041e-12
512 185 6.78945788479268e-12
512 491 5.72256573038385e-12
512 354 5.72253355812791e-12
512 437 4.82003326141012e-12
512 343 4.82000008046075e-12
512 330 4.05699552516459e-12
512 274 4.05697697658525e-12
512 144 3.41249251079034e-12
512 471 3.41242597686369e-12
512 383 2.8682907836598e-12
512 446 2.86826118411909e-12
512 72 2.40929498573905e-12
512 307 2.40926373214192e-12
512 20 2.02230537455169e-12
512 139 2.02227123935472e-12
512 226 1.69633005388909e-12
512 226 1.69630975932478e-12
512 20 1.4219736499399e-12
512 139 1.42192013646698e-12
512 72 1.19108095348527e-12
512 307 1.19104726081787e-12
512 446 9.97030818750782e-13
512 383 9.96980276113391e-13
512 471 8.3411055840088e-13
512 144 8.34021244181527e-13
512 274 6.9718313182214e-13
512 330 6.97109037162136e-13
512 343 5.82422998718357e-13
512 437 5.82395292830828e-13
512 354 4.86172140910279e-13
512 491 4.86166662483356e-13
512 185 4.05567839311622e-13
512 112 4.0556447089557e-13
512 5 3.3809455510725e-13
512 244 3.3806291099836e-13
512 205 2.81663581347402e-13
512 242 2.81652799152896e-13
512 441 2.34479102800833e-13
512 80 2.34472111427594e-13
512 54 1.9506618542664e-13
512 103 1.95060594846635e-13
512 339 1.62203583897735e-13
512 176 1.62162011095856e-13
512 283 1.34719333836268e-13
512 425 1.34670052887031e-13
512 200 1.11910480882216e-13
512 126 1.11843811536344e-13
512 87 9.27887274941831e-14
512 156 9.27036225562006e-14
512 308 7.69384556065233e-14
512 327 7.69271611854318e-14
512 66 6.37331554183087e-14
512 287 6.3726801613484e-14
512 415 5.28466159721575e-14
512 84 5.27657800799428e-14
512 460 4.36556574164763e-14
512 38 4.36317648677687e-14
512 349 3.60935774580437e-14
512 401 3.60822483003176e-14
512 172 2.98649993624167e-14
512 501 2.9820886814264e-14
512 436 2.46213808731003e-14
512 344 2.4535928844216e-14
512 404 2.03170813506404e-14
512 25 2.03144695177094e-14
512 416 1.67643676718399e-14
512 350 1.67494207683108e-14
512 102 1.38777878078145e-14
512 310 1.3800516070571e-14
512 7 1.13629759893395e-14
512 320 1.13242748511766e-14
512 189 9.34953643251463e-15
512 164 9.32587340685131e-15
512 352 7.68757374732034e-15
512 293 7.66053886991358e-15
512 467 6.32827124036339e-15
512 114 6.316692550742e-15
512 314 5.21804821573824e-15
512 37 5.18670336589026e-15
512 317 4.25592837058511e-15
512 195 4.21884749357559e-15
512 430 3.5527136788005e-15
512 407 3.48978311086635e-15
512 16 2.85959013724673e-15
512 83 2.77555756156289e-15
512 213 2.44249065417534e-15
512 241 2.34158739708486e-15
512 107 1.91610004411643e-15
512 323 1.88737914186277e-15
512 12 1.56684926148335e-15
512 122 1.55431223447522e-15
512 342 1.28037587066881e-15
512 412 1.22124532708767e-15
512 298 1.11022302462516e-15
512 71 1.04556002944808e-15
512 161 8.88178419700125e-16
512 204 8.53221304508196e-16
512 90 6.95785921800592e-16
512 470 6.66133814775094e-16
512 259 5.67010120727535e-16
512 321 5.55111512312578e-16
512 194 4.61750327220521e-16
512 278 4.44089209850063e-16
512 137 3.75772366972311e-16
512 325 3.33066907387547e-16
512 132 3.33066907387547e-16
512 40 3.05593207165858e-16
512 61 2.48349780092903e-16
512 257 2.22044604925031e-16
512 457 2.22044604925031e-16
512 411 2.22044604925031e-16
512 49 2.01690336541377e-16
512 135 1.6368452745207e-16
512 50 1.32749041723082e-16
512 472 1.11022302462516e-16
512 423 1.11022302462516e-16
512 10 1.11022302462516e-16
512 140 1.11022302462516e-16
512 418 1.11022302462516e-16
512 291 1.11022302462516e-16
512 181 1.07586155322711e-16
512 295 8.71329882604292e-17
512 6 7.05196351486745e-17
512 150 5.70346436260717e-17
512 143 4.60965725569164e-17
512 120 3.72305768919498e-17
512 382 3.00491452937742e-17
512 88 2.42362659217993e-17
512 231 1.95344200320458e-17
512 52 1.57339063904544e-17
512 367 1.26640853752716e-17
512 96 1.01862029497462e-17
512 490 8.18751384483346e-18
512 67 6.57647233312845e-18
512 374 5.27879959698042e-18
512 454 4.23427031436435e-18
512 356 3.39408888987732e-18
512 299 2.71874873317835e-18
512 203 2.17628695672137e-18
512 483 1.7408625145978e-18
512 100 1.39159870523395e-18
512 397 1.11164158705077e-18
512 502 8.87394602018442e-19
512 398 7.07896894411809e-19
512 270 5.64318722223361e-19
512 151 4.49552211351621e-19
512 372 3.57879683912832e-19
512 188 2.84705055730549e-19
512 51 2.26336471435288e-19
512 121 1.79810533711906e-19
512 388 1.42750272731043e-19
512 65 1.13250464159013e-19
512 281 8.97850982210529e-20
512 449 7.11327765444692e-20
512 269 5.63166077795085e-20
512 227 4.45558200252165e-20
512 431 3.52268347589582e-20
512 347 2.78319753342365e-20
512 211 2.19743312480212e-20
512 81 1.73375820918396e-20
512 253 1.36698145051925e-20
512 414 1.07705514526558e-20
512 163 8.48036384069249e-21
512 452 6.67255648419958e-21
512 468 5.24651911553292e-21
512 375 4.12241289248947e-21
512 29 3.23692728359639e-21
512 109 2.53989419947448e-21
512 271 1.99158816441427e-21
512 305 1.56057510498522e-21
512 312 1.22199953284552e-21
512 384 9.56221782574796e-22
512 371 7.4773455789869e-22
512 89 5.84302171639958e-22
512 390 4.56277208086646e-22
512 465 3.56058434451405e-22
512 41 2.77661079559108e-22
512 386 2.16376437052099e-22
512 34 1.68502422914995e-22
512 309 1.31130453218463e-22
512 30 1.01976993030141e-22
512 365 7.9250510595068e-23
512 420 6.15464720518547e-23
512 108 4.7764527443808e-23
512 340 3.70432459208827e-23
512 256 2.87087188124098e-23
512 24 2.22341133745545e-23
512 385 1.72078672694888e-23
512 285 1.33086960517986e-23
512 142 1.02859685747422e-23
512 493 7.9443086172034e-24
512 509 6.13152140189858e-24
512 306 4.72913397154398e-24
512 26 3.64498892891233e-24
512 171 2.80745004462357e-24
512 447 2.16087223019897e-24
512 469 1.66206256101068e-24
512 282 1.27751754355012e-24
512 428 9.81267931847424e-25
512 289 7.53198709082063e-25
512 445 5.77740423230732e-25
512 366 4.42850532166175e-25
512 292 3.39221065531625e-25
512 27 2.59662769282047e-25
512 111 1.98626770971797e-25
512 105 1.51833326763974e-25
512 284 1.15983887346893e-25
512 9 8.85379456483601e-26
512 432 6.75402165000816e-26
512 473 5.14868928305822e-26
512 410 3.92222177087657e-26
512 458 2.98585584095251e-26
512 463 2.27146868132934e-26
512 106 1.72681533975744e-26
512 313 1.3118563146608e-26
512 197 9.9592783308129e-27
512 335 7.55563025068716e-27
512 405 5.72815486803666e-27
512 233 4.33970324663056e-27
512 79 3.28553836136006e-27
512 53 2.48573186130541e-27
512 99 1.87933085073814e-27
512 97 1.41988586124791e-27
512 141 1.07202485245813e-27
512 129 8.08830463451739e-28
512 224 6.09833634764431e-28
512 3 4.59479854612944e-28
512 406 3.459575426249e-28
512 19 2.60303711005729e-28
512 158 1.95721773823737e-28
512 272 1.47061555062435e-28
512 248 1.10423216195266e-28
512 443 8.28557891384221e-29
512 13 6.21278823972442e-29
512 495 4.65534071547404e-29
512 123 3.48592163387429e-29
512 346 2.60846488703718e-29
512 503 1.95053432705994e-29
512 338 1.45754988652981e-29
512 328 1.08841491781583e-29
512 402 8.12207079448539e-30
512 363 6.05675885687786e-30
512 201 4.51351638011583e-30
512 319 3.36117395918481e-30
512 217 2.50131383276782e-30
512 169 1.86014417655858e-30
512 484 1.38237622663716e-30
512 184 1.02661388388672e-30
512 369 7.61884674408648e-31
512 91 5.65031382094391e-31
512 434 4.18752225873186e-31
512 462 3.10129382974101e-31
512 82 2.29524964582488e-31
512 86 1.69753278388064e-31
512 368 1.25460680606416e-31
512 297 9.26612885842309e-32
512 190 6.83896307624461e-32
512 247 5.04409677158321e-32
512 198 3.71772950706903e-32
512 85 2.73825187796332e-32
512 1 2.0154416416689e-32
512 422 1.4824098363819e-32
512 206 1.0896012080368e-32
512 22 8.00328147922614e-33
512 251 5.87448547536256e-33
512 250 4.30896339359895e-33
512 17 3.15847178938082e-33
512 301 2.31356884472165e-33
512 487 1.69351512509009e-33
512 440 1.23878791408524e-33
512 364 9.05536722101771e-34
512 395 6.61479518438338e-34
512 326 4.82867486636462e-34
512 391 3.52241687547684e-34
512 117 2.5677620147372e-34
512 18 1.87055298417419e-34
512 489 1.36171582932944e-34
512 215 9.90613369646665e-35
512 14 7.20150243016719e-35
512 351 5.23170521740472e-35
512 78 3.7980847110305e-35
512 355 2.75541650567759e-35
512 336 1.99761178654455e-35
512 70 1.4472253311582e-35
512 279 1.04776152501027e-35
512 131 7.58036233869102e-36
512 377 5.48048144135525e-36
512 304 3.95957601808897e-36
512 119 2.85877441489279e-36
512 265 2.0625871886296e-36
512 110 1.48711985838507e-36
512 442 1.07147207881672e-36
512 157 7.71466322427318e-37
512 316 5.55078383354067e-37
512 98 3.9911025485004e-37
512 154 2.86769321721921e-37
512 267 2.05908238255411e-37
512 461 1.47746087643241e-37
512 438 1.05939883577496e-37
512 57 7.59109159182399e-38
512 433 5.43563409929604e-38
512 128 3.88953287186802e-38
512 159 2.78128783058485e-38
512 45 1.98744763451347e-38
512 322 1.41921025491175e-38
512 0 1.01274264463061e-38
512 450 7.22192210476097e-39
512 220 5.1464516284709e-39
512 357 3.66491959903878e-39
512 510 2.60808994397069e-39
512 389 1.85473714545323e-39
512 399 1.31808694478299e-39
512 507 9.36069083439622e-40
512 145 6.64315342343569e-40
512 474 4.7113323875713e-40
512 496 3.33900492641377e-40
512 421 2.36480492081615e-40
512 246 1.67370949398953e-40
512 43 1.18378693776825e-40
512 255 8.36717492084471e-41
512 276 5.91017655621411e-41
512 505 4.17200396451507e-41
512 136 2.9432060118803e-41
512 277 2.07511028414888e-41
512 280 1.46226009639261e-41
512 133 1.02990498317341e-41
512 177 0
512 218 0
512 290 0
512 210 0
512 268 0
512 230 0
512 341 0
512 286 0
512 249 0
512 260 0
512 464 0
512 92 0
512 456 0
512 311 0
512 480 0
512 127 0
512 75 0
512 64 0
512 199 0
512 192 0
512 69 0
512 245 0
512 360 0
512 118 0
512 261 0
512 229 0
512 426 0
512 459 0
512 94 0
512 93 0
512 324 0
512 370 0
512 48 0
512 263 0
512 294 0
512 39 0
512 396 0
512 492 0
512 160 0
512 186 0
512 252 0
512 419 0
512 175 0
512 55 0
512 2 0
512 296 0
512 23 0
512 104 0
512 378 0
512 170 0
512 147 0
512 439 0
512 196 0
512 451 0
512 152 0
512 392 0
512 58 0
512 497 0
512 485 0
512 124 0
512 303 0
512 209 0
512 148 0
512 302 0
512 138 0
512 300 0
512 348 0
512 334 0
512 4 0
512 77 0
512 499 0
512 488 0
512 376 0
512 243 0
512 448 0
512 466 0
512 166 0
512 187 0
512 222 0
512 331 0
512 239 0
512 73 0
512 500 0
512 264 0
512 254 0
512 21 0
512 46 0
512 219 0
512 345 0
512 413 0
512 193 0
512 115 0
512 207 0
512 130 0
512 373 0
512 174 0
512 478 0
512 221 0
512 31 0
512 455 0
512 337 0
512 403 0
512 506 0
512 453 0
512 28 0
512 153 0
512 228 0
512 498 0
512 482 0
512 32 0
512 134 0
512 149 0
512 288 0
512 266 0
512 234 0
512 409 0
512 381 0
512 68 0
512 236 0
512 35 0
512 235 0
512 116 0
512 214 0
512 358 0
512 76 0
512 155 0
512 223 0
512 508 0
512 380 0
512 504 0
512 11 0
512 8 0
512 36 0
512 125 0
512 173 0
512 33 0
512 162 0
512 238 0
512 318 0
512 400 0
512 95 0
512 476 0
512 275 0
512 146 0
512 394 0
512 361 0
512 216 0
512 42 0
512 44 0
512 232 0
512 329 0
512 477 0
512 202 0
512 435 0
512 424 0
512 182 0
512 359 0
512 393 0
512 362 0
512 387 0
512 101 0
512 74 0
512 63 0
512 178 0
512 262 0
512 47 0
512 168 0
512 481 0
512 332 0
512 15 0
512 417 0
512 258 0
512 486 0
512 179 0
512 333 0
512 113 0
512 315 0
512 427 0
512 444 0
512 240 0
512 180 0
512 225 0
512 183 0
512 165 0
512 379 0
512 60 0
512 191 0
512 273 0
512 212 0
512 475 0
512 208 0
512 59 0
512 56 0
512 479 0
512 237 0
512 353 0
512 511 0
512 167 0
512 494 0
512 62 0
512 429 0
