512 190 0.00186711022690361
512 209 0.00186709034200205
512 170 0.001867090342002
512 350 0.00186703068857996
512 176 0.00186703068857996
512 93 0.00186693127048498
512 502 0.00186693127048487
512 142 0.00186679209412866
512 114 0.00186679209412866
512 228 0.00186661316848724
512 147 0.00186661316848719
512 181 0.0018663945050994
512 280 0.00186639450509929
512 508 0.00186613611806519
512 100 0.00186613611806508
512 43 0.00186583802404516
512 375 0.00186583802404511
512 264 0.00186550024225807
512 374 0.00186550024225807
512 472 0.00186512279447903
512 506 0.00186512279447903
512 143 0.00186470570503694
512 156 0.00186470570503688
512 28 0.00186424900081184
512 345 0.00186424900081184
512 124 0.00186375271123274
512 247 0.00186375271123257
512 35 0.00186321686827307
512 348 0.00186321686827301
512 233 0.00186264150644888
512 381 0.00186264150644883
512 223 0.00186202666281388
512 316 0.00186202666281388
512 489 0.00186137237695627
512 214 0.00186137237695616
512 267 0.0018606786909936
512 196 0.00186067869099354
512 136 0.00185994564956926
512 40 0.00185994564956926
512 198 0.00185917329984731
512 492 0.00185917329984714
512 296 0.00185836169150655
512 486 0.00185836169150655
512 237 0.00185751087673713
512 269 0.00185751087673708
512 44 0.00185662091023286
512 153 0.00185662091023281
512 437 0.00185569184918671
512 323 0.00185569184918666
512 347 0.00185472375328455
512 32 0.00185472375328427
512 332 0.00185371668469747
512 463 0.00185371668469736
512 498 0.00185267070807738
512 210 0.00185267070807732
512 222 0.00185158589054812
512 68 0.00185158589054801
512 358 0.00185046230169905
512 262 0.00185046230169905
512 195 0.00184930001357808
512 379 0.00184930001357797
512 426 0.00184809910068251
512 504 0.00184809910068251
512 268 0.00184685963995312
512 409 0.00184685963995307
512 421 0.00184558171076399
512 511 0.00184558171076393
512 118 0.00184426539491545
512 168 0.00184426539491533
512 335 0.00184291077662446
512 495 0.00184291077662435
512 473 0.00184151794251602
512 5 0.00184151794251597
512 197 0.00184008698161431
512 343 0.00184008698161414
512 117 0.00183861798533191
512 327 0.00183861798533186
512 70 0.00183711104746187
512 72 0.00183711104746181
512 451 0.00183556626416631
512 87 0.00183556626416626
512 82 0.0018339837339667
512 461 0.00183398373396665
512 105 0.00183236355773364
512 385 0.00183236355773353
512 320 0.00183070583867539
512 373 0.00183070583867539
512 312 0.0018290106823281
512 131 0.00182901068232799
512 161 0.00182727819654294
512 395 0.00182727819654288
512 250 0.00182550849147678
512 404 0.00182550849147672
512 371 0.00182370167957846
512 479 0.00182370167957846
512 157 0.00182185787557843
512 37 0.00182185787557831
512 481 0.00181997719647542
512 414 0.00181997719647531
512 125 0.00181805976152494
512 336 0.00181805976152494
512 14 0.00181610569222657
512 309 0.00181610569222651
512 90 0.00181411511231044
512 411 0.00181411511231033
512 42 0.00181208814772477
512 353 0.00181208814772471
512 284 0.00181002492662319
512 234 0.00181002492662308
512 351 0.00180792557934917
512 298 0.00180792557934917
512 83 0.0018057902384252
512 211 0.00180579023842509
512 389 0.00180361903853588
512 474 0.00180361903853576
512 129 0.00180141211651619
512 57 0.00180141211651619
512 339 0.00179916961133586
512 30 0.0017991696113358
512 458 0.0017968916640847
512 224 0.00179689166408459
512 163 0.00179457841795849
512 480 0.00179457841795844
512 85 0.00179223001824369
512 86 0.00179223001824363
512 173 0.00178984661230219
512 149 0.00178984661230214
512 141 0.00178742834955559
512 188 0.00178742834955553
512 342 0.0017849753814701
512 79 0.00178497538147004
512 241 0.00178248786154089
512 338 0.00178248786154078
512 10 0.00177996594527507
512 191 0.00177996594527496
512 199 0.00177740979017693
512 200 0.00177740979017688
512 326 0.00177481955573
512 334 0.00177481955572983
512 9 0.00177219540338186
512 245 0.0017721954033818
512 360 0.00176953749652664
512 499 0.00176953749652659
512 470 0.00176684600048793
512 392 0.00176684600048788
512 165 0.00176412108250257
512 333 0.00176412108250246
512 483 0.00176136291170181
512 25 0.0017613629117017
512 21 0.00175857165909554
512 471 0.00175857165909549
512 428 0.00175574749755314
512 285 0.00175574749755308
512 493 0.00175289060178718
512 283 0.00175289060178707
512 123 0.00175000114833357
512 450 0.00175000114833351
512 331 0.00174707931553508
512 378 0.00174707931553497
512 102 0.00174412528352197
512 488 0.00174412528352191
512 295 0.00174113923419394
512 92 0.00174113923419389
512 55 0.00173812135120155
512 505 0.00173812135120138
512 179 0.00173507181992677
512 52 0.00173507181992671
512 154 0.00173199082746511
512 446 0.00173199082746495
512 108 0.00172887856260528
512 193 0.00172887856260528
512 12 0.0017257352158111
512 204 0.00172573521581099
512 148 0.00172256097920098
512 187 0.00172256097920093
512 84 0.00171935604652945
512 26 0.0017193560465294
512 457 0.00171612061316673
512 216 0.00171612061316667
512 27 0.00171285487607886
512 365 0.00171285487607875
512 116 0.00170955903380854
512 6 0.00170955903380843
512 413 0.00170623328645408
512 220 0.00170623328645403
512 150 0.00170287783565015
512 8 0.00170287783564993
512 189 0.00169949288454585
512 91 0.00169949288454574
512 127 0.00169607863778676
512 425 0.00169607863778659
512 394 0.00169263530149155
512 183 0.0016926353014915
512 248 0.00168916308323386
512 369 0.0016891630832338
512 330 0.00168566219201904
512 315 0.00168566219201899
512 56 0.00168213283826546
512 75 0.00168213283826546
512 201 0.00167857523378179
512 329 0.00167857523378173
512 178 0.00167498959174706
512 49 0.00167498959174694
512 469 0.00167137612668833
512 509 0.00167137612668827
512 184 0.0016677350544605
512 128 0.00166773505446033
512 146 0.00166406659222346
512 98 0.0016640665922234
512 212 0.00166037095842253
512 482 0.00166037095842253
512 349 0.00165664837276491
512 415 0.00165664837276475
512 41 0.00165289905619859
512 2 0.00165289905619859
512 376 0.00164912323089161
512 419 0.00164912323089145
512 4 0.00164532112020832
512 362 0.00164532112020827
512 263 0.0016414929486892
512 31 0.00164149294868915
512 167 0.00163763894202762
512 192 0.00163763894202756
512 408 0.00163375932704807
512 364 0.00163375932704801
512 48 0.00162985433168472
512 38 0.00162985433168467
512 139 0.00162592418495799
512 172 0.00162592418495783
512 401 0.00162196911695278
512 259 0.00162196911695273
512 235 0.00161798935879665
512 356 0.00161798935879653
512 279 0.00161398514263666
512 107 0.0016139851426365
512 510 0.00160995670161679
512 436 0.00160995670161668
512 361 0.00160590426985635
512 169 0.0016059042698563
512 391 0.0016018280824267
512 485 0.00160182808242665
512 418 0.00159772837532879
512 132 0.00159772837532862
512 294 0.00159360538547021
512 430 0.00159360538547015
512 213 0.00158945935064281
512 445 0.00158945935064281
512 318 0.00158529050950096
512 97 0.00158529050950074
512 443 0.00158109910153625
512 462 0.00158109910153614
512 126 0.00157688536705702
512 307 0.00157688536705691
512 390 0.00157264954716518
512 370 0.00157264954716491
512 382 0.0015683918837317
512 231 0.00156839188373159
512 422 0.00156411261937628
512 23 0.00156411261937617
512 346 0.00155981199744237
512 396 0.00155981199744232
512 355 0.00155549026197521
512 120 0.00155549026197516
512 122 0.00155114765769915
512 412 0.00155114765769904
512 496 0.00154678442999401
512 135 0.00154678442999368
512 291 0.00154240082487211
512 491 0.00154240082487206
512 424 0.00153799708895686
512 260 0.0015379970889568
512 398 0.00153357346945759
512 67 0.00153357346945759
512 54 0.00152913021414836
512 305 0.00152913021414836
512 225 0.00152466757134484
512 441 0.00152466757134484
512 449 0.00152018578987978
512 249 0.00152018578987961
512 15 0.00151568511908196
512 58 0.0015156851190819
512 297 0.00151116580875332
512 53 0.00151116580875332
512 202 0.00150662810914459
512 34 0.00150662810914437
512 246 0.0015020722709333
512 288 0.00150207227093324
512 77 0.00149749854520154
512 60 0.00149749854520154
512 159 0.00149290718341255
512 300 0.00149290718341233
512 71 0.0014882984373869
512 33 0.00148829843738685
512 251 0.0014836725592825
512 61 0.00148367255928245
512 314 0.00147902980156911
512 232 0.00147902980156894
512 36 0.00147437041700726
512 273 0.00147437041700715
512 11 0.0014696946586249
512 134 0.00146969465862484
512 80 0.00146500277969552
512 275 0.00146500277969536
512 160 0.0014602950337147
512 95 0.0014602950337147
512 503 0.0014555716743786
512 217 0.00145557167437849
512 253 0.00145083295556075
512 435 0.0014508329555607
512 206 0.00144607913129047
512 229 0.00144607913129019
512 444 0.00144131045572921
512 290 0.00144131045572904
512 363 0.00143652718314946
512 272 0.00143652718314935
512 299 0.00143172956791338
512 121 0.00143172956791326
512 137 0.00142691786444732
512 205 0.00142691786444726
512 94 0.00142209232722401
512 420 0.00142209232722373
512 164 0.0014172532107376
512 109 0.00141725321073755
512 478 0.00141240076948174
512 7 0.00141240076948168
512 47 0.00140753525793091
512 306 0.0014075352579308
512 317 0.00140265693051395
512 133 0.00140265693051389
512 319 0.00139776604159647
512 304 0.00139776604159636
512 354 0.0013928628454567
512 140 0.00139286284545664
512 180 0.00138794759626526
512 322 0.00138794759626515
512 103 0.00138302054806261
512 476 0.00138302054806255
512 328 0.00137808195473943
512 45 0.00137808195473937
512 51 0.00137313207001333
512 76 0.00137313207001316
512 152 0.00136817114740934
512 292 0.00136817114740928
512 403 0.00136319944023811
512 490 0.00136319944023794
512 29 0.00135821720157431
512 303 0.00135821720157425
512 158 0.00135322468423726
512 397 0.00135322468423721
512 265 0.00134822214076935
512 287 0.0013482221407693
512 18 0.00134320982341596
512 308 0.00134320982341585
512 456 0.00133818798410223
512 144 0.00133818798410212
512 236 0.00133315687441771
512 359 0.00133315687441765
512 494 0.00132811674559113
512 78 0.00132811674559097
512 256 0.00132306784847336
512 151 0.00132306784847314
512 242 0.00131801043351498
512 455 0.00131801043351487
512 407 0.00131294475074906
512 453 0.00131294475074906
512 227 0.00130787104976904
512 383 0.00130787104976898
512 366 0.0013027895797092
512 434 0.0013027895797092
512 447 0.00129770058922668
512 255 0.00129770058922662
512 88 0.00129260432648071
512 104 0.00129260432648043
512 276 0.00128750103911313
512 321 0.0012875010391129
512 3 0.00128239097422955
512 387 0.00128239097422955
512 244 0.00127727437838138
512 19 0.00127727437838121
512 301 0.00127215149754523
512 59 0.00127215149754506
512 500 0.00126702257710437
512 475 0.0012670225771042
512 278 0.00126188786183123
512 194 0.00126188786183101
512 252 0.00125674759586747
512 340 0.00125674759586741
512 239 0.0012516020227073
512 208 0.00125160202270724
512 16 0.00124645138517743
512 64 0.00124645138517721
512 477 0.00124129592541933
512 324 0.00124129592541927
512 487 0.00123613588487359
512 429 0.00123613588487353
512 282 0.00123097150425866
512 405 0.00123097150425855
512 337 0.00122580302355602
512 111 0.00122580302355568
512 310 0.00122063068199052
512 257 0.00122063068199046
512 115 0.00121545471801549
512 289 0.00121545471801532
512 89 0.00121027536929363
512 73 0.00121027536929347
512 386 0.00120509287268011
512 433 0.00120509287268011
512 17 0.00119990746420751
512 497 0.00119990746420734
512 1 0.00119471937906679
512 367 0.00119471937906679
512 440 0.00118952885159274
512 203 0.00118952885159268
512 155 0.00118433611524604
512 261 0.00118433611524593
512 171 0.00117914140259856
512 74 0.00117914140259845
512 423 0.00117394494531592
512 293 0.00117394494531586
512 484 0.00116874697414315
512 230 0.0011687469741431
512 454 0.00116354771888749
512 406 0.00116354771888749
512 311 0.0011583474084037
512 110 0.00115834740840343
512 507 0.00115314627057933
512 377 0.00115314627057927
512 20 0.00114794453231737
512 162 0.00114794453231731
512 438 0.00114274241952494
512 46 0.00114274241952494
512 138 0.00113754015709383
512 465 0.00113754015709377
512 313 0.00113233796889023
512 270 0.00113233796889001
512 81 0.00112713607773729
512 24 0.00112713607773718
512 431 0.00112193470540256
512 501 0.00112193470540245
512 402 0.00111673407258261
512 466 0.0011167340725825
512 166 0.00111153439889011
512 238 0.00111153439888989
512 119 0.00110633590283976
512 416 0.00110633590283971
512 468 0.00110113880183449
512 177 0.00110113880183443
512 39 0.00109594331215285
512 218 0.00109594331215279
512 101 0.00109074964893441
512 243 0.00109074964893408
512 219 0.00108555802616755
512 286 0.0010855580261675
512 221 0.0010803686566786
512 207 0.00108036865667849
512 69 0.00107518175211485
512 344 0.00107518175211474
512 417 0.00106999752293574
512 185 0.00106999752293568
512 380 0.00106481617840004
512 439 0.00106481617839987
512 271 0.00105963792655195
512 62 0.00105963792655184
512 113 0.00105446297421147
512 226 0.00105446297421141
512 175 0.00104929152696098
512 442 0.00104929152696065
512 460 0.00104412378913488
512 174 0.00104412378913482
512 452 0.00103895996380821
512 240 0.00103895996380804
512 341 0.00103380025278438
512 432 0.00103380025278432
512 50 0.0010286448565856
512 266 0.0010286448565856
512 0 0.00102349397444179
512 13 0.00102349397444168
512 66 0.0010183478042799
512 464 0.0010183478042799
512 459 0.00101320654271264
512 99 0.00101320654271253
512 368 0.00100807038503059
512 22 0.00100807038503042
512 372 0.00100293952519004
512 182 0.00100293952518993
512 215 0.000997814155804355
512 302 0.000997814155804355
512 277 0.000992694468134214
512 106 0.000992694468134048
512 63 0.000987580652078046
512 112 0.000987580652078046
512 274 0.000982472896163156
512 130 0.000982472896163045
512 427 0.000977371387536063
512 410 0.000977371387536008
512 384 0.000972276311955622
512 96 0.000972276311955456
512 258 0.00096718785378086
512 352 0.000967187853780804
512 281 0.00096210619596665
512 65 0.000962106195966594
512 448 0.000957031520052887
512 388 0.000957031520052665
512 393 0.000951964006157047
512 325 0.000951964006157047
512 357 0.000946903832967028
512 186 0.000946903832966806
512 399 0.000941851177732489
512 145 0.000941851177732489
512 400 0.000936806216258801
512 254 0.000936806216258801
512 467 0.000931769122897941
512 467 0.000931769122897885
512 400 0.000926740070543386
512 254 0.00092674007054333
512 399 0.000921719230622453
512 145 0.000921719230622342
512 357 0.000916706773089138
512 186 0.000916706773089082
512 393 0.000911702866418285
512 325 0.000911702866418118
512 448 0.000906707677599872
512 388 0.000906707677599816
512 281 0.000901721372131292
512 65 0.000901721372131015
512 352 0.000896744114013193
512 258 0.000896744114012971
512 96 0.000891776065743421
512 384 0.000891776065743255
512 427 0.000886817388309868
512 410 0.000886817388309868
512 130 0.000881868241188744
512 274 0.000881868241188632
512 63 0.00087692878233514
512 112 0.000876928782335085
512 106 0.000871999168181814
512 277 0.000871999168181758
512 215 0.000867079553632188
512 302 0.000867079553631911
512 182 0.000862170092057024
512 372 0.000862170092056913
512 368 0.000857270935288923
512 22 0.000857270935288867
512 99 0.000852382233620608
512 459 0.000852382233620497
512 66 0.000847504135797372
512 464 0.000847504135797261
512 13 0.000842636789016749
512 0 0.000842636789016582
512 266 0.000837780338922178
512 50 0.000837780338922012
512 341 0.000832934929602569
512 432 0.000832934929602513
512 240 0.000828100703585521
512 452 0.000828100703585244
512 460 0.000823277801837774
512 174 0.000823277801837774
512 442 0.00081846636376004
512 175 0.000818466363759984
512 226 0.000813666527185286
512 113 0.000813666527185286
512 271 0.000808878428376514
512 62 0.000808878428376403
512 439 0.000804102202023649
512 380 0.000804102202023538
512 185 0.000799337981241655
512 417 0.000799337981241655
512 69 0.000794585897570199
512 344 0.000794585897570199
512 221 0.000789846080969325
512 207 0.000789846080969325
512 219 0.000785118659819006
512 286 0.000785118659818895
512 243 0.00078040376091959
512 101 0.000780403760919535
512 39 0.000775701509487137
512 218 0.00077570150948697
512 177 0.000771012029155305
512 468 0.000771012029155194
512 119 0.000766335441973021
512 416 0.00076633544197291
512 166 0.000761671868404479
512 238 0.000761671868404257
512 402 0.00075702142732792
512 466 0.000757021427327864
512 501 0.000752384236036741
512 431 0.000752384236036574
512 81 0.000747760410236942
512 24 0.000747760410236942
512 313 0.000743150064050235
512 270 0.000743150064050124
512 138 0.000738553310011159
512 465 0.00073855331001077
512 46 0.000733970259069627
512 438 0.000733970259069516
512 162 0.000729401020590825
512 20 0.000729401020590659
512 377 0.00072484570235537
512 507 0.000724845702355315
512 110 0.000720304410560813
512 311 0.000720304410560646
512 454 0.000715777249822525
512 406 0.000715777249822414
512 484 0.00071126432317431
512 230 0.000711264323174254
512 293 0.000706765732071291
512 423 0.00070676573207118
512 74 0.000702281576389185
512 171 0.000702281576388852
512 261 0.000697811954427641
512 155 0.000697811954427474
512 203 0.000693356962912062
512 440 0.000693356962912006
512 367 0.000688916696994502
512 1 0.000688916696994446
512 497 0.000684491250256714
512 17 0.000684491250256491
512 433 0.000680080714711595
512 386 0.000680080714711484
512 73 0.000675685180806629
512 89 0.000675685180806518
512 289 0.000671304737427658
512 115 0.000671304737427603
512 257 0.000666939471896333
512 310 0.000666939471896166
512 337 0.000662589469980213
512 111 0.000662589469980213
512 282 0.000658254815890214
512 405 0.000658254815890102
512 487 0.00065393559228677
512 429 0.00065393559228677
512 324 0.000649631880282331
512 477 0.000649631880282275
512 16 0.000645343759443973
512 64 0.000645343759443917
512 208 0.00064107130779878
512 239 0.00064107130779878
512 340 0.000636814601836955
512 252 0.000636814601836344
512 278 0.000632573716513485
512 194 0.000632573716513041
512 500 0.000628348725256078
512 475 0.00062834872525569
512 301 0.000624139699966886
512 59 0.000624139699966775
512 244 0.00061994671102672
512 19 0.000619946711026609
512 387 0.000615769827301105
512 3 0.000615769827301049
512 276 0.000611609116143441
512 321 0.000611609116143441
512 88 0.000607464643399225
512 104 0.000607464643399225
512 447 0.000603336473413152
512 255 0.000603336473413041
512 366 0.00059922466903195
512 434 0.000599224669031839
512 383 0.000595129291609875
512 227 0.000595129291609764
512 453 0.000591050401014814
512 407 0.000591050401014814
512 455 0.000586988055634285
512 242 0.000586988055634063
512 256 0.00058294231237644
512 151 0.000582942312376322
512 78 0.000578913226681917
512 494 0.000578913226681688
512 359 0.000574900852525317
512 236 0.000574900852524825
512 456 0.0005709052424216
512 144 0.000570905242421316
512 308 0.00056692644743439
512 18 0.000566926447434231
512 287 0.000562964517177411
512 265 0.000562964517177196
512 158 0.000559019499826681
512 397 0.000559019499826618
512 29 0.000555091442121403
512 303 0.000555091442120965
512 403 0.000551180389372803
512 490 0.00055118038937263
512 292 0.000547286385470476
512 152 0.000547286385470414
512 76 0.000543409472889111
512 51 0.000543409472888785
512 328 0.000539549692693937
512 45 0.000539549692693875
512 103 0.000535707084549815
512 476 0.000535707084549752
512 180 0.000531881686724363
512 322 0.000531881686724356
512 140 0.000528073536100182
512 354 0.000528073536099856
512 319 0.000524282668176897
512 304 0.000524282668176612
512 317 0.000520509117080681
512 133 0.000520509117080632
512 306 0.000516752915572849
512 47 0.000516752915572523
512 478 0.000513014095053332
512 7 0.000513014095053228
512 164 0.000509292685572489
512 109 0.000509292685572427
512 94 0.000505588715836232
512 420 0.000505588715836169
512 137 0.000501902213212779
512 205 0.000501902213212564
512 299 0.000498233203743544
512 121 0.000498233203743537
512 272 0.000494581712147779
512 363 0.000494581712147675
512 290 0.000490947761832013
512 444 0.000490947761832006
512 206 0.000487331374897766
512 229 0.000487331374897537
512 253 0.000483732572149953
512 435 0.000483732572149793
512 217 0.000480151373103865
512 503 0.000480151373103817
512 160 0.000476587795995131
512 95 0.000476587795994972
512 80 0.000473041857785357
512 275 0.000473041857785295
512 134 0.000469513574174241
512 11 0.000469513574174081
512 36 0.000466002959604306
512 273 0.000466002959604091
512 232 0.000462510027270713
512 314 0.000462510027270498
512 251 0.00045903478913157
512 61 0.000459034789131452
512 71 0.000455577255913275
512 33 0.000455577255913171
512 159 0.000452137437121698
512 300 0.000452137437121469
512 77 0.00044871534105051
512 60 0.000448715341050406
512 288 0.000445310974789066
512 246 0.000445310974788948
512 34 0.00044192434423207
512 202 0.000441924344231799
512 297 0.000438555454087441
512 53 0.000438555454087171
512 15 0.0004352043078878
512 58 0.000435204307887571
512 249 0.000431870907996124
512 449 0.00043187090799602
512 441 0.000428555255617719
512 225 0.000428555255617691
512 54 0.000425257350807229
512 305 0.000425257350807201
512 398 0.000421977192479717
512 67 0.000421977192479453
512 424 0.000418714778418039
512 260 0.000418714778417928
512 491 0.000415470105283755
512 291 0.000415470105283582
512 496 0.000412243168625162
512 135 0.000412243168625093
512 122 0.000409033962887495
512 412 0.000409033962887322
512 355 0.000405842481422641
512 120 0.000405842481422392
512 396 0.00040266871649719
512 346 0.000402668716496919
512 23 0.000399512659302936
512 422 0.000399512659302922
512 382 0.000396374299967084
512 231 0.000396374299967001
512 370 0.000393253627560153
512 390 0.000393253627560056
512 307 0.000390150630106854
512 126 0.000390150630106834
512 462 0.000387065294594979
512 443 0.000387065294594958
512 97 0.000383997606985931
512 318 0.000383997606985799
512 445 0.000380947552223558
512 213 0.00038094755222351
512 294 0.000377915114244121
512 430 0.000377915114243982
512 418 0.000374900275986252
512 132 0.00037490027598619
512 485 0.000371903019401376
512 391 0.000371903019401161
512 169 0.000368923325460943
512 361 0.000368923325460901
512 436 0.000365961174170537
512 510 0.000365961174170371
512 107 0.000363016544574823
512 279 0.000363016544574789
512 356 0.000360089414771995
512 235 0.000360089414771947
512 259 0.000357179761920068
512 401 0.00035717976191995
512 172 0.000354287562248978
512 139 0.00035428756224893
512 38 0.00035141279106965
512 48 0.000351412791069594
512 364 0.00034855542278369
512 408 0.00034855542278367
512 192 0.000345715430894344
512 167 0.000345715430894289
512 31 0.00034289278801547
512 263 0.000342892788015359
512 4 0.000340087465881666
512 362 0.000340087465881544
512 419 0.00033729943535854
512 376 0.000337299435358401
512 41 0.000334528666453116
512 2 0.000334528666452991
512 349 0.000331775128322283
512 415 0.000331775128322276
512 212 0.000329038789284697
512 482 0.000329038789284492
512 98 0.00032631961682944
512 146 0.000326319616829385
512 128 0.000323617577626334
512 184 0.000323617577626254
512 469 0.000320932637536662
512 509 0.00032093263753652
512 49 0.000318264761621889
512 178 0.000318264761621768
512 329 0.000315613914154578
512 201 0.000315613914154494
512 56 0.000312980058628121
512 75 0.000312980058628034
512 315 0.000310363157767002
512 330 0.000310363157766873
512 369 0.000307763173536202
512 248 0.000307763173536108
512 183 0.000305180067151412
512 394 0.000305180067151297
512 127 0.000302613799089524
512 425 0.000302613799089468
512 189 0.000300064329097571
512 91 0.000300064329097564
512 8 0.00029753161620405
512 150 0.000297531616203921
512 413 0.000295015618726913
512 220 0.000295015618726878
512 116 0.000292516294285953
512 6 0.000292516294285949
512 27 0.000290033599810172
512 365 0.000290033599810169
512 216 0.0002875674915499
512 457 0.000287567491549727
512 26 0.000285117925084805
512 84 0.000285117925084788
512 187 0.000282684855335447
512 148 0.000282684855335398
512 204 0.000280268236571457
512 12 0.000280268236571381
512 108 0.000277868022422911
512 193 0.000277868022422866
512 446 0.000275484165889073
512 154 0.000275484165888885
512 52 0.000273116619348261
512 179 0.000273116619348146
512 505 0.000270765334568379
512 55 0.000270765334568317
512 92 0.000268430262715835
512 295 0.000268430262715738
512 488 0.000266111354365384
512 102 0.000266111354365339
512 378 0.000263808559510359
512 331 0.000263808559510189
512 123 0.000261521827571359
512 450 0.000261521827571221
512 493 0.00025925110740721
512 283 0.000259251107407037
512 285 0.000256996347322791
512 428 0.000256996347322753
512 471 0.000254757495080526
512 21 0.00025475749508044
512 25 0.000252534497908408
512 483 0.000252534497908394
512 333 0.0002503273025104
512 165 0.000250327302510362
512 392 0.000248135855075438
512 470 0.00024813585507532
512 499 0.000245960101286857
512 360 0.000245960101286816
512 9 0.000243799986332505
512 245 0.000243799986332432
512 326 0.000241655454912629
512 334 0.000241655454912615
512 200 0.00023952645125136
512 199 0.000239526451251273
512 191 0.000237412919103619
512 10 0.000237412919103543
512 241 0.000235314801766109
512 338 0.000235314801766084
512 342 0.000233232042086251
512 79 0.000233232042086196
512 188 0.0002311645824703
512 141 0.000231164582470203
512 149 0.000229112364893758
512 173 0.000229112364893751
512 86 0.000227075330910043
512 85 0.000227075330909956
512 480 0.000225053421659127
512 163 0.000225053421658936
512 458 0.000223046577876879
512 224 0.000223046577876751
512 30 0.000221054739904525
512 339 0.000221054739904376
512 57 0.000219077847696491
512 129 0.000219077847696481
512 474 0.000217115840830284
512 389 0.000217115840830159
512 211 0.000215168658514564
512 83 0.00021516865851455
512 351 0.00021323623959868
512 298 0.000213236239598628
512 234 0.000211318522580495
512 284 0.000211318522580446
512 353 0.000209415445616149
512 42 0.000209415445616146
512 411 0.000207526946527814
512 90 0.000207526946527724
512 309 0.000205652962812497
512 14 0.000205652962812455
512 125 0.000203793431651
512 336 0.00020379343165082
512 481 0.000201948289915727
512 414 0.00020194828991571
512 37 0.000200117474180139
512 157 0.000200117474180077
512 371 0.000198300920725814
512 479 0.000198300920725805
512 404 0.000196498565552039
512 250 0.000196498565551982
512 395 0.000194710344383231
512 161 0.000194710344383106
512 312 0.000192936192677389
512 131 0.000192936192677351
512 320 0.0001911760456349
512 373 0.00019117604563487
512 385 0.00018942983820569
512 105 0.000189429838205515
512 461 0.000187697505097617
512 82 0.000187697505097598
512 451 0.000185978980785206
512 87 0.000185978980785107
512 70 0.000184274199516389
512 72 0.000184274199516388
512 327 0.000182583095321598
512 117 0.000182583095321518
512 343 0.000180905602020554
512 197 0.00018090560202054
512 473 0.00017924165323091
512 5 0.000179241653230845
512 335 0.00017759118237539
512 495 0.00017759118237537
512 168 0.000175954122690114
512 118 0.000175954122690032
512 511 0.000174330407231249
512 421 0.000174330407231173
512 409 0.000172719968883461
512 268 0.000172719968883383
512 426 0.000171122740367124
512 504 0.000171122740367027
512 195 0.000169538654245552
512 379 0.000169538654245516
512 358 0.000167967642932809
512 262 0.00016796764293274
512 68 0.000166409638700515
512 222 0.000166409638700469
512 210 0.000164864573685475
512 498 0.00016486457368539
512 463 0.000163332379896641
512 332 0.00016333237989663
512 32 0.000161812989222798
512 347 0.00016181298922277
512 437 0.000160306333438776
512 323 0.00016030633343864
512 153 0.000158812344213
512 44 0.000158812344212922
512 269 0.000157330953114543
512 237 0.000157330953114501
512 486 0.000155862091619786
512 296 0.000155862091619774
512 492 0.000154405691119353
512 198 0.000154405691119255
512 136 0.000152961682924557
512 40 0.000152961682924455
512 196 0.000151529998274724
512 267 0.000151529998274665
512 489 0.000150110568343272
512 214 0.000150110568343242
512 223 0.00014870332424477
512 316 0.000148703324244678
512 381 0.000147308197040896
512 233 0.000147308197040811
512 35 0.000145925117747272
512 348 0.000145925117747248
512 247 0.000144554017340148
512 124 0.000144554017340077
512 28 0.000143194826761839
512 345 0.000143194826761731
512 143 0.000141847476927606
512 156 0.000141847476927581
512 472 0.000140511898732321
512 506 0.000140511898732185
512 374 0.000139188023055042
512 264 0.000139188023055015
512 375 0.000137875780767294
512 43 0.000137875780767177
512 100 0.00013657510273668
512 508 0.000136575102736595
512 181 0.000135285919834714
512 280 0.000135285919834693
512 147 0.000134008162942068
512 228 0.000134008162942047
512 142 0.000132741762953859
512 114 0.000132741762953779
512 502 0.000131486650786106
512 93 0.000131486650785967
512 176 0.000130242757380966
512 350 0.000130242757380938
512 170 0.000129010013713016
512 209 0.000129010013712971
