64 10 0.0841328119573128
64 21 0.0822825870398012
64 47 0.0822825870398008
64 6 0.0769724890867934
64 35 0.0769724890867924
64 56 0.0688728669589104
64 18 0.0688728669589092
64 44 0.0589448402378394
64 61 0.0589448402378379
64 3 0.0482534512017325
64 29 0.0482534512017312
64 58 0.0377829491998642
64 4 0.0377829491998629
64 1 0.0282975045220941
64 33 0.0282975045220932
64 28 0.0202714651491541
64 52 0.0202714651491531
64 60 0.0138901441001917
64 16 0.013890144100191
64 63 0.00910359344108991
64 24 0.00910359344108934
64 0 0.00570694009802897
64 53 0.00570694009802868
64 37 0.00342198406653338
64 19 0.00342198406653306
64 15 0.00196262216834053
64 25 0.00196262216834035
64 45 0.0010766617650364
64 40 0.00107666176503638
64 11 0.000564944215999619
64 13 0.000564944215999528
64 59 0.000283540648156739
64 62 0.000283540648156722
64 46 0.000136115743704881
64 43 0.000136115743704868
64 12 6.25006362093838e-05
64 22 6.25006362093158e-05
64 32 2.74500615392581e-05
64 39 2.7450061539249e-05
64 54 1.15314723567754e-05
64 49 1.15314723567739e-05
64 38 4.63349282364689e-06
64 30 4.63349282364147e-06
64 48 1.78079630198233e-06
64 9 1.78079630197558e-06
64 50 6.54638777630723e-07
64 55 6.54638777619044e-07
64 41 2.30181620652914e-07
64 7 2.3018162063721e-07
64 57 7.74142098293777e-08
64 36 7.74142098203257e-08
64 2 2.49029922438085e-08
64 31 2.49029922239075e-08
64 42 7.66236540883369e-09
64 20 7.66236538419703e-09
64 27 2.25504035612813e-09
64 51 2.25504026563073e-09
64 14 6.34783448028031e-10
64 23 6.34783406137765e-10
64 34 1.70913505570525e-10
64 8 1.70913449242184e-10
64 5 4.40155334689095e-11
64 26 4.40154579450791e-11
64 17 1.08421242580467e-11
64 17 1.08421049915819e-11
64 5 2.55451215736002e-12
64 26 2.55447162641516e-12
64 34 5.75659509263067e-13
64 8 5.75650638268144e-13
64 23 1.24122934153093e-13
64 14 1.24081711910157e-13
64 51 2.55815557282357e-14
64 27 2.55351295663786e-14
64 20 5.10702591327572e-15
64 42 5.04455418415044e-15
64 31 9.5146949091425e-16
64 2 8.88178419700125e-16
64 57 2.22044604925031e-16
64 36 1.71649580701245e-16
64 41 2.96186998599854e-17
64 50 4.88837093189217e-18
64 9 7.71679176620649e-19
64 38 1.16515423447629e-19
64 49 1.68268800886653e-20
64 32 2.32432503068035e-21
64 12 3.07087912919194e-22
64 43 3.88061638903435e-23
64 62 4.69040506099916e-24
64 11 5.42239494133063e-25
64 45 5.99573754930289e-26
64 15 6.34109502630499e-27
64 37 6.41439341194152e-28
64 0 6.20606200898164e-29
64 63 5.74308593171891e-30
64 60 5.08326443129178e-31
64 28 4.30336090094307e-32
64 1 3.48449632586136e-33
64 58 2.6986025048041e-34
64 3 1.99895947325657e-35
64 44 1.4162331621765e-36
64 56 9.59690995508085e-38
64 6 6.22020021400421e-39
64 21 3.85771822440644e-40
64 7 0
64 55 0
64 48 0
64 30 0
64 54 0
64 39 0
64 22 0
64 46 0
64 59 0
64 13 0
64 40 0
64 25 0
64 19 0
64 53 0
64 24 0
64 16 0
64 52 0
64 33 0
64 4 0
64 29 0
64 61 0
64 18 0
64 35 0
64 47 0
