64 14 0.0421250750519812
64 49 0.0418908885669742
64 27 0.0418908885669741
64 7 0.0411961116945729
64 36 0.0411961116945728
64 12 0.0400636627179008
64 35 0.0400636627179007
64 26 0.0385303402828074
64 30 0.0385303402828071
64 17 0.0366448380970181
64 31 0.0366448380970181
64 37 0.0344651790430393
64 42 0.034465179043039
64 21 0.0320557571532061
64 13 0.0320557571532057
64 51 0.0294841972519657
64 32 0.0294841972519655
64 55 0.0268182444188354
64 60 0.026818244418835
64 24 0.0241228795625805
64 47 0.0241228795625802
64 62 0.0214578260052637
64 28 0.0214578260052635
64 20 0.0188755691889466
64 10 0.0188755691889464
64 16 0.0164199624400315
64 8 0.0164199624400311
64 34 0.0141254413773858
64 63 0.0141254413773857
64 61 0.0120168228528419
64 39 0.0120168228528417
64 43 0.0101096251836403
64 6 0.01010962518364
64 3 0.00841081754858897
64 23 0.00841081754858888
64 41 0.00691988905501029
64 2 0.00691988905500999
64 52 0.00563012207574524
64 50 0.0056301220757452
64 1 0.00452995879031437
64 40 0.0045299587903143
64 57 0.00360436238931794
64 44 0.00360436238931786
64 19 0.00283609258702
64 48 0.00283609258701996
64 54 0.0022068362861859
64 0 0.00220683628618585
64 22 0.001698155995423
64 29 0.00169815599542297
64 9 0.00129223887743683
64 5 0.00129223887743679
64 56 0.000972446628731552
64 59 0.000972446628731527
64 58 0.000723679879534034
64 25 0.000723679879534029
64 4 0.000532580143669636
64 18 0.000532580143669604
64 15 0.00038759769943902
64 11 0.000387597699438968
64 45 0.0002789556467662
64 33 0.000278955646766166
64 38 0.000198539474494883
64 46 0.000198539474494774
64 53 0.000139738578778588
64 53 0.000139738578778581
64 46 9.72620719466428e-05
64 38 9.72620719466022e-05
64 33 6.69465885866508e-05
64 45 6.6946588586636e-05
64 11 4.55691705423194e-05
64 15 4.55691705422145e-05
64 18 3.06740789772775e-05
64 4 3.06740789772331e-05
64 58 2.04187745160565e-05
64 25 2.04187745159734e-05
64 59 1.34414322463773e-05
64 56 1.34414322463527e-05
64 5 8.75022361489684e-06
64 9 8.75022361479516e-06
64 29 5.63313922463671e-06
64 22 5.63313922462381e-06
64 54 3.58624161795229e-06
64 0 3.58624161789223e-06
64 19 2.257804500877e-06
64 48 2.25780450080482e-06
64 57 1.40569419193759e-06
64 44 1.40569419193604e-06
64 1 8.65472148434986e-07
64 40 8.65472148392499e-07
64 50 5.26954452698187e-07
64 52 5.26954452628736e-07
64 41 3.17285926227905e-07
64 2 3.17285926199062e-07
64 3 1.8892364212053e-07
64 23 1.88923642063799e-07
64 43 1.11244775361759e-07
64 6 1.11244775280461e-07
64 39 6.47784912377602e-08
64 61 6.47784912339385e-08
64 34 3.7302682910638e-08
64 63 3.73026828315304e-08
64 16 2.12425969238462e-08
64 8 2.12425969037255e-08
64 20 1.19628302702812e-08
64 10 1.19628301709085e-08
64 28 6.66223565204405e-09
64 62 6.66223563498669e-09
64 24 3.66916716286941e-09
64 47 3.66916708127718e-09
64 55 1.99838793941653e-09
64 60 1.99838789960438e-09
64 51 1.07637429675617e-09
64 32 1.07637421198348e-09
64 21 5.7336418808155e-10
64 13 5.73364133948928e-10
64 37 3.02068990873464e-10
64 42 3.020689254285e-10
64 17 1.57412416434966e-10
64 31 1.57412404949772e-10
64 26 8.11572027465102e-11
64 30 8.11571920777965e-11
64 12 4.14160803899928e-11
64 35 4.14159817552218e-11
64 36 2.09396532282149e-11
64 7 2.09395834005477e-11
64 27 1.05089270618919e-11
64 49 1.05089051438556e-11
