64 16 0.021076152202116
64 9 0.0210467869724331
64 50 0.021046786972433
64 3 0.0209589366143459
64 25 0.0209589366143459
64 6 0.0208133337078943
64 28 0.0208133337078943
64 57 0.0206111879100626
64 49 0.0206111879100626
64 59 0.0203541692209181
64 61 0.020354169220918
64 31 0.0200443850118014
64 1 0.0200443850118013
64 55 0.0196843512575247
64 63 0.0196843512575245
64 43 0.0192769585217935
64 39 0.0192769585217935
64 58 0.0188254333388456
64 17 0.0188254333388455
64 12 0.018333295712492
64 19 0.018333295712492
64 38 0.0178043135146282
64 23 0.017804313514628
64 4 0.0172424546077197
64 47 0.0172424546077197
64 5 0.0166518375390908
64 35 0.0166518375390907
64 20 0.0160366816589685
64 21 0.0160366816589685
64 44 0.015401257499573
64 26 0.015401257499573
64 40 0.0147498382200333
64 10 0.0147498382200332
64 32 0.0140866528729207
64 30 0.0140866528729207
64 27 0.0134158421845414
64 41 0.0134158421845413
64 15 0.0127414174648925
64 56 0.0127414174648925
64 0 0.0120672231768071
64 42 0.0120672231768069
64 34 0.0113969035997635
64 14 0.0113969035997634
64 29 0.0107338739248659
64 37 0.0107338739248657
64 60 0.0100812960161456
64 51 0.0100812960161455
64 2 0.009442058972321
64 8 0.00944205897232098
64 52 0.00881876452476726
64 62 0.00881876452476724
64 24 0.00821371721408082
64 48 0.00821371721408068
64 11 0.00762891920110886
64 53 0.00762891920110867
64 54 0.00706606949041752
64 46 0.00706606949041733
64 22 0.00652656727616141
64 36 0.00652656727616138
64 13 0.00601151906320929
64 45 0.00601151906320905
64 7 0.00552174917074009
64 33 0.00552174917073989
64 18 0.00505781319170595
64 18 0.00505781319170571
64 33 0.00462001395936795
64 7 0.00462001395936773
64 45 0.00420841956130713
64 13 0.00420841956130699
64 22 0.00382288294115175
64 36 0.00382288294115174
64 54 0.00346306263789131
64 46 0.0034630626378912
64 11 0.00312844423104722
64 53 0.00312844423104719
64 24 0.0028183620858388
64 48 0.00281836208583874
64 62 0.00253202102463967
64 52 0.00253202102463955
64 8 0.00226851758801529
64 2 0.00226851758801516
64 51 0.00202686058919599
64 60 0.00202686058919593
64 29 0.00180599070861888
64 37 0.00180599070861875
64 34 0.00160479891894993
64 14 0.00160479891894983
64 0 0.00142214357462448
64 42 0.00142214357462445
64 15 0.00125686604240842
64 56 0.00125686604240838
64 27 0.00110780478990384
64 41 0.0011078047899038
64 32 0.000973807886579858
64 30 0.000973807886579791
64 40 0.000853743906214021
64 10 0.000853743906213955
64 26 0.00074651125017744
64 44 0.000746511250177428
64 20 0.000651045937495921
64 21 0.000651045937495875
64 5 0.000566327929952148
64 35 0.000566327929952094
64 47 0.000491386078629438
64 4 0.000491386078629419
64 38 0.000425301792354582
64 23 0.00042530179235456
64 19 0.000367211538650768
64 12 0.000367211538650714
64 58 0.000316308294347453
64 17 0.000316308294347367
64 39 0.000271842066224703
64 43 0.000271842066224659
64 55 0.000233119602375265
64 63 0.000233119602375221
64 31 0.000199503412737581
64 1 0.000199503412737556
64 61 0.000170410212894924
64 59 0.000170410212894878
64 49 0.0001453088991495
64 57 0.000145308899149432
64 28 0.00012371815546279
64 6 0.000123718155462749
64 3 0.000105203784462771
64 25 0.000105203784462713
64 50 8.9375845700274e-05
64 9 8.93758457002347e-05
