128 10000
50 95
89 95
89 95
5 50
89 5
89 95
50 17
95 89
89 5
50 5
5 89
95 89
5 95
95 89
95 50
5 95
89 95
50 89
50 17
89 95
89 95
15 34
95 5
89 50
50 5
89 5
99 105
89 5
42 51
50 95
89 95
5 127
5 95
50 94
5 89
95 50
95 89
50 28
89 95
95 89
89 95
89 95
95 89
89 47
89 95
95 89
95 89
5 50
50 89
50 95
50 95
89 95
89 95
83 95
50 8
89 5
50 89
5 47
89 107
89 95
50 89
95 50
89 106
50 5
95 20
95 50
50 119
14 81
95 89
50 104
5 95
95 89
50 95
50 14
50 95
95 89
70 42
89 95
5 95
89 50
89 95
89 95
89 95
50 95
89 95
5 125
89 95
95 89
17 65
89 63
50 38
89 95
89 95
5 89
89 5
50 89
5 95
89 95
95 50
95 23
89 50
89 107
95 89
5 95
5 95
89 95
95 89
50 5
111 70
50 5
89 5
89 95
5 95
5 95
5 89
5 50
5 95
89 95
89 95
5 95
89 50
95 89
95 5
89 95
5 95
50 39
59 63
95 5
95 89
95 117
50 89
50 89
95 23
95 14
50 95
50 5
50 95
89 5
89 95
89 95
89 95
89 95
5 95
95 89
50 95
89 6
95 5
89 50
5 89
64 42
113 95
50 5
5 95
95 5
89 95
89 5
95 89
96 43
50 38
95 89
50 95
95 50
5 73
50 5
89 50
89 83
95 50
5 50
95 89
89 74
89 95
50 95
89 95
95 89
113 74
95 89
125 70
95 89
89 50
89 5
89 95
5 89
89 71
89 50
89 50
89 95
95 23
95 89
89 95
50 10
51 44
95 50
95 50
89 5
5 50
5 89
95 89
111 70
50 95
50 95
5 95
89 95
95 5
5 89
95 89
89 95
95 14
50 5
89 50
89 50
5 95
95 47
106 83
68 15
50 5
50 95
50 5
95 89
54 5
89 95
89 95
5 95
89 50
50 107
89 5
95 14
95 89
95 50
95 89
50 89
50 95
89 95
5 50
50 58
95 89
89 95
50 5
95 50
89 95
5 50
95 89
50 95
50 60
95 5
5 89
95 50
50 71
89 95
50 95
5 95
89 95
95 5
50 95
50 95
89 95
50 95
5 60
95 50
95 50
89 95
95 50
50 95
95 89
89 95
95 5
89 95
50 5
95 99
89 5
50 115
89 50
89 95
5 95
50 95
5 95
5 95
5 48
89 50
5 41
89 95
5 95
89 95
95 89
50 14
89 95
95 89
5 95
95 89
123 125
5 95
89 5
50 112
89 95
50 5
95 89
95 89
5 95
94 79
89 5
50 95
95 97
50 95
95 50
15 41
5 95
89 119
50 89
89 95
95 5
89 95
95 23
5 50
89 50
50 95
50 95
89 95
89 20
95 89
89 95
50 89
50 101
50 89
50 92
95 14
50 5
5 89
95 50
5 50
95 5
50 95
95 89
89 5
89 5
95 89
95 14
121 100
89 95
50 97
95 5
111 14
50 89
5 14
50 15
5 95
5 95
50 89
5 95
89 95
89 95
95 89
50 89
89 50
50 95
5 50
95 71
65 118
5 95
89 50
89 95
5 73
95 30
5 50
95 5
89 50
50 89
89 95
5 89
89 50
95 89
81 42
5 50
89 95
5 95
5 95
14 81
50 60
89 95
5 73
95 5
95 5
50 95
50 95
89 84
5 95
50 5
50 95
54 58
50 95
89 95
89 95
50 48
89 95
50 95
5 95
5 95
50 49
68 15
50 89
5 3
89 5
95 89
5 89
89 50
89 95
95 89
89 95
95 89
5 73
89 95
50 63
17 125
5 50
5 95
50 89
89 95
5 95
89 5
95 94
89 95
81 5
5 89
89 95
95 89
5 107
95 89
95 5
95 109
72 121
89 50
89 95
89 95
89 95
58 113
5 125
50 95
47 124
95 50
5 89
89 95
5 73
95 50
95 89
89 95
89 5
89 95
50 95
5 95
89 5
95 89
89 95
5 107
89 80
50 41
5 43
95 5
95 89
50 95
95 23
50 113
89 83
50 89
50 89
89 95
95 23
95 89
50 89
89 95
50 95
95 89
89 95
89 95
47 107
5 95
95 50
50 95
89 5
89 50
89 57
89 95
5 95
50 5
95 5
5 89
50 95
89 50
50 95
89 95
95 89
89 50
89 50
95 14
95 89
50 84
50 2
89 95
95 41
89 5
50 89
5 73
5 85
89 50
95 5
95 5
89 95
95 50
89 95
95 89
95 5
95 57
95 5
50 89
5 50
50 89
89 50
89 50
50 78
95 89
5 95
5 23
5 50
95 89
95 89
5 89
5 95
95 89
50 93
95 5
5 47
5 50
89 95
89 95
89 95
50 95
96 24
95 127
89 95
50 89
89 79
95 89
89 50
58 114
89 50
89 50
50 95
95 5
95 23
89 50
89 95
5 50
89 5
89 95
5 95
54 91
89 95
95 50
50 95
89 95
50 95
5 89
50 95
5 95
5 73
64 120
89 50
89 95
89 95
95 5
5 95
50 95
95 89
50 116
5 50
95 89
50 18
89 122
95 50
5 89
89 95
5 95
5 50
50 95
5 95
95 50
95 50
42 51
95 89
95 5
89 95
50 5
5 78
89 95
89 95
5 50
20 64
95 89
5 50
5 95
63 120
5 95
50 89
95 5
42 98
50 95
5 95
89 95
89 50
89 95
89 95
125 81
50 95
95 50
89 95
89 95
95 89
50 95
41 33
5 95
5 73
54 5
89 95
5 95
89 95
89 50
95 5
5 89
89 95
50 5
51 41
89 95
5 95
89 95
17 104
95 5
95 89
95 50
89 95
89 95
95 89
50 95
50 95
89 95
95 89
95 76
89 95
89 95
5 50
89 5
89 95
42 50
89 95
95 50
95 50
95 89
89 50
100 119
89 95
121 35
73 5
89 50
76 95
89 50
5 50
50 95
50 95
95 89
23 95
50 5
5 95
95 23
95 89
89 50
50 95
89 95
50 89
95 89
89 95
5 95
89 95
89 95
95 89
95 89
50 95
95 89
95 89
95 89
89 5
89 95
5 95
95 89
5 95
89 5
95 89
89 84
89 50
89 5
95 89
89 95
95 14
95 89
83 15
50 5
5 95
89 51
95 5
89 95
5 50
5 73
50 5
50 5
50 95
50 95
89 50
50 5
89 95
5 89
89 95
5 89
5 89
50 70
95 23
50 5
95 50
95 5
89 95
89 95
121 5
95 50
5 50
95 89
50 95
50 95
50 95
89 95
5 95
89 50
89 50
50 89
5 95
50 95
32 74
95 23
5 47
5 89
89 50
89 50
89 66
89 5
95 50
89 80
123 119
5 89
89 95
5 50
95 23
5 89
50 89
89 50
5 95
95 89
79 95
95 5
89 95
89 95
5 89
89 95
20 64
89 95
89 95
89 50
95 5
89 95
50 95
95 50
95 50
89 5
70 42
50 127
89 50
50 77
95 14
95 123
50 95
50 89
89 95
50 5
89 50
89 20
95 5
89 95
5 77
95 89
95 5
50 5
89 95
50 95
50 95
95 89
89 107
95 23
89 95
95 50
5 95
95 89
89 95
5 73
95 50
95 5
95 89
5 73
95 5
5 95
95 89
89 95
89 50
51 126
95 50
50 95
89 95
89 42
95 5
5 89
89 50
89 50
95 89
50 95
89 5
89 95
95 23
50 89
63 107
50 5
121 11
50 95
95 89
50 95
5 95
95 23
89 95
50 95
95 5
95 5
5 50
95 38
95 50
5 89
89 95
89 95
50 89
95 89
50 95
89 95
89 50
95 89
89 95
89 50
95 50
5 89
5 95
89 95
41 70
89 50
89 95
95 50
5 95
74 100
95 89
95 89
121 99
5 95
95 89
50 20
95 89
89 95
5 73
95 89
89 95
5 50
89 95
95 5
89 95
89 95
5 95
5 50
89 95
5 121
89 57
100 119
89 50
63 120
64 22
95 5
89 95
5 89
89 5
89 95
89 5
50 95
5 71
50 89
118 50
50 101
50 95
89 95
89 95
89 50
5 51
5 89
5 42
99 43
89 5
95 89
50 94
5 50
95 89
89 95
5 95
5 95
89 50
51 5
95 89
89 95
113 58
125 40
89 5
89 95
5 50
5 95
50 44
107 83
89 5
89 50
5 93
5 50
5 95
95 89
89 95
5 95
95 89
34 111
5 50
89 5
95 14
95 5
121 114
95 50
95 5
50 95
5 89
99 28
95 5
5 89
5 95
64 8
50 89
64 83
5 89
5 95
89 50
95 89
89 5
95 89
95 89
50 89
5 47
50 5
95 89
89 95
50 95
95 33
95 50
50 95
89 95
95 89
50 95
41 99
95 50
89 48
89 50
50 89
89 50
50 14
5 89
5 95
50 13
5 95
95 50
95 89
5 95
5 95
89 95
56 5
50 95
5 95
42 51
89 2
89 95
5 56
50 107
5 73
95 89
5 95
89 5
89 95
50 2
50 5
5 50
95 50
95 50
95 50
89 5
5 89
5 50
89 95
50 89
50 95
89 95
89 95
5 95
5 0
95 89
89 124
89 116
89 95
89 95
89 11
50 114
95 50
50 5
89 5
125 92
5 73
5 50
89 95
89 95
95 89
50 5
89 95
50 95
50 53
5 118
89 100
14 81
50 95
83 106
89 5
95 5
89 95
95 89
89 95
95 89
89 95
89 50
89 79
5 89
50 95
5 95
89 17
89 95
95 5
95 89
5 50
95 89
89 111
95 50
5 50
95 89
95 89
89 5
89 50
5 118
50 95
89 95
5 41
89 95
50 5
50 95
5 50
95 5
50 5
89 95
50 30
95 50
89 95
95 50
95 5
89 5
50 95
50 95
89 95
95 89
50 89
5 81
5 50
89 95
50 70
50 95
89 95
5 92
50 95
89 5
50 95
89 5
50 5
95 89
95 50
51 46
89 95
63 79
89 50
89 5
95 89
50 95
95 50
89 95
89 50
89 5
95 89
89 95
50 89
5 73
95 89
95 89
95 5
95 89
50 95
5 89
89 95
64 41
89 65
89 95
95 48
95 89
50 95
89 95
95 50
89 5
5 95
89 5
5 89
5 95
89 5
95 89
5 58
5 73
17 125
89 95
5 95
5 89
89 50
89 50
95 50
5 95
5 89
5 95
95 5
89 95
95 89
89 5
89 95
89 5
5 95
5 95
75 113
95 89
5 50
89 95
51 100
89 50
41 25
5 95
50 5
95 5
5 95
95 3
50 95
5 89
5 95
95 89
50 2
50 89
95 5
89 5
89 95
89 50
50 83
89 95
5 95
50 5
95 5
95 89
5 89
50 95
50 95
89 95
95 50
89 95
95 5
5 89
95 89
95 89
5 50
95 5
42 51
89 95
95 5
20 8
5 50
5 95
50 120
95 5
50 95
89 95
95 23
5 73
89 95
50 5
50 89
95 5
89 50
95 5
89 5
50 95
5 50
89 95
5 50
95 5
89 18
95 89
50 95
5 73
95 89
95 50
89 95
50 95
5 89
95 23
50 95
5 95
50 95
89 5
89 5
89 95
95 89
95 14
95 14
95 89
89 95
95 5
95 83
89 95
89 95
50 95
83 89
50 95
50 95
20 121
89 95
89 95
50 5
89 50
99 82
89 5
89 95
89 5
95 5
5 47
100 14
95 89
95 115
89 95
89 95
89 50
5 95
5 73
5 0
89 5
95 50
5 71
5 73
5 95
89 5
5 95
5 47
83 79
89 95
89 78
89 95
5 95
64 34
89 50
89 95
50 5
5 95
50 95
95 89
50 80
89 50
50 89
54 112
95 89
89 95
5 95
5 95
89 95
5 95
5 50
64 113
95 5
50 95
95 89
50 89
95 89
95 89
125 38
50 5
50 95
5 50
5 47
89 50
5 34
64 104
95 89
5 50
95 89
5 95
50 5
5 50
95 89
89 50
95 83
5 118
89 95
50 82
89 95
89 95
5 95
89 2
89 95
5 95
50 95
5 95
89 95
5 95
5 95
5 50
50 86
50 95
5 105
5 47
89 63
5 89
5 50
89 50
5 95
50 5
89 95
89 95
89 95
50 89
95 17
95 57
89 50
50 95
50 95
89 5
89 95
89 50
5 95
41 66
50 89
89 95
95 89
5 95
95 89
50 95
95 89
5 123
89 95
89 50
50 95
95 50
89 95
50 17
89 50
5 95
89 50
89 50
89 76
95 50
5 73
50 5
95 89
50 89
5 50
89 95
95 43
5 95
50 71
50 95
95 89
89 95
89 50
95 89
95 5
89 80
89 53
89 83
5 95
5 74
89 95
89 95
5 50
50 89
50 5
5 95
50 95
89 95
89 50
50 5
95 5
50 95
50 95
5 50
95 5
5 95
113 58
89 95
5 95
89 105
50 95
95 84
89 95
5 50
89 95
89 95
113 58
95 93
95 89
95 50
89 95
89 95
50 89
95 50
95 0
119 123
95 50
50 95
15 83
89 95
89 95
89 95
89 5
54 56
100 119
89 95
5 89
50 95
5 50
5 47
89 95
5 89
89 50
95 50
15 79
89 95
89 50
89 95
5 89
89 26
5 95
89 95
50 95
5 125
5 50
5 89
89 95
95 59
5 73
89 95
89 5
95 89
113 58
50 89
89 5
125 116
50 89
95 89
5 95
95 89
89 95
50 95
95 68
89 95
89 50
89 95
5 95
89 95
95 11
89 50
50 95
95 50
5 89
89 95
89 95
5 20
5 89
89 95
95 50
95 89
5 89
50 95
50 59
50 89
89 95
5 73
5 50
68 15
50 88
50 95
89 95
50 3
95 89
95 89
5 84
50 95
89 50
89 5
95 8
89 50
5 95
5 50
50 89
89 95
89 95
95 89
50 95
89 50
50 95
95 50
89 95
50 5
123 119
89 95
95 50
95 5
50 18
89 95
95 89
5 50
89 50
95 48
95 89
50 95
95 89
5 51
89 5
89 95
5 50
121 76
95 110
95 89
50 5
95 39
50 89
50 78
95 123
89 5
89 42
5 95
89 50
5 14
50 89
5 89
50 121
89 95
89 95
89 97
5 95
89 5
5 122
50 95
50 89
5 95
89 95
89 3
89 95
95 14
113 58
89 5
89 95
63 96
89 95
5 47
95 50
96 73
89 95
51 122
89 5
95 89
95 89
89 95
5 50
89 50
110 94
51 93
95 5
89 95
50 109
50 5
50 95
89 5
89 95
89 50
95 50
89 95
95 26
50 95
89 5
89 50
95 89
95 89
95 50
95 50
50 89
89 50
5 95
95 89
89 95
89 95
5 95
95 50
89 5
5 95
50 95
5 47
17 67
5 77
95 14
95 50
5 89
95 50
95 50
89 50
89 95
95 14
5 50
5 50
89 95
5 95
95 89
89 95
89 50
5 73
5 77
89 50
95 89
95 5
95 89
5 95
50 89
5 95
95 50
89 95
89 5
5 50
125 107
95 50
89 95
50 5
89 50
95 89
89 50
89 5
5 95
54 76
89 95
89 50
5 95
89 95
95 50
95 5
50 89
41 68
5 95
95 89
89 5
89 95
50 17
95 50
89 95
89 95
50 95
50 95
89 5
89 50
89 5
89 95
50 89
89 95
5 125
89 5
89 5
95 89
89 50
95 89
50 95
50 95
89 95
50 95
95 50
89 95
89 5
50 95
5 83
5 95
95 89
95 89
89 95
89 95
89 50
95 1
89 5
95 5
89 5
5 95
95 89
95 5
5 73
89 53
5 50
5 89
15 34
95 50
89 57
89 95
95 23
5 95
68 15
34 79
95 89
89 95
5 95
89 95
89 95
89 50
95 89
50 89
89 50
95 89
14 81
5 95
95 89
5 89
5 89
89 50
89 95
95 89
5 70
64 45
50 5
5 95
50 89
89 5
50 5
50 36
89 95
89 95
50 95
5 50
50 5
95 89
89 5
89 95
50 95
95 89
95 89
89 95
89 50
116 95
89 95
95 5
89 95
89 95
5 95
125 13
5 116
50 8
5 95
89 95
50 17
5 50
95 50
5 50
50 95
89 5
50 105
89 95
50 95
42 63
89 50
95 5
89 14
50 89
89 95
95 50
95 89
50 89
89 50
50 5
5 95
20 64
41 68
5 95
89 5
95 50
5 89
5 50
50 95
89 95
89 5
5 117
8 20
41 68
89 95
95 5
89 50
95 23
5 47
95 5
50 95
50 59
95 23
50 89
50 95
95 50
95 89
89 95
95 89
5 95
95 50
95 89
95 5
5 95
125 17
54 2
89 95
5 89
95 5
95 89
89 95
95 89
95 23
5 89
5 95
95 89
89 50
89 95
89 95
50 95
50 92
95 89
89 95
50 60
95 22
107 13
95 14
5 95
5 95
50 89
89 50
80 50
5 47
89 95
89 50
50 95
89 95
50 95
89 95
95 5
89 50
95 89
95 17
89 95
95 50
50 78
89 50
125 26
95 75
5 77
95 50
50 95
89 95
50 95
50 77
50 95
89 50
95 23
50 95
95 89
95 5
89 95
5 89
95 50
50 95
89 95
50 5
89 95
89 95
5 95
89 5
50 95
5 89
50 95
89 110
5 95
89 95
5 95
5 50
50 46
89 50
50 95
5 50
5 95
89 50
89 53
50 95
95 83
89 95
95 14
89 109
89 50
89 50
50 95
89 95
5 47
5 50
95 50
5 95
95 23
5 95
17 80
5 89
89 5
5 95
89 95
95 5
89 120
95 89
50 95
50 95
89 95
89 95
89 5
5 71
89 50
89 50
89 95
95 89
5 95
5 95
89 50
89 5
89 95
89 95
89 5
89 95
89 95
89 95
95 89
5 89
89 50
89 95
95 89
95 50
95 89
5 89
50 95
5 89
95 5
50 95
50 95
89 95
5 95
5 95
95 89
89 5
89 95
50 89
95 5
5 89
89 95
89 95
50 5
50 95
50 95
5 89
50 95
95 50
95 5
95 89
5 95
50 95
89 95
20 121
50 89
89 50
89 95
5 65
89 95
5 73
50 63
50 95
89 95
5 89
89 95
95 50
50 95
5 95
50 95
89 5
89 95
17 25
14 81
55 121
95 89
95 89
89 5
95 82
5 50
89 5
89 50
50 89
89 50
95 5
89 5
5 95
5 47
95 50
89 95
89 50
89 95
95 50
95 89
50 89
50 95
89 47
95 89
95 23
5 95
89 39
5 89
89 95
50 89
89 5
89 95
89 115
95 5
50 95
89 95
89 50
95 50
95 89
95 14
50 89
94 70
89 5
89 95
5 95
89 99
5 95
5 47
95 50
123 119
89 95
5 95
5 89
89 95
89 50
99 112
5 95
50 83
95 89
50 95
5 95
50 95
95 89
89 95
89 95
89 95
119 20
89 50
89 95
95 50
95 5
5 95
89 95
89 95
89 95
123 125
89 95
5 50
89 95
95 5
95 50
95 89
89 95
5 42
89 95
89 95
5 47
47 5
123 125
89 66
89 95
5 106
89 95
89 95
95 50
50 89
50 95
50 95
95 5
95 97
63 120
89 95
95 89
89 14
95 89
95 5
89 95
50 5
95 14
94 101
89 95
50 95
5 95
89 95
89 95
89 95
95 89
95 89
5 95
5 89
89 5
89 95
89 109
89 95
95 5
50 5
5 95
5 95
5 95
89 50
15 34
95 89
89 95
5 86
54 83
89 95
95 50
89 95
50 95
89 95
119 8
95 48
89 50
95 89
89 95
5 95
89 95
5 47
5 92
50 5
95 89
50 58
89 95
89 17
89 95
50 95
89 5
89 5
89 50
50 26
89 5
95 50
89 95
50 95
5 50
95 50
50 95
41 68
50 5
50 95
50 95
95 50
125 94
95 116
89 95
5 20
50 95
89 95
89 5
5 50
5 95
95 89
5 50
89 95
50 95
89 95
89 50
89 95
89 95
81 64
5 95
5 95
95 89
5 14
95 5
5 89
95 89
89 95
5 89
89 50
89 95
121 65
50 54
89 95
95 89
95 89
50 95
95 5
59 78
95 89
95 5
89 95
89 95
83 95
96 49
89 95
5 51
50 5
95 5
95 89
89 95
123 119
65 49
89 5
5 95
50 89
89 95
89 95
89 95
5 95
94 80
89 95
95 89
89 5
89 50
89 95
95 89
125 5
95 50
89 95
95 89
95 89
5 95
50 89
89 95
95 89
89 50
95 89
95 5
95 89
89 50
95 5
95 5
113 58
50 98
89 5
89 95
95 89
65 72
95 14
95 50
50 95
95 89
89 95
50 85
95 123
89 95
50 89
95 89
5 89
95 57
89 95
89 95
89 95
89 95
5 50
89 95
89 78
89 50
5 89
5 50
95 89
95 89
50 63
89 5
89 95
50 89
5 89
95 79
5 89
95 89
50 95
95 5
95 89
89 95
89 95
51 30
89 95
95 123
89 95
5 17
89 95
89 50
125 15
89 5
50 95
5 50
5 95
89 5
17 23
89 95
5 89
50 95
20 8
89 95
50 89
5 50
95 5
95 89
95 50
89 95
50 114
89 50
95 14
95 89
5 95
50 95
41 68
95 50
95 5
50 95
89 95
89 95
95 89
50 89
17 50
51 99
89 5
89 95
89 50
23 95
89 95
89 50
95 5
50 95
95 89
95 89
89 95
89 95
95 82
5 95
89 95
95 5
5 89
50 95
95 50
95 50
5 73
89 78
50 95
95 89
5 57
89 95
5 95
89 5
50 95
89 95
89 5
95 89
89 95
95 14
89 50
89 95
50 95
95 89
5 50
50 95
95 89
50 95
89 50
51 63
89 95
95 5
50 5
95 89
89 5
89 79
5 89
5 95
5 50
5 50
95 14
95 50
50 95
50 95
89 5
89 95
89 50
95 50
89 50
5 50
89 95
95 89
89 95
5 95
89 50
89 95
95 123
95 5
89 95
95 50
95 89
89 50
89 95
5 112
5 89
89 95
95 89
95 109
89 5
95 23
50 95
20 121
50 76
95 50
95 89
89 95
50 89
95 89
5 95
95 89
50 95
5 50
89 95
89 31
50 95
95 50
89 50
95 14
50 127
95 89
50 95
50 95
50 95
95 112
5 47
64 83
50 95
5 95
8 64
89 50
50 95
95 50
95 89
89 95
95 83
95 5
95 89
89 95
5 89
5 89
95 50
5 50
89 95
50 123
95 50
5 89
50 95
5 95
89 95
89 95
89 95
95 89
50 116
5 95
5 95
89 95
5 50
95 89
89 50
95 5
5 10
89 5
95 89
5 95
5 50
89 95
50 98
5 47
95 47
95 23
50 76
95 5
50 95
5 89
111 70
50 95
95 89
95 89
89 95
5 50
89 95
50 95
95 50
5 95
50 95
5 60
5 94
63 120
5 95
95 89
5 95
89 95
79 99
89 5
89 95
5 89
50 52
50 89
95 5
14 81
95 89
95 89
89 95
50 5
95 50
5 50
89 95
89 5
50 95
89 95
89 50
5 95
95 50
89 50
95 50
50 89
107 13
5 89
89 95
5 95
50 95
5 73
95 50
5 29
17 73
50 95
14 81
95 50
5 95
89 95
89 95
5 50
50 89
5 95
89 102
89 95
5 50
50 95
89 95
89 50
95 89
95 5
95 50
89 95
89 95
50 95
89 5
5 89
89 5
95 50
5 89
95 71
50 5
95 89
95 50
120 42
5 95
50 95
89 5
50 95
89 95
5 50
50 95
89 95
50 5
89 95
95 89
89 95
50 17
42 51
81 42
95 89
89 95
89 50
50 48
89 47
50 78
95 5
89 95
5 95
89 95
50 89
5 95
89 95
89 5
89 5
89 95
95 50
89 95
95 50
5 47
50 95
5 89
95 89
118 65
5 89
95 5
89 95
89 95
63 81
89 95
5 89
89 95
50 95
5 20
89 107
95 50
95 89
15 79
89 95
95 5
89 95
125 58
89 50
89 95
95 5
89 95
50 5
5 50
50 95
89 95
5 95
5 50
89 5
5 70
50 95
95 50
50 95
95 83
5 95
5 47
5 95
50 83
50 95
50 89
5 95
5 30
5 50
89 95
5 95
64 83
95 66
50 5
95 89
50 95
95 50
95 89
89 95
15 83
119 123
50 95
89 5
5 95
5 115
89 83
50 95
89 95
95 89
50 95
5 50
95 89
89 95
89 95
5 117
68 15
95 89
5 95
95 89
89 95
95 5
50 95
5 89
50 95
5 89
5 95
5 89
95 50
89 95
89 95
89 50
95 89
89 95
95 50
89 95
89 95
95 50
89 50
89 95
95 5
5 95
95 89
95 89
5 89
89 34
50 118
5 95
89 95
89 95
5 95
95 89
95 50
95 50
5 89
50 95
50 95
5 95
89 95
89 95
50 89
50 95
89 95
98 121
121 99
89 95
50 5
50 5
50 95
89 50
95 89
89 95
89 95
95 5
50 89
95 5
50 65
89 95
89 50
50 5
89 95
95 5
50 28
5 50
50 93
5 60
50 125
5 64
50 95
5 95
18 50
95 89
5 89
5 73
5 50
50 89
95 14
89 95
89 95
89 77
95 89
89 50
95 89
89 95
89 5
95 5
5 89
95 89
89 50
95 89
89 95
89 95
89 95
5 106
20 121
50 5
89 52
89 95
50 95
89 95
95 89
50 5
89 95
95 23
50 95
89 95
89 0
5 50
89 50
95 71
89 5
89 5
50 89
89 5
95 89
79 54
95 5
5 89
5 95
50 95
89 95
95 50
89 0
50 89
5 95
95 5
95 89
89 50
89 95
89 5
15 79
95 89
95 89
50 95
95 50
89 2
89 95
89 95
121 102
81 42
89 95
89 50
89 95
95 14
14 95
5 120
89 50
89 95
89 95
95 5
50 89
95 5
5 64
89 5
95 89
50 5
50 95
50 5
95 5
50 5
5 50
50 89
95 89
5 89
89 95
41 104
5 95
50 5
89 20
95 89
14 81
89 95
5 95
5 50
89 0
5 95
50 95
89 95
5 50
89 95
95 89
5 95
95 5
89 50
50 95
125 95
50 122
15 79
89 95
89 95
50 116
125 40
50 95
5 73
113 83
5 89
89 50
89 5
89 57
95 96
65 79
95 89
5 95
89 95
89 38
89 50
89 95
50 31
89 47
95 89
95 5
5 73
50 95
95 89
50 112
89 95
89 95
89 5
89 50
89 5
5 48
98 16
89 5
95 89
15 34
89 50
89 52
50 95
5 95
95 89
50 17
5 89
23 95
95 89
95 89
89 5
50 95
89 95
95 89
5 89
5 95
89 95
50 95
95 78
5 44
50 5
95 89
83 79
50 95
5 95
50 5
95 23
95 50
89 95
89 95
95 89
95 14
50 95
113 58
50 89
89 95
89 59
5 89
95 5
95 5
89 95
50 95
89 95
89 95
89 95
95 89
89 95
95 89
5 95
5 50
95 74
5 89
89 95
89 95
5 95
95 63
89 92
5 95
25 106
50 14
89 95
95 89
95 5
95 5
50 40
5 89
89 50
89 95
5 89
5 47
5 50
95 5
50 95
95 89
89 50
89 95
5 89
95 50
89 95
50 29
5 95
89 5
89 95
89 95
15 34
89 50
95 5
5 95
5 95
42 51
41 68
89 95
95 89
89 48
99 26
95 50
58 75
5 50
89 95
89 73
89 5
89 5
89 52
5 95
50 95
95 89
17 97
89 95
89 50
5 89
58 79
5 95
95 89
89 95
89 95
95 50
50 95
5 50
89 14
42 111
89 5
5 95
89 95
113 58
89 50
95 89
50 5
5 50
50 95
89 50
89 95
50 5
89 95
50 95
89 50
50 5
50 5
63 96
89 95
95 5
50 86
64 83
89 5
89 50
50 95
89 95
89 95
50 95
89 8
5 118
81 64
5 95
5 95
14 95
95 5
14 81
96 39
95 89
50 3
5 95
50 95
5 89
89 95
89 95
5 89
95 14
81 42
5 95
89 50
5 95
95 89
89 5
95 50
95 89
95 89
89 5
89 95
89 5
89 95
81 42
50 95
95 23
95 89
5 75
89 42
89 95
5 95
89 95
89 95
95 89
50 94
89 5
89 95
5 95
95 68
100 14
5 95
50 95
89 50
95 89
89 95
100 14
89 95
89 95
95 5
95 89
50 89
89 95
50 13
95 5
89 95
89 50
89 95
5 50
89 95
95 89
89 95
95 50
50 95
113 58
89 95
5 123
15 34
5 50
89 95
50 95
95 26
89 50
95 89
5 50
89 95
95 89
14 81
89 50
5 89
50 95
89 26
50 95
95 50
5 89
89 95
5 47
5 89
65 31
89 95
81 64
111 70
89 95
63 89
89 95
89 95
89 95
95 50
50 95
89 95
50 95
89 95
89 50
95 5
50 42
89 50
50 95
89 95
5 47
89 95
50 56
89 35
89 84
95 50
50 95
95 5
5 95
95 89
95 63
5 89
89 64
95 5
50 95
5 89
89 95
95 23
5 95
95 59
89 5
95 5
95 50
50 5
5 95
5 17
50 95
50 89
95 89
95 5
89 95
95 50
95 50
50 95
50 95
5 1
89 5
95 94
89 50
89 5
5 89
5 73
119 123
50 95
89 95
89 9
89 5
50 95
89 95
95 50
95 17
50 95
113 58
5 47
42 94
89 95
95 89
5 113
89 95
89 95
50 95
5 94
89 95
95 5
50 95
13 107
5 95
95 89
89 50
50 95
5 50
95 89
50 95
89 95
95 89
20 64
89 50
95 26
89 95
5 95
95 73
113 58
89 95
95 5
89 95
89 95
95 50
125 95
95 50
95 89
50 126
5 50
5 95
5 73
89 95
89 5
5 95
5 20
95 89
89 28
95 5
95 14
50 107
81 42
50 5
95 89
5 89
95 50
89 95
50 95
95 20
5 95
89 95
95 5
89 11
5 50
5 95
89 50
95 14
95 89
5 95
95 29
50 5
89 5
89 5
89 95
89 95
89 50
95 10
89 95
95 89
95 89
89 5
95 89
89 95
5 50
89 95
89 50
95 5
5 50
95 5
95 89
5 89
5 95
89 95
89 95
50 5
5 89
95 89
95 5
50 8
89 95
89 95
50 95
5 50
89 50
5 80
95 50
75 89
95 50
89 5
50 5
89 5
95 50
50 95
50 18
89 5
50 95
5 50
95 50
89 95
5 89
89 95
89 50
89 95
5 38
50 95
50 95
95 89
95 50
51 91
95 89
89 95
89 95
89 95
95 89
50 95
89 95
50 89
50 95
50 13
89 95
50 95
89 50
89 95
89 95
5 50
89 95
89 95
5 89
89 95
5 73
5 95
89 95
5 50
89 95
50 89
5 95
5 89
89 95
50 95
95 50
5 95
89 95
5 89
5 50
89 5
50 95
95 5
89 32
5 50
95 89
89 95
50 31
121 56
89 95
5 50
89 95
89 95
89 95
95 89
50 89
42 81
95 89
95 42
89 95
89 30
95 13
50 95
79 63
95 5
50 95
95 89
125 95
89 50
64 73
5 95
89 122
95 89
5 89
5 95
89 95
89 14
89 50
5 95
50 95
5 89
89 95
89 5
51 2
51 66
65 93
89 95
95 89
50 75
5 50
89 95
5 92
89 5
50 125
50 97
95 89
50 95
50 89
50 95
89 95
95 50
95 83
89 50
95 5
95 5
50 5
95 50
89 95
50 5
5 95
89 50
50 89
50 113
95 5
89 50
95 89
5 95
98 83
89 5
50 95
95 89
89 95
95 5
95 89
5 89
42 51
5 95
89 50
5 95
89 95
125 95
89 95
50 95
95 50
50 95
118 42
5 89
89 75
5 89
89 95
83 79
5 95
50 95
95 23
50 95
89 35
50 89
89 95
5 95
89 95
5 50
89 28
95 89
50 5
89 95
50 5
95 89
95 89
89 5
50 89
5 50
95 89
5 95
89 95
95 89
89 50
89 50
89 95
5 89
89 95
95 89
95 89
50 95
124 64
89 95
89 50
89 118
50 95
5 95
89 5
89 50
89 95
89 95
89 95
5 95
5 95
50 95
89 50
89 47
5 50
89 95
89 95
5 89
89 95
89 50
89 50
5 95
5 89
89 95
50 5
113 61
89 95
89 50
95 54
5 89
50 95
5 73
50 95
96 23
89 50
5 95
89 95
5 50
95 50
95 89
89 117
95 89
121 70
5 89
89 123
50 89
95 89
89 79
95 89
89 95
123 119
5 89
5 95
50 89
64 13
5 50
95 89
89 50
95 50
89 50
5 73
121 124
89 95
5 50
95 89
95 89
95 89
89 95
5 50
95 74
5 77
5 50
50 68
89 95
95 50
41 58
54 50
5 95
89 95
89 95
95 89
89 95
113 58
95 5
50 95
89 110
5 95
50 89
94 23
89 79
95 89
89 5
95 50
95 14
121 95
89 95
50 117
107 13
5 102
89 50
121 100
89 5
95 89
50 83
89 95
95 50
95 5
89 50
5 89
15 83
89 95
50 95
121 79
50 95
89 95
89 50
89 95
89 95
5 50
89 95
5 95
42 111
95 96
89 50
5 95
95 50
95 50
89 50
95 5
89 94
89 95
50 89
95 89
89 5
95 5
89 50
50 89
89 5
89 95
50 95
5 94
58 50
5 89
95 89
5 95
5 50
95 89
95 23
122 95
89 95
5 95
50 29
99 5
95 89
89 95
15 83
50 5
89 95
50 95
95 5
5 51
42 81
89 50
50 95
95 50
95 5
15 79
95 5
95 14
5 95
5 89
95 89
89 95
89 50
89 95
50 95
95 23
5 120
89 95
89 95
95 78
89 5
50 75
5 95
95 89
5 95
50 95
89 50
15 34
95 5
89 95
5 50
89 95
100 119
5 95
95 5
5 95
89 95
89 5
95 5
56 5
89 95
89 95
5 7
64 67
50 95
54 124
89 95
25 106
5 95
89 95
89 50
95 50
5 95
95 5
5 95
89 50
95 50
95 14
50 5
95 5
41 62
50 95
89 95
95 5
65 78
89 50
89 95
89 95
89 75
95 89
95 50
58 79
50 95
5 95
89 95
95 89
50 107
95 89
95 5
89 95
5 89
89 95
89 50
50 38
50 48
95 89
50 95
5 125
64 101
5 41
95 5
5 95
50 95
95 89
50 20
50 8
95 89
95 50
89 95
89 95
5 89
95 5
89 95
5 95
95 89
89 95
89 95
83 5
5 95
50 89
95 14
89 95
79 54
89 5
50 89
89 95
89 95
95 89
95 89
96 25
5 89
5 50
89 95
50 95
50 76
41 68
89 95
5 89
5 89
95 89
5 95
89 95
95 50
89 5
5 95
5 89
50 95
89 95
95 50
5 89
89 102
89 95
89 95
5 89
95 50
5 95
50 95
89 95
89 95
50 95
50 74
5 50
41 95
95 50
89 5
89 50
100 119
89 95
5 39
5 95
89 95
89 95
5 76
50 95
95 89
95 89
50 95
89 95
89 5
89 118
50 95
81 42
5 50
89 5
5 59
5 95
5 50
95 1
89 95
95 89
50 5
50 95
50 95
5 50
95 5
5 89
95 89
89 50
54 50
95 50
89 50
89 95
89 30
5 50
95 23
89 5
89 95
89 50
95 89
50 95
89 123
95 50
89 95
50 95
89 95
51 80
50 5
5 126
50 76
50 95
50 95
89 5
5 121
99 61
5 89
95 5
89 5
95 50
5 95
95 89
95 89
89 5
5 50
89 95
95 89
89 95
50 123
89 50
70 59
125 78
5 95
95 5
50 95
50 95
89 95
42 51
89 95
89 5
5 95
51 28
51 124
5 95
95 14
50 59
95 50
5 95
64 36
95 89
54 120
41 45
89 50
5 89
89 5
5 95
5 95
95 5
95 50
5 125
50 95
5 89
51 100
5 50
89 95
50 95
89 95
89 95
89 95
5 50
14 5
95 50
20 8
94 63
89 95
5 73
50 17
89 50
95 89
95 50
20 64
50 95
89 95
50 95
5 50
89 95
89 95
23 95
95 89
50 95
95 50
95 89
50 95
95 39
89 95
5 50
5 89
50 95
5 89
89 47
50 95
50 95
50 30
5 89
95 50
5 95
95 89
89 95
89 94
5 50
89 50
89 21
95 89
5 89
50 89
5 95
95 5
95 89
5 20
50 95
89 123
95 89
50 89
95 74
5 95
89 50
89 5
5 50
89 95
89 95
95 5
89 50
95 89
42 51
95 5
50 95
95 5
89 95
95 125
95 89
95 5
95 50
89 95
95 89
5 73
89 5
5 95
5 50
95 23
5 47
50 20
96 22
89 95
89 95
89 79
50 95
89 5
89 50
95 50
89 95
95 5
63 96
89 95
89 95
95 5
89 50
95 89
89 95
89 50
89 95
95 14
95 50
95 50
89 95
95 89
89 95
95 113
89 95
95 50
5 50
89 95
95 89
95 50
89 50
95 5
95 89
5 73
95 89
50 95
50 95
95 89
89 95
89 95
89 95
100 14
89 36
95 5
95 89
95 50
89 5
5 89
5 89
89 95
89 95
89 95
50 95
5 95
95 50
95 89
89 5
50 95
5 95
118 13
50 95
89 95
89 95
95 50
89 95
89 95
50 5
50 89
95 89
5 95
89 100
50 95
50 5
89 95
95 89
89 50
50 61
95 89
95 14
89 5
50 5
95 89
50 95
89 95
95 50
89 5
89 95
89 50
89 95
80 50
95 5
50 123
89 97
89 95
95 5
89 95
95 50
32 74
5 89
89 50
5 63
5 50
89 95
95 89
95 50
5 95
95 5
5 50
89 50
89 95
5 89
89 95
5 50
95 66
89 93
89 5
95 38
5 89
5 50
5 95
95 50
50 95
50 89
89 95
95 50
5 113
50 89
89 95
89 50
5 50
89 95
5 95
50 89
89 83
63 96
95 50
95 5
89 95
89 50
26 50
5 89
96 75
95 23
5 89
89 95
89 59
5 95
5 89
50 89
89 95
95 5
89 50
100 119
5 95
95 50
42 51
89 95
89 95
95 38
50 89
5 89
58 59
89 95
113 89
5 89
95 23
96 81
95 89
50 95
5 95
5 50
5 89
95 89
50 9
50 18
89 50
89 95
89 95
95 50
95 89
95 89
89 5
89 95
89 5
98 17
95 89
125 70
89 95
95 5
89 30
95 113
120 42
5 47
95 50
95 5
5 95
89 95
89 5
95 5
5 89
95 89
89 50
50 118
50 43
95 5
95 5
5 95
95 89
89 116
50 95
50 95
50 89
89 95
5 73
89 95
95 89
89 5
89 5
95 50
95 5
125 93
5 89
89 71
89 95
50 5
89 95
89 5
50 95
89 95
32 74
95 23
5 89
5 89
89 50
95 89
5 89
95 5
89 95
50 89
50 5
89 95
5 95
5 89
95 50
89 95
89 95
89 50
89 95
95 50
5 123
95 89
89 50
95 23
83 111
89 95
50 95
89 83
89 95
41 68
50 95
50 12
95 89
119 100
50 5
89 50
50 95
89 5
89 95
95 50
95 89
89 95
50 95
95 5
5 89
89 95
50 89
89 95
5 89
5 98
95 89
5 50
89 95
89 95
89 5
89 110
5 95
50 107
51 53
89 50
89 95
89 95
95 50
50 89
5 89
5 95
89 50
50 95
89 95
50 5
5 95
89 95
125 98
89 95
89 95
95 89
5 50
5 95
95 5
123 50
5 95
5 89
95 89
89 95
5 89
5 95
95 89
5 89
95 14
89 95
95 89
95 89
89 95
95 89
50 5
5 95
95 50
95 5
89 95
89 50
89 50
50 5
95 89
89 50
95 50
89 95
89 95
89 95
89 95
50 95
89 95
5 95
89 95
89 95
95 89
50 89
50 30
5 95
89 95
95 89
89 95
100 14
95 5
5 95
50 5
107 13
50 95
5 89
95 5
50 17
89 50
50 95
50 95
50 88
5 89
95 50
89 26
50 89
50 95
96 100
95 89
5 14
89 95
95 89
95 89
95 89
95 5
95 23
95 5
95 89
89 95
95 5
89 50
89 50
95 14
95 89
89 95
50 89
50 95
95 50
89 95
50 95
89 95
89 50
5 95
95 23
50 89
50 95
89 5
89 95
95 89
89 95
89 95
95 89
5 89
95 5
89 50
50 5
89 5
5 89
95 89
89 50
89 95
50 95
95 89
107 13
89 95
89 95
89 95
50 95
95 89
5 50
89 50
89 50
89 50
95 89
89 94
8 64
50 89
113 58
95 89
5 95
89 95
95 89
50 95
50 95
89 95
89 95
50 89
5 89
89 95
89 95
95 5
89 95
95 23
95 89
50 95
50 95
95 5
50 95
95 89
50 89
95 89
5 95
50 95
89 95
89 95
95 23
113 99
89 95
50 5
5 50
5 95
95 55
89 95
42 111
95 89
95 50
95 89
50 95
95 50
95 50
95 89
5 95
89 95
50 95
50 95
95 50
50 89
89 95
89 95
89 95
89 50
50 95
89 95
5 95
89 102
95 89
5 50
17 125
54 10
5 41
95 50
89 95
54 126
5 73
5 50
50 95
50 95
89 95
95 89
95 5
95 5
95 89
15 83
89 95
95 55
5 50
89 95
5 95
95 89
5 80
89 95
50 5
89 95
58 75
5 89
95 50
89 95
5 73
95 50
5 50
99 75
64 119
65 34
50 95
50 20
5 73
89 95
95 5
95 89
50 95
95 18
15 34
89 95
89 95
50 95
50 84
50 5
89 95
50 5
89 95
95 89
89 95
89 95
89 95
95 14
17 114
50 89
95 50
5 89
50 95
89 95
50 95
89 50
89 95
89 95
5 89
50 83
50 95
94 39
95 14
95 101
95 50
5 95
95 5
5 50
95 5
5 89
95 89
95 89
89 5
95 79
50 52
125 93
89 95
89 5
5 50
5 95
89 95
89 95
5 95
95 5
100 119
89 95
50 95
50 89
50 95
89 95
5 47
89 50
95 50
5 50
89 5
5 50
50 89
5 50
95 50
5 95
5 73
50 95
89 95
14 95
50 89
89 95
50 89
95 50
95 5
95 5
89 95
50 95
95 105
89 50
89 5
95 5
95 89
89 95
95 110
50 5
5 50
89 95
89 50
89 50
113 58
50 95
50 47
95 23
89 95
89 95
95 14
50 89
95 83
95 89
95 5
95 50
95 30
20 8
89 95
89 95
89 50
5 95
89 95
89 50
95 89
89 95
50 95
89 95
95 23
89 50
5 95
50 92
5 89
5 95
5 95
95 89
5 95
89 8
89 5
95 5
95 89
95 50
89 95
95 50
95 50
5 50
64 83
99 47
50 127
89 95
50 28
95 5
95 14
95 23
95 14
95 89
89 95
50 95
95 80
95 14
89 95
89 5
50 95
5 50
95 89
68 41
95 50
5 15
5 89
95 50
95 93
5 59
95 89
95 57
5 95
89 50
50 5
5 50
58 113
68 15
50 95
89 50
89 95
95 89
50 5
5 50
5 95
89 95
95 89
5 43
5 50
95 18
95 89
25 94
95 89
5 50
41 68
94 38
51 80
89 5
5 89
89 95
5 95
95 50
50 89
95 50
95 29
89 50
95 89
89 115
89 95
95 89
5 95
5 95
95 71
89 50
89 5
89 95
50 95
95 14
5 50
89 5
50 5
95 89
89 50
50 5
89 95
89 95
89 95
50 5
95 14
50 95
89 95
89 95
95 89
5 89
5 50
50 10
5 89
5 89
83 95
5 89
89 115
95 89
50 17
95 50
89 95
50 95
5 95
95 50
5 95
50 17
89 95
89 50
95 50
95 23
50 115
95 89
89 95
89 95
5 95
89 50
50 5
89 95
89 95
89 84
50 95
89 5
89 95
95 43
89 50
89 95
50 95
5 95
89 50
89 95
89 47
50 95
89 50
15 83
95 50
89 95
89 5
95 50
15 34
89 70
95 50
89 50
95 23
50 95
89 122
17 31
95 50
89 50
89 43
5 76
5 51
95 89
95 50
89 50
89 95
50 95
50 5
95 5
15 83
89 95
89 95
5 95
95 50
50 95
95 89
95 42
89 50
64 23
95 5
50 95
89 115
5 95
5 50
89 95
17 15
5 50
50 95
95 5
89 50
89 95
95 89
95 5
95 89
95 50
89 95
95 89
5 95
95 50
5 95
89 5
64 14
89 95
54 50
50 95
89 95
5 95
50 89
95 38
89 95
50 95
50 89
95 89
95 5
5 95
95 23
5 95
95 50
95 89
5 23
89 95
95 89
89 95
50 95
89 5
50 95
5 95
95 5
89 95
95 89
5 50
89 95
89 95
63 120
5 95
5 30
89 95
50 95
95 89
95 50
95 50
50 95
95 50
95 5
5 73
89 50
95 50
50 95
50 89
95 14
50 5
95 50
95 89
89 95
89 95
89 50
50 89
5 95
89 83
89 95
5 89
50 75
89 50
50 36
89 50
54 16
15 79
54 52
50 95
50 79
100 119
95 89
50 5
95 97
89 50
5 89
50 95
5 95
50 89
5 95
5 57
50 95
89 95
75 89
89 95
5 89
50 95
50 5
79 75
95 5
89 95
89 95
89 50
89 95
89 95
89 23
95 14
50 95
50 89
95 89
89 95
95 5
95 42
89 95
5 95
5 95
5 95
89 95
50 5
89 95
20 64
41 89
95 5
50 34
95 5
5 89
89 95
50 95
5 95
95 5
50 17
5 89
95 8
89 95
50 5
50 95
50 95
89 5
89 95
95 89
95 5
89 95
89 5
89 5
89 95
95 50
89 50
89 95
95 50
89 50
95 89
50 5
95 89
50 5
89 42
5 89
89 102
5 50
89 95
50 95
5 13
89 95
50 89
95 5
5 95
89 5
95 5
81 42
95 89
95 50
95 50
89 95
95 89
5 50
95 50
89 95
89 95
50 84
50 95
95 89
95 89
50 95
5 35
95 5
89 95
89 95
95 5
50 89
89 5
95 89
89 95
95 5
89 35
95 50
5 89
89 95
5 50
5 95
95 89
89 5
79 63
89 95
50 89
95 50
89 5
89 95
89 95
89 50
95 89
5 54
95 89
89 95
5 89
50 113
89 5
50 95
95 89
121 99
50 95
89 50
89 95
5 95
50 80
89 95
89 95
5 95
50 84
50 95
95 89
5 47
89 95
50 5
95 83
89 50
89 50
89 5
95 89
95 5
5 95
89 95
95 89
89 95
50 5
64 20
89 5
50 89
95 8
95 5
5 89
119 123
5 89
5 89
95 50
89 50
95 89
50 95
89 95
50 95
5 95
89 50
5 89
95 89
5 95
5 89
95 89
68 15
95 89
51 63
89 95
89 50
5 89
58 54
50 95
89 50
50 95
95 50
95 50
50 89
89 5
5 95
89 95
5 95
95 89
89 95
5 74
95 50
95 17
89 95
5 23
5 50
50 123
95 89
50 43
95 5
5 95
5 50
89 95
50 89
89 95
50 96
50 5
5 89
95 89
95 89
73 5
50 89
50 5
5 95
50 95
95 89
50 74
50 95
89 50
5 50
5 95
89 95
89 5
89 50
89 95
89 5
5 89
5 79
89 95
50 95
50 95
95 89
95 89
95 89
89 5
95 89
89 95
50 83
5 95
95 5
5 89
89 95
89 50
95 14
58 50
50 89
50 61
89 95
95 50
95 89
50 95
50 47
50 95
95 123
5 95
89 50
50 95
5 95
95 50
50 89
50 95
50 95
5 50
5 95
95 65
5 95
5 95
50 89
41 68
50 95
5 95
89 50
89 95
89 95
50 95
5 50
89 5
89 84
50 89
5 95
95 50
95 23
50 95
95 50
5 17
5 95
54 49
63 120
50 89
50 95
89 95
50 89
95 89
89 95
89 95
50 5
89 95
95 50
17 45
89 95
50 95
89 95
5 74
89 95
5 42
38 89
50 5
95 89
50 95
50 89
50 89
95 5
20 8
95 89
89 95
50 5
89 95
50 89
95 89
89 95
89 95
50 81
89 95
50 95
50 41
50 5
42 51
95 5
50 5
89 95
5 89
89 95
50 89
20 64
89 50
50 5
89 95
89 95
89 95
89 50
50 95
95 89
89 50
89 95
50 95
89 95
95 50
89 50
89 5
50 95
89 95
95 5
89 5
89 50
5 73
89 19
5 89
89 5
95 50
50 95
113 58
95 50
89 50
42 51
89 50
89 95
95 5
50 95
5 14
89 95
50 71
95 38
5 50
89 95
89 50
50 47
95 50
95 89
107 13
89 95
89 95
95 89
63 120
89 95
20 64
95 89
5 95
95 89
89 95
95 89
89 95
89 71
50 95
95 89
50 95
89 2
89 95
5 95
80 50
121 117
113 83
89 95
89 95
89 5
50 89
95 14
89 101
50 5
5 95
5 89
5 48
89 5
89 5
89 95
5 73
89 95
5 95
95 89
95 50
95 50
95 71
89 5
89 95
5 47
50 89
50 95
50 70
113 58
89 95
5 18
95 89
89 95
89 119
89 95
5 89
95 41
89 95
89 5
89 5
5 47
5 50
119 99
120 116
5 95
89 95
89 95
95 89
5 73
89 95
17 125
89 95
95 5
95 89
64 83
95 63
89 30
89 95
95 14
50 95
89 95
118 42
89 95
95 89
50 95
89 12
89 5
50 5
50 95
89 95
95 5
95 89
95 50
50 32
89 5
95 5
89 95
5 95
5 89
5 89
89 95
89 95
50 5
5 50
5 95
89 5
95 89
95 50
89 95
95 89
89 50
5 73
50 95
89 50
95 50
5 95
50 30
89 47
89 5
100 119
50 95
50 89
50 95
89 95
121 20
89 5
5 50
99 32
95 89
5 89
5 50
89 5
95 5
5 95
95 50
89 50
5 89
89 95
5 73
89 95
89 115
5 89
89 95
95 50
5 89
89 95
89 5
95 14
95 50
118 111
95 86
50 89
89 5
5 50
50 81
5 73
95 5
95 45
95 5
95 89
95 89
5 98
95 89
95 89
50 23
5 95
50 95
95 50
63 120
50 38
17 121
89 95
100 14
89 95
95 5
89 14
89 50
89 95
50 89
5 89
95 50
95 89
95 5
95 5
5 95
89 95
5 95
89 95
50 89
50 89
95 89
5 95
89 5
95 50
51 9
95 89
89 50
5 95
95 70
89 50
95 89
95 50
50 127
95 89
89 5
50 95
95 50
89 50
5 95
5 95
89 95
95 89
89 5
89 95
89 95
89 95
95 89
50 109
50 95
94 20
89 95
95 5
50 89
100 119
89 5
95 50
95 50
89 95
5 50
89 5
5 95
89 5
89 50
89 95
50 5
95 89
95 89
50 95
95 89
89 95
5 50
95 40
89 95
5 95
95 50
89 50
95 50
5 95
95 89
95 50
5 50
95 89
89 50
89 50
89 5
50 95
5 95
89 50
50 95
95 5
50 89
50 89
89 95
65 92
89 14
50 89
89 95
58 83
95 89
95 89
50 95
5 95
5 95
94 23
95 50
95 50
95 5
95 89
5 89
89 95
95 89
95 89
50 95
89 95
95 123
5 50
5 89
50 5
95 89
89 50
89 5
89 50
89 50
95 5
95 89
5 80
89 95
95 50
5 89
89 95
89 95
5 95
51 93
95 89
5 89
50 95
95 14
5 95
95 101
50 95
95 50
89 95
95 5
89 50
95 50
95 89
50 5
100 14
50 95
95 89
5 89
89 5
89 95
50 5
89 5
20 64
89 95
89 95
50 95
95 89
95 5
89 95
95 50
95 50
89 82
89 95
5 89
89 50
89 95
5 80
123 119
89 95
95 89
89 95
50 14
95 89
95 89
74 100
89 95
50 95
50 28
95 5
95 89
95 89
5 50
5 20
119 123
89 50
95 5
89 95
41 7
89 95
95 89
50 5
89 17
50 79
41 15
63 120
95 5
95 50
96 126
95 89
89 31
95 5
50 95
89 32
95 89
89 5
54 83
5 89
5 47
95 122
95 14
95 89
95 89
41 66
5 89
89 95
107 5
95 50
50 115
95 50
50 89
89 83
89 95
89 5
95 89
50 5
5 95
89 5
89 50
95 50
5 47
5 95
89 95
89 95
50 95
89 5
5 89
5 95
51 42
5 95
89 95
89 5
89 95
5 50
89 95
50 10
95 89
83 106
5 95
89 95
95 89
5 95
95 50
5 95
50 5
95 5
5 95
89 50
50 5
89 50
5 95
5 50
89 50
95 94
95 89
5 50
5 50
89 24
89 5
5 95
50 95
95 89
41 70
74 20
89 5
50 95
89 95
89 95
81 14
5 95
95 19
50 95
89 95
5 95
89 50
5 23
63 120
5 89
89 20
89 95
95 89
50 95
50 95
95 5
95 92
95 5
15 83
5 95
50 95
5 89
50 95
5 95
50 82
89 5
95 5
95 26
89 5
50 89
102 50
89 95
5 89
50 93
5 50
89 50
89 95
95 14
5 95
5 123
50 5
5 17
95 14
95 89
89 50
89 50
20 64
95 89
89 95
50 95
5 50
89 50
5 44
42 51
14 95
95 23
50 84
89 5
95 50
95 5
89 50
5 47
95 83
125 95
95 89
95 50
5 95
95 5
5 95
5 73
95 14
89 50
95 50
89 95
89 95
89 95
50 89
95 89
95 99
95 5
89 95
5 50
50 17
89 5
89 95
95 85
95 5
5 89
89 95
89 95
5 95
5 50
89 95
95 89
50 89
5 89
113 58
95 50
5 73
5 89
95 89
50 95
95 50
89 5
89 95
50 95
89 95
75 50
5 50
89 50
5 95
50 85
50 95
95 14
89 95
41 23
95 5
50 95
95 50
50 95
5 95
5 89
95 5
5 95
89 5
15 83
89 5
50 5
95 50
113 58
95 89
95 89
50 95
81 42
64 83
95 50
5 95
50 95
5 95
95 89
5 47
95 89
89 95
121 35
5 89
54 50
95 5
5 50
68 15
89 95
5 89
17 72
65 99
50 95
89 95
89 50
121 123
89 50
89 95
5 89
125 9
50 95
89 117
50 89
89 95
95 84
89 95
50 5
89 95
50 95
95 83
50 95
13 118
50 48
5 95
5 95
95 5
121 20
5 95
50 97
50 95
5 89
50 5
5 50
95 89
95 5
41 68
50 70
5 89
50 95
89 5
89 50
89 95
34 9
95 50
89 50
89 95
89 95
50 95
5 95
95 14
50 95
89 95
95 50
89 95
89 95
89 95
41 23
5 95
89 95
95 89
5 89
89 50
95 50
89 50
5 89
95 50
89 95
5 65
95 89
5 95
89 110
20 64
83 106
54 117
89 67
5 89
5 95
89 95
95 89
5 95
95 89
96 111
50 20
50 5
17 50
50 5
50 89
50 89
89 95
95 89
95 89
95 50
5 50
5 89
89 5
5 95
89 95
89 95
5 95
95 89
89 95
89 50
89 50
50 95
5 95
89 95
5 95
89 50
95 50
51 80
50 95
89 95
89 50
95 5
50 5
89 5
50 95
50 95
95 50
89 95
50 89
95 89
50 5
89 5
89 95
89 95
50 5
89 50
89 5
89 95
50 95
89 95
89 95
89 50
89 95
95 50
5 102
50 5
95 89
95 50
50 95
50 5
89 5
89 50
50 89
5 95
15 34
89 50
95 89
50 25
95 23
89 95
5 89
89 5
5 50
63 120
50 5
95 89
95 5
89 50
89 95
89 95
50 95
95 23
50 95
50 95
5 95
5 47
95 97
50 95
89 5
95 50
89 95
95 89
89 5
50 107
50 89
89 95
5 95
89 50
89 50
50 2
5 50
15 83
89 5
89 95
89 95
80 94
5 50
95 89
89 95
95 89
50 95
14 100
63 120
5 50
95 50
50 43
95 5
89 95
89 101
50 110
5 89
89 75
95 14
95 14
50 89
54 50
89 95
89 95
5 50
95 5
95 84
95 50
50 5
50 95
95 5
89 39
89 95
5 89
5 95
5 30
95 10
95 89
95 50
5 89
50 95
89 50
50 95
89 95
95 50
63 42
5 95
50 5
95 5
89 5
95 50
94 47
50 95
42 51
89 95
89 95
5 16
89 50
50 95
95 89
100 119
95 5
96 0
5 89
95 5
89 95
5 89
95 89
95 5
5 89
95 89
50 95
89 95
95 89
50 89
95 50
50 54
95 5
5 95
95 89
95 75
89 95
95 23
5 89
95 89
5 95
95 91
89 50
89 21
95 3
50 5
50 95
89 95
5 47
89 5
50 5
89 95
95 5
5 50
89 95
95 89
50 5
89 5
89 95
50 95
95 5
95 5
54 50
89 5
95 5
89 50
5 56
89 95
95 89
89 95
95 50
95 89
50 95
95 50
89 95
5 50
5 95
50 5
89 95
89 95
89 95
89 95
89 95
95 5
5 95
50 5
50 5
95 89
50 89
17 50
5 89
5 89
50 104
89 95
89 5
95 40
89 95
5 95
95 89
95 50
89 50
5 95
89 95
50 95
5 95
50 95
95 23
89 95
50 95
89 5
89 5
50 95
50 24
5 47
41 84
89 95
5 63
50 95
89 50
89 95
89 95
89 95
95 3
89 50
5 89
50 5
50 95
14 81
89 5
5 95
95 89
50 5
89 50
41 63
89 50
89 20
5 95
95 5
5 50
89 50
50 5
89 95
89 50
5 95
89 95
5 89
50 5
95 5
89 95
50 95
89 95
89 95
50 95
89 2
5 95
15 34
50 95
50 91
95 50
5 42
95 89
50 124
50 95
89 14
50 79
95 5
125 80
89 95
95 56
100 5
89 95
89 95
50 95
89 5
89 95
5 89
50 95
89 50
5 95
89 5
95 23
89 95
5 23
95 5
95 89
89 95
5 50
89 83
89 47
32 74
95 5
89 50
50 95
5 95
5 50
95 50
5 95
89 50
89 95
89 50
89 95
5 89
50 71
50 95
5 89
5 89
95 5
50 22
89 95
50 95
89 73
47 20
89 95
5 95
89 95
95 50
99 16
50 89
89 95
5 107
89 95
50 5
89 95
50 89
89 95
50 113
125 8
125 70
50 89
95 89
50 95
95 18
5 89
50 89
50 95
50 5
113 58
50 77
95 89
5 95
50 95
95 5
5 95
95 50
13 107
95 18
5 95
89 78
95 5
15 34
95 89
118 65
63 120
89 95
95 5
50 118
5 95
89 95
5 95
95 50
89 95
89 95
50 5
50 95
89 95
113 58
125 11
89 95
5 95
50 95
95 14
34 14
95 50
50 29
5 89
5 18
95 50
95 83
89 95
89 95
5 89
89 95
95 89
50 5
5 50
95 89
89 95
95 5
5 95
17 80
5 89
95 89
89 50
95 89
5 95
50 95
5 50
50 114
95 89
95 50
89 95
89 107
121 14
89 5
89 95
50 95
5 50
89 95
89 95
89 95
89 95
5 89
5 47
89 5
95 5
95 77
89 14
5 20
5 95
50 95
5 89
5 89
5 95
95 89
89 95
5 83
5 50
50 95
95 89
50 5
95 89
5 89
95 5
95 5
50 5
95 89
89 95
95 5
89 95
5 50
95 115
89 95
89 95
50 89
95 5
89 5
89 50
70 42
5 89
5 95
89 5
34 14
89 95
95 5
50 95
89 95
5 89
5 89
5 98
89 41
89 50
5 95
50 95
5 95
5 89
5 89
83 111
5 89
50 89
89 50
5 95
95 50
5 41
95 5
95 14
50 89
89 95
95 23
89 95
5 50
50 95
89 50
81 100
89 50
95 89
89 50
89 95
89 95
89 95
89 95
50 56
95 89
95 50
95 71
95 89
89 95
15 34
50 95
95 89
89 95
47 89
50 5
89 95
50 95
89 95
95 89
89 5
95 89
50 89
89 95
50 39
89 95
50 5
113 79
50 95
89 95
95 123
89 95
89 95
50 95
50 95
89 30
89 5
50 95
95 23
94 1
64 94
5 95
5 95
89 95
95 34
5 89
89 95
89 116
89 50
95 50
50 95
89 95
121 10
5 95
5 110
5 95
95 84
89 95
95 89
95 89
95 83
89 95
50 95
5 60
89 95
50 95
5 95
5 95
5 89
95 5
89 95
89 95
89 91
5 62
5 89
89 95
89 95
95 89
5 89
5 95
5 95
5 95
5 14
89 50
5 95
89 5
5 95
125 31
50 95
89 95
89 95
95 50
89 95
95 5
89 50
5 50
95 89
89 50
95 89
58 60
5 50
95 3
89 50
5 50
50 95
89 95
95 89
89 95
89 5
95 50
89 50
95 5
89 95
89 95
63 81
50 95
5 50
89 95
89 95
50 89
5 50
89 95
89 95
5 95
89 95
95 89
95 89
5 95
95 14
95 5
95 89
5 95
95 50
95 89
89 95
89 95
50 89
34 14
89 95
50 73
89 95
15 79
5 50
50 95
5 50
89 5
51 116
89 50
95 83
50 5
63 42
50 95
50 95
50 95
95 23
89 0
94 118
89 95
89 95
89 95
5 95
89 95
89 95
50 95
89 5
89 95
89 95
89 5
50 89
95 14
5 95
50 95
50 83
89 5
95 89
74 100
50 89
50 95
89 95
50 95
5 95
95 89
89 50
51 121
50 95
95 50
89 95
89 50
50 89
89 50
50 5
50 95
95 89
95 89
89 95
5 89
89 95
95 5
89 95
89 95
50 95
50 95
5 95
50 95
89 5
5 95
50 95
5 95
89 50
89 95
95 96
95 5
89 50
65 85
96 29
5 30
89 95
5 50
89 95
95 89
5 95
5 95
64 40
95 5
89 95
89 95
10 96
50 5
50 89
89 95
89 95
89 95
95 89
50 89
118 65
50 89
5 89
20 8
95 89
95 89
89 95
5 89
95 23
95 23
89 50
89 50
63 83
5 95
89 50
95 50
5 89
89 95
95 5
5 95
95 5
89 5
95 50
89 95
50 89
89 95
5 50
95 89
50 95
95 89
81 64
50 5
121 70
41 55
89 95
5 89
89 14
95 89
89 95
95 89
89 95
50 95
95 23
5 89
5 95
95 89
50 95
50 77
5 95
89 95
5 95
50 95
5 50
89 95
89 95
50 17
89 95
5 95
5 50
89 5
89 95
89 95
50 5
5 89
89 50
95 89
95 89
89 50
89 65
89 95
95 89
89 95
15 34
50 95
95 99
5 95
95 5
95 89
5 73
89 95
5 95
50 95
50 89
89 95
95 5
95 50
89 50
89 95
89 95
95 5
50 5
51 55
56 5
50 5
95 5
89 5
89 5
89 95
15 83
89 95
50 54
89 50
95 89
89 95
89 5
89 95
89 95
95 50
95 50
95 89
89 95
5 95
5 95
50 31
89 95
95 5
95 89
89 95
95 50
5 89
50 95
89 95
50 5
50 89
89 95
89 95
89 95
5 95
89 95
95 14
50 95
89 50
95 50
5 111
95 89
89 95
5 95
125 82
89 95
50 29
50 95
5 50
95 89
50 89
50 80
15 79
89 50
5 50
42 51
54 50
89 5
95 89
95 5
50 95
95 89
5 95
17 42
5 95
95 5
50 89
95 5
94 13
107 13
50 95
50 95
50 89
89 95
50 89
5 95
89 123
95 89
50 95
89 79
95 89
50 83
89 95
89 5
89 50
89 5
89 95
89 95
5 95
89 95
89 95
95 89
50 95
95 89
95 89
95 89
89 50
89 95
5 73
89 95
5 95
89 95
14 95
5 89
5 89
5 50
95 93
50 5
95 89
95 89
95 5
5 95
89 95
95 50
89 5
95 89
50 13
89 95
95 50
89 95
50 89
95 50
89 95
89 95
5 89
5 95
50 5
89 95
5 89
50 95
89 95
89 50
50 95
89 95
50 89
95 50
95 89
50 5
95 89
13 81
5 95
95 89
5 89
5 95
95 89
95 123
95 89
89 78
5 73
50 95
95 5
51 80
95 89
50 20
5 95
125 80
89 2
50 17
50 95
95 89
95 5
89 95
89 95
50 95
5 95
95 14
50 95
50 89
89 95
50 95
5 89
5 95
95 5
5 95
89 30
95 89
95 50
89 5
95 89
95 23
89 95
95 50
95 89
95 89
50 89
50 5
89 95
50 30
50 89
50 95
89 95
50 95
95 18
95 64
89 5
95 89
5 73
89 95
89 95
17 47
89 95
50 17
95 50
118 42
5 13
107 13
95 89
89 5
95 89
89 50
5 73
95 5
89 95
5 95
47 20
89 95
95 23
89 50
68 15
95 50
95 50
89 50
89 95
89 5
50 89
89 95
50 95
95 89
95 5
5 89
89 50
5 95
50 61
5 89
89 95
89 5
95 89
89 50
15 79
5 50
5 95
73 96
95 89
95 89
89 95
50 95
50 95
89 95
95 89
95 89
89 95
89 50
50 89
5 50
95 89
95 50
95 5
89 5
89 5
95 89
89 50
95 50
89 5
95 89
89 95
5 95
50 95
64 13
89 95
5 73
15 79
89 5
5 42
89 5
50 89
50 5
94 20
89 95
95 23
8 64
50 106
95 50
5 89
89 95
89 95
50 95
89 83
5 89
95 89
50 95
95 89
89 95
17 88
5 95
95 89
50 95
89 95
125 44
5 95
5 89
95 50
50 89
89 95
5 95
64 20
5 95
50 84
95 5
89 95
89 95
95 5
5 20
89 95
89 95
89 95
50 95
95 5
50 95
5 95
5 121
5 73
89 101
50 89
89 95
95 14
50 5
50 95
5 89
5 50
95 50
89 50
50 89
50 5
5 93
89 5
89 95
15 83
95 89
89 50
95 89
5 50
89 96
95 89
47 5
5 89
89 50
89 95
89 50
5 89
95 89
50 95
5 95
83 95
89 95
95 50
119 99
5 95
5 89
50 95
89 8
95 5
89 50
95 89
50 123
89 95
89 95
5 39
50 95
89 95
50 95
42 89
5 95
89 54
89 95
68 41
95 89
50 95
89 95
50 7
63 120
89 95
5 50
5 95
44 58
5 50
95 89
95 50
95 89
89 95
50 95
50 89
50 95
95 89
95 14
95 89
89 95
89 95
5 89
89 50
95 5
50 74
95 89
50 9
89 50
5 95
95 89
89 95
5 95
89 50
95 5
95 50
89 30
5 95
5 95
50 95
50 101
89 50
89 95
89 95
50 12
5 73
113 58
95 89
95 5
50 5
50 95
5 95
5 50
89 50
50 5
5 89
113 58
50 95
50 21
95 89
89 50
95 89
89 95
89 95
63 120
5 50
5 89
89 29
50 95
5 89
89 95
50 30
89 5
5 46
89 50
95 50
5 95
89 95
95 50
83 106
50 95
95 89
89 95
50 17
89 95
50 54
89 50
50 95
5 95
5 67
89 117
95 5
95 50
95 89
95 89
89 95
89 95
50 5
95 89
50 2
95 23
89 95
79 83
95 5
5 47
5 95
5 95
95 50
95 89
5 95
50 5
89 5
5 89
5 73
51 73
50 22
89 50
89 23
89 92
50 89
50 95
96 65
95 89
95 5
50 95
95 23
95 79
95 89
95 89
50 95
95 89
15 79
89 95
95 89
89 95
5 95
89 95
89 95
89 95
5 89
89 95
50 95
50 95
5 95
5 50
95 89
95 50
5 95
89 29
5 95
89 95
42 29
50 100
5 89
50 89
50 5
89 95
89 95
89 63
89 91
5 95
89 114
5 50
89 5
95 89
95 50
5 89
50 89
95 89
50 95
89 1
50 95
89 95
89 50
51 24
89 95
5 95
5 89
89 5
89 95
89 95
5 50
89 95
95 5
50 95
89 95
5 95
89 95
5 95
89 5
89 5
95 89
5 50
95 89
95 89
89 5
89 50
5 50
89 95
95 89
94 20
95 89
50 95
95 89
95 89
5 95
95 23
95 89
89 95
5 42
89 5
50 95
95 29
89 50
95 89
50 95
89 20
5 89
95 50
94 25
5 95
50 95
5 50
96 98
89 95
89 5
95 89
89 95
89 95
63 96
5 95
95 5
51 63
89 65
5 89
51 42
42 51
94 111
89 95
89 95
50 95
50 5
89 95
50 93
89 95
95 89
83 111
50 116
118 42
50 89
89 95
89 5
95 99
125 23
50 95
50 57
95 89
50 95
89 5
50 5
89 14
5 95
89 95
89 50
95 89
125 64
95 23
50 95
118 65
95 89
17 3
50 95
89 95
95 23
95 50
89 95
50 95
89 5
50 95
17 122
5 95
50 95
95 89
50 5
34 18
50 5
50 95
89 50
95 89
89 5
95 89
89 5
89 50
50 120
41 112
50 89
50 95
89 95
89 5
89 50
89 5
95 89
95 50
50 95
50 95
95 89
95 93
5 95
95 89
95 14
121 98
95 50
5 95
95 50
89 95
89 5
89 95
95 82
96 75
50 95
5 47
89 50
50 89
50 113
15 79
89 5
50 124
5 95
95 50
89 95
95 18
5 73
95 89
89 95
5 79
95 89
50 89
5 50
119 123
89 95
70 42
95 17
95 89
5 95
5 95
89 50
89 5
5 89
96 97
89 5
89 95
5 89
95 5
50 89
95 89
50 95
50 5
95 5
20 64
95 50
50 79
89 95
95 50
89 95
14 81
50 75
89 95
95 89
5 95
50 95
89 95
50 5
5 50
89 95
50 95
5 95
5 50
95 50
5 50
89 95
20 123
50 95
95 89
89 95
100 50
89 50
50 95
89 95
89 95
50 89
50 95
95 5
20 64
5 50
17 52
89 50
89 95
95 50
5 89
89 97
50 95
95 50
95 71
5 50
5 116
5 95
89 50
89 50
50 6
95 5
89 95
89 95
89 50
89 50
17 125
121 83
50 95
5 95
95 50
89 95
89 95
5 50
50 21
5 106
5 95
50 45
89 5
95 5
5 50
50 95
89 50
89 95
95 89
5 89
89 95
89 50
95 89
95 89
95 89
95 89
5 95
5 89
50 95
50 95
95 116
5 95
50 95
64 95
5 95
15 34
50 95
5 118
95 123
95 89
89 95
89 5
50 95
89 95
5 89
5 89
95 99
5 95
89 95
5 47
95 89
50 95
5 50
50 95
95 89
89 109
25 106
5 89
50 95
89 95
5 50
20 64
5 50
89 95
89 95
50 95
89 95
95 89
99 105
50 95
95 50
95 50
50 89
89 95
50 75
50 95
50 89
95 89
89 95
50 95
5 50
5 95
95 5
20 123
89 95
95 14
89 17
95 50
95 50
89 88
5 17
95 14
89 95
5 95
95 89
95 5
50 95
89 95
5 95
5 73
89 50
50 95
95 50
20 121
5 95
5 89
95 28
89 95
89 50
89 95
89 95
50 95
95 50
50 95
95 89
89 95
89 95
98 47
89 95
89 95
5 95
50 95
95 89
99 0
89 95
89 95
5 89
5 50
95 5
50 95
89 95
95 5
50 89
95 13
50 95
5 127
50 95
50 51
89 50
50 5
89 95
89 95
95 89
50 5
89 95
118 42
89 95
96 107
89 113
5 95
5 95
89 95
95 72
5 95
20 64
89 5
119 123
95 42
5 95
5 95
113 89
89 8
50 117
89 95
15 83
89 5
5 50
89 5
89 95
5 89
95 89
50 89
95 89
95 50
89 95
125 6
95 5
89 95
50 95
95 23
50 39
95 89
50 75
95 89
95 23
89 5
50 95
89 5
95 89
89 5
95 5
89 95
5 73
50 5
89 95
5 95
5 89
95 5
95 89
89 95
50 95
95 5
95 23
89 5
99 96
95 50
96 99
5 89
95 89
95 5
5 95
80 50
89 110
95 50
89 50
5 50
95 74
89 95
95 89
89 95
95 23
89 95
5 89
50 102
89 95
95 17
5 95
95 14
20 83
5 95
5 95
51 126
5 95
118 65
95 14
50 95
89 95
50 86
89 95
5 50
5 89
50 5
95 89
89 95
50 95
95 50
95 50
5 89
95 89
89 50
95 50
95 5
89 95
89 50
41 23
107 13
5 50
95 89
89 5
95 5
5 89
89 95
50 95
89 5
113 74
5 95
50 2
50 106
50 89
50 89
95 5
89 95
89 5
50 5
89 95
94 83
89 50
89 5
95 5
125 71
5 89
50 89
5 89
95 89
50 95
89 95
89 5
41 105
5 95
5 89
89 95
89 40
5 89
50 115
95 5
95 5
89 95
95 89
89 30
89 5
5 50
95 50
64 46
50 116
95 89
95 89
50 5
95 50
50 95
95 89
89 95
95 66
50 95
95 50
50 95
95 89
95 89
5 95
89 54
89 50
95 50
95 89
89 0
89 95
50 5
5 89
5 89
89 95
95 50
50 95
89 50
89 50
89 84
50 89
95 89
5 95
89 95
50 95
5 50
95 50
5 89
50 95
89 5
95 50
5 95
50 95
5 89
95 89
50 95
95 78
5 50
89 95
95 50
89 95
95 5
99 58
89 71
95 50
89 95
5 95
89 116
8 5
89 50
95 5
95 50
50 101
95 14
89 95
50 89
99 100
50 89
89 95
119 123
50 38
95 5
89 5
20 8
50 95
89 95
89 50
89 2
95 50
89 5
95 50
5 50
95 89
95 50
50 95
89 95
89 95
50 93
89 95
95 50
5 50
5 89
54 14
89 5
5 89
5 89
50 89
89 97
89 50
5 95
95 89
50 89
5 95
5 50
5 95
95 89
89 95
5 119
5 107
89 50
89 95
5 94
50 95
89 92
5 95
5 50
95 89
89 50
95 89
89 50
50 95
50 20
95 89
5 95
50 95
95 50
118 65
89 95
95 50
50 95
50 17
95 5
95 5
95 50
50 95
89 95
95 89
5 47
89 50
50 95
95 50
50 95
95 5
95 89
89 63
95 5
95 50
95 50
5 50
5 95
125 95
89 95
95 89
89 95
89 95
89 50
5 95
42 98
95 5
32 74
5 95
50 76
95 50
5 95
121 13
95 89
50 89
50 95
89 5
50 89
95 5
89 50
89 95
5 50
89 5
5 95
89 14
5 89
89 50
89 14
89 5
89 95
95 89
5 50
95 5
89 95
5 89
95 89
5 89
89 95
95 89
95 89
89 50
50 47
5 50
5 89
95 50
5 73
89 70
89 95
89 95
50 89
5 73
5 95
95 89
95 89
50 99
89 95
89 50
89 5
5 89
95 42
89 5
5 50
5 95
83 106
54 50
95 89
89 95
95 47
89 50
95 89
89 5
50 89
95 5
50 95
50 95
50 89
50 95
5 14
89 5
5 28
89 115
95 89
89 116
95 50
89 95
5 73
50 95
5 89
95 89
5 95
95 89
89 77
5 89
89 50
89 95
50 89
41 68
5 14
5 95
50 95
95 50
89 95
89 95
89 5
50 95
5 95
5 95
89 5
89 14
5 95
5 70
5 83
89 95
89 50
5 50
50 5
95 89
89 95
95 89
89 95
95 5
95 89
5 95
95 23
89 95
89 95
95 89
5 47
100 14
5 95
95 14
5 89
50 5
89 95
89 95
5 95
50 95
89 95
95 89
5 89
50 95
5 63
89 95
89 95
89 50
89 5
95 89
41 113
95 89
95 5
5 76
95 89
50 95
95 14
50 12
5 89
95 50
95 89
50 5
50 95
89 95
95 50
50 110
95 14
95 89
63 79
5 95
63 96
100 14
50 95
89 5
89 95
95 5
89 95
89 50
14 68
89 95
5 95
5 95
95 89
89 95
89 95
89 95
89 5
95 89
5 89
95 89
95 50
89 95
89 50
5 50
5 89
5 89
95 5
95 50
5 89
89 5
89 50
89 95
5 95
5 50
89 95
89 122
5 95
89 95
50 8
89 95
5 95
89 95
95 89
89 95
50 89
50 123
89 95
89 95
5 73
89 74
95 89
89 5
5 89
89 95
89 95
95 89
95 5
89 5
95 89
89 95
5 89
95 89
95 89
89 50
89 95
95 89
50 95
5 95
50 95
50 95
5 89
89 95
50 95
95 89
50 89
5 95
50 122
95 5
89 95
89 124
50 89
50 95
5 95
5 47
50 95
95 89
50 5
50 5
5 116
89 95
50 79
95 89
5 50
50 48
50 5
50 95
5 95
89 95
50 95
5 95
89 50
95 89
95 50
5 117
50 5
89 30
50 89
5 95
5 110
89 95
5 95
50 95
89 95
95 89
5 95
5 95
95 89
5 73
95 89
50 123
95 89
15 83
89 95
95 5
95 14
5 106
89 95
95 5
5 95
50 5
95 89
95 89
125 38
5 95
89 95
5 47
50 89
50 5
95 50
121 85
106 95
95 89
95 50
50 89
5 95
89 5
89 95
50 95
89 95
50 89
95 83
5 95
80 125
20 64
95 5
50 95
89 95
89 50
95 89
89 5
89 50
89 95
50 95
89 95
95 14
89 5
95 89
89 50
95 5
89 5
50 89
89 95
89 95
50 89
50 95
5 95
89 95
95 5
95 5
95 5
50 5
89 95
95 14
41 102
89 5
95 5
50 89
89 95
89 95
89 95
63 120
5 50
95 50
89 95
89 50
89 95
89 95
5 47
100 119
95 50
89 95
5 95
89 5
50 95
89 95
50 95
89 95
5 89
89 95
50 122
89 95
14 83
89 50
50 5
89 56
50 89
95 50
96 61
95 89
95 89
95 5
89 5
95 89
89 95
89 95
89 73
95 5
89 50
89 50
95 50
95 14
5 95
89 5
50 95
95 89
50 20
95 89
95 5
50 116
5 89
17 83
95 89
50 89
95 89
89 95
100 119
89 95
95 50
5 95
89 50
89 5
50 5
50 5
5 122
5 89
94 0
5 95
95 89
89 50
5 95
50 95
5 89
89 13
96 52
50 95
89 95
5 89
50 95
89 97
50 104
95 89
5 50
5 95
50 95
89 95
89 95
89 95
89 95
5 50
50 5
95 5
50 95
15 34
50 95
50 89
50 95
95 84
89 95
89 95
89 50
5 95
89 5
89 5
95 89
89 95
5 50
47 10
89 23
89 95
95 50
95 89
50 89
113 58
89 45
95 89
50 3
5 50
95 89
95 5
89 95
5 50
50 95
5 95
14 5
95 89
50 95
89 95
89 50
50 14
121 86
89 95
94 70
95 50
89 95
5 95
95 89
89 95
89 95
95 50
125 4
50 114
50 5
68 15
95 5
95 89
50 89
95 5
89 95
94 70
95 89
5 95
50 95
95 89
89 95
89 95
89 83
95 50
95 50
95 89
5 89
125 124
89 5
89 5
5 95
5 50
5 50
95 5
89 95
89 95
95 93
5 50
50 89
95 5
89 50
5 95
14 81
95 50
95 23
95 89
95 50
5 95
95 89
50 121
5 73
95 89
50 119
50 95
89 54
89 95
50 116
89 95
5 89
95 5
95 89
5 50
5 95
5 95
50 95
5 123
8 94
50 89
5 95
95 89
50 95
5 50
50 33
89 95
107 13
89 50
89 82
89 95
89 95
89 5
94 74
95 50
5 50
5 95
5 95
50 95
63 96
5 95
5 50
50 95
89 95
95 83
95 14
95 5
89 95
5 89
89 5
5 47
5 89
95 89
89 95
42 81
89 95
95 83
95 5
89 50
41 35
95 89
50 89
95 5
5 95
89 47
50 95
5 23
50 89
5 50
89 5
89 106
50 95
50 95
50 45
50 95
64 97
95 89
95 50
89 95
95 89
50 5
5 95
41 73
89 50
5 89
89 95
95 89
89 5
15 34
95 83
5 89
95 50
89 95
95 89
5 50
50 5
50 95
89 95
95 89
95 122
89 50
89 5
95 89
50 95
89 95
89 95
89 50
89 95
89 16
89 5
89 95
5 89
50 89
89 95
5 95
89 23
50 95
89 95
113 58
50 95
5 95
95 89
5 47
5 50
5 95
95 23
50 95
95 50
5 95
95 50
95 50
89 95
50 95
63 39
95 5
95 50
89 5
89 95
95 5
89 95
50 0
89 50
95 50
89 95
5 73
50 95
125 52
50 89
89 95
95 89
5 95
89 95
50 89
50 89
89 5
95 117
89 95
95 5
5 50
106 70
95 50
64 61
50 95
5 95
89 95
95 89
5 95
89 95
95 89
89 5
89 95
50 125
95 50
89 50
89 50
50 95
89 95
89 95
95 5
95 89
100 51
89 56
50 89
30 50
50 95
95 5
95 50
50 95
42 51
95 89
95 89
95 89
50 89
89 30
5 82
95 5
89 5
50 95
89 8
95 14
5 95
95 5
95 50
5 89
89 5
50 5
89 95
50 95
89 50
5 95
50 95
89 95
89 95
89 50
95 50
95 14
50 95
63 96
14 81
95 89
5 118
95 50
5 89
89 95
89 95
25 74
89 38
5 89
89 95
95 5
89 50
89 50
89 5
89 95
95 89
50 95
5 95
50 95
95 50
95 92
89 95
64 83
95 89
5 95
89 5
50 95
50 72
89 95
50 95
50 95
95 50
89 95
5 50
89 95
89 95
5 95
5 95
50 5
5 73
50 95
50 13
5 109
95 89
89 50
95 50
5 95
5 50
118 95
95 14
89 95
50 5
41 6
50 95
89 95
5 47
89 50
50 95
5 95
89 95
54 30
5 50
89 95
89 115
64 92
89 50
89 5
95 50
15 79
95 89
95 5
89 95
5 77
95 50
50 95
95 89
5 73
5 95
95 5
89 95
89 95
5 95
50 95
95 5
95 89
89 50
95 5
89 95
95 79
89 95
89 95
5 95
50 95
95 4
50 16
5 95
50 89
5 95
95 89
50 95
89 5
5 50
89 50
95 89
89 50
107 79
5 89
50 95
89 95
50 78
89 50
89 95
95 5
89 95
95 110
89 95
89 74
89 95
89 50
5 95
95 50
89 95
89 5
50 95
5 95
50 95
95 5
89 5
95 89
5 95
95 50
5 47
89 95
5 95
89 50
50 98
5 73
89 63
50 95
5 47
89 50
5 95
68 15
50 95
50 95
89 95
95 89
95 89
95 50
5 95
50 89
50 95
89 95
95 89
89 95
95 50
12 89
95 101
100 119
125 122
50 95
95 14
50 5
5 95
89 95
89 5
95 50
120 42
89 94
50 95
89 2
5 89
89 123
5 89
89 95
50 95
18 89
95 89
5 95
95 5
95 89
89 95
95 50
100 14
89 95
50 5
89 95
50 5
89 50
50 95
95 89
50 122
95 50
89 95
50 95
89 50
50 95
78 121
89 50
50 89
89 5
89 95
95 89
89 5
95 50
50 95
5 89
50 95
89 95
89 17
95 50
95 5
95 89
95 5
89 5
89 95
89 95
95 50
89 95
89 50
5 95
89 95
5 95
89 95
89 5
89 95
95 89
95 89
95 89
50 5
41 9
50 95
50 95
125 84
5 95
95 89
95 89
50 95
83 106
5 95
64 42
80 50
50 95
89 0
89 95
95 5
51 116
89 95
50 95
5 50
95 89
89 50
5 89
5 89
89 95
95 50
41 28
89 95
63 96
17 31
50 95
95 50
89 95
51 63
50 5
5 62
89 95
95 5
89 95
5 73
5 89
89 95
50 95
5 58
5 89
95 89
5 107
95 125
89 50
89 50
89 95
95 89
89 95
95 30
5 89
83 106
89 95
50 95
5 95
89 5
89 95
50 70
50 89
5 95
50 95
50 60
89 50
5 89
89 5
95 89
89 50
5 50
95 50
89 50
89 95
95 82
89 50
50 95
95 89
95 89
95 23
50 62
89 95
5 95
50 5
89 95
5 89
50 38
50 95
89 50
89 95
95 89
5 95
95 23
89 95
89 5
5 95
95 5
95 89
89 95
5 95
89 95
95 84
50 5
89 50
5 50
50 89
50 89
95 50
5 50
95 50
89 50
99 24
5 89
89 5
95 89
89 50
50 89
94 24
50 95
89 122
5 73
89 95
95 5
89 44
89 50
50 5
5 50
95 89
50 45
95 89
25 106
95 50
89 95
89 95
17 125
5 111
95 89
5 89
95 89
5 50
5 95
5 59
5 95
50 95
5 50
5 50
95 89
50 5
95 5
95 5
89 50
89 95
50 89
15 95
89 5
50 95
89 95
95 5
50 5
89 50
89 95
95 89
50 95
50 95
95 89
89 50
89 95
95 50
95 89
5 50
89 95
89 95
89 5
5 20
95 5
5 50
5 95
95 83
89 95
5 50
95 89
89 95
95 89
89 95
17 50
25 106
5 20
95 89
95 89
95 50
95 23
89 50
50 121
50 95
95 14
50 95
95 50
5 95
50 95
89 50
95 117
5 50
5 47
89 95
95 115
50 17
5 95
89 95
89 95
89 50
89 95
95 75
89 95
95 5
89 95
95 89
20 121
89 95
5 47
50 95
89 95
89 95
50 5
50 95
5 50
89 50
50 95
5 63
15 83
89 92
95 89
95 5
5 95
50 89
5 95
89 95
89 5
5 95
95 89
89 5
5 95
5 95
89 50
5 95
50 5
95 50
5 94
50 95
5 95
50 89
89 5
95 89
89 95
42 94
5 42
50 95
95 5
95 89
95 89
50 95
50 95
89 95
95 5
95 89
50 95
50 96
5 89
89 5
89 95
95 89
41 92
50 95
5 95
89 50
95 50
95 89
5 47
5 94
50 95
89 50
41 68
95 50
89 111
95 89
5 95
50 95
89 50
89 95
95 23
50 89
5 81
89 95
5 89
50 89
89 105
81 42
89 50
89 50
5 95
5 89
5 95
50 95
95 50
50 39
50 95
89 95
95 5
95 5
89 50
89 5
95 14
89 95
50 95
89 95
89 95
5 50
5 18
89 95
95 89
89 5
89 95
50 5
89 95
89 95
5 95
89 95
89 5
41 68
50 5
89 5
95 14
89 100
106 70
50 95
50 75
89 95
5 89
89 95
89 95
95 50
95 14
89 5
95 5
50 95
95 5
89 50
95 89
89 95
95 5
89 95
89 50
95 89
89 50
95 50
89 95
95 50
5 20
50 89
95 50
95 50
125 83
89 50
94 8
95 50
5 111
89 95
89 95
89 58
89 5
95 50
50 0
125 78
89 95
125 44
50 95
51 65
89 95
50 95
89 95
5 95
95 50
89 5
89 78
89 95
95 109
89 95
51 91
5 89
50 89
5 50
89 95
95 89
50 95
89 95
89 95
89 110
50 5
95 71
50 95
89 95
89 95
89 95
5 89
5 95
95 89
95 123
89 95
95 89
89 50
95 89
5 110
95 89
89 95
89 95
50 89
95 50
80 50
95 89
58 48
50 95
89 5
89 95
95 50
50 14
89 95
50 95
5 121
89 50
5 89
41 68
89 95
50 95
95 50
95 5
5 89
5 95
5 47
5 1
50 94
5 89
5 50
5 95
5 89
89 5
95 115
50 1
89 95
89 95
95 89
89 95
5 95
50 41
89 95
89 30
15 34
89 95
95 5
95 89
50 95
95 5
95 89
89 5
95 50
22 94
95 50
95 50
50 95
95 50
95 5
89 95
50 95
5 95
89 116
95 23
5 89
95 89
50 5
89 95
50 95
95 89
89 5
89 95
5 89
89 95
80 125
95 5
89 50
5 95
89 95
95 55
5 95
95 14
95 89
5 95
89 50
5 95
50 89
89 95
5 95
89 95
89 95
5 122
89 50
89 50
5 95
50 95
95 50
5 38
63 42
89 95
50 95
95 5
89 95
89 5
5 73
41 19
89 95
95 5
89 95
89 95
89 95
51 80
95 89
95 50
5 50
95 63
50 95
95 50
95 5
89 95
113 83
5 50
50 95
95 5
89 95
95 89
89 95
5 95
95 89
95 89
5 89
89 127
89 50
95 14
50 95
50 45
5 50
5 50
95 18
95 19
50 32
50 95
5 50
5 50
89 95
89 50
50 1
89 4
50 95
50 95
5 50
89 50
89 50
89 95
34 111
50 89
89 95
5 45
89 95
50 31
95 89
20 64
5 73
5 95
50 125
89 50
50 5
89 95
89 95
89 5
89 95
50 95
95 89
95 30
95 50
5 71
15 34
89 5
89 95
20 8
95 50
95 89
89 95
89 45
50 89
50 95
50 95
95 89
50 95
5 91
5 95
5 95
89 50
89 95
89 50
89 50
89 83
95 89
89 66
5 36
89 5
89 95
50 95
95 50
59 63
95 122
89 95
89 95
95 14
95 50
20 8
89 5
95 89
89 95
50 5
5 89
5 23
5 95
50 95
95 89
50 95
95 23
89 95
5 95
5 73
5 95
89 50
5 89
89 95
89 55
95 89
5 99
5 50
89 50
125 85
50 95
50 95
95 5
5 7
89 50
95 5
89 95
95 89
50 95
89 95
5 89
89 5
5 95
89 95
95 89
41 68
89 95
5 50
50 89
89 95
95 89
95 89
5 95
14 81
89 95
50 95
89 95
5 63
89 95
89 95
15 34
95 50
89 95
50 5
50 95
95 89
95 89
89 95
5 89
89 50
95 50
50 107
5 95
89 95
95 89
111 70
50 95
50 95
50 95
89 95
89 95
5 50
89 95
95 89
95 89
89 95
95 5
50 95
89 95
5 95
89 5
50 81
5 89
95 89
95 89
89 95
50 63
5 89
50 95
89 95
50 116
95 50
89 95
89 50
99 113
50 95
50 95
50 39
89 97
89 95
50 74
89 95
50 95
5 47
5 95
5 81
125 74
89 95
89 95
89 95
89 95
89 95
63 96
95 122
42 121
89 95
89 50
89 50
113 74
50 95
95 75
95 5
95 23
5 89
89 95
95 89
50 73
89 95
95 83
5 50
95 5
5 89
95 50
5 73
13 64
89 82
95 89
5 95
89 95
50 89
95 50
89 5
95 47
5 73
89 95
95 89
89 95
89 95
95 89
95 50
95 89
89 50
95 14
5 95
5 89
95 5
89 95
89 50
95 89
5 95
5 50
89 50
95 71
50 95
89 95
95 5
50 95
5 95
50 95
89 50
5 89
95 89
5 89
15 34
89 95
89 5
50 42
5 89
89 95
89 50
89 95
5 50
95 50
50 95
89 50
89 95
50 89
89 5
89 71
99 91
89 95
89 95
95 89
89 95
50 95
89 95
95 23
89 5
50 95
95 89
95 5
89 5
95 89
89 95
89 95
5 89
95 5
89 95
5 50
79 80
89 95
89 95
50 89
50 5
50 95
89 95
95 89
89 95
89 95
50 5
