128 10000
95 23
50 83
5 38
5 89
50 5
95 14
50 89
95 5
95 5
95 117
95 89
54 10
113 58
89 95
95 14
50 95
95 89
5 95
89 95
50 95
5 50
95 89
89 50
50 95
50 95
50 95
50 8
50 5
95 5
50 120
5 89
95 14
50 5
95 89
89 95
50 5
95 89
95 23
50 89
89 95
89 95
5 50
89 95
95 45
89 95
5 95
89 5
42 51
95 89
89 5
118 42
50 95
95 5
89 95
89 95
5 73
89 44
89 5
5 95
95 89
89 5
89 10
95 89
5 95
89 95
95 89
89 92
17 59
89 95
50 95
89 25
5 89
89 95
50 116
89 5
89 95
50 95
95 89
89 5
95 50
89 5
89 95
95 5
50 40
89 95
50 39
15 34
50 5
5 89
95 89
95 89
89 95
89 95
5 89
95 50
50 95
50 95
89 5
89 95
50 115
95 50
121 110
50 95
5 50
5 3
32 74
89 64
5 60
89 5
5 50
95 89
50 95
95 5
50 89
89 95
50 89
89 95
89 50
50 5
95 50
5 89
5 50
5 95
50 5
95 5
89 50
89 50
95 89
50 95
5 95
89 5
89 5
95 89
50 5
95 89
50 95
89 95
95 89
95 5
95 50
95 89
89 95
95 5
5 89
89 95
89 24
95 50
95 89
50 89
41 70
5 119
5 89
5 89
50 89
50 95
95 5
5 95
89 5
95 89
5 89
95 50
50 92
94 13
89 95
95 89
54 80
99 92
95 89
95 89
95 89
5 95
89 95
5 122
95 109
95 5
5 95
5 73
89 95
89 50
50 5
89 95
89 95
89 95
41 75
95 50
5 95
50 89
5 47
50 5
95 89
95 5
47 98
95 5
50 29
50 5
95 5
89 50
50 95
89 95
50 89
50 12
89 14
95 23
95 89
95 50
50 95
89 95
89 23
5 95
95 89
50 95
50 95
50 5
95 50
50 95
50 95
89 95
50 89
89 50
95 89
50 5
68 15
50 95
5 95
13 107
50 95
89 50
5 95
50 95
95 50
89 5
50 95
5 95
95 5
89 50
89 50
95 40
89 95
50 95
5 95
50 89
89 95
5 95
89 95
50 95
50 5
89 24
5 50
50 5
1 89
5 89
89 95
99 116
95 50
89 95
50 95
89 50
34 95
89 95
5 81
89 50
50 95
95 5
89 50
50 95
89 95
95 89
95 5
89 80
95 79
89 95
89 95
95 14
50 95
95 89
95 50
50 95
50 95
5 67
5 89
5 89
50 95
5 95
5 89
51 63
95 50
89 5
89 5
89 95
50 71
5 89
89 95
50 89
5 95
5 116
5 89
50 39
95 89
95 89
95 89
41 26
50 89
89 95
89 97
89 95
5 73
5 95
54 10
89 38
95 5
95 89
94 46
5 50
89 5
5 95
95 89
95 5
89 95
95 50
64 109
95 5
89 50
5 89
89 95
95 123
95 5
95 50
5 95
5 95
95 89
50 81
50 5
89 5
89 95
89 0
89 95
89 95
89 95
89 50
89 95
95 50
95 89
50 5
89 50
89 95
89 95
5 95
95 89
121 38
5 95
50 89
89 95
50 95
5 95
95 79
50 95
5 95
89 95
89 5
89 95
50 95
89 50
95 89
68 14
50 95
5 80
89 95
89 46
89 95
95 5
50 5
5 95
5 95
95 89
89 95
5 95
95 50
50 95
95 5
89 95
119 123
89 15
89 5
50 5
50 95
5 95
50 95
17 4
5 50
89 95
89 95
95 89
95 50
89 95
89 95
50 5
89 95
5 89
95 89
5 89
99 44
89 9
5 50
89 95
5 95
89 47
50 95
89 5
50 95
50 5
5 95
50 95
50 95
125 31
118 13
89 95
95 71
95 89
89 95
95 89
89 50
50 20
5 47
89 50
95 50
89 95
5 68
95 50
8 93
95 5
89 95
5 95
50 89
95 14
50 96
5 95
15 83
89 95
95 89
95 50
50 95
5 0
50 14
89 5
51 111
89 95
89 95
14 81
5 95
5 50
64 42
5 89
95 5
89 95
89 50
95 89
95 23
89 95
89 50
95 89
95 5
5 95
5 50
5 50
50 95
50 95
89 95
5 50
50 95
50 83
89 95
89 88
50 89
107 13
95 5
95 50
89 95
89 95
50 5
95 89
95 5
83 79
89 95
50 95
50 5
89 95
79 113
50 89
95 50
76 50
95 5
95 101
54 66
5 95
89 50
89 95
5 89
95 89
50 89
95 89
95 89
95 5
95 20
81 42
89 32
95 89
95 89
95 74
50 122
95 89
89 5
89 95
95 89
95 23
89 95
65 91
95 50
89 95
89 98
95 50
63 120
50 95
89 5
89 95
89 68
95 5
89 95
95 89
89 95
95 89
5 73
5 89
50 5
89 95
5 95
89 5
89 95
50 95
5 95
89 95
89 50
50 29
20 64
89 95
5 107
89 95
89 95
89 84
5 95
50 96
5 56
50 5
50 89
89 95
50 95
89 42
95 50
95 89
95 23
5 95
89 95
50 95
89 50
95 79
95 5
89 50
89 40
23 95
5 47
5 95
95 89
95 89
50 5
50 95
5 89
20 64
95 89
89 95
89 95
89 95
89 95
95 5
89 95
89 95
5 68
83 95
50 89
50 48
5 95
95 89
89 95
95 50
94 20
95 89
50 95
50 95
95 5
5 89
50 57
5 42
95 89
5 95
89 50
5 47
50 5
50 76
5 47
95 89
95 5
50 5
50 95
89 95
89 5
95 89
5 95
95 50
95 23
5 47
89 50
95 109
50 95
89 95
5 0
5 95
50 95
89 50
89 50
89 97
113 58
89 95
5 50
89 95
89 50
113 58
5 89
5 95
89 5
89 5
50 95
5 95
95 5
50 123
95 89
89 95
50 89
89 95
89 95
50 95
50 89
5 89
89 50
50 89
95 89
121 56
89 95
5 81
95 57
50 17
89 50
95 50
73 5
95 50
95 89
5 89
50 95
5 95
5 50
89 95
5 89
89 95
89 23
50 95
5 73
95 5
5 95
89 95
89 95
50 95
95 89
95 50
50 95
50 95
95 5
5 50
63 96
5 95
89 95
89 5
89 95
89 95
89 5
89 5
50 95
5 50
95 89
95 14
50 95
89 95
5 95
89 95
50 89
89 10
89 95
50 95
89 95
50 89
89 50
89 118
95 125
50 95
89 95
95 5
89 95
50 95
89 50
89 95
50 14
5 89
95 89
5 73
89 95
95 5
50 5
95 50
89 95
5 89
95 89
95 50
41 93
89 75
89 95
89 95
95 89
95 5
17 121
89 5
50 16
95 5
50 79
89 50
95 89
89 95
89 50
95 82
50 83
95 89
50 41
5 89
89 95
5 50
95 5
89 5
89 50
54 83
95 89
50 95
89 23
5 50
95 50
89 95
51 5
95 89
89 95
50 86
89 95
5 95
50 95
50 89
89 95
95 50
95 89
89 50
50 95
5 50
89 95
95 89
89 50
89 95
5 95
51 5
89 5
89 95
95 50
25 106
89 95
5 95
95 5
5 95
50 83
89 95
95 111
89 95
95 89
95 5
5 50
89 95
95 89
50 79
95 50
89 95
50 95
50 5
50 6
50 5
89 50
5 95
89 50
50 95
89 95
121 1
5 50
95 89
95 89
5 89
50 95
5 50
95 123
50 5
89 95
89 95
5 50
89 95
50 33
95 5
17 43
95 89
5 95
95 75
50 5
50 95
5 73
50 95
95 5
5 95
95 5
50 95
89 50
50 95
89 95
89 95
50 95
89 50
50 95
95 50
50 17
5 47
95 23
89 95
89 95
50 66
5 89
107 13
89 95
95 89
95 99
5 95
89 95
5 89
89 50
15 34
5 89
89 95
89 95
70 42
89 95
89 95
95 89
89 95
5 95
5 17
125 83
95 14
95 14
50 95
89 95
50 95
89 5
89 95
5 73
5 50
89 95
89 95
5 89
5 50
5 95
89 95
89 5
95 109
89 95
89 97
5 95
89 50
89 95
95 89
50 95
5 89
50 89
50 49
95 50
5 95
50 124
95 47
95 89
5 95
89 95
95 50
5 17
95 89
95 5
89 94
95 5
5 95
50 95
89 95
89 95
5 50
89 5
89 95
95 89
89 95
95 113
5 1
50 95
17 8
89 95
95 102
95 97
89 95
5 95
95 89
50 95
95 52
50 95
5 89
95 89
50 89
89 50
20 123
5 47
5 50
5 95
95 89
5 73
89 95
23 95
89 95
50 95
95 89
89 95
89 95
89 19
95 89
50 95
89 95
5 95
95 89
95 5
89 95
95 89
5 89
89 95
5 95
50 5
5 89
50 22
5 95
95 50
89 95
89 95
95 89
89 5
95 5
89 95
89 50
95 89
95 50
5 95
95 5
95 89
89 50
89 95
89 50
95 89
89 50
95 5
95 89
5 95
50 63
89 95
50 95
89 5
95 50
95 50
5 89
95 5
89 50
5 95
5 95
89 95
64 83
5 47
89 95
17 95
89 95
95 89
5 58
89 10
50 89
89 50
121 47
113 58
95 78
89 95
89 95
89 95
95 89
95 50
64 11
5 17
95 50
95 5
89 95
50 95
95 50
89 50
50 5
89 50
50 95
89 95
5 50
5 89
50 89
5 20
5 125
89 95
50 95
95 50
89 5
5 89
5 95
89 5
89 95
89 20
89 95
95 89
50 95
5 95
89 95
50 95
89 95
89 95
50 95
95 89
95 50
95 89
89 95
95 5
50 75
94 112
50 45
89 95
5 95
95 89
95 5
89 50
89 95
95 89
50 95
89 95
65 112
95 50
50 95
89 95
5 47
89 95
50 95
95 5
68 15
89 50
50 95
89 95
5 89
5 89
50 89
50 89
50 28
50 95
15 79
95 89
95 30
89 95
5 95
5 74
50 95
95 50
89 95
89 50
89 95
95 50
50 89
89 95
89 95
89 95
5 56
95 89
50 5
89 95
50 20
95 3
89 50
95 89
95 89
50 3
50 95
89 5
95 50
89 5
89 78
89 50
50 123
89 50
81 42
89 51
89 50
89 50
50 89
89 5
95 50
50 89
100 14
89 95
5 106
41 113
50 5
50 95
50 95
95 50
89 95
95 54
89 50
89 95
95 89
95 50
5 95
5 50
95 93
5 89
95 5
50 95
121 92
95 89
95 89
5 50
89 50
95 89
50 89
89 95
5 50
95 89
89 50
5 95
50 95
5 89
95 89
89 50
89 50
95 50
50 5
95 18
95 89
89 50
50 95
5 95
89 95
89 95
5 95
89 5
89 50
50 89
5 95
95 50
89 95
89 95
95 14
63 79
95 50
95 89
95 23
50 5
5 95
89 95
89 95
95 89
89 95
5 89
50 89
89 50
123 119
89 5
50 5
50 95
89 50
95 89
89 50
5 50
95 89
89 95
5 47
89 5
89 95
95 89
50 5
89 5
50 95
95 50
89 5
95 89
89 50
89 95
89 95
5 95
50 95
5 95
5 89
95 50
89 95
50 60
50 89
5 95
5 89
89 95
5 95
95 89
50 95
89 50
95 5
50 5
50 123
5 89
5 95
89 95
89 123
121 9
50 89
50 95
95 5
89 95
89 95
50 95
95 80
89 5
95 50
95 50
56 5
95 5
89 95
95 5
50 11
51 6
51 15
50 119
89 50
100 14
50 95
5 30
95 89
89 53
89 50
95 5
89 50
95 89
50 95
5 89
95 50
95 5
89 5
74 99
89 95
89 5
95 38
50 95
95 89
95 50
95 89
5 95
99 45
89 95
95 89
89 95
95 89
89 50
25 100
89 95
95 89
95 89
5 56
89 95
5 50
95 89
89 84
5 89
50 89
5 50
95 89
95 5
95 5
89 95
95 5
89 95
5 95
5 95
89 95
50 95
89 95
89 5
5 50
50 95
89 5
95 5
89 95
50 95
89 95
95 5
89 95
95 89
50 95
89 5
95 50
95 5
14 81
89 50
50 89
89 50
89 5
89 68
89 95
95 109
95 89
89 95
89 50
5 95
89 95
5 50
5 95
20 60
89 95
5 95
89 50
89 95
5 95
5 95
5 60
15 34
63 120
89 50
89 50
89 50
125 127
95 5
5 50
95 50
5 4
5 50
89 95
5 50
5 89
89 95
95 89
89 115
89 95
89 95
50 5
95 5
89 95
89 50
89 50
5 89
89 5
95 50
95 109
65 101
50 5
50 89
5 50
95 89
5 89
89 95
50 95
95 89
50 45
5 95
95 89
89 50
5 95
5 47
95 89
50 5
89 50
89 50
50 95
95 5
96 32
5 95
95 89
89 95
50 95
95 89
95 5
89 95
95 89
89 95
95 89
50 110
89 95
5 117
89 95
5 95
50 95
59 89
95 5
5 95
89 50
95 26
5 111
107 89
95 5
50 89
89 5
95 89
50 78
5 95
95 89
50 116
89 95
50 95
5 73
5 89
41 119
95 89
89 95
95 89
89 95
56 5
50 95
89 95
95 23
89 50
50 95
89 50
50 95
5 95
89 95
50 95
50 7
5 73
89 95
50 20
95 14
64 13
89 50
89 50
50 26
89 73
5 89
89 95
50 95
5 95
95 89
89 4
89 66
89 95
99 23
95 14
95 89
95 50
5 95
89 95
89 95
95 50
89 95
50 89
95 107
95 5
5 89
5 75
64 83
95 50
89 50
89 95
50 89
89 95
95 89
89 95
50 89
50 5
89 5
95 50
50 95
50 105
95 50
5 95
99 2
89 50
95 75
89 95
95 89
95 125
95 35
89 95
99 49
89 50
89 12
54 95
95 5
50 101
89 95
95 89
63 120
50 89
5 95
89 95
89 56
50 5
89 95
95 5
5 50
95 50
5 89
50 95
50 95
50 89
89 50
89 95
95 89
95 5
95 23
15 79
89 95
89 95
50 95
50 59
89 5
95 5
89 95
50 95
95 50
5 95
95 89
50 95
95 50
89 50
89 95
50 5
50 89
50 95
95 50
95 73
89 95
5 47
5 89
95 5
5 95
5 95
89 95
95 89
89 68
119 123
89 95
5 95
5 95
64 94
89 53
95 89
5 95
50 83
50 89
5 95
89 95
95 89
95 50
95 5
95 14
15 83
51 4
95 89
50 5
89 50
95 89
94 14
89 95
50 98
95 89
89 5
50 89
95 50
89 95
5 50
95 89
5 17
89 95
89 5
89 95
89 5
50 23
89 50
95 39
95 89
95 5
50 122
5 95
5 89
95 50
89 95
5 95
50 95
95 89
95 50
5 47
95 122
5 50
95 89
89 5
89 18
50 95
95 50
50 95
95 50
95 23
89 95
89 50
89 50
5 95
95 89
95 89
89 95
95 89
50 95
89 95
89 95
89 5
95 5
50 5
89 95
89 5
89 95
50 89
99 117
50 95
50 95
5 50
89 50
89 95
5 73
5 95
89 95
95 5
5 89
89 95
89 5
50 95
118 65
95 89
89 95
50 95
50 95
95 89
5 102
89 50
50 89
5 89
89 95
89 95
89 95
125 111
5 95
5 47
5 74
5 95
5 50
119 5
58 83
5 73
5 18
89 44
95 89
89 5
89 84
95 115
89 50
50 95
95 43
89 5
96 23
89 95
95 89
89 95
113 58
89 95
89 50
5 89
5 95
50 5
95 89
89 95
50 95
50 95
47 20
95 89
5 74
75 58
50 95
50 89
50 89
50 95
89 5
118 42
95 14
89 95
95 89
5 50
95 50
95 23
89 50
89 95
5 95
68 15
50 95
89 50
95 89
95 89
50 95
89 50
5 89
70 42
89 95
95 5
89 95
89 5
5 95
5 3
89 50
95 89
89 95
54 25
50 95
89 105
95 89
5 73
95 89
89 95
50 89
89 50
89 95
5 50
95 89
50 95
95 89
50 89
95 50
89 50
89 95
50 95
5 38
5 89
89 95
5 95
95 5
50 95
95 50
95 89
5 95
123 119
95 89
89 95
95 99
89 95
5 95
95 16
95 50
50 95
95 89
89 5
5 89
95 23
5 50
5 73
50 95
50 95
89 95
5 95
95 48
95 89
95 5
89 95
89 95
89 5
95 89
50 95
5 50
95 89
5 89
89 95
5 89
5 95
5 89
5 50
125 113
5 73
89 50
50 95
5 80
50 89
95 89
95 89
89 95
50 5
95 89
95 23
95 89
89 95
89 50
95 89
95 5
95 50
5 95
89 50
89 72
89 95
95 89
89 5
50 89
5 89
95 50
89 95
5 50
5 89
89 95
5 95
89 95
5 95
89 5
89 95
89 83
95 89
50 89
89 95
96 83
89 95
89 95
89 95
89 95
89 95
95 50
50 95
50 5
5 89
89 95
50 89
89 95
95 50
89 95
95 89
20 5
95 89
5 95
50 5
95 89
5 95
50 74
89 95
89 95
5 50
50 5
89 95
95 5
89 95
89 95
58 113
125 38
50 89
5 50
50 89
95 48
95 89
89 95
95 89
95 89
5 81
89 95
5 50
95 89
95 50
89 95
89 95
89 5
95 5
89 5
95 50
50 95
89 32
50 95
89 5
89 95
89 95
50 95
89 50
50 16
95 89
89 5
17 10
50 89
89 50
64 94
50 89
5 73
64 70
20 64
89 95
50 95
89 95
5 95
50 95
50 95
50 95
89 95
50 95
50 52
89 50
89 95
89 95
89 95
5 89
5 42
95 14
89 95
95 89
89 95
5 79
89 5
95 89
89 95
95 89
89 95
95 89
89 95
50 5
89 95
50 95
5 95
50 82
89 95
50 115
5 95
5 50
50 95
5 95
89 50
5 50
95 50
95 50
51 5
89 95
89 95
89 50
50 89
95 5
95 5
5 63
89 73
89 95
89 5
95 50
89 5
20 8
89 74
95 89
89 95
95 50
5 95
50 95
5 95
5 89
89 50
50 95
95 50
50 95
95 50
65 8
50 95
50 121
50 77
95 89
95 89
95 89
89 50
50 63
89 95
95 89
5 95
95 71
89 5
89 50
89 95
89 5
95 5
5 95
95 89
5 47
95 89
5 95
89 95
95 50
5 89
50 95
89 95
89 95
89 95
95 50
89 14
89 95
5 89
50 89
95 50
50 5
89 5
5 95
95 89
95 14
89 95
50 5
50 5
95 89
50 86
50 95
89 95
50 95
95 89
95 5
5 81
5 95
5 89
5 95
95 5
95 5
15 79
89 95
89 50
113 58
95 23
95 50
95 5
50 95
89 50
50 4
89 95
89 95
5 95
5 50
89 95
89 5
89 95
89 95
89 95
95 50
89 95
5 65
5 95
89 95
95 89
5 95
95 89
50 95
89 50
95 23
95 5
5 17
95 50
95 8
51 42
89 95
95 50
50 5
50 95
89 95
95 89
95 109
89 95
89 95
95 50
5 89
95 89
89 50
17 26
5 95
95 89
89 50
95 50
95 89
50 1
50 95
5 89
5 95
95 89
123 119
95 89
5 48
5 95
50 5
95 89
5 50
89 5
95 78
95 89
89 95
89 95
5 50
89 95
5 95
89 50
50 89
95 93
5 95
89 95
95 89
95 50
89 95
95 5
5 95
5 89
89 95
50 95
95 89
119 8
5 10
95 50
50 89
15 34
5 95
89 50
89 95
89 95
50 95
95 5
95 89
50 95
5 95
50 89
95 89
119 100
5 89
5 36
5 50
5 50
95 50
118 42
5 50
95 89
15 79
94 125
50 95
89 95
89 95
5 95
89 95
89 95
95 50
89 50
89 95
89 95
5 50
50 89
5 95
50 79
50 89
95 5
50 100
5 95
89 95
95 89
89 50
5 89
89 50
89 95
95 50
89 95
89 95
50 121
95 50
68 15
5 73
89 95
95 5
89 95
89 95
95 50
5 95
89 95
89 5
50 89
89 95
5 123
5 95
95 50
89 95
89 100
5 50
89 5
89 95
5 73
5 89
5 42
15 34
50 95
89 60
89 95
95 89
89 95
95 124
89 5
5 95
50 95
5 89
89 50
89 95
5 10
5 95
5 89
50 95
50 95
5 89
89 107
89 95
50 89
95 89
95 23
50 95
89 95
15 83
5 95
5 89
50 19
89 50
95 5
50 89
89 30
89 95
5 95
50 0
95 89
95 89
95 5
95 89
95 89
95 5
89 5
5 47
89 50
113 58
95 5
50 89
89 95
50 95
95 89
95 89
95 50
50 89
95 89
89 95
5 50
5 50
95 5
89 95
95 23
89 95
95 89
50 95
5 78
95 23
89 95
89 95
89 95
89 95
89 85
89 95
95 89
89 95
95 17
5 95
5 38
50 89
50 95
50 95
95 56
56 94
89 95
54 50
89 5
95 50
89 50
95 5
89 95
95 5
89 2
95 13
89 95
95 89
50 95
14 81
94 77
95 14
95 123
50 95
95 50
95 50
89 95
50 45
89 95
50 95
5 50
95 5
89 95
95 83
50 89
50 95
118 42
95 50
50 89
5 89
50 95
89 95
5 89
5 95
5 50
50 95
5 95
89 95
89 95
89 50
50 10
89 50
5 89
89 95
113 83
89 16
5 95
5 95
95 89
89 95
95 23
89 95
89 50
5 95
50 95
95 50
64 83
95 89
5 95
5 28
95 5
5 89
89 50
89 5
50 121
5 95
5 47
5 95
89 95
14 100
89 50
50 95
5 15
89 127
5 50
50 33
5 95
50 15
89 95
95 89
89 95
5 35
5 50
32 74
89 5
5 39
50 95
95 50
5 95
5 95
95 89
14 95
95 50
95 50
63 120
99 47
89 95
50 95
95 89
89 95
89 95
89 50
41 48
89 95
89 95
95 5
50 95
95 49
89 5
5 95
89 95
5 89
5 95
50 95
95 50
50 89
89 75
50 95
89 95
95 89
96 40
75 89
95 5
5 89
95 50
95 89
50 106
50 95
50 89
95 89
5 95
5 95
50 95
50 89
50 95
5 89
5 95
89 95
50 75
89 50
50 39
50 95
89 57
89 95
89 95
47 98
95 50
89 95
89 5
95 50
100 119
89 95
89 109
5 95
79 54
50 89
89 95
89 95
95 83
50 95
95 89
95 10
50 95
89 95
89 95
95 89
95 89
89 95
95 89
89 95
17 8
89 95
95 89
89 125
95 64
89 79
95 89
95 14
89 95
50 95
5 0
89 95
5 95
89 96
95 50
50 5
89 50
50 5
5 95
95 89
50 95
89 95
5 50
89 95
95 5
89 5
17 7
50 95
95 89
99 125
89 95
89 95
89 95
14 81
50 5
95 50
41 68
95 89
50 20
5 95
5 74
15 79
95 89
34 15
89 5
89 101
51 63
89 50
5 95
95 50
95 14
125 95
89 95
89 5
89 95
5 95
89 95
95 89
89 95
50 4
89 95
5 95
95 89
89 5
89 95
5 23
50 95
95 5
95 50
50 95
5 50
89 95
50 18
54 50
95 115
95 82
95 23
95 89
89 81
5 95
5 95
89 95
5 47
50 93
95 14
89 95
89 50
50 95
5 95
5 89
89 50
89 95
89 95
89 50
5 50
5 95
89 50
89 5
99 43
89 50
50 95
58 89
89 95
54 15
95 31
5 95
5 95
5 50
89 95
95 78
95 89
5 50
89 95
50 95
95 89
89 95
89 50
95 50
5 89
50 95
5 95
89 98
89 95
95 56
95 89
50 95
89 95
95 50
95 89
123 119
89 95
95 89
50 89
20 64
5 50
95 5
50 89
95 5
89 5
95 5
89 50
89 5
5 89
15 34
89 95
50 83
50 95
89 95
5 89
50 95
95 89
89 95
95 83
50 95
89 95
95 89
95 14
89 95
95 5
95 23
89 95
95 23
89 95
5 73
89 50
89 50
50 5
89 95
5 95
5 89
89 95
5 50
5 89
95 89
5 50
89 8
89 95
95 23
95 89
89 95
95 89
89 5
50 89
5 50
95 89
5 89
5 95
89 95
50 71
95 50
13 81
89 50
95 5
50 89
50 5
95 5
5 61
89 95
17 25
50 71
50 89
95 89
111 42
89 50
5 95
50 5
5 102
95 5
95 5
50 5
5 17
51 32
89 50
5 89
50 95
89 120
5 50
79 54
95 89
81 100
5 95
95 89
95 50
89 5
89 124
95 89
95 89
89 122
95 50
89 94
89 95
95 5
89 5
89 50
15 23
5 73
95 89
95 5
95 50
50 95
50 5
50 95
111 42
89 95
50 89
89 95
89 5
89 95
89 95
89 95
89 95
89 95
83 79
89 95
50 95
89 95
95 89
95 47
5 95
50 95
89 78
89 95
5 95
89 95
50 9
5 50
89 95
89 95
89 95
121 110
50 95
89 95
89 5
95 89
95 57
89 95
89 23
5 50
50 95
107 13
95 5
121 105
95 50
20 8
89 95
89 95
96 79
95 50
5 95
89 95
89 100
89 95
50 83
50 119
95 52
5 47
5 47
95 89
5 50
95 89
89 84
89 50
95 80
95 50
54 25
89 95
63 79
5 89
15 79
89 95
89 95
50 89
50 95
50 95
95 14
5 89
5 95
50 16
95 5
50 95
89 50
89 5
89 95
50 95
89 5
95 5
50 60
89 95
95 5
95 89
95 14
50 41
89 50
95 89
95 89
89 95
5 89
89 95
5 95
89 5
89 5
50 20
5 89
89 95
50 95
5 89
89 50
89 95
13 5
5 95
20 121
95 23
50 95
89 95
50 95
95 89
89 95
95 5
95 14
95 50
89 50
5 95
95 89
5 89
50 78
89 95
89 95
5 95
95 42
50 89
95 5
5 95
5 95
89 95
50 95
50 26
95 23
89 95
95 89
89 95
89 95
5 95
50 5
95 5
50 43
89 5
89 5
89 95
50 95
95 89
89 50
50 95
5 95
89 50
95 89
5 95
89 50
113 58
89 5
89 5
89 50
95 89
50 89
89 95
89 95
50 89
89 50
5 95
19 50
89 95
50 95
50 5
89 95
50 89
5 50
17 19
89 95
5 59
89 95
125 80
95 7
95 5
5 95
5 47
5 95
5 89
89 95
95 52
5 89
50 95
89 95
95 94
89 95
14 81
89 119
89 95
95 54
95 89
89 95
89 40
95 89
95 5
89 95
89 95
89 50
89 95
89 95
89 50
89 95
89 95
5 95
20 64
95 50
50 89
89 50
89 5
89 95
95 50
5 89
89 95
95 50
95 89
95 50
50 89
5 89
20 64
95 50
5 47
118 13
5 89
5 95
89 50
94 40
50 95
89 95
50 95
5 95
50 95
89 95
95 89
121 16
50 95
89 5
5 89
95 30
50 95
89 95
5 92
50 95
95 14
95 117
89 63
89 5
89 95
89 75
50 95
50 5
89 50
5 50
5 95
95 93
95 89
50 95
89 95
89 50
89 122
118 42
89 5
95 48
89 95
5 95
89 95
5 51
5 50
95 50
89 95
95 89
95 5
50 95
50 89
95 89
50 40
95 5
95 50
89 5
89 50
95 89
15 34
95 50
5 95
95 5
95 89
95 5
89 50
50 95
95 5
89 5
50 95
95 89
5 89
81 100
89 50
15 83
95 50
89 50
50 5
14 81
50 89
89 42
89 5
95 89
50 89
89 95
89 95
95 89
89 50
95 23
111 42
5 89
5 95
89 95
95 89
5 95
89 95
50 89
68 14
50 95
95 50
50 61
95 5
89 6
89 95
89 95
5 50
50 95
89 50
5 95
89 50
17 80
50 95
42 51
95 89
50 5
50 95
95 93
50 89
95 89
95 89
89 5
89 54
89 50
89 50
89 95
89 95
95 79
89 95
5 89
89 50
95 5
89 50
54 24
42 51
50 95
89 50
125 92
95 89
95 50
95 50
89 50
5 95
5 95
5 89
5 73
89 95
5 95
5 50
95 5
50 95
95 17
5 73
50 95
89 50
95 50
95 5
119 123
95 89
95 82
50 89
95 14
89 95
95 89
95 14
95 80
89 95
95 5
95 89
50 95
5 79
50 95
94 12
5 95
50 89
5 95
50 89
50 95
50 5
5 50
89 95
5 50
95 50
50 95
89 95
5 95
89 95
89 95
5 47
89 47
5 95
50 95
89 95
54 24
95 50
5 51
89 95
89 95
95 50
89 95
89 95
89 95
89 50
89 95
95 5
89 95
5 89
89 50
5 50
89 95
89 5
89 95
89 95
50 89
5 50
89 95
50 95
89 95
81 64
95 89
95 89
89 95
95 5
95 50
95 89
95 89
89 95
5 95
95 89
89 5
89 50
5 50
5 95
95 50
89 95
89 95
89 95
5 95
50 5
89 50
50 5
89 50
89 95
50 95
5 50
99 61
95 5
50 84
89 95
89 95
50 5
50 89
50 38
89 95
89 95
50 5
89 95
89 50
95 50
54 50
50 95
50 95
50 95
50 23
95 89
95 89
8 64
95 5
95 14
89 95
50 95
95 50
89 95
95 89
89 95
50 5
50 89
89 95
95 89
89 95
50 95
50 95
50 95
50 95
95 5
95 50
50 89
95 5
50 95
89 95
50 5
41 31
89 95
95 26
89 95
89 5
95 5
50 95
50 95
89 5
5 89
89 50
89 5
95 89
95 89
5 89
89 95
89 95
89 5
89 95
95 5
95 89
50 63
89 95
95 63
89 50
89 5
89 95
89 50
5 120
89 95
5 50
63 96
5 89
95 89
5 95
89 5
50 31
89 50
15 83
95 14
89 50
89 95
5 95
95 20
5 95
96 5
5 95
95 23
95 50
95 50
95 89
89 95
5 50
89 5
50 7
50 89
89 5
95 89
89 95
95 50
95 89
89 95
89 95
5 95
89 50
89 50
89 95
89 5
34 111
5 95
50 97
95 89
95 50
5 47
95 89
30 89
95 5
50 95
95 5
89 95
50 95
50 89
5 95
89 5
50 95
5 95
5 95
95 50
89 95
5 89
95 89
95 89
89 50
89 50
95 50
50 5
5 95
63 120
95 50
89 95
95 5
95 89
89 95
89 95
95 5
5 95
5 95
5 50
50 95
50 95
95 50
95 89
89 95
89 95
5 95
5 89
89 95
89 50
50 5
95 89
50 70
89 50
50 95
89 95
50 95
59 83
89 119
63 79
89 95
5 95
50 95
95 89
89 50
89 95
5 95
50 95
5 95
5 89
95 89
89 5
50 95
95 23
50 57
89 95
89 95
95 89
95 23
5 95
95 50
89 95
89 95
50 99
5 95
89 50
5 95
5 95
50 95
95 50
95 89
89 2
95 89
50 95
89 5
89 50
50 95
50 95
50 95
5 95
95 89
5 95
50 95
89 95
5 89
113 58
95 89
89 95
5 95
95 89
89 5
89 95
5 95
95 60
95 89
89 95
89 5
5 89
95 50
89 95
51 112
95 89
89 64
89 95
50 89
89 95
113 58
50 89
5 95
89 5
5 95
89 123
50 5
95 50
93 5
89 95
89 115
89 95
50 95
89 95
95 89
5 95
99 5
50 65
89 5
15 79
95 89
95 117
95 105
95 5
95 93
5 95
89 95
15 34
89 95
119 8
89 95
5 95
50 52
5 95
5 89
5 51
89 95
5 89
89 124
5 89
89 102
89 95
95 89
89 95
95 5
95 89
89 95
50 89
95 89
89 95
5 89
5 95
50 95
89 95
5 23
95 89
50 5
5 95
89 50
95 89
95 89
5 89
95 89
5 95
89 95
89 95
89 5
89 50
50 95
89 95
89 95
5 95
5 50
5 89
50 28
89 5
89 95
5 50
95 89
5 54
5 89
89 95
50 95
89 50
50 95
95 50
95 5
50 95
89 5
89 95
50 95
5 95
89 95
89 83
89 5
50 95
113 58
95 50
95 5
89 95
50 89
5 89
89 95
89 95
89 95
5 119
5 95
50 122
55 64
89 95
95 5
5 38
64 13
95 89
95 89
95 89
5 73
50 5
50 95
68 15
95 89
95 89
89 50
89 5
5 80
89 95
89 95
5 24
89 5
50 95
89 95
95 89
5 73
5 95
95 79
95 89
89 95
95 50
5 95
106 95
20 64
50 89
95 50
89 50
89 95
95 89
5 89
5 95
89 95
95 50
95 89
41 26
50 59
89 95
95 50
95 89
95 89
5 50
5 89
5 95
89 95
95 89
95 89
95 50
50 89
95 89
50 112
89 5
50 95
95 123
95 5
95 71
95 89
95 5
5 95
5 89
89 114
89 95
5 89
89 5
95 5
89 5
89 66
5 89
50 89
89 50
41 83
42 38
50 54
95 5
89 50
95 89
89 34
89 5
89 95
95 50
5 89
95 89
5 73
95 89
89 95
50 95
95 5
89 95
89 50
95 50
50 75
89 95
5 95
89 95
95 50
95 14
5 89
5 95
5 95
89 95
89 95
5 89
89 50
89 5
5 50
50 95
89 95
50 5
95 89
5 95
95 89
95 89
95 50
63 120
5 50
89 95
89 95
50 97
50 95
89 95
95 50
5 89
95 89
5 95
89 50
5 95
89 95
95 89
5 50
50 54
50 95
89 95
5 89
95 71
89 95
99 31
95 50
95 89
5 34
50 95
41 12
50 5
95 89
5 95
54 119
89 95
95 89
95 14
50 5
14 81
89 95
89 71
89 23
20 64
50 110
64 123
89 50
50 115
113 58
89 5
5 50
95 89
89 95
89 95
89 95
89 95
89 115
95 5
50 95
95 47
121 94
89 95
50 95
95 89
5 50
50 95
50 95
64 48
95 5
89 50
89 5
50 89
89 95
5 89
95 89
5 95
95 97
95 89
89 50
5 73
50 95
5 95
50 83
125 118
95 50
89 95
89 95
95 5
89 95
50 95
5 73
5 89
95 50
89 5
89 5
58 113
95 89
95 50
5 95
64 83
51 83
95 50
89 95
89 50
50 95
89 50
89 5
50 95
95 50
50 95
95 89
5 89
95 89
89 95
5 50
89 95
5 95
5 50
5 95
89 91
95 5
83 106
50 20
89 5
95 89
5 95
50 95
5 123
89 50
50 95
95 89
5 89
95 50
96 119
95 89
5 89
5 50
89 95
5 95
5 50
89 50
50 110
106 95
95 89
50 95
95 50
50 95
89 95
89 95
5 89
89 95
5 95
95 89
50 95
50 89
89 50
95 5
89 5
89 95
50 34
50 38
89 95
89 50
95 89
95 23
95 89
89 5
5 95
50 107
89 50
89 95
5 95
5 50
5 89
95 89
50 95
15 34
5 73
89 95
50 89
89 20
89 50
89 5
50 89
89 95
89 95
50 5
50 5
51 14
5 89
5 73
89 5
95 89
95 89
113 58
5 66
5 95
89 8
50 5
95 89
50 95
89 95
5 95
5 95
89 95
50 95
89 95
8 94
5 95
95 18
14 100
5 95
95 89
50 5
89 29
89 95
50 95
50 95
50 5
5 109
89 95
89 95
95 89
89 95
95 50
50 95
5 50
50 95
89 50
5 95
89 95
5 95
5 95
89 95
89 5
5 89
95 89
95 50
89 50
50 79
5 54
89 95
50 95
94 126
50 5
89 50
50 95
5 89
5 95
50 89
95 50
89 71
5 95
95 50
95 50
95 23
5 89
5 95
50 95
89 95
89 95
95 89
5 95
89 95
76 50
89 5
118 13
89 5
50 95
89 95
5 95
89 95
50 89
63 96
50 95
89 17
95 89
63 120
89 5
89 95
95 89
50 5
5 95
50 95
5 95
89 95
89 50
95 89
50 89
5 50
95 50
5 95
89 5
50 5
89 5
95 89
95 5
95 89
89 95
50 95
5 73
89 83
95 25
89 95
95 5
89 50
5 95
75 58
95 5
5 95
95 89
5 112
95 50
5 17
95 89
89 95
89 50
89 5
5 95
5 47
5 50
89 50
5 95
89 95
89 95
95 50
95 50
5 50
95 5
89 95
89 50
5 95
89 95
96 82
89 5
95 50
5 89
5 95
50 89
95 89
95 50
89 95
95 5
50 95
95 5
95 89
50 95
50 82
89 95
50 95
50 89
95 89
95 5
89 95
89 95
89 95
5 71
5 95
95 89
89 95
89 95
89 95
77 89
95 50
5 95
5 89
5 95
50 89
89 95
89 50
89 5
50 63
94 107
50 95
50 95
95 89
50 95
89 95
89 95
89 95
89 63
95 5
95 89
89 78
47 98
89 95
89 118
5 89
107 13
95 50
5 89
95 50
89 95
50 95
89 50
89 5
89 95
5 95
5 74
94 127
95 71
50 121
95 5
50 79
89 123
89 95
20 8
89 95
89 50
50 5
95 50
95 50
89 95
50 15
89 95
95 50
50 95
50 95
89 50
89 95
89 95
95 89
50 95
5 47
50 89
50 95
5 95
50 99
5 59
118 13
89 95
32 74
89 5
95 14
95 8
95 23
5 23
89 95
89 95
95 89
5 89
89 5
89 95
5 95
95 89
121 84
89 50
89 95
5 95
89 95
94 78
95 5
89 50
95 83
89 5
5 50
50 5
95 89
5 89
95 89
5 50
89 95
89 75
95 89
5 95
89 95
83 95
95 89
50 95
89 95
95 89
89 95
89 95
50 95
5 89
5 47
5 95
5 39
95 89
50 5
20 121
50 95
5 95
109 89
100 54
5 95
17 95
95 5
95 89
95 89
89 95
5 95
89 95
89 50
89 50
95 89
89 5
50 95
95 5
95 5
50 95
95 5
95 89
5 50
89 50
50 63
50 95
5 89
50 89
41 83
89 95
89 95
89 95
95 50
89 95
89 95
5 50
5 95
5 76
95 89
50 89
89 95
50 5
113 58
89 95
89 95
89 95
50 95
89 95
50 95
89 95
5 95
5 89
50 89
95 50
50 89
5 89
89 119
5 95
5 50
5 95
89 50
89 95
50 95
89 95
89 50
50 102
5 50
50 95
89 50
89 95
95 25
89 5
95 115
95 50
95 1
95 123
5 73
89 5
89 95
95 50
89 95
95 5
89 95
95 89
95 5
5 95
89 95
95 89
89 95
89 95
89 95
50 89
95 89
96 11
89 95
50 5
95 89
5 95
50 95
95 5
95 5
50 95
5 95
95 5
89 5
13 107
123 119
15 79
89 95
95 50
50 95
89 95
89 50
95 5
65 59
95 89
95 89
5 50
5 89
50 105
23 89
89 95
89 50
50 89
51 80
95 89
5 95
89 50
95 50
95 50
89 95
89 50
95 5
95 89
89 50
89 95
95 89
89 118
5 50
5 95
95 23
95 89
89 95
5 50
89 50
50 95
5 95
95 89
95 89
5 95
5 89
95 89
50 52
95 50
89 95
50 89
5 14
95 5
95 5
95 89
17 47
125 28
5 95
5 95
95 89
5 95
95 89
64 9
95 89
5 47
20 64
5 89
5 95
5 89
95 50
50 95
5 95
95 89
89 5
5 47
95 116
51 31
81 51
95 50
5 60
73 79
89 5
119 123
95 5
95 89
89 95
89 95
5 89
95 89
50 61
5 73
50 5
89 95
89 95
50 95
89 95
89 95
95 89
89 95
89 95
95 89
89 5
68 41
89 95
95 50
5 89
15 79
95 14
50 95
5 73
95 89
89 5
89 95
5 95
50 95
89 50
125 98
5 95
89 50
95 23
5 95
95 89
89 95
106 95
25 74
50 89
50 5
89 50
50 95
50 95
50 5
89 50
89 95
50 5
50 89
5 50
59 63
80 50
95 89
95 89
50 95
5 89
50 89
50 4
95 89
118 42
50 95
89 95
89 95
5 89
89 50
95 50
89 50
95 0
50 95
5 95
89 5
50 95
50 115
95 89
95 5
95 50
5 57
99 32
95 89
95 23
5 24
89 95
89 95
95 14
94 53
95 50
5 89
50 89
89 95
95 5
89 18
89 50
5 74
89 95
89 95
50 89
50 95
95 50
5 50
89 95
50 17
95 89
50 89
89 50
95 89
89 95
89 50
50 95
95 50
5 50
50 5
89 95
89 95
50 89
89 5
95 5
5 95
95 89
95 5
50 95
50 5
95 116
89 50
50 89
95 89
89 95
14 100
95 17
5 95
95 89
5 95
89 95
89 95
50 95
5 63
5 76
5 95
94 65
89 95
5 50
89 95
89 95
50 42
95 89
50 95
50 95
50 5
89 48
5 56
50 121
96 34
5 50
5 97
89 5
50 95
50 95
89 81
89 60
50 95
95 89
5 50
89 95
95 50
89 5
89 95
121 54
5 95
95 89
121 50
89 5
95 89
5 73
89 95
95 89
95 50
50 95
17 11
5 89
89 95
89 95
95 5
89 95
50 101
50 0
95 50
89 95
5 89
41 6
79 63
89 95
89 50
89 50
74 100
95 8
50 5
5 95
5 50
95 50
95 50
89 50
54 72
50 77
125 95
5 89
89 50
5 95
5 95
5 77
89 3
50 95
56 34
50 95
50 95
5 50
95 14
95 89
89 95
89 5
89 50
95 89
50 95
50 95
89 95
95 89
89 5
5 89
89 5
89 5
95 14
95 5
95 14
89 50
50 95
89 95
50 89
5 98
96 55
89 50
89 95
50 89
5 41
41 65
95 14
50 5
5 95
89 95
50 95
89 5
89 50
50 89
95 50
5 89
95 89
5 89
5 89
89 50
95 99
89 95
5 50
5 50
5 89
95 48
118 65
50 95
89 95
63 58
5 89
5 50
89 5
50 95
99 36
95 89
5 95
89 60
89 95
95 89
89 5
89 95
50 95
73 5
125 13
15 83
5 95
95 50
5 73
95 50
50 95
14 100
89 95
89 107
118 13
50 95
95 89
89 50
5 50
89 116
118 65
89 95
50 95
50 95
89 95
42 51
89 50
95 50
5 95
50 89
50 89
89 95
50 95
95 50
89 95
89 28
5 89
50 95
95 89
95 89
5 95
121 79
95 89
95 50
50 5
95 89
89 95
89 95
50 3
95 5
5 50
5 50
95 14
14 81
89 95
5 89
89 5
89 95
89 1
5 73
5 95
89 50
89 95
95 50
89 95
89 95
89 95
95 5
89 95
89 95
95 50
5 89
95 5
95 50
5 25
89 95
51 93
50 89
50 95
89 50
5 95
50 89
95 50
50 95
5 95
50 95
95 50
89 95
89 50
95 7
89 95
95 89
5 57
89 95
89 50
95 5
89 10
89 95
89 50
95 89
95 89
89 5
95 14
5 89
89 95
89 95
95 50
5 89
50 89
89 95
95 66
50 95
95 50
89 5
95 14
5 95
50 71
41 23
89 95
5 50
63 96
89 95
5 95
89 95
95 23
89 95
50 23
50 95
5 89
5 50
89 95
89 14
5 73
89 5
5 89
5 95
89 95
89 50
89 95
89 50
5 26
41 16
5 95
17 73
5 29
89 95
50 95
95 5
89 95
5 89
5 89
50 95
50 89
5 89
51 117
89 95
95 5
75 89
50 30
50 95
50 89
50 5
89 95
89 95
50 5
89 95
95 89
89 50
5 50
50 95
120 63
15 83
89 95
95 50
5 95
121 45
5 95
89 95
95 50
50 95
5 50
50 28
95 89
95 23
89 14
89 95
89 95
50 5
95 89
89 95
89 50
89 5
50 89
89 95
50 95
95 5
121 81
50 95
95 50
89 95
89 95
50 95
5 119
89 5
95 50
5 73
89 24
50 95
95 89
89 50
5 95
95 89
5 89
5 95
14 100
50 95
89 95
95 123
95 89
89 5
5 95
5 95
89 50
89 95
89 95
89 95
95 50
95 50
89 95
5 89
95 5
95 89
50 95
5 50
47 20
89 95
89 95
50 95
50 95
5 95
50 95
95 23
95 5
89 5
5 95
89 71
89 95
54 10
5 95
5 95
89 118
50 5
89 95
95 50
95 50
5 95
89 95
123 119
95 39
89 42
95 5
95 50
65 89
5 50
50 95
95 30
89 50
95 50
95 14
79 80
5 73
89 95
95 5
89 95
89 118
95 23
5 95
95 5
50 116
95 14
50 95
5 126
95 5
89 95
5 89
42 121
5 95
95 50
95 14
95 89
95 50
89 5
89 84
5 95
89 5
95 89
5 123
74 100
121 23
5 89
89 5
64 83
98 24
50 95
50 95
89 5
89 50
95 109
89 95
5 95
5 89
5 95
50 123
50 5
89 95
95 89
5 89
64 83
95 50
89 84
89 95
5 38
95 89
89 50
89 5
89 95
89 50
95 50
89 95
50 5
50 5
121 106
95 23
95 5
89 50
89 95
50 77
73 5
50 95
50 95
50 5
89 5
121 20
95 89
95 89
5 89
83 64
5 89
89 95
50 5
95 50
95 89
89 50
50 95
5 95
95 89
95 89
5 89
5 50
50 89
5 50
89 50
118 65
95 14
5 95
95 5
95 5
89 95
89 60
95 89
89 50
95 5
5 95
89 95
50 89
95 50
89 95
41 98
89 95
5 73
89 50
50 89
95 50
95 89
89 95
89 50
50 95
89 95
89 95
50 95
50 5
89 95
50 95
50 95
89 95
5 89
5 50
95 89
95 5
89 50
89 95
50 61
95 89
89 95
50 92
89 95
50 95
5 89
95 23
5 95
95 5
89 95
95 14
5 95
50 95
89 95
95 89
89 5
95 23
89 95
95 89
89 95
5 95
17 125
89 50
89 95
50 13
5 89
89 5
50 89
51 63
89 118
50 95
95 89
89 50
89 95
20 8
50 9
95 14
70 42
5 95
50 79
89 95
95 89
89 5
95 89
89 95
89 50
50 89
5 89
68 15
5 89
120 116
95 89
5 50
89 50
89 95
95 89
89 95
89 95
89 95
89 57
89 95
95 89
5 50
89 95
5 50
50 95
89 50
89 5
89 95
89 95
50 89
89 95
89 95
50 5
95 50
95 50
95 50
5 54
5 95
89 110
89 95
95 89
95 89
95 5
89 95
89 95
95 89
89 50
89 50
5 89
50 95
50 95
89 5
5 89
5 47
5 95
95 5
89 50
89 95
95 50
5 95
50 95
89 95
89 50
5 47
95 17
89 95
95 89
89 50
89 95
5 50
50 95
95 14
113 58
89 95
99 44
89 95
89 5
95 5
17 96
5 50
50 5
89 5
50 68
5 73
89 50
5 89
50 5
5 89
89 95
89 50
95 89
89 5
5 50
50 5
5 62
5 95
89 95
50 89
89 95
95 50
89 5
89 95
50 95
50 95
5 89
89 5
89 50
5 50
95 89
95 89
95 50
5 95
95 14
50 95
89 95
50 89
89 95
89 95
89 95
95 89
5 95
50 95
5 73
95 89
68 15
95 50
50 95
95 89
50 95
50 95
89 95
5 89
95 50
89 5
95 89
89 95
95 89
50 5
50 5
95 89
50 17
95 89
89 117
50 95
89 95
95 5
95 5
89 5
89 95
5 95
106 98
89 95
5 95
50 89
89 95
89 95
95 5
89 95
50 95
95 5
95 51
50 95
64 9
89 50
50 95
89 5
89 95
50 95
95 5
50 89
5 89
95 16
89 95
5 50
50 89
50 93
5 89
95 50
20 64
95 89
95 89
89 95
89 95
89 95
95 89
5 54
50 89
89 95
50 5
5 95
89 95
5 24
64 105
50 5
5 95
15 34
95 5
95 50
95 84
89 95
95 50
50 95
89 95
89 95
89 50
95 5
50 8
5 95
95 89
95 5
95 89
95 50
95 89
50 95
89 95
41 31
47 79
20 64
64 83
17 0
95 50
99 127
50 5
5 47
50 95
89 95
89 95
89 95
50 95
50 89
5 95
95 89
5 95
89 95
89 95
94 116
95 50
95 23
50 31
50 95
5 95
89 5
95 89
50 95
89 95
95 89
50 95
95 89
5 89
95 50
40 121
5 21
89 95
5 95
5 95
5 95
125 59
5 47
89 95
5 95
89 95
95 50
89 95
89 95
95 50
5 89
89 50
89 5
95 89
95 89
89 95
50 5
89 95
95 89
95 89
89 95
50 89
50 95
50 89
5 95
50 95
50 28
89 5
95 89
95 50
89 50
50 95
54 79
89 4
89 95
95 5
95 50
50 95
89 95
89 95
5 47
50 5
95 14
95 14
95 118
5 95
5 95
95 89
5 50
89 95
95 89
50 95
89 95
5 89
5 50
89 68
5 73
89 95
5 95
89 95
5 89
5 95
5 50
50 95
50 95
50 95
5 50
95 89
5 73
89 95
50 95
95 89
50 95
89 50
50 95
95 89
5 73
5 95
95 23
5 50
5 50
5 50
95 26
95 92
95 89
89 95
89 95
95 89
95 5
50 5
95 83
5 95
50 95
89 95
50 95
95 5
95 89
83 106
5 95
95 50
95 5
89 32
5 89
95 89
89 95
5 50
89 5
80 50
89 95
5 89
50 118
89 95
95 50
50 89
5 56
68 15
68 15
95 89
95 89
5 95
125 113
95 89
95 20
89 5
5 95
15 79
89 5
95 89
125 95
50 5
95 18
89 50
5 75
125 20
95 89
5 95
99 9
95 89
95 5
5 95
5 50
95 5
89 68
17 79
50 89
50 89
89 95
89 95
89 95
89 95
89 95
50 95
89 95
89 95
5 95
95 89
15 34
5 95
50 89
89 95
89 95
5 70
95 5
95 14
50 95
95 50
89 18
50 95
89 50
50 95
5 89
89 50
50 5
89 95
50 95
14 5
89 5
50 95
5 119
17 4
5 89
50 112
89 95
5 95
5 95
50 22
95 89
5 63
5 23
5 95
56 5
50 95
50 89
89 95
95 89
50 65
89 5
5 89
95 14
89 95
95 89
95 89
89 50
89 95
50 95
89 95
5 89
89 5
54 84
89 50
89 95
99 106
25 100
95 89
50 89
50 95
41 115
50 5
50 25
89 40
89 95
89 95
121 23
89 50
95 89
50 95
5 94
95 50
95 89
95 89
95 23
89 95
95 89
50 89
50 5
95 14
95 89
50 5
89 5
50 5
5 95
50 55
5 50
95 23
89 95
5 73
95 89
5 47
89 95
50 95
89 50
89 95
5 47
50 95
5 95
50 5
89 95
95 50
64 36
89 95
95 5
5 115
89 95
89 50
5 50
50 95
99 75
89 95
5 50
89 54
89 95
15 79
95 89
5 23
50 95
89 95
5 41
13 81
89 79
5 50
5 89
89 50
50 95
5 50
89 95
95 89
95 50
95 50
50 95
89 95
89 95
50 89
5 20
89 95
89 95
89 95
50 95
89 5
94 41
89 95
50 5
50 89
5 95
89 95
95 89
95 50
50 5
89 95
95 125
89 50
5 95
50 83
50 42
95 50
95 50
89 95
5 95
50 5
50 95
89 95
89 95
95 47
95 5
5 50
95 50
50 5
89 5
89 95
95 89
89 95
5 89
50 95
95 89
50 95
50 95
56 5
95 89
95 89
89 50
89 5
111 42
50 89
95 50
5 95
95 5
5 95
95 5
50 95
50 17
89 50
5 95
50 95
118 13
95 50
50 24
89 95
95 89
89 95
95 5
89 5
89 5
95 89
95 50
5 2
50 89
89 95
89 50
89 5
125 99
89 95
95 5
73 5
89 95
5 95
95 89
5 50
95 89
50 95
5 93
95 89
95 50
50 5
95 20
100 119
89 95
95 5
5 50
50 5
95 89
89 95
20 64
89 50
95 89
95 77
5 89
89 95
95 82
89 95
95 89
89 95
5 95
5 95
50 5
99 95
5 89
89 95
89 95
89 95
41 46
89 33
5 95
95 23
113 89
89 95
50 95
5 95
89 50
95 23
50 89
89 95
50 5
50 84
89 95
95 89
95 89
89 95
5 89
95 5
5 95
89 95
5 100
5 95
89 5
89 95
5 95
5 95
89 50
95 89
50 5
50 95
125 73
50 95
5 50
89 95
5 50
50 95
14 81
50 95
89 5
95 89
99 102
50 95
95 14
95 5
89 5
50 5
89 5
89 76
50 95
50 17
89 95
95 50
95 89
95 83
89 50
89 50
95 89
5 89
89 95
89 95
89 95
5 50
95 5
15 79
54 111
50 89
5 50
50 17
89 76
100 119
50 89
89 5
50 95
79 121
5 95
95 89
5 50
50 15
89 95
5 47
95 89
89 95
89 5
5 50
95 50
50 95
95 89
89 95
89 95
89 95
95 89
89 95
95 50
89 73
89 95
95 89
89 95
50 95
5 89
5 60
89 50
89 95
95 8
89 95
17 95
89 50
89 5
5 95
95 5
50 95
89 95
89 95
119 5
89 95
89 50
95 89
95 89
89 95
50 95
89 50
95 89
89 5
5 89
95 17
99 109
50 95
89 50
5 95
50 89
5 42
89 50
89 95
5 50
89 95
5 95
50 95
95 89
95 89
89 84
95 71
89 18
50 89
95 89
95 5
111 42
50 95
5 89
95 50
50 21
5 95
5 95
89 50
5 95
95 50
50 51
95 50
89 95
89 47
89 95
89 95
50 95
89 95
5 47
95 89
5 50
95 5
50 95
89 95
111 70
5 50
5 95
89 50
95 89
89 95
89 95
95 89
50 89
50 98
5 95
50 5
79 94
50 5
95 5
89 95
95 29
95 50
5 50
50 95
95 102
50 95
50 95
121 125
89 95
50 95
123 95
89 95
89 95
95 82
5 95
89 5
50 95
89 5
89 95
50 95
50 89
89 95
65 11
95 51
95 89
95 5
89 5
89 95
5 89
89 50
89 95
5 89
15 34
89 50
89 95
95 50
50 89
50 5
95 106
5 95
50 107
17 125
125 53
98 51
5 89
89 95
95 5
63 56
89 117
89 50
50 95
89 95
42 51
50 107
50 5
5 14
95 5
89 95
89 50
89 5
89 95
50 95
95 16
89 5
5 89
89 95
50 28
50 89
5 89
95 89
5 95
89 95
50 95
89 95
95 5
5 83
95 5
95 89
95 5
5 73
50 95
89 5
50 5
5 73
14 81
5 50
5 95
89 5
64 19
5 89
89 95
50 95
95 50
5 73
89 95
89 105
89 95
50 95
89 95
5 95
95 14
95 5
50 95
50 89
89 95
95 89
89 95
89 50
50 89
89 95
95 50
95 89
89 95
5 89
5 95
125 14
89 95
95 89
5 50
95 5
50 95
89 95
50 94
89 10
89 57
50 125
50 5
95 5
95 50
89 5
89 5
95 23
95 5
89 95
89 95
89 50
95 89
95 89
5 89
95 50
95 5
64 39
89 5
95 50
95 89
89 117
89 95
5 31
89 95
95 23
95 5
95 50
95 42
89 50
95 71
50 5
47 20
5 50
89 31
95 89
50 95
89 95
50 95
95 50
89 95
50 95
95 50
5 95
5 50
89 41
89 123
89 14
50 95
5 47
50 95
41 83
95 5
95 89
42 45
95 89
89 95
89 66
89 95
95 89
95 89
5 122
50 95
95 5
5 47
15 79
50 95
95 5
5 47
50 73
89 5
5 106
5 20
5 73
89 30
50 95
50 95
95 50
95 50
89 50
89 95
89 5
95 5
89 116
89 95
89 50
5 71
50 17
5 89
95 5
5 95
95 50
50 95
89 95
50 89
5 95
89 95
5 89
50 5
83 106
5 50
95 5
89 95
95 89
89 95
5 89
95 89
50 95
50 89
5 89
5 95
95 89
95 20
95 50
5 89
5 47
5 123
89 95
95 5
95 50
89 50
89 50
89 95
17 125
50 95
95 89
89 5
5 89
95 23
89 50
89 95
5 95
41 83
89 5
89 93
50 95
5 89
50 71
50 113
5 50
89 95
5 95
42 51
89 95
5 95
47 20
89 95
50 89
89 5
89 95
121 122
95 11
50 95
89 95
5 89
99 96
89 95
50 5
95 89
5 95
95 50
89 5
89 50
5 17
89 95
15 34
50 5
15 83
5 50
96 59
5 50
95 50
89 5
89 41
5 89
89 5
89 50
89 50
50 11
95 50
95 89
50 89
5 95
5 95
89 50
95 50
89 95
89 95
50 89
51 14
89 95
50 95
89 78
89 50
95 23
89 95
64 83
5 50
95 50
50 59
5 89
89 50
95 5
95 50
89 95
95 89
50 34
50 89
95 5
95 50
50 95
95 40
50 82
89 50
5 89
95 23
89 50
50 5
89 95
50 95
95 78
5 95
5 95
89 5
89 95
50 5
95 50
89 50
50 95
89 95
5 95
5 116
5 50
95 89
5 89
5 89
50 95
5 50
14 81
95 5
89 50
89 50
50 5
50 104
95 89
89 95
50 89
89 95
79 96
50 95
95 89
5 50
89 95
95 89
5 95
5 113
95 89
95 5
95 14
50 95
5 95
95 5
89 95
50 95
95 89
50 89
89 95
50 95
95 50
50 95
89 95
95 89
95 89
95 89
50 95
5 95
89 95
95 50
64 13
5 89
15 68
89 95
89 95
5 89
94 6
89 95
95 50
5 73
50 63
89 95
50 95
89 5
89 14
89 95
5 95
50 95
50 5
89 50
63 96
50 2
50 95
50 89
5 95
95 0
5 73
50 5
95 89
89 95
89 95
95 50
95 50
89 5
89 94
5 95
50 95
95 14
5 95
89 95
119 99
95 89
50 95
5 50
89 95
50 95
95 89
5 50
89 95
83 15
95 89
70 42
89 95
89 5
89 5
89 95
5 95
5 95
50 6
50 89
89 95
95 5
50 54
89 95
5 50
89 95
89 5
89 50
89 95
50 5
5 50
89 5
89 95
89 95
5 95
5 23
89 31
95 23
95 5
79 96
95 5
95 89
50 89
89 95
50 56
63 120
89 95
89 95
125 67
50 5
89 5
95 50
95 101
89 95
5 50
50 17
95 89
89 59
5 50
50 5
5 89
95 89
50 95
89 95
89 50
95 50
95 5
89 72
89 95
99 127
5 56
15 5
50 89
89 95
5 89
89 95
89 5
89 95
95 89
5 95
5 95
5 95
95 5
5 95
89 5
89 5
95 50
89 50
89 50
50 89
95 17
89 95
5 14
95 89
95 50
50 5
64 83
89 50
50 89
89 5
51 100
81 42
95 50
95 50
89 95
89 50
50 95
95 5
50 95
89 95
89 95
65 76
89 50
5 17
89 95
89 95
5 112
89 95
125 70
50 95
50 95
5 95
5 95
95 5
95 5
89 95
89 50
95 5
5 95
89 50
89 95
89 95
50 111
89 95
50 95
5 0
95 89
89 5
50 95
50 59
95 89
50 95
89 95
5 89
50 95
95 89
89 95
50 5
5 89
89 5
95 89
89 95
5 106
5 95
89 95
89 95
89 95
50 17
89 50
95 120
5 95
50 95
5 50
5 95
50 95
5 89
89 50
54 83
95 23
95 64
89 14
89 95
89 95
50 95
95 89
95 5
50 14
5 89
89 26
5 95
50 95
95 89
89 50
5 89
89 50
5 95
20 64
95 89
50 95
5 50
5 95
95 50
5 95
5 73
95 89
89 50
89 95
50 95
20 79
10 89
95 5
89 101
5 84
5 50
95 14
5 89
5 73
89 95
89 50
5 95
5 112
95 89
50 95
89 95
89 95
50 89
50 95
118 96
89 95
5 50
89 50
89 54
95 5
50 89
125 70
89 50
95 5
89 95
20 17
50 89
95 50
41 60
89 30
5 95
89 95
89 95
50 5
94 97
89 5
73 5
95 89
95 78
89 95
95 89
5 95
50 89
95 89
89 50
95 89
50 5
95 89
95 5
89 66
5 95
89 95
89 95
95 23
95 50
89 95
89 95
50 89
95 89
5 95
5 95
89 95
95 74
50 26
89 20
5 50
89 50
99 119
5 89
5 95
89 95
50 80
89 95
89 5
95 89
50 95
50 95
89 95
89 126
89 95
89 95
5 97
50 95
95 23
95 89
95 5
89 95
50 95
17 70
50 95
89 3
50 89
95 89
95 50
50 95
95 1
95 5
89 29
89 118
50 95
95 5
95 89
95 50
95 14
95 89
89 82
95 89
95 5
50 89
5 47
50 5
89 95
5 89
50 95
89 95
95 66
95 89
89 50
50 95
50 95
5 73
95 89
118 65
50 95
5 25
50 89
50 29
50 100
5 95
89 50
89 95
50 71
5 89
95 89
50 95
89 50
89 50
89 50
50 48
50 5
89 5
50 95
5 50
89 95
50 95
50 95
95 89
5 50
89 83
5 47
95 5
50 5
121 20
89 79
89 95
5 95
95 89
89 50
50 95
54 36
5 47
50 95
89 5
89 95
89 5
89 50
5 73
89 5
83 54
95 89
50 95
89 76
50 89
95 89
50 105
5 50
5 50
95 5
89 95
95 50
95 89
50 5
5 89
89 95
50 95
95 89
95 50
5 50
95 5
89 50
95 89
50 42
50 95
89 95
89 14
95 50
47 20
5 50
5 47
5 95
89 95
95 89
20 64
50 95
111 14
50 95
89 50
95 123
89 95
83 111
5 50
5 95
5 95
50 95
95 50
95 89
15 83
5 95
50 5
89 95
50 89
50 95
95 5
89 95
5 89
5 89
50 95
50 5
95 30
89 50
89 111
121 84
89 95
95 5
89 95
50 122
50 30
89 95
74 100
89 95
89 95
89 95
95 23
89 95
95 89
89 50
5 47
5 50
89 50
89 72
89 95
89 50
5 50
5 73
89 95
5 95
95 5
51 120
95 50
89 95
5 73
89 21
50 95
89 50
50 52
95 5
89 95
95 23
95 23
95 89
95 50
50 95
111 70
5 95
89 95
95 50
95 50
95 14
89 95
89 95
63 79
50 81
5 95
50 2
89 95
5 95
95 89
50 42
50 92
50 95
50 95
89 65
89 50
89 95
5 95
50 89
95 89
5 95
89 95
5 95
89 95
89 50
89 95
106 98
95 5
89 95
50 95
95 89
68 15
5 50
89 95
50 95
95 5
89 95
95 89
54 50
89 80
50 68
95 83
95 5
5 50
50 95
50 95
5 50
89 95
5 89
65 79
95 50
89 95
89 95
95 50
95 5
89 50
89 5
5 95
5 73
65 112
96 48
95 89
89 95
89 95
50 95
89 95
89 95
95 5
95 50
89 95
89 95
5 95
95 50
47 20
89 50
89 95
89 5
50 95
95 89
89 95
89 50
50 96
42 5
95 56
89 95
50 95
5 50
89 95
89 95
89 5
50 95
89 50
5 95
89 95
5 95
5 95
89 50
50 116
50 95
89 95
89 50
95 89
89 95
95 50
50 89
5 50
95 5
95 89
81 5
95 89
89 95
5 47
50 95
89 95
95 89
50 5
50 95
63 120
89 30
5 95
50 5
5 95
89 95
5 89
89 95
95 104
5 30
95 5
5 95
64 116
50 95
95 89
50 95
50 89
95 89
89 95
95 118
50 95
95 89
50 89
64 59
89 5
95 89
50 95
89 95
89 50
95 5
95 89
5 45
89 95
95 89
17 0
95 50
50 95
50 111
5 50
50 95
5 95
50 16
5 89
95 50
95 89
89 95
95 50
5 95
50 89
5 95
50 89
99 118
89 50
89 50
95 23
89 50
95 89
95 5
95 89
95 50
89 95
89 95
50 95
95 5
89 95
89 95
50 95
95 89
89 5
79 63
95 5
5 50
89 50
5 50
50 95
89 95
5 89
95 89
89 105
5 95
89 95
89 10
95 89
89 95
89 50
5 47
50 5
5 95
89 50
5 50
5 95
89 95
89 95
5 89
50 95
50 95
5 95
5 50
5 89
63 79
89 95
5 89
89 50
89 50
95 89
89 95
89 95
50 95
50 95
5 89
95 89
5 2
50 95
56 5
5 20
50 5
50 89
89 50
89 50
89 95
50 95
50 5
89 95
95 89
89 95
95 50
89 95
50 89
89 95
89 42
100 119
89 95
89 17
89 38
5 95
89 63
95 50
50 95
89 95
23 83
89 50
89 95
89 95
50 89
89 5
50 5
95 89
95 89
5 95
50 47
89 5
89 95
5 116
5 95
89 95
95 50
68 15
95 89
89 95
95 89
5 89
95 89
95 14
95 50
50 5
5 95
89 92
95 17
5 95
50 89
95 89
50 101
15 5
89 95
95 14
50 95
51 88
89 95
50 95
89 95
89 50
89 5
50 5
5 89
95 89
50 89
95 62
95 14
50 5
89 95
89 95
89 95
89 50
95 89
50 95
95 50
95 94
5 95
5 89
89 50
95 5
89 95
95 5
64 57
89 95
41 68
63 42
95 50
89 50
5 95
89 95
89 5
50 95
50 89
5 95
50 95
125 126
89 50
89 95
5 95
111 42
95 50
50 89
50 32
95 14
5 95
50 5
5 95
54 109
95 94
50 95
89 95
50 5
50 95
89 95
95 5
89 20
14 81
5 95
95 89
5 50
95 89
95 71
125 22
50 5
5 95
89 95
89 95
5 50
89 50
20 8
95 89
51 80
95 89
5 50
95 5
17 98
95 89
95 89
95 50
89 95
15 79
89 95
89 48
89 95
89 5
64 8
95 50
50 95
95 50
89 95
50 77
89 95
107 13
50 95
5 89
5 50
89 95
89 95
89 95
50 12
50 95
95 61
95 5
89 95
95 50
5 53
50 39
89 50
95 5
95 89
89 95
89 50
89 95
50 95
50 95
95 5
5 17
5 95
95 50
50 89
89 95
50 5
95 5
54 88
41 92
95 52
5 95
95 5
15 79
95 89
95 5
5 95
50 5
89 95
89 95
50 5
5 50
95 94
95 23
89 50
89 95
89 5
50 95
95 28
89 50
83 96
5 89
50 89
50 95
89 50
95 89
89 95
95 23
89 5
15 34
96 6
120 42
95 89
89 95
50 95
95 5
17 80
95 50
5 50
5 50
5 50
95 89
5 95
95 110
50 5
95 89
5 50
118 111
100 51
89 50
89 95
95 89
95 5
50 95
89 50
89 95
95 14
5 50
89 95
50 95
41 85
95 89
95 89
95 14
95 50
50 5
95 89
95 89
50 95
50 95
50 7
89 23
95 23
50 13
95 50
5 89
89 122
5 65
95 50
95 5
95 89
50 115
50 10
89 95
89 95
95 5
89 95
95 14
5 89
50 95
50 95
5 95
95 89
89 50
42 98
68 14
89 95
5 95
89 95
5 89
89 95
89 95
89 95
5 89
95 5
5 73
89 50
89 95
95 5
89 95
89 50
5 95
5 17
89 50
95 89
95 83
50 95
89 42
95 89
50 83
41 5
50 17
95 89
50 95
89 95
89 95
95 89
95 50
95 50
89 95
79 63
89 95
50 89
95 5
95 89
5 75
95 89
95 50
95 54
89 95
42 81
89 95
89 50
5 95
89 5
95 5
50 95
50 95
50 95
89 5
89 95
89 95
5 47
89 50
95 89
50 95
95 89
89 50
5 50
89 50
95 89
95 14
5 95
95 50
89 5
50 89
5 14
89 95
50 5
95 50
50 5
89 50
95 50
56 5
5 89
95 89
89 95
5 89
50 95
20 64
95 89
5 89
89 95
89 5
89 95
100 14
5 50
5 89
95 89
89 50
5 47
95 50
5 50
89 5
95 5
89 95
50 95
5 79
89 95
95 89
50 95
89 95
5 50
89 95
5 89
5 89
5 89
95 5
50 95
95 89
89 5
121 100
95 23
89 50
95 5
89 95
95 5
5 95
50 5
5 89
50 89
89 95
100 51
89 95
95 5
95 5
5 110
50 41
50 95
89 95
5 89
95 50
95 5
95 5
63 120
95 89
5 89
89 5
95 5
89 95
89 68
5 89
5 95
5 95
95 50
95 89
89 95
5 95
5 95
17 125
5 95
89 5
89 95
89 95
89 50
50 95
50 5
5 95
5 95
89 50
89 95
89 5
50 0
96 76
94 52
50 95
89 5
95 23
95 23
95 50
89 95
89 95
89 50
5 95
95 5
95 89
5 73
5 95
94 7
89 50
5 50
5 89
89 95
95 89
89 95
89 95
89 5
5 95
70 42
89 95
89 95
89 95
5 73
50 84
5 95
95 14
89 95
89 50
95 89
5 95
89 50
95 89
95 89
95 5
95 50
95 89
95 45
95 89
64 94
95 23
95 50
95 89
89 95
95 50
89 50
89 50
95 89
89 95
89 65
50 89
5 95
89 5
89 5
74 100
113 68
5 122
89 29
5 125
95 89
5 95
89 50
5 47
5 95
95 54
5 89
89 5
20 8
89 95
95 89
95 89
95 89
89 95
5 95
5 95
5 95
50 5
89 50
5 89
50 95
89 45
50 56
89 50
50 95
95 89
89 50
50 5
5 50
5 89
89 95
95 5
95 89
89 95
95 50
89 42
95 14
89 95
89 76
95 89
5 95
50 95
50 89
50 95
89 5
89 95
95 5
50 5
95 89
95 89
5 50
96 56
89 5
89 95
89 95
68 15
50 95
95 89
50 95
5 47
89 95
89 84
125 26
50 95
89 95
95 23
95 89
68 14
95 5
95 50
95 23
95 5
89 95
50 5
95 5
41 70
5 95
50 95
89 95
68 15
95 89
5 95
5 50
50 95
95 39
89 50
89 30
15 34
5 95
50 83
95 5
50 95
89 95
5 47
95 50
89 95
50 14
89 95
5 95
5 89
5 50
89 95
89 95
95 50
95 89
89 95
95 89
5 95
89 95
95 47
99 6
5 50
95 89
50 95
95 89
50 95
95 50
89 95
5 50
95 50
5 89
89 95
50 89
89 5
89 95
5 8
95 89
89 95
95 89
89 95
5 95
89 95
5 50
95 5
95 89
95 63
89 95
89 95
95 5
89 50
89 95
121 43
50 95
95 50
95 50
50 95
89 95
89 95
95 50
50 99
95 89
5 89
50 95
50 5
95 5
121 20
5 75
89 95
95 47
50 95
89 50
89 95
5 95
89 5
95 89
5 95
89 5
95 5
50 5
5 95
95 5
50 95
50 95
100 14
89 5
5 95
5 89
89 95
5 89
89 95
50 95
95 123
89 95
89 95
89 95
89 95
95 83
95 50
89 5
95 50
89 95
95 14
95 89
5 89
89 95
5 73
95 50
89 95
50 89
89 50
50 95
5 89
89 95
5 95
5 50
50 53
89 50
89 95
95 50
5 95
89 95
89 95
95 89
89 95
95 89
5 50
95 50
89 95
50 95
5 50
89 95
89 5
51 15
95 23
95 5
54 83
95 5
5 95
50 95
89 50
50 89
5 95
95 89
89 50
17 80
89 50
5 3
5 95
95 89
95 85
89 50
50 95
95 50
5 50
89 95
89 50
50 95
79 95
5 89
89 95
50 32
95 5
89 95
95 75
89 95
89 47
5 73
95 89
5 66
5 50
89 95
95 50
50 5
89 5
5 95
50 95
89 5
50 95
89 50
15 34
113 74
113 58
89 95
89 95
95 50
89 95
5 95
5 89
5 50
95 18
89 50
89 95
95 89
89 5
95 89
89 113
95 5
89 95
95 89
89 95
95 89
95 50
95 50
17 32
95 5
89 95
5 38
5 89
89 95
89 50
50 95
89 95
5 89
89 95
89 95
95 89
89 5
5 50
89 50
50 89
5 95
89 5
95 89
42 51
89 95
121 115
54 88
95 89
5 89
50 95
89 95
50 68
89 95
89 50
32 74
89 50
89 95
25 83
89 95
89 5
89 94
89 95
50 95
95 18
95 5
64 94
5 95
50 5
5 95
15 34
95 70
113 58
50 95
50 89
89 95
89 95
50 95
54 88
89 50
89 95
89 95
95 89
50 89
89 50
50 95
95 89
95 5
5 95
5 95
50 95
96 70
95 89
50 89
5 95
89 5
50 95
50 95
89 95
5 95
89 50
5 89
89 35
5 50
95 89
89 95
5 89
89 95
89 95
50 95
89 95
89 47
5 89
95 89
89 50
50 89
89 95
89 95
50 56
5 73
50 45
89 95
95 84
5 89
89 5
95 89
89 5
95 41
95 50
50 9
95 23
5 95
89 5
95 89
51 121
50 95
89 95
89 50
5 50
89 50
5 89
89 5
95 50
95 79
121 88
95 50
113 58
95 89
89 95
95 89
5 95
89 95
89 50
95 89
5 95
89 95
95 89
89 95
68 14
5 89
50 5
5 95
89 95
89 66
89 5
89 95
5 95
50 95
95 5
89 95
95 5
95 79
89 95
50 48
50 14
95 89
95 50
95 89
95 89
89 95
5 30
5 89
89 95
95 89
95 5
50 95
95 89
5 95
50 76
50 95
5 95
94 127
5 123
89 95
89 95
89 95
39 96
95 89
89 50
89 50
5 50
70 42
89 51
95 89
5 50
5 47
54 89
15 83
125 59
5 95
95 89
5 47
95 89
50 89
89 5
99 112
95 89
5 20
50 95
5 50
50 95
50 95
89 95
50 95
5 95
95 89
95 89
95 25
95 76
50 95
50 89
89 95
89 50
50 60
50 95
95 50
50 17
5 95
89 50
89 95
50 89
5 50
89 50
50 95
89 95
89 95
5 47
89 77
50 95
5 95
5 73
5 50
95 89
95 5
5 95
50 125
99 17
100 119
50 95
50 95
98 17
5 95
95 122
89 95
68 41
50 95
89 95
50 95
89 95
5 95
89 95
50 95
89 95
5 34
89 50
95 89
50 95
5 50
89 20
50 95
89 95
50 86
50 95
50 95
95 50
50 95
89 70
5 72
89 95
95 89
5 89
95 89
15 34
5 89
5 89
95 89
95 5
50 95
89 5
89 95
95 14
89 50
5 95
5 95
95 5
17 125
5 95
95 89
5 95
50 89
5 82
89 95
89 122
95 50
125 4
95 50
89 50
50 95
50 95
89 95
89 95
50 95
50 95
89 95
89 118
95 89
50 95
95 89
95 104
95 14
89 5
95 50
89 95
5 89
50 95
95 89
89 5
5 89
95 50
50 95
50 95
5 49
17 98
89 95
95 89
89 95
95 89
95 50
5 95
89 95
50 5
95 89
5 73
89 95
89 95
5 16
50 14
5 71
89 95
89 50
89 95
89 95
95 89
95 89
50 95
121 104
5 83
89 95
95 50
75 36
5 89
89 95
89 50
50 3
89 72
5 50
89 95
50 95
89 50
50 61
89 95
17 80
89 5
5 95
89 95
95 89
95 89
5 89
95 89
95 89
50 5
50 95
50 95
89 95
95 89
5 95
89 79
95 84
89 5
89 5
5 89
5 95
5 89
89 5
5 95
95 89
95 50
5 50
89 5
89 95
5 16
89 95
50 95
50 89
89 95
5 89
50 5
95 5
5 95
50 89
95 14
89 95
5 50
5 95
89 95
89 95
89 50
113 58
89 95
95 0
95 50
95 50
5 50
95 89
89 50
95 50
89 95
89 50
50 89
89 50
50 5
89 95
5 107
5 89
89 95
15 79
89 95
95 5
5 73
95 89
50 95
89 95
50 95
50 95
65 73
50 5
5 95
89 46
89 8
95 5
89 81
89 50
95 50
50 95
95 5
5 50
89 95
89 95
5 95
95 89
95 89
50 95
89 95
89 95
95 50
50 17
89 50
89 95
50 95
119 123
5 54
95 5
50 95
89 95
5 89
5 50
95 89
89 95
89 5
51 71
89 4
95 5
5 116
95 50
89 50
89 95
89 95
89 5
95 5
95 89
89 95
89 95
50 95
95 89
50 101
50 89
50 5
89 5
50 95
63 120
95 50
89 5
89 95
89 95
95 89
95 50
50 95
89 95
95 50
89 95
89 95
50 95
95 14
95 50
50 89
89 5
50 95
5 95
89 5
94 83
89 95
50 95
5 95
125 98
89 95
89 50
95 89
41 35
89 50
95 89
89 95
5 50
89 95
95 23
50 111
50 89
50 89
50 95
113 79
50 53
89 95
5 50
89 5
50 22
95 5
5 95
95 89
89 50
50 95
5 92
89 95
5 89
89 95
5 95
50 23
50 95
100 14
95 50
5 95
95 5
95 5
89 95
89 5
95 89
50 95
89 5
95 89
95 89
50 95
89 95
95 89
89 35
95 50
89 95
5 83
17 97
5 89
95 5
50 68
89 95
125 5
50 95
95 89
89 50
89 95
5 95
50 95
95 89
89 95
95 50
50 95
68 41
89 95
89 5
89 95
89 95
95 89
89 95
89 5
89 50
5 73
89 95
89 95
50 95
95 89
95 89
89 95
5 89
5 89
95 50
89 95
17 125
50 122
50 95
50 89
89 5
65 118
89 95
95 89
89 95
95 89
89 5
95 89
50 95
89 41
95 5
89 95
89 5
5 95
89 50
89 95
95 14
95 50
89 95
50 95
95 5
89 50
121 20
89 95
5 50
50 89
95 50
89 80
89 5
5 23
95 89
50 5
89 50
64 80
50 95
5 95
89 50
89 95
89 50
89 5
50 95
95 89
89 95
5 89
95 5
5 95
89 71
89 95
95 89
89 95
96 24
20 64
95 89
89 95
89 50
89 95
95 89
95 64
5 118
73 5
95 89
5 89
5 95
50 89
50 95
50 95
95 23
89 95
50 89
89 95
5 97
5 54
95 50
50 95
63 120
5 95
89 95
95 50
89 109
50 41
5 95
95 89
95 89
89 95
5 89
89 95
95 50
50 5
20 64
5 50
5 50
95 89
95 89
95 89
51 63
95 89
89 95
63 96
5 95
95 89
95 50
89 95
50 65
89 5
89 83
95 89
5 89
95 5
5 95
5 89
50 89
89 83
95 14
89 5
5 95
95 5
89 95
89 50
57 5
5 95
95 50
95 5
50 95
5 89
95 89
5 73
89 95
83 46
95 5
5 95
100 14
89 95
5 95
89 95
50 95
89 5
50 99
5 95
5 89
42 116
89 50
5 95
89 5
50 95
89 95
95 50
89 95
5 95
89 95
89 5
50 95
95 89
75 95
89 95
5 32
95 50
89 95
89 54
95 89
89 95
95 89
95 89
5 95
89 95
96 38
89 95
89 95
95 78
89 50
89 95
89 95
5 50
95 89
50 83
5 95
95 75
50 95
89 95
113 58
89 95
50 95
89 5
94 55
89 95
89 95
107 13
5 50
15 83
95 89
89 95
95 89
5 95
50 5
95 89
89 95
95 50
64 46
5 89
89 95
125 1
95 50
50 5
95 79
95 50
89 5
50 95
89 95
5 95
95 5
42 51
89 95
89 50
89 95
95 89
5 95
89 5
95 5
5 95
50 5
89 83
95 5
50 95
15 34
89 95
89 95
20 64
89 95
89 95
95 5
5 89
15 83
96 73
89 95
95 89
17 56
95 89
89 95
51 19
50 84
50 95
50 95
95 79
89 95
89 95
50 95
50 95
5 95
89 50
89 50
95 89
89 68
95 89
50 85
89 95
95 89
89 95
89 50
95 50
5 119
113 89
68 14
50 89
95 14
89 95
95 50
5 95
50 75
14 81
95 89
89 95
5 50
5 95
89 97
73 5
89 95
5 95
95 89
89 50
89 95
121 42
89 57
83 15
5 95
50 89
89 95
50 95
50 95
89 95
95 89
50 89
89 5
89 5
89 95
5 95
89 50
89 41
89 50
95 5
5 95
95 89
5 89
50 70
95 89
51 42
89 95
95 5
95 23
50 88
95 50
89 20
89 95
125 98
50 106
89 50
94 83
95 5
5 50
89 95
95 50
89 95
5 95
89 76
89 50
89 66
50 5
89 95
5 50
50 89
50 5
89 95
89 95
50 95
64 8
95 23
50 118
50 5
95 50
5 89
89 95
95 5
89 95
89 5
95 89
95 89
95 50
95 89
50 5
5 89
5 95
89 95
89 95
95 122
89 95
89 95
95 50
89 95
68 15
5 89
95 50
118 111
5 89
89 95
5 47
89 50
89 50
5 18
89 95
50 89
50 95
95 82
89 95
5 26
89 95
95 50
95 89
5 16
95 89
95 89
89 95
95 89
95 89
89 95
50 5
95 89
89 95
89 95
50 95
5 95
95 89
5 95
5 95
5 95
5 95
89 95
5 73
23 95
89 50
50 95
80 50
95 89
89 5
95 93
5 95
95 23
89 95
17 118
89 5
5 95
89 95
95 5
5 95
50 14
89 5
89 5
89 95
50 95
89 95
95 89
89 95
89 50
42 51
50 95
113 58
95 94
50 89
95 50
50 95
89 95
89 50
89 5
89 95
50 95
50 95
89 95
5 74
5 95
50 95
89 95
121 58
50 6
50 95
95 5
5 89
95 89
5 50
95 5
95 89
89 95
89 50
50 95
50 89
50 89
89 95
5 89
89 95
89 51
95 89
95 14
5 89
89 50
89 50
95 89
50 5
95 50
89 50
95 5
89 95
50 95
50 75
89 95
50 95
89 5
64 13
89 50
89 95
89 95
89 95
50 77
89 63
50 95
50 95
50 95
89 95
89 95
50 89
95 14
95 5
95 50
89 95
89 95
50 127
89 5
89 95
89 95
89 95
89 95
89 50
50 95
50 95
95 23
107 79
89 95
50 100
111 70
89 5
89 95
95 89
95 50
95 5
5 89
89 95
50 95
89 95
5 95
5 50
50 89
89 5
89 95
95 89
50 95
5 83
89 95
89 95
41 10
95 50
89 95
50 95
95 5
95 50
50 95
50 120
89 77
95 89
89 95
89 95
5 95
95 5
89 5
50 89
89 95
89 14
95 89
95 50
95 50
5 95
5 50
50 95
95 50
50 95
89 95
89 95
68 15
95 50
89 95
5 95
5 95
5 18
5 89
95 14
5 95
50 95
50 89
17 80
89 95
95 89
89 95
89 95
89 95
89 95
5 95
50 89
89 5
89 51
95 89
96 32
89 8
89 95
5 95
95 14
95 50
89 95
89 95
89 95
89 95
50 95
95 89
5 95
89 5
95 89
89 95
50 114
95 30
95 23
95 89
5 50
89 95
95 73
95 89
5 74
89 50
50 89
50 95
89 95
95 89
5 15
95 89
5 73
95 89
5 89
95 50
89 95
50 95
95 89
89 50
50 89
50 121
89 95
95 92
5 50
89 95
95 89
95 5
41 68
89 50
95 34
89 30
89 95
89 95
89 95
95 89
50 95
89 95
5 110
50 95
89 95
89 95
118 42
95 5
5 95
50 95
89 50
89 95
89 95
5 73
89 95
95 89
89 50
95 50
89 5
89 5
89 95
89 50
95 5
89 50
89 95
5 95
89 95
50 42
95 23
50 5
5 89
95 14
5 95
89 95
89 95
89 95
50 95
89 95
5 89
95 5
89 95
20 64
95 50
89 95
5 89
89 5
89 95
95 5
89 95
89 5
95 50
95 14
89 50
50 95
5 89
5 50
89 5
89 5
5 89
20 8
89 17
50 95
50 95
50 95
50 89
5 95
5 50
5 50
50 17
89 95
95 5
89 95
5 89
95 89
50 41
89 50
50 95
95 89
5 95
95 5
5 61
50 95
5 50
50 5
89 95
95 89
50 89
5 89
54 45
95 89
95 23
50 95
95 5
89 95
89 50
50 95
5 50
50 20
95 5
50 95
95 50
119 123
89 95
89 95
95 89
95 5
95 50
50 95
5 95
89 5
89 5
5 95
5 89
89 95
50 89
5 95
89 95
95 5
5 89
95 50
5 89
89 95
89 95
89 5
89 95
50 5
15 79
95 89
106 95
5 50
95 89
95 89
95 71
89 95
50 95
17 51
95 89
50 95
89 50
95 47
89 50
95 89
95 68
89 50
5 95
89 50
20 8
5 89
95 50
5 89
89 95
89 95
5 95
5 89
89 50
5 89
50 95
95 89
50 95
5 89
50 95
95 50
89 95
95 50
20 64
100 119
5 47
95 50
89 95
5 95
50 95
95 89
50 5
89 95
5 89
50 52
89 5
50 5
89 95
89 95
89 120
95 61
50 95
89 74
89 95
95 50
64 32
89 95
50 122
5 50
50 17
50 95
89 95
42 51
50 95
95 89
5 50
50 2
50 5
5 95
14 81
95 5
89 95
15 79
89 17
50 1
50 95
50 95
89 95
89 75
50 95
5 95
95 50
95 89
95 89
95 5
95 89
89 95
50 95
95 50
89 95
95 50
95 5
89 95
5 47
50 95
20 64
5 89
95 89
89 50
50 114
89 35
95 50
5 95
95 89
5 89
89 50
5 95
89 5
95 89
5 47
95 5
94 88
5 89
95 5
89 50
54 109
95 89
5 50
89 95
89 95
50 116
50 5
5 63
95 5
95 89
41 29
95 89
5 50
95 5
5 95
89 5
50 89
123 89
89 95
50 89
5 89
89 50
15 34
5 95
75 89
5 95
50 95
5 95
89 95
5 95
5 89
5 95
5 95
89 50
89 95
50 95
95 50
5 95
95 5
50 5
95 23
50 95
89 92
89 83
95 50
95 14
95 50
89 95
95 89
50 102
89 95
50 95
89 95
5 89
5 66
89 5
95 5
89 5
5 95
5 95
89 95
50 56
50 95
5 95
95 5
95 89
5 89
89 95
95 14
5 95
89 95
50 95
50 95
5 50
5 95
5 95
95 89
95 50
95 5
89 95
89 5
63 95
50 95
50 115
95 5
95 89
89 95
5 47
89 50
89 95
94 42
89 95
50 95
95 89
89 95
89 95
15 34
89 95
89 50
5 89
50 95
89 50
54 110
89 95
50 89
89 5
95 115
95 14
89 95
89 46
89 95
50 95
95 5
51 121
50 95
89 95
5 60
5 89
5 89
95 14
5 89
95 89
95 5
5 95
5 95
89 95
95 23
89 95
89 5
89 50
5 89
89 95
50 5
95 89
89 95
89 95
5 89
50 89
89 95
50 95
50 5
64 83
89 95
89 5
50 95
95 89
89 95
89 95
89 95
50 95
5 95
95 50
50 89
5 89
50 95
95 102
89 5
89 95
5 47
5 50
89 95
89 95
95 5
50 95
95 50
125 5
89 78
95 50
89 95
5 95
68 15
5 50
50 89
95 89
50 5
89 95
50 95
95 89
51 18
89 95
89 95
89 95
50 14
89 41
95 18
50 95
50 89
89 95
50 95
89 95
95 5
89 50
50 95
50 95
89 95
5 95
89 50
50 95
5 95
95 93
50 95
5 95
89 95
50 89
89 50
5 76
89 95
89 95
89 50
95 89
89 95
95 5
89 95
95 5
95 5
50 95
50 5
95 102
5 95
95 89
89 95
95 5
5 47
50 115
89 95
5 89
94 20
89 95
5 95
50 95
95 5
89 50
89 5
5 89
5 89
50 95
89 95
89 5
89 95
95 23
5 73
89 95
50 95
89 50
95 89
5 95
89 95
89 95
95 5
89 35
89 50
95 89
95 33
89 95
25 100
89 50
13 107
89 95
47 5
64 13
95 14
89 5
89 59
89 75
89 80
95 23
89 95
89 95
50 89
89 95
50 17
89 50
89 5
65 33
5 95
89 119
5 29
5 95
42 51
68 14
63 13
50 95
95 89
5 50
50 95
89 95
50 89
50 95
5 89
95 89
89 95
83 50
50 95
5 82
89 95
89 95
50 13
5 95
89 50
5 95
89 95
50 95
5 89
50 95
89 50
95 50
89 95
89 95
5 95
5 50
89 95
89 95
47 5
95 5
5 89
5 89
50 95
89 95
95 89
95 89
89 95
50 5
89 95
50 95
94 14
95 50
89 95
89 14
5 95
5 95
50 5
50 95
50 0
50 89
89 95
89 95
50 95
89 5
56 5
95 89
5 95
89 95
89 5
89 95
5 95
95 89
95 50
125 17
54 101
89 95
5 47
89 50
89 95
5 95
95 5
89 95
50 95
89 95
41 68
95 50
95 89
95 83
95 89
50 89
95 89
89 50
95 89
95 5
5 50
50 91
95 89
50 95
95 50
89 95
50 95
89 95
89 5
89 50
107 13
95 89
95 50
95 102
95 50
89 95
89 95
50 95
89 95
50 89
5 95
89 95
95 50
89 95
89 95
5 95
89 95
95 5
5 95
89 50
89 30
89 65
50 95
89 95
50 95
85 50
89 95
95 89
89 95
95 89
50 89
89 50
95 50
25 83
89 95
89 50
89 50
5 89
5 89
89 5
5 89
89 95
95 14
5 95
89 95
95 89
89 50
95 89
5 42
89 95
95 23
50 95
95 5
50 95
5 89
50 5
89 95
95 89
95 14
5 95
125 95
50 95
89 95
95 50
89 5
95 89
5 50
5 89
95 14
50 95
58 77
95 14
95 89
89 95
95 89
50 89
95 50
89 95
95 50
89 95
5 95
5 95
89 95
50 89
89 95
95 30
95 50
89 95
89 95
89 6
5 89
50 60
5 95
50 95
95 89
95 5
5 95
89 95
5 47
89 50
89 5
89 50
89 5
89 95
5 73
89 5
89 95
50 89
95 89
89 5
50 49
41 68
50 95
95 89
50 5
89 18
95 5
50 95
89 5
89 50
74 100
50 89
89 95
83 111
50 95
89 95
50 5
89 95
89 50
89 5
89 95
50 5
95 89
89 5
50 95
5 50
89 95
94 96
95 5
50 35
89 95
89 95
50 89
95 5
95 89
95 89
89 19
50 95
50 95
89 95
50 5
50 89
54 96
95 89
50 95
52 96
23 5
5 50
95 5
50 5
5 89
95 89
5 50
95 47
89 50
5 95
89 95
95 89
95 5
89 95
95 50
73 5
89 95
50 95
89 95
5 89
50 95
95 23
89 95
5 89
5 95
89 5
95 89
89 95
95 0
121 127
89 95
95 50
95 5
50 95
64 5
50 89
89 95
95 50
50 95
89 83
50 38
50 2
5 50
5 50
5 50
5 95
13 41
89 95
95 50
95 5
5 95
5 95
106 70
50 95
95 89
89 95
95 47
89 50
89 95
89 95
89 95
95 50
89 95
5 95
95 89
89 95
50 95
50 95
89 5
50 55
89 95
50 5
95 89
50 5
89 95
50 95
5 25
95 5
50 118
89 95
95 50
5 89
89 50
89 95
50 95
125 54
89 95
50 5
89 50
50 3
5 89
5 121
5 95
95 50
50 89
5 50
64 58
95 89
89 5
95 29
89 95
5 50
5 47
89 95
95 89
89 5
5 50
89 95
5 89
89 95
5 89
95 89
95 116
95 89
89 5
42 51
5 23
121 79
15 34
95 5
5 47
79 63
89 95
95 5
5 89
15 34
50 95
5 50
95 50
89 95
5 89
5 112
5 89
95 89
5 89
95 50
50 40
