128 10000
89 95
89 95
5 73
15 79
95 23
50 125
89 50
89 95
89 95
95 89
50 95
95 89
89 95
89 95
50 95
89 95
5 95
80 50
5 50
89 95
95 5
95 75
125 43
89 95
50 89
89 95
95 71
95 50
5 95
95 89
63 79
50 95
50 89
95 71
89 95
50 19
89 95
95 5
50 89
5 89
50 54
89 95
50 5
50 14
95 50
5 95
89 50
95 89
89 95
89 95
50 95
50 95
95 50
89 95
95 89
63 120
89 95
89 95
95 50
89 47
89 95
5 95
95 12
95 5
50 95
89 95
5 50
95 23
89 95
95 5
50 89
89 95
50 113
113 58
89 95
95 89
89 95
95 5
50 95
5 95
5 95
89 95
95 89
50 95
89 63
89 95
50 7
5 95
5 95
50 95
89 51
95 23
50 95
89 5
50 95
95 50
95 89
95 89
5 95
5 95
5 125
89 50
5 50
95 89
95 89
89 74
50 98
118 13
50 95
89 95
89 95
5 89
95 89
5 89
5 95
51 66
89 95
5 50
89 5
50 83
89 95
89 95
89 95
5 23
14 81
70 42
50 5
5 73
95 89
95 50
50 89
95 89
89 50
95 89
89 95
95 5
5 50
80 125
5 112
95 89
50 95
5 118
95 89
94 107
50 89
5 95
89 5
50 95
113 79
95 50
89 50
50 31
50 95
89 95
89 95
89 95
50 95
89 95
50 83
50 95
50 89
89 28
50 31
95 50
89 95
89 5
95 89
63 120
89 95
89 95
5 95
50 5
50 5
50 64
89 5
95 89
95 89
95 63
5 95
5 73
89 95
125 17
34 111
50 95
89 5
95 99
50 5
95 89
50 95
95 89
5 117
89 95
95 50
89 5
95 5
89 50
89 95
89 95
89 95
89 95
5 89
5 89
95 89
5 89
95 89
95 89
5 73
95 50
89 94
5 95
89 95
50 5
5 73
89 95
89 95
95 5
89 95
50 95
50 47
50 5
5 53
95 50
63 120
89 5
95 89
89 50
95 5
95 5
17 13
89 50
95 5
89 5
5 94
50 95
95 50
95 50
5 50
5 95
89 95
94 55
50 5
95 89
95 50
5 89
95 50
50 95
89 5
51 54
89 95
5 89
89 95
89 95
89 95
5 50
50 89
89 5
5 95
89 95
50 95
89 43
95 97
95 89
89 50
42 5
95 81
5 11
5 95
95 89
89 95
50 89
95 5
20 64
89 5
95 5
54 43
5 95
89 95
5 111
50 5
89 110
50 16
89 50
5 95
83 14
89 50
50 95
50 95
95 5
5 89
95 50
95 63
5 95
89 5
89 18
5 89
89 5
95 89
95 50
89 91
95 50
95 89
89 80
95 89
89 116
50 95
89 5
50 13
50 95
95 89
89 33
89 5
58 75
89 95
5 95
89 95
5 95
89 95
89 82
89 50
89 50
95 5
5 73
50 95
5 95
5 95
89 50
95 89
5 17
95 89
50 5
5 89
5 95
89 95
95 50
95 89
89 95
89 95
89 95
5 89
89 95
89 50
50 95
89 50
50 95
89 5
89 95
95 89
5 50
89 95
89 8
89 5
95 89
50 121
95 89
41 59
5 50
89 5
89 95
95 50
95 50
89 95
50 89
89 94
95 50
5 100
95 5
50 95
95 3
89 42
95 89
89 65
5 95
50 54
89 95
50 95
89 95
89 5
89 95
47 5
5 95
95 89
5 89
95 5
95 76
5 95
50 95
95 5
50 95
95 89
95 89
8 64
68 41
5 95
5 84
50 89
95 5
5 89
5 32
95 5
50 95
50 30
5 95
95 89
89 95
95 26
89 95
50 95
89 95
118 42
95 89
5 95
89 95
95 5
5 95
95 89
95 89
5 95
95 89
50 89
89 95
25 112
95 89
5 89
95 89
64 13
5 95
95 94
5 50
89 95
89 50
89 95
5 95
89 50
89 50
89 50
50 5
95 89
5 50
95 5
50 89
84 95
89 95
89 96
89 29
89 50
50 95
89 50
50 5
89 95
89 95
89 95
95 89
5 95
95 66
89 5
89 50
63 79
50 95
41 65
95 14
95 89
8 65
89 50
5 89
95 89
89 5
95 89
5 95
89 50
5 95
89 50
95 5
89 5
5 89
5 95
50 95
5 89
89 50
95 5
89 95
95 14
50 95
89 5
5 50
95 89
5 89
5 50
95 50
64 28
5 95
5 50
5 95
89 95
50 5
89 95
89 95
89 95
50 95
89 50
95 89
95 89
95 75
95 89
95 89
50 40
89 95
50 47
89 95
95 14
5 95
5 50
50 99
95 89
95 89
95 88
95 89
5 95
95 89
50 95
89 95
89 50
5 95
95 89
95 89
5 95
95 50
50 47
95 23
95 89
17 120
50 5
50 5
95 50
89 95
89 95
5 89
89 5
95 89
5 50
89 95
95 89
50 95
95 5
89 5
95 5
89 95
89 123
5 50
5 47
95 5
89 5
50 80
50 102
50 19
95 89
5 95
95 89
5 89
5 95
99 79
89 95
5 89
89 95
89 95
89 95
5 95
5 50
5 89
89 5
50 95
50 89
5 95
14 81
89 50
50 95
95 5
64 78
89 95
118 65
63 120
89 95
5 89
89 95
89 57
50 51
50 89
95 5
89 50
89 95
50 95
50 95
50 95
95 14
89 95
113 58
95 50
89 5
95 50
95 50
89 50
89 95
95 5
89 99
95 5
5 95
89 95
89 5
99 22
89 95
89 95
5 89
95 5
5 95
5 95
125 124
95 5
50 63
5 14
89 95
89 5
89 95
89 95
95 5
50 5
5 95
5 89
89 95
89 95
5 54
89 95
5 95
5 89
5 78
50 5
5 95
5 95
5 18
50 95
50 110
5 95
5 95
95 89
50 92
5 95
95 89
121 118
50 89
89 95
50 89
125 95
20 64
121 18
5 50
89 95
89 5
50 95
50 95
54 83
89 123
89 95
50 95
15 34
95 5
5 95
5 95
89 95
5 50
50 89
5 95
15 34
95 14
5 89
95 89
5 95
95 89
50 95
5 61
95 50
50 113
89 5
89 95
50 47
95 5
50 89
95 89
89 95
50 95
50 95
14 81
94 63
5 89
5 50
50 47
95 5
95 50
50 89
95 89
89 50
95 50
65 111
89 1
5 95
5 50
89 50
50 5
89 50
5 89
89 95
89 95
5 95
95 14
95 50
50 5
118 13
50 95
89 95
89 5
50 79
89 95
89 95
89 5
5 89
89 95
95 50
50 77
5 95
95 76
89 95
89 95
5 50
113 58
89 95
5 95
89 50
89 5
89 71
89 95
95 122
95 50
50 63
50 89
50 89
89 92
95 89
89 38
89 63
5 89
68 94
5 95
95 89
89 5
89 95
5 95
95 89
95 5
95 50
95 23
50 95
5 95
89 5
15 68
50 95
95 89
5 50
95 50
89 95
89 95
89 5
5 95
5 89
50 86
50 95
95 89
89 95
5 89
95 89
95 118
50 89
50 95
89 59
43 5
95 50
89 95
5 116
5 95
17 95
89 95
95 23
5 68
5 89
89 50
50 95
89 117
89 95
89 95
5 95
95 5
95 14
95 89
95 5
95 89
89 5
95 89
96 60
89 95
95 89
50 118
89 45
95 89
95 89
89 95
5 95
50 95
89 95
5 95
95 50
5 50
89 50
99 42
95 50
95 5
5 89
5 95
89 5
89 50
119 20
50 89
89 50
50 95
50 77
5 50
89 50
95 5
5 89
95 5
95 5
50 95
89 63
5 89
89 84
5 50
95 88
95 5
95 5
95 50
95 57
89 95
89 95
89 95
95 50
89 50
5 95
5 50
50 95
89 50
95 89
20 64
89 40
50 95
89 95
89 5
89 95
125 95
5 89
50 89
89 95
5 50
89 95
5 89
95 89
5 95
50 95
5 89
89 95
17 81
95 89
5 50
5 89
5 50
50 123
15 79
5 95
5 47
95 89
50 95
5 50
50 96
95 50
50 95
50 5
95 5
50 89
89 95
50 95
5 0
50 2
50 5
89 52
54 110
50 95
95 5
89 95
95 5
5 95
15 34
89 95
50 95
50 95
89 28
50 95
89 50
89 5
5 73
15 79
50 3
5 95
50 89
50 95
95 23
5 50
89 4
95 50
95 89
95 5
95 89
95 50
5 50
50 95
95 23
5 50
95 89
5 95
50 5
95 50
89 95
50 102
89 59
95 5
5 89
95 99
95 89
119 123
5 89
5 95
95 89
50 5
100 119
5 95
125 51
50 119
95 50
89 71
96 43
5 89
54 6
74 100
95 5
50 39
89 6
50 95
50 95
89 95
95 5
95 5
50 95
5 95
89 5
5 95
50 95
89 95
89 83
95 89
95 5
50 95
5 82
95 89
89 95
5 95
95 89
50 95
89 95
5 95
89 63
89 50
5 95
95 89
50 83
54 3
89 95
95 50
50 95
15 34
50 95
5 47
5 89
89 95
50 95
121 20
89 95
95 5
50 94
95 89
89 5
64 83
89 95
89 95
95 5
95 89
50 89
17 57
15 79
89 5
50 95
89 95
89 95
50 89
89 5
89 50
89 50
5 47
20 106
95 50
89 95
95 89
89 50
5 95
89 95
50 95
95 89
50 5
89 95
5 47
125 30
95 50
95 5
89 5
50 95
95 89
89 95
89 50
5 89
89 50
95 5
95 89
50 18
89 50
50 89
95 50
50 89
64 83
5 50
95 89
89 95
95 89
63 96
50 89
95 5
89 5
5 95
89 95
89 95
89 5
54 57
5 95
5 50
5 110
5 95
89 95
95 89
89 95
50 5
50 89
50 5
95 50
5 95
89 95
89 50
50 95
5 89
95 89
89 95
5 95
63 96
50 17
20 64
95 89
89 95
89 50
5 47
113 58
25 106
50 5
5 95
5 95
50 5
89 95
73 5
5 50
95 14
89 80
14 81
50 89
89 95
89 95
89 50
50 95
50 95
118 13
89 50
89 95
81 13
95 89
5 95
58 40
5 81
95 5
5 89
94 83
5 95
89 95
50 5
64 54
89 50
95 89
95 5
50 17
89 95
5 95
107 13
95 5
89 95
5 75
95 50
95 50
89 95
5 83
89 95
89 95
89 5
89 95
89 50
50 89
5 50
95 50
5 73
95 89
89 5
89 95
89 95
121 79
95 5
50 95
5 77
95 50
89 5
51 125
5 89
95 89
5 95
89 95
5 95
50 89
89 95
89 95
95 50
95 89
5 50
89 50
95 50
95 50
125 95
95 50
113 58
89 95
95 50
50 95
95 89
95 50
89 50
5 25
89 95
5 95
5 95
5 17
89 95
95 89
95 14
89 95
95 89
89 95
5 95
5 89
89 50
95 89
95 5
99 8
25 83
5 89
95 89
95 89
50 89
95 89
95 50
89 50
95 5
89 95
95 50
51 9
95 89
89 95
89 95
95 89
50 95
113 58
95 50
50 5
89 50
5 89
50 95
95 50
89 95
89 50
95 5
50 95
5 86
50 95
95 38
89 95
95 89
95 61
95 89
95 89
15 83
50 89
5 95
50 5
89 95
50 95
95 23
5 50
50 95
89 95
5 95
5 95
89 95
50 5
89 95
95 5
95 89
50 95
121 74
68 15
125 104
50 63
50 5
95 50
50 95
5 83
50 89
95 89
95 5
5 89
95 5
64 83
50 95
89 5
50 95
95 89
5 89
89 95
50 95
50 95
95 5
89 5
41 68
89 95
5 95
95 5
50 5
5 50
5 17
95 50
89 95
95 25
50 95
50 89
95 89
50 89
5 95
95 89
95 89
50 95
5 95
100 119
89 5
5 95
50 95
95 59
50 95
89 50
89 95
89 95
89 95
95 5
89 50
89 50
89 5
89 95
5 73
95 23
15 83
95 5
89 95
89 95
5 89
5 95
95 5
89 95
63 56
89 122
42 51
95 50
89 95
95 5
89 95
95 25
50 98
118 42
95 14
89 95
5 95
50 93
51 40
50 95
89 50
50 30
5 89
50 63
50 5
5 89
5 95
95 5
89 5
50 89
51 32
89 95
89 95
89 95
50 5
95 50
89 95
89 95
95 89
95 5
68 15
50 95
50 121
50 95
89 95
89 95
50 89
5 95
50 118
95 17
51 52
95 89
79 80
95 50
89 95
89 50
89 95
89 95
89 50
5 95
89 50
63 96
5 95
89 95
95 89
50 95
50 95
95 89
89 95
50 95
5 89
89 95
5 95
5 89
95 50
89 50
95 89
50 95
95 5
89 50
95 50
96 102
89 95
50 95
89 50
50 95
95 50
95 89
95 50
42 95
118 111
65 75
20 64
95 50
5 95
95 89
50 51
89 50
50 66
5 95
64 97
50 95
50 89
95 50
50 95
89 50
89 95
89 95
50 89
5 89
50 95
95 89
50 95
50 61
5 47
5 50
95 89
95 89
95 50
95 89
20 8
94 19
64 47
50 95
107 120
5 95
50 95
5 95
89 95
5 50
89 95
95 5
89 50
89 95
5 89
50 5
95 23
89 95
5 50
123 119
95 50
50 95
81 5
95 5
5 89
95 23
51 9
95 18
5 89
50 95
89 46
13 107
5 89
50 95
95 89
50 89
5 95
95 50
50 95
89 95
95 23
50 95
50 89
89 5
95 89
95 50
50 95
5 95
95 14
50 95
5 95
95 89
89 95
95 50
95 14
89 95
5 127
5 95
50 95
89 95
89 95
5 95
95 5
95 5
89 50
95 51
50 107
95 89
50 89
50 3
5 89
95 5
89 95
95 89
95 89
50 95
5 31
50 95
89 95
89 5
89 5
5 50
5 95
50 95
50 5
89 95
89 50
95 5
50 95
89 5
50 95
50 89
89 95
50 89
5 95
94 127
50 89
5 95
89 95
95 14
89 95
42 51
89 95
89 50
95 50
95 54
5 95
95 125
50 5
5 89
95 5
50 95
95 50
95 89
89 95
89 50
100 14
50 5
5 89
121 30
95 74
5 89
89 95
50 95
89 50
5 73
95 89
5 95
51 42
89 95
89 50
50 95
95 89
50 95
89 95
5 95
5 10
50 89
68 15
50 95
50 95
50 23
63 96
50 62
5 3
50 95
95 5
100 119
89 95
95 89
50 95
50 89
89 50
89 95
95 89
95 21
95 89
50 89
89 5
89 50
89 50
89 95
50 95
89 95
89 47
95 89
95 50
89 95
89 5
95 89
50 5
95 50
89 95
5 89
95 89
95 5
89 57
95 89
5 76
5 89
50 95
5 95
89 95
89 5
50 95
89 50
95 89
89 95
5 95
89 5
50 95
50 95
95 50
95 89
95 89
95 89
95 50
50 95
95 89
5 50
89 50
89 95
89 95
5 47
95 89
5 47
95 89
89 50
95 89
17 71
89 95
5 89
95 89
89 95
95 89
89 95
5 73
89 95
89 50
50 89
89 5
5 50
89 95
5 95
50 95
89 95
89 95
50 95
89 95
89 95
50 36
5 89
95 50
99 23
63 120
95 5
50 89
89 95
89 50
50 95
5 50
95 83
95 5
95 5
50 5
95 5
5 95
5 50
95 50
20 64
89 5
50 95
117 95
113 109
113 58
89 95
100 119
89 95
5 77
5 95
89 50
89 50
5 95
50 89
5 89
89 95
50 5
89 95
50 5
95 50
95 71
50 95
15 79
50 5
99 12
89 95
89 50
95 89
95 89
95 54
50 95
89 95
95 89
95 89
119 99
50 5
5 89
89 95
5 95
50 54
89 95
95 89
50 95
5 95
5 95
50 5
50 95
95 50
95 89
95 14
89 95
5 95
50 95
95 89
5 95
89 95
95 5
95 50
89 95
89 95
95 50
5 56
5 14
89 1
95 5
95 5
5 89
89 95
95 89
95 5
95 89
96 17
54 15
89 95
95 50
95 50
5 89
95 89
89 95
5 50
95 89
89 95
50 89
5 95
5 95
89 50
41 126
50 89
95 5
89 95
5 89
95 23
95 5
89 95
50 95
95 50
50 95
50 14
50 95
95 89
89 95
95 89
89 95
50 89
95 5
50 95
50 17
95 83
89 95
15 79
89 95
50 95
95 51
89 5
95 89
89 50
50 5
89 95
95 89
50 83
89 57
95 89
50 89
89 50
50 89
89 10
50 95
95 50
95 23
89 95
89 50
95 50
89 95
89 50
50 95
5 50
89 5
41 63
89 95
5 89
100 119
5 95
89 5
5 95
5 89
89 95
95 50
95 89
95 50
95 89
5 95
50 89
95 5
50 95
5 95
5 107
50 89
50 95
89 50
125 9
95 1
99 5
20 123
50 5
89 95
50 95
89 95
5 83
50 34
50 95
89 50
50 95
50 86
89 95
95 89
5 95
89 95
15 83
5 56
89 95
89 95
89 95
89 95
95 89
89 50
89 95
107 13
95 5
95 89
50 5
89 5
95 5
64 83
89 50
89 95
95 5
5 50
95 5
95 89
5 95
89 95
50 5
5 50
95 5
95 5
5 95
89 95
89 95
50 5
15 79
89 50
89 95
50 89
89 50
89 95
89 95
95 50
95 50
89 95
89 95
5 89
89 50
99 63
50 5
89 95
5 95
89 95
5 89
50 95
95 89
95 5
89 95
68 15
95 5
95 5
50 95
5 50
5 95
89 95
89 5
95 50
89 95
95 89
89 5
5 95
89 95
96 14
5 116
5 95
89 95
5 89
63 120
89 95
5 89
95 89
5 95
89 95
68 41
89 95
50 95
95 14
5 95
20 64
95 2
50 95
5 95
89 5
95 50
95 8
41 68
50 95
5 95
89 95
74 99
89 5
95 50
89 95
5 95
50 95
89 95
5 29
50 89
95 50
95 5
50 5
50 95
89 95
20 8
5 73
89 5
89 95
95 89
89 95
100 119
89 95
95 50
89 95
95 93
89 95
89 95
50 95
5 95
50 95
95 5
50 5
95 5
89 95
89 95
95 89
95 89
89 95
50 95
51 117
23 95
50 121
5 95
89 95
95 50
113 58
50 95
89 66
100 51
89 5
89 95
5 47
5 50
54 29
89 95
50 65
89 95
89 50
5 50
5 95
5 95
5 95
89 95
95 5
89 95
5 95
95 89
5 89
89 91
95 89
89 95
89 95
50 95
89 50
95 89
89 95
95 5
50 95
5 50
95 89
89 95
89 5
89 95
95 5
41 22
95 89
89 81
89 95
121 116
95 89
50 5
50 95
89 10
89 5
5 95
95 89
89 5
5 50
89 5
5 28
96 58
15 83
89 50
89 95
89 95
95 50
50 121
95 89
15 34
5 95
5 95
95 23
89 95
5 95
89 95
5 89
5 95
89 95
89 5
95 89
89 95
89 95
89 95
95 5
89 50
89 95
5 89
95 89
5 95
15 34
89 5
95 89
89 95
95 5
74 25
5 89
89 50
50 95
95 50
95 89
89 95
5 89
95 50
97 5
95 89
89 50
50 95
95 5
89 95
95 5
89 5
50 84
89 95
5 95
95 89
75 89
95 50
50 95
125 112
89 50
95 5
95 50
95 50
100 119
89 95
89 5
89 5
50 29
5 50
89 95
5 89
89 95
95 5
96 6
5 95
89 117
89 50
95 89
5 89
89 95
95 89
95 89
89 95
89 95
89 50
95 14
95 14
95 5
95 89
5 95
89 71
95 89
5 95
50 5
95 50
89 95
89 95
95 50
95 5
95 89
95 89
89 50
89 50
89 95
89 95
63 120
50 89
95 89
89 50
89 95
50 95
50 95
95 14
95 50
95 89
89 95
5 89
5 38
50 96
89 50
89 95
95 50
50 95
5 89
95 23
95 5
50 95
50 5
89 95
95 89
50 89
5 47
50 84
89 95
95 50
95 50
95 5
95 89
50 95
95 39
119 100
95 89
89 95
89 95
89 95
89 95
50 23
95 89
89 95
95 89
89 95
89 60
89 95
89 95
89 5
5 89
50 95
95 89
89 5
50 5
42 51
50 5
89 5
64 19
89 50
41 54
121 73
5 95
5 95
5 89
95 5
50 95
95 89
89 95
5 68
96 31
89 5
89 95
95 89
50 89
95 50
5 95
89 50
68 15
95 89
95 89
41 3
95 89
89 5
14 95
89 95
95 89
15 34
50 95
89 95
95 89
5 89
50 95
50 95
68 15
95 89
89 95
50 45
95 89
50 116
5 95
5 123
50 95
89 50
64 101
5 89
5 89
5 89
5 89
50 95
95 5
95 5
5 95
95 66
89 50
50 123
95 5
89 5
5 95
95 50
95 89
89 95
95 89
50 52
5 89
89 50
95 89
50 48
89 95
50 95
89 95
5 89
5 95
5 89
89 95
50 95
89 95
5 95
119 95
89 95
5 95
89 95
5 95
89 50
5 47
89 50
95 63
50 20
95 89
42 81
50 86
89 50
89 50
89 95
89 95
96 45
95 89
89 95
50 6
89 50
89 95
5 13
54 50
17 80
50 5
50 95
95 89
50 89
95 23
50 95
50 89
95 14
119 8
50 5
89 95
95 71
95 89
50 89
94 33
95 89
95 50
20 64
89 95
5 50
5 50
50 95
50 39
50 95
89 95
89 95
89 95
89 95
89 95
89 95
5 95
89 95
89 20
50 95
118 5
95 5
95 89
95 50
95 5
95 5
89 95
23 95
68 41
50 95
89 95
89 95
95 89
50 5
89 95
89 95
95 89
50 5
5 89
95 89
50 89
5 89
95 89
95 5
95 5
95 89
95 50
95 89
95 89
95 0
95 71
5 95
95 5
5 47
95 50
50 95
89 50
5 95
89 5
5 89
95 5
89 95
95 50
5 95
95 89
95 5
89 95
95 84
89 5
89 5
95 5
89 50
5 95
5 45
95 118
50 95
50 95
50 95
89 95
95 89
5 95
89 50
63 96
89 84
89 5
5 73
95 14
50 8
89 47
89 122
95 53
125 59
89 95
50 95
50 14
5 117
95 50
89 95
89 95
89 95
95 50
95 89
113 58
5 50
50 95
89 95
50 95
89 5
54 96
5 20
89 95
95 89
50 48
50 83
89 50
5 89
95 89
8 64
95 89
5 95
50 54
50 95
95 89
89 95
89 50
89 95
54 89
50 95
50 84
95 5
89 50
95 89
50 89
89 95
107 13
89 95
89 95
125 80
89 74
95 89
64 50
5 99
95 79
89 95
89 95
89 95
95 89
89 95
5 42
64 13
89 95
89 95
89 95
89 50
89 95
95 45
5 84
50 95
95 50
50 95
5 95
50 95
95 89
95 89
5 89
89 110
89 95
95 76
50 45
50 102
5 95
95 89
5 95
50 5
50 5
25 83
5 95
89 5
89 5
89 95
95 123
95 89
95 89
95 50
50 95
95 89
5 89
5 89
5 95
50 95
95 89
50 89
50 17
5 95
89 84
5 95
5 95
50 95
89 95
95 89
95 89
95 89
5 95
89 95
95 109
95 50
79 54
95 89
95 82
95 50
89 50
5 50
50 45
50 95
89 50
95 102
5 73
95 74
95 89
95 89
50 95
50 95
50 95
89 5
50 5
89 50
89 95
95 89
5 95
95 89
50 101
50 95
89 50
89 95
89 79
50 95
89 23
89 50
95 50
50 95
5 95
50 89
50 63
89 95
89 50
89 50
5 89
50 95
95 50
95 97
89 95
5 50
50 95
5 95
95 89
95 89
17 110
89 95
89 95
95 14
50 95
50 13
50 5
50 95
89 95
95 89
5 50
64 0
89 95
20 8
5 95
50 95
50 95
41 68
89 95
5 95
5 95
50 95
89 95
95 5
95 5
95 89
50 6
89 5
5 95
89 95
50 89
50 6
50 95
50 95
89 95
50 5
123 119
89 95
5 50
95 89
95 23
95 50
95 89
89 95
50 63
89 5
50 89
89 95
95 89
89 95
95 89
95 63
75 89
95 89
63 120
5 95
50 5
89 95
89 50
95 89
95 89
5 95
50 95
5 73
125 59
50 58
95 89
95 5
95 89
89 95
5 95
54 83
5 50
95 89
89 50
89 95
89 50
89 5
89 50
50 59
50 89
121 17
89 5
89 95
95 89
95 89
50 36
5 50
95 89
89 95
50 95
50 83
89 95
5 95
5 47
20 64
50 89
50 5
95 50
5 50
5 89
89 95
89 95
89 50
95 23
89 95
74 32
50 89
89 95
95 50
5 33
89 29
5 50
50 62
96 94
95 89
95 5
95 89
50 89
5 0
58 77
95 89
5 89
95 89
5 95
80 50
5 89
95 116
89 50
5 50
89 5
89 95
89 95
89 5
100 14
5 95
50 89
50 89
5 89
95 50
50 5
14 81
50 95
95 89
50 95
95 89
89 50
50 5
95 50
95 50
50 95
95 89
95 89
95 89
89 95
95 89
89 5
95 89
95 89
5 95
50 71
95 50
50 95
99 19
95 89
50 95
5 50
5 123
89 95
95 89
5 73
50 95
5 3
89 50
89 109
95 89
95 89
50 5
50 99
95 89
89 95
50 95
95 5
89 95
95 89
5 89
5 15
5 89
95 89
95 1
95 50
50 95
95 89
5 74
50 20
89 95
95 5
89 50
50 95
89 50
5 50
89 95
5 95
89 95
50 95
89 4
50 75
5 95
50 95
50 89
63 120
89 50
95 5
5 89
95 89
50 95
89 5
89 95
89 11
95 5
5 89
119 20
95 50
5 50
50 81
63 96
5 121
111 42
89 50
5 95
50 5
89 95
95 50
95 5
50 89
79 83
89 95
89 20
89 95
5 50
5 95
95 5
5 95
89 5
89 95
5 89
5 50
89 83
89 5
95 89
5 89
89 95
95 50
89 5
95 50
50 95
89 95
5 47
5 89
5 89
95 89
89 5
89 5
89 50
95 5
95 89
5 89
50 86
89 95
50 95
95 5
50 95
95 89
5 95
51 50
95 89
95 89
95 89
89 95
5 89
95 5
5 95
89 50
89 95
5 95
89 50
50 95
89 50
89 95
20 64
123 119
50 95
5 95
95 50
89 95
95 89
89 31
5 95
89 95
50 89
89 95
5 89
89 95
95 5
95 89
50 95
89 95
89 95
89 95
50 95
5 75
89 95
5 50
54 126
89 95
5 57
89 50
95 5
5 50
50 95
95 50
5 95
5 95
89 95
5 95
95 5
89 5
89 95
113 58
89 95
5 89
89 95
89 95
50 89
47 95
95 50
89 95
5 63
5 95
5 50
89 5
89 95
20 64
50 5
89 50
5 50
95 14
95 5
95 89
50 95
89 50
89 5
95 89
5 95
89 95
5 95
50 89
95 89
95 50
50 123
5 95
50 89
50 95
120 42
5 50
89 95
75 83
89 95
5 50
89 95
5 89
95 89
95 89
89 95
50 95
89 5
89 95
79 83
5 95
50 95
54 43
89 50
89 95
95 14
5 73
95 89
5 50
14 81
95 71
5 95
5 95
89 95
89 95
50 5
89 50
50 95
50 52
89 95
50 95
5 95
5 50
89 123
5 95
5 95
50 95
94 42
89 50
89 50
95 89
50 5
50 95
5 50
89 95
89 95
95 50
50 66
89 95
89 48
89 5
89 95
5 95
89 95
95 50
5 73
50 89
63 120
89 95
50 38
5 56
5 50
95 50
5 73
89 115
50 95
50 5
89 5
89 79
89 50
95 89
50 95
50 95
38 50
95 5
50 5
95 89
5 50
50 95
50 95
89 5
89 95
89 95
5 95
89 95
95 89
95 89
95 5
89 50
95 89
95 89
5 95
89 50
50 5
95 5
5 89
89 95
50 95
50 47
95 71
95 23
89 5
5 47
89 119
20 64
95 50
50 17
89 95
89 95
5 83
89 95
15 106
95 5
89 95
89 95
89 107
5 89
20 8
89 5
17 125
95 89
89 50
50 52
5 89
5 73
5 14
89 50
50 89
89 95
89 95
95 50
89 95
89 95
50 89
42 51
95 50
50 121
5 89
125 98
89 95
50 95
5 50
95 50
50 95
89 95
5 95
89 95
5 47
5 79
89 5
95 5
5 95
89 123
50 95
89 120
95 89
95 89
95 75
89 95
50 95
95 126
50 89
58 113
95 5
50 5
5 95
50 5
89 95
5 54
5 95
50 89
5 95
89 50
89 95
95 89
50 5
5 73
89 95
89 95
50 5
89 95
95 89
50 21
95 89
95 89
5 83
89 95
5 95
5 95
89 5
5 95
95 89
5 95
95 89
89 5
50 95
89 5
5 89
89 95
89 50
5 95
50 95
95 89
5 50
5 89
95 50
5 50
89 95
89 95
89 95
89 95
89 95
89 95
95 5
50 8
5 47
20 8
95 89
5 95
89 95
95 89
89 95
95 5
96 121
95 50
89 95
96 81
89 50
5 95
89 95
5 95
5 95
5 95
89 95
50 122
89 95
95 5
95 23
95 5
50 89
15 79
89 50
95 5
95 50
5 95
89 2
95 89
121 118
50 46
95 89
95 89
95 89
89 95
95 89
5 73
89 95
5 50
95 77
113 58
89 50
89 50
89 95
5 95
95 5
89 95
89 94
89 50
95 50
50 95
95 5
95 5
89 95
89 95
89 5
5 95
89 5
5 95
95 89
89 50
5 0
95 14
5 95
89 95
50 95
89 95
50 95
89 5
111 83
89 50
95 23
95 50
50 95
89 50
89 95
95 50
50 95
38 54
95 89
89 30
50 95
50 5
80 5
89 50
89 95
89 5
95 89
89 50
95 89
5 50
89 95
95 50
89 95
5 73
89 50
5 73
51 42
89 95
89 95
95 23
89 95
50 95
89 5
95 50
95 89
95 89
50 5
89 95
89 95
5 50
95 89
95 89
95 89
95 50
50 5
95 89
89 95
50 5
89 95
5 47
89 95
89 95
89 95
89 95
95 24
89 95
95 14
89 95
89 95
50 5
89 95
14 81
50 95
95 41
89 50
50 44
5 115
5 95
5 89
89 95
89 5
5 95
95 5
125 67
89 50
41 68
89 123
89 95
50 89
50 95
95 5
89 50
50 95
89 5
50 95
89 95
89 95
5 89
50 95
89 95
89 5
89 5
5 95
96 65
5 95
95 89
51 25
5 95
95 89
50 95
5 50
5 95
50 43
89 53
89 95
50 95
64 112
89 95
5 95
5 50
107 13
5 89
50 95
5 50
5 95
95 89
50 95
50 89
95 89
89 5
89 95
5 95
89 23
5 18
89 95
95 50
5 89
50 100
5 45
95 89
50 95
5 95
89 95
89 95
95 14
95 5
50 95
5 95
95 38
5 50
89 10
5 89
50 5
89 5
5 89
50 123
89 95
89 95
5 89
89 95
5 89
89 5
50 95
15 83
89 50
5 95
5 95
89 95
95 5
89 95
95 89
50 95
89 50
89 50
95 89
89 95
89 95
50 89
50 95
95 89
50 89
50 115
56 5
89 17
95 89
95 50
20 8
89 95
50 29
50 95
50 95
83 106
89 95
95 89
89 95
100 41
50 95
50 89
5 95
95 89
5 95
99 33
50 95
89 95
89 50
95 89
50 42
89 50
89 95
95 5
50 95
95 89
5 89
95 89
95 89
50 95
5 89
13 107
95 50
125 79
95 23
50 95
50 95
81 42
89 95
89 5
5 50
5 89
95 5
95 89
89 5
95 89
95 14
89 95
95 89
50 95
95 50
89 95
95 89
89 95
89 95
89 95
95 89
89 95
5 45
5 73
50 95
89 95
95 50
89 95
50 95
5 89
5 95
89 95
63 120
89 95
89 50
50 89
89 95
89 95
89 78
50 95
83 79
89 109
20 8
76 89
89 95
89 95
95 83
5 89
89 5
95 123
89 50
89 50
50 89
89 50
50 5
89 5
64 3
113 71
89 5
95 50
95 5
50 95
95 50
5 89
5 50
89 95
95 50
95 5
95 5
50 95
5 89
89 5
89 95
89 95
95 89
5 89
89 95
89 50
95 5
50 89
89 5
50 5
5 73
41 70
89 95
95 89
89 95
5 95
89 95
95 39
95 89
50 95
5 95
95 50
89 95
95 89
50 14
50 95
89 50
95 89
5 95
95 89
5 95
5 50
5 95
50 6
89 5
95 89
5 95
5 89
5 50
89 62
95 89
89 5
89 50
95 5
89 50
54 15
95 89
89 95
89 95
50 89
50 33
5 95
50 89
5 89
63 120
89 5
100 119
63 51
95 5
95 89
50 17
95 50
89 95
63 96
95 5
95 5
5 95
5 89
89 50
50 95
89 50
95 89
5 73
95 5
50 89
89 95
89 50
95 89
89 111
95 50
5 89
50 1
5 7
50 95
5 47
95 89
89 95
89 5
95 23
5 95
5 95
89 50
50 5
95 89
95 50
50 95
89 95
89 116
50 95
50 95
89 50
95 23
50 28
89 95
5 89
89 95
95 83
95 5
50 58
50 95
50 95
95 89
95 25
89 5
95 89
5 89
89 95
95 66
5 73
50 95
89 50
5 89
5 95
95 70
89 95
95 89
95 5
95 14
95 5
50 89
5 95
5 95
17 113
51 3
95 89
50 95
89 95
89 50
95 5
50 95
50 95
41 99
89 95
5 13
50 95
5 47
89 95
95 50
95 89
5 50
95 89
5 95
5 86
95 54
50 95
89 95
5 73
89 5
95 50
5 89
89 50
89 95
95 89
50 89
89 95
95 89
5 95
89 50
95 50
89 95
50 89
5 50
95 89
15 83
89 95
50 114
89 95
89 5
5 50
89 95
106 98
50 95
5 89
89 95
89 95
89 5
89 95
94 60
89 8
50 34
89 95
95 89
89 26
95 89
89 95
50 95
96 14
89 95
50 5
95 89
89 95
89 95
5 50
95 23
50 95
5 56
95 89
20 64
89 95
95 89
89 50
50 29
95 89
89 95
50 5
5 95
50 95
89 95
95 23
89 95
50 95
89 5
64 83
95 89
95 5
5 89
121 84
89 95
89 5
95 14
63 120
95 89
5 50
5 14
95 89
95 5
50 95
89 95
95 89
5 50
89 5
5 89
89 110
5 95
89 50
95 118
95 14
89 95
50 95
89 79
50 95
95 89
95 14
5 95
89 95
95 50
42 51
5 41
125 63
50 5
89 95
89 95
5 113
121 119
95 5
89 50
89 95
95 14
95 89
64 106
5 95
17 121
95 5
15 34
89 95
5 55
95 89
89 95
89 95
5 95
50 5
89 95
95 89
32 74
17 45
95 89
89 20
89 50
50 95
89 95
95 89
121 72
95 89
95 50
89 95
95 5
5 125
50 46
89 50
5 95
89 95
95 89
89 50
5 95
89 95
89 4
89 95
89 88
89 95
5 50
89 95
89 95
5 78
95 5
89 95
95 89
89 50
89 95
5 64
95 5
89 95
5 94
50 95
5 95
95 50
5 50
5 95
20 64
5 95
89 95
95 89
5 50
89 95
89 23
50 89
95 89
95 89
5 89
95 50
95 76
95 89
95 23
89 5
20 64
95 5
50 59
95 89
95 89
89 95
50 95
50 95
89 5
54 118
50 89
54 1
89 95
95 23
95 5
95 5
50 95
95 89
95 89
95 89
89 50
95 14
14 5
89 5
50 5
68 15
95 18
95 50
50 95
5 95
89 95
89 5
5 89
50 95
5 116
20 64
50 95
89 5
50 95
5 89
89 95
5 50
50 95
89 95
89 50
50 89
50 95
89 95
50 29
5 89
95 50
5 89
95 89
89 95
5 95
118 42
95 50
5 50
50 21
5 95
50 51
63 96
95 89
89 95
89 95
95 89
50 65
5 95
89 95
89 75
95 89
5 89
95 5
5 95
89 5
95 5
95 5
89 95
89 95
95 18
5 95
99 117
5 95
14 95
95 23
50 111
95 50
50 89
50 107
89 5
95 89
89 95
5 89
5 89
5 95
5 50
89 95
89 97
89 60
5 89
5 50
89 95
89 50
89 95
95 20
89 95
50 95
95 50
81 42
89 95
95 50
5 20
89 95
95 82
50 95
89 95
89 50
89 95
50 95
89 5
5 17
95 89
50 93
89 95
95 50
50 95
95 50
89 50
5 95
95 89
5 47
89 95
95 89
79 83
95 50
95 89
50 89
89 95
50 95
50 95
5 95
5 95
50 5
89 95
5 89
89 95
74 100
95 89
89 56
89 50
50 5
50 95
50 98
125 58
50 95
5 95
50 95
50 31
95 99
119 99
125 70
89 95
5 95
95 89
89 50
95 83
5 89
89 50
95 5
5 50
81 42
96 14
54 71
89 50
95 89
89 95
89 95
95 5
50 95
50 95
95 89
5 95
5 50
121 123
89 5
89 50
95 5
95 89
5 73
95 89
50 95
89 50
50 95
50 95
5 95
95 5
95 50
95 5
89 95
89 5
89 95
50 95
89 95
95 5
50 5
100 14
89 5
81 14
89 95
95 47
50 95
89 50
50 89
89 95
5 47
5 95
89 5
95 5
5 50
50 95
95 5
5 95
95 89
5 50
89 95
5 79
50 38
89 95
89 50
54 94
20 64
89 50
20 64
89 95
89 71
95 89
5 95
50 122
95 5
50 95
95 89
42 51
50 109
50 5
95 89
95 89
89 88
89 95
89 95
89 95
50 89
89 50
5 95
5 110
89 54
89 95
89 95
50 95
50 101
89 95
50 95
121 67
123 119
89 95
95 89
95 89
95 89
95 89
95 50
89 95
95 5
5 95
50 95
5 118
50 95
89 95
5 95
95 89
50 95
50 95
50 5
5 50
89 95
50 5
95 14
50 95
95 23
50 95
5 50
89 6
68 15
89 95
89 95
113 58
50 89
95 89
5 95
50 95
95 50
95 89
95 14
95 89
89 50
95 50
5 50
95 89
50 93
95 5
95 50
89 95
95 89
50 95
89 95
94 93
95 50
95 5
5 24
89 50
80 50
5 47
89 5
5 73
89 95
89 95
95 89
50 95
5 95
5 50
99 113
5 95
89 95
5 95
89 5
89 95
99 63
95 5
95 50
89 95
111 42
89 95
89 95
89 50
95 89
5 95
95 89
89 95
5 42
89 95
50 95
50 5
89 95
95 5
5 50
95 50
95 50
95 50
5 95
50 106
5 95
50 95
50 95
5 89
89 95
95 89
25 95
89 5
89 95
89 95
5 125
5 89
50 5
89 95
5 95
95 89
89 5
95 89
50 95
95 50
5 89
89 95
95 50
50 5
89 95
89 95
89 95
89 95
51 63
5 95
50 5
89 50
95 89
50 95
89 95
50 95
89 5
95 89
89 95
89 5
89 50
95 5
89 50
95 89
50 95
64 83
95 5
50 95
95 23
95 5
95 50
89 50
95 5
5 50
89 50
89 95
5 95
89 95
89 95
5 117
89 5
5 95
5 17
5 50
95 56
89 5
89 14
95 46
89 95
89 95
89 95
5 95
5 95
89 95
89 50
95 5
89 5
95 50
89 50
17 51
50 95
89 95
89 5
95 89
89 5
50 95
95 89
89 95
50 5
50 95
95 89
89 95
89 95
50 89
89 50
95 89
50 95
50 89
5 17
89 95
89 95
89 45
89 50
95 89
50 89
50 5
50 5
95 50
99 78
65 34
89 95
95 110
89 32
20 8
5 50
89 95
95 14
95 89
68 15
50 95
95 89
118 13
5 89
89 95
5 89
95 5
83 111
5 95
95 23
89 95
89 95
89 95
95 50
95 89
95 89
5 95
50 89
81 42
5 47
5 89
95 23
5 89
95 5
89 95
81 13
5 89
73 5
95 89
100 119
5 50
89 95
95 50
95 5
89 5
89 50
95 5
89 50
95 89
50 95
89 95
89 50
95 78
89 50
89 50
5 95
5 50
95 5
50 77
95 5
89 95
5 95
89 95
95 89
50 95
89 23
5 95
5 95
8 65
5 95
89 95
89 95
50 26
95 89
89 95
89 95
50 95
95 89
95 89
50 38
50 89
50 95
50 95
95 50
89 95
5 20
89 50
64 72
50 5
50 95
50 31
5 58
89 95
95 50
89 56
95 5
95 50
5 30
89 50
95 89
89 121
89 30
89 5
95 89
5 50
95 89
95 50
89 50
95 89
5 50
95 89
89 5
50 89
95 50
89 95
89 123
50 89
89 95
89 95
89 50
95 25
50 95
50 95
89 95
95 89
50 83
95 50
5 89
89 95
50 95
50 89
64 92
95 89
89 95
95 5
50 95
50 89
50 81
5 95
95 50
50 89
50 95
89 95
89 95
95 14
89 95
5 89
125 127
50 8
5 95
5 95
89 95
89 50
5 50
95 89
95 89
50 95
89 5
89 95
95 46
50 95
5 95
50 123
50 56
50 95
50 95
50 95
99 57
5 74
89 95
89 95
95 5
95 89
89 95
95 89
95 115
89 95
95 5
95 19
50 89
89 95
20 8
5 95
89 95
89 95
89 95
50 95
95 89
5 95
89 95
89 95
64 83
50 106
5 73
50 76
5 95
5 95
95 89
5 74
95 50
5 100
5 89
50 95
89 95
95 89
89 95
95 89
95 23
5 95
5 95
95 50
95 5
89 95
89 50
95 50
95 89
50 89
125 113
95 89
50 95
50 89
5 95
50 102
50 95
89 95
5 59
50 5
50 5
95 89
95 117
89 50
5 73
5 89
89 50
95 89
5 50
5 89
89 95
5 54
89 95
95 89
5 50
95 50
68 15
89 95
95 83
5 50
89 95
89 95
95 50
5 95
50 95
95 5
95 89
89 95
5 47
89 50
89 77
95 50
5 89
89 47
50 95
89 50
95 89
95 5
5 45
95 89
95 89
95 50
5 8
89 95
5 50
95 50
5 50
50 95
95 89
89 95
50 74
89 5
89 95
73 5
95 89
89 95
99 50
89 95
89 95
5 47
95 89
95 89
95 89
63 120
50 95
5 89
113 58
95 92
5 95
89 95
89 50
95 5
5 95
89 122
95 89
95 50
50 95
95 50
5 95
89 95
95 89
95 5
95 50
95 50
50 95
89 95
89 95
68 15
5 95
50 17
89 5
89 5
89 95
89 50
95 14
95 89
95 5
89 50
50 95
89 95
5 95
95 5
50 95
95 5
89 50
50 52
94 21
95 5
89 95
89 95
89 95
5 95
125 79
50 95
50 95
89 95
50 95
50 89
5 50
89 95
89 95
89 50
50 8
54 95
5 83
95 89
95 89
15 83
89 95
95 89
89 50
95 89
5 95
89 95
5 73
5 50
50 73
50 95
50 6
95 89
50 95
89 5
89 5
89 10
95 75
5 95
50 95
50 95
89 5
89 95
89 95
50 89
50 89
89 95
89 95
50 95
95 50
5 95
89 50
50 76
89 5
95 5
89 95
89 95
50 47
95 89
5 95
81 42
95 63
89 50
50 95
5 47
95 89
95 89
89 95
50 7
5 95
89 95
50 14
89 95
89 95
95 14
5 89
95 89
89 95
95 10
95 50
50 95
95 50
89 95
50 99
95 50
50 63
95 50
95 89
89 95
5 73
89 5
89 50
50 89
5 95
89 5
89 95
95 89
95 89
5 47
89 9
89 50
89 95
50 5
50 95
5 95
96 54
95 5
5 50
95 89
50 89
95 50
5 89
89 95
5 50
89 5
89 50
89 59
89 82
95 5
5 95
95 89
50 95
95 0
89 95
15 83
56 5
5 89
5 89
58 41
5 73
95 14
95 89
5 95
89 95
95 89
89 5
89 5
95 89
5 89
25 74
50 89
89 50
25 106
95 5
50 95
50 95
50 5
50 95
95 14
5 95
89 95
89 95
89 50
5 95
5 95
5 89
95 50
5 95
50 95
89 95
95 50
50 5
50 95
95 89
95 5
50 89
95 89
89 95
5 95
95 89
5 89
95 89
89 95
95 89
89 95
89 5
5 89
95 89
89 95
5 95
89 68
95 89
95 89
95 5
64 83
50 95
89 50
17 34
5 95
95 5
95 89
5 50
5 47
5 89
95 89
50 127
5 89
50 95
89 95
89 95
5 89
50 5
5 95
5 95
89 95
89 95
50 95
89 95
50 123
89 95
95 50
89 95
118 65
5 89
95 68
79 54
5 50
50 5
5 89
89 95
50 95
95 89
89 50
95 50
89 95
95 50
95 5
50 95
95 89
95 89
89 50
50 95
50 89
95 89
89 50
89 95
95 89
95 50
84 121
89 95
95 50
5 95
5 47
5 89
95 13
92 96
89 95
89 65
95 50
95 89
95 5
89 95
64 83
50 89
89 5
89 95
89 95
5 89
5 95
89 50
50 5
89 5
89 5
89 95
5 95
95 50
95 50
95 89
5 3
89 95
95 23
50 89
5 73
107 13
89 50
89 5
50 89
50 95
95 119
96 122
89 95
89 50
95 50
89 95
89 95
89 83
89 95
5 73
95 89
5 50
5 89
5 95
89 50
5 89
5 83
5 8
89 95
89 50
95 89
89 50
95 50
5 95
89 95
5 89
5 50
95 89
95 89
50 5
89 95
89 95
50 95
34 111
5 89
5 50
89 95
50 95
95 50
95 89
50 95
89 5
47 20
95 50
89 95
95 50
95 50
89 95
41 1
89 95
5 50
95 23
95 14
5 50
89 95
89 5
5 89
95 5
50 61
50 95
95 47
14 5
50 33
89 5
95 89
95 5
95 89
89 5
5 50
50 95
5 50
50 14
95 81
5 95
89 5
5 89
89 95
95 5
5 50
50 95
89 95
89 95
5 50
50 95
89 5
89 95
111 14
89 5
68 15
89 95
50 5
89 50
95 50
95 5
89 47
95 89
50 95
81 13
89 50
5 71
14 81
95 50
50 89
95 14
95 89
95 50
89 95
95 5
50 115
89 95
50 89
5 95
89 50
13 107
95 50
89 95
89 95
20 121
89 95
63 42
89 63
95 5
89 50
95 23
5 73
95 5
89 95
20 8
89 95
89 11
95 89
89 50
89 50
95 50
89 95
95 50
89 50
89 95
5 89
89 95
50 95
95 14
5 95
50 5
95 89
5 50
95 83
68 15
89 95
95 5
96 83
5 95
89 50
5 73
50 95
95 0
89 95
50 89
50 5
95 50
5 50
89 50
5 38
89 95
5 95
50 5
95 5
95 42
95 50
95 5
89 95
5 89
54 63
5 95
89 95
34 65
5 95
89 95
89 50
5 47
50 99
89 95
89 95
89 5
64 83
89 95
89 50
95 89
89 95
50 80
5 73
50 95
50 48
89 50
95 89
95 39
5 73
50 5
89 95
50 95
95 89
95 50
5 50
5 95
89 95
95 89
95 89
50 95
121 20
5 95
5 95
89 95
50 95
5 89
50 114
50 95
125 70
95 50
89 95
95 50
95 99
50 95
50 95
5 89
50 5
5 95
89 50
5 89
89 95
95 50
50 95
5 47
89 5
89 95
50 95
89 95
89 95
50 95
95 50
25 74
64 83
89 95
89 13
5 95
50 95
5 73
95 89
89 50
5 89
15 79
5 95
5 95
89 50
50 89
5 50
89 95
89 95
50 89
95 5
89 95
89 50
50 95
50 107
5 95
100 14
95 21
95 5
50 95
89 95
95 89
5 89
5 89
50 5
50 5
89 95
5 50
95 89
95 14
5 17
95 50
50 95
95 5
5 89
89 50
50 95
5 47
107 4
50 95
50 5
5 95
5 95
50 95
89 8
89 5
95 42
50 13
54 62
89 95
95 89
89 95
89 95
5 118
95 5
89 95
95 65
15 34
5 73
89 95
5 89
89 50
5 95
5 116
95 23
89 95
5 95
50 95
95 89
95 8
118 42
95 89
50 95
89 95
50 89
50 5
89 74
95 94
121 20
89 95
95 23
32 74
50 89
95 89
95 50
5 50
5 73
95 50
89 50
95 14
75 89
89 94
5 89
5 0
95 5
95 5
89 95
95 34
50 95
5 47
50 89
89 95
89 95
50 89
5 50
5 95
96 33
89 95
5 89
95 89
50 95
125 73
5 47
95 50
89 95
95 23
89 95
95 50
125 117
89 50
20 64
54 117
95 89
89 5
95 89
89 95
95 89
5 89
5 89
5 95
5 89
5 9
95 5
5 50
89 95
95 89
5 50
95 5
50 89
95 89
89 95
95 89
89 95
100 54
107 13
95 89
5 95
89 95
5 95
95 50
50 95
89 95
89 50
89 95
5 47
95 79
89 50
5 95
95 50
89 95
89 5
5 95
89 95
89 95
50 84
119 20
50 95
95 89
95 14
95 50
89 95
89 50
89 50
5 50
50 107
95 5
89 95
50 95
89 95
89 5
95 89
89 5
5 50
95 25
50 21
50 95
5 50
41 117
50 95
89 5
95 89
89 95
89 95
89 95
89 95
50 95
89 95
95 5
95 5
95 89
89 95
5 50
5 89
89 50
95 50
119 123
5 95
95 89
5 50
89 5
89 95
50 95
5 50
95 50
5 50
95 5
89 95
5 89
89 95
58 113
89 95
89 95
95 50
89 95
5 95
5 89
5 50
5 95
89 95
50 95
5 95
89 50
95 14
95 125
50 89
89 95
95 89
89 95
95 117
50 5
5 89
89 5
5 50
5 50
95 14
89 95
5 89
89 50
125 49
50 89
89 95
75 89
5 95
89 95
95 89
89 95
95 89
41 64
50 5
95 5
50 89
89 5
89 95
5 95
89 95
95 5
5 50
95 5
89 95
89 95
95 50
95 89
89 95
95 89
50 89
95 5
5 95
50 95
89 95
50 5
95 79
5 50
50 95
89 95
95 89
89 50
50 95
89 50
95 89
89 95
5 89
95 5
5 50
89 95
89 50
5 34
89 95
89 95
89 95
95 5
95 89
109 89
95 89
50 89
89 50
89 95
95 50
89 95
95 5
89 5
50 95
50 95
89 95
5 89
50 95
89 5
5 89
50 5
95 5
89 95
89 5
89 5
5 95
89 50
89 95
20 8
17 5
89 95
89 5
95 50
50 95
89 5
89 5
95 89
50 123
50 89
5 95
89 5
50 95
89 50
89 95
50 95
95 89
89 95
50 89
50 95
5 116
95 5
50 5
5 89
50 95
95 89
89 95
123 119
95 50
50 5
5 95
89 95
89 50
50 19
5 14
5 50
5 73
95 50
95 5
95 50
95 89
50 95
5 50
5 95
89 5
95 89
95 89
121 20
50 95
95 50
89 5
95 79
79 13
50 5
89 50
89 95
89 95
118 13
95 25
5 95
95 50
5 89
95 89
95 5
95 89
50 6
50 95
50 46
25 74
50 95
95 89
95 50
89 95
5 73
50 93
5 50
95 5
95 5
95 50
95 23
5 110
5 95
5 89
95 23
89 5
95 89
50 95
95 89
5 42
95 89
5 95
95 5
5 89
89 95
5 15
95 14
50 89
5 50
5 95
95 89
89 5
95 89
5 50
89 95
89 95
89 95
95 25
89 95
95 89
50 95
5 95
95 14
95 89
95 5
89 5
64 48
99 96
5 95
95 50
89 95
50 95
89 95
89 95
95 89
89 95
89 50
95 5
89 50
50 89
50 5
95 89
50 89
89 50
50 5
89 95
50 13
89 50
50 95
5 95
5 70
83 89
95 50
89 50
5 95
95 89
89 5
95 89
89 95
95 89
89 95
50 89
50 66
89 95
125 21
89 95
50 5
89 50
50 95
89 95
89 50
95 89
79 83
95 89
5 95
89 95
50 5
95 73
89 5
89 99
5 89
89 5
50 95
89 5
89 95
5 95
50 95
95 50
89 95
95 89
5 89
17 11
89 95
50 95
95 89
89 50
95 50
5 95
89 95
95 89
89 95
89 95
5 95
89 95
88 64
95 50
5 98
95 89
95 50
95 5
5 95
5 50
95 89
89 95
50 95
89 95
5 50
50 78
89 50
95 50
89 95
95 89
5 89
89 95
89 95
50 95
89 95
89 95
10 89
89 95
95 89
89 95
5 89
89 95
5 47
89 77
89 95
89 95
89 5
50 95
5 98
95 89
41 70
89 95
50 89
5 95
5 89
95 50
95 89
89 5
5 120
89 95
50 95
89 95
89 95
50 89
5 66
5 89
125 25
50 100
95 14
89 95
95 89
89 95
95 5
95 50
95 5
89 50
89 50
5 95
89 95
89 95
89 95
95 50
89 5
41 94
89 95
89 95
5 50
89 95
89 5
95 50
95 89
95 5
5 89
89 95
95 50
89 95
89 95
89 102
95 5
5 95
95 50
5 95
89 95
5 47
95 17
89 50
89 50
5 120
5 50
89 95
51 110
100 14
5 95
50 13
5 89
89 5
121 84
89 95
5 95
50 17
95 89
95 50
5 95
50 95
5 50
20 8
5 95
63 120
89 95
5 50
89 95
5 89
95 75
95 80
89 95
5 50
95 89
41 70
50 95
5 89
5 80
89 95
89 50
50 95
5 39
95 89
89 50
5 89
50 95
89 95
50 89
89 95
50 89
89 5
54 36
58 79
95 5
89 95
95 89
51 121
15 79
5 95
89 95
89 5
95 89
50 95
89 50
95 50
89 5
89 95
89 84
5 47
95 89
17 125
5 89
89 95
50 5
50 120
101 89
89 95
89 95
95 50
95 89
89 50
50 95
89 50
95 50
50 5
5 73
89 95
89 50
95 89
95 26
89 50
95 89
89 95
95 50
89 95
113 58
5 95
89 95
99 13
50 95
64 94
74 100
95 5
95 89
95 5
15 79
50 89
50 89
89 95
95 5
89 78
89 95
95 89
89 95
54 85
50 18
89 95
118 65
95 89
95 89
50 95
95 23
95 89
5 98
95 89
89 95
42 51
118 42
89 95
89 63
95 89
50 89
5 89
95 5
95 89
5 95
89 95
5 95
50 95
14 81
95 89
89 95
95 50
95 97
95 5
89 95
51 80
50 5
5 50
95 50
89 5
95 5
5 47
5 95
95 50
5 89
95 89
50 95
5 121
89 122
95 14
95 50
50 49
89 8
95 5
89 23
95 52
89 5
89 5
50 5
89 95
95 5
95 5
5 89
95 89
89 95
89 95
5 95
50 95
50 95
107 6
5 113
50 95
63 96
89 5
5 49
89 95
50 95
5 123
89 95
95 50
95 89
89 2
51 48
89 5
89 95
50 95
89 95
89 95
95 89
89 95
89 5
89 95
5 38
50 95
95 66
89 5
50 95
5 50
89 95
89 50
5 89
64 91
121 102
89 50
89 95
95 50
89 50
50 89
121 17
95 76
95 50
89 95
5 50
5 106
50 95
50 95
50 95
89 95
89 95
50 89
95 82
5 89
89 95
50 89
50 89
50 95
95 39
89 5
89 95
121 79
89 95
95 89
95 5
95 89
5 95
50 95
95 5
14 81
95 94
89 50
89 95
89 95
89 95
79 54
89 95
89 50
89 95
89 95
95 115
95 89
95 89
95 50
95 50
95 89
89 50
95 50
50 13
5 56
89 95
5 95
50 59
95 89
95 50
89 95
95 89
50 9
50 95
89 95
5 50
89 5
89 95
113 58
5 50
113 58
95 50
89 95
95 89
95 89
50 95
89 95
95 89
50 95
42 81
89 95
95 89
5 54
5 89
51 107
42 5
95 5
89 95
89 50
89 95
89 95
89 95
50 95
95 50
95 117
89 61
89 95
96 41
50 89
5 89
50 26
50 5
89 50
89 95
5 47
95 14
50 5
89 5
89 50
5 95
89 95
89 95
50 89
89 5
95 23
5 95
95 50
5 95
89 95
5 47
89 60
89 5
95 50
89 95
95 89
89 50
95 50
50 89
95 5
5 95
5 95
50 95
50 5
50 5
5 84
89 50
5 95
95 89
15 79
95 5
5 95
50 95
89 95
15 83
89 95
95 89
89 95
95 65
5 95
89 50
95 50
89 95
89 50
89 50
89 95
95 5
5 50
5 95
89 95
5 89
5 95
89 95
50 91
89 5
5 73
89 91
5 95
89 95
95 89
89 95
89 95
95 50
95 89
50 5
89 95
89 50
89 95
5 50
95 50
89 5
95 89
73 5
89 50
5 47
89 95
5 89
89 50
5 50
50 95
89 95
95 14
95 89
89 95
5 89
5 95
95 89
89 95
89 95
5 89
95 123
95 50
95 89
95 0
15 79
95 5
89 5
89 95
95 50
89 91
95 50
89 95
5 89
50 5
5 50
89 95
113 58
5 95
5 95
89 95
95 89
50 21
5 89
5 93
89 95
95 89
50 5
95 123
41 34
5 95
5 95
89 95
5 59
89 123
95 5
95 89
63 120
5 95
5 50
50 95
95 50
95 89
89 50
42 81
95 50
5 89
89 5
89 95
95 5
5 95
5 77
50 95
5 50
89 5
58 83
89 50
95 89
89 5
89 95
95 50
95 89
95 18
50 89
89 95
95 89
119 99
125 119
89 95
95 5
95 50
89 50
95 89
89 95
89 95
95 89
95 5
89 95
95 5
89 95
5 95
50 95
121 73
95 5
95 51
95 89
95 23
89 50
5 95
95 5
50 89
5 95
95 17
51 42
50 95
5 95
89 95
95 89
89 95
95 50
89 95
95 89
95 23
89 82
95 89
50 95
95 5
89 95
50 84
5 95
89 50
95 5
89 95
89 95
118 13
89 95
50 12
95 50
95 5
89 95
95 50
89 95
50 5
50 65
89 5
89 50
50 89
5 95
89 95
5 95
89 5
20 64
50 89
5 95
83 50
5 50
125 35
50 95
5 95
89 50
34 15
89 95
95 71
89 50
95 50
5 50
89 50
5 89
50 29
89 50
89 95
50 95
95 5
5 23
50 95
95 23
89 95
95 5
89 70
50 95
89 5
5 82
89 5
50 111
95 5
50 89
4 95
50 118
5 95
89 95
5 89
107 13
50 95
95 50
125 95
95 5
95 30
50 95
95 5
89 95
96 93
50 5
15 79
5 89
20 64
5 73
95 89
50 89
5 95
89 95
50 95
5 95
95 56
5 23
100 119
89 5
5 95
89 95
50 89
5 95
50 95
89 5
89 95
5 47
50 5
5 95
50 89
89 95
89 50
89 95
5 89
95 23
50 10
51 39
17 118
50 89
95 89
50 95
95 89
5 95
5 95
95 50
89 95
50 95
50 77
95 89
5 95
50 95
5 47
89 106
95 50
50 95
89 5
89 95
95 89
89 95
89 79
50 71
95 89
5 50
54 23
5 89
50 89
50 95
95 89
89 95
50 84
95 14
89 50
95 89
50 95
50 71
50 95
5 95
95 89
50 95
5 89
5 50
5 95
89 5
5 79
95 89
64 111
5 95
50 89
95 71
50 95
95 89
89 50
5 50
5 95
50 95
95 5
89 95
89 45
95 50
125 59
89 50
95 5
89 95
20 64
95 50
5 73
50 5
89 50
50 89
64 83
5 95
5 50
50 95
5 95
51 120
89 5
89 95
5 95
89 95
89 95
50 77
95 89
5 89
50 89
50 5
41 22
5 95
50 95
5 50
95 89
89 50
89 95
51 73
95 14
5 95
5 50
95 89
95 115
50 89
95 89
95 50
5 50
89 95
85 50
50 89
5 95
89 50
89 95
95 50
89 50
50 95
5 95
96 83
89 50
89 50
50 95
89 50
95 5
5 95
5 95
95 89
50 95
5 95
50 95
50 5
89 95
95 89
50 95
5 95
89 95
70 89
89 95
95 89
113 58
95 5
42 75
32 74
54 95
89 95
89 50
95 89
50 89
95 25
95 89
64 83
89 95
95 50
95 46
5 95
89 95
5 95
32 74
50 28
89 95
5 89
89 95
95 5
5 89
50 95
89 95
95 5
89 95
5 89
5 89
89 50
89 5
95 50
5 50
50 89
5 50
95 50
64 83
50 5
89 95
5 95
5 48
5 79
95 89
50 81
5 70
50 5
50 54
41 83
89 50
5 95
5 95
89 50
95 5
95 5
89 95
95 14
50 95
5 95
50 97
5 94
50 89
89 95
95 5
89 50
50 89
89 68
89 5
5 89
20 64
121 20
15 34
5 50
50 95
89 50
89 95
5 50
5 95
5 89
89 50
95 89
89 5
89 50
95 89
89 95
5 89
5 95
63 120
5 47
89 57
89 5
95 50
95 89
50 95
5 47
95 5
50 95
95 89
89 50
89 95
5 95
89 95
5 89
5 95
95 5
89 50
95 5
95 50
89 95
95 79
50 83
89 95
50 95
89 50
95 50
89 5
95 50
50 95
95 5
89 5
50 95
5 95
95 50
5 7
95 123
50 95
5 47
5 89
89 95
50 95
89 5
50 95
5 95
5 73
89 50
50 17
50 95
95 89
5 38
89 95
50 38
95 38
89 95
50 95
95 89
41 74
95 71
95 5
89 95
89 50
95 89
5 10
89 95
5 89
50 95
89 5
89 5
89 95
95 50
95 89
5 89
50 89
2 95
89 95
5 95
95 89
5 47
89 50
98 32
89 50
125 94
95 50
89 62
50 95
95 89
89 95
5 95
95 89
89 50
89 95
5 50
95 50
89 50
50 89
89 5
5 50
95 89
95 89
50 89
5 89
95 5
96 63
95 5
89 50
95 89
5 95
89 95
95 5
95 5
89 95
95 14
89 50
89 50
95 50
5 89
89 95
5 89
89 5
100 119
95 89
113 58
95 84
89 95
89 95
89 5
5 33
50 95
95 82
95 3
95 89
95 50
5 95
17 121
95 5
5 95
15 23
95 50
89 50
89 95
89 95
95 50
5 95
50 95
89 95
89 50
5 89
5 89
5 95
95 89
95 89
5 89
41 7
95 5
75 89
89 95
89 95
95 50
5 95
5 95
89 30
5 95
5 50
89 50
89 50
50 19
5 89
89 50
89 95
95 50
5 50
5 95
95 50
50 95
41 68
95 5
5 89
50 95
95 89
50 95
95 89
17 95
95 5
89 95
89 50
89 95
89 95
5 89
50 95
95 89
95 5
95 14
5 95
89 95
5 95
5 47
89 50
95 50
89 50
5 95
95 5
95 89
5 95
89 95
89 95
89 5
50 95
89 8
89 5
5 47
5 73
89 2
5 89
89 95
50 95
5 50
50 95
95 50
51 5
95 5
89 95
95 89
116 89
89 95
89 50
5 89
92 95
95 50
95 89
5 50
95 5
5 50
89 95
50 95
20 64
89 95
89 95
89 95
95 5
125 26
50 89
89 95
5 50
89 95
89 50
42 81
89 95
95 5
95 5
5 95
89 95
89 50
89 95
15 34
95 50
50 95
95 89
95 89
95 89
5 95
89 5
89 95
89 95
5 89
96 32
50 73
95 89
95 89
95 89
89 5
50 95
50 95
89 95
50 95
83 79
95 50
50 95
118 65
89 95
89 45
50 5
5 95
50 89
89 50
5 95
41 68
5 89
63 79
89 5
5 95
89 95
95 89
95 89
89 49
5 89
89 95
89 5
89 95
89 95
5 89
50 95
89 95
95 89
50 95
5 95
5 89
50 124
5 79
95 50
50 95
50 89
89 95
5 95
89 50
95 5
50 95
95 50
89 95
50 95
89 50
34 111
89 95
95 89
95 89
89 17
5 50
89 95
5 95
5 95
95 89
5 50
89 95
95 50
89 5
51 42
50 95
50 89
113 58
89 95
50 89
89 50
50 95
14 64
89 5
5 89
5 95
89 95
89 95
89 95
89 50
89 95
5 95
95 89
5 95
80 50
50 95
15 83
95 89
95 5
89 5
89 95
50 95
95 14
89 95
5 89
5 26
5 89
5 50
95 5
95 89
5 89
96 112
95 50
89 109
50 95
95 89
89 95
89 95
89 95
95 14
95 50
50 95
95 89
95 5
95 89
89 5
95 5
95 89
5 95
95 89
107 121
89 50
50 95
89 95
89 68
89 95
95 5
89 50
50 95
89 95
95 89
95 89
50 95
89 95
50 95
95 5
50 89
5 95
89 50
95 50
118 13
89 95
95 89
95 89
95 50
89 50
95 75
89 50
89 95
20 64
95 89
50 89
121 104
89 5
89 50
95 89
95 89
5 95
50 5
5 95
5 95
95 89
5 50
89 95
95 89
89 50
89 50
54 79
5 89
5 89
5 95
5 50
89 50
89 95
50 95
50 5
50 95
95 50
5 95
95 5
5 66
95 117
95 50
50 89
95 5
89 95
95 50
89 5
83 100
89 93
89 5
89 95
89 95
64 94
89 95
5 95
89 95
95 50
95 89
95 50
95 89
63 96
95 89
89 5
50 89
89 50
50 95
89 5
89 5
89 95
95 29
5 43
95 89
89 5
89 50
89 95
42 20
50 5
5 50
89 95
89 50
50 95
50 95
95 23
95 14
5 52
95 89
89 95
5 95
5 50
5 117
95 89
5 50
89 10
50 95
89 95
5 56
50 95
95 89
50 93
50 5
89 95
95 50
89 95
95 50
89 95
89 50
89 50
89 50
89 50
95 89
95 50
5 94
50 89
89 95
89 95
5 89
20 8
5 83
50 54
5 89
50 95
89 5
89 95
89 95
20 64
5 50
95 5
5 95
50 89
50 5
89 5
50 88
89 95
50 95
89 95
50 20
95 5
89 95
50 5
95 89
95 89
95 93
56 95
89 95
50 95
5 50
50 5
5 79
89 84
5 95
89 95
89 50
95 89
50 5
89 50
95 50
95 50
119 123
5 89
95 50
89 95
89 95
50 89
50 95
63 42
50 95
89 95
50 89
89 95
95 89
89 95
50 5
5 95
95 50
15 79
5 123
50 95
50 5
5 89
89 5
32 74
95 50
89 5
5 73
111 70
95 5
89 5
95 5
95 50
96 19
50 95
50 95
5 95
5 95
89 95
89 95
89 95
89 95
89 95
89 95
121 18
89 95
95 89
15 79
20 64
50 95
95 5
89 95
89 95
89 95
89 50
89 95
50 95
50 1
89 95
50 5
89 95
89 50
5 95
50 95
89 50
89 95
89 95
50 95
89 5
89 50
50 48
50 89
65 119
89 95
50 48
50 95
89 95
95 50
89 95
89 95
5 95
89 95
89 95
50 5
5 89
50 5
95 50
95 2
89 95
5 95
5 89
74 95
89 84
89 50
95 89
95 124
95 89
89 50
95 50
95 50
50 95
95 50
5 73
89 30
89 95
89 29
89 95
5 89
95 89
89 95
95 89
95 89
89 50
89 50
5 95
89 95
95 89
5 76
5 74
89 95
5 89
5 79
50 95
95 89
50 95
5 95
89 50
95 89
89 5
89 95
95 5
5 73
50 82
95 50
95 89
50 95
5 95
95 107
15 83
89 95
95 5
41 18
89 95
89 95
95 89
56 5
50 95
5 89
89 95
89 95
89 50
5 50
5 73
20 8
95 89
95 5
50 95
89 60
5 30
95 89
89 95
89 5
5 65
5 89
89 95
89 95
89 95
95 50
95 89
89 95
95 5
50 95
89 95
89 5
5 89
50 106
50 95
95 5
54 75
5 95
89 95
50 95
89 95
95 50
95 14
89 50
95 5
89 5
5 50
5 89
89 50
89 5
89 95
95 89
50 95
50 89
89 57
5 89
89 95
75 89
89 50
89 95
89 95
89 95
50 89
89 95
100 14
5 95
5 50
50 5
89 30
95 89
89 50
95 50
54 78
5 95
95 35
50 95
89 95
89 50
5 50
5 73
5 95
50 89
95 89
5 50
89 50
5 95
5 95
5 95
95 89
89 95
5 95
95 89
95 89
5 89
95 89
50 89
5 73
50 95
89 95
95 89
89 95
89 95
89 95
95 50
95 89
100 119
5 89
50 95
5 42
95 89
89 95
95 41
89 50
50 63
95 23
5 76
89 95
48 94
50 5
89 95
95 23
50 95
95 5
5 50
89 50
89 95
5 95
89 95
89 95
50 95
89 92
5 89
5 89
50 95
50 95
95 89
50 5
50 89
89 95
5 95
89 95
89 95
50 5
95 5
5 95
50 95
89 50
95 83
50 64
89 95
95 89
95 50
95 5
50 28
5 10
63 120
95 50
5 47
89 95
50 89
95 89
50 95
89 14
5 95
95 5
50 5
125 45
89 95
89 95
95 50
89 50
50 89
5 95
89 50
5 95
89 95
50 95
5 50
89 5
95 50
95 89
89 50
89 95
89 50
5 89
89 50
89 95
89 50
50 21
95 89
5 89
89 95
89 50
95 50
5 50
95 14
5 75
95 50
95 50
5 89
68 15
64 57
95 89
95 50
94 83
50 95
5 95
50 79
5 89
5 95
5 89
5 47
95 50
5 95
95 50
5 22
63 96
5 50
89 50
50 95
5 34
5 47
5 89
50 5
89 50
95 121
125 85
89 95
5 95
5 47
5 89
50 95
89 95
89 95
50 95
20 106
95 50
95 89
5 95
89 50
95 5
95 5
89 50
5 89
89 95
95 89
50 95
95 5
89 95
95 89
94 50
50 95
50 95
95 50
5 89
89 95
95 89
15 34
95 84
95 89
89 50
5 83
95 89
95 89
5 95
95 89
89 50
95 50
5 89
17 95
95 89
5 95
95 92
50 89
5 50
5 95
95 89
54 28
5 89
50 9
95 5
50 5
5 95
107 13
50 95
95 23
95 23
89 54
89 95
50 121
89 95
89 5
5 95
63 79
89 95
95 50
95 50
50 89
95 66
95 89
50 95
95 50
107 13
5 95
89 5
5 50
50 89
95 5
89 95
5 89
89 95
95 5
5 95
5 50
95 89
5 89
50 56
89 95
50 5
50 10
95 50
5 95
94 106
50 81
50 121
95 89
95 89
95 5
50 5
95 89
95 50
50 5
50 95
5 47
5 89
89 95
89 50
95 5
20 64
5 50
5 89
50 5
95 89
5 47
95 89
5 89
5 73
95 89
5 36
95 5
95 50
50 57
95 89
20 8
89 95
89 50
63 120
5 95
95 89
111 89
5 89
95 79
95 50
5 113
50 95
95 89
95 5
89 95
89 50
95 5
5 89
95 50
95 89
95 5
32 74
95 89
50 95
95 5
95 26
50 18
95 5
89 50
89 95
89 50
95 89
5 89
89 95
81 100
95 50
89 95
89 95
5 50
5 95
50 95
5 89
89 50
89 95
89 95
89 95
5 89
5 95
5 96
50 5
5 95
5 89
50 116
5 50
5 50
50 95
89 95
5 51
50 95
95 89
89 95
89 50
5 50
50 5
89 95
89 95
95 89
95 50
50 95
95 22
89 42
89 95
101 121
89 95
89 50
20 64
50 78
65 113
89 5
5 95
89 44
50 5
89 95
89 95
95 50
5 95
50 95
89 95
89 5
5 89
95 89
89 95
5 50
50 89
50 26
89 95
89 8
89 95
95 5
5 95
50 95
89 50
89 95
54 112
50 89
95 50
50 95
95 2
89 5
5 95
95 70
95 5
5 89
5 50
50 5
34 111
95 19
51 78
14 95
89 84
95 89
125 59
5 95
89 50
56 5
95 5
50 95
50 18
50 95
5 95
95 14
5 95
89 5
64 13
89 95
68 15
50 95
50 95
5 95
89 95
100 14
5 66
50 95
5 95
50 5
89 116
5 73
5 73
89 5
51 48
20 64
5 50
89 50
64 4
89 5
89 95
50 95
5 89
89 95
95 66
5 95
95 5
95 89
50 95
50 5
89 95
50 95
95 89
106 70
89 95
20 64
89 95
89 95
100 119
5 95
89 95
95 5
32 74
89 95
95 89
95 50
89 73
50 95
89 95
95 89
95 30
89 95
95 89
95 89
50 89
95 5
95 23
75 83
95 50
5 89
50 95
98 51
89 95
5 89
5 95
50 95
34 65
50 95
89 95
95 116
5 89
5 95
50 95
95 50
50 95
50 89
50 95
89 5
50 95
50 5
95 14
50 5
89 95
50 89
50 5
89 5
95 5
50 82
50 12
95 23
95 89
89 95
89 95
89 75
50 95
50 11
50 80
5 89
5 89
50 95
5 95
89 5
95 5
95 74
99 15
5 95
95 89
5 95
50 89
5 89
89 30
95 50
50 5
89 5
89 95
95 14
89 95
95 23
95 89
95 5
5 89
95 50
95 89
95 89
5 20
63 120
89 50
89 50
96 24
50 95
5 83
89 95
95 89
5 95
89 95
50 5
95 89
89 5
5 50
5 89
95 5
50 95
95 89
89 95
89 5
89 50
54 24
89 95
5 95
5 63
50 74
5 50
5 89
83 111
89 95
95 50
50 95
89 5
95 89
95 89
89 95
89 95
89 95
95 89
89 95
89 95
95 50
5 73
50 73
5 95
95 89
89 95
89 5
89 95
50 20
95 89
50 95
5 95
95 109
89 95
89 5
50 43
5 95
5 95
5 48
95 89
95 80
89 50
89 95
50 5
89 5
50 16
50 115
89 5
89 50
5 89
89 95
50 95
89 95
96 8
89 95
5 50
95 89
89 95
89 0
95 89
50 95
50 95
68 15
5 95
89 95
89 5
5 95
95 89
95 89
5 50
89 5
5 95
50 5
5 73
95 89
89 95
50 95
5 50
95 5
95 89
95 5
50 95
89 95
50 5
95 89
41 68
89 95
89 50
5 95
95 89
89 95
89 123
95 89
81 64
5 17
50 5
5 89
89 26
95 50
89 110
95 89
95 5
89 50
89 50
70 42
89 50
5 89
5 95
5 95
50 95
89 95
95 89
89 39
95 50
95 89
50 3
89 50
50 89
50 95
50 95
95 71
89 5
89 50
95 5
95 89
50 95
41 95
5 89
50 119
89 50
5 50
50 95
95 5
5 50
89 5
50 95
89 95
89 95
95 5
95 89
50 5
50 89
95 18
95 89
89 50
89 5
50 89
89 95
5 50
50 95
89 95
95 50
89 95
89 5
50 78
95 50
89 95
89 95
89 50
89 95
41 68
95 50
95 89
5 95
89 111
95 89
89 95
89 95
50 107
95 89
5 47
5 89
89 95
95 5
95 5
95 50
5 89
95 89
95 5
89 95
89 95
89 95
50 7
118 42
95 5
89 95
95 89
5 95
89 95
50 5
89 50
42 98
95 50
89 95
50 95
89 95
95 50
95 5
42 111
5 95
95 89
95 64
50 89
50 62
89 95
50 95
89 95
89 95
17 86
89 5
5 50
5 95
89 95
5 50
50 95
95 14
95 14
52 50
95 89
89 95
5 73
5 95
89 95
5 50
89 95
5 89
50 95
89 95
51 119
95 5
5 89
50 5
5 95
50 5
89 95
89 5
89 95
89 95
50 95
50 123
96 1
89 95
89 5
89 95
95 50
89 95
95 5
89 95
5 50
5 95
50 0
95 5
89 95
89 95
89 95
5 47
95 5
95 5
89 50
95 5
51 100
89 95
5 95
5 95
50 95
50 95
5 29
5 89
95 89
50 95
89 50
5 95
50 89
95 89
95 14
89 95
50 95
95 5
89 95
50 95
5 50
50 5
89 5
95 106
89 4
106 70
89 5
64 55
50 95
95 89
89 50
50 95
95 5
95 89
95 50
5 50
89 51
50 13
89 50
95 50
89 95
50 95
89 5
95 5
50 95
50 95
5 89
89 95
95 89
50 95
89 95
89 95
89 50
89 95
50 89
5 13
89 95
89 50
89 95
50 95
89 95
95 50
95 23
89 95
95 89
89 95
89 95
74 83
95 82
89 50
89 50
5 89
95 89
95 39
95 50
50 89
89 5
5 50
89 119
5 89
89 29
95 50
50 95
89 5
89 50
50 5
95 89
89 95
89 50
89 95
89 95
89 5
89 5
50 95
5 83
89 50
95 5
95 89
5 47
5 89
89 5
89 95
89 95
95 50
5 95
5 95
95 14
89 95
89 67
89 95
95 5
95 89
5 58
15 83
63 120
89 95
50 95
5 89
95 89
95 20
89 95
15 83
89 95
58 79
5 50
89 50
94 122
5 21
50 95
95 89
5 89
50 17
89 95
95 50
95 5
89 41
5 95
50 89
95 89
89 50
95 5
95 89
89 95
89 95
5 95
89 95
89 95
5 50
123 119
95 50
5 89
50 95
95 89
50 22
42 20
89 5
95 5
100 50
89 95
5 95
89 50
50 116
89 56
95 50
95 89
89 95
50 95
5 95
50 75
95 89
5 89
95 5
95 23
5 73
5 95
89 5
5 89
89 5
95 1
50 89
95 50
50 95
50 95
5 89
95 89
89 17
89 5
95 5
89 95
50 89
95 89
89 5
89 50
95 89
50 95
50 71
5 95
89 50
89 95
121 61
95 14
113 58
95 5
89 95
5 80
95 89
89 50
50 5
89 95
5 89
95 25
5 50
5 95
50 5
95 50
95 123
89 95
5 89
89 5
89 50
95 89
121 36
50 95
95 89
50 5
89 95
89 95
5 95
50 5
50 95
89 95
89 95
50 95
95 89
89 95
95 127
89 50
95 89
5 95
89 95
89 95
89 95
95 5
5 50
50 95
95 5
89 95
95 5
95 50
95 50
89 95
5 95
50 62
5 89
95 89
95 50
50 5
95 5
89 50
107 13
5 79
50 95
89 50
50 95
50 95
95 56
95 89
5 95
5 50
89 95
5 73
5 95
5 95
50 89
51 118
95 5
89 110
89 95
95 5
5 50
95 89
95 50
89 50
89 95
95 50
50 95
50 15
95 50
95 89
89 95
95 50
89 50
95 89
50 95
5 95
50 95
89 5
5 95
5 89
50 95
50 5
95 89
89 95
121 94
5 50
50 95
95 5
89 95
95 50
5 71
95 89
95 50
50 95
50 89
50 89
113 58
95 89
95 101
50 89
5 73
50 5
89 95
89 29
89 95
89 95
113 58
94 120
89 50
89 95
89 95
89 95
20 8
89 5
89 95
89 95
95 89
50 44
125 98
95 50
95 50
50 89
95 89
5 89
50 95
89 95
5 89
50 89
5 95
89 79
95 89
89 95
89 5
89 50
95 50
89 95
5 95
5 95
5 83
5 73
89 95
52 95
95 89
5 95
5 73
50 95
89 5
50 45
5 95
89 5
5 95
95 89
89 5
5 89
95 5
89 95
5 125
50 17
95 5
50 89
89 5
95 5
89 95
95 89
50 95
89 95
89 50
14 81
89 95
50 56
50 95
89 95
50 5
5 95
95 89
95 89
89 95
95 50
5 95
95 5
5 50
5 50
95 89
5 50
5 95
89 5
89 95
95 89
5 89
15 83
89 95
89 95
50 95
50 95
20 8
89 95
89 95
95 89
89 50
89 50
20 8
89 50
20 64
89 95
65 4
89 50
50 95
89 5
89 95
5 89
100 119
95 23
50 95
89 95
50 19
95 89
89 50
5 95
95 89
95 105
95 5
89 95
50 89
95 89
89 95
89 50
89 123
89 95
89 95
89 95
89 5
51 110
50 89
89 78
50 95
89 95
5 95
99 60
89 95
89 95
95 89
89 95
95 5
95 89
89 5
125 59
5 95
89 95
5 89
89 95
5 47
5 47
95 65
5 89
89 95
5 95
95 5
50 95
95 89
5 89
95 89
95 50
50 89
89 95
50 89
5 89
89 95
89 95
95 5
5 89
95 5
95 89
89 95
5 89
5 95
5 95
89 5
50 95
95 23
89 50
50 56
89 95
5 95
5 95
95 89
95 89
50 89
89 83
95 5
89 50
96 49
89 95
95 23
95 89
89 95
83 14
89 95
89 95
89 104
89 5
5 33
95 5
5 89
89 50
5 95
95 50
89 23
95 5
95 89
5 95
89 50
79 83
89 95
50 95
89 50
89 95
5 122
95 5
50 95
95 89
95 5
89 5
89 95
50 31
89 50
50 95
121 20
89 95
89 5
89 95
89 95
89 50
89 95
89 5
41 15
119 123
89 95
89 95
95 89
5 95
50 95
89 78
89 95
89 5
50 123
5 50
95 5
5 73
95 50
50 95
95 50
89 95
89 5
89 50
50 95
89 95
50 5
50 95
95 50
95 34
125 65
95 50
89 5
95 89
5 89
89 5
5 95
95 89
95 89
89 95
50 20
99 96
95 89
89 5
95 5
89 46
95 89
95 89
5 17
89 95
50 5
89 50
89 95
5 50
50 114
5 89
89 50
50 89
95 89
50 95
50 89
95 50
95 50
89 38
89 95
95 89
50 95
14 81
121 19
5 89
5 50
95 5
15 34
50 95
95 116
5 95
50 95
89 95
89 5
89 110
95 50
95 77
5 89
89 95
95 89
5 95
50 95
95 5
42 111
89 95
95 5
89 95
50 5
95 50
50 95
89 95
95 89
5 89
5 89
95 89
5 83
89 84
41 68
99 65
95 89
50 95
95 42
5 50
50 95
95 89
50 95
51 50
89 95
50 83
89 5
51 79
89 5
89 5
89 95
89 95
5 95
89 50
50 95
5 3
5 73
5 95
95 89
89 95
5 50
5 95
94 106
89 50
89 5
5 89
5 89
5 30
95 5
89 77
95 30
95 5
89 50
95 50
89 50
89 51
50 95
50 95
5 50
5 50
89 50
89 95
50 95
95 0
50 89
95 89
95 50
50 95
5 89
89 50
89 95
5 64
89 95
89 95
50 89
51 25
50 95
5 89
89 95
89 98
89 95
95 89
50 95
50 89
95 89
89 5
95 50
95 50
89 95
120 42
25 106
95 5
89 95
50 5
5 89
95 89
95 5
50 113
50 89
5 89
5 89
5 89
5 95
89 50
95 89
89 14
20 8
89 95
95 5
89 16
89 15
5 50
95 50
5 95
89 50
50 3
95 97
89 95
58 89
95 23
5 95
5 89
89 95
95 5
89 50
50 95
20 8
89 23
17 95
50 95
95 75
54 10
89 95
89 95
89 5
113 58
89 50
89 118
89 50
89 95
89 5
50 18
5 95
89 95
5 50
5 95
89 5
89 5
121 20
100 119
89 50
95 5
5 73
5 95
89 5
89 95
50 17
89 5
95 5
5 95
95 89
89 50
89 95
50 5
95 89
5 95
95 89
50 95
95 50
5 95
95 89
50 95
95 50
50 52
42 51
89 95
89 95
95 50
50 116
5 95
5 95
89 82
89 5
95 26
50 95
95 50
89 56
95 89
95 50
50 5
95 89
50 95
5 89
89 5
50 5
50 89
5 50
89 95
89 95
95 50
50 49
89 95
95 89
89 95
50 5
50 95
89 95
5 10
5 95
95 5
95 89
50 89
89 5
50 95
95 50
95 89
95 25
5 95
5 41
89 95
5 115
5 38
17 80
95 14
15 50
5 89
89 5
89 95
5 95
89 5
50 95
63 79
89 95
5 89
89 95
5 95
50 95
15 34
5 50
5 110
50 95
89 5
5 95
89 5
5 107
89 50
95 89
95 89
50 95
89 5
89 95
89 95
95 14
89 95
89 95
89 5
95 50
95 23
89 5
50 5
89 95
89 95
50 5
50 95
95 50
89 95
89 95
50 95
5 50
95 89
89 5
89 95
5 118
95 5
95 89
89 95
89 95
50 60
95 89
89 50
95 89
95 44
95 50
50 95
5 95
5 50
89 95
89 10
89 95
95 5
5 82
89 5
89 95
89 5
50 86
89 95
89 95
89 5
89 95
89 95
89 5
5 50
95 110
70 59
95 17
5 95
89 95
5 95
95 89
50 95
5 95
50 23
89 95
5 95
5 89
95 89
5 83
95 89
89 50
50 95
107 13
50 17
89 5
95 3
95 89
95 89
89 95
89 45
95 89
5 75
20 64
95 50
89 95
64 121
5 109
95 5
95 89
89 95
89 95
5 89
15 83
5 95
89 50
5 95
95 23
95 5
5 95
89 5
50 75
65 125
50 95
5 95
89 50
95 50
95 89
5 115
13 107
89 50
89 5
89 5
95 5
95 89
95 89
89 5
95 5
5 89
89 50
89 95
89 50
89 95
89 95
89 95
5 95
95 89
89 95
50 49
50 95
5 50
89 95
95 89
95 50
89 95
95 89
89 95
50 95
50 89
89 5
89 50
89 95
89 95
95 47
95 89
50 89
89 5
5 50
95 89
95 48
89 50
89 95
95 89
89 95
89 95
89 95
95 5
5 95
89 95
95 50
15 83
95 50
95 89
89 95
50 125
95 89
50 95
89 5
99 49
95 23
5 95
50 89
95 89
50 5
5 50
89 95
89 50
5 95
89 95
5 95
95 89
5 89
58 79
89 95
95 89
99 79
89 38
50 89
89 95
89 95
95 5
5 95
89 50
5 20
50 95
50 89
50 95
51 34
95 89
95 89
89 5
95 89
50 95
5 89
20 64
95 89
5 89
5 29
89 50
50 95
95 110
50 95
5 95
5 50
95 50
95 5
89 95
5 89
89 5
95 89
118 13
5 50
119 123
5 73
89 95
50 5
89 95
5 47
89 95
50 95
89 95
89 95
95 89
95 14
50 95
95 89
95 89
95 89
89 95
89 95
81 64
5 95
95 50
5 50
95 5
95 89
95 89
89 95
95 5
89 42
89 95
95 50
50 47
89 82
89 68
89 0
5 50
50 95
50 89
5 95
50 41
95 89
89 95
5 95
95 50
95 89
50 74
95 89
5 73
5 95
50 89
95 89
89 95
89 5
95 5
5 50
50 5
95 50
89 11
89 95
95 89
95 89
89 95
89 50
95 89
89 116
5 42
5 95
50 18
13 107
2 54
5 73
5 50
5 95
14 81
89 95
50 95
50 5
89 95
95 50
50 95
95 5
89 95
95 5
95 5
95 49
5 95
89 50
95 89
5 50
5 89
95 89
50 95
95 5
95 89
95 89
50 89
15 83
89 95
89 50
56 5
89 95
89 5
50 95
89 95
5 50
89 95
89 95
89 5
5 95
95 89
89 50
95 38
89 50
89 95
95 23
89 95
95 50
5 95
50 95
95 89
95 50
95 5
5 95
89 85
95 89
89 95
89 95
5 89
95 5
95 89
95 89
111 94
95 89
89 95
50 95
5 89
89 95
89 5
50 95
89 95
89 5
95 89
89 95
95 5
5 81
89 95
95 89
89 95
5 89
95 89
89 5
5 50
95 89
121 6
5 11
95 50
89 95
95 50
89 50
95 50
5 89
89 50
89 95
89 5
89 47
95 5
5 125
95 89
50 95
68 15
95 50
89 95
5 112
89 95
95 5
50 5
5 50
89 95
5 89
89 95
89 5
89 50
20 64
5 95
89 50
89 123
95 89
50 5
95 56
5 89
5 89
89 50
95 5
95 64
89 95
95 50
50 89
125 5
89 95
5 14
89 5
5 95
89 95
95 89
107 13
5 77
89 95
50 89
95 14
89 95
89 50
95 89
89 95
89 5
17 105
89 30
89 95
50 95
89 50
5 95
20 64
95 89
89 95
95 5
5 89
89 50
17 121
95 89
5 95
5 95
50 95
5 50
15 83
5 50
95 89
5 89
95 50
5 100
50 95
95 50
89 95
89 5
5 95
50 95
50 95
89 95
89 95
95 89
5 23
5 50
95 23
89 50
95 23
95 116
5 95
89 95
5 95
95 50
89 95
89 123
50 95
89 50
95 50
89 5
15 83
89 95
89 5
50 95
95 89
95 5
95 50
89 95
89 95
89 95
89 95
89 95
89 18
95 89
5 50
54 35
89 95
89 95
50 95
5 95
99 58
89 95
89 50
50 95
89 95
50 5
89 95
5 95
5 89
50 5
95 5
89 95
95 89
5 50
89 95
89 95
5 95
50 95
50 95
89 95
89 95
89 95
5 50
5 89
50 95
95 5
95 50
5 95
95 50
95 5
5 95
89 95
5 95
5 89
89 22
5 95
89 95
95 89
5 95
51 38
95 14
50 97
95 50
89 95
89 5
95 50
50 95
95 5
95 50
89 95
51 79
95 50
89 5
125 110
20 8
5 50
50 95
95 50
5 95
89 95
5 50
89 95
50 95
89 95
89 95
89 95
95 89
5 95
50 5
50 96
50 45
58 113
95 48
89 5
50 89
5 95
5 95
5 95
5 89
50 95
89 19
5 95
95 23
95 89
5 89
95 5
50 57
50 30
50 95
95 114
50 95
89 95
5 95
5 89
89 95
95 5
89 56
89 50
5 50
89 95
89 50
89 95
5 50
50 95
50 89
95 89
89 5
34 15
89 95
5 95
5 50
5 95
95 50
95 89
95 89
89 95
118 42
95 71
50 95
95 89
89 95
96 85
54 83
50 89
95 23
95 50
5 95
50 95
15 34
50 77
89 95
89 50
95 50
89 95
50 95
89 50
5 50
89 50
50 89
95 89
95 5
89 5
89 95
95 89
81 64
95 5
5 50
89 50
50 5
5 50
5 47
89 5
95 89
89 5
5 95
95 117
95 5
95 89
89 95
50 5
89 95
121 64
50 89
50 5
95 18
5 89
5 95
95 89
50 95
89 95
89 42
50 95
5 50
5 95
50 95
5 95
89 50
89 5
5 73
95 5
89 95
89 26
89 95
5 47
50 89
80 51
95 89
5 50
95 23
50 89
5 84
89 50
50 95
89 91
89 95
5 95
89 50
50 95
95 50
89 50
89 95
50 95
50 9
50 89
94 71
5 74
95 34
89 95
89 95
50 39
95 50
5 50
89 95
5 50
5 89
50 95
50 83
89 77
71 95
50 95
89 95
50 89
89 95
81 42
89 95
95 89
5 89
50 5
95 14
5 89
50 89
95 89
89 50
89 50
89 95
77 95
50 89
95 89
5 47
50 95
23 95
95 89
89 95
95 18
15 34
50 63
89 95
50 95
89 124
95 50
89 95
50 95
5 17
95 89
89 50
89 5
95 89
5 95
95 23
5 89
95 89
89 5
89 95
5 99
5 111
95 89
95 89
51 100
50 95
50 95
89 5
95 89
95 89
89 63
95 50
89 95
89 95
56 95
5 95
89 91
95 50
5 95
50 89
89 95
5 95
68 41
95 89
50 95
89 5
95 5
95 50
95 50
50 82
89 5
89 5
95 50
89 95
89 5
95 5
5 73
95 50
50 95
50 95
63 120
89 95
89 95
100 14
89 95
50 95
5 95
50 95
95 0
50 95
95 50
95 50
5 95
89 95
89 5
89 5
95 89
89 5
50 77
5 95
95 50
5 95
89 23
95 5
50 89
89 95
89 5
80 50
20 64
5 73
95 5
89 95
50 95
89 95
95 50
5 50
