128 10000
89 5
95 14
5 95
89 50
50 95
50 95
95 89
80 50
5 115
50 89
50 95
50 21
50 5
89 95
17 88
50 89
5 95
89 95
5 89
95 23
95 89
5 95
50 89
89 95
89 50
95 50
95 17
50 95
95 50
89 95
5 95
50 89
95 38
89 50
89 95
50 95
95 5
20 64
5 95
5 89
8 95
50 5
50 95
95 89
89 95
95 43
89 2
5 50
89 50
89 95
50 5
89 5
95 50
50 5
89 95
50 60
5 89
89 95
89 2
95 89
50 5
50 95
5 95
95 23
89 20
50 95
89 80
89 50
5 89
5 50
50 77
5 50
50 95
95 5
95 89
89 95
113 58
50 89
50 95
89 95
15 83
5 50
5 100
95 5
89 95
89 95
5 95
89 95
50 95
95 50
95 5
94 83
20 64
50 95
95 89
50 95
5 50
5 95
95 5
50 95
89 95
5 95
89 26
5 89
89 5
5 89
50 5
89 95
89 95
89 95
89 95
89 95
89 5
5 115
95 89
95 89
50 89
89 5
89 95
50 95
5 73
89 23
89 50
5 95
5 89
95 5
89 95
89 95
89 50
50 89
81 64
89 95
99 55
95 50
5 95
95 50
95 89
5 50
89 50
5 56
89 95
5 73
5 95
95 50
50 89
89 95
95 50
89 50
89 50
95 89
5 89
50 31
50 89
5 116
89 50
89 95
50 95
5 89
5 95
89 107
50 25
15 34
89 5
89 95
95 89
89 95
89 84
5 89
50 95
89 5
89 95
50 95
5 84
95 89
89 95
89 50
5 25
95 89
123 119
89 95
89 50
89 95
50 95
50 5
51 107
5 73
5 95
95 89
5 50
89 95
50 100
50 89
14 79
89 5
89 95
89 117
50 95
89 95
50 95
50 89
50 95
5 89
95 47
50 111
89 50
89 86
5 95
95 50
50 42
95 20
5 89
5 95
95 50
50 89
95 5
95 50
89 5
89 95
99 17
95 5
89 5
50 95
89 5
5 89
50 89
95 97
5 89
50 10
119 5
5 47
20 8
95 89
89 95
95 89
50 5
89 50
101 50
64 13
89 5
89 95
50 95
50 95
95 50
64 83
5 89
95 89
95 89
89 95
68 41
89 5
5 95
89 95
89 5
89 50
95 89
89 50
95 89
89 5
89 45
89 50
5 95
123 119
95 5
89 95
89 50
50 75
50 95
95 50
89 50
5 50
89 95
95 89
5 95
50 95
89 50
89 95
5 95
5 95
5 75
5 95
5 89
95 50
50 95
89 95
89 5
50 95
50 5
89 50
95 5
89 50
89 95
5 89
5 50
89 105
89 95
50 5
50 95
50 95
89 95
50 5
5 89
89 5
89 95
98 50
89 28
89 95
89 50
5 89
81 42
5 47
5 95
5 95
89 5
89 95
89 5
50 95
89 95
89 95
89 50
95 89
50 95
5 95
95 89
50 5
50 89
59 32
50 5
89 5
95 89
5 89
125 70
9 99
95 50
95 89
5 89
5 50
89 116
5 89
95 50
95 50
89 50
89 50
89 50
95 50
89 5
89 95
95 50
50 95
95 50
50 95
89 95
5 73
95 5
5 95
95 50
89 95
25 106
95 89
89 95
95 14
89 95
50 5
5 50
89 95
89 95
50 95
54 58
89 95
89 5
89 95
5 75
89 95
89 18
89 95
95 50
50 95
89 5
89 95
95 50
89 95
5 95
81 100
50 5
89 95
95 89
50 84
95 5
5 47
5 50
50 95
5 95
20 8
50 95
89 5
50 95
89 50
95 23
106 70
95 89
50 5
5 73
95 89
83 5
89 99
95 89
50 95
5 89
89 95
5 14
95 14
50 95
95 89
5 50
50 5
95 5
5 95
95 89
50 5
5 95
5 89
5 95
5 72
89 95
89 95
89 50
95 50
5 95
95 5
50 95
95 5
5 89
95 116
89 50
5 95
5 117
50 95
95 50
121 111
5 47
5 95
95 5
5 50
41 68
89 95
5 68
95 5
5 95
89 95
95 79
50 5
89 95
5 73
89 95
50 95
5 95
89 50
95 5
50 88
50 95
50 95
5 95
89 50
5 73
95 84
50 95
50 96
95 117
89 50
95 66
89 95
89 95
50 95
95 50
50 95
89 95
5 95
5 50
95 89
50 89
95 50
89 95
50 95
89 95
89 5
95 89
89 95
118 65
50 5
89 95
89 5
5 89
89 5
89 95
95 89
95 89
89 95
89 95
50 5
89 95
5 89
89 95
5 15
89 95
5 89
50 89
14 81
50 14
50 5
50 13
95 89
5 95
5 95
89 95
5 50
5 50
54 83
95 5
95 14
89 50
94 115
89 95
5 95
5 10
5 95
89 95
89 5
50 5
89 95
89 95
5 50
89 95
95 50
5 77
95 89
5 73
95 50
89 95
95 89
5 95
95 89
95 5
89 91
50 89
50 95
95 89
50 89
95 23
89 95
50 95
89 5
5 50
50 95
50 95
100 14
89 50
5 95
50 1
89 95
89 5
50 95
89 95
89 95
95 5
5 89
5 89
50 95
89 75
5 89
89 94
89 8
121 83
5 50
89 95
50 89
13 79
118 13
89 115
89 50
95 50
89 50
5 95
95 50
95 89
5 89
5 89
50 95
95 89
5 73
95 89
50 95
50 95
95 14
50 52
95 50
95 23
89 95
50 89
50 95
89 95
89 95
95 89
50 95
89 5
89 95
5 95
42 51
89 50
111 70
5 89
95 89
50 95
89 95
95 89
50 5
95 89
51 72
89 50
89 95
5 50
89 95
95 14
50 95
50 95
5 95
95 50
89 95
50 95
51 53
5 95
50 5
5 95
89 50
95 89
50 5
5 95
89 95
50 5
50 89
50 95
89 95
50 95
95 50
89 95
95 50
50 95
95 5
50 5
89 16
89 95
95 89
5 89
89 95
100 119
5 89
50 5
95 89
89 95
20 8
89 95
89 14
95 50
89 95
89 95
5 73
89 95
5 50
50 89
95 50
14 95
5 95
89 95
89 95
50 74
89 5
89 50
89 95
50 5
95 99
95 5
95 5
89 95
95 5
5 89
95 5
5 73
95 5
95 5
89 97
95 89
5 89
89 95
89 50
50 95
89 83
89 95
89 5
95 89
89 71
95 89
89 5
95 89
95 50
5 50
95 50
95 23
125 66
50 15
5 52
50 95
89 95
50 95
95 50
95 23
5 89
32 74
89 95
50 89
95 50
5 95
89 78
89 57
89 52
89 95
89 95
5 95
95 89
89 63
17 95
95 89
50 89
89 95
89 56
95 5
89 95
89 93
5 89
28 89
64 76
113 58
89 95
50 95
89 95
5 95
50 98
95 89
50 95
58 54
89 95
89 95
64 83
95 89
95 5
50 89
89 123
118 42
89 95
89 54
121 42
5 89
5 124
89 95
95 50
95 50
89 5
89 95
89 95
95 60
89 78
119 123
89 95
50 5
5 50
89 95
95 50
50 95
50 5
5 95
5 95
63 96
14 100
50 89
5 95
89 95
89 47
50 95
89 95
5 50
89 95
50 95
95 115
95 5
89 95
50 95
50 95
89 95
5 95
5 50
50 95
5 95
89 95
50 95
89 95
50 95
89 63
50 89
50 53
96 84
89 95
5 95
123 5
50 5
5 95
5 73
5 95
95 89
95 5
89 17
17 101
89 95
89 95
89 95
89 50
89 50
95 50
89 95
95 23
50 5
89 5
95 89
5 95
25 100
89 95
5 95
95 23
89 50
89 50
95 109
89 95
5 95
95 5
95 89
95 82
5 89
5 57
95 5
89 95
5 50
89 95
5 127
54 79
95 89
89 5
50 5
41 68
95 5
80 50
5 107
89 95
95 47
5 50
89 78
89 5
50 89
89 50
20 121
5 89
89 5
95 89
89 5
89 95
95 89
20 64
50 95
50 95
89 95
50 5
50 95
95 89
89 95
5 47
51 100
89 50
50 95
95 89
5 95
89 50
89 95
95 14
95 89
50 65
5 35
89 5
95 89
89 95
5 47
89 95
50 89
95 89
100 119
123 119
95 89
5 95
89 95
89 95
95 89
5 50
100 119
95 5
89 95
1 89
50 95
5 73
95 89
89 95
95 23
50 5
5 89
89 95
89 95
89 95
5 95
95 89
5 95
95 89
95 89
5 50
50 95
5 89
95 23
89 95
5 51
95 89
89 50
50 95
95 50
50 95
89 95
95 23
89 50
5 95
5 95
5 89
95 50
95 89
95 89
123 119
89 95
50 19
95 50
50 89
50 95
89 45
95 89
89 50
50 95
89 95
50 89
5 89
50 95
50 95
5 95
5 95
5 95
5 95
50 95
50 85
5 50
5 89
50 89
95 20
95 89
107 13
95 89
50 95
89 95
50 95
95 89
89 95
50 54
89 83
95 89
95 89
89 43
89 95
63 96
5 50
89 50
20 64
5 89
89 95
63 96
95 5
95 89
89 95
89 95
5 112
89 95
89 5
50 77
95 25
89 50
89 51
89 84
95 50
89 95
5 50
99 33
5 50
89 95
64 112
89 95
80 125
83 14
64 13
50 95
50 77
95 89
89 95
89 95
50 95
64 96
94 99
89 5
89 50
89 50
32 74
89 95
50 89
50 95
89 50
50 49
95 123
89 5
95 89
89 95
50 5
89 50
89 57
89 50
5 89
50 95
99 97
5 50
125 95
50 89
89 95
50 95
89 95
50 89
5 47
95 23
5 95
95 89
95 89
95 5
89 95
50 89
41 79
50 23
95 89
89 95
89 50
5 95
89 70
95 5
89 50
5 95
50 89
5 95
50 110
5 50
89 95
5 89
89 94
50 95
89 71
83 106
89 95
125 91
5 117
95 89
95 50
89 5
5 50
95 89
95 89
5 89
95 89
50 121
50 5
5 89
5 89
89 53
5 73
89 95
50 110
95 14
50 95
50 10
95 5
89 95
50 56
95 50
95 89
50 95
95 89
5 50
5 89
89 95
95 50
50 89
95 89
95 89
95 5
95 89
95 5
5 95
89 95
50 104
63 120
95 50
89 50
50 95
63 120
89 95
89 95
17 125
95 89
95 89
5 50
89 95
5 97
89 50
50 107
89 95
50 89
50 5
15 34
89 95
89 95
5 89
95 50
89 95
95 14
95 5
89 95
95 89
89 95
74 100
50 127
95 89
95 5
95 89
50 95
89 50
5 95
50 45
89 5
89 95
50 17
63 120
95 5
70 42
107 13
89 50
89 95
89 5
95 89
5 60
89 50
5 89
5 64
89 95
5 95
5 50
89 95
50 95
5 89
89 95
89 95
5 95
89 95
89 95
50 5
5 50
5 95
89 95
50 95
89 95
95 5
5 50
54 79
95 50
89 0
95 89
89 95
95 50
95 23
89 123
50 89
95 89
95 124
54 92
5 50
50 5
68 15
50 95
89 95
50 83
89 95
89 95
95 50
89 5
89 95
95 89
89 95
5 95
95 5
95 89
125 80
5 95
5 94
89 95
50 5
89 95
89 95
95 93
113 58
95 89
5 68
89 95
89 95
89 75
95 5
89 95
5 95
95 89
95 89
89 95
5 95
89 50
95 89
89 95
89 5
5 76
95 89
95 120
89 50
5 95
89 5
95 50
5 89
95 50
95 50
5 47
89 50
50 95
50 95
50 95
5 13
5 50
95 89
50 74
15 79
50 95
50 95
95 89
89 95
95 5
5 89
89 50
89 95
89 50
50 95
51 100
5 71
5 50
95 89
95 50
89 95
50 95
5 26
47 22
89 95
89 50
5 50
5 95
96 33
89 95
5 89
95 14
95 5
95 50
95 23
5 89
89 95
95 89
89 50
50 95
89 50
96 16
34 95
5 50
5 89
89 83
50 5
5 89
95 50
64 61
95 5
50 95
95 89
50 95
95 50
95 89
50 5
95 39
89 5
50 5
95 89
95 5
95 5
5 47
89 95
5 89
50 89
50 95
5 95
95 5
89 95
89 95
89 5
50 89
34 65
5 95
99 28
89 95
123 119
89 50
95 89
63 79
50 95
5 95
68 15
50 89
95 5
89 95
50 95
89 95
68 14
95 57
95 50
89 95
5 95
50 95
50 118
95 50
89 50
89 5
5 89
50 95
89 95
63 120
95 89
50 95
95 89
41 57
95 89
50 5
89 54
89 95
50 95
95 89
95 50
118 42
5 95
95 5
5 95
95 89
95 5
5 95
89 50
95 89
50 107
5 6
89 95
89 95
89 50
89 95
95 89
14 81
89 5
5 95
121 89
95 23
50 89
89 95
113 58
89 95
95 89
5 73
95 89
89 50
89 5
96 76
5 77
50 95
89 95
95 89
89 5
50 5
89 95
113 58
50 5
5 95
89 50
95 89
95 89
89 95
89 95
5 95
5 95
89 50
89 95
50 95
89 95
50 89
89 95
50 89
95 50
95 89
95 89
89 95
95 50
95 89
89 50
89 95
50 23
89 95
95 50
5 82
5 89
5 50
89 5
50 95
89 95
95 89
95 89
89 95
89 50
5 48
95 5
50 89
89 95
50 5
89 95
20 64
50 95
89 95
5 50
5 95
50 122
95 5
118 50
5 95
89 95
95 56
5 95
89 95
89 95
95 5
50 5
20 64
95 89
89 95
95 89
5 95
89 95
95 5
50 95
50 89
5 95
5 95
89 95
5 89
50 95
89 38
95 50
50 89
50 70
95 89
14 81
95 5
89 95
5 95
5 95
89 95
89 95
95 50
89 50
41 23
89 95
50 22
15 34
95 89
95 5
5 50
89 95
89 50
50 95
50 38
14 81
5 89
95 5
89 68
95 5
95 50
51 83
5 95
89 95
95 50
95 89
50 95
51 75
15 83
5 95
89 50
89 50
50 95
50 95
50 95
5 95
95 52
89 95
95 89
89 5
95 89
95 89
50 95
5 80
95 50
5 89
95 89
95 50
89 95
63 120
89 36
89 95
95 89
50 95
50 95
89 95
5 95
89 95
5 95
89 95
89 95
95 14
89 95
95 89
89 5
89 50
89 50
5 8
89 66
5 45
5 95
95 5
50 89
89 95
95 89
50 95
89 10
95 89
89 95
50 39
89 50
95 89
95 50
50 29
89 50
107 13
89 50
89 95
89 92
95 89
89 5
95 79
50 5
5 47
5 29
89 50
5 123
74 100
95 89
95 23
89 95
89 95
68 15
89 50
50 95
89 50
5 50
89 95
89 5
95 50
50 95
50 5
50 95
50 115
50 13
50 95
89 95
89 95
15 79
50 95
89 82
89 95
5 47
95 89
5 95
95 50
5 89
50 95
89 95
89 95
89 95
89 95
95 5
50 74
50 89
5 89
50 95
5 73
89 50
50 95
89 95
95 89
89 95
50 95
89 95
50 5
5 89
5 89
89 95
50 95
95 23
89 95
89 80
20 121
95 89
95 50
89 95
50 5
89 95
95 89
95 23
50 121
95 89
89 50
89 95
95 89
95 89
89 95
89 95
41 68
89 80
50 95
50 95
89 95
95 23
95 89
5 47
95 5
5 95
5 95
89 95
95 5
89 50
50 65
50 17
89 95
41 28
89 95
54 22
89 50
5 54
89 50
95 23
5 95
50 95
5 47
89 50
89 95
50 5
95 5
95 71
89 50
5 95
95 23
89 95
50 95
89 95
89 50
89 5
5 50
96 54
89 95
89 95
50 95
50 95
123 119
89 95
89 5
5 95
50 89
95 89
89 95
89 95
5 50
95 50
5 95
95 5
5 95
5 71
95 14
106 95
89 95
5 89
89 95
89 95
50 43
89 95
50 89
95 14
95 5
89 50
5 95
5 95
89 95
63 120
95 89
89 5
50 95
89 95
95 99
89 5
89 110
89 5
42 51
58 75
5 95
89 95
95 89
89 50
50 89
5 95
95 89
5 95
5 89
95 5
89 95
89 95
95 0
95 89
58 99
50 14
5 89
89 95
5 95
50 5
121 83
89 50
107 13
50 95
95 89
89 50
50 95
5 95
50 95
50 95
95 89
5 95
50 95
95 89
95 89
89 50
89 95
5 73
89 95
89 92
89 5
63 96
89 95
95 50
95 50
95 50
89 95
15 79
89 95
89 95
50 95
94 100
5 50
89 95
5 89
89 95
50 95
50 95
89 95
5 95
50 89
5 89
95 18
50 5
50 95
89 50
17 80
50 95
50 95
89 50
63 96
89 20
50 95
5 89
95 89
89 95
95 89
5 47
89 95
89 64
95 93
5 89
5 95
5 50
5 95
95 50
95 50
89 50
50 95
5 89
89 95
89 5
50 45
95 50
89 95
99 21
5 89
99 73
95 89
50 123
89 95
89 50
5 95
95 5
89 95
95 89
50 89
89 95
89 5
5 95
50 5
5 63
5 95
5 89
95 50
95 50
5 95
89 50
89 95
5 95
95 89
95 89
50 74
89 92
50 89
89 95
89 95
89 50
89 95
95 89
5 51
20 8
5 95
89 95
89 95
89 95
95 89
89 95
50 116
95 5
50 95
58 113
5 50
89 5
95 89
5 95
50 89
50 123
50 95
50 89
5 95
89 105
89 95
34 111
5 89
5 95
89 95
95 5
89 95
50 89
5 50
89 95
5 89
89 95
95 89
5 95
89 14
95 5
89 95
89 95
5 50
5 89
89 68
89 5
95 116
95 89
89 95
50 42
95 5
96 53
89 95
89 95
89 95
5 95
5 50
5 50
50 95
50 95
95 89
5 73
89 95
50 89
5 89
95 89
50 17
5 95
95 89
95 17
89 95
50 95
95 89
89 50
107 13
89 95
95 89
5 95
50 89
50 89
50 95
95 89
95 5
89 95
89 50
95 89
89 73
95 89
95 89
89 95
51 20
95 14
95 50
95 97
50 84
95 5
5 95
95 5
50 95
95 50
5 95
5 89
50 94
95 23
107 13
50 95
89 29
5 44
89 5
89 5
89 5
95 5
89 95
5 95
95 89
89 5
50 95
95 20
50 95
5 89
95 18
5 50
50 95
50 89
15 83
50 89
89 95
89 5
50 5
5 89
5 89
89 95
5 95
95 89
5 73
50 118
89 95
89 50
95 5
89 95
89 50
95 89
95 50
83 111
89 95
95 50
89 95
89 95
95 89
42 94
89 95
50 95
95 50
95 50
5 95
89 95
50 5
89 95
89 125
51 42
5 95
50 123
5 95
42 94
95 89
89 5
50 95
89 95
20 83
95 89
89 47
89 95
5 95
89 95
50 95
89 95
5 50
5 95
5 77
89 95
95 89
89 50
95 50
95 89
78 89
95 23
50 89
5 95
89 71
50 95
5 95
125 50
95 89
99 20
5 50
50 95
89 95
89 117
95 89
5 47
95 23
50 95
89 95
89 95
50 95
89 11
5 89
89 77
5 50
5 95
121 57
89 95
95 18
5 82
118 13
95 5
89 92
5 89
89 107
89 5
50 95
5 50
5 95
50 95
95 89
95 89
5 10
95 14
50 95
100 119
50 17
5 71
113 58
89 5
5 73
95 89
5 95
95 5
89 5
95 5
107 13
89 95
5 95
50 95
89 95
95 89
89 95
5 95
50 95
50 89
95 89
50 95
50 95
95 89
5 95
47 5
89 95
95 50
89 78
89 95
50 5
89 95
5 50
5 95
89 50
75 83
50 89
95 89
14 81
42 51
5 95
89 95
20 121
41 55
51 121
50 89
5 89
95 14
89 95
89 95
95 89
89 47
89 116
95 89
50 95
80 50
50 95
5 89
5 89
89 82
95 5
95 89
89 95
5 73
89 50
95 89
50 95
50 5
89 5
95 89
95 89
89 95
89 95
89 95
95 5
95 50
89 95
89 95
14 81
89 95
5 50
50 95
50 95
89 95
95 89
95 89
89 95
50 95
95 50
89 95
5 50
50 75
5 45
50 95
95 5
5 89
50 95
5 95
89 95
95 50
95 50
5 89
95 50
89 50
95 5
54 85
89 50
5 73
89 95
64 14
50 95
5 95
89 95
50 95
95 5
89 95
95 89
50 123
95 5
5 89
5 50
89 32
5 95
5 95
20 64
50 89
89 95
95 80
50 95
5 85
50 18
5 50
95 5
95 50
50 95
5 95
64 83
5 95
89 50
95 5
95 77
95 50
50 94
89 95
89 95
20 94
95 89
89 50
89 95
95 5
89 5
89 95
89 95
50 5
5 95
95 89
95 89
89 95
5 75
89 95
5 95
50 95
95 50
89 95
50 95
95 89
95 89
89 95
5 95
95 50
5 89
50 95
51 62
50 89
95 5
50 59
89 95
5 95
5 50
5 47
95 89
95 47
95 89
5 89
50 89
95 50
50 95
5 73
89 50
5 95
15 34
95 89
89 50
89 50
89 95
89 50
89 95
65 20
95 89
89 95
95 50
5 95
95 89
89 95
89 95
89 95
50 95
50 113
5 89
64 83
95 89
95 89
95 50
95 89
95 89
89 95
95 50
95 89
89 50
95 50
89 95
95 89
89 95
5 83
50 95
89 95
125 57
50 95
50 95
50 5
95 50
68 14
89 95
5 73
95 5
5 95
5 95
95 50
95 89
50 95
95 89
95 5
95 89
5 95
50 95
50 5
95 89
95 5
95 89
50 89
95 89
81 42
95 50
50 95
41 35
50 5
89 50
89 95
89 95
50 95
95 5
89 95
89 51
89 5
89 95
5 73
89 95
89 5
95 50
89 95
95 89
50 89
5 95
5 89
5 95
79 83
89 95
5 95
100 119
50 95
95 5
50 89
95 89
95 89
89 110
95 50
5 89
95 5
15 83
95 14
71 95
89 95
89 5
89 95
5 89
89 95
95 89
50 89
95 5
5 50
107 13
89 95
89 95
5 95
50 89
83 15
95 50
95 5
89 95
95 5
5 89
125 30
95 89
5 89
95 89
95 5
89 95
5 95
50 5
89 50
95 89
50 95
5 30
5 50
50 95
89 5
5 50
50 95
65 17
5 115
89 95
89 95
95 123
89 5
70 111
5 50
95 50
50 29
95 5
95 89
100 14
123 125
89 95
50 95
50 95
89 50
5 50
5 73
95 89
89 50
95 89
89 50
5 57
5 95
5 95
5 89
89 78
89 95
5 89
5 95
5 89
89 95
89 5
89 95
95 89
5 42
79 83
50 95
95 89
95 50
89 50
95 5
89 95
111 14
50 95
89 95
5 50
89 95
95 89
89 50
95 5
42 121
5 50
95 5
89 95
89 95
89 95
95 50
5 89
5 89
50 95
5 50
89 95
89 5
50 95
95 50
89 50
95 89
95 89
95 125
89 95
50 89
95 5
95 89
89 95
50 13
123 89
95 83
89 115
95 89
89 50
95 89
89 123
95 5
95 5
89 95
95 50
50 95
89 95
95 89
89 95
68 15
5 95
50 95
89 95
95 89
95 86
50 95
5 50
89 50
95 50
89 95
17 51
50 95
89 95
95 89
50 95
5 95
50 95
5 89
50 89
89 95
89 95
5 95
5 95
5 95
5 95
95 20
89 95
95 50
5 89
95 89
89 95
5 95
89 95
95 14
95 50
95 89
5 89
5 89
89 95
95 89
50 5
50 95
89 50
89 95
89 95
15 83
5 89
14 100
50 89
89 95
15 83
89 95
5 95
50 95
70 42
94 70
95 50
50 95
89 50
95 89
107 13
95 89
95 5
5 95
89 95
89 50
95 47
50 95
5 89
50 15
50 95
95 89
89 50
5 89
64 83
50 95
50 95
89 95
5 89
89 95
5 95
89 5
64 83
95 89
89 95
5 50
95 5
95 89
5 50
50 5
89 5
50 95
89 95
95 89
68 15
94 46
5 30
50 95
89 50
5 50
5 95
5 95
95 5
99 17
95 23
50 95
89 95
5 95
50 95
95 89
89 95
50 16
95 89
5 89
63 120
5 95
89 50
89 50
5 50
89 95
95 89
20 123
50 95
95 89
89 95
50 95
95 89
125 70
5 95
50 95
5 95
5 95
89 95
5 89
5 89
5 95
95 89
89 95
5 95
89 50
14 81
50 95
95 89
5 89
89 95
95 89
5 89
5 95
95 89
89 95
95 50
64 13
89 95
89 95
50 95
50 118
95 89
89 95
50 89
95 31
95 5
89 50
89 95
89 50
89 5
41 125
5 89
89 5
89 5
95 5
95 64
89 95
89 5
58 113
5 89
89 95
89 50
17 75
95 89
5 89
95 14
41 23
89 5
89 95
89 5
5 18
89 50
89 95
89 5
89 20
50 7
95 50
89 97
89 95
50 95
89 5
111 42
5 89
5 89
89 95
95 50
95 5
95 93
50 5
95 89
96 105
89 5
5 50
5 95
89 107
89 95
50 100
89 95
89 95
5 50
64 86
50 89
95 5
95 50
95 5
89 50
50 102
89 5
50 95
95 89
95 23
54 125
89 95
5 42
89 50
89 5
5 89
17 94
50 95
89 50
89 71
50 95
50 95
89 5
95 89
89 95
95 89
89 95
50 5
50 95
68 4
89 95
50 95
50 95
95 5
89 95
50 95
50 95
50 95
95 89
95 89
5 95
15 83
89 95
5 50
95 89
89 95
89 95
95 50
50 89
89 95
50 93
95 5
89 95
89 95
5 89
5 89
73 5
95 89
50 89
95 5
5 50
89 95
50 89
95 50
95 5
95 89
89 95
89 95
8 45
5 89
5 89
5 43
89 95
95 71
89 95
5 89
5 50
89 97
5 95
89 95
5 95
89 95
50 52
5 29
5 95
89 95
95 50
5 89
89 50
89 14
95 89
89 50
50 77
95 89
95 75
17 121
95 50
95 50
125 59
5 95
89 95
89 95
95 5
89 95
50 95
17 31
89 5
50 89
50 95
89 95
50 19
5 89
95 5
89 95
89 95
89 95
89 95
89 95
95 50
5 95
5 89
95 83
50 95
89 95
5 121
50 95
95 5
89 95
95 89
89 5
50 95
89 95
95 38
50 5
5 47
89 5
89 95
95 50
89 95
89 95
89 73
89 95
89 95
95 89
95 5
14 100
89 5
50 5
5 89
95 5
89 95
95 50
89 95
5 89
5 73
95 50
50 95
89 50
89 78
50 95
89 95
50 38
95 89
89 95
5 50
95 89
50 71
89 95
95 89
50 95
95 89
5 95
50 95
95 89
95 89
95 50
125 81
95 23
89 95
89 95
95 89
5 95
95 89
50 95
95 89
50 95
5 89
89 95
5 50
50 89
89 5
5 50
5 89
89 50
94 124
95 5
95 89
5 50
89 95
89 95
95 89
89 95
95 89
89 50
34 15
95 89
89 95
50 95
89 23
50 71
94 83
50 95
5 50
5 95
95 5
50 95
89 95
89 50
89 95
89 95
50 2
95 89
50 95
5 50
5 89
17 92
89 95
5 89
50 89
50 95
50 89
5 95
5 89
5 89
95 89
89 95
95 50
89 95
41 68
95 50
89 95
5 89
5 95
5 95
50 95
113 58
89 95
50 89
95 50
41 124
89 95
89 114
89 95
89 95
50 5
50 95
89 50
95 31
50 42
95 89
89 50
95 60
74 99
5 50
5 95
5 95
95 50
95 89
5 89
50 89
95 17
125 25
50 95
89 95
5 95
5 95
89 95
5 89
95 50
89 95
95 89
89 95
89 95
95 89
50 5
68 15
5 50
89 95
89 95
5 50
89 95
50 95
95 89
50 95
5 95
89 95
50 95
95 5
5 89
42 51
89 95
89 5
5 95
50 5
5 38
89 14
20 64
89 50
89 95
89 61
95 89
89 95
89 95
89 95
5 50
5 89
50 5
89 95
95 89
5 95
89 95
50 95
89 95
50 95
5 50
95 50
5 79
119 20
50 5
96 83
89 51
89 95
5 95
5 50
89 50
50 89
89 50
95 70
95 89
81 42
89 50
89 95
50 95
50 95
50 5
89 71
89 50
95 50
89 95
50 123
5 89
95 50
5 95
50 95
95 50
5 95
89 95
89 5
20 8
89 73
95 14
5 95
95 5
63 96
95 50
95 23
89 95
95 50
95 89
89 95
89 50
5 89
99 2
89 50
95 5
89 5
95 89
89 95
89 95
95 14
5 95
50 95
89 95
17 94
89 95
89 95
95 5
89 95
50 89
89 95
5 50
89 95
5 95
95 0
89 95
95 5
95 89
95 5
89 50
5 47
89 77
50 95
89 95
5 50
89 95
89 95
47 5
50 45
89 95
50 89
50 95
5 95
50 95
95 89
89 50
89 50
89 95
95 50
95 89
89 95
50 95
95 50
95 89
95 5
89 95
125 59
13 107
41 115
89 95
5 50
89 5
95 5
89 5
58 77
50 89
89 95
95 89
95 89
89 5
89 95
64 83
5 89
50 10
89 95
89 95
14 81
89 95
95 25
89 95
89 95
89 95
95 89
89 95
5 95
95 89
5 40
50 95
89 95
5 50
50 95
5 50
5 82
89 50
89 95
54 25
89 50
89 50
5 89
5 47
95 5
95 89
15 34
89 95
95 122
95 89
5 95
50 95
95 14
89 95
50 5
89 95
95 89
50 77
95 83
5 95
89 10
50 95
89 95
89 95
89 95
89 95
89 95
5 95
89 48
89 95
89 123
89 95
89 95
50 54
95 89
95 89
89 95
89 95
118 65
51 98
50 95
5 4
95 115
89 5
94 111
95 50
50 95
50 95
89 50
5 95
50 5
95 50
95 89
63 120
50 95
64 68
89 50
84 95
50 95
89 95
95 50
50 89
89 5
50 78
89 95
50 95
89 95
5 50
95 14
95 50
95 50
5 95
5 89
89 83
89 50
89 50
5 95
89 95
89 95
89 50
95 89
5 89
50 95
89 95
95 89
89 95
89 50
50 95
89 92
89 95
89 50
5 50
89 5
50 17
95 89
50 95
89 95
89 50
5 95
5 89
89 95
89 95
50 95
89 95
50 95
89 0
100 119
5 50
119 99
95 92
119 123
89 50
89 5
50 95
89 95
89 95
89 95
89 122
89 45
50 89
89 95
95 77
89 95
14 100
95 50
89 5
50 36
5 95
95 89
5 89
89 50
89 95
89 95
95 5
95 50
113 95
89 95
50 95
95 50
95 89
89 95
5 29
50 95
95 89
89 42
95 23
50 110
95 89
89 50
5 95
89 95
89 95
95 89
5 89
113 58
50 95
95 5
95 5
89 5
5 89
5 50
5 89
89 95
95 89
5 95
5 95
89 123
89 95
95 89
89 95
5 95
95 50
5 95
2 5
89 5
89 95
95 5
5 0
89 95
89 95
50 89
89 95
89 50
95 50
95 89
89 50
89 95
89 95
89 95
89 95
89 95
50 95
99 1
95 89
50 5
95 23
95 89
50 95
95 5
15 79
89 95
95 50
50 89
50 73
89 50
5 95
95 5
50 95
89 50
5 95
5 23
95 5
89 95
89 95
89 95
5 50
89 79
95 50
89 5
5 89
107 13
89 5
95 89
89 95
89 95
95 89
95 23
5 95
89 95
20 121
50 86
5 95
95 14
89 95
5 89
5 95
5 89
123 119
98 51
89 95
125 98
99 97
89 95
89 118
95 89
5 95
50 95
50 95
125 15
50 95
89 95
5 50
95 89
89 95
89 95
89 95
89 50
89 5
64 28
89 95
100 54
50 89
89 95
89 5
50 95
95 5
95 50
95 85
95 89
89 95
89 95
95 50
89 95
89 95
51 88
89 64
95 89
5 95
95 89
89 95
5 95
89 95
5 50
50 89
5 95
50 7
89 95
50 95
89 95
95 50
95 89
95 89
89 50
95 89
5 89
95 50
50 96
89 95
89 95
68 41
5 89
5 95
95 50
95 89
95 82
89 95
95 3
125 28
58 83
50 5
5 89
5 57
50 38
5 95
89 50
96 74
89 2
95 50
50 95
95 23
95 89
89 95
89 50
89 96
50 95
89 50
5 89
95 5
50 5
63 96
95 50
95 89
89 95
95 5
95 23
5 73
5 50
5 95
95 89
89 95
5 89
95 89
89 50
5 47
89 5
95 57
5 95
5 95
50 95
89 95
89 50
89 95
95 71
5 50
89 50
89 14
89 95
50 95
89 50
50 95
95 50
89 95
95 89
5 89
5 95
95 50
5 95
89 95
5 95
89 95
95 5
50 95
50 95
89 95
95 50
5 73
5 95
95 102
111 42
95 89
5 89
89 95
5 115
89 95
89 50
89 95
89 50
50 89
5 95
95 89
95 89
95 89
89 95
89 95
95 5
95 83
50 95
113 58
5 89
89 95
50 95
5 18
5 50
5 89
5 89
5 95
95 89
95 89
5 50
89 114
95 89
95 89
50 5
50 95
95 89
95 89
95 50
89 5
50 5
95 50
89 5
95 89
89 50
50 95
50 95
95 50
89 5
89 42
89 95
5 95
89 5
95 5
5 89
5 95
5 50
95 89
95 89
5 95
95 89
5 95
5 95
5 89
5 95
5 95
89 95
95 89
5 50
89 95
95 50
41 66
50 95
5 57
89 95
50 95
89 5
96 119
50 57
89 64
5 95
50 89
89 95
89 50
89 95
89 5
50 95
51 39
5 95
95 89
50 5
5 68
50 89
89 50
81 5
95 23
125 68
89 95
5 95
95 23
99 84
5 18
89 95
95 5
14 95
89 5
89 95
20 8
89 95
5 95
5 89
50 5
5 17
50 95
5 50
5 95
17 89
95 89
95 89
5 50
95 89
5 89
42 50
20 64
95 89
50 23
95 89
89 95
50 89
5 50
50 5
50 89
89 95
50 95
95 89
5 50
95 89
95 89
5 50
5 95
5 89
50 95
89 95
89 50
89 119
50 89
89 5
50 71
95 14
95 5
50 95
5 95
5 89
89 50
89 95
5 95
95 5
95 50
5 95
5 50
100 54
89 95
89 95
5 47
95 50
50 95
50 79
5 50
95 110
89 50
95 50
89 50
5 89
89 95
5 89
120 116
89 95
50 89
95 50
50 89
89 95
95 94
89 50
50 95
94 64
89 5
50 89
20 8
89 95
95 14
95 89
95 36
5 50
89 95
95 14
54 107
89 95
89 95
5 95
89 50
89 95
89 95
50 99
89 95
95 50
5 50
120 64
50 95
95 3
5 95
5 89
89 95
95 50
50 95
5 89
89 95
95 50
50 95
89 95
5 95
50 95
89 95
5 60
89 5
89 95
89 95
5 54
50 94
5 73
95 50
42 5
89 5
95 89
89 95
5 95
5 50
89 95
95 89
50 43
89 50
5 95
99 56
95 89
95 50
5 95
50 109
95 89
89 95
89 50
89 5
5 89
50 95
89 50
50 5
122 50
95 23
50 97
89 95
89 95
95 50
5 95
50 95
89 95
89 5
89 95
89 68
50 95
51 63
50 95
125 32
50 97
89 5
89 5
95 89
5 95
89 95
89 95
5 73
89 50
95 50
95 89
95 89
95 50
95 5
50 95
5 73
95 40
89 5
5 95
50 95
50 95
68 15
5 50
5 95
95 117
95 89
89 50
89 95
95 89
89 95
5 89
89 5
89 95
95 50
95 50
5 95
51 106
5 95
95 50
89 95
5 95
5 95
89 95
95 89
5 95
89 50
50 89
95 14
5 50
50 95
5 95
89 50
95 5
89 95
50 76
50 95
95 50
5 89
50 56
113 93
50 95
50 5
14 52
15 34
89 95
95 50
89 95
95 5
89 50
95 89
50 95
89 95
89 78
5 50
50 5
5 95
95 5
89 95
111 42
50 89
5 50
50 95
95 89
50 95
95 89
89 50
95 5
95 5
95 50
63 79
95 89
89 95
89 95
51 98
5 95
95 5
89 95
89 5
15 34
89 50
41 106
5 95
50 89
100 14
89 5
50 95
5 79
89 95
89 11
89 50
5 95
89 50
50 5
5 50
5 89
89 95
17 70
89 84
50 95
89 95
54 50
95 89
89 95
63 120
89 95
95 50
95 57
89 50
95 50
118 42
95 89
50 95
5 71
50 51
5 50
89 68
89 50
5 95
5 75
5 89
5 89
5 95
5 89
5 95
50 5
68 14
89 80
95 89
125 17
5 66
5 95
5 89
5 95
50 83
41 68
5 105
95 89
5 47
95 50
95 5
95 5
50 89
5 75
95 50
89 94
25 106
94 57
95 89
95 89
5 95
50 16
95 5
95 96
99 83
89 118
50 4
5 89
89 50
89 50
50 5
89 95
42 51
5 89
5 89
50 95
89 95
95 50
89 95
5 95
58 75
89 95
50 123
95 89
95 89
5 95
95 5
121 124
5 95
50 5
95 50
50 5
89 95
50 79
50 89
5 89
95 5
5 95
5 47
50 95
5 89
95 55
95 89
125 5
5 95
50 95
89 50
95 89
95 89
95 89
95 89
50 95
95 89
50 5
95 14
50 95
89 95
89 50
89 50
95 50
95 5
100 51
95 50
50 5
95 89
89 5
89 20
89 95
89 95
89 95
5 95
5 50
89 15
89 95
95 89
89 5
89 50
41 15
42 51
89 95
89 95
13 64
89 95
89 5
5 95
5 15
89 5
95 50
89 95
89 95
5 95
95 14
95 89
95 89
89 50
51 81
83 106
89 5
121 74
95 89
89 50
89 5
50 89
89 5
50 5
50 120
64 105
89 95
50 95
95 5
50 95
95 89
50 95
121 65
89 95
50 95
89 95
89 50
5 24
5 13
95 50
95 50
89 95
50 95
89 95
95 50
50 95
50 127
95 5
95 5
5 50
89 95
5 89
95 89
89 95
50 8
15 79
89 95
50 5
95 50
95 50
89 95
64 50
89 50
5 95
50 95
89 95
5 95
50 89
89 50
50 95
121 49
89 95
89 95
95 39
95 89
50 52
89 95
50 95
100 14
5 95
89 95
95 50
89 50
50 95
95 23
95 5
95 5
95 5
89 86
95 14
89 5
5 50
50 95
89 95
50 95
89 50
63 96
95 89
95 89
95 89
89 50
50 5
50 95
5 50
5 89
95 89
89 95
89 95
89 95
50 95
95 5
5 89
50 95
5 50
95 89
89 95
89 5
20 64
95 5
89 5
89 43
95 89
95 50
89 50
95 89
5 89
50 95
50 95
95 89
50 89
95 5
50 47
95 23
89 95
95 50
95 50
95 89
95 50
95 5
95 89
5 89
89 95
5 95
95 70
5 50
89 95
89 95
5 89
5 95
95 18
50 95
89 29
89 95
89 95
5 95
95 50
5 89
81 42
89 95
120 63
95 5
89 95
50 89
89 95
5 89
89 95
89 95
50 5
50 89
89 50
95 5
95 5
95 89
50 95
95 89
5 50
89 95
89 5
50 95
95 50
5 89
68 15
95 71
89 95
89 50
95 2
89 50
5 95
125 91
89 95
50 29
50 89
5 50
95 89
89 95
89 95
89 95
95 14
5 95
89 95
89 95
5 95
5 47
89 95
89 95
95 5
50 95
95 50
89 95
5 95
107 13
89 95
89 50
5 50
89 50
5 50
89 5
125 96
95 89
100 14
5 73
95 5
89 95
107 51
5 95
95 89
50 89
95 89
50 95
23 95
89 95
89 95
5 50
95 56
50 95
95 89
50 95
95 89
89 5
5 89
5 2
50 5
5 95
89 50
89 5
95 89
89 95
95 89
95 89
95 50
5 95
95 50
95 50
58 113
95 89
89 95
50 95
50 95
50 89
95 50
89 95
89 95
50 95
89 95
89 95
5 95
5 95
89 50
41 116
64 47
20 8
95 89
121 79
89 68
5 50
89 95
95 5
89 95
89 95
95 86
89 95
5 89
95 50
5 95
95 39
50 85
95 42
50 46
95 5
95 5
5 75
5 95
94 84
5 89
50 5
50 45
89 50
5 95
95 89
17 98
95 2
96 21
5 89
51 122
95 89
89 5
89 100
95 23
95 5
50 95
5 89
50 95
89 50
89 95
5 89
95 89
50 95
89 16
95 89
89 95
5 83
50 43
89 95
100 119
89 50
89 50
5 95
5 95
50 89
89 95
89 5
89 95
95 5
95 89
50 95
89 95
50 5
95 89
89 95
89 95
68 15
95 17
125 95
89 5
89 95
89 95
89 95
89 95
95 89
50 89
17 31
95 50
89 5
50 95
95 89
89 50
99 79
95 89
50 95
89 95
95 14
89 95
89 5
50 5
5 50
95 50
89 95
89 95
32 74
95 50
50 19
95 14
5 47
89 95
89 50
95 50
95 89
50 51
5 50
89 95
89 95
50 5
89 95
50 42
50 95
95 89
50 122
50 95
5 95
50 95
89 95
41 83
89 95
50 5
89 124
50 95
99 106
95 5
50 89
89 50
50 5
89 95
95 50
5 95
50 62
95 50
89 50
50 95
123 119
5 3
5 95
5 89
95 50
64 8
89 50
95 5
95 5
95 50
50 95
89 95
5 95
99 94
95 5
95 50
5 95
95 23
50 95
5 95
51 113
95 5
50 95
89 95
95 89
89 95
5 73
5 50
100 74
50 95
50 95
5 95
89 95
89 95
5 29
5 95
50 95
95 50
89 50
95 89
50 15
5 95
95 82
89 95
89 95
20 64
50 95
89 50
50 5
95 50
50 95
89 95
89 95
50 95
89 50
50 5
50 89
95 5
89 5
89 95
5 89
50 95
50 95
95 5
81 42
5 89
95 50
95 5
95 23
89 95
89 54
95 89
50 95
50 89
5 47
89 95
89 21
95 14
89 95
95 74
95 17
95 89
95 89
95 50
5 95
95 50
89 95
63 79
89 50
5 95
89 95
89 95
95 5
89 95
95 31
50 5
95 5
5 92
74 100
95 89
95 50
42 51
50 101
50 89
5 95
89 5
5 95
95 23
89 5
89 50
50 95
89 95
5 50
89 50
89 50
95 50
5 95
5 89
89 50
89 95
89 64
50 95
95 5
95 89
89 95
89 5
89 92
89 50
50 95
95 14
89 95
5 95
5 95
50 95
5 50
89 50
89 95
51 111
121 20
5 95
89 50
89 95
50 89
50 63
5 95
81 64
5 50
95 50
95 5
89 50
89 76
89 95
95 89
5 95
50 95
50 95
50 5
5 89
50 95
5 89
50 95
50 5
95 89
89 50
95 89
50 95
50 71
41 82
51 42
95 50
89 95
89 50
95 89
89 95
50 71
5 50
92 95
89 95
5 95
89 95
5 95
89 50
95 50
89 95
89 95
89 50
50 96
50 5
50 124
89 95
95 89
63 120
95 89
95 5
95 5
95 23
95 50
50 95
89 95
89 5
111 70
95 50
83 106
89 95
95 50
5 89
5 89
89 95
50 5
51 100
89 95
89 95
95 50
89 50
5 120
89 95
5 10
5 95
95 70
89 50
89 95
5 89
50 5
5 95
50 5
89 50
95 5
89 95
95 88
95 89
50 95
41 68
95 50
95 0
89 95
95 89
95 89
95 50
89 95
95 50
95 23
5 95
15 79
89 95
95 50
89 95
89 95
95 89
95 89
100 119
95 50
5 95
5 95
95 89
50 95
95 5
89 95
5 95
95 89
75 89
20 8
89 95
95 5
73 5
95 50
5 95
50 5
89 95
5 95
5 50
95 89
5 95
89 95
95 50
5 50
95 89
50 95
89 95
95 89
50 89
95 89
50 95
89 95
50 95
89 95
50 95
89 5
5 95
5 89
5 95
89 95
89 95
89 95
5 89
95 50
89 71
5 50
95 50
89 5
89 95
5 89
89 95
5 89
89 5
95 5
95 50
50 5
5 47
89 95
50 95
95 50
50 5
99 7
89 5
50 95
95 89
89 95
5 50
89 95
5 95
89 95
95 89
50 95
50 95
89 107
95 89
119 20
95 89
50 95
89 5
89 5
50 5
95 89
95 89
50 89
50 95
5 95
89 95
5 50
95 89
5 89
89 95
95 50
95 5
89 28
95 89
95 5
89 5
50 89
89 95
95 50
5 50
50 95
95 50
95 50
95 50
5 73
95 5
89 95
50 95
89 50
95 50
5 89
50 89
50 95
89 95
50 95
95 119
50 95
89 5
50 95
95 89
95 50
95 84
50 95
5 95
95 5
89 95
5 95
89 95
95 89
100 119
95 50
5 50
50 26
95 50
95 89
95 50
50 42
89 5
5 89
50 89
50 89
50 68
95 35
50 89
95 23
5 89
89 95
5 13
5 95
89 50
89 95
50 95
89 50
95 89
50 5
5 95
95 89
95 89
89 95
50 95
95 23
89 71
95 89
5 50
50 70
89 95
5 95
89 95
95 50
89 50
15 79
95 89
50 95
95 89
50 95
89 95
50 95
107 13
50 19
79 80
89 95
95 89
5 95
5 95
95 14
95 50
89 50
89 95
5 50
5 95
95 89
95 89
95 14
95 89
89 95
95 89
5 95
89 95
95 5
50 89
5 89
15 83
50 95
95 14
95 5
5 89
89 95
89 95
95 89
89 77
5 47
89 95
5 68
50 17
89 95
50 89
5 89
50 95
89 95
95 50
34 111
50 95
95 5
50 95
5 50
89 50
5 47
89 95
89 95
89 5
95 5
50 5
95 89
1 50
89 5
5 95
5 95
50 89
95 89
50 17
100 14
14 81
41 15
95 83
50 95
89 95
5 47
89 5
50 5
50 89
95 50
89 95
95 89
5 50
89 95
89 5
89 95
89 95
89 5
89 95
89 50
89 95
5 1
89 50
5 95
89 92
50 95
5 89
50 95
89 5
89 95
50 17
5 95
95 89
89 123
5 95
95 89
89 95
5 89
95 5
89 95
95 5
5 73
89 5
95 89
94 126
50 95
89 50
89 95
89 95
63 96
89 95
89 50
5 47
51 101
95 89
89 95
5 89
89 5
50 97
89 95
5 95
95 5
50 17
89 50
89 95
89 5
95 89
20 64
89 95
5 95
89 35
95 23
89 50
50 89
95 23
95 89
5 89
95 89
89 95
89 10
89 50
50 95
89 95
95 89
89 95
95 89
5 95
50 89
89 95
89 95
89 50
89 5
89 50
50 89
5 95
5 95
5 50
95 57
89 95
89 5
95 89
50 17
89 95
5 95
95 50
95 5
5 89
89 95
5 89
50 5
89 95
95 50
5 23
89 95
95 50
50 5
65 34
50 95
95 89
89 95
89 95
89 95
89 50
89 95
5 50
5 95
5 95
17 102
89 95
95 89
95 89
95 5
89 95
5 95
89 50
15 34
95 89
50 95
5 89
95 23
5 89
89 5
5 89
5 95
89 95
50 95
89 95
5 95
95 40
50 5
89 50
50 89
89 5
89 95
50 89
89 50
89 3
89 95
95 89
89 95
89 95
50 95
89 95
89 95
89 95
89 95
89 50
58 75
50 95
89 95
50 5
89 50
5 95
89 95
89 95
95 89
89 95
5 95
89 95
50 71
95 10
89 95
89 5
89 5
121 91
89 95
95 50
89 95
5 122
89 95
50 95
89 95
95 89
95 89
95 5
5 95
50 95
5 89
95 89
5 89
95 89
50 95
50 95
5 95
89 5
89 95
50 89
50 95
95 5
89 95
50 5
95 5
5 50
95 23
95 89
5 50
89 95
89 95
5 89
95 50
95 117
50 95
95 14
50 5
95 89
89 5
95 89
95 89
5 95
5 89
89 95
5 89
95 89
89 50
95 89
89 95
95 50
89 95
50 95
89 5
89 95
68 15
125 55
95 66
5 95
51 25
95 5
89 95
95 57
95 50
95 89
5 89
95 89
50 95
89 95
89 95
50 95
54 117
50 89
125 59
5 89
50 95
95 89
50 95
5 95
95 89
5 23
89 95
95 89
50 95
5 110
95 50
95 89
50 5
50 121
15 83
5 89
5 81
89 26
95 50
89 50
5 95
89 95
95 5
95 89
14 100
50 89
95 89
94 30
89 5
95 50
95 50
95 89
89 30
95 71
5 89
89 95
5 95
50 89
89 5
95 89
95 89
5 89
107 13
50 127
50 89
5 95
5 95
95 89
89 95
95 89
89 95
50 76
95 89
89 95
95 123
89 50
5 47
89 50
64 107
95 89
50 95
95 5
89 50
95 50
50 5
95 89
89 95
89 50
50 18
5 95
107 13
41 26
5 58
89 95
89 95
89 50
50 95
50 5
89 95
95 89
50 95
50 95
95 5
50 95
89 5
95 50
50 95
95 89
95 89
50 95
89 50
89 50
89 50
89 95
5 89
89 95
89 115
50 95
5 95
95 1
95 5
95 89
5 95
95 89
5 95
89 50
5 95
95 89
50 60
5 54
89 95
50 95
5 95
89 50
5 95
89 50
95 50
50 89
89 95
5 53
89 95
95 50
50 95
89 95
95 50
89 50
50 95
50 89
89 5
50 120
5 95
95 5
89 95
95 89
89 95
5 95
89 95
95 89
50 95
95 89
89 50
89 95
50 89
89 95
95 89
95 50
89 50
63 96
89 95
95 89
95 89
5 95
89 5
5 89
89 95
95 64
89 95
89 50
95 91
89 95
5 95
5 50
89 95
89 5
89 50
89 41
95 5
89 50
5 89
89 50
5 89
95 50
5 50
89 95
95 89
95 5
50 95
5 95
95 5
5 95
89 50
95 89
50 95
95 89
95 89
89 95
95 5
50 95
95 89
50 95
50 95
94 106
50 95
89 95
89 50
89 95
95 50
50 95
50 95
5 9
5 89
89 95
89 95
99 81
5 77
5 95
95 89
89 95
64 42
95 5
50 95
89 50
50 5
50 89
50 95
5 95
15 79
95 50
5 50
89 95
17 0
95 5
95 5
50 95
5 95
50 95
95 89
89 95
50 95
89 50
50 95
95 50
5 95
5 56
95 89
38 89
89 5
89 95
96 63
54 5
89 95
5 89
89 5
95 50
50 106
5 50
5 95
95 5
17 84
89 95
89 95
50 95
89 95
89 5
15 34
50 65
89 95
80 50
89 95
125 32
89 50
95 50
89 8
73 5
5 119
95 89
89 95
95 5
89 95
89 5
95 50
89 5
50 5
50 89
95 14
95 50
95 8
95 5
89 95
95 94
50 95
5 95
5 95
50 95
113 58
89 5
89 68
50 95
89 95
95 89
5 102
50 89
50 127
94 125
15 79
50 89
5 95
50 30
50 89
95 50
50 49
95 5
89 95
50 86
50 83
95 23
89 95
95 50
95 50
50 95
89 50
5 95
5 47
89 95
65 8
95 89
5 95
5 116
50 95
89 95
95 89
95 89
89 95
89 95
50 2
95 89
17 36
89 50
89 5
96 83
89 95
95 50
89 95
5 95
50 5
58 89
89 95
50 89
89 5
5 89
5 50
5 95
89 50
89 95
89 50
95 89
89 95
89 95
5 95
5 50
5 89
95 89
5 95
89 95
5 95
113 58
95 50
89 95
95 5
89 95
95 89
95 3
89 95
95 5
95 89
95 89
95 89
89 95
89 5
89 95
89 95
81 42
89 50
5 50
5 50
50 89
89 95
42 51
5 95
95 50
5 89
89 95
89 5
50 89
89 95
50 95
50 95
50 68
50 5
89 50
95 23
5 73
95 89
95 5
50 95
89 5
50 95
50 95
89 50
89 50
89 50
50 95
89 95
89 5
95 5
89 95
50 17
89 95
64 78
95 89
5 50
94 42
95 89
89 95
95 89
5 50
50 95
50 95
89 5
50 5
5 89
95 5
5 95
5 89
5 73
89 95
5 95
95 5
95 89
5 65
50 5
50 41
89 95
50 95
50 89
95 5
5 95
5 50
89 42
89 95
50 89
50 5
95 89
95 5
95 125
89 95
5 89
5 47
50 95
89 95
89 95
23 95
50 89
50 5
95 50
50 95
89 42
89 95
89 50
50 5
63 120
95 50
5 50
89 95
95 5
5 95
89 95
50 95
89 95
89 95
95 50
95 31
5 89
95 5
125 80
95 23
5 50
89 95
107 83
50 74
95 5
89 5
5 95
50 95
95 14
125 46
89 95
95 14
89 95
89 31
89 84
89 95
95 5
5 32
50 95
89 95
95 50
5 95
89 95
89 95
89 95
50 95
95 50
95 50
50 5
119 123
5 89
5 89
95 5
89 95
50 105
50 30
5 1
5 95
50 89
5 95
50 93
5 73
89 95
89 50
5 95
95 89
121 91
89 95
95 50
5 95
5 89
50 95
50 5
5 95
89 5
41 56
95 50
50 95
95 89
5 95
5 95
89 95
89 95
89 50
50 5
5 95
89 95
89 95
89 95
95 89
95 89
89 95
89 57
95 89
5 95
5 73
95 50
17 80
95 5
5 95
95 89
95 89
95 89
95 89
50 46
95 89
5 95
5 95
5 95
50 95
89 95
20 8
5 95
89 5
5 93
5 50
100 119
5 89
5 47
41 95
50 89
95 5
125 98
89 95
50 95
5 95
50 89
89 95
50 95
50 95
5 73
89 95
95 50
89 50
5 71
89 50
50 5
50 95
89 5
89 95
50 95
89 95
89 95
95 89
95 14
95 89
89 75
95 14
89 95
89 95
95 5
50 89
119 123
95 5
89 95
20 8
5 89
68 15
50 97
89 95
15 79
95 50
5 50
5 50
50 95
5 89
89 95
50 89
5 95
41 23
89 95
5 50
50 95
5 95
95 50
95 89
17 121
95 5
5 95
50 95
50 122
89 95
89 95
95 50
89 95
50 22
5 73
95 89
95 89
121 73
89 95
95 5
5 89
50 95
89 50
89 95
95 5
95 23
5 95
89 95
89 50
95 50
89 101
95 89
63 96
5 123
50 89
89 95
5 95
95 5
95 89
89 95
89 95
95 89
50 28
5 89
50 95
50 95
95 89
89 95
95 14
89 54
5 89
89 95
50 89
95 23
89 50
5 95
50 5
89 95
5 95
50 95
89 95
50 89
5 95
89 4
5 47
89 95
95 89
89 95
95 5
95 50
5 8
95 5
95 14
5 50
50 95
50 89
95 89
50 95
50 95
89 95
89 95
89 4
50 89
5 95
95 30
95 50
95 50
89 95
95 5
95 50
95 50
89 50
89 50
89 5
50 5
89 50
50 95
89 50
95 14
50 95
50 116
50 95
95 89
95 5
89 28
5 50
5 50
50 89
50 95
5 50
89 95
41 68
51 82
95 50
89 95
5 89
95 5
89 95
50 95
95 50
89 50
5 95
5 95
5 89
95 89
5 95
89 50
50 95
89 95
89 50
50 95
5 50
5 89
89 5
95 50
89 95
95 14
95 50
89 95
95 89
118 42
5 89
95 43
5 73
89 5
89 5
5 95
95 50
95 89
95 89
5 89
5 73
89 95
95 51
95 89
89 95
5 95
3 95
95 89
95 50
5 95
89 50
89 95
89 95
89 95
50 14
50 95
5 89
5 95
5 50
89 95
89 50
95 89
5 48
95 115
68 15
100 119
89 95
68 15
5 89
89 50
50 5
81 42
71 89
89 5
5 89
50 95
5 95
50 95
5 50
89 9
95 89
50 95
95 89
96 99
89 50
95 89
5 95
89 50
95 23
50 5
50 95
89 95
89 95
89 95
95 50
89 50
5 89
54 44
50 5
89 95
5 59
89 95
89 95
50 95
50 5
113 58
5 95
50 89
95 5
5 89
95 89
95 5
95 50
5 89
89 95
89 95
50 89
95 50
95 89
89 5
89 95
89 50
89 95
89 95
95 89
50 95
50 97
95 89
89 50
5 95
51 42
50 95
5 95
89 95
89 5
89 95
5 89
50 95
41 125
89 95
50 95
89 95
89 95
34 65
89 95
5 89
89 50
5 95
50 95
95 14
50 95
50 5
89 95
5 89
89 5
50 95
89 95
89 95
5 95
5 73
95 50
89 50
5 50
5 95
5 95
89 95
89 95
95 5
50 29
5 50
5 95
89 95
95 89
5 89
95 23
95 89
95 50
89 95
95 5
5 95
95 5
50 95
89 5
95 50
89 95
89 95
50 95
17 91
95 14
89 2
50 89
68 15
63 96
89 95
50 95
5 95
95 89
89 63
89 5
50 77
95 50
5 89
5 50
95 50
89 95
95 89
89 78
50 89
95 89
5 47
89 5
15 79
89 50
89 64
50 95
95 50
89 95
89 95
50 89
95 89
50 95
95 50
89 95
5 95
89 95
89 5
95 89
89 5
50 89
95 89
50 95
95 89
95 89
50 127
89 5
95 89
5 95
89 95
5 89
95 50
89 95
89 95
95 5
89 95
50 5
5 99
95 89
5 95
89 95
89 95
89 50
89 95
89 95
5 89
5 50
95 89
89 115
50 95
121 15
5 89
5 74
5 89
5 95
89 95
89 95
50 95
50 19
89 95
89 95
5 89
89 95
5 95
89 5
95 5
5 89
5 95
89 95
95 89
5 50
50 71
89 5
95 89
5 107
89 95
95 89
50 89
89 95
5 50
95 14
50 5
5 73
89 95
89 50
89 5
95 50
89 95
89 50
89 50
95 89
89 95
95 50
50 95
89 5
5 95
95 50
15 34
89 30
95 77
89 95
5 50
5 95
95 89
95 89
95 50
95 89
89 95
89 95
50 95
50 48
5 50
95 89
50 95
89 95
5 95
64 82
95 23
5 117
50 95
5 95
89 95
89 95
63 120
5 89
5 50
15 34
95 50
95 89
95 5
50 95
5 95
89 95
95 5
107 13
50 95
89 95
5 73
50 89
51 29
95 89
95 89
95 89
50 89
95 99
89 50
95 89
50 3
89 18
95 79
89 5
121 93
95 5
95 30
95 91
5 95
95 89
89 74
5 50
89 50
95 50
50 95
50 95
5 73
95 50
95 89
95 89
50 95
89 95
89 95
95 75
99 22
89 75
95 89
95 50
89 95
89 95
64 50
95 89
89 5
50 95
89 5
95 5
5 95
26 95
89 95
89 50
95 5
5 95
89 95
89 1
50 95
50 89
95 5
50 95
89 50
89 57
89 50
50 89
89 95
50 95
14 81
50 95
89 50
5 95
50 95
50 95
89 95
89 5
95 50
95 89
89 95
95 89
95 50
89 5
5 95
41 124
34 65
89 95
89 95
50 55
95 78
50 95
95 5
89 95
5 95
89 95
95 11
89 50
50 5
95 89
89 95
50 5
50 95
95 5
5 50
50 104
50 95
89 95
89 95
50 95
50 95
95 50
95 89
50 95
5 47
95 50
50 89
89 95
95 99
5 95
89 5
89 95
89 95
95 89
5 95
95 50
42 20
89 0
50 95
95 89
95 50
5 89
95 50
89 42
89 50
95 89
5 50
5 95
81 42
50 95
95 50
89 95
5 89
5 73
50 5
89 95
50 5
95 5
50 95
95 83
95 89
5 89
95 89
5 95
5 95
95 89
89 95
50 95
89 5
95 89
50 89
54 79
95 50
5 95
5 95
95 14
89 95
5 95
50 123
95 5
5 95
89 95
50 89
89 95
89 95
95 50
89 95
89 95
89 50
89 95
5 95
5 95
50 5
50 89
95 63
89 95
25 5
50 83
50 89
89 95
50 109
89 42
89 5
89 95
89 95
89 95
5 89
95 89
50 95
5 89
17 47
95 89
89 95
5 50
50 52
89 95
50 77
95 5
95 5
50 89
89 5
95 5
50 95
50 95
50 5
95 5
95 50
95 5
50 95
5 95
54 78
89 5
89 95
17 121
5 89
95 89
89 5
5 89
95 5
89 95
95 89
89 95
89 50
89 50
95 89
89 95
89 50
95 89
95 89
89 95
95 89
50 5
89 95
95 89
95 89
15 79
5 89
50 20
89 50
5 95
5 95
89 5
5 95
89 5
50 95
50 95
89 95
95 23
50 89
89 95
50 95
95 89
118 111
5 89
5 95
68 15
95 89
50 95
50 89
89 95
89 95
50 95
95 50
95 89
95 5
50 83
95 5
50 95
95 89
50 5
89 95
89 5
89 95
50 29
5 89
89 5
5 95
95 23
89 50
50 95
95 50
50 20
95 89
95 10
5 95
89 5
50 95
95 23
50 95
50 26
50 95
50 34
5 95
95 89
89 95
95 89
89 5
95 89
95 89
95 50
95 50
41 83
89 50
50 12
89 95
95 89
89 83
95 89
50 122
89 5
89 95
89 95
89 95
89 95
5 47
5 79
95 5
95 50
89 95
50 77
5 95
95 50
95 50
5 95
95 5
89 95
95 89
5 89
5 50
5 89
8 20
51 63
50 20
5 89
95 14
50 95
20 64
54 71
50 95
50 89
89 5
5 73
89 95
89 95
5 50
89 95
65 38
5 29
50 95
95 89
95 89
50 95
50 114
95 50
89 54
95 89
5 95
95 89
89 50
89 50
50 17
5 50
89 5
89 95
50 89
95 89
5 95
89 50
89 95
89 50
89 50
50 89
89 50
41 88
89 71
50 95
94 20
89 95
95 50
95 89
111 70
95 89
89 5
89 5
50 89
95 14
89 38
95 50
95 89
89 95
89 122
107 13
79 83
50 95
89 95
64 117
95 50
89 95
89 95
89 50
95 50
89 95
95 89
95 23
5 95
95 5
95 5
50 5
5 95
89 95
50 95
95 89
5 50
5 95
50 95
95 50
95 5
95 123
89 95
5 95
95 89
89 95
89 109
47 5
5 95
95 5
89 95
89 95
5 95
15 83
95 89
95 89
5 95
89 95
89 50
89 47
95 89
89 95
95 89
123 119
95 89
89 95
89 95
95 89
95 5
5 50
89 95
5 50
89 38
5 95
89 83
50 95
50 89
50 95
95 5
100 54
95 5
5 89
5 95
5 125
89 50
89 5
89 95
89 95
5 50
89 84
95 5
42 81
50 89
95 2
5 95
89 95
5 89
5 50
81 96
89 95
95 89
89 95
89 95
5 95
95 50
89 95
95 89
95 14
95 5
95 5
89 95
89 95
89 95
50 5
95 89
95 5
5 73
95 89
95 50
95 50
50 95
89 95
50 89
89 82
95 23
95 89
94 61
5 95
89 95
50 5
89 5
89 95
95 89
5 89
5 95
5 95
95 14
5 89
95 89
89 95
95 5
89 95
50 89
95 89
89 50
5 119
5 95
50 95
89 95
63 96
89 95
95 5
50 89
5 89
50 95
50 5
5 73
89 95
50 95
95 49
50 40
96 97
50 95
89 95
95 23
89 95
95 89
50 89
89 95
89 95
95 5
89 95
89 95
95 89
5 73
15 5
50 89
100 14
5 89
95 14
5 95
89 50
95 50
50 5
95 50
89 95
95 109
5 107
50 52
50 95
95 80
95 14
95 89
95 89
89 76
25 62
5 89
95 89
89 116
89 95
89 95
95 89
5 95
89 95
5 50
89 95
5 95
95 50
95 89
5 89
50 5
100 14
100 119
95 5
5 83
95 50
5 95
89 95
50 95
89 50
89 95
50 95
41 8
50 65
5 50
5 95
50 5
95 5
5 95
95 50
95 89
89 95
95 5
50 95
89 50
5 50
95 89
89 50
5 95
95 83
89 95
89 95
89 95
89 50
5 95
94 121
95 89
89 95
5 95
89 95
50 95
95 38
89 95
5 23
89 95
50 95
5 89
41 68
5 95
5 89
89 95
95 89
95 5
95 50
89 95
95 89
89 95
95 50
5 56
50 95
50 89
95 23
89 95
95 5
95 5
50 95
95 89
5 95
95 5
95 14
89 95
50 89
95 50
50 5
89 95
50 95
5 89
95 39
95 89
50 89
95 89
89 50
95 50
89 5
89 50
89 95
89 95
50 95
42 51
89 95
95 23
50 95
95 23
5 95
95 50
89 50
89 95
50 89
95 50
95 5
5 95
89 59
89 95
95 50
95 50
50 89
95 89
95 89
95 14
50 63
50 5
89 5
5 89
95 89
89 5
5 47
50 95
95 89
89 95
50 5
5 50
50 2
89 95
50 95
50 95
50 95
95 89
89 5
5 95
95 5
5 50
50 95
89 95
95 93
17 30
89 95
89 95
95 89
34 111
50 95
5 118
5 95
5 89
95 14
89 1
5 95
95 5
89 81
50 5
113 58
89 95
89 5
89 8
5 95
50 95
95 5
95 23
95 89
70 59
89 95
95 71
89 50
5 75
89 50
89 95
5 50
89 70
5 95
95 89
89 95
5 73
89 50
89 95
95 50
89 50
50 5
95 89
5 95
89 95
68 79
89 95
89 95
5 50
113 58
95 5
50 5
95 89
89 50
89 95
5 95
50 95
89 94
95 89
89 95
95 5
89 50
89 95
89 50
95 89
89 95
5 95
89 50
50 95
89 50
5 50
89 95
5 50
56 5
89 95
89 95
50 95
123 119
5 95
5 50
89 95
5 50
89 5
41 15
89 50
50 95
5 50
50 5
89 50
64 83
95 50
89 5
89 5
89 95
5 85
95 50
50 5
50 8
89 50
96 28
89 5
89 120
89 5
5 89
50 95
5 95
50 95
30 50
50 5
95 89
76 5
95 89
111 70
95 60
95 89
95 50
95 89
5 47
89 5
89 5
95 89
95 89
95 23
89 50
50 95
5 50
95 23
89 5
89 5
50 45
95 50
5 95
95 89
89 5
5 95
50 89
50 39
95 5
89 95
95 5
95 50
50 89
95 5
95 89
95 14
50 95
5 93
89 5
95 89
95 89
89 50
89 50
95 101
89 95
95 5
89 50
95 5
89 95
89 95
111 70
5 50
89 95
63 89
50 89
89 95
5 50
95 89
89 95
50 75
89 95
89 50
95 5
89 95
107 13
89 95
50 95
54 3
95 89
89 95
95 56
50 5
95 89
50 89
95 23
120 83
89 95
68 15
50 89
50 38
95 5
5 95
89 50
5 50
50 54
5 120
95 89
50 95
64 83
95 50
89 95
50 89
50 5
95 5
50 5
95 5
89 95
95 89
95 117
95 17
50 84
5 95
89 50
50 17
64 78
51 80
65 105
50 5
95 14
5 50
5 95
95 14
89 50
95 76
89 50
89 50
50 89
99 115
95 5
50 97
89 95
95 50
64 100
95 5
89 95
100 14
89 95
95 50
50 95
50 5
89 50
89 50
50 5
50 95
95 5
123 89
50 95
50 95
95 89
89 95
5 50
95 5
95 89
89 47
95 23
89 5
50 95
95 23
89 95
95 89
94 6
50 89
5 47
89 95
95 89
89 5
95 89
100 119
50 95
5 95
95 89
113 89
95 89
50 89
5 95
89 14
95 86
5 50
95 89
89 5
50 95
50 95
95 89
118 65
64 29
89 95
50 95
5 50
5 95
89 95
95 5
50 95
89 5
50 95
50 39
50 95
95 89
50 5
50 123
5 50
95 89
95 89
89 50
50 95
95 50
95 89
89 50
95 5
94 44
120 116
50 95
89 95
89 95
89 8
50 95
5 95
95 89
5 95
95 19
50 95
89 50
89 5
5 50
95 50
50 95
95 89
5 47
89 5
50 95
50 5
95 89
95 5
5 89
89 95
50 17
89 95
89 95
50 95
95 89
95 89
50 118
95 89
89 95
89 5
95 50
95 89
50 89
5 50
95 89
5 50
5 89
95 79
89 5
17 118
89 95
95 28
89 13
89 50
95 14
50 95
95 5
89 5
95 89
5 95
89 95
50 95
5 89
50 95
89 5
5 89
95 125
5 125
5 95
89 95
5 95
89 5
50 121
95 89
95 89
95 23
5 117
89 95
89 95
95 14
89 50
95 84
95 50
5 89
41 5
95 5
5 89
89 5
89 5
50 95
5 89
95 5
50 95
89 50
20 125
50 95
5 89
95 89
89 95
95 89
89 95
95 14
89 95
89 95
95 14
5 80
89 123
89 95
95 89
50 95
64 8
50 89
5 115
89 50
95 89
95 89
95 89
5 50
5 34
50 95
89 95
95 89
50 89
5 95
5 95
50 5
15 79
95 89
5 73
95 89
95 50
95 5
89 95
5 95
89 95
41 72
89 50
89 50
89 95
95 89
15 34
95 50
50 95
89 50
5 3
89 95
5 95
89 95
95 89
50 26
95 89
50 89
89 50
89 95
89 95
95 89
5 89
95 5
95 89
95 5
89 5
50 116
5 95
89 95
89 50
89 5
100 54
95 89
89 95
50 95
95 50
89 95
89 73
50 95
89 50
5 95
89 95
50 95
5 50
89 95
50 95
5 89
50 95
89 95
5 89
95 89
89 95
64 62
89 95
125 98
5 95
95 89
95 50
95 89
89 95
5 73
50 5
89 95
5 95
50 95
17 9
50 5
95 14
89 95
89 95
89 95
95 89
89 95
59 32
50 89
89 5
5 95
5 89
64 94
95 89
50 95
5 89
5 89
106 70
89 5
89 95
50 95
17 72
5 95
107 13
50 95
95 89
95 50
50 95
5 89
50 5
95 5
89 16
95 5
89 95
95 89
50 95
95 50
14 95
89 16
89 95
5 89
5 50
89 5
95 50
50 95
5 95
50 95
5 89
42 51
89 50
95 89
89 95
5 95
50 89
89 95
50 95
95 89
50 95
123 119
17 64
100 14
5 95
50 95
50 5
95 26
50 43
118 111
50 5
89 91
50 63
50 89
89 50
95 14
95 50
50 5
50 5
5 95
5 89
89 95
89 5
89 95
89 95
50 89
89 50
95 14
95 23
89 95
5 89
89 95
119 123
95 89
63 120
50 95
50 95
89 5
89 5
89 95
5 89
113 58
95 50
89 95
34 65
95 14
5 89
89 95
5 95
89 95
50 59
50 95
15 83
95 92
89 50
89 95
5 50
95 89
95 50
50 95
89 95
95 23
5 63
95 5
58 77
89 95
50 95
89 95
95 93
50 16
89 50
95 5
5 89
50 95
95 89
89 26
89 50
50 89
95 89
95 89
5 73
5 95
89 5
89 5
89 95
89 5
50 5
95 5
95 89
95 50
89 50
5 89
50 95
95 23
95 89
50 95
89 50
5 95
5 89
89 95
5 95
89 5
41 68
95 23
50 95
89 95
95 71
95 89
50 95
89 50
95 89
50 89
50 11
5 95
5 89
89 95
89 95
5 47
95 99
95 50
5 89
89 95
95 89
89 95
89 5
89 95
95 23
89 95
5 50
5 89
95 83
95 125
50 5
5 95
95 89
89 95
63 96
89 95
89 95
50 89
50 65
5 89
89 95
89 5
5 50
5 95
5 89
20 64
89 50
50 95
95 50
50 95
89 5
5 95
89 95
89 95
89 95
5 73
5 95
64 83
95 50
89 95
89 95
95 89
89 5
1 50
95 89
53 89
89 116
89 95
5 107
95 50
89 95
5 89
89 95
64 79
50 5
50 95
5 50
50 49
50 95
50 95
89 95
50 66
89 95
50 95
50 95
89 95
95 50
5 30
95 89
95 89
89 50
5 95
89 95
54 46
89 95
89 95
5 73
107 13
95 89
5 95
95 50
50 95
95 89
95 5
50 5
5 95
50 95
99 104
95 5
89 50
95 89
50 95
5 50
95 50
5 95
89 95
95 89
5 50
89 5
95 5
89 95
89 95
5 95
89 5
50 20
99 19
89 5
95 5
50 95
89 5
50 89
89 95
5 95
95 89
89 50
89 50
5 89
95 89
50 89
89 95
50 95
95 14
5 95
20 8
95 89
50 5
50 125
5 95
50 89
5 89
89 95
95 23
89 95
95 89
5 95
5 101
50 41
50 95
89 95
89 50
50 95
5 95
89 95
95 89
95 50
5 50
89 95
5 73
89 95
5 50
89 95
89 95
89 95
95 5
95 89
95 14
89 95
89 95
95 5
89 95
17 80
5 17
95 89
5 95
89 95
89 95
95 89
95 5
89 50
89 115
63 32
95 23
5 30
95 50
50 95
50 89
50 95
95 116
50 95
89 95
89 95
5 95
5 95
89 95
89 95
50 95
89 5
89 95
95 89
50 95
50 95
5 73
5 50
5 95
95 89
89 50
95 89
95 50
5 95
89 50
50 5
95 50
89 95
89 5
89 95
89 95
89 95
89 5
89 50
89 95
5 89
5 79
89 95
50 95
5 50
89 95
95 89
95 14
89 5
5 50
5 0
74 100
95 89
42 51
41 116
89 95
50 89
95 89
89 95
5 95
89 95
5 95
95 5
89 57
89 50
50 98
5 95
5 95
50 30
95 5
89 5
5 89
95 50
95 89
95 5
89 95
50 95
50 89
89 95
95 50
95 89
17 98
89 95
5 95
99 13
89 50
5 89
95 5
96 104
5 50
89 5
89 5
95 89
89 95
65 63
89 95
14 100
95 110
89 92
89 95
50 95
89 95
89 95
64 48
89 95
95 23
89 50
95 89
5 89
50 89
95 50
50 95
50 5
50 5
99 75
89 95
5 47
17 47
89 5
89 50
95 5
5 89
89 95
50 49
95 5
95 17
99 115
89 50
89 95
95 89
50 89
95 89
50 95
50 94
5 50
89 95
50 5
89 5
5 50
50 14
5 48
89 95
50 89
64 31
95 89
63 96
89 95
89 5
5 95
32 74
95 23
89 5
89 94
95 89
5 95
5 17
89 95
95 89
95 19
95 89
89 5
5 50
95 89
50 95
95 5
50 89
5 95
95 50
5 95
89 95
65 25
95 89
50 89
89 50
50 89
89 50
95 5
89 50
50 95
5 47
89 95
5 95
95 89
89 95
89 95
95 50
5 94
5 95
89 95
95 89
89 26
89 95
5 89
5 89
63 10
95 89
5 43
89 95
89 1
89 95
89 50
50 89
5 89
96 91
5 95
5 50
5 73
50 95
5 95
89 95
89 95
95 50
89 5
5 95
95 1
89 50
89 5
5 50
89 95
89 95
5 64
95 50
5 50
89 5
89 5
5 89
5 89
50 95
5 89
89 20
95 89
95 89
95 50
50 46
89 95
95 89
95 23
89 95
95 50
5 95
95 89
95 89
5 50
5 58
50 95
111 42
64 83
95 84
89 95
5 95
89 50
5 50
95 5
89 95
89 95
95 5
89 95
89 50
50 95
50 17
64 32
5 95
95 5
50 95
89 50
50 5
5 116
95 50
95 23
5 89
89 95
95 89
50 91
89 50
89 95
50 89
5 73
95 14
89 95
5 89
5 95
50 95
98 51
95 89
63 120
95 50
5 89
95 89
89 50
89 13
95 5
5 50
89 95
89 119
89 95
95 89
95 89
89 50
95 89
89 5
95 23
5 89
95 89
5 18
89 95
50 94
5 89
14 95
95 89
89 50
5 95
89 95
95 99
95 89
5 89
50 61
89 47
89 17
89 95
15 79
89 95
95 5
5 89
89 42
50 95
95 50
50 89
5 89
5 95
95 14
89 95
5 95
95 50
89 95
95 89
50 59
125 98
89 95
13 107
125 70
50 95
89 95
50 89
5 50
5 50
50 89
95 89
41 25
64 100
89 95
5 95
89 42
50 118
89 95
95 23
89 95
5 95
89 95
50 95
50 89
5 47
50 95
5 95
95 89
89 50
5 50
5 95
89 95
89 95
50 89
89 50
89 95
95 89
89 5
50 124
89 95
50 95
89 95
95 5
89 95
95 57
5 89
89 5
50 10
95 50
89 95
95 89
95 89
17 21
5 50
15 79
5 89
5 50
89 5
5 95
89 5
5 50
95 14
95 89
50 5
95 5
89 50
5 50
89 57
5 95
5 95
5 95
89 95
50 95
95 3
89 95
89 18
89 95
89 50
50 5
89 95
50 95
95 89
50 89
89 95
89 95
89 95
89 50
95 89
50 57
95 89
95 127
95 89
95 89
95 89
95 89
79 54
89 95
89 95
5 95
50 95
95 5
8 20
89 50
95 89
5 95
5 14
89 50
50 95
89 50
95 5
50 95
5 4
50 5
95 89
50 95
95 5
89 95
14 81
89 95
89 5
5 95
50 89
89 95
89 97
47 5
81 64
95 89
50 95
50 48
20 8
89 95
95 14
89 95
89 95
89 95
89 84
50 95
50 95
89 50
5 95
95 50
89 84
5 89
95 89
89 95
89 95
5 47
5 47
5 95
50 95
89 95
50 89
95 50
50 92
50 95
89 95
5 89
89 50
95 50
5 50
50 95
89 95
89 5
89 50
89 95
5 107
50 75
47 5
89 57
89 95
89 95
89 95
89 95
5 89
89 95
5 89
89 95
95 20
89 95
5 118
89 5
95 5
89 5
95 5
100 119
89 5
5 95
50 95
89 95
50 113
50 95
89 8
5 95
50 95
5 77
5 89
89 95
89 95
5 89
89 95
89 50
95 17
94 89
125 18
50 43
89 95
95 89
14 79
5 95
95 5
95 50
89 95
95 50
89 95
50 95
5 95
5 50
89 5
95 91
89 57
95 89
89 95
95 5
89 95
50 95
95 89
89 95
5 73
89 50
5 95
50 95
89 95
5 89
89 95
95 50
89 95
89 95
89 95
89 95
89 95
5 95
95 42
89 50
89 5
50 95
5 95
89 101
50 45
17 80
95 5
121 8
89 95
89 35
113 58
95 14
56 5
95 5
5 89
50 95
89 95
95 14
5 50
95 5
5 89
95 89
50 95
50 48
5 95
89 47
50 95
50 14
95 89
50 5
95 89
95 89
95 5
95 89
89 95
95 5
5 89
89 95
95 71
89 95
5 95
95 5
95 89
5 95
95 89
50 95
5 89
5 89
89 95
89 95
5 95
95 50
89 95
89 50
32 74
5 73
89 5
65 83
89 50
5 95
50 5
89 95
95 89
89 95
50 111
41 47
5 95
50 95
50 95
89 95
89 3
5 95
89 1
89 95
50 95
95 89
89 95
5 95
89 47
50 89
95 89
50 5
89 95
89 95
50 95
89 95
50 95
5 89
41 15
5 89
95 89
89 95
89 95
5 95
50 95
89 95
41 70
5 93
89 95
89 95
95 89
5 96
50 89
5 95
5 50
95 50
95 89
5 50
95 50
5 38
95 89
41 40
95 89
5 89
95 89
50 104
89 95
50 95
5 50
95 89
89 95
95 72
121 26
89 95
89 5
89 5
5 89
5 50
50 95
89 50
5 95
5 95
95 89
89 95
5 50
95 5
89 50
89 95
89 50
5 95
95 89
95 93
5 95
64 8
5 95
89 5
95 89
15 34
95 14
50 89
89 95
50 95
89 95
89 50
89 95
5 95
50 95
50 95
89 95
95 50
89 95
15 68
89 95
5 89
95 50
95 89
95 50
89 95
89 95
64 120
50 95
5 89
95 50
95 89
5 89
50 95
89 95
5 89
5 95
89 5
5 95
89 73
95 89
95 89
20 8
50 89
95 50
50 5
89 95
5 125
95 23
95 50
50 5
5 50
89 50
95 47
96 113
5 89
50 89
89 5
89 95
118 42
5 89
95 50
95 89
89 50
89 95
5 95
89 5
5 50
5 95
5 79
50 95
50 17
89 95
89 94
5 20
89 50
95 89
89 95
5 50
89 50
89 20
89 95
89 95
5 50
5 95
89 95
5 95
5 50
50 14
89 17
89 50
89 50
5 96
89 95
89 97
95 50
95 50
95 89
5 95
41 80
5 60
51 124
95 89
89 50
107 5
89 95
5 50
5 14
95 89
89 50
89 95
50 95
5 89
89 95
89 50
89 95
15 83
95 89
89 95
5 89
89 95
50 17
89 5
89 50
95 50
89 95
50 5
50 95
50 95
95 50
5 89
50 5
89 95
95 56
89 95
95 55
95 89
89 50
95 89
89 95
89 95
89 50
89 50
89 4
50 95
50 89
89 95
95 50
89 95
95 3
50 21
50 94
50 95
5 73
5 89
5 89
89 5
95 14
95 5
89 95
95 89
95 5
50 95
89 95
5 89
89 95
89 50
95 8
50 89
95 50
50 95
5 50
89 83
50 28
5 50
89 95
5 89
89 95
95 50
50 5
89 95
5 95
95 89
50 5
89 95
89 95
95 89
95 75
50 5
5 98
5 95
95 123
89 95
5 95
5 73
89 95
79 54
89 50
89 95
95 50
95 89
15 34
50 95
118 13
5 50
95 74
50 5
95 83
89 95
95 89
89 95
95 89
5 89
5 89
50 20
50 5
5 73
5 47
89 50
5 95
5 95
41 34
89 95
89 50
89 95
89 95
96 83
95 5
5 95
5 85
5 50
50 28
95 50
89 95
50 95
89 95
95 89
119 100
50 95
5 50
5 95
5 89
50 89
89 50
95 9
95 23
95 50
89 95
89 95
89 95
89 95
89 50
5 95
5 50
50 95
50 5
50 5
5 47
95 89
95 5
89 95
99 65
50 17
81 42
5 95
89 95
95 89
89 10
50 5
89 95
89 95
5 95
5 50
95 5
5 95
5 95
95 5
95 23
89 95
95 89
5 95
5 95
89 95
50 95
5 50
95 50
95 50
50 95
89 95
89 50
95 89
50 95
5 89
5 50
95 5
50 95
95 5
95 5
63 79
95 89
89 5
95 89
95 89
5 73
5 50
89 95
5 95
89 50
5 89
64 65
50 95
89 5
5 95
89 5
5 89
50 5
89 50
63 120
5 89
89 50
95 89
5 50
95 5
89 95
50 95
95 71
89 95
5 50
89 50
50 95
95 5
89 95
95 89
89 95
5 95
95 56
5 20
50 89
89 95
95 89
5 95
89 95
89 5
95 89
89 67
95 89
89 71
50 95
50 95
50 95
5 95
119 123
95 50
50 17
95 23
50 68
95 5
89 95
89 95
50 95
95 23
89 95
89 50
95 89
89 50
89 95
50 95
95 50
20 8
89 95
89 95
95 89
95 89
89 95
5 89
95 89
5 50
50 89
95 89
50 89
89 5
89 42
111 42
14 95
95 23
95 5
89 95
5 95
95 50
89 50
95 50
89 95
95 89
95 89
89 5
5 50
95 89
50 95
5 109
5 89
41 68
95 5
50 57
89 50
50 15
5 95
50 89
50 95
86 50
5 95
95 50
50 5
5 89
89 64
50 84
5 95
50 95
50 95
41 68
5 89
95 89
89 95
95 89
89 95
95 50
5 50
5 89
89 50
5 50
95 89
95 17
5 95
95 5
5 89
50 5
95 115
50 95
5 95
95 50
89 50
89 14
95 8
50 95
5 95
89 5
89 95
95 5
95 5
50 5
95 89
5 95
89 95
89 110
50 95
95 89
89 77
89 50
5 95
89 50
95 89
5 99
5 83
95 89
50 95
89 5
5 89
5 95
50 89
50 15
5 95
89 95
95 50
89 50
89 50
95 89
5 95
68 15
5 95
89 95
95 89
95 5
95 89
95 50
50 95
89 95
89 95
95 5
95 5
50 95
95 5
50 89
5 95
5 89
95 50
5 89
5 95
5 95
50 89
95 79
95 50
89 95
89 3
89 50
15 34
50 95
95 23
50 95
5 50
95 50
89 50
89 95
95 89
95 13
95 50
5 89
5 95
89 95
89 5
5 89
50 5
5 95
89 95
5 89
95 104
64 13
89 95
89 95
5 89
50 95
5 95
50 95
89 50
5 89
50 74
95 5
50 86
5 89
50 5
89 95
95 89
89 0
95 14
5 89
89 5
89 95
50 89
95 14
50 39
95 47
5 95
95 89
58 12
89 95
50 95
50 95
95 89
95 122
89 50
89 95
15 79
95 5
5 73
89 95
95 89
95 89
89 5
95 50
95 97
95 50
5 50
50 5
5 95
5 89
5 95
95 5
50 95
50 95
113 58
89 50
95 83
50 5
89 95
89 5
50 95
50 122
5 95
89 79
70 41
89 95
63 96
50 5
50 89
50 95
89 95
89 5
89 95
121 110
95 50
95 5
5 93
89 95
95 89
89 95
5 64
5 89
89 95
50 89
89 95
89 95
5 47
95 89
95 5
5 42
95 30
5 95
5 95
89 95
95 89
89 5
89 95
123 5
50 71
95 5
83 15
89 50
63 120
89 23
95 50
89 50
89 50
42 51
95 89
95 78
50 95
89 95
50 17
5 50
89 95
95 50
89 5
89 95
89 5
89 5
50 95
50 95
95 89
5 50
89 50
50 5
89 5
5 47
5 118
5 95
95 5
50 29
5 91
95 23
95 89
50 5
89 5
95 89
89 95
95 14
5 89
50 101
95 89
5 89
89 95
89 5
5 89
95 89
95 30
95 5
50 89
95 83
89 95
89 95
89 95
89 95
89 64
89 95
89 5
95 89
5 95
95 50
50 95
95 89
89 95
50 89
95 50
89 50
95 89
89 5
5 89
5 95
5 95
95 57
50 89
89 95
50 89
89 95
95 89
89 95
5 95
5 89
95 14
95 5
89 50
89 95
113 58
95 89
50 5
5 95
95 5
50 63
95 89
5 17
15 34
42 20
42 51
89 95
50 89
89 95
5 89
95 38
89 50
89 5
95 50
89 50
5 95
95 89
50 5
95 50
89 95
95 89
95 5
5 89
51 63
89 95
89 5
89 95
89 95
50 89
95 5
89 50
95 89
5 50
5 95
95 5
50 89
89 2
89 43
95 5
89 95
89 50
89 95
95 50
5 95
50 52
95 89
50 51
89 107
95 89
50 95
89 95
95 36
5 95
89 95
89 95
5 95
5 50
5 95
89 95
95 0
95 23
89 95
89 95
95 89
5 95
5 47
50 95
89 95
89 81
50 89
95 50
95 50
95 5
5 95
95 5
5 50
5 95
89 50
89 95
95 5
51 63
89 67
95 89
5 95
95 50
89 95
89 50
50 97
95 89
89 5
89 50
89 95
5 95
50 95
5 116
89 50
95 89
95 5
95 89
89 95
89 95
95 23
89 95
89 95
50 95
89 95
5 95
95 50
5 47
89 5
89 5
95 50
89 95
95 5
113 58
5 42
5 95
5 50
89 95
5 95
89 50
95 5
5 95
95 89
41 97
95 89
5 89
50 95
95 89
5 95
89 95
50 89
95 23
89 50
5 95
95 50
89 5
5 120
89 95
95 50
50 95
89 95
89 95
89 95
89 50
95 89
95 50
50 124
50 5
50 95
5 119
50 89
89 95
89 102
5 89
95 89
20 64
42 41
5 95
5 95
89 95
5 73
95 50
5 95
50 95
50 84
89 5
50 17
89 5
89 102
5 54
50 38
123 119
95 89
89 95
119 8
89 50
89 50
50 68
89 95
5 95
89 95
64 113
5 50
50 95
41 79
95 23
5 89
95 50
15 83
50 95
95 23
89 95
95 89
95 89
89 5
50 95
89 95
95 45
89 50
63 96
5 95
89 95
89 95
89 5
95 89
5 50
95 50
89 50
89 95
89 50
50 17
5 80
50 95
50 89
5 95
50 89
5 89
50 95
50 95
89 95
95 89
95 89
5 95
50 95
95 5
50 89
89 95
89 77
95 5
89 95
89 95
89 50
89 50
95 89
5 32
5 89
95 89
39 89
89 95
95 89
95 89
5 95
50 95
89 95
89 95
50 95
89 95
95 50
95 119
50 95
95 5
89 95
95 14
95 89
89 50
5 95
95 89
63 79
95 123
95 5
95 89
95 14
50 89
50 89
50 95
50 95
89 95
95 14
95 89
95 23
50 121
5 95
95 5
89 50
5 95
89 62
5 89
89 95
50 95
95 5
89 95
89 95
95 50
95 113
89 50
125 83
50 96
99 49
89 95
95 89
5 95
89 95
89 5
89 50
68 14
5 6
5 50
89 74
95 14
5 50
50 5
95 89
89 95
54 52
95 89
95 89
5 50
89 95
5 89
50 95
95 78
95 50
95 89
50 89
50 95
5 95
50 95
95 5
89 95
89 95
95 23
63 120
5 73
95 89
50 95
50 95
50 95
89 5
89 95
95 50
89 50
89 95
95 50
95 89
5 89
89 95
50 5
5 95
50 89
89 50
89 47
95 5
50 76
95 89
5 95
95 23
89 95
50 91
89 50
50 89
89 95
89 95
95 50
5 95
95 23
5 95
5 95
89 5
89 99
5 89
5 95
50 89
51 60
54 20
89 50
95 50
89 95
95 5
51 92
50 5
89 50
95 89
50 5
95 71
95 50
95 89
50 95
89 95
95 89
5 95
89 94
50 60
89 26
5 89
89 95
50 17
89 5
95 89
89 95
95 89
5 95
42 81
89 43
5 89
95 50
118 13
5 95
89 5
5 89
50 89
89 95
15 79
89 95
5 50
5 50
89 95
95 50
5 89
89 5
95 89
89 95
89 50
89 5
89 95
95 5
95 89
89 95
5 95
15 79
95 89
89 95
95 89
95 89
95 89
95 89
50 30
95 50
89 50
89 95
89 84
95 89
30 64
41 118
89 50
89 5
95 50
89 95
95 5
5 95
50 95
89 95
5 89
95 5
50 95
5 47
89 50
50 89
89 95
5 95
50 12
50 43
89 95
95 89
89 95
95 23
50 89
89 95
89 95
95 5
5 63
95 89
89 50
89 95
89 95
95 89
50 5
89 95
5 71
89 50
95 5
50 5
95 89
95 50
95 89
41 55
95 89
95 89
51 118
95 89
5 95
5 95
50 12
50 95
5 95
50 3
89 50
95 116
50 5
95 50
89 95
50 89
59 96
95 89
5 95
89 95
5 95
95 50
95 50
89 5
95 89
5 89
95 89
95 5
5 89
89 95
89 5
58 50
95 5
89 95
89 95
5 89
5 89
51 80
89 95
89 5
50 95
89 125
89 95
50 95
5 95
5 95
95 89
50 95
63 96
89 95
50 95
50 95
89 5
5 50
89 95
5 89
50 89
94 53
95 89
89 95
95 23
50 5
5 50
89 95
95 5
95 89
89 95
95 60
95 50
89 95
89 50
89 95
50 95
95 89
89 95
89 50
5 50
89 95
50 95
125 86
5 95
89 5
95 89
89 50
89 50
95 5
119 8
5 89
95 5
50 95
5 95
5 95
95 52
50 95
50 95
95 89
79 83
5 95
89 50
95 89
89 95
50 89
89 50
50 47
89 50
5 89
5 34
95 23
89 95
95 89
50 89
95 5
50 125
50 95
5 95
95 50
89 5
95 89
111 70
5 89
64 84
95 89
100 119
89 95
50 95
89 95
95 50
89 50
95 50
50 95
89 95
50 36
54 67
95 50
5 95
50 5
95 89
89 95
89 14
95 19
50 95
5 61
50 89
89 95
50 95
5 89
5 123
50 95
95 50
95 5
83 106
5 95
89 5
89 95
50 118
89 95
