128 10000
89 95
95 89
89 5
5 95
95 89
50 20
5 95
95 89
121 14
89 5
95 89
50 95
89 95
50 89
5 125
50 95
5 47
79 99
95 89
89 95
5 89
95 89
89 5
95 89
95 50
58 24
50 95
50 95
5 89
95 50
50 122
89 95
50 116
15 83
5 50
89 5
89 95
95 77
64 8
50 52
50 95
95 89
95 25
89 50
95 89
89 95
95 14
89 5
50 79
50 5
89 93
95 89
15 79
95 89
125 106
99 121
95 89
50 5
15 41
95 89
89 95
95 50
95 89
89 50
50 17
89 95
50 5
95 50
95 50
50 40
89 95
5 89
5 95
5 95
5 89
5 95
89 95
89 18
5 89
89 5
50 5
89 5
54 112
95 50
15 83
5 95
95 5
5 89
89 5
89 50
89 95
95 50
95 89
95 89
5 89
5 95
50 95
50 5
50 89
5 60
5 59
89 5
50 89
50 89
89 95
95 89
50 5
5 95
95 50
89 95
5 50
50 34
89 95
89 50
89 5
5 95
89 50
95 89
50 55
89 95
89 50
95 5
50 5
50 95
5 95
89 95
95 14
89 95
95 50
95 89
95 5
50 116
95 89
89 95
89 20
5 50
89 5
5 73
50 95
99 89
89 95
51 14
5 95
95 89
95 50
50 95
89 50
89 95
50 95
5 50
89 95
5 118
95 77
5 73
95 89
50 95
5 95
89 5
63 120
89 95
95 110
95 14
100 119
89 95
51 0
95 89
5 89
113 58
50 95
5 98
95 109
95 5
89 95
95 23
95 89
50 95
50 95
95 38
89 95
99 94
95 89
50 95
89 95
95 1
16 5
5 23
89 95
51 63
5 95
95 50
5 95
5 50
89 91
89 95
50 10
89 50
95 14
95 50
89 50
95 89
89 95
89 5
5 95
50 89
95 5
95 50
5 95
5 89
20 64
89 95
95 89
20 8
5 89
89 5
5 50
89 95
5 89
5 95
95 89
95 50
50 52
89 95
89 95
95 89
5 95
89 50
5 89
95 50
5 51
89 95
89 95
95 89
5 89
89 50
5 50
121 20
95 71
89 95
50 95
95 50
95 89
89 95
95 50
5 89
50 95
54 4
95 89
5 50
95 5
95 89
95 50
5 50
5 89
51 80
89 95
5 95
95 84
89 95
89 13
95 5
5 89
50 95
95 14
89 5
89 95
89 5
95 89
50 95
89 70
89 95
95 89
50 17
95 5
50 95
25 100
98 79
50 95
47 89
89 95
95 5
95 5
89 95
89 95
95 50
89 95
50 95
95 5
5 50
89 50
89 95
89 71
95 50
50 95
89 95
89 95
50 95
41 127
89 95
89 95
89 50
81 42
95 89
89 95
89 5
89 5
95 50
89 95
95 89
50 95
50 5
89 95
89 99
50 95
20 123
5 89
95 5
89 95
5 95
64 8
50 95
111 89
5 95
89 3
50 95
95 89
50 95
95 89
95 50
89 95
95 89
89 50
89 50
95 23
95 20
89 50
95 14
50 95
89 95
5 50
51 100
95 79
5 89
95 89
50 95
89 50
25 106
89 5
89 50
106 70
95 89
89 95
50 5
5 95
89 95
95 89
89 5
50 95
89 95
68 5
89 83
5 47
50 89
5 89
111 70
95 89
89 84
95 50
56 5
89 42
89 95
95 50
50 5
5 95
50 5
17 98
13 64
89 5
5 50
50 89
50 89
89 95
95 50
5 95
89 95
50 95
125 79
95 5
89 95
95 89
5 95
95 89
50 92
89 95
50 89
5 95
89 5
5 50
89 5
5 95
20 64
89 50
50 95
89 5
50 23
95 89
89 50
89 95
125 80
89 5
113 58
5 47
5 50
95 89
95 50
89 77
50 95
17 80
5 99
89 95
89 5
95 50
89 95
95 5
95 50
50 89
95 5
50 95
89 95
95 14
5 50
95 89
89 95
95 89
95 23
89 95
89 95
89 95
100 14
89 22
89 95
89 65
89 95
95 50
89 50
5 95
5 95
89 5
111 70
89 95
89 50
5 73
89 23
89 95
89 50
89 5
89 95
95 50
95 89
5 126
50 26
89 5
95 89
50 95
50 5
95 5
50 89
95 89
89 95
89 95
89 50
5 89
5 95
50 95
5 68
95 5
89 95
50 5
99 116
95 117
5 89
89 95
50 89
50 89
89 95
95 89
50 95
5 50
50 95
95 5
121 83
5 95
50 99
95 89
89 63
89 95
89 95
95 89
89 95
89 50
89 95
89 95
89 95
89 50
89 50
89 95
89 95
89 95
95 10
95 50
89 84
64 8
89 95
100 14
95 89
89 5
50 89
50 95
50 95
89 5
5 95
5 95
5 95
89 5
50 63
89 106
89 50
5 95
89 95
5 50
95 89
95 89
89 50
95 89
95 5
89 5
95 50
50 95
89 95
5 95
95 89
89 95
5 50
95 89
95 5
95 89
89 5
89 95
89 50
5 89
95 89
89 50
89 5
38 50
95 89
95 50
89 117
89 95
89 95
5 99
95 89
5 89
5 89
89 95
89 95
50 95
89 95
95 89
50 95
89 95
89 5
50 95
5 95
5 51
5 50
89 95
5 50
89 95
5 95
95 23
95 5
50 89
95 5
89 20
95 50
95 50
5 95
89 50
5 95
89 5
89 95
5 95
89 95
5 95
95 50
5 71
89 95
89 95
89 50
5 95
89 5
5 125
95 23
50 5
89 95
89 5
89 95
50 16
95 50
89 95
99 0
5 95
89 50
95 5
95 89
89 95
50 95
5 118
95 5
95 89
89 50
63 96
89 95
95 5
95 23
50 5
5 89
5 89
95 89
89 5
89 95
89 95
95 50
95 89
89 50
95 5
95 50
95 89
50 5
89 95
89 71
5 120
5 95
50 95
89 116
5 89
89 5
89 50
5 89
89 23
50 5
95 89
95 23
5 95
54 106
5 89
95 89
89 50
13 107
5 50
50 95
89 95
95 89
95 89
95 89
5 89
95 23
50 95
95 5
95 50
95 89
89 95
50 52
89 95
89 95
89 95
50 126
89 95
50 99
50 83
89 95
5 89
89 95
89 50
50 119
50 95
50 95
5 95
95 122
89 55
89 95
50 95
50 5
95 89
89 95
94 118
64 53
95 50
89 95
89 50
125 72
95 123
89 95
95 50
89 95
5 95
89 95
15 83
50 95
89 95
95 89
5 60
95 89
89 50
15 79
100 119
5 89
89 5
50 85
107 13
25 33
56 5
95 50
89 95
89 5
50 95
95 89
89 95
95 89
119 123
89 95
95 23
50 95
5 50
89 32
13 107
95 5
95 94
95 89
89 5
5 89
5 95
89 95
89 95
95 89
5 89
95 50
50 95
5 95
5 89
63 42
89 41
95 89
5 50
89 5
95 50
5 50
95 89
89 80
50 89
89 5
95 89
95 89
95 5
89 50
95 50
89 5
95 5
50 104
95 89
89 95
95 50
5 50
95 83
50 89
89 50
50 95
95 96
5 119
5 95
89 20
99 95
20 8
95 89
95 74
89 95
95 50
95 89
95 30
89 116
89 5
50 117
89 50
5 95
95 89
89 95
89 95
89 56
95 89
5 50
50 95
89 95
95 14
95 94
5 89
42 5
89 95
89 50
125 83
95 89
89 95
50 5
5 50
95 50
89 5
50 89
95 89
95 5
95 5
50 95
89 95
47 20
13 64
50 95
89 95
89 95
95 50
95 5
95 89
95 89
89 95
95 50
89 95
89 95
95 5
95 50
5 95
5 95
89 50
89 95
5 89
5 89
89 50
50 5
89 95
89 95
94 5
89 95
95 5
96 26
5 95
50 4
5 95
96 11
89 18
95 50
89 5
50 31
99 11
89 95
5 89
5 89
5 50
89 95
89 95
50 95
89 95
5 89
50 5
5 89
95 50
5 89
95 89
5 95
95 10
89 95
89 95
89 95
95 5
89 95
50 118
50 17
89 5
5 50
95 50
95 89
89 95
89 95
5 50
50 89
89 95
95 89
5 95
89 5
89 95
89 50
89 95
5 50
89 41
89 95
95 14
50 95
89 50
5 50
89 95
89 5
5 50
50 5
95 89
89 95
95 89
95 50
107 13
89 54
95 50
95 89
50 95
95 83
41 56
50 95
5 95
89 50
89 50
95 5
89 95
89 95
89 5
5 73
15 83
5 95
5 91
95 89
89 23
89 5
50 31
89 95
95 14
5 89
5 95
50 89
5 95
89 95
50 89
89 50
89 5
41 56
89 95
89 95
5 123
50 89
89 95
50 95
96 83
5 50
5 73
123 119
95 89
50 95
50 89
95 50
50 79
89 95
5 56
50 89
89 95
5 75
50 95
50 95
5 50
50 95
89 95
95 89
5 50
5 95
17 125
95 14
125 94
50 95
89 95
50 95
50 89
89 50
5 89
50 95
50 95
95 50
95 14
50 89
89 5
95 89
95 50
118 42
95 89
89 95
95 89
89 95
89 79
5 95
5 95
89 29
95 5
89 50
50 95
89 1
5 95
50 95
95 50
89 50
89 95
95 50
89 50
5 50
5 95
50 124
89 5
95 50
5 95
95 50
5 95
89 95
50 95
95 125
89 95
5 50
89 95
89 95
95 50
89 5
95 89
5 123
50 89
100 119
89 54
89 50
89 95
50 95
95 89
89 95
89 50
5 95
89 95
80 50
5 95
89 42
89 5
89 93
125 36
89 95
89 5
89 95
50 89
50 89
89 5
89 5
89 95
50 99
95 89
5 73
89 95
89 5
95 50
89 95
95 89
15 34
83 64
50 42
50 95
95 50
89 5
89 50
95 23
89 95
89 71
5 34
95 89
89 95
89 95
89 95
50 89
50 95
95 89
5 89
89 95
89 95
89 50
50 95
95 89
50 5
95 89
5 95
5 73
95 23
96 93
95 50
89 95
95 50
64 97
95 5
89 95
5 8
95 50
89 50
95 50
95 89
89 50
89 107
95 50
95 23
5 89
89 95
95 54
50 95
89 64
5 4
5 50
5 95
89 77
50 95
89 95
95 89
5 94
89 95
5 99
89 95
41 6
89 50
95 10
95 23
50 95
5 50
5 95
50 76
89 4
95 5
64 9
95 50
95 5
95 89
95 78
5 95
50 10
50 19
50 89
95 89
50 95
89 95
95 5
95 98
81 42
50 5
50 61
89 95
89 5
5 102
50 12
89 107
89 50
94 25
50 89
5 95
95 89
89 95
50 5
50 95
89 95
50 5
50 8
89 95
50 116
95 83
95 50
5 47
89 50
95 38
89 95
89 117
89 50
50 95
50 83
5 95
20 64
50 95
95 89
89 95
50 95
89 95
95 30
50 95
50 89
89 99
89 95
89 95
95 5
5 95
5 95
89 95
5 89
95 89
89 50
89 95
95 50
89 95
68 15
41 68
89 95
5 89
89 50
89 95
95 89
89 5
5 95
5 89
5 50
5 89
5 96
50 89
99 23
50 5
89 95
50 95
123 50
50 5
89 95
99 120
5 89
64 119
50 95
50 95
5 89
95 14
14 81
89 5
13 81
5 50
50 89
50 5
5 95
5 89
89 5
5 73
89 95
95 5
5 89
95 23
89 83
95 78
95 89
89 95
95 92
89 5
89 95
89 5
50 95
121 70
5 95
89 50
64 2
89 95
95 5
89 95
95 50
5 95
95 89
89 5
95 89
89 95
89 95
95 89
95 50
5 89
89 50
95 89
5 50
89 95
50 20
95 50
89 50
95 23
50 95
95 8
89 5
89 95
5 50
50 95
89 95
5 95
89 5
95 89
89 95
95 14
89 5
25 100
5 95
89 50
89 50
50 95
5 95
95 93
95 50
89 95
5 95
89 50
5 95
95 5
89 5
54 61
89 5
95 50
5 0
95 50
5 110
89 95
95 50
50 5
89 95
95 5
50 95
50 89
5 95
50 95
89 95
89 95
89 50
50 95
95 23
50 124
89 95
89 50
50 5
5 95
89 95
89 5
95 89
89 95
99 127
89 50
50 89
95 89
95 23
95 89
95 89
50 89
89 50
95 89
95 50
96 53
5 47
89 95
89 5
89 50
89 50
17 63
5 73
95 5
50 89
50 89
95 50
5 73
89 95
95 5
15 34
5 0
50 95
50 79
89 5
5 47
5 95
95 89
5 50
125 23
95 50
95 5
5 89
5 89
5 86
15 79
5 95
5 47
95 5
89 95
50 95
89 95
50 39
5 95
50 95
89 50
89 95
95 5
89 50
5 50
5 50
5 95
89 95
89 50
89 5
95 98
89 5
5 89
5 1
89 5
50 95
54 83
81 100
89 95
50 95
89 95
95 14
5 95
5 95
89 50
95 50
89 50
89 95
50 95
89 95
5 95
50 82
95 50
5 47
5 89
89 95
89 95
89 95
89 72
54 50
95 89
95 50
89 95
95 89
89 95
20 64
89 95
89 95
95 89
95 50
95 89
89 95
95 50
5 95
5 95
94 33
5 34
89 50
5 95
95 89
89 95
5 50
5 89
89 95
95 23
89 50
5 89
89 94
95 93
68 15
5 95
95 50
50 89
121 0
89 95
95 50
89 5
95 89
95 50
89 50
5 89
99 118
50 95
94 115
5 95
5 89
5 3
5 33
5 89
5 95
5 89
89 95
125 4
95 89
89 95
5 99
89 5
89 95
5 95
50 89
80 50
95 23
5 63
89 95
95 75
5 118
95 89
95 79
5 89
95 5
5 95
80 50
89 95
89 50
89 95
42 95
50 95
95 89
89 5
50 5
89 95
5 95
5 89
89 5
5 113
5 50
89 95
95 89
89 95
5 95
89 95
5 47
50 95
95 89
95 89
5 95
89 95
95 89
89 21
95 89
5 89
89 50
89 95
5 89
50 17
95 89
95 89
50 95
5 95
68 41
5 89
50 71
95 14
50 95
50 89
5 73
95 5
95 5
50 95
125 80
5 95
50 5
95 50
5 47
5 89
95 50
5 73
50 95
50 5
95 14
50 79
50 89
95 50
89 95
95 89
5 95
50 95
89 95
50 115
95 89
89 84
50 5
5 50
50 95
89 28
95 89
95 50
89 95
89 56
89 95
95 23
89 95
89 95
89 5
5 89
89 102
89 62
89 95
5 89
89 50
89 50
95 89
89 5
50 95
89 50
89 80
5 95
89 95
95 14
95 23
95 5
50 5
50 95
95 5
96 18
89 95
95 89
89 50
89 72
50 95
94 113
95 89
89 95
5 50
95 89
89 110
89 95
5 89
5 47
95 14
50 95
95 50
95 14
95 50
15 34
95 89
89 5
89 95
50 95
89 5
95 83
89 5
95 5
50 5
5 50
5 97
50 95
89 95
95 5
50 22
95 50
50 95
95 50
89 95
5 50
5 89
89 95
89 50
5 102
89 5
95 5
89 95
89 95
95 89
50 95
89 5
5 95
95 5
95 89
50 5
89 95
95 89
89 95
89 95
50 5
95 89
14 81
50 89
5 50
5 95
89 95
50 5
95 5
89 95
50 95
89 2
89 95
89 95
95 50
95 50
95 89
95 5
89 95
95 14
89 50
89 5
5 50
89 95
89 5
89 95
89 95
89 50
95 63
89 5
89 95
95 50
50 95
89 95
89 95
64 83
89 95
95 5
5 73
107 13
50 82
64 126
89 95
95 89
89 95
95 14
89 50
95 0
95 50
65 93
95 89
89 5
95 89
5 89
89 50
50 6
89 95
89 95
50 95
89 95
89 5
89 95
95 89
89 5
5 89
89 95
95 50
89 95
50 17
89 95
50 89
95 5
50 95
60 99
95 89
50 5
5 89
95 5
5 70
89 95
95 29
5 73
95 89
5 89
89 95
42 51
95 5
50 95
42 51
89 50
89 95
50 5
89 5
5 78
5 95
95 23
89 95
5 89
95 89
95 14
89 95
95 23
20 8
5 50
89 95
50 89
89 95
89 35
89 95
95 5
95 4
89 5
95 50
5 68
95 89
95 89
89 111
95 5
95 89
50 95
89 95
89 95
95 89
89 5
5 42
89 95
5 73
95 50
89 95
89 95
95 89
63 120
5 102
50 0
5 50
63 96
5 3
51 16
5 74
89 5
89 95
5 89
89 95
95 89
95 89
95 89
50 95
125 80
89 95
95 5
89 5
95 5
50 95
95 89
95 5
89 95
95 50
5 89
50 95
95 5
95 89
89 50
100 119
89 50
5 95
5 50
89 50
50 95
95 89
50 5
50 5
95 49
50 95
89 95
50 95
89 5
95 50
5 95
89 95
89 95
5 95
5 50
89 95
50 95
89 95
95 89
89 50
23 95
5 95
95 5
89 50
50 116
95 5
95 89
89 95
50 12
89 95
95 89
89 95
95 89
50 43
50 95
89 95
5 28
89 57
89 38
89 50
50 5
95 5
89 5
89 50
89 5
50 125
89 5
95 89
95 89
5 89
89 95
50 95
50 88
95 5
89 95
89 95
95 89
95 5
95 14
89 95
95 89
89 95
89 95
99 40
95 5
89 95
5 95
5 34
95 5
89 50
50 2
95 50
5 95
5 95
89 95
50 89
89 95
89 5
100 119
95 89
5 63
89 71
5 89
73 89
89 50
95 23
89 50
5 95
95 50
89 50
89 99
89 5
5 89
5 50
47 5
25 5
89 5
50 95
95 50
50 89
89 5
89 95
89 95
5 50
5 65
50 89
68 15
89 95
5 95
89 95
5 95
95 89
96 89
89 75
89 95
5 89
5 95
95 89
50 95
5 95
50 95
95 50
95 50
5 42
5 50
89 45
95 5
89 95
50 95
5 95
5 73
89 95
50 95
95 89
89 95
50 95
117 89
58 24
89 5
89 5
89 95
15 83
89 95
95 5
95 89
50 89
95 50
89 5
89 95
95 5
5 98
95 79
5 89
89 5
5 95
89 5
50 5
89 95
118 13
89 5
89 95
89 95
5 89
95 74
95 13
89 95
95 50
50 95
89 50
5 95
89 50
89 50
95 89
89 95
95 89
50 95
89 50
50 95
5 95
50 95
50 89
95 14
89 50
95 123
50 95
89 95
5 95
50 82
95 89
50 95
50 23
95 123
5 89
32 47
63 120
89 95
95 89
5 95
89 95
50 89
95 89
89 5
5 50
89 95
50 89
89 78
50 5
89 5
5 116
89 63
50 95
95 50
89 95
95 50
95 5
95 50
95 89
5 95
50 95
50 5
89 95
95 89
95 89
41 22
106 70
89 95
89 95
50 95
89 95
89 30
89 95
5 73
5 95
89 95
5 50
89 95
50 98
95 89
89 95
94 60
5 95
50 52
89 95
89 95
95 89
95 89
5 95
89 50
95 23
5 95
50 79
106 83
5 50
95 50
5 89
95 41
50 75
89 95
50 95
50 95
95 89
95 5
95 89
89 95
5 50
5 74
5 89
89 95
89 68
50 22
89 95
5 95
5 89
95 8
89 94
95 123
89 5
50 5
95 89
50 89
41 88
51 58
50 89
95 89
89 50
5 47
95 89
5 47
89 95
95 50
89 95
89 95
89 95
95 89
50 116
89 5
5 95
89 95
50 95
51 14
50 95
89 95
5 89
79 83
95 30
89 5
100 119
89 50
89 95
95 89
89 95
95 89
89 95
89 95
89 50
14 81
95 50
5 95
50 95
89 5
50 84
89 31
95 89
96 123
5 50
89 95
50 5
5 50
51 100
89 95
50 95
5 89
95 50
95 5
5 73
5 95
5 50
95 14
89 5
95 89
50 95
89 95
89 50
95 89
5 89
95 89
89 95
95 89
95 89
50 95
5 95
89 50
5 50
50 5
89 50
63 86
89 95
95 89
95 50
94 92
95 89
50 95
95 5
50 95
89 95
5 89
89 95
89 5
5 95
89 5
89 95
95 14
89 95
89 95
95 5
5 17
5 89
50 95
89 50
5 95
5 47
63 120
5 73
89 95
32 74
5 95
89 31
100 119
89 95
95 5
50 44
95 50
89 95
89 95
50 95
50 5
95 89
95 89
89 95
125 12
89 50
89 95
5 89
89 5
95 89
95 89
5 95
95 89
89 95
100 14
50 95
5 50
41 121
89 95
89 5
89 50
89 119
5 95
89 95
50 5
89 95
95 5
50 89
95 5
95 119
89 95
89 5
50 95
89 95
50 95
89 5
50 95
89 95
5 47
89 95
89 95
95 50
89 95
5 17
50 89
50 3
89 95
89 95
50 5
89 118
50 5
89 50
5 50
50 89
50 89
89 95
20 121
118 42
89 5
95 89
89 50
89 95
5 95
50 92
81 64
89 95
5 50
125 46
50 95
95 89
95 5
95 50
95 113
5 50
95 92
89 109
64 99
121 114
50 95
50 89
107 13
64 83
89 18
95 50
89 5
50 89
50 95
121 44
95 50
89 95
50 17
50 89
50 95
50 95
95 50
95 89
5 89
58 79
5 95
89 109
89 95
50 95
89 95
5 95
80 79
95 5
95 89
50 34
5 71
5 95
15 83
89 115
119 8
89 95
5 50
50 5
50 95
89 95
5 73
95 5
5 89
89 95
95 5
95 89
50 5
95 5
89 95
89 97
89 95
89 95
89 94
95 89
50 89
5 95
50 95
89 95
89 95
89 95
63 96
89 13
5 50
89 95
95 14
89 95
95 50
5 83
89 5
95 14
89 95
89 95
79 80
5 95
89 95
89 50
5 95
5 50
95 47
95 23
89 95
5 89
95 50
95 89
89 95
89 95
95 50
89 50
50 95
95 89
100 119
95 5
113 58
42 51
54 36
63 120
5 89
50 95
5 89
64 45
5 50
20 121
5 95
50 5
89 5
50 95
95 89
89 5
89 95
50 95
5 50
95 23
5 95
89 95
5 50
89 95
95 5
5 95
95 89
89 95
95 50
89 5
95 89
89 42
5 95
89 50
89 5
89 95
5 93
5 95
50 89
50 95
5 50
89 18
89 29
95 5
89 95
5 93
89 95
15 34
89 95
5 50
95 89
50 5
95 5
95 23
89 50
95 89
58 77
95 89
5 116
50 95
95 89
50 89
5 95
5 89
89 95
50 89
5 95
5 50
95 79
15 83
95 89
95 38
50 95
89 95
50 5
95 89
89 95
5 89
95 5
50 95
95 14
111 42
89 5
95 89
50 95
89 5
5 89
5 50
5 89
89 95
95 99
50 95
5 47
95 71
5 89
13 107
5 95
96 31
50 95
89 95
50 127
63 120
89 5
5 89
89 95
5 89
95 5
50 89
95 89
89 95
5 47
5 50
5 118
89 95
89 95
89 5
50 89
95 50
68 15
89 95
95 89
5 74
89 95
89 50
95 50
89 50
50 22
50 26
95 89
95 89
5 89
5 73
50 95
89 50
89 95
5 95
89 5
95 89
50 95
5 50
5 121
50 89
50 89
50 93
5 73
50 74
50 95
50 89
125 98
50 95
89 50
95 50
5 119
50 89
89 5
89 50
89 5
118 65
50 29
89 53
50 95
5 95
89 84
89 5
50 80
89 95
50 5
89 50
95 50
50 89
50 95
89 95
89 95
125 98
14 100
89 5
5 94
50 95
50 89
89 5
95 23
50 89
95 50
89 116
5 89
5 14
89 95
5 50
89 102
89 50
95 5
5 95
95 89
5 95
5 50
95 89
89 95
5 95
50 95
89 92
5 95
89 95
96 36
89 50
95 50
89 95
89 5
89 5
89 50
5 73
89 29
64 83
50 23
58 113
50 5
89 50
95 117
5 50
95 89
89 50
5 47
50 127
5 95
95 50
89 95
5 89
95 23
5 95
89 5
50 95
89 95
5 68
95 89
95 5
89 95
5 89
95 101
89 95
95 89
5 89
50 95
95 50
95 89
5 89
95 5
50 95
50 89
89 50
95 89
89 5
50 56
89 95
89 95
118 13
63 96
125 101
95 50
50 95
89 95
95 5
50 95
68 15
89 95
89 64
50 5
95 117
5 89
95 89
5 89
89 95
34 65
15 34
89 5
89 50
5 50
95 5
89 50
95 50
28 5
89 95
89 50
89 95
5 95
50 95
5 50
95 50
89 50
50 5
5 89
95 89
5 50
50 95
89 95
41 120
5 79
50 13
51 73
89 50
50 95
89 50
50 5
64 0
89 5
95 50
89 95
95 5
50 89
50 5
89 50
89 95
95 5
106 83
5 16
95 73
50 95
50 5
95 5
89 5
95 50
5 50
5 95
89 95
95 5
50 95
50 95
5 23
89 95
95 50
5 95
95 23
89 21
89 95
89 95
89 95
50 95
63 5
63 120
89 50
89 95
95 50
95 89
89 5
89 95
89 95
89 5
89 95
125 79
89 57
17 80
50 48
89 95
89 95
5 50
89 95
89 5
89 95
50 95
5 95
95 50
96 119
89 95
95 5
5 82
89 113
113 58
5 89
5 95
5 89
5 53
89 95
89 95
89 95
89 5
50 33
50 95
89 50
5 89
50 82
89 95
50 5
95 50
95 23
5 57
50 95
50 95
89 95
95 23
94 99
5 50
89 50
89 5
95 89
95 102
50 89
95 50
50 95
5 102
89 95
95 50
95 5
89 50
89 95
89 5
95 50
5 50
89 5
89 95
89 95
89 83
5 95
81 64
89 48
89 5
89 95
89 5
17 0
95 89
89 36
89 95
95 89
89 95
25 106
89 5
5 95
99 12
95 50
5 47
95 89
41 49
95 89
5 95
50 95
5 89
89 95
100 119
50 95
89 95
95 89
5 52
5 107
89 95
118 42
5 89
95 89
95 89
95 89
95 89
95 89
89 50
95 50
50 92
95 89
50 95
89 95
41 116
89 95
89 95
5 95
95 5
96 53
89 95
95 89
94 22
50 89
95 89
89 95
89 50
89 95
95 89
95 89
5 50
5 95
5 8
5 73
50 5
89 95
89 95
42 98
95 89
89 50
95 50
89 50
89 95
89 95
95 89
5 89
89 95
50 126
95 89
89 95
5 89
95 50
5 50
5 95
68 41
95 89
89 95
50 95
96 100
95 89
50 95
95 89
95 89
50 5
5 95
89 95
5 89
95 89
5 89
95 94
50 95
95 89
5 89
95 89
5 95
50 89
89 5
50 21
95 50
5 95
5 47
54 12
5 95
89 95
5 50
95 5
50 5
50 95
50 95
50 95
5 95
95 23
17 68
50 95
89 95
50 71
89 95
89 95
50 95
95 50
50 107
95 50
59 80
50 53
89 95
95 5
50 89
50 95
89 5
95 89
95 89
89 50
50 95
15 79
5 50
89 95
5 47
89 50
5 50
95 89
89 23
50 5
95 89
95 50
95 89
89 50
50 89
5 50
95 89
5 95
89 50
50 89
5 89
89 95
50 89
95 89
95 89
5 50
5 50
89 95
95 50
95 50
95 89
89 95
5 50
95 89
95 50
89 5
89 73
89 95
64 48
50 95
95 5
89 50
95 14
5 95
89 95
89 97
95 50
89 16
5 76
5 95
50 89
5 79
89 95
95 23
95 89
89 50
50 100
95 14
5 118
125 117
89 95
95 89
95 89
89 95
89 50
95 89
5 95
95 50
5 50
89 95
50 95
95 89
89 95
50 95
89 95
51 42
5 50
95 89
50 95
89 60
95 89
89 95
95 50
50 95
95 89
50 95
89 95
95 23
50 8
89 95
5 89
89 95
5 54
89 95
89 95
89 95
89 95
50 89
5 89
89 5
95 50
5 89
89 95
95 89
50 95
95 5
5 95
95 89
95 50
50 23
50 95
50 89
89 95
5 95
95 110
5 95
5 9
95 89
89 95
5 95
17 121
89 95
89 95
95 50
89 50
95 50
121 21
17 95
5 95
89 95
5 8
95 5
89 5
89 5
51 63
89 95
42 89
13 107
89 95
95 50
89 118
50 89
89 95
89 95
5 73
5 50
5 95
50 100
5 95
89 95
95 14
5 89
95 5
89 50
89 95
89 50
95 23
50 89
95 89
95 50
42 81
50 95
68 41
95 5
89 50
89 95
5 89
5 98
50 95
5 95
41 86
89 50
89 50
5 73
5 89
89 95
95 5
89 95
50 95
5 50
95 50
50 47
89 50
95 89
95 89
89 74
5 95
95 89
95 5
95 14
5 89
95 89
15 83
5 83
95 89
5 89
89 95
50 95
5 89
95 89
50 5
95 5
50 95
89 95
50 5
95 89
50 95
5 50
15 79
89 50
95 50
95 56
5 110
5 89
95 51
119 5
50 89
89 95
95 89
89 95
95 50
5 95
89 95
5 95
5 89
95 5
95 89
50 95
89 95
41 66
5 95
5 95
50 89
50 95
95 96
5 95
89 115
50 89
5 89
95 50
89 50
89 95
5 95
50 5
99 20
5 47
41 8
50 95
89 95
89 50
50 95
95 89
79 100
89 95
50 95
5 89
5 50
95 5
89 95
89 50
5 89
5 99
5 50
95 50
62 17
95 89
5 95
95 89
5 95
95 14
5 95
95 68
50 89
95 89
5 95
95 5
50 89
89 95
95 50
5 73
5 95
50 5
89 50
95 5
17 80
95 5
5 50
89 93
50 120
20 8
5 95
89 5
50 5
15 34
89 5
95 50
89 5
5 89
89 95
89 50
89 5
95 89
89 50
89 50
95 89
95 89
89 23
95 5
89 95
89 95
95 89
20 8
89 5
50 95
89 95
89 50
89 95
95 89
50 95
50 89
95 50
89 50
50 17
50 5
89 95
50 95
89 50
95 14
95 5
5 50
89 95
5 50
5 95
5 23
89 95
89 50
68 41
113 58
50 89
79 54
89 95
95 89
89 95
89 95
63 120
5 50
89 95
89 95
95 19
89 50
5 89
89 50
113 58
89 95
89 95
89 5
64 45
95 50
41 57
89 50
95 5
89 95
5 116
5 95
95 50
89 95
89 50
95 50
5 89
99 64
89 95
118 13
50 4
50 95
5 47
95 89
5 95
89 95
95 89
89 95
95 14
89 5
89 95
5 95
89 50
89 95
95 50
125 105
50 95
89 5
58 113
95 50
5 50
89 5
89 95
95 83
89 95
5 95
5 95
89 95
95 50
5 50
89 95
95 89
89 50
89 95
50 95
95 5
89 95
5 47
89 95
89 95
89 95
95 14
95 89
95 50
50 89
95 89
89 95
68 15
95 50
50 5
5 95
95 50
89 95
89 111
89 95
5 50
50 21
89 95
89 95
89 95
95 5
50 43
5 42
89 50
89 95
89 95
5 50
50 95
5 95
5 54
95 50
17 28
50 95
95 89
89 50
89 95
89 50
95 89
5 95
50 95
89 5
89 50
89 95
89 95
50 14
95 50
50 95
5 95
95 38
50 95
89 95
50 95
89 5
5 10
50 89
41 23
95 89
95 89
71 5
96 16
5 95
95 23
36 89
50 5
113 79
5 95
50 95
95 50
5 89
95 5
95 89
95 89
95 89
5 96
95 89
51 47
50 89
95 50
5 95
95 89
89 95
95 50
50 95
50 5
89 5
5 47
95 23
5 95
95 89
95 50
89 95
50 99
95 89
5 95
89 50
89 95
95 89
95 5
95 5
50 89
89 5
95 50
50 47
5 73
95 89
50 5
89 95
89 50
79 80
89 5
15 83
95 89
95 50
89 5
95 89
50 95
5 89
125 95
89 95
89 95
89 50
89 95
50 89
50 13
50 95
50 89
5 95
89 50
89 47
89 95
89 95
89 50
95 50
50 5
50 5
89 5
89 95
95 89
107 13
95 116
95 89
89 95
95 50
5 95
89 95
89 95
50 66
89 95
89 95
50 95
89 50
89 50
95 50
5 63
95 50
89 5
89 95
50 95
95 89
95 89
89 95
5 95
50 89
5 50
50 95
5 95
89 95
89 95
89 8
89 95
95 58
5 51
5 50
89 95
89 95
50 89
89 123
89 5
50 95
95 89
95 89
95 50
5 73
89 95
50 54
95 50
5 89
5 95
121 83
5 89
107 13
95 47
5 89
5 73
89 95
89 50
42 81
89 50
95 89
89 92
95 5
5 95
95 89
95 50
5 50
54 63
89 50
89 95
89 95
50 17
5 47
95 89
50 5
95 5
89 95
89 50
95 50
89 95
89 95
89 95
50 95
89 95
89 50
50 5
5 89
95 50
20 123
50 95
89 5
50 89
50 95
5 95
89 95
95 89
50 89
89 5
95 50
95 89
89 95
89 71
54 118
95 50
95 5
50 95
5 95
50 95
50 95
5 89
50 89
50 95
89 95
95 89
95 89
95 23
5 41
50 95
50 89
95 89
50 95
89 95
5 95
5 50
95 71
89 95
89 95
89 95
95 5
89 95
95 89
95 83
5 95
89 95
5 89
89 95
5 50
50 114
115 50
89 95
89 50
95 14
89 95
95 89
89 1
95 50
89 5
95 5
5 89
50 102
5 123
20 8
89 95
89 5
95 89
95 5
5 89
89 95
95 89
50 95
95 50
5 95
5 95
89 95
50 95
5 95
95 89
89 95
83 106
50 95
89 83
89 50
50 115
89 95
50 4
95 50
89 50
89 50
50 89
50 95
5 95
5 76
95 89
89 95
50 89
50 89
89 95
95 5
95 5
50 95
50 95
63 79
95 77
95 89
50 57
95 89
95 89
89 68
50 95
50 95
89 95
50 29
50 95
81 42
95 5
64 83
89 95
5 73
50 89
95 5
89 95
50 95
100 119
5 95
89 95
5 95
89 95
95 89
95 5
89 95
89 95
95 89
95 50
89 102
89 95
89 5
5 89
5 50
51 18
95 89
95 50
95 50
41 70
95 89
50 65
95 50
89 50
89 95
89 95
15 34
5 110
95 18
5 89
95 23
89 95
89 50
95 89
89 95
89 10
99 16
95 79
89 95
95 50
95 5
89 95
89 50
89 95
95 50
5 47
89 95
50 95
89 95
95 89
50 95
89 95
89 48
89 5
89 50
89 95
95 89
5 89
54 31
95 89
5 123
95 89
5 95
95 5
15 83
50 5
50 5
50 5
5 95
94 125
120 5
89 95
89 50
50 3
94 5
89 95
50 113
95 5
50 98
5 89
95 89
95 89
89 95
95 89
95 89
95 50
5 47
65 126
89 95
50 89
50 89
95 50
89 95
89 5
5 95
41 68
89 95
5 50
89 5
50 3
5 89
51 11
5 95
34 23
5 89
89 47
95 89
95 50
95 92
5 95
89 50
50 95
95 50
95 89
5 95
64 121
50 89
50 89
5 117
5 89
5 89
20 64
118 13
125 59
5 47
50 95
89 95
5 50
89 95
50 95
95 23
89 95
95 23
5 95
89 95
68 15
95 23
95 5
89 95
95 50
95 89
89 5
89 95
95 5
95 89
5 50
5 95
95 50
95 5
89 95
5 89
5 89
89 95
89 95
64 0
89 95
50 111
50 5
89 95
5 50
95 89
95 89
5 35
5 95
95 89
5 95
89 95
50 95
20 64
95 5
50 93
95 89
89 95
89 95
95 89
95 89
89 50
50 95
5 100
89 95
95 89
95 89
50 95
95 50
59 5
50 33
5 95
5 89
95 5
89 50
89 50
89 50
50 17
50 89
95 50
95 50
50 17
50 95
89 119
89 95
50 89
89 23
96 5
89 95
95 5
95 5
50 89
50 5
89 95
95 89
5 25
89 95
89 95
89 95
95 89
5 47
5 50
5 95
5 89
5 89
50 5
5 50
50 89
95 89
95 50
50 89
89 28
89 95
95 23
95 89
89 95
89 50
95 54
89 73
89 95
89 50
89 95
95 10
95 50
89 95
95 89
89 95
5 89
89 95
89 95
5 95
89 95
5 89
95 5
50 31
50 89
5 50
95 25
125 80
89 50
89 95
95 50
89 50
95 89
89 50
5 89
5 50
89 95
50 45
89 50
89 95
50 95
5 96
89 95
95 89
89 95
5 95
50 89
95 50
5 95
95 115
5 89
95 0
5 95
5 47
50 95
5 50
95 50
83 15
5 73
95 89
95 89
5 95
95 104
5 95
95 23
89 95
5 89
89 79
5 89
89 74
89 95
95 5
95 14
95 89
17 118
89 50
89 95
73 5
50 95
5 95
50 95
95 89
5 95
89 95
95 5
5 18
89 5
95 89
5 95
54 14
50 89
5 95
95 5
89 95
89 95
63 42
89 50
95 14
50 95
95 50
5 89
89 95
95 5
50 93
64 83
125 95
89 95
89 95
5 95
5 89
89 95
5 95
50 95
50 122
0 50
89 95
89 95
89 95
89 5
5 89
5 95
42 94
89 95
94 41
89 95
89 50
89 5
50 95
5 89
50 95
95 89
89 95
50 95
5 50
95 5
89 84
95 50
89 50
95 50
95 102
5 89
95 50
125 95
50 89
89 95
95 89
50 95
5 89
5 89
89 95
95 5
41 23
95 50
50 95
95 89
50 89
50 89
89 95
5 89
89 95
89 95
89 5
119 20
89 5
5 50
89 95
89 95
89 95
95 28
5 50
95 89
51 63
89 95
89 5
5 68
5 95
50 95
59 63
50 95
89 50
50 24
89 5
50 89
89 95
50 95
89 50
50 95
41 68
50 95
89 95
95 23
89 50
89 95
50 95
89 5
95 89
95 89
89 5
17 42
89 5
50 5
5 119
89 50
95 89
89 95
95 0
5 95
89 95
89 5
89 95
95 5
121 45
89 50
121 36
5 95
95 5
50 95
95 89
5 89
5 50
5 50
95 89
99 92
5 95
50 58
89 95
89 95
95 99
95 89
89 95
89 20
95 5
94 49
89 95
50 70
95 89
50 3
95 14
89 95
50 95
95 50
50 95
89 5
5 50
89 95
95 5
89 95
50 45
95 89
5 95
5 80
5 73
50 95
5 41
47 20
89 95
5 89
5 95
95 50
89 123
5 120
50 42
89 50
89 5
89 95
89 95
95 89
95 14
83 106
5 89
5 47
89 95
95 89
14 81
89 5
50 5
89 95
50 95
50 5
89 95
50 89
50 5
89 5
95 50
5 95
89 5
89 43
5 89
95 89
95 23
95 50
89 50
95 89
89 5
95 89
95 0
89 95
5 95
95 14
89 95
50 95
50 89
50 23
89 95
5 89
95 50
20 64
89 5
50 95
64 83
89 95
89 95
50 95
89 95
50 95
5 95
50 89
95 50
5 95
89 5
89 95
5 95
95 5
89 50
63 96
89 95
89 95
89 50
89 45
89 50
5 50
50 95
5 95
5 50
89 95
5 95
89 95
89 5
89 5
50 95
89 95
50 89
5 95
89 126
5 95
89 95
95 89
121 84
5 47
89 95
5 95
89 18
5 95
89 95
89 50
50 95
89 95
41 54
95 5
95 89
5 95
63 79
50 77
95 5
89 5
5 41
5 50
95 107
5 95
126 125
89 95
89 95
95 5
89 50
95 50
95 89
5 68
5 26
5 95
89 95
50 95
50 95
95 89
89 95
95 50
5 89
89 17
50 5
89 5
51 58
5 89
51 19
50 8
5 95
89 95
5 89
89 95
89 95
89 5
89 95
89 50
89 95
95 50
95 89
50 89
95 50
5 89
89 95
89 95
89 95
65 117
95 5
95 47
89 95
50 89
89 95
50 89
89 95
50 95
89 5
95 30
5 95
95 89
95 5
50 95
89 95
50 5
89 95
89 95
50 89
50 20
89 95
50 95
5 95
50 95
89 95
95 89
121 61
95 5
95 50
89 95
50 89
89 95
50 95
95 14
95 50
95 94
89 95
95 50
89 95
41 113
5 89
50 95
5 41
50 95
66 89
95 50
89 50
96 122
95 5
50 95
68 14
95 14
95 89
95 71
89 95
95 5
50 95
95 14
95 50
89 116
50 95
95 89
50 89
89 50
5 95
50 95
5 51
5 89
50 5
50 95
89 5
89 95
89 50
5 73
95 89
95 89
95 50
41 72
50 3
89 95
89 95
50 95
5 84
95 89
20 64
15 83
5 50
95 89
95 50
5 95
89 5
95 50
50 13
5 45
5 95
89 95
95 5
89 95
50 93
5 95
89 95
5 84
95 89
95 12
89 95
20 64
95 89
5 89
89 95
95 89
95 50
50 95
5 118
5 89
50 98
89 104
89 95
95 89
50 95
95 89
50 89
50 97
5 95
95 50
89 95
41 23
50 5
89 95
89 95
50 5
5 74
89 95
95 14
50 54
5 95
63 89
89 109
5 89
95 50
5 95
89 95
89 95
89 95
89 50
5 89
50 95
89 95
89 95
121 120
95 5
15 79
89 50
50 5
95 89
95 23
95 50
95 5
65 85
95 19
95 89
5 89
89 5
89 95
95 5
5 89
95 5
95 84
89 95
89 95
5 95
89 50
89 95
89 95
50 92
95 89
5 95
50 95
95 89
89 95
95 89
89 5
50 5
89 95
5 50
41 15
5 95
95 89
89 95
95 89
95 89
89 50
63 79
95 89
50 89
95 14
51 79
50 89
50 123
50 89
95 5
5 89
89 95
5 73
89 95
95 14
5 50
15 34
95 50
95 83
5 95
89 95
50 95
5 50
95 5
5 95
95 50
95 23
5 95
89 116
100 51
5 95
5 95
50 95
95 50
15 79
95 89
89 95
89 95
50 95
89 50
95 50
5 89
5 50
95 50
95 89
5 95
5 95
89 50
95 50
95 89
50 1
95 5
95 5
50 5
89 95
95 50
5 95
51 89
89 95
50 5
5 48
89 50
50 95
5 89
95 89
50 95
95 50
89 50
89 95
89 95
50 95
89 5
89 70
95 5
5 95
89 50
5 95
89 50
5 95
95 14
41 8
5 89
89 95
95 5
95 71
5 50
89 95
89 5
89 95
95 50
95 23
95 14
50 95
89 42
95 5
95 18
50 95
50 95
89 5
5 95
95 5
5 95
5 89
5 95
5 73
95 89
89 95
95 89
95 50
50 89
89 95
50 95
89 95
50 89
95 50
89 95
89 5
95 89
50 102
89 50
50 98
50 95
95 77
5 89
95 89
50 95
89 5
5 89
95 5
89 50
15 79
5 93
50 95
95 5
89 5
89 95
5 95
95 50
89 95
95 50
95 50
95 5
89 5
89 5
95 89
89 50
89 50
95 5
5 59
5 89
95 8
95 89
15 79
89 95
95 89
50 89
89 71
50 95
95 89
89 95
50 89
95 89
89 95
95 50
5 95
89 95
89 95
89 95
95 50
50 95
5 47
5 89
95 89
89 95
5 95
89 95
5 95
95 5
95 14
5 95
89 95
89 95
95 5
5 79
5 51
89 95
95 50
50 5
50 127
5 50
95 5
95 50
95 5
95 50
89 50
50 89
50 57
5 57
89 95
89 95
5 89
5 95
89 95
89 78
89 92
25 106
95 89
89 95
89 50
95 50
95 14
50 95
95 19
5 21
95 89
89 5
89 50
5 94
95 89
50 71
95 5
5 95
5 89
15 83
89 50
125 43
17 47
95 89
83 79
50 5
14 81
89 95
89 95
96 63
89 50
95 89
50 45
95 50
5 95
89 5
89 50
50 89
95 50
100 14
95 14
50 95
17 93
5 89
50 89
89 95
5 89
95 5
89 14
89 95
50 95
50 95
50 95
50 95
89 95
95 89
118 13
95 5
95 5
89 50
95 89
5 50
95 50
50 5
95 89
5 89
50 95
95 89
95 5
95 89
5 89
95 89
95 5
89 95
89 95
95 89
89 95
95 5
95 89
89 95
89 5
89 5
89 95
95 50
50 95
5 89
95 89
50 5
50 5
50 5
89 5
95 89
89 95
50 95
50 89
95 5
95 89
50 89
89 95
95 89
5 95
95 5
5 89
89 95
5 95
89 95
89 19
50 95
50 95
89 95
5 95
89 95
100 119
50 95
89 95
95 5
95 89
5 50
54 83
89 50
89 5
50 49
50 16
5 29
50 89
50 7
89 95
5 95
50 110
17 79
89 50
89 95
50 95
89 95
50 95
89 50
5 89
95 50
5 95
5 73
95 89
89 95
89 95
89 5
89 95
5 95
5 95
50 95
5 95
89 95
50 95
95 14
54 79
5 95
50 95
89 95
89 95
98 95
89 5
89 95
95 89
89 95
50 95
50 127
95 17
5 50
5 95
95 14
89 95
89 50
95 89
41 68
5 73
95 89
89 50
50 95
95 89
5 118
5 47
5 50
89 95
95 54
89 20
89 5
89 50
89 5
95 117
89 95
95 89
50 95
89 96
95 50
89 71
95 89
89 95
95 89
89 81
89 50
50 89
50 46
89 95
89 95
89 95
5 76
5 95
5 95
95 89
89 95
89 95
5 89
95 5
50 89
5 89
50 5
50 95
95 5
95 89
63 79
95 89
5 89
89 95
95 89
95 50
89 95
50 95
95 89
89 5
95 5
95 5
50 68
89 50
95 89
89 95
50 89
95 89
17 60
50 95
89 72
5 95
50 6
95 14
41 58
89 20
89 50
89 95
95 113
89 95
5 89
50 95
50 5
89 95
5 95
50 95
5 95
41 5
64 50
5 89
89 95
5 89
95 89
89 110
89 48
89 95
5 89
89 95
121 64
50 95
50 95
95 89
89 50
95 89
95 5
95 89
89 95
89 5
5 95
89 95
17 125
5 95
5 89
20 64
89 97
5 95
89 95
50 5
95 50
50 95
15 79
5 89
64 13
89 95
95 5
89 95
5 95
95 89
5 89
89 95
89 95
89 95
89 95
5 95
64 79
50 10
45 5
89 5
50 95
5 23
95 89
50 92
89 95
89 50
50 89
50 21
5 95
50 5
5 50
95 50
89 5
50 104
50 113
89 95
89 95
5 113
50 95
50 95
50 95
89 99
89 50
89 5
89 95
5 89
50 89
50 95
50 95
95 89
5 50
5 89
96 25
50 95
95 5
89 61
113 58
89 95
95 50
95 50
95 50
89 95
81 42
95 89
89 95
94 78
95 89
5 89
89 42
95 23
89 95
95 14
89 5
95 50
5 89
5 89
95 23
95 89
50 48
95 5
5 95
89 50
95 5
89 14
89 95
5 95
95 50
5 89
89 50
50 95
95 50
95 50
5 9
95 3
14 100
50 17
89 95
119 123
5 50
95 89
89 95
95 14
89 5
95 5
89 95
5 95
89 95
95 49
94 5
50 5
5 89
50 89
5 50
95 5
95 14
89 95
5 50
89 17
5 89
95 89
15 79
5 89
89 95
5 93
89 95
50 95
89 95
5 89
95 5
95 89
89 95
5 89
95 50
95 89
5 95
95 5
41 68
89 50
89 5
50 86
95 89
50 95
89 95
89 5
89 5
51 106
95 50
89 110
5 89
95 50
89 95
89 50
100 119
95 89
89 95
89 50
95 89
89 5
50 95
50 95
95 50
50 95
89 95
89 95
89 50
95 50
95 5
95 93
5 95
50 5
50 5
89 95
5 95
5 47
89 5
5 50
50 89
95 79
5 50
5 50
89 95
121 114
5 95
95 50
5 50
89 95
95 33
50 95
5 115
17 127
95 89
50 5
89 50
17 118
95 50
50 95
50 89
125 109
51 74
89 95
5 89
50 5
125 95
89 95
5 95
50 80
89 5
5 50
95 50
5 95
89 95
50 89
95 50
89 95
5 95
89 95
5 95
5 20
5 95
89 95
95 50
5 89
89 5
89 50
89 50
5 95
89 95
95 50
89 50
50 89
95 89
95 5
50 5
50 95
95 89
51 30
5 56
95 89
50 21
5 50
89 50
50 89
51 36
95 50
5 95
50 95
95 5
95 89
5 95
89 33
81 14
95 89
95 89
95 89
95 89
95 50
50 95
50 82
50 10
50 95
95 50
5 95
5 95
95 89
95 5
95 89
95 89
89 95
95 5
95 5
95 89
95 89
95 50
95 5
95 50
50 95
95 89
50 95
95 89
89 95
50 95
89 50
89 95
95 5
50 95
50 95
89 95
89 95
89 95
89 95
95 14
50 95
95 89
50 95
95 14
89 95
95 89
89 95
50 20
50 95
5 50
89 50
95 89
64 22
5 23
5 122
89 95
89 95
50 95
95 5
94 120
95 89
89 50
89 95
5 50
50 119
5 95
5 50
89 95
89 50
89 95
89 95
89 50
5 50
5 89
95 50
89 14
95 89
5 47
5 95
5 50
89 95
95 92
95 50
50 5
95 89
50 113
5 89
8 64
89 50
5 89
50 31
95 23
5 50
5 95
95 5
95 89
5 95
89 95
89 50
95 50
95 5
89 5
95 50
95 89
89 95
89 95
95 5
89 95
89 95
50 95
89 96
89 50
95 89
89 95
50 51
95 50
58 50
50 95
79 75
95 89
50 95
89 84
95 50
5 89
89 71
5 89
95 63
94 1
95 89
89 95
95 5
5 47
95 5
89 5
5 89
5 50
5 89
89 0
89 95
89 95
50 95
15 34
89 5
5 95
95 89
58 10
50 5
5 50
113 58
95 89
89 95
50 95
5 47
95 14
96 124
95 89
89 5
95 89
89 95
64 110
89 50
15 34
5 89
5 95
5 73
95 2
5 96
89 95
95 89
95 42
121 85
50 95
89 50
50 95
5 89
89 95
95 89
89 95
89 95
5 89
89 95
50 89
89 95
50 30
89 51
89 95
89 50
89 50
89 63
95 89
89 95
95 89
50 95
113 58
89 95
89 5
121 71
5 95
50 70
89 5
89 95
95 89
5 95
42 111
89 50
5 89
89 50
5 95
95 89
89 50
50 89
5 95
5 23
89 95
95 89
89 79
95 89
50 5
54 83
50 95
50 95
89 95
50 18
50 89
95 89
89 95
89 5
95 89
95 50
89 50
95 89
121 20
50 89
5 50
80 50
95 5
50 5
95 50
81 64
5 95
50 5
95 5
95 89
89 95
5 89
63 83
95 89
100 119
89 95
95 89
50 89
89 59
89 50
89 50
89 95
5 95
5 95
89 95
95 5
5 95
50 95
89 95
5 89
5 50
5 95
50 95
50 95
89 95
50 95
47 5
5 95
89 50
95 50
5 50
95 5
5 95
5 47
89 0
50 95
17 2
50 89
89 95
17 34
5 50
89 95
121 56
50 5
5 95
100 119
89 50
47 50
89 95
95 89
89 95
89 95
41 68
50 95
89 95
89 95
50 95
54 45
5 23
89 95
5 127
14 81
5 95
89 50
95 5
89 95
50 95
5 95
95 50
89 95
89 50
5 89
89 95
95 50
50 95
95 50
89 95
5 89
89 14
89 95
95 14
89 95
89 95
5 89
89 50
50 95
95 89
5 50
89 95
95 50
50 95
95 79
5 50
89 5
95 89
89 95
95 23
95 89
50 95
89 5
95 50
50 95
50 95
41 97
89 95
95 92
89 95
89 50
89 5
15 83
50 95
64 83
89 5
5 89
89 50
95 89
5 50
95 89
5 89
50 5
5 95
95 89
95 79
81 42
5 95
95 50
50 93
89 95
89 50
50 95
89 95
5 106
99 8
95 5
95 89
95 89
89 95
50 95
89 5
89 50
95 14
95 5
89 95
95 117
89 95
95 23
63 96
89 5
5 54
89 95
89 95
5 118
50 5
50 95
89 95
89 95
95 14
95 89
50 95
89 5
89 95
65 98
89 95
89 95
50 95
5 89
95 50
89 50
89 50
63 79
89 95
95 50
5 73
95 123
95 83
95 89
5 73
5 95
95 5
95 5
5 47
50 89
50 95
50 5
95 5
15 79
50 89
95 89
50 2
5 50
95 50
95 89
5 89
63 96
95 5
5 50
89 38
95 89
70 42
89 5
89 50
5 95
5 89
89 50
50 95
50 89
51 89
50 89
50 95
5 57
89 95
95 89
95 50
64 11
95 26
96 76
95 5
20 64
95 23
95 89
50 95
95 50
50 95
89 95
5 95
89 95
89 5
5 95
5 95
95 89
89 95
50 38
89 95
89 50
5 50
95 23
95 83
5 95
50 5
89 95
95 5
95 119
89 95
50 95
5 50
50 95
89 80
5 95
89 95
89 95
95 89
95 14
89 95
89 95
17 10
5 50
5 95
89 95
89 95
89 95
89 95
50 5
89 5
89 5
89 95
5 95
89 95
95 89
89 5
89 95
89 50
50 95
50 89
95 55
95 89
89 95
68 15
25 106
64 83
5 73
119 20
5 50
5 95
95 50
89 95
89 26
5 89
89 5
5 50
50 89
5 50
89 95
89 50
89 95
89 95
89 95
95 89
89 95
89 95
50 95
51 42
89 95
89 5
89 50
5 89
89 95
95 89
121 42
95 89
50 95
5 50
89 5
95 89
5 95
89 95
5 35
89 95
89 0
5 89
89 95
41 68
89 95
95 89
95 89
100 119
5 89
89 95
50 95
89 95
5 89
50 95
89 5
50 5
89 71
113 58
89 50
50 95
50 89
89 95
89 95
95 5
50 77
95 89
89 50
50 95
5 95
5 95
89 50
89 95
89 50
89 95
89 5
89 5
50 95
50 95
5 89
95 28
89 95
95 14
95 89
5 89
95 89
50 95
50 47
89 26
95 5
50 95
5 89
5 89
89 95
5 89
50 95
89 50
50 5
5 73
95 89
5 89
95 89
89 95
89 8
5 50
89 95
50 95
89 95
89 95
89 95
89 5
95 89
95 89
95 5
95 50
50 5
89 50
95 89
89 95
5 89
89 95
5 95
95 5
42 122
95 23
95 50
5 95
113 74
89 5
95 89
95 89
96 18
50 95
5 89
95 89
50 95
89 95
89 95
50 95
89 50
89 50
95 89
89 95
100 119
50 89
89 95
95 89
89 50
95 5
95 50
5 95
107 51
50 89
89 95
89 95
89 23
50 95
5 95
95 5
89 95
95 50
50 95
89 56
50 89
89 95
95 89
95 89
95 5
89 66
5 89
5 29
89 95
50 95
50 95
5 95
95 50
5 95
95 23
100 119
95 5
50 95
42 94
41 101
89 95
50 89
89 95
95 50
89 119
89 50
50 89
89 95
95 5
50 1
89 95
95 50
5 89
89 5
95 123
95 5
89 50
22 50
89 50
5 95
41 70
95 5
95 5
89 5
89 95
5 47
125 78
95 89
89 95
89 95
5 89
5 50
89 5
89 95
95 50
95 50
89 95
50 95
89 95
17 4
89 28
5 89
89 95
50 95
15 79
5 95
95 23
89 5
50 89
5 50
95 50
89 5
95 89
95 89
89 23
95 5
5 73
89 50
5 96
50 89
5 73
50 109
89 50
50 89
89 50
89 5
95 89
89 95
5 89
95 5
50 39
89 50
89 95
89 5
5 47
89 45
95 89
89 95
50 5
89 50
95 50
89 50
95 50
5 95
89 5
50 89
5 38
89 95
95 83
5 89
5 95
89 50
50 89
5 89
89 93
5 95
89 50
95 89
50 51
89 95
95 50
50 89
95 89
89 63
5 50
50 5
5 89
70 42
5 95
5 89
8 5
95 50
95 50
95 50
95 30
5 89
89 5
89 5
89 95
89 95
50 95
51 50
5 95
89 50
89 5
50 95
50 95
50 95
50 89
13 64
89 95
89 5
89 95
89 95
50 95
89 95
5 95
89 50
5 95
89 32
5 95
89 5
89 5
89 95
95 50
50 95
95 89
95 89
95 5
89 95
89 5
95 94
95 50
50 22
5 95
89 50
95 89
95 5
5 89
5 89
95 14
89 95
95 89
50 45
5 8
95 5
95 89
50 22
17 89
89 50
95 89
23 5
89 95
50 70
50 95
89 95
95 89
89 95
89 95
5 47
89 50
89 20
89 95
5 50
5 47
89 95
89 5
50 89
5 50
50 95
89 95
95 123
5 89
5 89
95 5
89 50
89 95
50 95
89 95
95 5
5 89
5 95
118 13
89 5
95 5
95 89
50 89
5 50
89 50
95 23
89 95
95 89
5 50
95 94
89 95
89 55
95 50
95 50
5 73
50 95
5 95
50 5
95 5
50 95
95 50
89 95
95 89
5 89
5 50
5 95
89 95
89 50
5 89
89 95
95 50
50 95
5 95
50 95
50 5
94 118
5 95
89 5
89 95
95 5
50 17
89 50
89 50
50 89
5 89
41 111
95 89
5 89
5 95
89 95
50 5
89 95
95 89
95 89
20 8
95 89
50 95
5 89
89 76
121 17
89 50
89 5
89 95
89 95
95 82
107 5
89 95
5 95
96 73
5 95
50 5
89 95
89 50
95 89
17 29
20 8
89 95
5 95
50 95
5 89
50 95
89 50
95 89
5 89
89 50
13 81
50 95
95 50
89 106
95 50
95 50
89 5
95 89
83 96
89 95
95 5
50 95
89 95
95 89
5 95
50 5
5 89
95 14
95 89
89 95
95 89
95 50
95 5
95 89
95 5
89 79
5 89
89 82
89 95
89 5
5 35
89 95
5 95
50 89
50 89
89 95
50 95
95 50
95 89
5 50
89 95
89 5
89 50
89 95
95 89
50 95
50 95
113 58
89 95
5 57
5 95
99 0
89 95
95 89
5 95
50 84
89 95
95 50
50 95
63 96
125 78
89 50
5 95
5 95
51 19
95 5
50 95
5 89
5 89
89 95
95 50
89 120
5 34
89 5
89 50
95 89
95 23
89 95
50 112
50 95
89 5
89 95
95 5
5 89
95 23
89 5
5 50
89 50
50 95
5 50
50 89
89 95
95 89
95 60
50 95
89 95
89 5
89 95
89 95
5 89
89 50
95 89
95 89
5 95
75 89
5 89
89 95
89 95
95 5
89 95
5 50
5 66
89 95
89 95
5 95
5 83
89 95
95 93
89 95
50 30
95 8
5 95
5 95
89 50
89 22
50 95
89 95
89 5
5 89
50 89
89 50
89 95
50 95
95 50
89 95
68 14
89 95
89 95
95 89
95 5
95 89
5 60
5 95
89 95
95 89
89 5
51 100
95 5
50 95
95 5
5 73
89 95
121 92
89 95
89 50
50 95
5 31
95 50
95 89
5 62
5 50
89 50
89 95
50 95
89 81
125 70
95 50
89 83
89 95
50 75
50 19
14 81
5 89
89 95
50 89
89 95
89 95
95 14
50 95
95 23
95 50
50 82
89 95
5 89
89 50
89 50
89 95
50 95
51 35
95 50
89 95
95 89
89 26
89 95
5 89
5 65
95 57
89 95
5 89
89 95
5 89
95 89
95 50
5 50
89 95
89 50
89 95
95 89
5 118
95 89
89 95
5 73
89 95
95 5
5 95
89 95
95 50
95 89
89 5
50 89
95 5
50 95
89 5
89 95
50 95
20 8
32 74
89 95
121 20
89 95
5 89
96 11
5 50
5 50
89 95
50 89
89 5
50 95
95 89
89 50
5 73
95 89
95 89
50 95
95 23
5 95
75 89
95 50
95 50
5 95
89 95
5 95
89 50
95 50
95 50
95 50
5 95
5 95
51 80
89 5
89 95
89 50
5 89
89 95
95 89
89 95
89 95
50 95
5 95
95 89
89 95
50 95
89 5
89 95
50 95
89 5
89 95
95 89
50 95
89 50
89 5
50 95
95 45
50 95
89 50
23 15
95 5
50 95
95 5
5 50
89 95
42 51
95 14
89 95
50 95
5 95
89 95
50 95
89 100
95 5
64 8
5 89
5 95
5 95
50 95
5 95
89 95
95 89
95 5
89 120
50 95
89 95
95 89
89 95
95 5
50 5
64 125
89 95
5 50
89 5
95 5
79 54
89 5
89 66
89 95
50 89
89 95
50 3
50 95
50 95
99 51
89 14
89 5
5 95
89 95
89 95
95 63
17 125
5 89
89 95
50 5
89 5
95 5
89 95
89 50
50 95
5 95
95 89
95 5
5 89
89 5
89 50
89 45
95 89
95 89
5 89
50 117
50 121
89 95
5 95
89 95
5 95
50 95
89 95
95 5
95 50
5 95
64 5
89 95
95 5
95 89
89 95
54 59
89 50
95 89
50 95
95 89
89 95
50 89
95 5
5 77
50 95
89 10
95 50
5 89
95 99
50 89
89 95
89 95
5 95
5 95
95 89
50 45
95 14
95 50
95 110
95 89
111 14
89 50
89 50
89 50
89 95
95 5
5 95
95 89
50 23
50 79
95 50
50 5
95 5
5 95
5 89
89 50
95 5
50 89
89 95
5 47
50 3
95 14
50 95
89 95
89 95
5 95
123 119
95 118
50 5
89 95
95 50
95 14
89 50
89 5
50 5
89 95
89 95
50 95
20 8
95 89
89 5
5 50
89 5
113 58
5 89
89 50
50 5
89 5
95 89
20 123
50 89
95 5
5 89
89 5
89 95
50 95
89 5
5 68
95 89
50 89
5 89
89 95
50 8
5 99
89 95
95 89
1 50
89 95
50 95
5 95
89 54
89 95
20 8
89 95
41 10
89 17
5 89
50 95
50 89
95 89
89 95
50 95
5 73
95 50
95 5
89 50
89 95
89 51
5 95
95 89
5 23
95 5
95 89
5 89
95 89
89 95
89 95
95 89
5 73
95 89
95 50
50 95
50 89
89 78
5 73
89 50
50 80
89 50
5 95
5 95
95 50
5 89
89 95
95 50
5 95
89 95
5 89
89 95
89 5
89 95
41 23
95 5
89 95
118 13
95 89
5 89
89 95
5 89
95 5
5 95
89 95
5 95
125 95
95 5
95 5
125 41
95 89
89 95
50 47
118 13
50 5
95 89
5 95
89 5
89 50
50 95
89 95
47 101
50 95
123 119
50 5
50 95
95 50
5 50
58 77
17 80
89 50
50 95
121 51
89 42
95 89
5 95
5 95
89 95
5 89
89 95
50 34
50 89
89 50
50 95
5 77
95 89
89 95
50 5
95 26
5 95
95 79
50 89
50 95
89 95
5 95
50 5
5 50
50 95
5 95
95 50
5 50
95 89
95 89
50 95
89 5
89 50
5 89
95 50
121 82
5 95
95 50
89 5
17 80
5 68
5 95
89 95
95 23
5 89
95 50
50 95
59 70
95 60
95 47
5 95
5 95
50 95
50 120
50 95
50 95
95 89
99 101
95 89
50 5
5 95
50 89
89 95
89 95
125 47
50 89
95 50
50 5
5 95
89 50
50 95
95 38
89 95
95 89
50 89
89 95
95 89
5 95
89 95
5 95
5 95
89 95
50 5
95 89
13 64
5 95
50 86
5 48
89 97
89 95
95 89
89 109
8 65
89 95
89 95
89 50
89 95
17 80
95 5
89 95
89 95
5 95
89 95
89 95
5 95
95 5
5 95
5 95
89 50
89 50
50 95
100 119
89 50
89 95
89 95
89 95
89 95
89 95
50 95
95 89
95 89
5 50
89 95
95 89
50 95
95 89
95 50
89 50
50 95
95 89
89 95
95 5
95 89
5 89
5 95
95 5
5 50
95 89
89 81
95 50
89 95
95 5
50 5
5 95
95 79
5 47
95 89
94 86
50 95
89 95
5 50
74 99
5 89
95 50
89 68
5 84
89 50
89 75
95 50
50 10
50 66
5 95
5 95
89 95
95 50
50 5
89 113
50 89
95 89
89 95
95 89
50 26
95 5
89 95
50 89
50 17
95 89
107 79
2 17
95 50
89 50
5 50
89 95
50 5
95 35
89 95
50 95
95 74
50 95
95 89
89 95
50 63
95 50
5 63
95 89
5 95
50 95
89 95
89 95
95 23
5 50
89 95
89 95
50 95
95 5
5 95
5 89
89 95
5 50
89 50
5 50
50 5
50 95
89 95
5 95
63 120
95 89
5 95
74 99
89 95
89 117
89 50
89 95
94 39
95 50
89 5
95 5
89 95
50 89
89 45
89 95
95 89
95 89
89 95
89 50
81 42
42 111
95 5
50 95
5 89
50 5
89 95
50 5
89 8
50 55
89 5
89 95
95 23
14 95
50 95
95 79
5 89
50 89
50 97
54 61
89 5
5 50
5 50
95 50
50 89
89 95
89 5
56 5
50 5
95 5
5 47
121 96
50 95
95 89
89 14
121 24
5 95
95 89
95 5
95 89
89 56
5 95
5 50
50 89
89 95
95 14
89 95
95 89
5 8
95 89
95 89
89 50
89 95
50 95
95 89
5 95
5 89
5 50
89 95
50 95
100 14
95 5
50 5
95 50
95 89
5 50
5 50
95 23
95 5
50 95
89 95
95 89
89 95
50 95
95 14
89 95
95 89
50 5
95 20
89 95
95 89
5 95
89 98
95 89
89 95
95 89
50 5
95 50
50 95
50 48
95 89
89 95
17 35
89 95
50 5
95 89
89 95
95 5
50 5
50 95
50 85
89 95
95 50
89 95
89 101
95 5
89 50
30 95
89 5
5 48
89 95
5 95
95 89
89 95
89 95
95 5
89 95
95 89
50 95
95 5
95 89
95 50
5 50
50 17
95 10
95 89
95 14
50 95
95 13
5 89
95 89
15 83
5 57
5 95
89 50
113 5
89 95
89 95
89 50
5 100
89 95
95 50
89 5
50 5
89 50
95 5
89 3
95 89
95 89
89 95
5 95
95 89
50 89
5 89
5 95
95 5
89 95
50 83
5 50
89 50
5 71
95 50
89 94
89 95
50 14
50 52
95 5
50 86
89 95
95 89
50 95
89 95
50 84
89 95
50 89
89 95
20 64
50 95
81 42
89 95
95 5
95 23
5 95
95 5
59 80
95 5
95 89
89 95
89 95
50 95
95 23
89 95
95 50
50 89
50 92
5 89
63 120
50 95
5 95
95 14
95 115
50 2
125 5
95 5
5 50
76 95
50 89
89 5
50 95
95 50
5 89
95 5
89 95
95 5
89 95
95 89
5 95
50 95
89 58
95 50
50 5
50 95
89 82
89 95
95 20
5 50
95 89
89 95
50 56
50 95
89 5
89 95
5 95
89 95
89 95
95 5
95 77
89 95
89 95
95 5
95 89
5 50
121 125
50 82
50 95
14 81
58 5
95 14
89 5
89 95
95 5
89 50
89 95
95 89
95 8
50 89
89 5
89 5
50 89
50 89
89 95
5 89
5 95
50 95
50 95
95 89
5 50
89 95
89 80
5 102
95 23
50 5
95 89
41 68
89 95
89 95
95 89
95 50
5 95
50 95
50 89
89 95
59 63
5 89
89 95
89 5
95 5
5 50
95 50
95 89
50 95
95 50
5 95
95 89
95 89
95 89
89 50
5 50
50 95
95 89
12 50
5 95
50 89
89 95
5 89
64 8
95 89
89 5
50 89
50 89
5 0
95 50
50 95
5 50
95 89
5 123
89 95
20 123
5 89
95 50
95 89
89 5
89 5
20 121
95 89
5 95
50 95
89 14
89 95
50 95
5 89
5 95
89 95
95 89
89 5
118 42
95 89
50 89
42 98
5 89
95 50
89 5
94 105
95 50
50 5
89 95
95 50
50 95
89 95
50 95
5 73
95 5
89 50
5 89
95 50
95 89
100 14
50 95
95 89
89 95
89 5
89 95
95 89
5 89
89 95
95 50
89 50
89 5
5 80
5 95
50 5
89 50
50 89
89 50
5 95
100 14
96 77
50 95
5 14
89 47
5 50
5 127
5 95
95 0
94 89
5 89
89 95
50 83
125 80
89 5
89 16
50 95
89 50
95 89
95 50
58 76
89 50
89 5
5 73
89 5
89 5
95 89
89 50
15 83
5 50
50 5
95 3
95 7
89 95
5 95
89 95
50 95
5 89
50 89
118 65
50 95
99 84
95 89
50 89
100 14
50 89
89 5
89 95
89 95
95 89
89 5
89 95
89 95
5 89
50 95
50 95
5 95
95 50
50 45
50 5
89 95
95 5
50 95
89 50
95 89
5 50
89 95
89 95
50 95
89 95
95 89
89 95
50 95
118 50
95 89
5 89
17 125
89 66
5 95
95 23
50 89
5 95
89 50
41 5
95 51
95 50
95 89
89 50
50 95
50 95
95 89
89 111
95 89
5 89
89 5
89 95
95 89
5 89
95 89
95 89
50 95
5 89
89 95
95 5
95 89
5 50
50 95
95 50
89 95
89 95
20 8
95 50
89 5
89 95
5 41
50 95
89 95
89 95
50 95
5 50
89 50
89 95
89 95
89 95
5 95
89 50
5 95
89 95
5 89
89 95
50 95
89 95
95 112
95 89
95 5
89 95
50 89
89 95
89 95
95 89
95 5
113 111
89 95
96 5
95 50
50 95
95 89
95 50
89 95
95 89
95 50
95 89
50 95
50 89
89 50
89 95
89 95
50 95
95 89
89 95
42 81
89 5
89 56
89 95
89 95
50 65
50 89
89 95
50 89
5 95
5 89
95 89
89 50
5 89
123 119
5 50
89 95
5 89
50 17
5 50
5 83
5 95
50 5
89 95
89 95
95 5
50 95
95 5
95 59
95 71
89 95
95 50
5 50
89 123
89 95
89 5
50 95
5 32
50 5
89 95
50 98
5 89
50 95
89 95
54 22
89 50
5 50
50 89
89 5
89 5
95 89
89 95
5 73
89 95
50 95
89 95
89 50
5 14
50 95
64 83
50 95
89 95
5 110
95 5
89 83
95 50
50 5
50 95
5 95
42 81
89 50
89 95
89 95
95 50
95 23
95 89
89 95
5 47
123 119
95 23
95 89
42 51
5 50
89 95
89 5
89 123
89 50
89 95
95 89
89 5
95 5
50 95
95 50
89 5
89 92
89 68
50 95
73 5
50 89
50 89
5 82
5 89
89 5
89 95
95 89
5 99
51 121
14 79
5 95
89 50
50 95
95 50
5 50
5 50
89 50
89 5
95 50
89 95
89 95
95 50
95 13
95 50
95 5
95 5
50 95
50 95
89 95
50 95
5 47
5 95
89 50
5 95
95 89
89 95
89 95
5 89
95 50
89 50
95 89
50 5
5 73
50 95
89 95
89 5
95 50
5 95
95 89
95 5
89 95
50 95
89 65
5 89
89 95
95 89
89 95
50 95
89 5
5 89
50 18
125 81
89 18
50 95
89 101
89 95
50 106
89 5
89 50
95 14
89 95
89 95
89 95
5 50
58 83
89 95
95 89
95 50
50 89
5 47
5 50
95 89
50 43
50 95
5 118
96 94
95 3
95 89
89 54
50 95
5 95
5 47
50 95
95 89
50 89
50 95
50 5
42 51
89 95
5 50
95 89
95 23
41 70
5 95
95 89
5 89
50 5
89 95
5 89
5 89
80 50
89 56
50 95
95 89
100 119
89 95
50 95
95 50
5 89
5 73
95 50
95 5
89 67
41 89
89 95
125 94
5 95
50 95
50 95
5 95
95 50
89 95
41 26
5 95
95 89
50 89
95 5
20 64
5 50
89 50
95 5
50 95
89 95
95 5
89 95
5 73
50 95
89 95
50 5
89 95
95 50
5 89
95 89
95 50
89 95
50 95
95 50
50 89
50 5
89 95
5 50
89 95
95 89
95 5
89 95
5 95
95 23
5 50
95 5
5 50
89 95
5 95
95 89
89 95
50 95
89 50
89 95
50 95
50 5
89 94
89 50
95 89
5 89
95 89
89 95
95 89
5 95
89 5
89 95
5 89
5 95
5 95
89 5
89 95
5 95
5 95
5 89
50 95
95 89
5 73
95 89
95 85
64 58
50 89
50 95
50 5
50 89
50 5
95 50
95 89
95 89
15 83
5 95
5 73
5 50
89 5
89 93
95 89
95 92
95 50
54 14
5 95
95 89
5 95
89 95
50 5
50 95
50 95
5 50
89 50
50 95
5 89
89 95
14 81
50 95
50 95
89 95
51 19
89 95
89 95
89 50
5 73
89 50
95 89
95 57
5 95
89 95
89 5
50 116
89 95
89 5
89 95
89 95
95 89
89 95
5 89
50 89
5 1
5 95
95 89
5 63
89 50
95 89
95 50
5 89
5 95
5 109
5 47
41 15
95 50
50 5
89 95
95 89
50 95
95 50
89 95
89 95
50 95
5 50
50 95
50 95
5 95
89 50
89 50
5 89
50 95
89 50
95 89
5 106
89 5
95 93
89 95
89 95
89 1
89 95
5 50
89 95
5 89
96 0
89 5
125 95
89 95
50 95
5 89
50 5
50 95
89 50
119 20
89 95
89 50
89 50
50 95
50 95
5 95
50 115
5 89
50 95
89 95
50 67
50 17
89 50
89 50
95 89
89 68
89 5
95 89
50 5
50 5
95 5
5 95
89 95
89 95
95 89
111 42
95 50
89 95
119 100
50 95
5 95
89 95
95 89
50 89
95 89
89 50
113 58
5 89
5 89
5 47
5 89
95 23
5 127
50 95
95 89
50 38
5 95
95 89
5 95
99 5
119 123
95 50
95 23
50 89
50 95
63 120
50 89
5 65
89 50
89 5
95 5
50 95
89 50
50 95
95 89
89 95
50 22
95 5
95 5
89 10
50 95
95 5
95 50
89 107
50 126
5 95
50 95
50 5
96 60
89 50
89 95
50 95
50 89
89 50
89 95
95 89
89 95
5 95
89 95
5 50
5 95
95 89
5 95
5 89
17 125
89 50
89 95
89 95
5 95
50 89
89 5
89 50
5 95
50 95
89 95
89 50
50 21
89 95
89 95
5 89
50 89
89 50
5 89
95 5
95 5
89 95
5 30
50 95
89 109
89 95
89 5
50 95
83 106
41 15
95 50
95 89
5 38
5 95
89 5
15 34
89 95
89 50
89 95
89 95
5 114
107 13
95 50
89 95
50 84
95 5
89 50
89 95
5 50
15 23
95 5
95 83
5 95
95 5
95 5
89 95
20 64
5 89
89 95
89 95
50 95
89 95
89 95
89 16
50 39
95 5
95 89
5 95
5 82
95 89
50 41
89 5
50 95
89 95
68 41
95 50
50 93
95 89
95 89
89 95
95 89
89 50
89 95
95 89
95 89
95 89
89 4
5 95
89 50
15 83
89 95
50 51
50 95
95 5
89 95
89 95
20 8
95 5
50 95
50 95
95 50
89 95
5 95
50 89
89 5
89 95
89 8
95 89
95 89
50 89
89 95
89 23
89 95
5 95
89 50
50 89
89 95
89 5
5 89
50 95
89 95
95 50
89 95
5 95
89 95
95 50
89 5
95 89
15 34
95 74
89 92
50 79
50 0
5 95
50 95
50 5
50 5
95 50
50 116
68 15
5 50
89 95
89 50
5 89
50 89
50 89
95 89
50 95
5 95
50 95
95 89
100 51
50 95
89 95
50 5
20 8
95 5
5 50
89 95
95 89
89 0
89 50
50 89
89 95
50 39
89 50
5 74
95 50
50 17
89 85
89 0
89 95
89 84
50 95
50 71
89 5
5 95
95 89
50 63
89 95
5 95
5 95
89 95
5 95
95 5
95 50
95 89
89 95
89 95
95 50
89 95
50 89
5 8
5 34
50 95
89 50
89 95
89 5
95 89
89 5
5 89
50 89
95 89
95 89
89 95
89 95
50 5
95 5
95 89
89 95
89 95
89 5
89 95
15 79
89 95
5 89
95 50
89 15
89 50
95 23
95 5
95 5
50 95
89 95
5 95
89 18
95 89
68 41
89 5
95 5
89 95
89 5
95 50
89 50
94 5
5 95
89 95
89 5
5 95
89 95
89 50
95 123
89 26
95 83
89 95
95 5
5 95
89 5
5 89
95 102
50 95
50 95
95 89
99 2
5 95
5 50
95 50
89 95
95 89
89 5
50 5
95 50
95 5
50 89
50 95
5 50
95 89
95 89
50 89
50 89
89 95
89 95
89 95
89 95
125 70
89 95
95 50
5 95
5 89
5 89
50 17
95 5
89 95
50 95
95 23
89 95
95 89
89 95
5 95
95 89
50 95
89 50
89 5
89 95
50 95
89 95
89 5
89 5
5 95
95 89
89 76
5 95
5 97
50 95
89 50
95 5
89 5
5 89
5 73
5 50
5 50
95 89
50 95
89 95
89 50
5 95
89 95
5 95
89 50
50 17
89 95
95 5
5 89
95 110
89 50
40 5
95 50
5 89
95 89
95 3
89 50
95 5
89 113
5 89
95 89
5 89
89 95
50 95
95 10
5 89
95 89
95 102
50 95
89 95
89 102
89 95
50 5
89 5
50 95
89 95
89 5
5 95
50 10
95 66
89 95
89 50
89 50
95 116
89 32
95 50
95 23
95 89
5 47
81 42
89 95
89 95
95 50
95 5
95 89
50 29
95 1
5 95
95 50
95 5
89 95
96 109
89 101
5 124
5 95
95 89
50 89
95 50
89 95
50 89
95 5
58 113
50 95
95 89
50 95
5 89
50 89
50 95
89 95
50 89
89 95
89 95
89 53
5 56
95 89
89 5
50 63
95 89
95 89
5 89
95 5
95 5
95 68
95 89
89 95
5 50
5 95
95 89
5 89
5 95
89 50
95 89
50 16
89 5
50 95
50 35
89 95
5 95
89 5
5 50
5 89
50 95
50 95
5 89
51 42
89 50
96 26
5 47
95 5
50 95
5 97
89 50
95 50
50 95
89 95
50 89
50 95
50 95
5 51
89 95
50 95
95 52
89 50
5 89
89 95
5 50
50 77
50 95
42 51
89 95
89 95
95 5
5 119
95 89
89 95
89 95
50 89
42 111
5 89
95 23
5 95
5 89
5 50
89 95
85 89
5 50
89 5
95 5
95 50
95 89
64 44
50 89
15 83
5 125
95 117
100 119
89 95
89 50
89 111
89 5
5 73
95 89
95 50
50 89
5 95
89 50
89 50
89 95
50 95
5 86
89 5
89 50
95 50
50 95
20 121
5 95
95 89
95 89
89 50
95 89
50 93
5 95
89 5
89 95
89 95
99 48
95 5
5 45
5 95
95 50
41 68
5 76
89 95
5 50
5 89
50 95
5 95
89 95
5 50
50 94
5 47
95 89
5 47
95 75
95 89
89 95
89 95
89 5
89 95
50 17
95 50
50 89
50 74
95 14
50 5
95 5
50 95
89 10
89 95
5 95
89 50
95 89
5 95
89 95
5 50
95 14
5 49
89 5
95 50
5 89
50 95
89 95
50 95
5 95
50 95
96 33
89 95
5 95
50 89
95 89
89 50
50 95
5 118
95 5
95 89
50 95
89 95
95 89
50 5
89 95
50 95
5 95
95 50
5 106
95 99
20 64
5 95
111 79
5 77
89 95
89 95
95 89
50 95
5 74
95 89
50 95
50 17
50 95
50 5
95 89
95 89
95 89
95 89
89 5
50 125
50 95
89 95
89 95
95 50
95 122
95 5
95 89
89 95
89 123
50 59
5 89
99 5
89 95
89 5
95 89
50 95
5 50
89 95
5 89
50 89
50 5
95 89
5 95
50 34
89 95
95 5
5 20
95 89
50 95
89 95
50 95
95 89
5 95
50 47
64 13
50 95
5 73
95 79
89 95
50 95
5 89
95 89
89 95
50 95
5 50
89 95
89 122
89 95
95 89
95 5
50 95
95 89
50 95
17 102
50 95
14 95
50 45
5 77
95 71
51 54
89 95
5 73
50 95
95 89
5 73
50 95
89 95
5 95
89 50
95 89
89 95
89 95
95 89
54 50
5 95
5 41
5 50
95 89
89 95
95 89
5 50
50 81
95 89
68 15
50 95
89 95
95 89
89 112
89 95
89 95
68 15
89 95
95 89
5 89
94 18
89 95
50 95
89 5
5 89
5 47
50 56
89 95
50 95
89 95
64 94
89 50
89 95
5 95
95 89
95 89
95 89
95 50
89 95
95 89
5 50
5 95
5 115
5 89
89 50
5 89
95 50
5 50
125 117
95 89
5 95
50 95
89 50
95 64
54 83
89 50
80 125
89 5
125 95
50 5
50 95
5 50
89 95
95 89
50 95
50 95
50 5
89 5
95 89
5 50
5 95
5 50
50 89
95 5
50 89
5 50
89 95
89 5
89 95
89 95
64 26
41 109
89 95
95 89
5 89
95 89
5 89
89 95
89 95
89 95
95 50
5 95
50 5
95 5
89 66
89 95
50 95
47 20
95 89
50 115
113 58
89 14
5 95
99 78
89 50
95 89
89 5
95 89
17 80
95 5
89 95
50 95
89 50
89 95
5 95
95 89
95 50
95 89
5 95
89 95
5 50
89 5
5 95
95 50
5 89
89 95
50 95
95 89
5 50
50 95
5 95
5 95
89 95
89 95
89 5
95 17
89 50
89 95
95 50
5 66
89 5
89 50
50 95
95 5
89 95
5 50
125 79
50 95
68 15
5 89
5 89
5 73
50 66
5 50
95 50
89 95
5 31
89 1
89 95
15 34
5 92
95 89
50 95
5 120
95 50
50 93
50 113
95 50
89 95
95 5
5 47
5 89
89 95
5 50
89 95
95 89
5 67
89 50
50 89
89 95
89 95
5 89
89 95
63 96
50 5
95 89
50 95
89 95
89 95
89 50
95 89
95 89
95 73
50 95
50 89
5 95
5 95
106 70
50 95
95 89
5 89
50 95
50 95
95 5
14 95
95 50
89 95
5 95
23 95
89 95
89 95
89 50
50 89
5 95
89 5
95 89
5 89
89 95
121 4
89 95
89 5
95 5
95 89
89 5
95 89
95 5
5 89
89 95
50 127
95 5
100 119
95 5
13 79
89 95
95 5
95 89
95 50
50 95
95 20
89 95
95 23
95 50
89 95
89 5
89 95
50 95
95 50
89 95
89 5
50 95
63 120
89 50
5 50
5 95
95 89
50 95
89 95
5 95
5 50
89 71
50 95
5 95
95 89
95 89
51 77
5 89
95 50
95 5
5 95
50 5
5 95
95 50
95 89
95 89
50 95
89 50
95 89
89 5
95 89
89 95
95 89
50 95
89 50
5 50
50 95
5 95
95 89
50 5
5 50
89 95
50 95
5 95
50 95
5 95
5 89
120 83
50 95
89 95
89 95
95 5
5 89
89 95
50 86
5 50
89 5
50 95
95 50
100 119
89 95
5 95
95 50
50 95
89 95
89 95
50 5
5 95
50 5
25 95
5 50
89 95
50 47
95 50
89 95
89 95
89 50
95 23
89 95
89 95
50 95
89 95
89 50
95 89
95 5
50 95
89 83
95 89
89 5
14 81
50 95
50 89
50 95
5 93
5 50
89 43
89 95
95 5
42 94
5 95
89 14
5 20
95 50
89 95
95 89
63 96
50 95
50 93
89 82
89 5
5 51
89 95
89 95
95 50
89 95
89 5
89 109
50 95
50 89
89 95
5 95
50 5
89 95
5 50
5 89
95 89
89 50
89 95
50 8
95 110
89 95
89 95
95 50
89 5
89 50
95 89
5 89
95 89
89 95
89 50
95 5
5 95
50 89
50 95
125 50
50 43
50 5
5 3
89 95
89 95
89 95
89 95
89 5
95 50
95 93
100 119
95 89
41 68
50 89
5 95
89 95
89 32
89 95
5 89
50 95
47 20
50 100
89 50
50 89
50 95
50 95
89 95
50 95
89 95
89 50
50 5
89 78
121 83
89 95
95 50
5 95
89 95
50 5
89 95
89 95
5 95
96 83
89 95
89 95
121 82
50 95
95 89
5 89
95 89
95 127
89 95
89 5
50 116
50 89
95 92
121 9
5 50
89 50
50 49
50 95
50 89
50 95
89 95
125 40
63 79
95 89
95 89
89 50
89 95
89 48
89 50
50 121
89 95
50 89
95 50
50 95
95 23
50 95
95 89
95 50
50 95
5 50
89 5
89 95
89 5
50 95
95 89
5 89
96 54
5 89
95 50
5 89
5 50
5 50
95 89
95 89
95 50
14 81
35 50
95 50
95 5
89 95
5 95
5 95
89 95
5 89
89 95
95 50
89 50
95 89
95 5
95 89
50 95
89 50
89 95
50 95
89 95
95 23
50 5
95 5
5 46
50 95
89 95
95 89
89 95
50 74
89 95
89 5
50 95
89 95
95 115
5 95
95 5
89 95
95 14
95 23
95 14
81 42
5 73
95 123
95 89
89 50
89 95
79 83
95 89
95 5
5 89
89 5
5 89
89 95
89 95
95 5
50 95
95 5
5 84
95 14
81 100
95 20
89 50
95 89
89 5
89 95
5 50
50 5
89 50
89 95
5 95
95 5
5 95
5 95
89 5
95 50
5 50
95 5
5 50
50 95
95 50
89 75
5 89
95 50
5 89
5 95
50 95
50 46
89 5
50 95
89 95
95 89
5 47
89 95
95 50
50 8
95 89
50 95
20 64
5 95
5 89
5 50
5 50
15 83
95 89
5 95
89 95
89 50
89 50
89 50
89 2
95 89
50 95
50 89
20 8
89 95
95 5
89 95
89 95
5 95
50 121
50 5
89 5
89 50
95 14
89 95
51 1
95 50
95 50
89 50
89 50
89 5
89 95
95 50
89 95
15 34
15 83
95 89
95 50
89 95
89 95
5 73
95 5
125 12
5 7
89 115
89 95
95 50
89 95
5 89
5 89
89 5
50 89
95 89
5 89
50 89
95 89
50 5
89 95
95 50
89 95
89 50
5 38
95 50
89 95
50 95
5 89
95 23
89 16
50 95
5 95
89 95
5 50
5 95
89 95
5 95
50 95
5 50
50 3
5 89
79 54
5 95
5 95
51 100
89 50
50 95
5 95
5 89
95 50
5 95
95 50
89 50
50 95
95 60
95 50
5 50
95 89
89 95
20 8
95 89
95 23
95 89
95 5
50 20
89 95
5 8
5 95
5 95
89 95
95 5
5 89
95 89
89 95
51 95
89 50
5 50
50 12
89 95
95 5
89 95
50 95
95 89
89 95
89 95
89 95
5 95
89 50
95 89
5 95
5 95
95 89
5 34
95 5
95 14
50 31
95 82
95 50
89 83
5 95
5 115
5 95
125 113
89 5
95 50
89 5
95 23
50 8
95 89
89 95
81 64
89 95
50 118
89 95
89 95
54 112
95 89
50 95
95 50
95 50
89 50
95 89
50 95
95 50
89 5
5 89
89 95
5 50
95 14
95 89
50 89
95 89
50 95
89 95
95 85
50 5
95 50
50 53
5 95
5 89
95 5
50 54
89 95
95 50
95 89
5 95
89 95
5 47
95 89
89 73
95 5
95 50
95 50
89 50
95 89
95 89
95 14
89 5
89 95
89 50
50 56
5 123
5 89
5 95
5 95
89 95
89 95
89 95
5 95
5 89
5 62
50 89
50 89
95 5
89 95
5 95
89 95
5 89
89 95
5 47
89 95
121 31
5 89
5 95
89 50
95 89
89 95
89 50
5 50
95 124
89 95
51 63
50 95
95 23
89 50
89 95
95 89
50 63
5 95
95 50
50 95
89 95
50 22
95 89
50 95
99 101
89 50
95 89
5 89
50 95
89 5
95 89
50 56
5 47
5 50
89 95
5 89
50 32
63 96
50 95
5 26
50 95
20 64
89 95
50 95
89 95
89 95
89 95
5 89
5 23
89 5
89 95
50 95
89 95
89 14
89 95
95 50
89 95
89 95
89 50
95 89
50 5
89 76
5 89
50 53
47 5
89 95
95 89
95 89
95 89
95 94
50 5
5 50
68 15
5 73
42 61
89 95
89 50
50 5
50 95
118 42
89 50
95 5
95 89
89 50
5 73
89 5
89 95
50 95
89 95
95 5
50 89
95 89
5 51
50 89
89 95
89 50
89 5
5 47
99 86
89 50
95 50
95 23
50 5
95 89
95 5
89 95
50 99
95 50
89 101
99 72
50 5
5 95
95 50
50 95
95 50
50 95
89 50
50 89
68 15
5 95
89 95
95 23
50 95
50 95
95 50
5 89
81 42
5 95
95 50
95 89
89 95
89 50
5 45
50 95
89 95
50 89
125 104
89 95
50 26
50 5
120 63
123 119
34 14
5 89
95 5
89 5
95 12
51 5
5 95
5 95
95 113
89 50
89 95
5 89
89 5
89 5
95 89
50 89
95 56
5 95
89 18
89 68
5 95
50 88
89 5
95 89
20 121
50 5
89 95
95 5
95 14
95 89
95 50
95 14
95 89
50 95
50 17
89 95
5 72
5 89
5 95
89 5
5 47
89 36
95 50
5 95
89 95
89 5
89 95
5 95
94 44
50 95
5 50
95 50
50 95
5 95
95 89
15 34
95 89
5 89
89 95
95 14
95 5
89 95
42 121
89 95
95 89
89 95
95 89
50 95
89 6
89 95
5 95
89 5
50 95
42 51
95 57
5 47
89 50
15 83
95 89
89 95
50 9
5 73
89 5
50 95
50 95
89 5
113 50
5 89
89 95
50 5
89 50
95 14
50 89
95 50
95 89
95 89
89 5
50 89
5 59
89 95
5 50
5 17
95 50
95 89
95 5
89 95
95 23
95 89
89 95
50 95
99 3
50 95
89 95
63 120
5 89
95 50
89 95
95 89
89 95
5 125
95 50
95 5
50 48
5 30
89 50
5 89
95 50
89 5
5 47
89 95
5 89
5 95
5 89
50 95
95 23
95 5
95 50
95 50
95 50
50 5
89 95
5 95
50 5
95 89
50 95
50 95
5 95
95 89
50 89
50 95
5 73
5 89
95 89
50 89
5 89
50 95
89 95
95 110
50 95
89 95
5 89
96 83
95 5
50 95
95 89
25 106
20 64
5 95
50 99
89 95
5 95
95 89
95 89
89 95
5 50
89 95
89 95
89 95
5 95
5 95
89 5
89 95
50 89
5 89
95 50
5 89
5 95
50 95
95 89
95 89
50 53
5 54
79 54
95 5
95 89
50 5
89 95
89 50
95 50
5 89
50 95
89 50
89 50
50 51
5 95
5 25
95 89
95 50
95 1
95 89
5 89
5 117
95 89
5 95
89 95
89 50
95 14
89 5
89 50
89 95
89 50
89 95
50 95
50 95
95 50
95 89
89 95
5 95
50 89
5 89
95 89
50 5
95 89
5 95
89 95
95 50
50 89
50 95
95 5
95 122
50 95
89 95
95 89
95 89
50 95
95 50
5 89
95 89
89 50
95 89
89 95
125 14
89 5
89 95
50 5
51 8
50 5
95 89
95 89
89 95
5 50
95 5
89 95
89 95
95 89
98 107
5 95
5 95
89 95
95 89
95 89
95 0
89 95
50 95
50 95
95 89
50 95
89 95
89 79
89 95
95 89
50 95
5 89
95 89
50 89
95 89
95 89
