128 10000
89 95
50 89
50 84
95 89
5 95
64 73
5 89
95 50
95 92
121 6
95 5
89 95
50 95
95 50
95 5
95 89
89 5
89 95
95 50
17 125
113 58
95 50
50 95
113 58
5 47
5 95
50 95
95 89
89 5
89 5
89 95
95 5
95 89
89 95
89 95
17 123
89 95
5 47
89 95
54 91
89 5
89 95
95 50
50 95
89 95
107 13
89 50
95 89
50 5
50 5
95 5
5 95
99 84
95 89
89 95
89 18
81 64
89 95
5 95
89 50
50 95
95 5
95 89
50 95
79 83
89 50
95 89
95 50
95 89
50 5
5 95
5 50
89 50
89 50
89 95
89 5
95 89
95 89
95 89
95 89
68 15
5 95
5 89
89 50
95 89
95 76
89 95
5 95
5 50
89 5
5 50
89 95
89 5
89 26
89 95
50 95
89 95
89 95
89 95
2 51
5 107
95 89
89 50
5 50
89 50
95 89
81 100
50 0
89 50
50 17
5 95
89 95
50 40
89 50
89 50
5 47
89 50
121 36
50 95
95 14
95 48
50 64
41 15
89 50
50 65
95 79
50 95
5 118
50 95
94 122
5 47
50 95
89 50
50 95
95 5
50 118
89 50
50 95
95 5
89 95
50 5
5 50
50 89
50 95
89 95
89 95
50 89
95 50
50 95
89 95
50 89
89 122
89 5
95 89
5 89
5 95
89 95
89 5
95 89
89 95
50 95
50 52
5 47
5 89
95 50
5 47
50 5
95 14
50 95
50 95
89 95
89 95
95 89
5 50
5 89
89 95
95 89
89 95
89 95
95 14
95 3
89 80
89 95
50 5
5 95
95 50
54 120
95 89
89 23
5 95
89 95
89 5
50 89
50 89
5 89
5 95
63 79
89 50
50 95
89 50
89 5
89 5
89 95
5 95
50 95
5 95
89 50
50 95
95 5
89 95
89 95
5 34
89 95
89 50
95 50
89 95
5 95
89 95
89 95
20 8
89 50
5 95
89 50
89 95
95 89
50 71
50 95
89 95
89 50
95 14
89 36
50 5
89 95
89 5
95 5
5 89
100 119
79 63
17 72
50 89
5 95
95 50
95 14
89 95
89 5
95 89
95 89
5 95
89 95
34 111
89 95
113 58
89 95
5 95
95 89
50 95
5 116
50 95
89 95
95 89
95 89
5 95
89 95
50 5
50 5
95 5
5 95
50 5
50 95
89 95
50 95
5 89
89 95
5 65
89 5
95 89
95 89
15 83
95 89
89 50
89 50
5 89
95 89
89 95
5 48
113 58
5 89
5 50
95 89
50 95
5 95
5 89
50 95
50 89
89 95
50 10
95 50
89 95
89 50
95 50
5 95
5 89
95 89
50 95
5 95
95 50
5 50
50 5
50 95
89 95
95 5
5 50
50 95
89 5
95 14
89 50
89 63
95 89
89 95
50 95
50 95
5 89
89 5
5 50
5 89
13 107
95 89
95 89
50 5
89 5
89 95
89 95
95 5
95 50
50 18
95 48
5 94
5 95
89 95
5 89
95 50
95 89
89 95
89 95
50 110
89 95
5 89
95 50
95 5
50 95
89 50
5 73
89 95
89 95
95 89
70 5
50 5
95 50
95 89
89 95
20 8
95 5
95 89
95 50
95 89
95 5
50 5
89 95
95 5
89 50
5 50
95 83
95 89
95 89
95 89
89 95
89 50
95 50
50 95
89 95
5 95
100 14
95 23
95 89
89 50
95 5
5 95
89 95
50 5
89 50
5 95
89 95
89 95
89 5
50 89
95 5
50 45
5 95
5 50
89 95
89 95
96 8
5 50
95 50
95 5
50 71
95 89
14 81
89 99
95 5
50 89
5 95
95 89
95 5
89 5
95 89
89 95
95 89
5 95
5 50
89 95
50 89
89 50
89 95
5 95
89 60
89 95
5 116
50 95
50 89
89 95
5 95
86 5
89 95
50 95
89 5
50 95
50 89
50 89
50 95
5 50
89 95
50 95
95 14
5 50
50 95
50 95
50 89
5 89
95 89
95 5
89 95
50 89
89 95
50 95
89 95
89 95
5 50
95 50
95 89
51 15
14 50
5 50
95 102
95 89
5 89
89 95
89 74
50 89
89 50
50 95
5 70
89 95
89 95
89 5
95 5
50 95
95 5
5 95
50 92
50 89
95 50
95 89
89 95
95 23
89 114
50 95
5 95
50 95
5 95
5 50
95 89
95 89
5 89
95 89
50 95
95 50
95 5
95 89
111 42
50 95
50 95
89 95
50 5
95 89
5 50
89 95
50 95
95 5
50 95
5 89
89 113
15 79
120 42
95 5
5 89
95 116
50 89
89 95
95 14
41 120
5 89
89 50
50 95
50 5
95 5
89 78
50 5
95 89
5 89
95 89
89 95
125 95
89 95
95 89
50 95
50 89
89 50
50 68
89 47
95 5
89 95
89 95
89 95
5 29
89 95
50 95
50 95
95 89
89 95
5 89
89 95
5 50
95 82
89 95
95 5
89 95
5 95
89 95
89 5
5 47
50 95
5 23
89 95
5 50
89 95
5 89
89 50
95 89
89 95
50 95
5 95
89 95
5 50
89 95
89 50
5 89
95 89
50 5
95 50
14 81
5 89
50 95
95 89
123 119
50 95
95 89
50 95
95 89
95 5
95 89
41 68
89 50
95 89
95 5
5 95
95 89
5 95
5 89
95 89
89 5
5 23
50 46
5 95
50 93
5 47
50 5
89 95
95 5
5 95
5 95
50 5
95 5
50 95
95 89
95 89
89 50
89 95
50 95
95 50
89 95
95 89
89 95
89 50
5 89
50 95
5 50
89 95
50 70
95 89
50 5
95 89
89 50
95 5
50 89
5 95
95 89
95 123
89 95
89 95
89 95
5 89
50 89
89 95
50 95
5 95
5 50
89 95
95 50
107 13
89 47
89 95
63 120
100 119
94 100
107 13
89 83
50 5
50 95
95 50
89 95
34 65
5 89
50 89
95 5
89 50
5 89
50 95
89 95
5 89
89 50
95 5
5 89
89 95
50 89
5 95
5 95
95 5
5 95
5 50
89 95
121 92
89 126
95 89
95 89
89 95
89 95
20 8
5 89
50 95
5 95
5 89
5 95
95 50
50 5
125 51
95 50
50 89
89 95
95 89
5 89
5 50
5 50
50 89
89 94
5 41
89 95
95 5
89 95
95 50
95 89
89 50
95 50
5 50
89 95
95 109
89 47
95 5
95 23
50 95
89 50
5 50
5 89
89 5
89 50
89 95
5 95
5 50
50 95
5 47
95 89
50 95
5 95
5 89
89 50
89 95
95 89
89 95
20 8
50 46
5 95
89 5
89 95
89 95
95 50
5 89
95 5
5 95
5 95
50 95
95 50
89 18
95 50
5 95
95 89
41 126
95 5
95 50
89 5
95 5
5 89
50 5
95 89
95 89
64 5
5 95
95 5
95 125
5 89
95 89
95 50
95 89
89 5
89 95
51 31
99 26
50 5
89 50
89 5
89 95
89 95
95 89
95 23
89 95
5 95
89 95
95 89
95 71
5 95
95 123
5 73
95 26
5 89
50 95
50 5
95 89
89 5
95 50
89 5
89 95
41 68
5 89
50 89
89 5
50 10
89 5
106 98
50 95
89 88
89 95
89 95
50 5
95 50
89 95
50 84
89 95
50 89
50 113
50 8
50 95
5 89
89 95
95 50
89 95
50 89
5 89
50 95
89 50
89 5
95 5
5 95
5 50
50 49
89 95
95 89
95 89
89 5
89 5
95 50
5 89
89 95
95 89
95 125
5 89
15 79
95 23
89 50
5 95
89 95
89 95
50 89
95 14
89 92
89 5
89 95
75 89
95 50
58 59
5 50
95 89
5 89
50 95
5 50
95 50
5 95
95 50
15 83
95 14
113 58
89 95
5 89
95 50
89 95
15 83
95 5
5 89
89 95
50 5
95 89
5 95
89 83
89 95
5 95
50 95
95 5
123 119
89 95
83 14
89 95
20 121
95 89
50 95
5 95
5 95
95 89
95 14
89 95
89 22
95 50
89 95
50 5
95 89
95 50
5 68
95 89
89 95
5 89
50 95
5 50
5 47
50 95
89 95
5 89
118 13
50 91
50 89
95 50
5 41
120 5
95 14
63 120
89 5
89 95
89 76
89 95
89 95
95 89
89 5
5 89
50 5
5 95
89 50
89 95
89 95
89 5
5 95
5 50
5 23
5 50
125 17
89 95
41 70
95 89
50 5
5 89
107 13
95 89
89 95
95 5
89 95
95 89
89 50
89 95
5 50
89 50
89 82
89 95
17 124
95 89
89 50
89 50
95 50
50 95
5 89
95 89
50 61
89 8
42 51
50 95
5 89
50 3
95 89
89 1
95 89
95 5
50 95
5 95
89 109
89 50
5 50
89 50
95 23
50 74
95 89
95 50
5 95
50 95
5 89
5 95
89 5
95 50
50 81
89 5
50 95
5 89
95 64
89 95
89 14
89 95
50 95
95 89
89 95
95 5
89 95
5 95
5 73
89 95
89 99
5 95
89 95
50 89
17 63
95 50
95 5
89 50
50 75
50 95
50 120
95 89
89 95
95 89
50 95
89 95
89 5
89 95
89 10
95 89
5 95
89 95
5 50
5 73
89 5
95 89
89 95
50 95
95 20
89 95
89 95
89 95
89 95
5 95
5 95
95 50
50 89
89 95
89 50
95 14
5 89
50 95
95 50
89 95
5 89
5 89
50 95
89 5
5 50
89 50
95 89
5 17
5 95
95 89
89 95
95 89
89 95
50 95
89 95
5 95
89 5
89 95
50 95
95 89
50 95
50 95
5 28
95 89
95 52
89 95
89 50
50 89
50 95
5 89
50 89
63 79
95 50
50 95
89 5
95 14
63 79
125 82
89 95
50 95
95 50
5 89
95 50
5 95
89 50
95 89
5 50
94 113
89 21
89 95
89 5
113 58
89 95
89 5
95 5
120 42
50 89
89 95
95 5
5 89
89 95
89 50
50 95
50 89
5 95
20 64
50 95
95 47
89 95
89 95
95 5
95 50
5 95
89 50
58 113
89 50
95 5
64 13
89 50
50 95
50 89
50 89
95 5
5 89
5 95
95 50
89 5
89 50
89 5
89 95
5 20
89 95
89 95
50 127
5 89
89 5
95 5
50 95
89 95
118 65
95 50
89 5
5 50
50 95
89 95
95 89
89 50
95 89
89 83
89 95
50 5
5 89
89 95
89 95
89 95
89 95
50 95
42 81
89 95
89 95
89 95
5 14
95 50
95 50
89 95
89 95
89 95
89 95
89 50
50 85
95 5
95 89
118 65
5 95
5 89
5 3
5 50
89 95
95 5
95 83
5 95
50 89
95 5
5 89
95 14
89 95
17 116
89 95
95 122
50 95
89 95
89 5
95 50
95 50
89 95
5 95
5 89
95 89
107 13
89 42
5 95
89 95
5 95
89 78
89 95
50 95
95 89
50 115
50 95
5 95
50 5
95 5
50 95
95 50
95 50
89 95
89 5
95 5
95 50
95 89
5 95
50 5
5 89
5 95
119 123
50 5
89 42
89 95
95 89
50 43
89 50
5 95
5 50
94 47
50 89
89 50
89 5
95 5
95 89
95 50
89 95
65 24
89 95
89 95
89 95
95 5
89 95
95 5
95 89
5 50
5 95
50 89
95 83
41 39
89 95
95 89
89 48
5 89
50 95
89 95
15 79
5 50
95 89
89 95
95 5
63 120
50 95
95 50
50 60
89 50
50 5
89 95
50 5
50 79
89 95
50 89
95 50
50 5
50 95
95 50
5 95
50 89
5 89
89 111
95 89
89 95
5 50
89 5
50 95
95 89
89 95
89 95
89 5
5 95
89 95
89 5
50 5
119 123
89 95
89 50
89 28
89 68
50 95
5 50
89 5
50 95
95 89
17 50
5 95
95 89
50 74
5 47
95 80
95 75
89 95
95 89
89 95
89 95
50 95
50 95
95 5
5 89
50 95
95 89
95 89
89 95
50 95
5 79
95 89
89 122
95 89
5 50
89 95
5 115
89 50
50 38
95 89
50 99
50 5
5 89
50 95
95 50
5 95
89 31
5 43
89 95
89 50
95 50
50 89
95 89
50 89
5 76
95 5
95 50
95 5
50 95
95 89
95 14
95 50
89 95
95 50
89 95
5 50
95 89
5 95
95 50
5 95
5 95
84 5
95 50
95 89
5 95
50 89
50 95
95 88
51 85
95 89
89 50
58 113
5 95
50 95
95 50
89 5
95 89
89 50
5 50
5 89
89 95
89 32
5 81
5 95
50 5
89 95
5 95
95 50
5 50
89 5
89 95
89 95
5 89
89 95
5 95
89 95
89 95
15 79
89 95
89 95
89 95
89 5
50 95
89 95
89 95
50 95
5 89
5 91
89 95
68 15
50 20
95 5
50 5
89 95
5 95
89 95
89 95
89 95
5 95
89 5
89 95
95 89
50 95
50 89
50 75
5 89
95 14
5 95
5 95
95 50
89 2
95 89
99 35
89 95
41 68
95 5
5 73
89 68
5 95
89 95
5 23
89 5
89 95
50 95
5 95
64 38
70 59
5 95
89 95
95 50
95 89
95 5
50 119
116 95
5 95
15 79
95 1
95 50
95 5
50 95
89 95
5 47
89 95
89 95
89 95
89 5
5 95
5 95
50 95
89 95
89 5
89 95
47 20
89 5
5 50
95 96
89 95
50 5
89 50
89 95
95 89
89 50
50 95
50 95
95 14
95 50
5 95
34 65
5 32
95 89
95 116
89 95
95 5
5 95
5 95
89 95
68 14
5 0
5 95
89 95
50 65
89 66
89 111
5 119
95 5
5 123
95 89
89 50
5 73
89 5
89 95
95 89
83 106
89 5
96 111
95 89
64 83
89 95
5 95
99 98
89 95
5 89
50 105
5 89
50 95
5 95
99 40
95 123
89 95
89 95
5 50
50 95
5 95
95 38
89 95
95 5
89 95
89 95
89 95
42 81
89 50
51 82
5 95
95 89
95 89
95 89
51 42
95 89
95 89
89 95
95 89
5 50
95 50
89 50
89 95
50 95
5 95
95 14
5 41
50 5
42 51
95 14
5 95
50 5
95 50
89 50
89 95
89 95
89 95
5 89
41 70
89 95
89 95
5 95
95 50
89 95
95 89
95 50
5 50
89 95
95 89
89 95
5 95
5 95
5 89
50 95
89 50
50 95
95 89
95 5
95 80
50 95
89 95
5 95
95 57
50 89
5 95
95 50
95 89
89 95
50 89
89 50
107 13
50 82
5 89
95 23
5 95
95 89
50 5
95 89
89 64
50 89
41 15
89 95
50 95
50 89
89 5
89 50
50 95
89 95
95 66
89 95
89 95
50 5
89 95
89 5
95 14
95 50
17 105
5 50
89 50
89 95
50 89
95 89
5 50
89 72
95 89
50 89
89 95
89 95
50 95
89 95
50 5
89 42
95 89
50 95
5 95
95 50
50 89
5 95
95 5
95 89
89 50
50 95
5 89
5 50
5 95
89 95
95 89
95 50
5 50
89 95
99 89
5 95
95 23
95 50
95 23
89 95
50 89
99 104
89 5
89 95
95 5
89 95
5 89
50 40
89 95
50 45
89 95
95 89
89 95
95 1
89 95
89 95
95 89
89 95
89 95
50 17
95 14
5 95
66 95
89 59
89 95
95 89
95 14
95 89
89 50
96 91
95 50
89 95
5 95
89 5
95 89
89 95
89 50
50 95
5 95
89 50
50 5
89 95
5 95
5 28
50 89
95 89
95 50
50 95
89 5
89 95
95 50
5 89
65 34
5 47
5 95
95 89
50 95
89 107
79 63
95 50
5 50
89 95
95 50
5 95
95 89
89 95
50 45
89 52
89 95
20 64
5 50
95 50
5 89
50 95
89 50
89 95
89 50
20 8
89 5
95 89
50 95
95 5
89 5
50 95
125 70
5 50
89 50
5 50
5 67
89 95
50 95
95 50
5 89
89 95
50 95
50 89
95 50
95 89
89 95
89 50
95 5
89 95
5 50
95 89
89 95
89 47
89 95
89 95
50 5
95 14
50 79
5 61
50 5
95 89
89 95
5 89
95 89
50 95
50 14
95 50
95 8
95 84
5 89
5 95
5 95
89 5
50 95
89 50
50 95
96 83
5 89
41 68
5 95
89 95
95 50
5 89
95 89
95 50
89 95
89 5
89 95
107 13
68 15
50 89
89 95
50 54
95 50
50 95
89 95
89 95
95 5
95 50
50 5
89 95
5 95
89 95
5 89
99 15
89 95
5 23
95 5
89 50
5 95
89 95
89 95
5 4
50 89
5 89
5 50
89 95
50 95
50 95
113 58
95 50
89 95
95 5
89 71
95 102
95 89
95 89
95 89
5 50
89 95
50 95
89 95
89 95
5 95
5 118
5 89
50 95
5 50
50 95
95 89
50 95
89 95
5 95
5 95
89 32
89 95
65 86
50 5
5 89
89 95
79 96
50 5
5 50
95 5
89 95
50 95
89 95
89 95
50 94
5 73
95 14
89 50
50 89
50 89
5 89
92 89
5 41
5 95
89 95
95 89
50 5
95 89
50 89
89 95
50 95
89 95
50 95
5 95
89 5
95 50
50 89
89 95
89 95
5 95
50 89
89 95
50 95
5 89
5 95
89 95
89 95
5 95
5 95
41 117
50 95
50 95
95 89
95 14
50 95
89 95
89 50
95 89
20 8
95 89
5 95
20 64
89 66
89 95
89 5
89 95
89 95
95 89
89 95
50 95
50 5
5 95
89 5
95 50
89 95
50 95
5 95
89 5
95 89
89 5
95 89
17 80
50 45
89 95
5 95
95 50
95 89
50 89
50 95
89 95
95 89
89 5
89 5
5 50
95 89
89 50
89 50
5 16
5 89
95 89
50 95
89 50
89 95
95 5
95 23
95 89
42 51
54 89
89 95
95 14
5 47
50 6
50 5
89 95
95 5
95 23
95 5
95 50
89 95
50 95
5 95
89 95
95 89
5 89
5 95
89 95
95 23
89 95
89 95
100 119
95 89
89 50
5 42
89 5
50 89
95 50
5 95
89 50
107 13
50 95
32 74
95 5
89 95
5 95
5 95
5 89
89 50
89 95
95 23
50 89
95 89
95 23
89 95
89 20
42 51
95 5
5 75
89 50
5 115
89 95
50 95
5 73
95 89
99 41
95 89
89 95
5 95
5 89
5 95
89 95
5 89
5 95
50 21
50 95
50 5
50 95
50 95
5 47
89 95
5 50
89 95
95 89
50 63
50 95
95 89
95 50
50 89
5 89
95 89
89 95
5 95
95 89
95 5
89 95
95 89
5 50
50 95
89 95
89 95
95 112
89 50
51 35
95 115
89 95
50 17
95 50
95 50
89 50
50 95
50 95
89 95
89 50
5 89
50 95
89 5
89 50
5 89
5 73
50 95
95 50
89 5
54 100
95 99
95 50
89 95
50 5
95 89
89 95
95 50
89 95
50 95
89 95
5 76
89 95
89 95
95 5
89 41
5 95
95 5
89 95
50 5
89 95
95 89
50 95
95 50
95 82
95 89
89 5
89 50
95 89
89 50
89 50
5 95
95 89
89 5
89 95
95 89
50 5
65 75
89 50
89 95
89 95
95 50
50 89
95 50
50 95
89 95
89 95
95 50
15 79
89 95
5 47
5 95
5 50
95 50
89 95
95 5
50 95
89 50
95 5
89 95
89 95
89 95
56 99
5 95
95 14
89 5
89 50
95 89
5 89
5 50
89 95
95 89
5 120
95 89
89 95
95 23
95 89
89 50
95 50
89 95
89 50
5 73
5 28
89 95
5 95
89 95
89 50
95 89
58 75
89 95
5 95
89 95
89 50
89 50
13 64
5 73
95 89
89 35
89 95
50 24
95 89
89 95
89 95
50 13
95 50
89 95
89 50
95 89
5 89
99 4
96 63
89 95
50 95
95 5
89 95
95 89
5 95
95 89
89 95
95 5
5 89
95 89
89 5
5 38
5 89
89 95
50 95
89 95
5 50
95 89
89 95
65 28
5 89
50 89
89 95
84 50
68 15
50 95
50 95
5 95
5 41
89 50
89 63
95 50
89 95
95 89
113 58
50 18
50 44
95 23
89 95
50 46
89 5
59 5
95 89
94 7
50 89
89 95
89 95
89 50
95 89
95 93
89 105
89 50
89 95
89 95
89 95
95 89
89 95
95 5
113 58
5 89
5 58
89 95
95 119
50 74
95 89
5 89
50 95
95 89
95 50
50 89
89 95
50 95
95 5
50 95
95 89
89 23
50 95
20 8
89 95
5 94
95 89
50 89
50 95
50 95
5 89
95 5
95 23
89 50
50 89
95 83
5 50
5 89
50 89
5 50
50 95
89 95
50 95
95 89
95 89
95 89
113 74
89 95
5 95
5 89
89 95
73 5
50 95
50 95
95 50
50 96
95 5
54 83
5 89
89 95
5 95
50 95
50 95
95 50
89 94
5 50
89 95
89 50
94 116
58 75
89 95
89 5
5 95
95 102
50 5
5 95
95 89
25 106
41 121
89 50
50 71
50 5
5 95
5 95
5 89
50 89
50 5
50 95
95 89
95 50
5 95
89 95
13 107
50 95
89 95
95 50
50 95
95 5
50 117
5 95
89 50
5 50
89 95
50 95
5 95
89 50
5 95
17 74
89 50
5 50
89 95
5 89
89 95
89 50
95 89
5 20
50 109
50 95
89 95
89 95
5 95
5 95
5 0
50 95
95 89
89 95
80 50
95 89
95 23
5 50
89 50
5 89
89 95
95 89
95 50
50 89
89 95
89 95
50 95
95 89
50 95
50 89
89 95
95 89
89 95
5 89
50 95
95 5
89 122
5 50
100 54
42 121
95 79
5 56
89 95
50 55
89 5
95 5
89 95
89 5
89 5
95 50
89 95
50 95
50 95
89 95
95 5
89 50
89 95
5 16
5 68
89 95
89 95
89 95
95 50
50 89
95 116
50 25
95 89
89 95
95 89
89 50
89 95
5 89
20 94
51 63
41 67
95 50
5 95
95 89
89 5
50 76
95 89
119 99
95 50
50 89
50 95
89 95
95 89
95 89
5 89
5 95
95 89
95 89
95 5
95 50
5 95
50 95
5 95
95 28
79 80
50 89
89 95
50 89
89 95
89 95
5 51
50 126
95 89
89 95
5 95
89 95
95 125
95 5
15 83
89 95
50 95
50 89
113 58
95 50
89 95
95 20
89 95
89 95
50 17
50 45
50 67
50 95
95 89
89 50
95 123
50 46
5 47
89 95
65 94
95 89
89 50
89 50
50 95
50 95
50 89
50 95
5 73
5 50
95 50
89 95
17 77
89 95
125 122
95 50
89 50
5 89
95 50
50 5
50 26
5 50
95 89
5 50
95 89
5 95
95 89
95 5
89 95
95 89
50 95
89 50
95 18
89 95
5 89
95 113
50 52
5 89
5 47
50 5
50 95
89 50
89 95
95 50
50 95
50 95
50 5
95 5
89 50
95 50
5 89
5 89
50 89
5 95
94 80
5 89
51 73
89 79
89 95
5 89
89 95
89 5
68 41
5 89
95 5
89 95
89 14
89 115
89 5
96 127
5 89
95 89
5 50
15 83
5 56
50 26
14 81
5 73
95 23
95 89
89 5
5 95
50 95
89 26
15 34
95 23
95 89
5 95
89 95
5 50
89 83
50 89
95 50
89 95
89 95
89 14
89 50
50 60
89 49
89 95
5 95
89 50
5 89
95 89
5 89
5 51
5 95
50 89
50 5
89 95
50 95
89 50
89 95
63 96
50 95
95 5
118 13
50 17
5 107
64 50
89 95
89 5
50 95
95 50
89 5
89 95
5 73
89 50
89 50
89 95
5 95
5 73
89 95
95 71
113 46
95 89
5 95
5 50
95 50
5 95
89 53
42 51
95 50
89 95
50 95
50 95
95 82
99 15
95 89
95 50
95 5
89 95
96 38
5 95
5 39
95 89
95 5
50 15
50 95
5 50
89 95
51 5
50 89
5 89
5 70
5 89
95 89
95 5
5 89
89 50
5 95
89 95
5 95
95 89
95 5
89 5
89 95
5 89
89 95
41 23
95 50
5 94
95 89
50 89
89 95
89 50
95 14
94 106
79 83
95 23
89 95
95 89
5 50
5 95
5 95
50 95
95 89
89 50
50 94
5 73
89 95
50 95
89 95
50 89
95 5
89 5
50 89
5 95
95 89
5 89
5 89
89 95
94 20
5 89
95 56
50 95
95 89
5 89
95 50
119 100
89 95
50 22
95 50
50 5
95 70
89 50
89 95
50 5
89 38
125 98
50 95
89 5
95 89
50 95
50 89
89 50
5 95
89 74
95 5
5 73
89 50
95 5
89 95
95 89
89 95
95 89
95 50
89 95
95 89
89 5
89 95
89 81
5 95
5 50
89 95
95 89
5 89
89 5
64 94
95 89
5 73
50 5
95 89
89 95
42 5
89 5
31 50
95 89
95 5
89 95
5 89
95 5
89 95
50 2
89 5
95 89
95 5
5 89
95 89
94 89
95 5
5 89
50 95
50 120
89 95
5 89
5 95
89 5
5 86
50 95
5 50
50 89
95 50
50 95
89 50
95 89
50 95
5 58
50 5
95 89
89 54
5 47
5 89
5 50
50 95
50 95
50 89
95 89
5 95
50 95
95 14
95 89
95 89
50 95
95 5
95 89
89 95
51 12
50 89
95 40
5 95
95 89
5 47
50 5
89 50
95 89
50 89
95 98
95 89
95 89
95 89
95 5
5 89
95 50
89 5
89 50
50 118
50 34
95 89
5 73
89 50
95 5
95 50
17 83
111 14
50 95
95 50
5 50
50 95
5 50
95 50
89 95
50 89
89 95
5 95
89 95
50 95
68 15
95 5
95 89
50 95
89 95
51 79
95 5
5 95
5 50
5 95
5 73
5 89
95 89
5 122
5 95
50 95
89 5
89 50
54 50
50 95
89 95
95 89
14 81
50 95
95 89
89 95
89 95
50 89
125 98
50 5
89 95
5 95
50 84
95 89
95 50
89 95
95 89
95 5
89 3
89 95
89 95
50 16
95 50
89 95
89 95
99 21
5 89
89 50
50 95
5 50
89 50
89 95
50 61
65 117
50 95
5 42
95 5
95 89
89 50
5 89
89 95
89 8
89 95
89 50
5 79
5 89
95 50
95 5
95 76
89 50
95 89
50 95
5 50
5 42
89 95
95 5
5 73
34 111
50 95
54 20
5 50
50 95
89 50
5 50
5 89
89 95
89 50
89 95
95 89
50 95
95 79
89 95
89 50
5 50
95 5
95 50
50 95
89 95
89 95
89 5
89 5
95 5
89 50
54 25
50 95
89 50
89 5
95 89
5 50
94 116
89 5
95 89
89 95
51 83
95 89
89 95
113 51
95 89
95 17
50 89
5 50
95 5
95 5
50 95
89 5
42 81
95 5
5 95
50 95
54 95
50 95
5 89
89 95
50 5
119 123
95 5
95 5
89 50
95 89
50 95
64 65
50 5
50 89
17 5
5 50
89 5
89 95
95 14
41 10
80 50
50 5
95 89
89 95
95 5
89 95
89 5
89 50
95 89
95 50
5 95
5 95
5 95
81 100
5 47
95 5
89 95
89 95
5 95
63 96
89 95
50 112
95 50
89 49
95 5
5 95
5 95
89 95
89 95
95 5
89 50
95 89
63 79
50 95
50 95
58 79
5 95
89 95
95 50
89 95
5 89
95 50
89 95
95 63
95 80
95 5
89 95
95 89
89 95
89 95
89 95
50 89
5 89
89 95
65 34
89 95
89 95
89 95
50 116
50 95
5 76
5 95
5 89
95 50
89 50
50 95
89 50
95 5
89 95
50 95
89 94
95 89
5 95
95 89
95 89
95 50
95 71
50 0
5 95
95 5
89 50
5 47
50 95
95 23
50 95
89 95
50 95
5 95
89 95
89 95
107 13
89 5
50 95
89 5
95 50
89 95
42 51
89 95
5 50
95 5
5 95
89 95
50 95
50 22
5 89
95 50
54 120
50 5
95 50
63 42
50 95
95 65
89 95
68 15
95 89
89 50
95 18
5 95
95 89
89 50
50 55
89 95
41 25
5 95
5 50
5 95
50 95
95 89
89 10
50 95
95 89
95 89
95 50
89 95
95 89
5 50
17 51
89 50
89 50
95 89
95 89
95 127
5 89
5 95
89 95
5 95
89 95
95 14
89 95
5 50
89 5
95 89
64 88
95 89
50 95
89 5
5 50
125 59
50 46
41 68
89 95
5 21
5 95
89 95
89 5
89 95
89 5
5 95
50 16
50 89
95 50
89 95
50 95
5 21
89 50
50 95
89 95
89 95
95 23
89 95
83 106
5 89
5 50
5 89
5 89
5 50
89 48
89 95
89 50
95 89
50 65
89 50
89 50
89 50
5 95
95 89
50 95
89 5
95 89
50 89
5 57
89 95
50 89
89 99
5 95
95 14
123 95
5 95
89 95
89 95
50 89
89 50
5 50
5 50
50 79
89 95
50 95
89 50
95 50
89 50
95 89
50 95
5 89
95 50
64 118
89 50
5 89
50 89
89 66
96 74
5 95
95 14
89 30
89 50
5 46
50 5
125 102
89 95
89 95
95 50
5 89
50 5
50 95
5 89
95 50
89 95
95 122
50 5
89 95
95 89
50 95
89 50
89 95
95 89
89 5
89 123
89 96
50 89
95 89
5 95
89 50
113 58
89 95
50 95
5 96
95 89
50 95
95 89
89 95
95 50
89 95
95 50
50 89
5 95
95 89
89 50
5 89
5 95
89 95
50 95
89 95
89 95
50 17
94 83
5 95
89 95
50 5
50 89
89 95
50 89
89 95
89 95
113 127
20 8
50 95
5 101
89 50
50 89
95 50
5 95
50 89
5 95
95 5
50 95
89 5
89 95
89 95
89 95
74 32
50 89
95 89
5 42
50 95
95 89
89 95
5 50
5 60
5 79
95 14
95 89
95 45
5 50
89 95
95 89
89 5
96 76
95 50
89 5
89 95
89 5
89 50
89 95
95 101
5 47
15 83
95 50
125 25
95 110
50 34
95 89
89 50
95 89
50 95
89 5
89 5
50 95
5 95
89 95
5 50
50 95
95 14
89 95
89 50
56 95
89 50
50 95
89 95
89 50
95 10
95 89
64 5
50 95
50 95
50 95
95 23
81 42
89 95
95 89
50 95
95 89
95 89
5 89
89 95
95 50
5 89
5 83
5 89
95 89
89 95
89 75
95 50
95 89
50 29
89 95
89 5
50 95
89 95
5 95
89 95
89 95
50 89
89 3
89 95
5 95
50 95
5 50
99 43
5 95
89 95
50 70
50 5
89 50
95 89
20 64
5 89
95 5
89 50
5 95
89 83
89 0
95 5
89 5
5 82
89 95
50 95
107 13
50 89
89 95
5 50
95 89
95 89
89 50
50 89
5 89
95 50
95 89
95 50
95 23
50 43
81 42
89 5
50 95
95 89
5 95
50 5
5 95
89 95
89 14
89 5
50 95
95 89
89 95
5 50
50 95
96 51
50 5
5 66
95 83
95 50
89 95
5 89
95 89
89 95
5 50
89 95
5 95
89 95
5 89
89 95
89 38
5 95
5 89
5 47
5 50
89 95
50 89
5 95
95 89
89 95
89 5
50 95
5 95
95 50
89 0
89 5
98 50
50 95
5 95
89 5
65 99
50 95
5 89
50 56
95 89
50 95
89 5
95 14
95 20
95 89
95 5
89 95
50 5
83 111
5 89
89 95
89 95
89 5
5 89
89 95
89 95
63 79
95 89
5 95
89 80
89 5
95 89
89 95
89 95
89 16
5 86
5 95
95 50
50 95
95 5
50 5
89 5
89 102
50 89
50 89
5 8
50 95
50 5
95 5
17 20
89 5
95 23
50 5
5 95
95 50
89 95
89 50
5 89
5 47
50 95
125 95
5 95
95 89
89 95
58 113
107 13
50 95
50 95
89 14
125 111
89 5
95 89
95 89
89 95
89 95
89 95
95 50
95 5
95 89
95 83
95 83
15 83
50 89
5 95
95 89
89 50
95 88
95 50
89 50
89 95
95 5
5 95
89 95
89 95
99 58
50 95
89 95
95 89
50 95
95 89
50 89
83 106
5 50
5 50
89 95
5 89
89 95
95 89
95 5
5 95
5 38
57 5
89 5
113 58
89 95
5 95
89 50
95 14
50 95
5 89
50 43
5 89
89 95
89 95
89 95
95 89
94 78
5 95
89 50
50 89
5 95
95 50
89 95
89 95
95 50
89 95
89 95
95 50
89 95
89 95
95 89
5 89
50 5
95 8
89 95
50 121
89 5
95 89
125 109
50 26
95 50
5 89
89 95
5 50
89 95
89 50
89 95
96 28
5 95
70 42
5 50
68 15
50 95
89 5
50 95
95 89
89 5
5 95
50 21
50 95
50 91
95 50
95 89
5 50
5 89
47 20
89 50
50 5
89 95
89 17
89 111
96 31
5 50
89 95
50 105
89 5
95 50
89 50
95 50
95 50
64 3
5 47
89 95
50 89
89 95
95 50
89 95
5 89
89 95
95 89
89 5
5 47
95 89
5 95
5 95
5 95
94 66
89 95
95 50
95 50
75 89
50 95
5 95
89 10
95 50
50 95
89 14
89 50
5 89
5 50
5 95
89 95
95 89
17 121
5 50
95 89
50 89
89 50
5 95
50 89
50 95
5 50
5 123
89 5
50 65
89 95
89 95
5 89
50 52
95 50
5 50
95 5
95 89
95 89
95 89
95 50
89 95
89 5
95 89
95 89
50 89
5 89
89 20
50 95
89 95
50 95
15 83
95 50
95 50
95 50
20 64
95 50
50 5
95 89
89 95
50 99
50 89
13 5
5 41
50 95
5 95
5 48
5 95
5 95
50 95
50 95
95 5
50 95
89 50
95 122
5 95
5 89
89 50
50 63
95 5
95 5
5 95
89 5
89 95
95 89
89 95
5 115
95 89
89 95
95 50
5 56
5 89
89 95
54 70
89 95
89 95
95 89
89 95
5 89
5 95
95 89
95 89
5 95
89 5
89 5
5 95
95 50
95 89
50 38
95 5
89 50
95 0
50 99
89 95
89 95
89 5
89 95
50 95
95 50
89 95
89 95
95 123
95 63
89 50
89 95
89 95
5 50
96 124
89 50
50 19
94 31
89 79
95 50
95 89
5 58
95 89
5 79
89 5
50 5
5 95
95 23
95 117
89 83
5 89
5 95
89 95
95 89
95 5
5 95
50 54
95 50
89 95
50 95
50 95
95 89
89 50
5 73
95 89
89 95
89 95
95 50
50 95
5 89
89 95
95 89
5 95
95 89
89 5
89 95
5 95
89 50
89 95
89 50
50 5
89 95
107 110
50 95
5 95
95 89
94 76
95 50
95 5
95 89
50 95
95 89
70 89
5 50
89 95
50 95
5 63
89 95
50 1
5 95
50 95
50 95
95 89
64 83
95 50
89 95
20 64
95 5
89 95
89 95
89 95
95 89
89 95
50 5
5 95
100 74
50 95
5 47
89 95
50 95
50 89
75 89
89 95
89 95
50 95
89 5
89 95
89 95
50 96
50 95
89 94
89 95
5 89
95 89
89 95
89 50
89 5
5 50
50 95
5 89
89 95
95 50
95 5
95 5
50 5
50 89
50 5
89 95
89 95
95 89
89 95
5 50
89 95
95 50
50 95
95 38
95 89
89 95
50 5
89 95
50 95
89 95
89 5
5 47
5 95
89 124
95 89
50 95
5 95
95 5
50 89
89 45
15 79
121 74
50 95
5 50
50 95
5 50
5 95
5 95
89 95
5 95
89 95
118 42
5 95
50 95
89 50
89 95
50 89
50 42
95 89
95 89
5 89
89 95
89 50
5 50
5 89
89 95
5 89
89 95
95 89
50 5
5 47
50 5
89 5
95 89
95 5
95 23
5 89
95 102
95 50
50 89
5 95
89 95
89 95
50 95
5 50
89 50
50 95
95 5
42 51
95 21
5 73
5 95
50 95
95 23
5 95
95 5
51 83
50 5
5 95
5 95
89 95
89 95
5 50
5 73
89 95
5 95
89 65
89 95
95 89
121 2
5 95
83 106
5 50
26 89
89 95
5 77
89 5
50 95
50 117
95 50
50 95
50 2
89 5
89 95
89 5
89 95
5 95
25 74
89 50
42 51
95 89
95 89
95 89
50 95
50 95
95 89
50 95
5 95
95 5
95 50
50 89
5 50
95 50
15 34
89 95
89 50
5 50
89 50
89 95
89 77
95 89
15 41
89 95
95 50
50 89
50 89
100 54
89 95
89 95
5 47
89 95
50 89
5 89
95 89
5 95
89 123
95 89
50 95
89 5
95 79
89 5
89 95
89 95
89 95
5 89
89 95
89 95
50 5
89 95
95 89
95 50
89 118
89 95
41 15
95 5
89 95
95 50
50 89
95 89
95 47
125 95
89 50
95 89
50 95
89 95
94 0
5 89
5 65
5 41
89 50
5 95
89 45
5 95
5 89
95 89
89 95
89 95
41 97
5 89
5 89
50 72
89 5
50 89
5 50
42 51
50 95
47 89
89 95
89 95
89 50
89 95
5 73
89 5
95 89
64 83
95 89
95 50
89 95
50 95
50 17
89 50
89 95
95 5
5 89
89 95
5 95
89 5
89 95
89 95
50 5
95 5
89 50
95 50
5 8
89 1
5 95
51 42
95 5
95 23
5 110
50 95
89 50
95 89
50 89
89 50
5 95
63 79
50 89
5 89
95 89
50 5
95 89
89 95
95 5
95 89
95 5
50 89
5 47
89 95
89 95
89 95
5 89
50 95
50 89
5 95
50 5
95 50
89 95
95 89
50 5
89 95
5 89
95 50
5 89
89 95
5 95
5 89
89 95
95 50
5 89
50 89
95 50
89 50
5 89
50 5
5 50
5 95
89 95
17 45
50 95
89 50
13 107
95 89
89 95
50 95
95 50
95 5
89 50
89 5
50 89
50 98
89 50
5 50
95 50
89 5
95 14
89 95
50 95
89 50
95 89
89 95
89 95
5 73
5 50
95 89
95 1
5 89
5 50
89 95
89 74
5 95
95 89
5 50
5 89
89 5
5 47
89 50
50 95
41 24
5 95
95 89
95 123
95 18
95 0
125 17
89 95
50 95
68 41
95 77
95 14
54 41
95 50
89 78
50 95
89 50
89 95
20 8
95 50
89 5
8 64
95 5
95 89
5 89
50 95
89 95
89 5
123 119
89 68
89 50
56 34
89 95
95 117
50 89
89 50
95 89
5 50
89 95
50 89
5 95
95 5
95 50
118 42
50 95
89 5
5 50
95 89
50 89
89 95
89 111
95 38
5 73
5 67
5 20
50 95
89 50
41 85
50 89
89 50
89 95
50 95
95 89
95 5
89 95
95 5
89 95
89 95
89 95
50 95
89 95
95 50
50 95
89 95
89 50
95 50
89 95
89 95
5 89
51 28
95 89
50 95
95 14
50 95
95 89
5 95
89 50
95 89
5 95
5 89
89 95
42 51
5 89
95 74
89 50
89 5
50 89
89 95
95 50
50 95
95 89
95 5
5 73
50 95
5 89
89 95
89 95
89 5
95 116
5 95
5 89
111 70
95 89
95 5
99 17
89 50
5 95
74 99
89 95
5 73
95 89
50 89
89 50
50 95
89 95
89 95
89 95
89 95
5 50
50 95
50 95
5 95
89 95
5 84
89 50
50 89
5 95
95 5
5 89
5 95
89 95
89 95
5 95
89 123
50 5
95 14
95 89
5 89
89 5
113 58
50 95
5 89
89 5
5 95
50 39
5 95
5 50
89 107
25 18
50 73
89 95
5 89
95 5
89 95
5 95
5 95
5 89
89 50
89 101
89 5
95 50
95 23
95 89
50 95
89 50
89 50
89 95
95 125
5 89
50 89
50 89
50 95
89 50
5 95
50 113
58 83
89 95
89 95
50 95
89 95
89 95
89 5
89 95
64 107
89 95
95 89
50 25
5 99
17 45
96 76
95 5
50 95
50 95
50 95
89 95
89 38
5 50
5 89
95 115
5 95
89 50
50 95
89 95
95 5
89 50
5 95
95 117
50 95
5 95
50 95
89 95
95 89
5 95
89 95
89 95
5 50
50 95
89 5
5 89
89 5
89 95
89 95
95 2
89 50
5 89
95 5
89 95
95 89
95 50
95 50
95 89
89 95
89 50
89 79
5 50
5 95
5 95
89 50
95 50
50 95
5 95
89 95
89 95
50 95
5 73
89 95
95 89
5 95
5 50
50 95
50 5
17 16
95 50
89 95
95 50
54 95
50 95
50 5
95 89
95 14
50 95
5 73
89 95
95 50
95 124
17 98
95 89
5 89
89 50
89 59
5 95
125 17
64 8
89 28
89 95
50 5
89 50
89 95
95 50
89 50
50 5
95 5
99 79
89 95
89 95
89 20
89 95
89 5
89 50
50 111
50 89
89 95
95 5
89 57
95 89
97 89
89 95
50 95
89 50
95 50
50 95
89 50
89 95
50 5
5 28
17 115
50 95
50 95
98 50
95 89
95 50
20 8
95 50
5 89
5 50
50 95
89 5
89 95
95 60
5 88
89 95
5 76
50 95
95 5
95 5
5 89
5 89
89 95
5 73
5 83
125 11
95 5
5 50
89 95
50 95
95 89
5 125
89 95
89 23
5 50
5 84
50 95
50 89
95 89
5 89
89 73
89 95
89 5
95 23
89 95
50 89
50 95
95 89
20 64
50 95
5 95
50 83
5 89
89 95
89 50
50 5
5 50
95 5
89 95
50 95
50 95
95 89
89 95
20 123
89 50
89 123
95 14
89 92
63 96
5 73
50 5
89 95
95 5
20 8
89 95
50 95
89 95
89 95
64 83
95 5
89 95
89 95
50 95
51 75
89 95
95 89
95 89
113 50
89 50
50 5
5 89
95 14
50 10
89 50
95 89
20 64
89 95
95 50
95 89
95 50
95 5
50 95
5 50
5 50
89 95
50 117
95 89
89 50
50 95
5 95
50 122
95 89
89 5
5 95
89 50
95 89
95 89
5 89
50 89
50 89
5 89
89 95
95 89
95 89
5 95
89 10
89 95
50 71
50 5
95 14
89 95
5 73
95 89
5 95
89 50
50 89
5 89
89 50
5 50
95 89
5 95
5 89
5 75
50 95
95 89
89 95
89 50
95 99
50 95
50 95
89 50
89 95
50 5
95 89
89 95
5 99
95 76
89 5
50 89
95 50
95 5
95 5
5 47
42 51
95 89
89 95
89 95
5 95
50 5
123 119
23 95
23 79
50 95
5 50
89 95
95 89
95 89
50 95
5 95
89 118
64 8
95 89
95 5
50 5
95 89
5 95
95 89
113 58
5 89
5 47
50 28
54 60
89 118
89 50
89 95
50 95
5 119
50 5
95 5
50 95
95 89
17 4
95 116
5 89
89 62
89 95
95 89
95 89
89 50
89 95
95 50
50 5
5 81
95 5
5 95
89 95
95 89
95 89
95 89
89 95
95 89
89 95
64 83
95 50
89 95
95 89
89 50
89 50
95 89
89 5
89 95
5 95
50 95
89 95
95 50
89 50
89 95
95 89
50 97
89 95
50 1
50 121
89 95
89 5
96 104
89 5
50 17
89 95
50 89
95 89
89 106
50 95
50 89
89 95
89 50
95 89
5 73
5 25
95 89
50 122
89 50
89 50
94 39
89 95
50 95
89 95
95 89
50 5
95 50
89 5
95 89
5 89
100 119
42 5
89 95
5 123
89 5
95 89
5 89
5 95
50 95
89 95
5 89
95 89
5 95
63 120
89 95
89 95
5 95
64 13
17 55
89 95
107 13
89 95
89 95
95 89
89 50
50 95
5 89
5 95
50 95
89 95
95 23
95 46
5 75
89 5
95 5
95 5
95 14
51 106
89 95
95 14
95 50
5 50
95 89
5 50
89 95
50 95
5 73
113 58
5 95
95 50
5 50
89 84
89 120
5 89
95 123
5 95
110 5
50 26
89 95
65 83
89 50
89 95
89 95
125 10
95 5
56 5
94 20
50 68
95 14
89 95
89 95
89 95
89 56
5 79
95 50
5 95
20 8
5 89
5 95
5 89
107 13
95 89
89 95
5 47
89 95
89 95
89 5
50 5
89 91
50 95
89 95
95 89
89 95
5 95
50 95
89 95
50 89
89 95
95 89
50 5
95 23
50 5
5 89
20 64
5 95
89 95
95 66
5 47
89 95
95 89
63 79
95 50
95 89
89 5
50 95
95 89
95 50
50 113
99 34
95 89
5 89
89 5
95 50
89 95
89 95
95 77
89 95
99 82
89 95
5 95
89 95
32 74
50 95
89 95
89 50
89 58
50 56
50 9
50 89
50 95
89 95
89 5
50 89
89 95
89 95
95 89
95 89
95 23
95 89
89 95
89 50
89 50
95 89
95 39
95 50
50 95
89 50
95 89
89 23
50 95
51 80
95 89
95 89
89 95
89 95
95 92
50 95
95 89
89 50
50 89
5 95
89 50
89 95
89 95
50 5
5 95
89 50
89 95
50 95
89 95
5 89
56 5
89 95
95 89
5 50
95 89
89 95
89 95
89 95
95 23
89 127
89 95
89 50
89 95
5 95
50 95
95 5
50 95
95 50
95 50
89 95
50 124
15 83
89 50
89 95
5 95
95 8
95 89
89 50
50 95
95 5
95 5
89 119
89 95
95 86
95 89
89 95
89 5
89 95
95 89
50 14
95 89
50 95
50 95
95 89
89 95
50 95
51 63
5 95
5 14
89 95
50 106
50 95
89 5
89 50
95 57
99 101
95 89
89 95
50 95
89 50
50 95
5 89
50 95
15 83
89 95
50 89
89 95
89 95
95 5
5 95
5 95
51 42
95 89
121 4
95 89
89 95
95 117
41 68
5 75
95 89
50 89
95 89
89 62
95 50
5 50
95 5
50 48
89 50
89 95
5 47
89 95
100 119
89 95
50 100
95 89
5 95
95 89
89 110
5 95
89 72
5 89
95 89
50 95
63 120
50 95
5 95
5 57
89 50
89 95
89 95
50 5
89 95
95 55
89 50
50 95
89 79
95 5
95 5
89 5
95 89
50 30
5 95
95 50
50 2
95 89
95 89
95 47
95 50
50 95
89 95
94 109
89 95
95 89
50 95
89 50
5 95
50 82
89 95
50 89
89 95
95 50
89 95
50 5
50 95
95 50
95 50
50 95
5 50
50 5
50 89
89 95
95 89
5 89
5 95
95 50
5 89
50 95
50 95
5 89
89 95
5 95
95 89
50 89
50 95
5 54
95 0
5 89
89 95
95 5
50 95
50 5
5 95
89 77
5 95
89 95
89 95
95 50
5 123
50 95
89 95
89 5
50 95
5 89
5 50
95 50
89 5
89 5
50 84
95 50
89 95
5 89
95 5
89 50
113 58
89 95
15 79
50 95
50 5
89 95
17 125
95 89
80 50
5 95
89 50
113 58
50 89
50 32
89 50
89 95
95 50
125 59
95 89
50 89
95 50
95 89
5 95
95 50
50 95
41 95
95 89
5 71
95 89
89 95
89 5
95 5
89 50
95 83
95 122
50 55
95 89
95 89
5 95
50 95
5 50
95 5
89 95
5 50
89 95
107 13
95 50
95 5
89 95
50 89
50 81
89 95
89 95
95 50
50 121
95 50
95 50
50 95
51 115
95 50
95 50
95 89
89 54
89 95
89 50
89 50
50 95
5 95
50 5
95 50
89 95
50 89
5 89
95 89
89 50
89 50
89 5
50 95
89 95
89 54
95 83
50 5
95 14
50 95
50 40
95 50
89 50
89 50
95 89
50 5
5 95
89 95
50 10
50 52
95 18
89 95
89 95
96 126
5 83
50 89
89 95
5 50
5 118
50 95
95 50
50 95
54 83
95 89
50 97
5 40
89 95
95 89
5 95
95 89
95 89
95 89
5 47
95 89
5 95
89 95
50 89
89 50
89 50
5 50
89 50
95 50
95 89
5 95
89 95
95 50
51 106
5 95
89 95
89 50
95 14
50 95
89 30
54 83
89 47
89 95
89 95
5 16
89 95
5 95
95 50
95 89
5 89
89 95
89 50
89 50
89 50
95 74
95 50
50 89
54 63
95 5
95 89
95 23
89 95
89 95
89 48
50 5
89 5
95 14
89 50
50 89
32 74
95 89
89 95
50 89
5 89
50 95
5 89
20 5
89 95
89 50
125 12
89 95
95 89
89 78
50 89
89 5
50 113
5 89
5 95
50 5
89 95
95 5
89 95
5 95
89 50
50 95
5 95
89 54
50 95
5 95
50 95
50 95
89 95
89 95
89 5
50 95
89 95
95 89
89 95
50 95
95 50
89 50
95 50
89 10
50 46
5 95
89 95
89 95
5 89
50 89
41 17
50 26
89 95
41 23
95 89
50 5
50 34
50 95
89 95
5 14
95 5
5 95
17 32
5 95
89 50
5 42
89 95
89 50
89 71
95 14
5 73
5 95
99 88
50 1
95 89
20 64
95 89
50 95
89 5
50 95
89 95
50 5
89 95
95 5
5 50
5 95
5 95
95 89
89 18
5 89
89 95
5 89
89 95
95 89
5 89
5 89
5 95
89 95
95 89
50 5
89 15
42 51
5 73
50 95
89 50
89 110
89 5
89 5
89 95
95 23
89 63
89 95
95 89
89 95
89 28
50 89
89 95
89 5
89 95
89 95
89 95
89 95
95 89
89 95
5 73
95 89
89 95
95 89
95 89
5 89
95 89
89 5
5 95
50 118
50 95
89 5
89 50
68 15
95 30
89 93
89 95
89 50
95 89
50 5
95 89
95 50
89 95
89 95
89 95
5 63
89 95
95 89
89 50
50 89
50 89
89 5
89 50
5 89
89 5
89 50
89 17
41 18
50 95
5 60
50 95
50 70
95 89
95 78
50 95
89 95
5 50
50 95
89 5
95 50
89 50
89 5
89 50
89 50
89 5
95 89
50 95
5 95
5 50
5 95
68 15
50 5
89 95
50 95
50 95
95 84
64 31
95 89
89 5
89 95
89 95
5 50
50 95
95 83
95 5
89 126
89 95
89 5
5 95
89 95
42 51
89 95
5 89
89 5
89 5
89 95
95 125
17 77
50 95
89 95
89 95
89 95
50 89
50 89
89 95
95 89
95 5
5 97
89 95
89 50
89 50
50 5
95 89
5 50
89 95
50 95
95 89
5 95
95 89
89 95
50 89
89 95
5 95
89 95
50 95
50 93
95 89
89 95
5 95
89 95
5 73
89 5
5 89
95 89
95 50
89 5
89 95
95 5
95 89
5 89
95 89
95 89
50 95
95 89
5 89
5 71
89 5
95 50
89 5
89 50
95 5
50 95
89 95
50 89
5 95
89 95
95 50
89 95
95 5
95 50
5 95
95 89
89 50
89 95
89 50
89 5
89 50
5 89
95 5
42 51
89 95
89 95
89 95
95 50
95 50
95 89
95 89
89 95
5 89
50 127
121 6
89 95
50 95
89 5
50 5
95 89
95 50
17 39
95 5
95 89
89 50
5 95
89 50
95 50
50 89
95 50
95 89
5 95
95 50
5 73
5 95
50 95
89 95
5 95
95 50
5 95
89 5
95 89
5 47
5 89
95 89
89 16
89 51
95 5
5 95
95 5
89 95
95 89
95 26
89 95
95 89
95 89
50 19
95 89
89 95
95 5
95 89
89 95
50 95
89 50
95 89
95 50
89 95
89 5
5 95
50 95
95 50
89 95
95 89
5 89
5 95
95 50
47 5
99 44
95 89
5 89
50 95
95 123
95 50
89 95
89 95
5 95
89 95
95 89
95 5
5 95
89 50
5 95
125 42
89 95
50 95
89 95
89 5
125 95
95 89
95 50
50 5
89 110
50 89
95 89
95 5
5 95
95 5
50 5
89 5
107 89
5 47
50 95
95 5
89 50
89 95
89 95
89 95
89 5
89 28
58 113
89 95
95 89
95 5
50 89
5 50
5 89
5 50
89 95
95 50
89 50
89 18
95 14
95 89
5 89
50 95
95 50
89 95
5 59
89 50
50 5
89 95
95 50
5 123
95 89
89 28
89 5
5 89
95 38
95 89
95 89
89 95
50 95
95 89
5 89
89 5
89 95
89 5
89 95
17 89
54 34
95 5
89 93
89 95
89 95
5 95
89 95
95 89
50 17
5 95
95 50
50 95
5 50
5 95
95 89
89 5
50 89
89 46
5 95
95 89
50 77
50 5
95 5
50 95
50 95
50 95
89 95
50 89
5 20
89 95
89 95
89 95
5 89
5 89
5 50
121 58
50 95
123 119
5 89
50 95
89 95
89 95
95 50
89 95
50 89
50 5
50 47
74 79
89 51
41 68
89 95
5 89
51 79
64 39
5 95
50 89
89 50
89 50
50 95
95 50
5 95
50 95
95 89
89 50
50 5
89 95
89 5
5 95
89 50
95 89
50 5
5 89
50 89
50 89
50 95
89 95
89 95
89 95
97 54
89 5
95 89
50 5
50 95
5 95
95 89
50 89
50 95
5 89
89 95
95 23
50 95
5 73
95 50
5 95
50 95
50 95
68 15
50 95
89 95
89 95
89 50
5 95
50 95
89 95
95 5
5 66
95 14
95 89
95 5
89 95
95 99
5 63
95 14
95 50
89 95
89 50
5 95
89 95
95 89
89 95
89 95
95 50
5 50
95 5
5 50
5 95
5 89
95 5
50 95
50 43
95 50
5 95
50 89
50 89
50 5
95 89
89 95
95 50
89 5
89 95
14 81
95 89
95 50
5 89
50 89
50 95
89 5
89 95
50 95
50 95
50 92
68 15
89 84
89 63
95 89
89 95
89 95
5 50
95 5
89 95
89 95
95 89
5 50
50 93
95 89
50 89
89 10
89 95
95 89
95 65
5 89
50 5
95 89
100 51
95 50
95 50
89 50
95 50
50 95
121 52
5 95
89 95
95 89
50 95
99 66
89 95
89 50
95 89
89 5
5 95
95 50
89 95
89 95
4 95
89 5
5 50
50 95
89 50
50 95
5 95
50 95
50 94
18 121
95 89
95 82
95 64
20 64
50 95
89 95
95 127
41 6
50 89
5 50
95 89
89 95
50 95
50 95
89 93
5 95
5 8
5 89
5 89
50 5
50 89
95 5
50 5
5 95
95 50
95 83
5 50
95 5
95 89
89 50
94 0
89 95
95 89
89 95
95 89
89 95
5 50
95 50
121 28
95 50
95 89
89 95
89 95
50 47
50 95
50 115
5 89
41 70
5 95
89 5
95 5
5 95
95 50
5 95
50 5
113 74
95 89
5 50
95 89
89 50
5 95
5 50
50 89
89 122
5 95
5 89
89 95
50 95
15 34
54 50
50 95
89 95
5 50
95 89
89 50
5 50
89 5
95 93
89 95
89 95
89 95
89 95
95 89
50 95
89 95
95 89
89 95
50 95
89 50
95 5
5 50
89 95
89 95
5 50
50 95
50 5
99 93
89 95
51 38
50 5
95 50
89 95
50 95
89 95
50 95
95 89
89 95
89 95
89 5
89 95
89 95
50 89
89 95
89 95
17 126
50 5
100 119
5 95
89 95
50 5
5 95
89 95
50 95
50 89
95 5
89 95
5 95
5 95
50 93
95 89
50 95
89 95
89 95
50 119
51 58
50 95
95 89
5 89
5 50
50 95
95 23
89 50
5 50
95 89
95 89
89 50
95 123
89 95
95 127
95 89
95 89
89 95
5 95
95 89
89 5
95 50
95 23
5 73
89 5
89 95
95 50
50 95
20 106
5 95
95 89
89 5
89 95
89 95
95 89
95 89
95 94
5 95
95 89
95 75
118 13
5 95
50 95
5 89
89 95
89 95
89 95
5 50
50 30
89 95
5 50
50 95
95 89
89 95
55 89
5 95
125 86
95 89
95 64
50 95
5 95
89 95
50 89
89 95
95 89
5 95
95 50
89 95
89 5
89 50
50 95
89 95
89 95
50 89
89 50
50 5
5 96
95 5
50 95
5 89
5 50
20 8
5 50
95 14
5 50
89 95
95 50
50 95
89 5
5 23
89 50
5 95
89 95
89 50
89 95
50 89
5 95
89 95
50 95
47 20
89 5
50 5
95 18
95 89
89 50
113 58
89 50
89 95
89 95
5 89
95 123
89 5
50 95
5 17
89 95
50 95
89 95
58 24
5 77
5 95
64 94
95 89
5 95
50 95
89 95
95 50
50 95
89 30
50 29
89 50
89 95
89 95
89 95
89 95
95 89
89 5
5 50
118 65
50 95
89 95
50 95
89 95
17 74
89 95
50 95
50 95
5 95
89 50
50 95
50 95
89 50
5 89
95 5
5 89
5 95
68 15
89 95
95 14
89 95
5 95
125 106
50 71
89 50
95 89
89 5
89 5
95 5
5 95
95 50
95 89
95 50
89 8
89 95
17 125
89 95
89 95
50 57
50 60
89 5
50 95
95 50
50 95
5 50
89 50
89 71
54 110
95 5
96 120
95 50
95 5
50 89
50 89
95 89
5 95
89 5
5 95
50 95
89 95
89 95
5 95
89 5
50 95
50 5
95 53
113 58
95 89
50 89
95 5
50 2
95 5
89 95
89 95
14 81
5 50
89 50
95 89
5 95
50 89
84 5
50 95
95 50
95 89
50 95
89 50
5 95
95 89
95 89
5 73
95 5
50 89
95 89
95 50
95 89
89 125
50 85
89 95
5 73
95 5
119 123
5 95
95 77
95 89
63 5
89 47
89 95
95 89
89 5
95 50
95 89
5 95
50 89
95 5
68 15
89 95
95 50
95 50
5 95
89 95
89 95
50 48
5 95
50 95
89 95
95 5
95 89
89 50
51 80
50 95
5 95
89 95
95 5
50 95
89 95
50 5
95 80
89 95
5 73
5 89
50 5
95 89
17 122
95 5
95 89
95 1
5 50
89 95
89 71
5 89
5 50
95 89
95 89
89 95
5 73
50 95
95 89
5 50
95 14
95 50
89 10
5 95
95 50
95 89
58 75
95 50
95 89
95 92
89 107
50 95
89 95
50 95
50 95
95 89
89 95
50 17
95 5
50 89
5 50
89 95
50 89
5 23
5 95
89 95
95 50
5 95
89 50
95 5
5 95
50 26
50 95
89 31
89 50
89 50
50 95
89 95
5 50
89 95
89 83
95 50
5 95
94 95
113 58
89 95
54 29
89 95
89 50
54 83
5 78
50 89
89 95
89 95
89 95
95 1
95 89
41 70
89 95
95 5
95 89
89 50
5 95
95 5
89 95
89 95
95 89
42 83
89 50
95 89
14 81
95 50
5 89
5 67
50 95
50 95
89 50
5 95
89 95
89 5
5 95
95 50
89 75
89 95
50 5
5 95
95 89
5 95
89 39
5 89
89 50
95 5
89 95
95 14
95 89
89 95
95 89
5 47
5 95
89 33
89 50
89 95
89 95
89 95
95 89
95 89
5 95
95 89
50 95
89 95
89 5
89 95
95 50
89 95
89 95
89 95
95 54
95 89
89 50
95 50
95 5
89 50
50 95
118 65
89 95
50 97
89 50
107 13
50 95
125 98
50 95
5 95
89 0
50 17
89 95
5 89
50 107
50 95
50 95
89 95
95 50
89 95
50 95
89 95
50 95
50 89
5 95
89 78
50 95
5 68
5 89
14 100
5 73
5 89
89 95
50 30
89 95
95 23
95 23
95 5
89 95
95 5
89 95
89 95
5 50
50 45
50 5
89 95
89 50
89 95
5 50
5 89
50 95
95 89
5 89
95 89
5 50
95 5
95 89
95 89
5 89
89 50
5 95
50 12
50 5
95 89
95 89
5 109
95 5
50 95
89 50
5 50
95 71
50 95
89 95
50 89
89 5
95 5
89 50
95 89
95 5
99 100
50 95
89 50
89 5
95 50
5 50
89 95
89 95
95 50
50 89
50 95
89 95
95 89
89 95
89 50
5 95
50 89
89 95
5 68
50 5
15 83
79 96
89 95
50 48
50 95
50 89
50 5
95 50
95 89
89 95
95 89
95 50
5 50
95 50
50 95
5 95
50 95
5 50
50 95
95 89
95 5
50 95
5 95
20 64
95 89
89 95
95 89
89 109
89 50
50 83
89 50
89 95
50 89
89 50
89 95
89 95
89 5
5 50
89 95
50 114
50 95
89 50
95 50
5 89
5 95
5 95
5 50
5 95
95 50
95 89
111 42
50 30
95 89
5 95
5 95
89 50
89 95
5 95
50 89
89 95
50 89
5 95
89 50
50 114
89 50
89 50
95 50
50 76
95 89
89 95
5 95
5 95
89 95
89 95
89 110
89 95
95 89
89 95
89 95
89 95
5 89
68 15
89 50
89 5
50 89
89 95
94 0
50 95
89 50
95 8
5 95
96 56
95 89
51 63
89 50
89 50
89 49
5 89
95 50
95 50
89 95
89 74
100 119
89 5
89 95
50 95
5 95
50 95
5 20
89 50
95 89
5 89
89 5
89 95
95 89
89 95
50 95
99 25
89 95
89 95
95 89
89 95
50 5
89 95
95 5
20 8
95 50
50 52
15 34
95 117
95 89
95 89
95 65
64 9
50 5
89 95
89 95
89 50
89 5
95 10
89 95
5 50
95 89
95 23
95 89
89 50
89 47
89 101
50 95
89 95
89 95
95 93
89 5
50 5
95 89
5 95
89 95
50 89
95 71
89 50
89 95
89 95
89 26
50 17
95 89
89 95
5 95
89 95
89 95
95 89
95 5
89 95
95 66
5 95
89 95
95 50
89 65
5 118
50 95
5 89
50 95
89 95
89 50
5 50
5 54
95 50
50 5
95 89
89 95
89 95
5 50
50 17
95 23
89 95
113 58
95 89
95 89
89 5
20 64
89 95
95 93
32 74
89 95
5 89
95 5
42 94
5 89
89 95
5 50
5 95
5 95
89 5
5 89
89 95
50 20
20 64
95 5
95 79
95 89
5 95
89 95
89 95
89 95
95 50
89 30
89 95
5 95
95 89
5 95
95 89
89 32
5 95
50 95
95 50
95 89
5 89
50 126
50 95
5 95
95 89
95 89
95 89
95 89
89 5
95 71
50 30
89 95
89 50
95 89
89 50
23 95
5 68
5 95
89 95
50 95
95 3
89 95
50 89
5 95
5 73
50 5
95 50
5 47
95 97
89 95
95 89
5 50
89 95
100 14
95 89
50 89
89 95
50 110
89 95
50 95
89 50
89 95
5 89
95 23
95 5
95 50
5 119
95 89
5 89
95 50
50 95
5 47
95 50
89 111
89 95
96 124
5 47
5 50
50 95
95 89
120 63
89 50
89 95
50 95
89 95
5 89
50 81
89 95
50 5
50 95
50 95
50 95
95 50
89 95
50 89
95 89
5 50
50 36
89 95
5 95
121 83
89 95
50 95
89 95
50 95
89 95
95 89
96 117
95 54
50 95
89 95
89 95
89 5
89 95
5 42
95 92
50 5
95 5
95 50
89 95
89 48
89 5
61 125
89 95
89 71
50 110
89 50
95 50
89 95
95 23
95 23
95 89
50 95
89 83
5 89
89 95
95 48
20 8
50 89
5 93
89 50
5 95
125 110
89 48
50 95
50 74
5 50
50 95
5 95
17 46
95 89
5 95
89 50
95 89
113 58
99 80
89 95
74 100
89 50
50 95
50 5
95 50
89 5
50 5
95 89
89 5
95 50
95 47
50 95
95 18
89 95
89 95
50 5
89 5
50 95
20 64
99 50
89 95
95 89
5 95
42 20
50 80
5 89
5 47
89 81
50 89
95 10
95 50
89 95
95 89
5 34
84 54
5 116
5 89
89 71
95 47
89 5
50 26
89 50
89 95
50 79
89 95
89 95
50 49
5 95
95 89
89 5
95 89
95 30
50 5
89 5
8 65
5 102
50 55
89 50
50 28
50 89
50 89
50 95
50 5
95 89
89 95
50 95
89 5
95 50
89 95
89 95
95 14
50 95
5 50
50 95
89 95
89 5
89 50
50 5
50 5
95 50
50 122
50 95
50 95
89 95
95 50
5 89
5 89
95 89
95 50
5 95
89 95
89 95
5 89
95 89
5 89
50 45
95 23
89 95
5 95
89 50
5 47
5 50
89 95
89 95
50 95
89 95
121 82
41 43
5 65
89 95
5 47
95 89
95 89
5 89
95 50
95 89
5 89
100 5
95 5
5 89
89 95
5 89
89 95
95 89
89 50
50 63
89 5
89 50
95 89
63 96
5 50
50 95
95 23
95 5
89 95
89 95
50 5
63 96
50 89
89 95
5 17
89 95
89 50
89 95
5 95
95 5
5 50
95 89
95 50
5 95
50 5
89 5
89 95
89 95
5 95
95 89
89 95
95 89
89 95
50 89
5 50
5 89
89 50
89 95
50 95
89 50
89 95
95 5
89 95
89 95
95 89
5 77
5 50
95 5
5 95
5 50
50 95
50 73
89 95
5 95
89 95
89 95
5 95
95 89
89 95
89 95
95 89
50 95
50 95
95 50
50 89
95 89
89 95
50 95
5 89
89 50
50 20
95 89
50 95
50 123
50 95
89 95
89 30
95 89
89 95
5 89
95 89
89 50
95 89
50 95
50 63
95 5
89 50
89 95
89 50
63 120
64 8
5 95
50 5
51 100
5 95
95 89
89 14
5 95
50 5
95 89
89 125
5 50
95 89
50 95
89 95
89 95
89 30
51 42
50 95
89 95
50 5
89 95
89 95
89 95
95 89
89 120
89 95
95 50
89 95
89 95
95 89
95 89
50 95
89 50
64 94
50 95
125 59
50 5
95 23
5 89
95 89
121 80
89 50
95 63
89 95
5 95
89 95
5 50
50 95
5 95
89 95
89 5
50 89
41 63
95 5
95 50
50 95
50 5
89 95
50 95
50 95
95 5
50 81
95 50
95 89
42 51
5 95
89 5
50 95
89 95
89 50
95 89
50 95
89 95
89 95
5 95
5 50
5 95
89 5
89 45
41 15
89 50
5 45
50 95
89 5
95 79
89 116
95 50
89 5
89 5
5 58
89 107
5 95
50 95
95 11
89 95
95 89
20 64
89 95
89 50
5 31
5 95
89 95
89 95
89 95
5 89
50 36
89 74
89 95
50 95
50 89
89 95
5 95
95 5
89 95
89 50
5 95
89 50
89 50
89 5
95 5
95 123
20 64
89 95
50 5
89 95
50 78
50 89
125 73
50 89
50 119
89 97
50 95
95 89
89 50
89 95
95 50
5 89
50 95
95 5
95 50
50 89
95 89
89 65
95 50
95 50
50 95
95 14
42 81
50 95
95 84
89 95
95 23
50 95
89 50
89 95
89 95
63 79
95 5
95 23
89 50
89 95
89 95
5 95
89 95
89 16
95 89
64 94
95 89
40 50
50 95
89 95
20 64
89 73
5 50
89 50
89 95
95 50
50 95
89 95
89 95
5 95
5 89
89 95
89 95
95 50
95 89
15 79
95 89
95 5
89 95
50 5
89 5
89 50
50 95
95 23
95 89
95 50
50 95
95 5
95 89
50 95
118 65
89 95
5 95
89 95
89 95
99 3
95 5
95 50
95 50
89 95
89 50
50 95
89 95
5 89
89 5
50 5
89 50
5 89
89 10
5 50
89 14
89 50
121 115
5 89
95 50
89 95
50 120
89 95
95 23
95 89
95 89
89 50
95 89
50 99
50 95
95 89
5 89
89 95
50 95
50 95
89 5
5 50
50 5
50 95
95 50
50 31
89 95
95 89
95 5
95 89
95 67
5 9
95 50
89 95
95 89
89 95
58 77
50 95
5 95
14 89
89 50
5 89
50 5
89 81
5 95
5 95
89 95
50 95
89 50
89 5
89 95
5 95
50 89
5 95
89 95
42 81
95 89
89 95
89 95
95 89
5 47
89 5
89 95
50 5
95 89
95 5
41 73
89 95
89 50
89 5
5 50
89 95
14 100
100 119
5 50
5 89
5 73
89 68
99 14
89 95
100 14
50 95
95 89
89 5
95 50
95 23
50 19
89 50
15 83
63 120
50 95
95 5
95 5
89 5
89 95
89 50
89 115
95 89
89 50
5 89
95 50
95 14
5 95
89 95
89 95
89 95
95 89
5 95
95 89
5 95
113 58
50 95
95 89
20 8
99 56
50 89
89 95
89 95
5 95
15 83
50 95
89 95
89 95
50 95
89 5
5 95
5 73
95 50
95 50
5 95
50 95
89 95
50 71
89 95
95 14
5 95
89 5
50 95
89 5
14 100
5 95
5 14
95 23
50 5
89 95
89 95
89 50
94 35
89 8
95 89
95 50
5 50
5 95
50 5
50 95
50 89
95 50
5 89
89 50
89 95
89 95
89 80
5 50
89 95
95 5
89 95
50 95
50 95
89 5
95 50
50 5
95 89
50 51
95 89
5 73
89 50
99 118
95 5
95 83
50 5
95 31
89 95
23 41
95 89
95 50
95 23
5 89
5 50
95 66
89 95
50 95
95 5
89 50
95 89
95 89
5 89
95 50
89 56
89 95
89 50
89 95
89 5
5 95
89 95
95 89
20 8
89 50
50 95
95 50
5 50
95 89
5 95
95 5
95 23
89 5
50 20
5 123
89 95
89 95
95 14
50 95
89 95
89 50
89 95
89 95
5 95
89 71
50 95
50 95
95 89
5 95
50 95
89 95
113 58
50 95
95 5
89 95
96 50
95 5
89 95
121 113
50 95
89 50
89 50
95 89
50 95
5 42
89 95
94 105
89 50
42 51
89 95
95 50
5 50
95 5
5 77
95 89
89 95
89 26
89 50
89 95
95 5
51 121
5 50
89 99
5 71
95 5
5 50
89 102
89 5
89 95
95 23
95 89
89 5
95 5
5 89
50 54
50 95
5 89
5 95
89 95
5 50
95 89
95 89
95 89
5 73
95 89
5 95
95 89
5 89
5 89
5 95
94 92
5 89
50 95
95 5
89 95
5 89
89 5
50 25
89 5
95 14
5 95
5 50
89 95
95 50
89 95
95 5
5 95
5 50
89 95
58 113
95 89
50 5
5 95
95 5
50 89
89 95
50 89
95 23
95 89
89 50
89 95
95 50
95 5
50 95
95 2
50 5
95 5
89 50
95 5
89 95
89 50
50 95
50 95
95 89
89 50
5 50
5 75
5 95
95 5
95 50
50 95
95 14
89 95
5 50
110 50
95 89
95 5
95 5
65 48
50 95
51 114
68 15
89 51
95 23
95 112
95 89
95 14
5 95
5 95
50 95
5 95
5 95
50 95
89 95
95 89
5 50
89 5
5 89
89 83
50 95
95 5
50 95
50 5
89 50
95 50
95 50
89 95
89 95
50 35
89 95
95 5
95 5
89 50
95 89
95 14
89 21
89 5
95 89
95 50
95 50
50 89
89 50
89 95
95 89
50 95
50 95
89 95
89 5
50 89
5 50
121 101
50 89
89 50
41 56
5 50
95 89
5 89
95 14
95 18
50 95
94 2
89 95
95 23
5 50
89 83
89 50
89 95
113 83
5 95
95 89
94 24
95 89
89 95
89 50
89 48
50 89
89 95
89 95
95 5
89 95
89 50
89 5
5 95
89 95
95 89
89 95
95 89
89 95
95 50
5 95
63 96
95 89
5 95
50 5
89 95
50 95
50 89
89 95
89 95
79 54
95 50
5 50
42 51
95 89
89 95
50 89
5 95
5 95
5 95
5 50
5 50
89 95
50 95
95 89
5 17
95 89
89 95
89 95
89 50
95 5
51 63
89 95
89 5
50 107
95 14
5 89
5 95
95 89
89 50
50 95
50 5
5 50
50 95
95 5
50 95
5 95
50 89
95 89
50 95
89 95
50 89
17 98
95 50
89 95
89 95
68 41
5 50
95 5
50 95
50 101
113 58
5 89
95 89
95 89
89 95
95 89
95 89
5 50
89 95
5 95
95 5
5 73
5 50
50 17
50 95
50 95
5 50
5 95
89 95
95 89
89 5
89 5
95 89
50 89
95 14
50 95
5 95
95 50
89 5
95 50
89 95
95 89
89 95
89 49
95 30
89 5
95 50
50 95
50 89
5 82
89 50
89 5
89 95
89 5
5 89
50 95
96 5
63 120
89 95
5 95
50 95
89 95
5 95
20 64
95 89
50 95
95 50
5 95
95 50
15 79
5 99
5 95
50 95
5 89
89 5
100 119
5 71
95 89
95 50
89 95
89 5
95 5
95 50
89 95
95 50
95 89
5 95
111 70
50 89
95 89
89 95
95 89
50 95
47 50
89 95
50 31
51 26
95 89
89 95
5 95
5 89
50 95
99 97
89 50
89 95
95 89
95 5
50 95
89 95
50 95
89 95
5 50
50 95
5 50
95 89
89 5
89 5
95 5
95 89
41 24
50 89
5 89
95 50
89 95
95 5
89 5
89 5
50 89
89 50
50 95
5 95
95 89
95 5
94 16
89 95
5 57
79 89
89 95
95 5
95 5
89 50
95 5
95 23
5 89
95 89
50 95
5 95
95 14
95 5
89 5
89 5
95 5
89 95
89 95
5 89
89 95
5 41
89 5
89 95
89 5
89 95
95 35
95 14
95 89
50 95
95 5
89 95
89 5
95 50
89 95
50 86
5 50
95 89
5 95
89 50
89 5
5 89
50 95
121 53
89 113
89 5
95 50
5 73
95 89
5 50
89 95
95 89
89 95
50 95
99 116
95 89
5 7
89 50
95 50
95 42
17 95
5 50
95 50
5 95
95 5
95 89
5 14
89 95
89 50
95 89
5 47
95 50
95 50
5 95
5 89
95 89
17 98
5 95
89 95
5 95
50 95
50 95
95 50
89 35
89 95
5 73
51 42
95 23
5 89
95 5
50 30
50 89
50 5
95 89
95 89
89 95
50 95
121 53
5 95
5 50
50 95
89 50
5 95
95 5
89 95
5 50
5 95
89 95
89 95
89 95
89 95
89 95
89 50
50 95
20 8
89 95
50 89
50 95
50 95
5 95
50 5
95 82
5 95
95 89
95 50
5 73
95 50
95 89
50 95
95 89
95 3
89 95
5 95
95 89
5 50
95 50
5 95
5 95
5 95
89 50
95 83
5 89
50 95
5 95
50 95
95 89
89 95
5 95
5 95
95 89
89 5
95 5
89 95
5 50
50 95
95 89
50 95
94 26
89 95
95 5
89 5
89 95
5 95
50 89
5 95
95 50
89 50
14 95
95 5
95 89
50 95
89 50
50 122
50 95
95 89
95 89
89 95
89 95
5 95
50 95
95 5
42 51
89 50
5 89
95 89
95 89
5 73
5 50
50 127
95 89
89 95
50 5
95 89
63 120
89 95
124 5
89 50
89 5
89 50
89 95
89 95
50 95
89 56
95 5
5 95
95 50
5 95
89 95
5 89
95 117
89 95
5 56
42 51
5 95
89 50
5 89
89 95
89 5
50 95
5 50
95 89
89 95
95 89
5 95
89 95
5 50
89 95
95 50
89 5
89 5
95 50
89 5
50 95
95 89
64 13
95 50
89 95
89 95
89 95
89 5
95 50
95 17
5 95
95 83
20 121
89 50
95 123
89 95
89 50
50 95
89 95
5 47
89 95
89 95
50 95
50 77
5 50
50 95
50 95
89 5
89 95
89 95
89 95
89 95
95 23
89 5
50 5
89 95
50 94
50 95
50 95
50 89
50 57
89 95
123 119
50 95
89 5
95 50
65 60
89 8
50 95
95 89
5 95
50 16
95 5
51 64
80 125
89 95
5 89
50 95
95 89
95 89
89 50
89 95
95 119
5 50
89 75
50 5
89 50
50 89
95 97
50 5
95 89
95 89
95 89
95 89
89 95
89 95
50 95
50 95
95 5
50 95
89 95
95 50
50 95
89 5
17 80
50 95
5 89
50 5
5 89
89 95
89 95
95 89
50 95
89 95
89 95
5 71
95 50
95 5
89 95
89 26
50 94
50 95
89 50
89 14
5 52
95 68
5 95
89 51
95 23
5 50
95 89
89 50
89 50
89 5
50 95
5 50
89 95
89 95
63 120
5 95
95 89
89 50
95 89
5 89
95 5
95 50
95 30
95 50
5 95
89 5
95 5
89 95
50 95
95 89
50 5
89 95
95 89
50 5
95 89
95 50
95 89
95 89
5 89
89 5
95 14
95 89
50 95
5 73
95 89
89 95
119 8
50 95
95 89
89 5
89 95
89 78
89 95
89 78
95 89
89 5
5 47
95 50
89 5
89 5
89 50
50 95
89 5
95 89
95 89
50 95
50 95
95 50
89 50
89 95
89 95
89 50
95 89
89 95
89 95
89 50
5 95
95 89
95 5
5 47
89 50
95 5
5 95
50 39
95 89
89 95
50 89
95 5
50 89
5 89
89 5
89 95
95 28
5 95
5 95
5 48
95 5
95 5
95 78
95 89
95 89
95 123
5 50
5 89
95 5
95 89
5 95
89 95
5 50
95 89
89 95
50 89
95 5
5 89
89 95
89 95
75 89
14 81
95 89
95 5
95 89
89 95
5 95
89 50
41 70
89 45
5 47
89 5
89 95
89 95
96 98
41 83
89 95
5 73
89 95
95 50
113 58
89 95
50 5
89 95
50 63
95 89
5 115
5 95
89 95
95 50
5 99
89 50
89 95
95 89
89 5
50 89
50 95
95 89
5 50
95 5
50 95
5 89
89 50
95 89
50 95
5 47
5 50
95 89
95 89
89 50
95 5
5 95
123 119
95 89
50 95
5 95
95 89
50 95
41 15
89 5
95 50
89 95
89 95
5 50
50 95
5 95
5 89
89 50
89 5
89 95
50 95
5 89
95 5
95 89
50 98
64 42
89 95
95 23
89 95
95 5
89 95
50 89
89 95
89 95
50 89
50 5
50 95
89 95
89 95
89 95
95 50
5 89
95 89
95 50
89 50
89 95
89 50
95 89
125 24
95 89
89 95
50 95
50 89
89 68
50 5
89 5
50 5
50 5
5 95
89 95
5 95
95 89
50 105
89 95
50 95
95 89
113 58
50 95
5 50
89 95
95 14
89 18
89 50
95 89
89 95
81 42
95 97
5 50
5 89
5 89
5 89
5 89
89 50
50 95
89 50
5 95
89 95
95 5
5 89
95 50
89 95
42 81
50 95
50 89
95 80
95 71
113 58
95 89
5 50
89 50
5 89
50 95
5 95
89 50
5 95
89 95
5 95
95 50
42 51
89 95
50 95
89 95
89 95
5 73
89 45
89 95
95 89
20 123
89 5
5 95
89 50
89 95
89 95
99 5
95 5
51 63
95 89
95 25
89 95
89 95
5 89
95 89
95 50
89 50
5 95
95 50
89 5
89 95
89 50
64 94
89 95
95 89
95 89
50 95
95 89
95 5
50 95
95 79
56 5
50 89
89 5
95 5
5 50
89 95
89 95
89 50
89 95
89 95
89 95
95 50
95 89
106 5
89 50
50 12
95 5
89 95
95 5
95 89
89 95
89 95
5 95
89 5
89 95
89 23
89 95
89 95
89 50
17 70
95 23
5 95
89 95
5 95
95 50
95 50
50 95
89 42
95 5
5 99
95 89
89 50
50 95
63 120
95 50
95 89
89 95
89 95
95 89
5 95
5 50
50 95
89 95
89 95
89 95
89 95
5 95
95 5
5 50
95 50
95 89
64 113
5 101
89 5
89 95
95 5
20 64
89 95
99 83
50 95
95 89
68 79
50 95
95 92
89 5
5 95
89 50
89 95
89 95
95 50
95 89
89 5
123 119
126 125
50 54
50 95
118 65
50 89
89 95
89 95
50 95
5 73
89 5
95 89
5 95
95 89
95 89
95 29
89 50
96 64
5 95
50 89
95 5
5 73
5 50
5 79
50 95
50 5
50 95
42 51
5 95
42 51
5 50
89 95
14 100
95 14
50 116
89 5
95 50
89 50
89 95
89 95
121 44
95 14
89 95
5 47
50 5
89 5
89 5
5 89
89 95
50 13
89 110
95 23
89 95
50 95
50 95
50 95
5 89
5 95
89 95
95 109
5 95
50 95
89 95
89 5
5 89
89 95
95 5
89 95
89 5
89 5
95 5
89 5
89 95
50 89
5 95
95 89
14 95
89 95
89 5
95 5
89 110
5 95
95 5
50 94
5 95
95 89
95 50
50 99
5 50
95 89
89 95
95 76
50 77
95 89
50 77
95 89
95 5
95 89
89 95
89 5
50 95
95 119
50 95
95 5
50 95
89 10
5 95
89 5
95 89
89 95
5 89
50 98
5 95
5 95
50 95
89 95
80 17
95 89
17 120
95 89
5 42
89 3
50 18
50 5
95 5
50 18
95 89
5 95
89 95
89 95
125 63
5 50
5 89
95 50
89 95
5 89
95 50
89 50
50 46
89 50
5 50
95 50
121 79
50 89
50 89
89 95
89 95
95 50
89 95
50 95
50 5
89 5
89 95
5 89
95 89
95 89
5 95
89 95
50 95
95 89
5 50
89 50
50 95
89 5
5 73
5 73
95 50
89 68
89 77
95 89
89 50
95 89
89 50
5 89
50 89
89 5
5 47
89 95
5 95
95 50
95 83
51 98
50 89
95 89
95 5
89 95
89 5
5 47
50 95
95 89
50 54
5 50
95 89
50 95
89 3
5 47
89 95
95 89
89 50
95 50
42 20
5 50
5 95
118 65
5 95
5 50
95 89
94 89
95 5
95 89
5 95
50 95
89 95
89 95
50 95
5 47
5 50
89 95
89 5
89 95
5 95
5 89
5 95
50 95
50 95
5 50
123 119
50 5
89 5
5 95
121 58
95 23
50 95
95 50
50 71
89 95
89 95
5 95
50 95
89 50
95 50
5 60
95 89
95 93
95 89
95 17
89 50
5 95
89 50
34 65
89 95
89 5
95 83
89 95
50 95
95 5
95 89
89 101
5 89
95 89
95 5
95 5
50 76
89 95
89 95
5 89
89 95
89 95
96 79
50 89
95 118
89 95
95 50
89 95
95 89
95 5
95 89
42 111
95 89
17 52
95 89
80 50
70 42
95 5
89 5
89 95
50 95
5 89
89 95
89 95
89 95
89 95
5 95
95 89
95 14
50 89
50 95
65 109
89 95
5 95
95 5
5 73
95 89
95 50
5 73
89 95
5 89
5 95
5 89
89 95
89 41
14 95
50 95
95 89
95 50
50 55
89 95
50 95
50 100
95 5
5 95
50 95
89 18
89 5
17 56
89 95
95 50
89 50
95 60
89 95
5 74
89 95
5 89
50 89
5 95
89 95
5 100
95 89
95 89
89 95
89 50
89 95
5 39
95 50
5 89
95 5
95 5
89 95
89 95
96 58
5 73
95 50
89 95
5 95
95 38
5 50
50 95
95 89
89 95
95 23
101 99
95 89
5 89
5 95
95 5
78 89
5 50
89 95
34 65
95 89
95 89
95 89
5 50
5 89
95 89
89 95
5 47
5 50
5 73
95 89
89 50
95 89
71 89
5 50
95 23
50 95
89 95
5 95
95 5
95 89
95 89
5 95
5 47
5 73
5 50
89 50
95 14
54 83
95 89
5 50
5 50
95 89
5 45
89 95
23 95
50 95
95 5
50 95
64 83
95 5
89 95
95 50
95 89
50 5
89 95
89 95
5 50
95 50
89 95
50 95
89 95
5 95
89 50
5 95
50 95
89 50
50 89
89 79
95 5
5 95
89 95
95 50
5 50
41 75
89 50
50 30
95 89
95 89
95 5
50 89
50 95
50 5
50 95
95 5
50 95
89 50
50 95
95 5
34 65
5 47
95 50
5 95
89 95
89 95
50 95
89 95
51 100
68 41
89 95
89 50
95 5
68 41
89 50
121 88
50 5
50 95
5 95
5 95
89 95
95 5
95 50
89 5
95 89
5 95
95 89
5 95
50 95
89 95
5 95
89 95
89 5
95 50
95 5
89 5
89 101
95 23
99 94
95 89
89 95
50 89
5 95
89 95
95 50
89 50
5 116
95 50
89 95
95 5
89 116
95 89
89 5
95 50
89 95
118 42
5 113
50 95
95 89
95 106
95 5
50 5
95 5
99 120
89 95
89 95
89 95
89 95
5 95
50 5
89 57
95 5
95 89
50 89
50 89
89 5
63 120
5 95
50 95
89 95
95 5
50 61
50 95
50 89
89 50
95 23
5 50
95 50
5 17
95 89
95 50
68 79
50 95
89 95
95 5
89 95
95 50
20 64
95 38
50 95
95 89
89 95
95 5
5 95
5 50
89 50
5 95
50 5
89 50
95 60
50 95
89 78
95 5
95 50
95 23
89 50
50 122
95 47
50 18
89 95
50 5
95 14
17 21
89 95
50 101
50 95
50 95
50 89
50 89
95 50
95 89
5 95
50 95
95 118
5 60
89 95
89 95
50 95
5 89
50 95
5 95
95 89
5 95
5 47
95 116
89 95
95 50
95 89
89 50
95 23
5 95
89 95
50 95
89 50
89 5
5 50
95 50
89 95
50 5
95 50
50 89
50 95
89 50
89 95
5 50
5 73
50 95
89 95
125 32
89 50
95 89
50 95
50 95
50 95
89 82
50 89
89 50
89 95
95 89
89 21
5 50
63 79
50 89
17 89
95 89
89 95
119 51
95 89
89 50
95 17
50 95
95 89
95 2
99 75
89 93
81 64
50 53
89 95
95 14
89 95
95 89
95 14
50 95
50 95
89 2
89 115
79 83
5 95
50 95
50 95
95 89
95 50
95 89
95 89
89 95
95 50
5 89
95 89
25 100
95 89
89 2
50 95
5 89
89 50
5 73
95 89
89 57
5 95
41 68
50 95
50 89
95 5
5 73
50 89
95 50
95 89
95 50
89 95
5 89
95 20
5 89
5 24
95 5
95 14
50 38
89 50
17 62
5 73
89 50
5 47
95 5
5 89
50 38
95 5
89 95
89 95
95 5
50 120
89 95
5 73
50 95
50 95
89 95
95 89
50 5
89 95
89 95
5 54
50 89
95 89
89 95
5 118
95 50
89 5
95 50
95 89
50 82
89 95
5 89
5 50
14 81
5 89
94 51
95 50
5 95
5 50
50 89
99 124
89 95
5 50
89 79
89 95
5 95
89 95
89 50
95 89
95 89
50 89
89 95
5 95
5 95
95 50
116 89
89 95
95 89
5 47
55 89
50 95
89 95
95 89
95 89
50 89
95 89
50 5
89 50
5 2
5 95
95 50
5 95
89 95
5 50
89 97
50 89
89 95
89 50
5 50
5 95
41 79
41 126
89 68
5 95
89 86
5 95
89 95
89 95
5 95
5 89
95 50
89 95
5 89
50 95
50 5
5 95
51 26
89 95
89 50
89 95
95 5
95 47
95 89
95 89
95 50
5 89
89 95
95 38
89 5
89 95
95 82
5 50
89 95
89 50
95 5
89 5
50 95
5 95
5 89
5 50
95 5
89 95
5 95
89 95
89 109
95 89
118 42
64 8
89 95
89 83
5 95
89 95
42 51
50 95
20 64
89 95
50 95
95 65
95 89
50 95
50 95
50 95
89 95
89 95
5 95
95 93
89 95
95 50
89 47
5 18
95 14
89 95
5 95
5 89
89 95
89 95
95 89
95 50
95 89
89 95
89 95
89 50
89 95
5 95
50 17
89 50
15 83
50 89
89 95
5 50
89 5
89 5
51 3
50 95
95 89
89 5
89 95
95 89
95 89
5 95
50 15
50 89
95 14
95 89
5 50
89 95
50 95
89 5
50 82
50 5
50 5
50 5
54 70
5 95
95 67
5 95
5 95
50 95
95 50
5 95
5 71
95 89
95 89
89 95
95 70
89 5
89 95
5 95
50 89
95 89
89 94
89 50
50 5
89 95
89 95
95 89
50 95
89 95
89 95
95 50
95 89
89 95
95 89
95 89
95 89
95 50
89 50
89 95
65 44
89 5
89 95
89 5
95 5
5 95
95 89
95 5
95 89
95 50
50 5
95 50
50 89
5 17
89 50
5 47
89 71
95 89
89 95
5 89
95 89
89 50
89 95
5 95
63 96
95 50
5 95
50 95
17 95
42 111
89 22
95 89
5 50
89 95
15 79
5 95
89 95
50 95
89 95
95 89
50 5
125 41
113 118
89 95
5 73
95 5
95 5
50 95
89 5
89 38
95 14
5 83
89 116
42 51
50 4
50 89
5 89
50 95
95 5
89 70
95 50
95 89
89 50
5 89
89 95
51 63
50 89
89 50
50 22
5 50
5 79
74 100
95 89
54 35
50 89
68 15
95 5
5 50
89 5
5 95
89 95
100 14
95 50
5 64
95 50
5 95
95 89
50 118
23 50
95 5
89 50
95 89
89 95
89 95
64 93
50 89
65 57
50 5
50 95
95 89
50 95
50 89
95 50
95 89
95 50
50 22
95 5
118 13
89 20
89 5
95 89
5 89
89 95
5 89
95 123
95 89
50 89
95 23
95 89
89 5
5 95
50 89
89 95
20 64
89 5
83 106
5 50
41 68
95 79
89 50
89 95
89 95
50 95
95 5
51 5
47 20
5 95
50 5
89 95
95 71
50 14
89 50
5 95
95 5
50 60
95 14
95 89
5 50
89 50
5 73
89 123
95 5
89 42
5 95
95 110
89 95
89 95
107 13
5 50
5 18
89 5
50 95
89 95
5 89
5 95
5 89
99 12
50 95
89 5
95 89
50 89
5 50
50 95
50 89
5 50
81 42
50 95
89 95
5 89
89 95
89 95
50 66
89 95
95 5
89 95
125 122
5 89
50 113
89 95
89 95
89 5
89 50
89 95
89 95
100 119
95 5
5 89
89 5
5 50
89 5
95 14
89 95
50 95
5 89
41 31
50 89
95 5
95 5
5 89
50 95
95 66
5 89
5 50
89 95
50 5
41 60
89 95
42 81
89 95
5 95
95 50
89 50
89 50
5 50
95 89
89 95
