128 10000
89 95
65 102
5 50
5 89
50 95
89 10
95 14
95 50
5 89
50 95
5 95
89 74
95 50
50 89
50 123
95 5
95 23
50 95
89 5
50 63
89 95
95 5
89 95
95 5
5 95
50 5
95 5
89 5
95 14
95 50
121 113
50 95
89 95
89 5
89 95
50 95
50 95
5 89
95 89
89 95
5 89
89 95
50 89
95 5
50 5
95 89
5 73
95 89
50 6
50 122
89 95
95 50
89 95
95 5
89 50
5 50
50 95
113 58
95 89
89 95
95 89
95 89
89 95
89 84
50 89
5 50
5 95
95 89
5 95
54 107
107 99
89 50
89 50
95 68
50 95
95 23
95 3
95 89
95 89
5 89
50 89
89 95
89 95
95 5
5 95
95 50
89 95
95 89
5 89
5 89
5 95
95 89
15 34
5 95
95 89
89 95
89 95
5 95
89 95
58 89
50 58
89 95
89 50
95 5
89 95
95 89
89 95
95 50
95 50
89 95
5 95
95 5
95 1
89 95
7 17
89 95
5 89
5 89
89 95
95 89
5 95
50 5
50 89
89 95
89 95
89 95
50 95
95 89
89 50
89 95
89 95
89 50
5 89
5 89
5 89
5 95
5 47
89 5
50 95
95 8
5 50
89 95
95 89
119 123
14 100
5 50
5 89
89 95
95 5
95 5
95 127
50 5
89 50
89 95
89 95
95 50
95 5
95 89
89 95
89 95
50 95
50 89
89 5
89 95
5 8
95 5
5 95
95 89
89 95
23 95
89 5
89 95
89 95
95 50
113 58
50 5
89 95
121 100
89 50
96 39
15 83
89 50
50 5
5 89
50 47
89 5
89 50
95 89
89 95
95 89
95 23
5 50
95 5
89 95
95 5
89 95
50 123
81 42
79 83
89 95
5 89
89 50
5 89
89 95
63 96
5 89
95 5
89 95
89 95
5 50
5 50
95 89
95 23
5 95
89 95
89 5
89 95
50 95
5 95
95 50
50 95
95 89
95 78
89 95
89 95
50 74
89 50
89 50
89 50
89 50
89 95
95 5
95 89
89 50
5 89
89 95
95 50
64 83
95 89
5 95
95 89
95 89
89 95
5 95
95 89
89 95
5 123
5 95
89 73
50 89
89 50
5 95
95 5
5 95
54 125
5 89
50 95
89 95
89 95
121 0
89 95
95 45
89 95
50 95
95 89
95 5
50 95
59 80
50 89
5 50
50 89
79 54
95 89
95 89
95 89
95 50
95 89
51 5
95 43
5 63
95 5
89 95
89 95
89 5
95 5
89 95
5 95
54 3
89 95
89 50
95 5
50 95
50 95
89 95
5 95
89 95
89 95
89 95
95 89
89 95
89 95
95 89
5 95
89 50
50 62
5 95
5 95
89 95
95 10
95 89
95 89
50 95
50 95
95 14
5 95
5 95
5 77
50 118
95 89
89 95
95 89
89 95
5 95
95 50
89 5
89 95
5 50
5 95
89 95
95 89
89 95
5 84
64 45
5 95
5 95
50 95
89 95
50 95
89 5
95 50
89 54
51 120
95 94
95 50
5 89
89 54
89 95
95 50
89 95
95 5
5 95
95 89
50 5
89 95
5 50
89 95
89 50
5 55
95 89
95 47
89 95
50 10
95 5
50 95
25 100
5 50
89 95
95 5
95 109
5 95
32 74
89 95
89 50
50 89
89 95
95 89
89 95
50 95
89 95
89 112
50 95
95 5
5 95
50 89
95 50
89 95
63 79
89 50
50 76
5 29
89 95
50 5
5 89
64 28
95 89
89 5
50 95
50 5
89 50
89 41
5 95
5 95
95 89
5 95
5 50
64 127
95 89
89 50
14 81
95 89
89 5
50 5
75 89
15 83
50 52
5 89
51 75
5 95
95 89
5 89
5 95
89 5
5 73
5 47
89 95
95 50
95 5
89 50
14 95
100 119
95 50
95 89
50 84
5 50
89 95
95 89
89 5
95 84
89 95
95 5
89 95
89 95
95 50
5 89
95 50
5 95
5 50
89 5
89 95
5 89
5 50
89 50
95 89
5 95
89 50
107 13
89 95
89 95
50 95
89 50
50 95
5 73
95 89
89 95
89 95
89 5
5 50
95 5
89 95
64 8
64 16
50 89
50 89
89 5
5 95
89 95
89 50
5 34
89 95
50 5
50 95
89 68
5 95
89 95
95 89
95 89
121 4
5 50
89 95
89 50
5 89
95 14
95 5
89 95
89 5
89 95
96 89
95 89
50 95
89 95
95 1
89 5
95 50
50 14
50 95
5 89
89 95
89 68
95 5
50 95
95 89
50 89
95 14
95 5
89 95
50 95
95 50
50 89
50 95
5 89
5 101
95 75
89 95
89 50
54 10
95 50
89 5
5 50
50 95
89 95
50 95
5 50
41 31
89 77
89 95
95 89
5 89
50 17
50 95
89 50
89 95
5 95
50 95
89 50
89 95
5 73
89 5
95 89
50 95
95 5
50 95
95 50
50 109
50 89
50 95
95 89
95 89
89 95
50 17
64 105
89 50
50 95
50 95
5 95
68 15
95 89
54 95
89 95
89 95
50 5
89 95
5 89
89 95
89 50
89 5
5 63
50 95
64 58
50 89
95 89
50 89
50 95
89 50
95 89
50 95
89 50
5 95
89 5
95 89
5 89
95 89
89 95
95 5
50 5
50 89
13 79
51 100
89 95
89 50
89 95
89 124
95 50
5 95
5 14
50 95
50 89
50 89
95 5
89 42
89 95
95 5
50 79
5 95
50 114
95 50
89 5
95 89
50 95
95 31
50 95
89 50
95 89
5 95
5 95
50 95
42 51
50 5
95 101
5 50
5 89
95 89
89 95
100 119
50 118
50 5
95 89
89 95
94 32
5 89
125 93
89 95
5 95
95 50
89 5
50 5
89 95
95 89
50 89
89 50
89 50
5 89
5 89
95 5
89 50
51 63
51 5
95 50
89 95
89 50
95 50
63 120
95 14
50 89
50 95
50 95
50 5
95 5
5 89
95 89
50 5
5 30
50 95
89 50
50 95
81 42
89 95
5 95
89 5
5 120
89 95
5 95
89 50
100 14
5 77
28 50
89 95
89 95
95 50
50 95
5 89
89 50
50 95
89 95
95 89
95 50
89 5
94 83
89 95
5 95
5 50
95 5
50 95
89 95
89 5
95 89
50 95
95 5
50 95
5 95
50 95
95 89
125 95
95 5
95 5
5 95
5 47
89 50
5 89
95 89
50 5
95 89
50 45
118 65
5 50
89 95
95 5
50 95
95 89
5 124
89 95
89 95
95 5
50 95
50 95
89 95
89 95
54 83
89 95
5 95
5 50
5 95
5 95
95 5
50 95
89 95
50 95
95 5
95 89
5 50
95 89
68 15
5 47
50 5
50 5
95 5
50 9
50 95
89 95
95 89
50 60
89 95
89 50
89 50
50 89
50 95
89 95
5 50
50 95
50 95
89 95
50 0
89 95
5 50
89 95
5 89
95 50
95 89
50 95
95 89
95 89
50 95
89 95
89 3
50 95
89 95
121 42
56 94
95 50
95 123
89 95
125 84
95 5
89 95
95 50
32 74
89 5
89 5
5 50
70 125
50 95
89 95
95 50
50 5
50 31
95 50
89 50
5 89
95 5
89 5
89 95
5 95
89 95
89 95
89 50
89 95
95 50
89 95
95 89
58 83
5 73
50 95
125 95
63 120
89 5
89 95
5 89
89 71
95 5
95 88
50 89
50 48
89 95
94 99
50 30
5 95
50 95
89 5
5 95
95 89
95 89
89 5
95 50
89 95
89 5
95 5
5 89
5 89
5 50
121 1
95 50
95 119
89 95
50 89
89 95
95 50
95 50
5 95
5 95
51 63
89 5
95 50
95 89
18 50
50 95
89 5
95 5
5 95
96 10
50 83
5 95
5 73
50 95
50 89
89 42
89 95
5 50
51 121
5 50
89 5
89 95
89 95
50 95
95 57
89 95
89 95
5 95
5 89
95 89
50 89
95 89
50 95
95 5
74 25
5 89
50 95
89 95
50 95
5 50
50 95
89 5
89 50
89 95
50 66
95 14
5 89
89 123
89 54
89 95
5 89
89 50
95 5
89 95
89 5
89 95
95 14
95 14
50 89
5 95
107 51
89 95
50 95
9 17
95 5
5 50
95 89
5 50
89 95
89 95
89 42
89 95
5 123
50 95
89 8
5 95
89 95
89 95
95 50
89 95
95 89
5 89
89 95
89 95
5 95
89 95
89 95
5 70
5 95
50 95
5 89
50 95
5 89
89 50
5 95
89 95
95 89
5 95
50 5
89 95
95 89
15 79
50 5
89 95
63 42
89 95
95 89
42 51
89 95
95 89
89 50
5 95
95 89
5 116
95 50
5 95
89 95
5 95
5 89
89 50
95 5
5 95
50 5
89 95
50 95
5 82
89 95
89 50
5 89
89 50
50 95
5 95
41 38
50 5
89 93
50 5
50 95
89 95
89 59
95 50
89 95
95 75
50 42
89 50
95 89
95 89
89 95
107 13
17 30
68 15
5 89
89 95
95 89
5 89
95 23
95 89
89 95
95 25
50 95
89 50
95 89
95 21
50 81
89 95
95 50
89 95
95 47
5 95
50 5
50 95
95 89
95 101
89 95
5 50
50 89
5 89
95 50
119 123
5 95
89 120
89 80
50 95
89 95
95 5
50 121
95 5
5 95
89 95
95 92
5 54
89 78
5 95
89 95
50 89
95 5
89 95
20 64
50 89
89 50
5 47
50 89
50 5
95 5
5 95
95 89
5 95
5 50
50 23
89 45
89 95
5 50
5 95
95 50
89 52
50 89
95 89
95 23
89 95
5 95
50 5
89 5
50 95
5 89
89 50
5 75
89 95
95 5
89 15
89 95
89 95
95 5
95 50
95 89
5 50
5 50
5 89
50 95
100 119
5 50
95 14
5 89
95 13
89 95
89 50
50 5
5 95
15 34
95 5
89 95
89 95
50 89
94 47
5 89
17 89
50 5
5 50
89 95
54 48
50 95
89 95
5 89
95 20
95 89
89 95
5 89
50 95
5 95
99 44
95 5
95 5
50 116
50 57
95 5
50 95
89 95
50 89
95 5
5 95
50 95
50 89
95 89
83 95
50 43
95 89
5 50
89 5
89 95
50 95
95 50
95 5
58 113
5 89
95 89
5 125
54 127
64 94
95 5
50 95
50 95
89 50
89 95
50 95
50 5
95 89
95 89
95 23
95 89
96 57
50 95
5 50
5 50
89 50
5 95
89 50
95 89
50 95
95 5
89 95
120 20
50 95
95 89
50 89
5 89
95 23
5 78
95 14
95 89
89 95
5 95
5 95
89 114
89 5
50 95
95 14
68 15
50 95
95 14
89 95
89 95
95 5
5 89
89 95
5 95
89 95
107 79
89 95
50 95
50 95
95 50
50 39
89 5
95 122
64 109
89 18
5 115
95 47
50 33
95 50
95 5
50 95
95 89
89 5
50 46
5 89
95 126
5 89
50 89
89 75
89 50
89 5
89 95
89 5
89 54
89 5
89 50
89 76
5 65
5 0
95 5
95 14
5 95
50 95
95 89
95 89
95 50
95 50
89 50
95 5
5 89
50 95
50 5
89 50
50 95
95 89
95 89
89 95
5 107
5 95
95 89
89 95
95 23
95 5
50 95
89 95
95 75
50 95
50 95
125 98
95 89
5 47
89 95
95 41
95 50
50 89
95 50
13 5
5 95
50 95
5 89
89 95
5 95
95 89
95 50
5 95
5 50
89 50
95 5
50 23
95 50
125 41
50 95
95 89
50 95
50 95
5 50
89 50
89 5
89 95
89 95
89 50
89 95
89 50
50 68
41 121
89 95
89 50
95 89
5 101
89 95
41 68
5 50
5 89
95 50
5 89
89 26
32 74
50 95
95 23
50 95
50 95
95 5
89 95
95 89
95 89
50 95
50 95
95 50
5 125
95 5
89 95
95 5
89 95
50 89
95 5
5 95
106 5
89 95
95 83
5 95
89 95
89 95
89 95
95 89
125 80
5 0
95 89
50 95
89 5
15 83
95 5
5 50
50 95
95 5
95 89
5 41
95 89
5 89
95 5
89 95
5 107
89 50
121 84
83 14
5 35
50 89
89 50
50 95
5 89
89 95
89 50
95 5
5 95
50 14
95 5
89 95
99 25
89 95
94 83
50 95
89 95
14 95
5 95
89 95
95 89
50 5
89 95
89 5
89 95
89 50
5 95
95 89
95 89
98 83
89 95
89 95
89 95
95 89
50 95
89 50
89 5
5 95
50 5
50 89
89 95
50 95
50 5
50 95
89 63
95 50
95 5
95 5
5 89
89 8
89 95
5 95
95 50
95 89
5 95
89 105
89 95
5 95
95 89
50 89
89 95
5 50
95 89
5 99
89 50
5 95
95 89
50 95
89 5
89 34
89 95
50 51
89 95
17 44
89 95
95 89
50 95
95 89
68 15
95 89
5 50
50 5
95 89
89 95
95 89
89 95
95 89
89 50
89 50
89 5
89 95
5 95
50 95
5 95
99 57
95 89
89 50
50 95
95 50
50 95
89 95
89 95
89 50
95 89
95 89
89 5
5 89
95 89
89 5
95 50
95 89
95 50
50 89
89 95
89 95
89 50
50 89
5 67
89 95
95 5
107 121
89 17
41 68
50 95
5 89
15 79
5 89
89 95
89 95
89 21
89 95
81 79
5 95
95 5
50 95
5 95
5 80
5 50
95 89
5 89
95 89
5 95
95 89
50 95
95 89
50 95
95 89
5 95
5 89
89 95
95 76
50 95
95 89
95 89
89 50
89 95
89 95
5 95
50 95
89 5
5 95
89 95
89 95
89 95
89 50
89 50
95 89
100 79
89 94
125 17
89 95
89 95
50 89
95 50
95 89
89 95
95 50
95 14
5 89
50 89
89 95
89 5
89 50
118 65
50 95
89 5
89 95
95 89
50 81
50 89
50 95
89 50
89 50
95 89
50 95
95 50
5 110
89 95
5 95
89 95
5 89
119 20
95 50
98 50
89 83
89 95
89 95
50 95
5 89
5 73
5 89
95 89
100 119
95 89
50 95
95 89
89 95
54 50
50 95
5 95
5 50
125 68
89 95
95 5
50 22
5 89
50 5
100 119
65 79
95 23
95 23
95 5
50 89
89 5
50 89
95 71
89 95
89 95
99 91
51 55
89 95
89 95
89 95
99 3
50 89
89 50
89 50
50 95
107 13
50 95
95 89
95 50
5 50
89 95
50 117
89 95
95 50
95 89
5 95
89 50
89 95
121 67
95 5
89 95
50 95
95 10
95 89
50 5
56 5
89 50
89 95
89 5
50 95
5 89
95 5
5 89
5 47
64 46
95 50
89 95
5 95
89 95
89 95
5 95
50 5
89 5
50 95
89 50
50 95
50 10
95 89
5 76
95 50
5 20
5 83
89 50
50 95
50 95
50 1
89 95
50 95
50 95
50 95
50 51
5 50
50 5
50 95
5 95
95 89
89 5
95 89
89 95
89 75
5 96
89 5
95 89
95 89
89 95
5 50
50 95
95 20
50 89
95 50
41 17
50 95
89 95
5 95
50 74
95 50
5 73
5 48
89 95
89 95
95 89
89 95
89 95
95 50
50 89
50 95
5 50
89 5
95 50
5 50
95 89
98 54
89 74
89 50
50 98
50 89
95 89
89 5
50 95
89 5
95 83
15 79
89 50
50 95
95 23
5 50
95 89
5 73
50 89
94 14
89 95
5 95
89 50
5 95
95 89
17 63
64 52
50 95
42 51
95 89
95 5
5 50
50 89
73 5
50 95
83 95
50 89
5 95
95 14
121 36
50 71
95 1
89 50
95 23
89 123
89 95
89 50
89 5
95 50
95 23
89 97
65 64
95 0
89 5
5 95
50 95
95 5
89 50
89 95
50 102
5 50
5 95
50 95
42 20
89 95
95 78
50 95
95 5
95 5
89 95
50 95
5 89
5 73
5 50
89 95
50 95
50 5
89 95
89 95
89 95
89 50
89 95
95 50
5 50
41 68
5 73
59 96
89 95
95 89
89 95
15 34
89 95
95 5
5 50
95 89
5 91
5 89
95 50
5 95
89 5
50 95
5 50
113 5
107 13
5 56
95 23
95 89
50 95
50 95
50 5
95 5
95 14
89 95
5 50
89 95
50 95
5 50
50 95
5 84
50 5
50 95
95 50
89 50
89 95
95 89
50 79
89 95
85 5
89 95
15 83
5 50
50 86
95 14
50 95
89 95
95 50
89 5
50 127
95 0
89 50
89 95
50 5
89 95
89 95
5 95
89 95
51 42
94 73
89 5
99 11
89 95
100 14
95 89
89 95
89 50
89 95
89 95
89 95
50 95
89 95
5 95
89 95
50 95
50 95
5 95
50 95
5 95
89 95
89 50
50 95
5 95
54 119
89 95
5 50
5 41
89 95
5 89
5 50
107 13
89 50
95 89
89 95
89 95
89 50
50 95
89 95
121 86
59 101
50 95
89 95
89 95
5 47
89 30
89 95
89 95
95 5
95 5
50 95
89 95
42 5
95 89
89 95
89 95
50 89
89 95
89 95
95 14
54 50
95 5
50 61
50 5
89 95
41 105
89 8
89 50
5 47
5 95
89 95
5 89
50 95
95 89
5 50
5 95
95 89
5 95
89 50
95 50
50 95
5 95
15 83
89 95
5 95
89 95
89 95
5 50
99 118
95 5
95 89
89 5
95 89
50 5
89 50
95 50
89 95
50 5
50 89
89 95
95 93
5 89
5 95
95 77
5 50
50 85
5 95
95 89
95 75
89 5
89 5
89 95
125 96
5 104
95 99
89 95
95 50
50 5
5 80
89 95
89 95
5 47
89 50
50 95
89 117
95 5
89 95
89 95
5 89
89 5
89 5
50 100
99 56
95 5
95 5
5 50
95 89
95 89
50 95
95 89
5 50
95 50
5 89
95 89
95 5
89 95
89 95
89 95
5 25
89 95
5 95
89 95
5 50
89 5
89 50
5 89
50 95
89 95
89 5
5 95
5 89
95 89
89 50
95 50
89 95
89 5
5 95
50 95
50 95
5 50
54 21
89 5
5 50
89 50
95 89
95 80
50 89
50 54
89 95
89 50
5 95
89 50
83 79
89 95
5 17
95 89
89 50
95 89
89 95
95 50
95 89
95 89
89 95
89 50
95 89
125 30
64 10
56 5
89 50
89 95
89 95
5 32
89 50
89 95
95 89
89 5
95 50
89 95
95 89
95 50
5 50
95 89
89 95
5 50
5 93
5 73
50 95
89 50
5 95
89 67
20 64
95 89
95 5
42 94
89 5
50 95
89 5
89 95
64 23
89 95
5 110
89 95
89 95
5 89
5 89
50 3
89 50
50 95
95 89
89 95
95 5
89 95
95 14
89 50
64 67
89 5
89 95
95 89
89 95
89 95
50 5
50 95
5 77
89 50
89 95
89 5
5 89
95 89
95 89
5 95
50 95
89 95
95 89
89 5
50 95
89 95
89 50
89 95
89 95
89 95
95 50
111 70
50 95
5 95
118 13
50 95
50 70
95 5
113 83
89 5
89 95
5 89
89 95
95 89
89 5
95 50
95 50
95 89
50 95
5 89
89 95
89 50
5 73
89 5
89 50
95 50
5 50
89 95
89 5
95 89
89 95
89 13
95 89
89 95
95 89
50 95
89 95
89 5
5 89
5 89
5 50
89 95
95 89
89 95
50 95
95 89
95 50
5 47
89 95
14 111
89 5
89 50
89 50
89 95
83 111
89 95
89 60
95 89
50 5
95 5
95 50
89 95
95 89
5 89
89 95
50 89
5 89
89 95
5 47
5 89
5 50
89 95
89 95
89 95
79 15
5 95
95 89
95 47
95 5
89 95
89 5
50 95
95 5
95 5
89 95
89 94
89 50
95 23
5 89
13 50
95 125
95 5
89 50
5 73
95 50
89 95
89 95
41 57
89 50
95 50
50 47
89 5
89 95
5 89
5 95
89 95
95 50
89 95
95 89
89 92
5 89
89 95
50 95
89 95
5 95
95 5
5 50
50 5
89 95
50 95
89 95
89 5
50 95
89 95
89 95
89 95
95 89
95 89
95 123
5 45
5 89
5 50
5 23
89 95
95 5
50 95
5 95
89 73
5 89
50 52
50 3
50 89
89 95
95 50
5 95
89 95
5 95
95 71
95 50
95 23
95 89
89 95
89 95
95 89
14 81
5 89
89 95
5 95
5 50
95 14
89 95
50 102
95 89
50 95
89 95
5 95
89 50
95 89
41 68
50 95
5 73
119 123
5 95
89 95
5 95
95 89
95 99
95 5
89 95
89 95
95 5
89 50
89 95
95 50
50 8
89 95
5 89
5 71
95 89
89 95
100 14
89 95
5 47
89 95
89 50
95 89
5 95
95 89
95 89
89 95
89 95
89 95
95 18
68 15
5 95
89 95
5 50
5 89
5 95
17 38
95 50
89 95
89 50
89 95
50 95
95 89
89 95
95 82
95 89
5 95
5 95
95 89
95 89
89 84
5 95
95 89
5 95
89 95
95 50
50 71
95 89
95 63
89 5
95 7
89 95
50 95
50 95
89 95
63 120
96 47
50 5
5 50
89 95
89 95
5 50
50 95
96 44
95 89
5 95
95 79
50 79
89 95
95 5
95 5
89 95
95 89
89 50
89 5
50 95
50 5
95 50
89 95
5 89
5 47
95 89
5 95
95 66
95 50
89 95
95 5
20 8
89 95
89 5
50 89
50 95
89 50
30 50
95 125
5 89
95 89
89 95
89 95
95 50
50 95
15 79
50 5
50 95
50 95
5 95
63 51
5 50
125 95
95 50
41 18
89 84
89 95
95 14
107 13
50 95
89 26
89 95
95 89
89 97
89 95
89 50
95 5
5 95
89 50
5 89
89 50
5 50
89 5
5 95
95 5
89 95
95 89
89 95
89 10
95 50
5 118
50 5
89 95
5 97
5 89
41 79
95 50
95 89
89 95
50 89
95 89
25 106
95 50
5 50
89 50
95 89
95 17
5 50
5 50
89 95
5 47
89 95
50 109
95 89
89 95
89 50
89 50
89 50
63 79
50 89
95 89
89 5
68 15
50 5
89 80
95 89
50 95
89 95
89 95
89 51
50 83
89 95
5 89
89 5
95 23
5 95
50 95
89 95
5 50
95 89
89 76
89 50
5 95
95 50
50 95
50 89
5 95
50 95
5 95
95 5
50 5
5 89
15 83
5 50
95 98
89 95
89 95
5 50
95 50
50 5
50 51
5 89
5 50
89 95
89 50
50 89
89 95
5 59
123 125
50 5
17 125
89 95
95 23
95 5
89 41
89 5
5 47
95 14
89 96
5 95
89 95
95 50
89 95
95 89
89 5
5 73
89 95
106 95
5 89
89 95
5 89
5 73
89 95
95 5
5 89
95 89
89 50
89 5
95 89
89 5
41 17
89 5
89 50
50 95
51 117
125 124
95 50
95 89
89 95
50 95
89 5
89 95
89 5
50 95
89 50
50 112
89 95
95 89
5 16
95 50
89 95
125 24
50 95
50 95
95 89
50 89
89 50
5 95
89 95
5 95
95 5
95 23
95 89
50 95
95 50
89 95
95 50
95 50
89 50
5 111
89 50
89 95
89 118
5 95
50 31
50 5
50 111
89 50
95 89
95 50
89 95
89 95
5 50
42 81
89 5
107 100
113 58
89 95
5 23
89 95
95 5
95 50
95 14
95 50
50 95
50 89
50 89
5 95
5 95
5 14
95 89
95 5
95 89
95 50
5 89
5 47
5 50
125 45
89 95
89 5
95 50
5 95
118 13
89 95
5 95
5 50
95 89
50 5
50 95
5 89
89 95
95 5
95 50
5 95
89 95
95 113
89 95
5 89
50 95
89 5
95 50
95 89
50 89
5 50
89 50
89 95
5 95
5 95
89 95
50 5
89 50
50 89
89 95
95 50
89 47
89 95
89 41
5 95
5 95
50 95
89 95
95 89
5 73
5 89
89 95
50 5
89 50
95 84
89 95
95 89
5 50
50 95
5 73
89 95
5 56
95 50
95 5
51 63
89 50
95 50
5 50
50 95
95 50
95 50
89 5
5 95
95 89
89 50
89 5
89 75
89 95
89 95
89 50
50 95
89 95
5 95
95 50
89 95
50 89
5 50
95 50
56 95
89 95
50 89
89 95
89 95
95 5
95 50
50 89
95 89
89 5
89 95
89 95
89 95
95 89
50 95
89 5
5 95
89 95
15 83
89 5
89 95
95 89
89 95
95 5
95 89
95 50
50 95
89 95
50 95
89 50
89 50
107 13
95 89
5 89
68 64
50 115
95 14
5 123
5 89
50 95
50 17
95 50
89 95
5 95
50 14
89 95
89 50
50 17
50 99
50 5
50 89
50 5
50 95
95 5
95 89
89 5
5 89
32 74
95 50
50 95
95 50
50 5
5 95
89 50
89 95
89 95
89 95
89 95
89 95
89 95
51 43
95 5
5 95
5 95
95 89
95 5
89 101
89 5
5 95
5 100
42 51
95 5
42 94
50 24
89 50
89 95
5 89
50 95
89 95
89 95
95 56
95 50
94 43
95 89
50 95
95 110
5 50
89 5
50 23
89 5
50 5
5 47
89 95
50 95
95 23
50 95
125 48
89 95
5 95
95 5
5 50
95 50
5 89
50 95
89 50
89 92
5 95
5 50
50 85
95 5
89 95
89 50
89 123
95 50
89 50
95 89
89 5
5 95
95 5
95 23
50 95
95 89
89 50
50 89
50 95
5 67
95 89
50 5
95 89
50 89
50 89
50 89
89 95
5 47
95 23
50 5
5 73
50 89
89 95
95 45
89 95
50 5
89 95
5 95
89 95
89 95
89 50
95 50
5 95
5 89
5 89
89 95
95 14
89 50
95 89
95 26
89 95
95 25
50 89
50 95
5 111
95 74
89 50
89 1
50 5
89 5
50 95
5 47
89 95
5 89
89 95
5 89
5 89
95 127
50 89
95 63
118 13
89 95
95 89
89 95
50 71
95 50
5 95
95 109
95 89
95 89
89 95
41 33
5 50
89 95
89 95
64 8
89 5
89 50
81 42
54 32
95 5
50 5
89 61
50 5
50 5
5 95
5 89
89 83
89 60
95 10
5 47
95 89
50 95
89 95
50 89
50 95
5 95
95 89
95 89
50 89
5 95
50 95
50 56
50 93
42 51
89 95
89 95
95 50
5 55
5 50
95 89
50 5
89 50
5 47
50 89
5 89
50 5
50 95
89 95
50 5
89 17
95 89
5 23
89 95
20 123
64 86
5 50
89 5
50 95
95 23
89 95
95 5
95 89
95 89
89 95
5 73
125 66
15 79
89 95
95 23
5 51
89 95
50 95
89 95
42 51
89 5
5 89
50 89
5 47
50 17
95 5
89 5
89 95
95 14
95 50
95 50
63 96
89 50
89 95
89 95
95 89
89 95
89 95
5 50
89 5
89 95
95 50
89 95
89 95
5 50
89 5
50 95
50 95
89 95
5 89
89 95
95 50
95 5
89 50
50 5
89 95
95 5
5 50
50 95
50 95
89 5
89 5
42 81
5 39
50 89
51 15
89 50
50 95
50 95
95 14
95 89
125 23
89 95
5 50
5 95
95 89
95 5
15 79
89 95
89 5
95 23
95 5
89 50
118 13
89 95
89 95
5 95
95 92
50 95
89 5
89 95
50 95
50 89
95 50
95 5
95 50
89 50
5 50
95 50
5 89
89 50
89 95
89 95
95 89
89 95
89 95
89 5
95 89
5 50
121 20
89 95
89 95
95 89
50 95
89 95
5 47
89 95
95 89
89 48
5 50
89 50
89 5
95 89
89 95
50 110
96 89
5 89
5 50
99 56
95 50
95 30
5 95
5 89
79 83
89 50
5 50
95 5
89 95
89 95
5 50
5 89
95 89
89 95
95 14
89 95
89 50
95 89
5 95
5 50
113 5
95 50
17 80
50 5
50 95
89 50
89 95
95 50
95 50
5 95
51 88
5 54
107 13
89 95
89 95
89 95
95 5
5 50
89 95
95 89
5 89
95 89
95 89
89 5
89 95
89 2
95 89
54 35
89 95
50 5
89 95
89 50
5 50
89 5
89 95
89 57
5 50
95 89
54 102
89 5
95 50
89 95
95 50
50 95
5 120
89 95
89 50
95 50
50 95
95 77
95 5
95 89
5 95
95 5
50 95
5 89
95 89
89 95
89 5
107 13
89 5
5 23
50 95
89 99
50 95
50 95
89 95
89 5
95 5
89 64
5 99
95 5
89 95
95 50
50 89
50 89
50 95
5 79
50 95
89 95
95 5
95 50
50 95
5 89
89 95
5 89
5 89
89 5
95 50
5 95
89 95
89 95
50 5
5 95
95 50
50 85
50 95
95 89
15 34
17 2
95 50
50 95
95 50
5 95
50 95
5 50
5 95
95 50
95 50
5 95
89 95
125 21
50 83
89 50
89 95
89 5
89 95
89 5
89 95
95 89
5 50
50 83
5 95
89 95
89 5
5 95
99 26
5 89
95 5
50 107
50 5
89 95
5 89
50 95
50 95
95 89
89 5
89 5
5 50
89 95
50 95
89 95
17 51
50 95
95 50
89 50
89 95
23 5
89 95
95 89
5 95
20 121
89 5
95 5
95 23
89 5
5 89
50 89
95 89
50 52
89 95
81 42
95 77
100 119
89 5
95 89
89 95
5 89
50 95
89 95
95 4
95 14
89 95
5 50
95 50
95 84
95 89
95 89
89 50
15 34
50 95
50 5
65 125
89 5
50 89
89 95
5 95
89 95
5 73
95 89
89 95
50 89
5 89
89 95
50 95
89 95
89 95
89 5
89 5
95 23
5 50
89 95
95 5
50 5
50 89
5 89
95 89
25 74
89 50
89 95
89 50
50 95
5 89
89 95
89 120
89 95
89 95
89 95
89 95
81 42
94 101
95 89
89 95
89 95
41 70
50 95
89 95
50 110
95 50
5 95
5 89
95 125
95 89
5 95
99 98
95 5
95 89
5 95
50 95
89 95
50 89
50 54
95 89
89 5
41 68
50 89
113 58
95 14
95 50
5 89
5 95
50 95
95 115
89 5
95 5
89 95
89 95
5 95
89 95
95 75
50 106
89 95
68 15
95 99
95 50
5 95
89 95
5 95
89 95
50 89
5 95
89 95
89 95
89 50
50 95
95 50
89 95
89 50
5 95
89 50
89 95
89 16
89 5
95 5
50 95
5 95
89 5
5 89
89 50
89 95
89 95
5 89
5 115
95 89
5 95
50 95
95 5
95 0
5 95
50 5
95 5
89 125
5 89
95 89
5 89
89 5
5 48
95 50
89 95
50 95
5 95
89 50
89 95
50 95
95 50
95 14
95 5
95 89
95 50
50 95
95 8
5 94
95 50
50 95
89 95
95 50
89 50
95 5
89 95
95 89
89 50
95 89
89 95
50 95
95 89
89 95
5 106
95 92
50 95
5 95
89 95
5 64
50 89
89 5
95 89
89 50
50 5
5 50
5 95
89 95
89 95
5 95
50 95
50 95
95 5
89 5
50 95
89 50
89 95
89 95
5 89
50 95
95 89
50 89
5 95
50 95
95 54
95 50
95 89
95 70
50 95
95 5
5 89
95 50
5 122
5 89
95 5
50 89
89 50
50 89
89 50
95 89
89 50
5 89
5 95
50 95
89 95
95 89
5 100
95 89
89 95
5 89
95 5
15 83
95 5
89 50
95 50
50 5
50 95
95 89
89 95
5 95
89 5
95 89
5 95
14 81
95 50
50 95
95 50
5 95
94 49
95 50
95 5
89 50
89 95
89 95
89 50
5 95
95 50
95 89
100 119
96 18
89 95
89 5
95 50
89 95
95 89
50 95
95 5
50 77
95 14
95 89
5 95
89 95
50 89
89 95
5 89
50 95
89 95
95 89
79 54
50 95
50 20
89 95
5 50
89 114
89 53
89 50
89 95
5 89
42 51
5 50
89 95
17 65
95 89
95 50
50 5
50 89
50 95
95 89
95 89
95 89
89 95
50 74
95 23
89 95
41 95
50 115
50 95
95 89
89 5
89 5
89 50
5 40
50 95
89 95
95 89
95 89
50 95
89 63
50 5
89 50
50 95
50 95
89 95
5 47
89 95
5 50
51 16
89 95
89 95
95 89
89 50
50 95
95 89
95 89
95 50
5 95
89 50
89 50
89 95
95 89
89 50
89 95
95 89
17 49
5 50
83 106
64 95
89 95
89 95
95 50
89 95
89 95
89 5
95 67
50 95
89 123
5 95
95 5
95 89
95 93
89 95
95 50
95 50
89 5
5 50
95 89
95 50
50 89
107 83
89 5
95 50
50 80
89 26
95 62
50 95
95 89
89 50
50 91
5 95
73 5
50 52
95 89
95 14
50 95
95 5
89 50
95 50
89 75
95 127
89 95
50 95
100 14
89 101
95 5
89 95
89 95
89 95
89 95
89 50
5 95
89 95
95 89
89 50
95 89
95 89
95 5
95 5
89 95
89 50
89 95
113 58
51 63
50 14
95 50
95 50
89 95
95 118
64 62
89 95
89 95
89 45
89 50
50 5
5 89
50 95
89 50
95 89
5 89
89 95
50 89
95 5
95 50
50 12
5 95
5 95
95 89
89 95
94 19
95 50
95 89
50 95
95 50
95 89
50 5
95 89
89 5
50 95
50 95
95 5
95 50
5 95
89 95
89 95
50 95
50 95
50 5
5 89
95 14
89 123
50 5
50 95
126 41
50 89
95 110
113 50
89 50
50 89
5 59
89 95
89 95
95 23
5 50
95 50
95 50
95 89
95 5
107 13
89 95
95 5
89 5
95 89
89 95
50 95
50 79
95 99
5 95
95 50
95 79
50 95
89 3
89 95
5 95
50 95
50 89
50 89
89 95
5 95
50 95
95 14
20 64
50 30
25 74
89 5
95 14
95 5
89 50
95 50
89 50
89 95
95 89
95 77
95 89
5 60
95 89
5 50
89 95
89 95
95 50
95 5
50 95
95 50
89 95
89 95
89 50
95 50
5 89
5 89
95 89
5 95
50 95
25 106
89 95
89 5
54 125
89 50
94 70
5 89
95 5
5 50
89 95
89 95
5 50
89 50
50 95
89 48
89 95
89 5
5 89
89 95
5 89
89 95
5 95
50 89
100 119
89 95
95 89
95 89
50 95
95 5
50 95
95 89
50 74
5 50
89 95
89 50
50 5
89 95
95 50
106 98
95 89
50 89
89 95
50 95
50 121
89 50
5 50
54 100
5 95
89 54
5 95
50 95
5 83
89 95
89 95
14 95
5 50
125 5
50 89
89 95
50 89
95 89
89 91
89 95
89 95
89 50
89 95
89 95
89 50
50 76
50 89
5 95
89 95
89 95
5 89
50 95
5 95
89 50
89 71
89 95
5 14
89 95
89 97
5 95
89 95
89 5
95 17
14 81
50 5
95 5
89 50
5 95
95 89
50 95
5 89
89 5
89 95
5 50
95 5
5 50
89 95
99 68
89 95
75 89
56 5
50 89
95 5
5 50
95 5
95 89
95 14
89 5
95 50
95 89
95 50
95 89
50 53
89 95
89 50
89 5
100 119
95 89
5 50
5 73
89 50
95 89
89 95
50 68
95 89
89 95
50 95
5 50
89 50
5 89
95 5
89 95
89 50
54 125
89 95
95 5
50 95
95 123
89 95
95 89
50 95
5 89
50 95
89 95
89 50
89 41
5 50
89 95
50 5
98 50
95 89
5 95
89 95
89 95
58 86
50 5
5 95
5 95
89 95
50 95
95 89
89 95
50 89
89 50
5 89
89 95
50 41
95 89
89 50
50 122
95 89
121 30
95 50
50 95
95 50
89 95
5 50
89 95
89 95
95 42
89 95
95 50
5 95
95 23
89 95
50 95
89 95
5 73
50 5
50 14
95 5
50 95
95 5
89 50
5 95
95 40
63 120
50 95
50 77
95 89
89 95
50 95
95 89
89 95
95 50
5 74
5 95
5 95
89 50
89 95
89 95
89 95
89 50
83 48
50 95
50 95
95 118
89 95
5 89
89 5
50 89
89 95
107 13
5 50
51 18
89 5
89 95
89 95
89 95
89 50
5 95
95 89
89 95
89 50
50 89
95 89
95 89
5 95
95 83
89 95
89 50
5 89
89 95
95 118
89 50
95 5
95 77
89 50
89 50
95 89
50 95
89 5
5 47
89 95
89 5
95 5
95 14
95 89
95 94
95 89
50 63
5 89
50 95
5 95
89 95
5 89
89 95
50 63
89 50
89 95
50 19
5 95
95 50
5 89
5 47
95 10
95 50
5 50
89 5
95 71
95 89
89 95
95 50
95 89
95 89
89 5
51 59
95 50
64 8
95 5
89 95
5 73
5 89
95 5
50 95
95 50
95 5
5 95
95 89
50 89
89 95
94 34
5 50
95 83
50 95
95 50
89 95
95 50
95 14
95 30
89 11
50 95
89 95
89 95
89 95
95 50
89 50
89 5
50 95
89 95
89 95
68 41
5 95
89 95
95 50
5 89
89 95
89 95
89 50
89 50
50 115
50 95
89 95
95 89
95 50
89 95
41 70
89 50
5 94
95 89
95 89
50 89
5 76
89 95
95 89
50 60
89 50
95 50
89 95
95 54
95 80
50 5
95 89
89 5
95 14
89 5
95 14
5 95
50 95
89 95
89 5
5 95
89 95
89 52
5 95
5 89
95 89
95 89
95 89
5 95
5 89
50 95
95 5
89 65
89 95
89 50
89 95
89 95
95 109
95 89
50 95
20 64
50 5
89 95
125 94
89 5
95 5
95 20
95 89
95 89
50 95
50 95
5 107
95 89
95 89
23 95
89 50
5 95
95 50
89 95
89 123
89 50
89 95
95 50
50 89
50 123
95 89
95 89
50 5
95 50
95 89
89 50
89 95
89 95
45 5
89 50
89 95
111 42
89 95
95 50
95 14
89 95
89 14
118 42
89 50
89 95
95 50
5 89
95 50
89 95
5 73
5 50
89 97
5 95
20 64
50 95
5 50
89 115
5 50
50 95
89 50
89 95
89 50
89 31
5 50
95 89
89 95
17 19
89 95
50 95
89 5
95 89
89 50
95 89
89 95
89 95
95 89
5 120
95 50
89 95
89 95
51 63
50 95
89 75
70 42
5 50
95 89
5 95
50 89
95 50
89 95
50 95
51 30
5 89
95 5
50 95
54 16
95 50
89 95
5 95
5 95
89 95
89 50
89 95
15 79
95 5
89 50
81 42
89 95
95 14
50 51
95 89
89 50
51 118
89 95
89 95
95 14
50 95
50 95
125 98
95 89
5 95
5 95
89 63
95 5
95 89
13 81
5 50
89 95
50 5
95 89
51 106
95 89
41 29
89 95
81 42
50 89
89 93
95 50
95 89
81 42
89 5
5 73
5 95
50 95
80 125
17 59
95 5
63 79
95 50
50 95
5 95
95 50
20 121
15 83
5 89
17 80
89 50
89 95
50 95
5 95
96 63
89 95
95 5
89 95
89 95
89 50
5 73
5 89
13 64
107 83
95 89
95 89
50 95
113 58
89 5
50 89
89 95
89 50
5 73
89 50
5 89
89 95
50 5
5 50
95 89
5 89
5 89
89 50
95 89
125 84
95 89
89 5
89 50
5 89
95 89
50 95
95 57
95 89
89 5
5 95
89 50
5 89
89 95
5 50
5 95
89 95
113 58
89 95
50 95
5 50
50 89
89 79
95 89
5 95
5 50
89 50
95 89
50 85
5 95
107 51
89 5
95 50
89 50
89 95
89 95
89 95
5 89
41 68
89 95
89 5
89 50
81 100
113 58
95 50
89 42
89 95
95 89
95 89
89 95
89 50
64 16
50 95
95 89
95 89
89 104
89 95
50 95
89 95
5 95
50 95
5 89
5 89
95 89
51 75
5 95
5 95
5 89
89 95
41 55
50 95
5 95
89 50
5 73
95 50
5 50
15 83
89 95
95 89
81 42
95 50
50 89
50 95
89 50
95 89
95 89
89 5
5 77
15 34
51 14
5 50
50 76
5 89
5 89
5 73
95 89
89 50
79 50
89 78
89 95
5 50
5 89
89 50
5 95
5 95
50 95
96 52
89 5
95 50
89 23
89 95
95 59
89 95
89 95
95 89
95 14
95 14
113 58
95 5
89 95
89 95
95 50
95 89
50 65
89 50
95 89
5 89
89 95
50 95
89 95
5 95
50 95
89 95
95 5
70 42
89 95
89 95
5 50
68 15
5 73
50 95
50 5
89 5
95 5
89 50
50 95
50 97
74 100
14 81
89 95
89 95
5 89
95 89
89 50
50 95
5 53
89 50
89 5
5 95
50 95
95 50
95 89
50 95
50 5
64 83
89 95
8 65
95 89
95 5
5 42
95 89
5 50
89 95
95 5
89 95
5 89
95 14
95 5
95 1
94 122
50 5
5 95
89 95
89 95
42 81
89 50
89 50
83 5
50 95
95 5
5 95
89 50
95 5
107 13
50 5
41 15
125 59
89 95
95 89
89 50
95 89
89 95
5 95
89 95
50 95
89 5
89 95
95 50
118 13
50 5
95 23
15 34
89 95
95 89
56 96
95 89
89 95
95 89
89 95
95 50
89 94
89 50
89 5
89 50
50 95
50 95
5 34
50 95
5 89
5 95
89 95
89 95
50 95
50 84
50 89
50 95
95 5
50 95
50 51
89 95
95 50
50 95
5 89
89 95
95 50
95 5
50 89
50 89
95 89
95 5
89 95
95 89
5 95
95 50
95 89
89 5
5 81
95 89
95 5
95 5
5 95
50 89
54 65
5 50
50 95
95 89
5 95
50 95
5 94
99 19
5 95
95 89
5 86
50 95
50 89
50 5
89 50
95 89
89 50
50 102
5 95
41 68
5 20
95 68
89 95
5 50
5 95
89 50
50 89
95 89
125 58
89 95
95 89
89 95
89 95
89 95
95 89
5 89
95 89
50 95
50 7
89 50
5 95
50 95
50 89
89 95
5 89
50 45
89 50
50 95
95 50
5 50
95 50
89 95
94 42
89 50
5 63
95 89
89 95
95 5
89 5
50 95
89 95
50 17
89 50
89 95
95 50
95 50
89 95
89 95
89 50
89 5
89 5
50 89
5 50
89 5
89 95
95 5
89 95
50 95
50 96
89 35
5 125
89 95
5 95
95 5
89 5
95 14
123 119
5 95
50 93
5 95
89 95
95 89
5 95
89 95
5 95
95 89
5 50
89 47
95 89
76 89
95 50
95 89
95 5
89 5
95 123
95 50
95 89
50 89
50 95
107 13
5 95
5 95
50 95
95 89
89 84
95 5
41 86
95 110
107 13
95 89
23 50
50 94
5 73
89 123
96 48
89 50
95 89
95 50
95 50
89 95
95 14
89 5
20 8
50 95
95 89
89 95
89 50
5 95
89 24
5 95
95 5
50 95
89 95
50 95
50 95
5 95
125 22
95 89
89 95
5 89
50 95
89 95
89 95
50 5
15 34
89 5
89 95
5 95
95 5
89 95
89 5
95 5
54 50
50 13
50 95
95 89
5 70
95 50
89 95
89 71
89 95
89 50
89 12
95 50
89 95
50 89
5 89
50 95
5 99
95 89
89 95
89 95
95 50
95 5
89 50
89 50
95 89
5 95
50 95
5 50
89 95
41 68
89 50
5 89
125 98
50 89
50 95
89 95
5 89
64 8
89 5
95 89
89 95
95 50
95 89
89 95
121 5
95 50
95 5
89 95
89 95
50 89
50 95
89 95
95 89
89 95
95 89
89 5
95 89
94 118
5 32
89 5
95 50
95 89
89 95
5 95
89 95
89 95
95 89
95 89
113 58
50 95
95 5
89 5
89 5
89 50
5 95
95 50
50 89
5 50
95 50
95 23
89 95
89 95
89 95
95 89
95 74
50 95
89 95
89 50
94 44
5 50
5 95
50 29
5 50
83 95
95 17
50 95
68 15
63 96
83 15
15 83
5 95
50 89
50 95
89 95
5 89
89 50
5 73
89 122
50 95
5 99
5 95
107 13
50 107
50 95
89 95
17 126
95 89
89 95
15 83
5 89
95 5
50 95
50 13
50 95
89 95
89 95
50 57
50 95
50 89
5 50
50 95
89 95
65 118
89 5
5 95
5 95
5 73
89 95
89 17
83 111
50 5
95 77
95 50
5 89
95 79
89 95
89 95
5 95
5 89
5 65
89 5
95 5
89 50
95 89
95 50
95 50
89 95
5 50
50 95
5 89
79 83
89 25
89 5
89 30
50 95
50 60
95 89
96 92
95 89
5 95
14 81
50 89
95 97
95 50
50 95
50 31
5 50
5 89
42 51
95 5
89 95
89 95
89 5
5 95
5 73
95 89
89 77
89 95
5 95
89 95
5 89
89 50
50 95
5 73
41 114
5 89
89 95
89 50
89 95
50 95
89 5
20 8
5 50
95 89
50 5
89 95
50 95
5 47
95 5
89 5
95 89
89 50
89 5
89 95
89 95
96 5
95 23
5 47
5 95
50 95
95 89
5 95
95 50
89 95
51 16
50 95
89 122
89 5
95 89
5 89
5 122
5 31
89 95
95 50
89 95
89 50
5 89
50 95
5 47
89 95
89 95
50 95
5 95
50 95
89 50
50 57
15 34
5 95
50 95
95 5
95 89
54 77
63 32
89 5
50 95
95 50
5 0
89 30
95 5
95 50
5 95
50 89
89 95
89 95
95 89
5 47
5 54
5 47
5 30
50 5
50 95
89 95
89 116
50 95
5 50
34 14
95 89
95 47
89 95
95 50
5 89
95 5
50 95
50 95
95 50
95 89
95 89
5 89
50 5
95 5
64 26
5 73
50 95
89 95
89 5
89 95
47 65
5 47
95 89
89 95
89 79
50 95
95 56
89 95
89 14
95 89
50 95
89 5
98 51
50 95
5 95
50 5
50 111
89 50
50 89
5 50
59 89
95 5
73 5
50 118
89 95
50 95
95 89
32 74
5 95
81 42
89 50
89 95
95 83
118 42
95 5
50 89
89 95
89 95
125 45
95 5
89 5
5 50
89 95
17 88
95 89
89 95
50 95
89 95
5 47
5 74
50 89
5 101
89 50
5 122
95 89
50 95
50 5
5 50
89 95
89 78
95 50
89 50
95 14
89 50
89 50
95 50
89 95
89 95
89 91
95 89
95 50
89 50
89 95
95 50
95 89
95 5
5 50
95 5
95 14
41 107
89 95
89 50
89 95
5 50
89 5
95 30
89 95
89 95
5 95
5 95
95 50
95 89
95 5
95 5
95 14
95 89
89 95
95 5
95 89
107 121
89 95
95 5
89 95
95 50
5 95
89 95
95 50
95 89
95 83
95 89
95 50
74 99
89 5
50 95
89 20
50 86
89 95
95 89
95 89
95 23
89 50
5 89
89 42
89 95
95 89
5 47
64 83
5 95
5 50
89 5
5 79
5 77
89 50
95 89
95 50
5 89
5 50
5 95
95 5
89 95
95 89
5 89
50 5
89 95
20 64
5 30
50 5
5 95
5 73
50 95
95 5
50 95
50 89
5 47
89 5
95 89
5 50
95 5
95 89
50 5
5 59
50 95
95 91
95 89
50 10
95 89
51 56
64 79
50 95
5 89
5 95
5 73
5 95
89 95
5 89
20 64
50 95
95 50
89 95
89 50
5 73
89 95
50 116
95 89
50 89
89 95
50 95
95 89
50 95
5 47
50 62
95 89
50 95
89 95
51 56
5 89
95 50
42 81
89 5
5 73
25 106
89 95
95 89
89 95
121 83
50 5
50 5
50 89
95 89
95 89
89 95
5 89
95 50
95 14
95 89
95 89
121 93
50 95
5 95
5 89
89 50
89 95
95 14
5 95
5 50
51 80
89 25
50 95
50 95
89 5
95 5
68 15
50 95
95 23
5 89
89 50
95 23
50 95
89 95
95 23
95 89
50 122
89 95
50 95
95 89
5 50
89 5
95 93
95 89
95 89
95 5
95 89
95 89
89 5
95 89
50 89
95 89
5 95
89 60
89 95
50 95
95 89
95 89
95 89
50 95
96 41
89 95
95 50
50 95
95 23
125 70
89 50
50 95
5 63
95 14
89 5
89 95
68 14
89 50
95 89
95 18
50 5
95 5
5 95
5 95
95 89
89 95
95 14
89 95
50 5
95 89
95 5
89 95
5 95
95 5
95 89
50 89
95 5
50 100
50 89
95 5
5 89
20 64
89 95
17 38
95 64
50 95
95 89
95 89
5 89
95 5
125 50
95 89
89 95
95 104
89 5
95 89
42 76
5 125
89 5
5 50
95 89
89 50
106 5
95 50
89 50
50 89
89 95
95 89
95 89
50 124
89 95
50 95
50 95
89 95
5 50
89 50
95 14
89 95
5 95
50 95
113 58
50 95
50 95
5 89
95 89
95 89
118 42
5 77
5 95
89 95
95 89
50 95
89 95
95 89
89 95
89 95
50 123
94 51
89 5
89 95
89 123
89 95
89 95
50 5
95 89
89 50
95 89
89 95
95 89
95 5
118 65
95 50
125 127
95 5
89 95
89 95
113 5
95 89
64 101
5 95
89 95
5 50
68 41
89 5
95 50
89 95
89 95
50 95
89 95
50 66
96 95
5 89
5 50
5 73
5 54
89 95
50 95
89 95
95 5
50 95
50 95
50 89
89 95
59 5
95 50
89 95
89 5
95 89
50 95
5 95
5 50
95 89
89 95
5 50
5 93
121 79
79 54
5 50
64 9
5 47
95 14
89 28
95 89
89 95
50 68
89 5
32 74
5 50
121 20
95 107
89 10
50 95
89 50
5 95
50 124
89 95
95 14
89 5
50 89
5 95
89 95
5 95
5 95
63 79
5 50
89 95
95 5
89 95
5 95
50 95
50 95
89 95
89 95
50 89
89 123
50 83
89 95
89 95
50 5
95 89
20 64
95 89
89 50
5 89
50 5
95 5
5 95
95 50
95 89
5 95
89 95
5 48
50 10
89 95
5 95
15 79
5 95
95 5
89 95
89 95
81 42
95 89
89 95
95 89
95 23
89 95
89 95
5 50
89 50
80 79
5 89
100 119
5 89
5 95
5 50
89 95
5 95
89 95
100 14
95 5
50 89
95 50
5 95
50 95
95 89
89 95
5 47
89 95
50 95
5 30
5 95
50 95
5 89
89 95
5 50
89 50
5 47
89 95
89 50
50 95
5 95
89 50
50 5
81 42
89 5
5 95
5 95
89 95
89 5
5 50
89 5
5 95
50 95
50 95
95 75
89 50
125 95
95 89
5 95
50 5
89 50
89 50
89 5
5 93
89 95
64 8
5 95
125 40
89 95
95 50
5 89
89 95
41 61
95 89
95 89
5 115
64 79
89 95
5 95
89 50
95 50
89 50
63 42
89 50
89 50
68 15
89 95
50 89
95 5
95 92
5 50
5 50
5 95
5 50
95 5
95 5
5 89
95 89
95 5
5 89
50 89
95 50
5 95
89 95
95 89
95 5
34 65
5 8
95 23
50 95
95 23
50 61
50 95
5 89
95 50
50 95
64 29
95 5
50 5
50 95
5 89
5 50
73 83
50 95
41 121
118 42
5 95
89 95
89 95
95 5
50 5
89 95
50 95
95 89
5 73
50 12
5 95
5 72
5 95
89 95
5 113
5 95
5 89
5 95
100 119
89 95
95 89
95 5
89 5
5 95
95 89
50 99
89 95
17 105
89 95
89 50
89 95
89 95
89 50
89 95
54 5
89 50
50 89
95 118
5 50
5 89
89 95
95 89
89 95
95 89
89 95
107 48
95 89
95 50
95 89
5 95
89 95
89 45
5 95
95 23
89 95
89 95
89 95
95 89
89 95
50 95
89 64
95 5
5 50
89 95
5 33
95 89
50 17
50 17
89 5
89 50
63 79
89 95
89 95
95 5
15 83
5 50
89 95
89 50
5 73
95 50
50 95
5 95
89 95
89 50
5 73
50 95
50 95
89 50
95 89
89 95
5 76
5 50
95 50
95 5
89 95
95 50
89 95
50 122
95 115
50 95
89 95
5 67
95 5
95 14
5 95
89 5
64 114
89 50
89 95
89 95
34 65
50 61
95 89
89 50
50 89
89 28
89 50
95 89
95 23
89 50
50 114
50 95
89 95
89 95
50 5
14 81
89 50
119 123
89 5
50 95
5 89
95 89
95 5
5 47
50 5
95 89
50 95
50 95
95 89
5 95
5 89
50 5
107 13
95 5
95 50
5 95
5 41
50 17
89 95
100 14
94 48
95 89
50 95
89 55
50 89
89 95
89 76
58 113
95 89
89 95
50 95
5 123
95 5
5 73
5 119
89 95
89 95
50 5
95 89
5 89
5 95
5 95
95 5
50 95
89 95
50 95
89 95
89 95
50 89
5 95
89 95
50 5
95 89
5 95
89 95
50 95
89 50
107 13
50 89
50 89
83 106
95 50
89 5
5 89
95 89
50 102
50 95
5 50
89 50
95 5
95 50
89 95
89 95
89 95
50 95
5 95
5 89
89 50
5 73
41 109
50 17
99 104
50 89
5 17
50 95
89 95
95 77
50 89
95 89
50 95
5 89
95 50
89 95
50 95
5 1
5 50
89 5
5 50
5 95
95 89
50 89
89 50
50 89
95 89
95 89
89 5
95 89
50 95
50 95
50 11
100 74
89 5
89 5
95 50
5 95
95 89
5 95
50 13
5 95
95 5
50 55
17 122
99 82
89 50
5 50
89 5
50 89
89 95
95 84
95 89
89 50
50 5
5 95
50 95
89 101
102 50
5 95
50 95
50 79
95 96
89 85
89 95
20 8
50 95
95 89
50 89
95 89
89 5
99 50
89 95
95 5
89 95
89 86
89 95
95 89
89 95
89 95
99 38
89 95
89 95
50 95
5 50
89 95
89 5
89 5
5 17
89 95
89 50
5 95
5 50
89 95
5 89
5 95
95 5
50 20
5 50
89 95
95 89
89 50
95 89
89 95
38 95
89 95
50 89
89 50
89 95
95 89
89 50
95 89
89 83
95 64
89 50
50 75
95 5
95 92
89 95
50 95
89 95
95 125
95 89
89 95
89 95
89 5
95 5
50 95
5 50
63 120
95 89
89 95
95 89
89 95
50 95
5 89
5 89
113 58
95 89
95 5
100 14
50 89
5 95
50 95
89 5
89 50
89 95
95 89
95 89
95 89
50 95
95 50
95 89
5 50
89 95
68 106
89 50
95 5
5 78
50 95
5 95
95 50
5 47
5 89
95 89
95 50
89 95
118 65
5 95
5 95
89 95
89 5
51 29
42 51
95 89
51 4
95 5
5 95
5 73
50 95
89 95
94 127
50 95
89 50
94 14
95 5
89 73
95 50
50 89
95 5
89 5
5 50
89 95
95 5
118 121
5 47
89 95
15 79
95 5
5 95
5 95
50 95
89 115
95 14
95 5
5 50
89 5
95 75
5 95
5 50
95 89
89 50
89 95
95 63
5 95
5 95
96 15
95 89
5 89
95 89
95 50
50 89
95 89
125 127
5 63
89 95
50 79
5 95
89 50
100 119
125 75
95 89
95 89
95 83
89 95
5 123
89 50
95 50
95 5
95 50
5 95
50 95
5 73
89 95
89 50
50 89
50 89
89 95
5 95
50 95
50 49
5 95
95 83
50 89
50 95
95 89
5 95
89 95
50 89
89 50
95 100
50 95
50 92
89 53
121 123
95 5
89 95
89 95
89 26
89 50
89 20
50 95
5 95
95 89
50 95
89 95
50 95
89 5
5 89
95 3
89 95
89 95
120 116
89 5
50 95
83 106
5 50
89 30
89 50
5 127
50 95
95 5
95 89
89 50
50 84
89 95
95 50
5 47
95 50
95 5
89 50
89 95
5 95
50 95
89 5
89 5
5 95
89 95
95 5
89 5
89 32
50 95
5 95
95 89
89 95
89 95
95 50
50 95
89 95
89 5
95 89
63 42
89 50
89 5
50 5
50 0
89 50
89 95
50 89
95 50
5 50
5 1
89 95
5 126
89 95
95 50
50 95
95 89
5 50
5 50
95 50
95 89
95 89
89 95
89 95
89 95
50 95
89 95
95 50
95 89
50 95
95 89
95 89
89 95
89 50
5 74
89 50
89 95
50 95
5 95
50 5
89 95
95 89
5 89
5 47
89 5
95 50
95 50
95 50
50 5
89 95
89 50
89 5
95 2
95 17
51 42
5 47
89 95
89 95
89 95
5 89
95 117
50 89
50 5
95 89
95 89
5 95
95 5
95 50
5 95
50 95
50 5
95 89
89 50
89 50
50 18
95 115
95 5
95 5
47 95
5 95
89 95
89 21
89 95
89 95
50 95
89 95
89 95
63 96
63 120
50 95
89 50
95 5
5 94
95 89
5 95
89 95
89 95
89 5
95 89
89 50
95 14
95 50
20 64
5 89
50 5
5 89
50 89
89 5
89 5
95 89
5 89
95 89
50 95
5 50
50 5
5 89
89 95
89 95
89 5
50 117
89 5
63 120
5 95
119 123
68 41
89 50
95 89
50 95
95 89
5 50
89 95
95 89
50 95
5 95
95 50
95 5
89 65
5 50
50 6
89 95
95 89
99 114
5 89
89 95
89 95
89 66
95 89
117 89
50 5
95 50
89 50
89 41
89 95
113 58
89 67
42 121
89 95
89 5
89 95
95 71
5 95
99 6
95 89
119 99
5 73
89 95
95 5
50 95
5 50
95 89
50 95
89 95
5 95
89 50
89 5
89 95
50 107
89 95
5 95
89 5
5 50
50 95
89 50
50 109
95 50
95 5
95 89
5 95
17 65
89 5
5 89
50 95
50 95
89 95
118 42
50 39
89 115
65 110
5 50
95 42
89 95
89 32
5 89
95 89
89 50
94 89
95 50
50 89
50 95
95 50
5 95
50 5
100 119
41 40
95 89
89 95
50 89
95 5
95 89
95 50
50 95
50 95
95 76
95 50
99 34
50 17
50 95
5 95
95 5
95 5
89 95
89 95
50 95
95 119
95 101
89 50
107 13
95 5
95 89
89 95
89 95
95 5
89 58
89 95
50 5
50 5
50 95
95 50
95 66
89 95
89 95
89 95
89 95
50 95
95 89
50 89
50 89
95 5
50 5
89 107
89 95
50 95
95 89
5 50
50 89
89 95
5 89
50 89
63 120
99 95
5 47
50 5
95 5
89 50
41 68
5 84
5 45
89 5
5 95
89 95
89 5
51 33
5 95
89 50
50 95
95 5
95 89
95 89
5 14
89 95
95 5
5 89
89 5
95 50
95 5
95 50
89 95
89 95
50 111
50 115
95 89
89 5
5 18
5 95
95 89
25 106
5 95
50 121
5 50
95 89
5 50
89 95
5 95
5 47
95 89
95 23
5 17
95 5
89 95
95 89
89 5
89 5
5 50
89 66
50 95
5 95
95 29
50 5
50 76
89 50
50 95
5 95
5 50
95 50
5 95
89 95
95 89
89 95
5 54
50 95
94 89
95 89
50 89
79 15
50 95
95 89
89 95
50 99
41 83
95 71
50 95
5 89
95 50
89 95
5 50
5 95
89 95
89 14
95 5
5 47
89 50
5 47
95 78
5 95
5 95
89 95
64 9
5 89
95 5
89 8
95 89
95 89
50 89
89 5
95 89
5 73
89 5
95 89
5 50
50 5
89 5
89 95
50 89
95 89
50 95
89 40
5 3
5 63
89 95
89 50
95 50
89 95
50 95
50 95
89 95
95 89
89 95
89 95
64 13
95 5
5 79
63 120
50 95
89 5
50 89
51 123
95 5
50 95
5 95
5 95
95 89
50 95
89 71
89 95
50 5
95 5
95 89
95 89
58 24
89 50
89 50
89 95
95 23
95 5
95 5
89 95
89 95
119 99
5 95
5 50
5 95
50 89
95 5
95 89
50 95
50 89
95 50
5 89
100 119
95 5
95 14
5 95
5 50
89 95
89 95
5 89
89 95
95 5
89 95
50 55
34 65
50 5
95 89
95 50
89 5
95 50
5 50
89 78
5 50
64 26
95 5
95 5
89 95
5 50
95 5
50 89
89 47
89 95
5 20
50 95
5 95
89 95
50 95
95 89
95 89
89 95
89 95
89 95
89 50
95 89
89 5
89 95
89 95
50 29
50 95
5 50
50 95
50 95
89 95
89 95
89 95
51 125
42 51
5 41
95 50
95 50
95 89
95 50
5 95
50 100
95 14
95 14
89 5
89 95
50 95
5 89
89 95
50 95
95 5
89 95
50 6
5 95
89 50
95 5
5 89
95 42
5 73
89 50
106 95
54 67
89 95
95 5
95 50
89 95
89 95
5 84
50 95
95 50
5 47
95 89
5 89
50 89
89 46
95 89
50 89
95 89
89 95
50 95
125 79
5 50
5 50
89 95
83 15
125 70
95 89
50 95
95 5
50 95
89 95
113 17
5 50
34 111
89 95
5 50
5 95
89 93
5 95
95 5
50 5
5 106
95 89
50 95
89 95
89 95
89 95
50 95
89 57
5 89
5 50
95 50
89 50
89 95
95 50
89 95
95 89
50 5
50 95
89 95
32 74
5 89
95 50
50 95
89 95
89 5
89 95
50 95
89 95
15 34
89 95
5 95
95 5
89 23
54 67
50 95
41 19
5 95
50 95
50 95
95 5
5 89
123 119
89 95
95 23
95 50
89 50
50 89
50 95
95 89
89 50
89 95
5 95
50 5
5 89
5 95
89 50
5 95
95 50
5 95
5 47
89 50
89 95
89 95
89 95
50 95
5 95
89 5
17 109
5 95
5 50
50 95
50 95
95 89
5 89
25 106
5 73
89 95
89 5
89 78
50 89
95 89
50 0
95 50
89 5
50 95
5 73
95 39
95 89
89 95
89 5
89 95
49 89
15 34
100 119
113 58
50 95
89 5
89 95
50 95
89 5
50 95
95 89
95 3
95 89
95 50
95 89
95 50
89 71
50 95
89 95
50 95
5 47
50 95
5 95
50 95
89 18
41 68
5 89
89 50
5 34
5 95
5 89
50 5
89 95
5 89
5 18
81 79
81 42
5 114
89 95
5 58
50 5
50 95
50 95
50 102
89 95
89 5
50 95
89 95
89 5
89 95
95 42
95 50
89 50
5 95
5 95
5 95
95 89
5 50
89 95
5 89
50 95
5 89
5 47
95 89
95 5
95 50
5 95
5 89
95 89
95 89
95 50
5 50
5 89
95 89
89 95
5 50
89 5
95 89
5 99
89 75
89 95
50 32
95 5
95 23
89 95
89 95
89 95
89 95
5 95
95 89
89 50
89 95
95 89
95 50
15 79
89 95
89 95
95 89
95 89
89 95
95 5
95 5
50 63
50 95
95 50
50 74
89 95
89 95
54 52
89 95
95 89
89 95
89 95
75 89
89 95
95 89
89 95
50 95
95 89
95 89
89 95
95 89
50 17
95 5
5 95
125 52
89 50
89 50
89 95
50 95
50 89
50 95
95 79
5 122
50 89
5 95
95 89
81 42
95 89
89 5
50 5
89 95
89 50
5 89
95 89
79 83
95 89
50 5
95 89
89 95
89 95
79 83
5 89
95 89
89 50
5 89
89 5
95 89
5 73
50 95
50 89
5 95
50 89
89 50
5 95
89 5
5 50
95 89
95 5
89 50
95 5
95 50
50 43
5 89
89 95
5 50
89 95
50 95
50 89
89 50
15 41
50 5
5 50
121 79
5 50
95 79
50 95
89 95
89 95
50 95
50 20
89 95
89 95
95 23
95 5
50 47
89 50
5 50
95 5
5 95
89 67
15 83
89 5
89 95
95 89
95 89
50 95
50 65
89 95
89 5
5 89
50 95
89 95
50 5
95 50
50 95
50 89
89 83
5 89
89 95
95 5
95 89
89 50
95 50
89 95
50 84
50 95
95 89
89 50
5 50
83 113
50 95
95 89
95 5
89 95
95 50
89 95
50 95
95 5
89 23
89 3
95 23
50 95
95 89
5 95
5 47
89 50
89 95
89 95
89 95
5 73
50 5
5 73
5 95
5 89
5 95
50 89
95 50
50 95
20 8
95 89
51 99
89 5
95 89
89 95
50 5
89 50
89 50
50 89
50 79
89 95
95 109
95 89
50 95
89 95
89 95
95 14
95 89
95 89
50 5
95 102
5 50
89 5
5 50
95 89
5 47
5 50
89 95
73 50
95 5
5 95
95 89
5 50
95 50
89 95
89 95
89 83
89 95
50 89
89 95
50 89
5 89
95 50
5 10
89 95
5 89
95 50
89 95
89 95
89 95
89 95
89 113
95 50
5 47
50 89
89 95
95 19
5 122
95 30
5 73
50 107
89 50
5 95
50 118
89 95
5 95
89 5
50 26
5 95
5 50
51 83
50 5
89 95
95 50
95 23
95 5
89 81
5 89
89 95
50 5
50 95
99 110
95 83
89 95
89 95
50 95
50 95
89 50
5 50
89 106
95 96
125 0
89 95
95 50
89 95
89 95
50 95
5 95
50 95
125 1
5 95
50 89
89 5
89 95
5 50
5 95
50 95
5 50
89 95
5 115
95 50
50 95
95 89
5 59
5 89
95 89
89 95
50 18
50 95
89 95
50 95
89 95
50 95
5 95
64 83
5 95
50 5
95 71
54 65
5 32
89 13
50 5
89 95
89 95
95 89
89 50
68 15
89 95
89 95
95 5
95 89
50 5
89 95
5 50
89 95
89 50
95 116
95 23
5 95
5 17
5 89
89 95
107 51
89 50
50 89
95 89
95 89
5 89
5 89
95 89
89 50
89 5
50 5
89 95
89 50
5 89
89 51
5 73
89 114
95 5
50 5
95 5
5 89
5 89
89 50
89 95
14 81
50 95
50 46
89 95
89 95
95 89
99 50
50 95
89 95
89 95
89 50
89 95
89 50
5 18
95 23
89 95
100 119
5 73
50 17
121 20
89 5
95 127
95 23
5 50
5 100
95 89
89 97
50 89
5 95
5 95
95 89
50 51
95 89
50 95
50 95
95 89
95 50
89 95
89 95
5 95
15 79
63 120
95 89
50 95
89 5
89 95
50 118
95 89
89 95
5 89
95 89
89 95
95 89
89 50
5 95
95 50
5 89
5 89
95 50
5 50
89 50
50 89
95 50
95 92
50 5
89 95
5 89
89 5
89 95
89 95
50 63
20 8
50 95
5 95
89 95
89 95
50 95
95 50
5 95
89 50
95 89
95 89
89 95
89 50
95 79
89 50
50 89
89 5
95 89
95 5
54 22
95 50
95 5
89 95
50 95
50 95
5 95
118 65
50 89
95 102
95 5
95 89
89 50
95 5
95 89
50 89
89 95
95 50
89 95
95 89
89 5
5 89
89 95
95 14
15 79
5 95
95 89
89 60
50 19
5 95
50 95
5 95
5 95
89 95
123 119
89 95
89 95
95 50
89 118
5 45
89 95
89 95
5 47
5 95
95 89
95 5
5 95
95 89
50 95
50 95
89 95
50 47
95 5
14 95
95 89
95 89
5 109
95 122
89 95
5 122
5 89
95 5
123 119
89 50
5 18
50 89
95 14
95 89
95 89
5 50
118 65
50 95
5 89
95 50
50 86
5 73
95 89
92 95
95 63
89 48
89 95
95 89
95 89
50 89
5 89
5 54
41 24
125 114
89 5
89 95
5 95
89 95
5 96
50 39
89 5
5 89
50 95
89 95
95 5
50 119
5 95
5 95
89 95
50 95
50 95
89 95
95 50
50 95
89 50
89 95
95 50
50 95
89 95
50 89
89 95
95 50
95 89
95 5
89 95
5 95
95 57
89 95
50 5
89 95
89 95
50 92
95 50
89 95
5 95
89 95
95 5
50 89
95 50
50 89
95 23
95 50
5 120
89 95
95 89
89 95
125 95
17 22
50 89
50 89
5 50
95 89
95 5
89 110
95 5
89 95
89 95
23 95
5 50
50 95
89 95
89 5
95 23
50 95
89 50
89 95
89 50
95 89
50 31
50 95
50 89
5 73
5 95
89 95
5 95
5 95
5 83
50 95
50 95
89 95
95 5
5 89
125 8
5 95
95 89
5 50
89 5
89 95
95 5
95 50
5 79
89 5
50 5
89 95
89 82
89 5
89 5
89 95
5 95
95 23
50 95
50 95
89 50
89 95
5 71
50 95
89 5
95 50
50 89
50 95
107 13
50 5
89 5
50 95
5 57
89 117
89 5
50 95
95 5
89 95
95 5
95 13
123 119
15 83
95 89
89 95
50 95
95 89
101 89
118 42
95 17
50 5
50 95
89 95
5 95
95 89
89 50
89 95
81 42
95 89
89 95
5 50
50 95
95 89
63 120
50 95
5 95
89 50
89 95
89 95
89 95
95 89
95 5
50 95
89 5
5 95
89 107
5 95
50 83
99 9
95 5
89 95
89 95
5 95
5 95
63 89
5 50
5 50
5 50
95 50
50 89
95 5
5 20
89 55
50 89
89 95
5 50
89 95
89 95
89 95
89 95
50 95
50 89
89 77
5 95
95 89
50 95
89 95
50 95
96 57
89 5
5 95
50 89
5 50
89 95
89 95
95 89
95 5
89 95
89 50
89 95
95 89
50 95
89 50
50 95
5 89
95 122
89 95
5 50
5 95
95 89
89 95
5 73
95 89
89 95
50 5
50 5
89 95
95 89
50 121
89 50
89 50
51 79
89 50
5 83
5 89
95 89
89 95
5 89
50 5
89 95
95 54
95 89
95 66
100 119
5 89
89 73
54 13
50 5
50 95
89 95
5 89
95 89
5 95
107 13
83 15
75 58
95 5
95 89
95 50
50 85
5 50
50 95
50 95
95 89
89 50
89 95
50 95
95 50
95 5
95 50
100 54
79 63
89 50
95 50
5 50
89 5
5 50
95 89
89 95
50 95
50 95
50 95
95 50
5 50
5 47
95 50
5 89
89 79
95 89
41 105
50 95
95 23
89 95
89 50
50 95
50 63
95 89
95 50
50 95
89 50
5 50
89 95
50 5
5 50
89 95
89 52
95 89
89 95
95 5
50 95
95 50
95 50
5 95
50 95
89 95
89 95
95 14
89 95
50 95
89 50
5 95
89 95
50 5
50 89
89 95
5 89
95 50
50 93
5 89
95 23
95 5
50 95
95 89
89 95
89 50
89 95
89 56
50 95
95 84
95 89
89 95
95 5
5 50
95 83
50 95
5 50
99 26
50 89
50 5
89 95
95 50
89 95
50 5
95 89
17 95
50 95
89 5
89 95
95 50
89 95
89 5
50 95
89 20
95 5
5 50
89 95
89 1
95 89
89 88
89 5
65 118
5 95
89 95
5 95
89 95
5 117
89 95
89 116
89 95
89 95
89 5
50 95
89 95
95 50
95 5
50 95
68 15
89 95
89 50
89 95
50 95
89 95
50 89
89 95
50 89
89 95
15 34
50 95
95 23
5 23
89 95
5 95
89 5
123 119
89 95
5 89
89 95
89 95
5 73
89 95
95 89
89 95
79 63
89 18
5 50
95 14
5 95
95 89
89 95
95 89
50 17
95 89
95 5
5 50
89 95
50 89
5 95
5 89
89 125
95 50
89 95
50 95
95 89
5 95
5 95
89 95
95 23
89 95
50 95
50 89
95 89
5 95
5 73
89 109
5 89
95 89
95 89
5 95
95 89
95 89
50 95
89 5
17 68
89 50
89 95
50 5
50 95
89 5
95 89
58 122
89 95
5 95
89 94
50 95
89 5
95 89
5 50
95 89
89 95
89 95
113 58
5 95
50 122
5 89
89 95
50 5
50 95
95 5
5 89
54 43
89 95
50 95
50 60
95 50
5 47
56 5
89 95
95 89
5 26
123 119
5 95
89 5
89 95
68 15
95 50
89 95
5 95
89 95
89 95
5 63
89 95
89 95
5 125
95 5
95 89
50 95
89 5
50 1
89 95
5 95
50 95
50 95
50 95
5 50
95 89
95 50
50 5
89 95
89 95
50 23
50 89
50 95
89 50
50 95
14 89
89 5
95 89
95 89
89 4
89 50
95 89
89 50
89 5
5 95
95 89
89 5
95 5
89 50
95 89
89 95
89 95
89 95
89 95
5 64
50 95
121 17
95 89
89 5
89 95
5 50
89 47
89 95
89 50
95 5
50 26
5 95
89 95
89 50
15 34
95 18
95 23
89 50
50 114
95 5
111 70
5 89
95 89
5 95
64 94
5 51
5 95
5 89
95 5
89 5
95 23
5 89
89 5
15 83
118 13
5 95
89 95
95 89
5 89
50 95
89 95
5 89
95 89
94 122
89 5
95 5
5 95
89 5
50 6
95 89
89 95
95 14
95 50
89 5
50 95
89 5
89 95
5 89
5 47
89 50
99 5
95 50
89 5
89 95
5 50
5 95
42 51
89 95
95 50
89 95
107 121
89 95
89 95
50 89
125 59
89 95
95 89
95 89
89 95
89 126
5 95
50 75
5 95
50 95
50 95
89 95
95 50
89 95
89 95
95 89
89 95
5 73
95 89
50 89
95 89
95 50
50 5
50 95
95 5
95 89
5 50
100 14
95 5
89 2
89 95
95 50
5 127
95 5
5 50
95 89
5 50
95 50
95 50
95 50
89 95
89 95
95 23
50 20
99 88
50 95
95 89
89 95
5 47
89 95
5 95
42 98
5 73
95 89
89 5
89 95
89 95
5 89
50 95
95 5
5 89
5 89
5 89
95 89
89 95
54 21
123 89
89 95
89 95
5 89
89 50
95 13
89 5
5 89
113 89
50 95
5 47
89 95
89 51
50 95
89 5
89 30
95 89
50 95
50 89
95 5
95 5
50 89
50 91
89 50
5 95
5 89
5 89
5 50
5 47
95 89
99 10
89 50
89 95
89 95
123 119
5 95
64 48
89 95
50 89
121 56
5 50
14 81
95 5
5 50
89 95
89 95
89 50
89 95
84 95
95 50
89 39
95 89
15 79
50 95
5 89
50 95
95 17
89 50
89 95
5 89
95 5
41 83
50 95
5 95
50 95
5 83
95 50
50 89
89 95
50 95
5 95
5 50
89 95
89 95
95 89
95 50
95 50
95 89
50 99
13 107
95 5
5 95
65 55
95 5
95 89
121 73
5 89
89 50
95 89
95 89
5 50
95 50
121 78
95 5
5 95
5 89
50 95
89 95
50 95
95 89
95 22
50 95
14 100
89 95
95 50
50 89
50 95
50 122
95 89
95 76
5 95
89 95
89 95
89 95
95 26
95 83
50 95
5 50
50 95
5 89
89 95
95 123
89 5
50 5
5 95
95 50
50 66
95 89
89 95
5 89
89 95
95 89
95 5
111 42
89 95
5 50
5 95
50 5
50 5
5 95
95 5
95 5
95 50
95 23
50 5
50 58
50 89
5 83
5 95
95 50
89 101
89 95
89 5
50 95
95 5
89 95
95 53
95 5
95 89
89 50
89 95
89 95
50 95
63 120
95 89
50 89
5 50
50 34
95 26
89 50
89 95
5 95
89 95
50 95
89 95
5 95
89 5
5 95
5 50
5 89
89 50
89 71
89 95
95 89
68 41
75 79
89 95
5 89
50 95
95 89
95 89
5 95
89 95
5 50
89 5
89 79
5 95
5 95
50 83
50 19
17 98
89 95
65 113
50 14
95 50
89 73
50 93
50 79
95 89
89 95
50 34
95 89
5 95
89 95
89 95
89 5
89 110
89 44
89 56
63 96
95 89
89 5
42 51
5 89
89 95
50 5
95 75
89 50
5 84
95 89
95 5
95 50
89 5
5 89
50 68
89 50
89 95
89 95
89 95
95 14
89 5
95 89
95 89
89 5
89 95
89 5
95 89
5 95
50 89
50 95
58 113
89 95
5 50
89 5
50 95
5 50
95 50
42 50
50 95
70 106
5 89
95 71
5 95
95 89
95 50
95 23
89 50
95 89
89 95
106 70
95 5
95 5
50 5
89 116
95 60
50 54
89 5
54 117
89 95
5 50
17 95
89 95
5 89
50 7
5 47
5 95
50 95
50 5
5 89
89 95
95 89
89 95
5 95
95 89
5 50
89 5
95 50
5 50
95 89
95 89
80 79
89 95
95 89
95 5
115 95
5 95
89 50
89 5
5 50
89 50
5 18
89 95
89 64
95 5
95 89
95 50
50 89
50 5
95 109
5 95
89 95
95 5
89 5
81 64
5 50
50 95
5 89
95 14
89 95
50 5
95 50
5 50
95 89
95 5
89 95
14 95
89 95
89 26
14 100
5 89
5 89
89 50
5 83
95 89
50 83
95 23
89 95
95 89
50 74
94 70
5 95
89 95
50 95
5 50
95 5
50 95
5 95
5 95
89 50
95 89
5 14
95 50
89 5
89 50
89 95
63 120
95 50
95 5
5 50
89 50
89 95
5 50
89 50
50 95
89 95
89 95
89 95
89 95
5 89
95 18
95 3
89 95
99 28
95 5
5 68
50 5
95 89
95 50
50 95
89 95
95 5
95 107
89 95
50 95
5 95
5 16
95 89
95 89
89 95
95 42
89 95
50 5
89 50
89 5
89 95
95 89
89 95
89 95
5 89
89 95
89 95
89 95
5 95
95 50
95 3
95 89
95 50
5 50
89 5
95 50
95 89
17 93
81 13
95 50
95 50
89 50
50 95
95 118
5 89
89 50
5 95
89 5
50 89
89 95
50 5
50 95
95 50
89 95
50 122
50 79
89 95
89 95
95 89
95 89
50 101
5 19
122 50
5 95
50 5
89 5
89 95
5 50
95 89
50 95
50 95
50 95
5 95
83 64
89 95
94 74
89 5
50 5
89 95
89 95
5 95
5 89
95 23
50 42
5 73
5 89
89 95
95 26
63 79
50 95
95 5
95 89
50 95
54 94
54 50
95 5
50 21
89 95
89 95
50 89
89 45
5 89
89 95
89 5
95 89
5 89
89 95
89 95
95 89
50 95
89 26
50 95
89 50
95 50
5 73
50 95
95 5
95 50
95 5
89 95
95 83
50 89
95 5
80 5
94 45
89 5
95 14
50 89
95 89
5 95
50 74
95 89
50 94
95 89
50 45
89 84
89 50
5 89
95 89
89 57
50 95
89 95
95 50
89 95
50 95
89 95
95 38
5 95
50 104
50 89
5 89
51 53
5 89
89 95
81 89
50 5
89 5
5 95
51 68
95 5
95 14
64 121
5 50
89 99
89 5
89 5
125 98
89 95
5 95
89 95
89 50
89 95
89 95
5 50
95 89
89 50
50 89
89 95
95 50
5 95
95 89
95 89
89 95
5 73
15 79
5 95
64 83
95 89
50 5
89 95
95 14
5 95
5 95
5 73
50 5
89 95
50 89
95 23
50 95
95 23
5 89
100 14
41 5
89 50
42 118
89 50
50 89
50 89
89 95
95 89
5 50
89 95
95 89
89 5
5 95
50 95
89 95
125 107
50 95
95 89
123 119
5 50
95 5
89 50
89 95
5 95
5 95
5 89
89 95
89 95
89 92
95 5
5 95
89 95
89 50
89 5
95 89
89 5
89 5
89 95
89 50
95 5
89 50
5 89
5 73
50 95
5 89
17 101
95 5
95 5
89 5
95 50
50 95
89 95
64 83
95 89
89 18
5 118
50 83
50 13
89 50
5 95
89 95
50 95
50 95
89 95
89 50
50 5
50 95
95 127
89 95
50 95
95 5
5 89
50 45
95 89
95 89
5 50
89 95
95 5
89 80
5 95
89 95
95 89
95 50
95 50
95 89
89 50
89 5
89 95
68 41
89 95
95 23
89 50
5 89
95 89
95 89
89 95
89 95
89 95
50 95
50 95
5 95
95 5
89 95
89 50
5 89
5 95
5 95
50 5
89 95
89 50
95 50
89 95
50 95
50 95
89 95
5 95
15 79
95 125
89 95
89 95
95 116
89 5
5 95
89 95
50 95
89 5
50 95
50 25
5 95
89 95
5 95
89 95
95 89
50 95
95 5
89 95
94 102
50 95
89 5
5 95
17 117
95 50
89 95
89 5
95 50
118 65
50 95
106 5
89 95
95 50
5 50
50 95
50 5
89 95
50 95
5 95
20 121
95 50
50 5
5 34
50 5
95 50
89 95
95 89
89 5
5 95
50 95
5 95
95 89
50 95
125 98
5 95
89 95
94 66
95 5
50 63
95 89
89 50
89 95
5 95
89 30
95 50
95 89
5 50
5 73
89 95
89 95
50 95
5 95
95 89
95 50
95 89
89 95
89 95
50 121
89 95
95 50
95 50
50 95
5 89
68 15
95 89
89 50
95 89
89 95
50 95
50 95
50 95
95 89
89 95
5 95
50 115
95 89
5 89
5 89
5 89
89 95
107 19
89 95
95 89
95 89
50 89
15 34
89 50
94 107
89 23
89 50
64 83
50 89
95 50
50 89
95 89
95 23
89 95
89 50
95 89
89 47
50 5
89 50
89 95
89 95
50 40
50 95
95 50
50 89
50 95
42 51
50 89
95 50
5 95
5 95
5 89
5 95
5 82
95 14
95 50
95 50
95 50
107 13
95 116
95 89
5 95
89 95
95 89
89 19
50 95
50 56
50 89
20 8
50 5
50 57
89 5
41 68
50 95
50 95
95 50
5 95
5 95
50 62
20 8
89 95
5 73
95 5
89 95
50 5
89 95
95 89
89 50
89 70
89 50
95 50
89 95
5 95
89 5
95 89
32 74
89 95
89 95
5 89
64 123
89 95
5 89
89 45
50 95
89 97
50 95
89 50
95 23
5 50
5 95
89 5
5 15
95 50
89 95
5 50
95 89
89 50
89 5
64 83
5 95
95 89
5 89
50 95
95 50
5 89
50 95
5 95
89 50
47 20
95 89
58 113
50 95
5 95
95 89
89 95
89 50
95 89
95 50
89 95
95 5
50 89
95 89
41 67
95 89
95 89
89 95
5 95
89 95
95 89
50 5
89 95
89 95
5 59
89 95
5 50
5 89
50 89
89 50
89 95
107 13
5 95
89 50
95 89
89 95
95 14
89 95
95 50
89 5
89 95
89 95
54 50
89 5
50 5
5 47
95 89
89 5
89 95
89 95
89 78
5 50
95 5
5 95
5 50
89 95
95 89
89 5
89 50
95 84
89 50
50 95
50 89
89 95
50 127
68 41
50 95
95 89
89 92
79 54
5 95
89 7
89 95
125 31
89 95
95 89
95 91
15 34
95 89
50 95
95 50
89 95
50 95
5 95
89 95
5 50
89 95
89 50
5 89
20 8
50 5
5 89
50 86
5 50
5 47
95 45
50 89
95 89
89 50
89 50
50 5
89 95
5 95
89 95
95 89
95 14
121 5
50 5
89 95
95 5
5 95
89 50
89 50
89 95
83 111
5 89
95 89
68 15
5 89
89 79
50 95
5 86
95 5
41 51
50 95
89 50
95 5
74 106
95 89
95 50
89 116
50 95
95 5
5 58
95 14
89 95
89 95
89 95
89 95
50 5
95 89
5 29
54 50
95 89
89 95
89 118
50 65
89 116
96 119
95 5
5 47
95 5
5 95
51 42
89 95
5 89
89 50
50 5
50 89
50 95
89 95
89 95
95 89
64 83
5 95
94 62
5 89
95 50
95 89
5 89
51 80
5 50
95 89
50 95
50 6
95 50
95 89
95 5
20 64
89 95
95 89
5 73
89 95
95 89
59 80
50 95
50 1
95 89
50 5
5 64
50 89
15 83
20 64
89 95
95 5
50 16
50 116
89 50
89 50
89 50
95 93
89 5
95 89
89 95
50 5
89 95
95 50
95 89
95 89
95 23
50 89
89 95
95 5
50 95
5 63
89 84
95 5
95 89
50 79
5 50
89 95
89 91
95 14
89 50
89 95
95 50
5 89
95 50
50 89
50 95
89 95
95 5
89 5
50 89
95 50
50 5
5 118
5 95
95 5
5 30
5 94
50 95
50 95
89 95
95 23
50 5
95 89
89 95
89 95
50 95
50 77
89 95
95 89
95 89
50 89
89 50
5 89
5 95
5 95
95 89
51 126
95 50
5 95
100 119
89 95
95 50
5 50
99 76
50 95
50 95
95 23
95 89
50 5
89 95
95 89
5 95
89 95
89 95
50 95
89 5
50 54
5 95
95 5
89 5
89 5
95 14
89 50
89 95
89 95
95 96
95 89
89 95
89 95
5 89
89 50
50 95
89 95
95 115
50 95
89 95
95 89
50 95
5 50
89 86
5 95
5 50
89 95
5 38
5 89
89 50
15 79
50 62
95 89
89 95
50 95
95 50
50 5
89 95
95 50
89 95
95 5
89 5
95 89
50 95
89 95
5 95
95 50
95 89
50 89
5 72
95 14
95 14
89 50
50 89
50 89
89 5
89 50
15 79
5 89
95 17
89 95
95 50
5 95
89 5
125 5
50 95
95 5
95 89
89 50
89 21
89 95
95 50
89 95
89 95
89 95
89 95
89 105
89 122
95 89
89 95
100 54
89 5
5 89
50 45
89 50
50 17
89 95
95 89
95 14
89 95
5 95
89 95
64 127
51 99
89 95
121 83
95 5
50 95
5 73
89 5
89 95
95 50
95 50
64 83
5 50
95 118
89 95
95 5
50 95
50 5
95 5
95 89
89 95
89 95
89 95
50 95
50 95
89 95
51 83
89 50
95 89
50 5
50 89
95 89
5 89
121 124
5 89
5 89
5 50
50 95
5 23
89 14
89 5
95 89
95 5
95 5
50 95
89 95
89 95
5 47
95 5
5 123
89 95
89 95
89 95
89 95
89 95
89 50
50 95
95 89
20 64
50 89
89 95
89 95
51 111
89 95
5 95
95 50
89 95
89 50
95 89
5 50
95 89
95 50
89 95
89 95
95 89
89 95
95 50
89 95
89 95
89 50
121 97
89 95
5 50
89 5
50 5
89 50
95 5
95 5
89 95
5 89
5 95
54 79
89 50
89 95
50 89
95 89
81 64
95 89
50 95
89 95
89 5
5 95
5 50
89 50
95 50
50 95
95 89
95 89
89 95
5 50
50 51
95 89
89 95
89 95
95 23
95 89
89 76
89 95
89 95
89 95
89 95
50 120
54 113
95 50
5 50
5 50
95 89
89 95
5 89
89 95
50 89
5 89
50 89
89 5
89 95
89 95
50 95
65 32
5 95
5 95
95 89
89 95
89 95
89 5
89 95
95 89
89 102
5 50
89 50
5 95
89 50
5 95
89 95
89 5
5 95
89 50
89 95
95 5
5 95
50 89
63 96
50 95
95 50
95 50
5 95
95 89
89 95
95 23
5 95
89 50
5 1
5 95
50 89
5 95
50 95
95 5
95 119
89 63
95 89
95 50
50 95
95 5
54 66
89 95
50 72
51 60
95 89
5 47
5 95
65 64
96 6
89 20
41 34
95 5
89 5
89 5
5 50
5 73
89 50
89 50
89 95
89 95
41 96
5 95
89 95
89 95
95 89
95 89
89 0
50 89
95 5
5 73
50 89
95 89
89 95
5 47
89 72
89 95
34 111
89 50
56 5
95 5
95 14
5 95
5 50
41 83
50 89
95 45
89 5
89 95
89 95
95 89
5 95
89 95
5 89
5 57
89 50
95 50
89 95
50 121
95 50
100 14
95 89
89 95
89 95
5 95
50 89
89 50
95 89
50 95
89 5
89 50
5 50
50 95
95 89
95 50
5 89
89 50
50 95
50 5
50 89
50 5
95 89
89 95
5 95
50 89
89 83
89 95
89 95
5 95
5 89
5 50
89 50
89 50
50 95
95 26
89 5
5 73
89 95
95 89
50 95
95 89
89 5
5 89
89 5
5 89
89 95
50 95
95 23
95 50
50 95
95 89
89 5
89 50
95 89
89 95
95 14
89 5
95 5
50 89
89 95
89 95
95 50
50 95
5 95
89 95
95 89
95 89
5 95
89 50
51 63
95 89
89 95
50 95
5 95
5 89
5 89
89 95
89 95
5 89
95 50
89 95
50 5
95 5
95 116
95 50
5 89
89 50
50 95
89 107
89 95
5 109
89 95
5 50
5 95
89 95
95 14
95 89
89 95
95 89
50 5
89 5
95 89
5 50
5 45
89 95
95 50
5 89
5 50
5 89
89 50
42 51
89 95
5 50
50 95
5 113
95 5
125 40
5 89
50 89
89 95
89 95
89 95
89 95
89 95
89 95
5 95
96 77
89 95
50 95
5 89
51 86
5 89
95 89
5 73
89 50
5 47
89 95
5 95
89 95
121 83
99 10
5 95
95 50
5 89
95 89
89 95
5 95
89 5
89 95
50 95
89 5
89 95
95 89
95 89
89 95
89 110
95 5
99 105
89 5
50 95
5 89
50 5
89 95
89 95
89 50
5 64
50 95
121 125
95 5
89 50
65 54
125 57
89 50
95 5
89 50
50 95
95 5
50 89
5 89
50 95
95 50
121 88
89 5
89 50
5 95
50 5
89 79
95 5
50 95
95 50
51 63
5 95
95 89
50 95
89 5
89 95
89 95
95 83
5 89
89 41
5 89
5 89
50 95
5 50
51 80
95 50
50 111
50 95
5 89
89 95
95 50
50 95
95 50
50 95
89 95
118 65
42 51
5 89
89 95
5 51
50 89
5 89
50 95
95 89
95 50
5 47
5 95
64 8
5 47
113 58
5 95
89 95
50 95
89 95
89 5
95 89
89 93
95 89
89 95
5 95
50 5
89 50
89 61
89 5
89 50
89 95
89 95
5 95
95 89
50 95
95 50
5 95
5 95
89 95
89 95
95 89
125 95
89 50
89 95
5 95
50 95
5 79
125 100
5 95
95 89
89 5
5 95
50 89
5 95
5 50
5 73
89 95
5 95
95 23
5 95
95 89
89 95
89 95
95 28
50 95
5 50
5 50
50 95
98 50
5 95
89 97
99 83
50 89
89 95
50 47
95 89
95 5
50 110
89 95
95 42
89 95
95 89
