128 10000
89 5
50 54
89 50
89 95
50 95
89 50
5 50
50 5
95 23
50 95
5 94
95 89
95 50
63 79
5 50
89 50
89 95
89 95
96 67
89 5
5 123
95 14
5 95
95 89
89 95
42 51
50 66
89 41
32 74
95 50
95 5
89 95
89 95
89 95
95 89
89 95
50 95
95 89
5 95
95 5
95 5
95 89
89 65
5 95
95 89
125 43
89 50
95 55
5 96
5 95
95 89
95 89
95 89
5 50
50 123
89 95
50 5
5 95
89 95
95 5
95 5
5 95
89 68
95 123
51 42
89 50
41 70
89 50
50 5
5 95
50 95
89 95
95 5
95 89
5 89
5 47
95 5
95 89
95 50
89 50
95 50
95 89
42 51
89 95
89 5
5 50
89 5
89 95
50 5
89 5
89 95
89 50
89 95
95 5
5 50
89 95
89 95
89 50
89 50
5 50
50 89
89 95
89 5
95 5
50 89
89 95
89 5
50 95
95 89
5 95
15 34
96 111
5 89
5 95
89 95
89 20
95 50
5 75
89 95
50 95
95 89
89 95
89 95
89 50
95 89
89 50
95 23
113 58
89 95
50 95
95 89
58 83
95 5
95 5
50 95
89 95
95 89
89 115
50 95
89 5
95 23
95 14
5 95
95 89
95 50
125 121
5 95
95 50
5 50
95 89
95 50
43 50
68 15
50 89
50 95
95 23
95 89
89 95
89 5
89 102
89 5
50 95
95 50
89 5
89 50
89 5
50 95
89 95
63 120
5 73
50 5
50 95
5 50
5 89
89 95
50 89
95 57
89 95
89 5
89 50
95 23
89 95
95 89
95 89
89 95
89 14
5 89
50 95
89 95
95 89
89 95
89 50
51 63
17 25
17 21
41 68
89 95
50 89
89 99
50 89
89 5
5 89
5 42
95 5
50 89
95 5
89 95
89 95
95 50
95 50
5 50
5 89
113 89
95 89
5 50
95 89
107 13
89 95
95 89
89 95
89 50
50 89
95 89
89 50
89 5
50 95
50 3
89 95
50 89
5 47
50 5
89 95
17 94
89 29
95 50
89 95
89 50
50 95
50 57
89 75
79 54
89 80
95 119
89 95
89 50
32 74
89 95
89 50
50 89
89 95
89 50
89 35
89 5
95 89
95 50
41 57
89 95
89 95
95 14
50 110
89 95
95 23
50 95
89 95
50 95
89 95
89 95
89 42
5 89
50 95
89 5
5 89
5 47
95 50
95 5
89 50
89 5
5 60
95 89
5 89
89 95
5 89
95 5
89 95
50 95
89 5
50 95
64 61
95 89
89 95
5 95
89 95
89 95
5 95
5 95
5 95
50 95
95 50
100 51
5 50
50 95
50 95
5 89
95 50
95 5
89 95
95 50
95 50
89 95
89 95
89 95
95 89
89 95
5 89
50 89
89 57
50 5
50 95
89 119
5 89
95 5
50 89
89 95
50 75
95 50
95 23
41 1
95 50
89 50
89 95
5 50
95 89
89 95
89 95
41 4
50 89
50 95
95 89
50 89
50 95
50 5
50 5
89 5
50 89
5 95
50 83
50 14
14 81
50 5
95 89
95 89
5 95
123 5
5 73
5 73
50 95
89 95
5 95
95 84
42 94
50 89
5 89
89 23
50 95
89 95
50 95
14 81
95 89
5 89
89 95
95 5
50 95
95 89
95 50
50 5
5 95
95 89
89 95
89 95
95 5
89 71
5 95
5 95
89 5
89 5
50 95
95 89
89 5
89 116
95 5
89 95
50 95
89 5
74 100
95 50
50 95
50 95
89 95
5 12
95 89
89 5
89 50
107 112
95 50
5 50
100 119
54 79
89 95
5 95
50 95
89 50
5 89
89 5
89 95
50 73
95 5
95 5
95 50
89 95
89 5
89 50
50 89
50 95
95 89
113 58
14 81
89 50
89 95
5 95
50 89
89 95
89 5
95 89
5 89
50 89
89 95
89 50
41 68
5 95
95 89
57 51
89 95
95 89
54 60
89 95
50 89
42 111
95 89
5 107
89 50
95 50
5 42
50 95
95 89
5 89
89 95
64 83
95 5
89 95
89 95
89 5
95 50
5 50
89 5
89 95
95 89
95 89
89 95
5 73
95 50
5 95
95 23
50 5
89 95
95 89
50 89
5 50
95 89
89 95
89 95
5 89
89 5
89 5
95 89
15 79
95 89
95 50
89 116
89 95
50 95
95 50
5 50
95 89
89 5
89 5
95 29
50 95
89 50
50 83
118 42
95 5
95 5
100 119
95 89
5 95
89 95
5 89
89 95
5 95
89 95
89 95
89 95
50 95
50 95
95 55
5 95
5 95
95 50
89 50
89 95
95 50
50 95
50 5
5 95
5 50
89 58
50 95
89 95
89 95
89 5
95 50
50 89
89 95
14 81
95 89
5 95
89 50
95 89
50 95
89 95
89 95
89 95
50 89
5 89
41 68
5 95
5 50
50 61
95 89
50 95
95 89
95 89
89 95
89 95
5 89
89 95
89 95
95 5
5 50
5 89
50 89
5 95
89 95
95 50
13 107
89 95
14 81
89 95
95 89
89 95
95 5
50 89
95 5
89 95
5 95
89 95
50 9
89 95
50 89
89 5
95 50
5 95
5 89
95 89
5 89
95 5
95 17
89 95
50 95
50 1
89 5
95 50
50 5
89 5
5 89
89 50
95 50
89 50
50 2
95 50
5 95
50 5
89 50
95 50
89 95
89 95
50 95
5 73
89 50
5 95
95 50
83 106
89 91
5 95
89 50
50 5
41 31
89 95
89 50
89 95
94 22
50 95
100 119
5 50
50 95
89 5
95 89
89 95
89 5
95 89
54 13
95 77
89 95
5 50
89 95
95 50
89 50
50 95
89 95
89 95
50 95
89 50
50 44
79 34
5 95
95 89
89 95
50 5
95 5
50 89
95 23
5 50
95 89
5 95
5 30
50 95
89 50
89 50
95 89
50 29
95 109
89 122
89 95
83 106
95 89
95 14
95 89
89 95
89 95
89 95
50 89
89 50
95 50
95 89
89 95
50 114
89 95
5 73
89 95
89 5
65 56
95 50
95 92
89 95
89 50
5 95
95 17
5 50
95 5
89 95
95 50
89 5
5 95
50 95
89 50
89 95
5 17
95 89
50 95
95 107
89 50
50 95
89 5
5 89
17 80
50 95
95 50
50 95
5 50
50 95
50 95
95 23
89 95
95 50
50 95
5 95
89 95
5 73
89 95
50 95
89 95
95 89
89 95
5 50
89 59
95 5
5 77
89 95
50 89
89 99
5 50
95 89
95 50
95 50
99 8
89 95
95 89
50 95
50 95
89 50
89 50
89 95
95 112
46 96
50 57
50 45
5 50
89 95
75 58
50 95
50 89
5 89
89 50
95 23
50 95
89 95
100 119
89 95
15 83
95 89
95 5
89 50
119 20
123 5
95 89
5 50
50 95
95 82
89 5
89 95
95 89
5 95
95 50
89 5
121 15
95 89
89 50
89 95
95 89
95 50
89 95
50 95
50 12
5 89
50 95
89 95
50 95
95 89
50 5
5 50
5 95
89 95
89 95
5 89
95 50
50 95
5 89
89 95
89 95
95 5
89 95
5 89
89 95
89 95
95 50
113 58
5 50
89 95
5 95
95 89
50 95
95 89
5 50
96 113
5 95
89 5
5 38
50 122
89 5
89 95
89 95
119 123
121 81
89 5
5 95
5 89
95 89
5 80
63 96
5 50
5 95
50 95
89 95
95 14
50 43
5 95
5 89
5 95
89 95
95 50
5 89
95 10
95 28
5 95
5 44
95 50
50 95
5 89
5 73
95 50
89 5
95 50
5 47
89 50
5 50
95 5
95 50
95 89
100 14
119 99
89 50
89 95
89 64
95 50
50 95
5 95
50 95
5 89
50 5
95 45
50 95
80 50
50 5
95 117
89 95
50 95
50 95
95 89
5 50
89 95
89 5
5 95
5 50
89 50
95 50
89 5
95 89
17 95
5 50
89 95
89 5
50 23
5 50
63 96
50 56
51 5
50 95
5 89
95 89
5 95
5 95
95 89
50 89
95 5
5 95
89 50
89 95
95 23
5 47
50 5
17 95
89 5
5 89
5 50
89 95
95 50
50 60
95 89
5 95
95 50
95 89
95 50
50 89
95 5
89 50
5 50
5 95
5 95
50 95
89 50
50 95
89 50
89 95
50 89
50 95
89 50
95 89
95 50
95 36
5 95
95 50
89 95
89 95
95 89
89 5
5 50
89 5
95 50
50 107
89 95
95 50
95 89
50 95
89 5
89 5
5 47
50 5
95 89
95 5
50 95
50 95
50 95
95 5
50 89
50 95
89 95
95 89
5 95
95 89
89 48
89 95
89 95
50 95
89 5
5 95
89 95
5 95
89 95
50 95
89 95
5 95
5 50
95 5
5 95
89 95
89 95
50 5
50 5
50 95
95 89
89 50
125 17
50 95
89 95
50 95
89 50
89 50
89 50
89 95
119 123
95 5
95 89
89 95
89 5
50 5
5 95
95 23
89 50
95 89
95 89
50 95
5 50
89 95
50 95
50 95
95 50
106 79
5 50
5 95
89 50
95 5
5 50
95 50
95 89
95 5
95 63
5 95
89 5
5 123
95 50
50 30
50 95
50 94
89 50
95 89
68 15
95 5
50 95
94 28
50 89
89 95
5 89
5 95
95 89
95 89
5 115
95 94
5 95
50 95
5 95
95 23
89 50
89 95
5 95
50 95
89 50
89 50
95 50
89 95
89 50
95 89
5 95
50 95
5 95
89 5
89 95
50 17
89 50
50 89
50 56
89 95
50 95
89 50
89 5
50 95
89 95
89 95
89 95
89 95
50 5
89 50
95 89
5 50
64 53
5 50
89 50
95 50
89 95
89 95
5 81
95 89
89 95
95 89
95 89
89 12
100 14
89 95
89 5
95 89
5 63
95 50
89 95
89 95
89 5
95 89
89 95
89 50
95 56
95 89
5 50
89 83
95 89
95 5
5 89
95 50
89 95
95 125
95 50
50 89
89 50
89 50
89 95
89 50
95 119
20 64
75 5
50 95
5 73
95 5
5 89
64 83
89 57
95 89
89 50
89 50
89 95
89 95
95 89
95 50
50 5
89 95
89 5
89 50
89 95
89 95
89 50
5 89
89 102
95 50
50 95
95 89
95 50
89 5
50 5
5 95
5 73
95 109
95 50
95 5
5 110
89 50
5 95
5 50
95 89
5 50
5 95
50 5
89 95
5 95
5 95
89 95
54 50
50 21
89 68
50 39
50 95
89 95
89 95
95 89
95 5
95 89
95 50
50 95
89 95
89 5
89 5
51 56
5 89
89 95
89 95
89 95
89 95
50 95
50 95
50 89
5 95
95 23
89 95
95 89
5 50
89 5
50 89
95 20
95 89
50 89
95 5
50 89
83 94
50 89
5 50
63 96
89 5
89 95
5 95
5 95
5 95
5 95
5 95
95 5
5 95
50 127
89 117
50 95
50 95
89 85
95 50
50 5
42 51
50 95
95 115
95 5
50 5
89 50
95 50
50 95
95 5
95 5
50 95
89 50
95 50
50 110
50 95
89 95
50 89
95 89
5 95
95 89
50 95
5 89
50 109
118 42
89 50
17 95
50 95
89 95
5 50
5 95
70 42
95 66
50 95
5 89
95 92
89 95
95 50
95 89
89 95
95 89
89 95
89 95
50 95
50 89
5 89
125 117
95 5
99 100
95 89
5 95
5 89
50 34
89 95
95 89
50 30
5 95
50 16
95 89
89 95
50 89
95 5
5 95
50 95
50 89
95 89
89 95
89 95
89 5
95 50
89 95
89 95
95 50
50 95
89 30
50 95
89 95
50 125
94 35
89 95
89 50
5 89
89 50
50 95
89 50
50 95
95 89
89 95
5 50
50 5
50 95
89 95
17 97
50 5
89 95
50 89
119 53
89 95
20 8
95 89
50 5
50 5
95 50
89 95
5 73
95 89
68 15
5 89
95 14
95 89
95 39
89 95
89 95
89 5
5 95
50 5
89 95
50 95
5 95
95 89
95 5
5 50
89 50
95 50
95 50
89 5
5 95
89 5
14 81
50 95
5 50
89 95
95 89
5 89
95 94
5 50
95 89
95 64
15 79
95 89
89 5
89 95
95 50
89 122
89 95
5 89
89 95
89 95
50 95
89 95
5 77
95 89
89 95
95 89
95 89
63 120
89 78
50 23
5 50
50 89
50 115
95 89
95 50
89 95
95 89
50 17
89 50
89 95
89 5
95 5
50 95
95 50
95 89
81 64
50 95
89 95
89 95
5 50
50 5
89 50
95 71
50 5
89 95
5 50
95 89
95 30
95 50
17 104
95 89
47 5
50 95
50 91
89 50
5 89
89 50
50 95
5 95
95 89
95 89
50 17
89 99
95 50
95 89
89 95
89 95
89 95
5 73
5 89
5 73
89 50
50 5
89 95
95 89
50 95
5 95
89 95
89 95
89 95
65 62
89 5
95 89
95 5
89 50
95 5
95 89
95 50
89 50
5 89
95 89
5 50
95 75
95 5
50 89
95 5
89 50
95 50
89 95
89 95
95 89
95 5
89 5
89 95
5 95
89 95
89 95
89 95
89 95
5 95
95 5
89 95
5 89
89 5
95 5
5 89
89 95
95 89
89 95
89 5
95 50
50 95
5 50
50 95
89 95
95 14
5 95
89 95
89 95
5 36
95 31
89 95
50 95
50 95
89 50
89 95
95 64
89 92
50 28
5 50
50 5
5 47
95 50
95 50
99 26
50 95
50 95
95 50
50 89
68 15
89 5
89 95
50 89
56 5
50 95
50 95
95 5
50 121
95 89
118 83
89 95
89 95
89 50
5 95
5 95
5 89
95 89
95 89
89 95
50 55
89 95
89 95
5 89
95 89
89 50
89 95
89 95
95 89
89 50
89 95
50 95
89 95
5 95
95 89
89 5
5 50
89 95
50 36
89 95
89 42
95 50
95 89
89 5
95 89
5 95
5 89
89 5
89 95
50 95
63 96
5 73
42 98
50 95
89 5
89 95
89 5
89 95
5 95
5 95
89 95
89 95
89 95
95 89
95 89
89 95
89 5
5 89
89 5
89 95
5 95
89 95
89 95
50 95
51 63
89 95
5 89
50 5
64 94
95 89
95 50
95 83
50 17
95 89
96 105
95 14
95 5
95 89
95 50
89 95
65 61
50 95
89 50
95 50
95 89
5 95
50 5
89 95
95 50
95 89
95 50
89 50
99 46
89 95
5 89
5 50
50 89
50 95
5 89
89 92
50 86
5 95
89 50
50 95
95 5
95 5
50 95
5 95
89 95
95 89
95 24
95 89
51 52
95 50
89 50
89 95
89 95
89 42
5 50
8 94
95 50
50 5
89 95
89 50
5 95
106 95
89 95
95 89
100 54
5 95
15 83
89 95
95 50
95 23
41 16
50 18
89 95
89 5
89 50
118 42
89 50
95 89
95 5
89 95
41 68
89 5
89 95
20 8
89 95
5 95
5 58
89 95
95 50
95 89
89 95
50 95
95 50
89 10
95 89
95 56
89 95
95 89
5 95
95 25
89 95
95 89
95 89
95 50
95 5
50 95
95 50
50 95
5 50
50 95
50 40
89 95
89 5
89 95
5 95
89 95
89 95
89 95
89 50
89 14
95 23
89 50
89 5
89 39
51 3
50 95
5 64
50 5
50 95
10 5
5 89
50 89
5 89
5 95
50 3
5 89
89 95
89 95
95 50
89 95
5 95
89 5
95 89
89 95
95 50
95 23
50 119
50 95
89 125
89 95
89 95
95 89
89 95
50 95
95 5
5 95
5 95
95 50
65 105
5 95
95 5
121 42
95 50
89 95
95 5
5 89
95 89
89 50
89 95
5 73
95 89
95 14
51 1
95 14
89 95
95 89
5 95
89 95
89 45
95 89
95 18
89 95
17 71
89 95
5 95
125 23
50 94
95 50
89 95
50 77
89 95
95 5
89 95
50 95
89 95
95 50
89 95
95 14
5 47
89 95
50 95
50 95
5 95
89 95
89 50
89 95
50 89
121 4
50 91
50 86
50 95
15 83
89 95
89 95
5 83
5 73
5 18
50 95
89 8
5 95
5 89
5 50
50 5
50 95
5 95
89 5
95 50
41 54
89 95
5 89
89 95
89 5
89 50
89 95
89 95
89 95
50 89
95 89
89 5
5 89
50 95
5 95
5 126
95 17
95 14
95 89
41 60
95 50
89 5
50 95
89 50
89 95
89 95
89 95
89 95
95 50
89 95
95 89
5 95
50 95
89 95
89 50
5 95
50 89
50 13
89 50
95 89
50 89
50 95
95 29
5 95
95 50
95 50
5 95
95 5
50 95
50 95
89 95
89 95
89 95
89 95
5 50
89 95
89 95
50 95
125 79
89 95
89 95
50 95
95 89
50 95
94 98
50 95
95 89
89 95
89 95
95 89
89 5
50 94
5 47
95 89
89 50
95 5
50 5
50 59
5 50
50 95
89 50
5 89
95 23
89 95
95 50
5 89
125 6
95 23
89 95
95 89
89 95
5 89
95 50
89 5
89 95
95 50
95 50
95 50
89 47
5 50
5 95
89 50
5 89
5 95
5 95
5 73
89 5
95 89
5 95
89 95
5 89
64 83
5 73
89 95
95 28
89 5
95 89
89 5
95 50
95 5
5 47
89 50
89 50
5 95
50 5
5 89
95 5
95 89
89 50
89 95
89 95
50 89
95 89
50 89
95 23
5 95
89 95
5 50
89 50
89 95
95 89
50 95
89 19
95 23
95 89
5 50
95 14
5 50
89 95
95 23
41 99
95 89
5 47
89 50
95 89
50 89
95 89
89 95
95 99
50 89
95 50
95 89
95 50
89 5
50 5
89 5
95 89
5 95
95 50
95 50
89 95
54 0
89 95
95 89
89 95
50 95
5 73
50 30
95 89
50 5
89 5
14 81
95 57
95 89
95 89
50 95
89 95
95 89
95 89
89 95
5 73
64 46
50 95
118 65
5 89
5 95
95 89
50 95
5 75
89 50
95 5
89 95
95 50
50 17
50 95
95 5
95 5
95 5
95 89
95 50
95 50
5 73
89 95
95 5
100 51
89 5
95 50
89 95
89 113
89 95
14 81
95 50
5 95
89 95
89 95
89 95
5 47
68 41
95 50
89 95
89 95
95 89
5 95
89 5
89 95
50 60
95 5
5 50
95 50
95 5
89 5
89 95
95 50
89 95
95 5
89 95
5 95
50 89
95 5
89 5
50 5
5 47
50 89
89 95
95 89
113 58
95 42
5 95
95 5
50 23
89 95
95 50
89 95
50 5
5 119
50 95
5 50
89 95
42 81
125 17
89 95
50 19
121 83
95 89
95 23
89 95
5 95
89 95
50 89
95 50
50 95
89 50
95 89
89 95
5 95
89 5
89 50
64 83
50 95
89 50
107 120
95 89
42 51
95 80
95 14
89 95
17 67
89 95
95 5
89 95
5 95
95 5
50 14
89 95
50 95
125 15
50 95
89 50
89 47
89 95
89 50
5 89
58 76
89 95
89 95
113 58
5 95
50 95
95 50
95 89
89 95
5 50
95 89
5 6
5 89
5 95
5 95
89 95
50 95
89 95
50 89
50 95
125 72
89 95
89 95
5 95
50 95
89 95
89 5
89 5
95 89
95 89
50 52
89 95
89 50
89 91
89 95
50 89
5 95
56 58
89 95
5 89
89 95
5 50
14 81
95 89
89 5
95 89
5 95
89 95
89 95
89 5
89 50
50 89
89 95
95 89
89 95
89 75
5 95
50 95
50 5
64 23
5 50
50 89
5 89
89 95
50 95
95 89
113 58
95 89
95 57
95 89
89 95
89 5
89 95
95 5
50 95
89 95
95 89
95 89
95 89
95 89
89 29
5 105
89 95
89 95
89 95
50 102
50 95
89 95
89 95
100 119
50 5
95 89
89 5
50 89
50 95
50 5
17 48
5 94
89 5
89 5
95 50
89 95
95 89
50 89
89 95
95 89
68 89
95 123
5 95
89 34
89 5
89 50
95 50
89 95
95 5
89 95
50 95
50 95
95 116
5 89
95 89
95 50
89 95
5 95
95 5
89 95
89 50
95 50
5 117
5 95
89 95
89 95
125 98
50 95
5 73
89 50
89 20
50 95
89 95
5 50
50 5
89 82
50 95
89 50
89 50
50 95
89 95
50 95
5 95
89 95
50 89
23 5
63 96
89 5
89 95
50 5
95 50
89 5
5 116
121 95
89 95
5 89
89 95
5 89
89 50
5 83
95 5
95 50
68 14
5 89
50 89
95 89
89 5
89 95
89 78
50 95
5 95
70 106
5 89
5 47
95 66
50 89
5 89
95 5
89 95
50 5
95 89
50 95
5 89
89 95
64 65
5 73
89 95
5 95
5 50
89 95
5 95
5 50
96 112
95 89
50 125
95 5
89 95
89 95
50 5
50 95
95 49
5 95
5 95
15 83
5 95
89 95
5 95
50 95
95 8
95 89
50 5
50 95
89 95
89 95
95 50
95 50
89 50
95 89
89 95
95 89
89 68
95 5
89 95
50 95
50 95
95 89
89 95
89 95
50 89
5 42
95 89
68 15
89 5
113 58
89 95
95 50
5 95
50 5
89 95
50 5
50 95
5 95
5 64
50 95
95 89
100 119
50 89
5 89
50 98
5 50
5 89
89 95
89 116
95 50
5 89
89 95
89 4
5 77
95 89
5 95
5 89
50 95
5 89
95 5
89 95
89 95
95 89
89 95
89 50
95 89
5 89
95 5
95 5
89 50
94 62
95 89
95 50
89 95
50 89
89 95
89 50
51 33
95 50
89 113
5 50
5 54
95 50
89 95
50 83
50 89
3 41
89 95
89 50
51 118
95 50
5 89
95 14
95 89
95 50
89 5
89 50
5 95
95 5
95 89
89 5
89 50
96 44
5 39
50 95
95 89
89 50
95 5
89 95
50 32
50 89
5 95
95 89
89 95
50 5
5 89
5 95
89 95
95 89
5 95
51 10
50 38
89 83
89 95
89 5
5 94
95 5
119 123
89 95
95 5
5 50
50 95
5 50
5 110
95 14
95 89
89 95
81 42
95 50
5 95
89 95
89 95
95 14
95 89
89 95
15 83
89 50
95 50
95 89
89 95
89 95
95 5
89 5
5 95
54 6
95 5
15 79
17 120
54 98
5 89
50 95
89 50
25 106
50 95
95 94
95 50
50 95
107 13
5 95
5 50
50 95
5 95
50 89
95 50
95 5
89 50
95 23
89 95
89 50
50 89
5 89
5 10
95 5
89 95
89 50
89 50
50 89
50 95
5 95
95 14
95 50
50 95
50 89
50 95
95 89
95 50
5 47
5 89
89 5
5 95
95 89
89 95
95 89
95 89
89 50
95 50
5 95
95 73
50 89
95 89
5 95
5 95
89 95
95 29
5 50
5 50
50 89
95 50
50 5
89 21
5 50
89 95
89 95
95 89
95 50
41 23
89 5
89 95
5 95
50 98
50 95
50 89
89 95
50 95
5 95
5 73
89 95
50 95
89 95
95 50
89 95
89 50
89 95
89 50
89 95
89 50
89 95
50 89
89 5
95 5
95 5
50 95
5 95
63 120
95 89
89 95
95 89
50 114
89 95
89 5
5 50
95 89
50 95
5 89
89 95
5 95
95 50
81 42
64 73
5 89
5 89
50 95
51 64
50 51
50 89
95 89
50 53
5 7
95 89
50 95
5 89
47 98
50 95
50 89
5 50
89 95
95 17
50 5
5 95
5 89
50 71
5 113
89 5
95 5
5 17
113 58
89 50
50 95
89 5
50 76
95 5
5 47
5 89
50 95
5 89
5 50
5 95
89 50
95 50
95 5
5 89
5 89
41 5
50 95
5 73
89 95
89 50
5 50
95 89
95 89
50 95
95 50
100 14
89 95
50 95
5 118
5 95
50 5
50 95
95 89
89 95
95 89
5 95
89 50
50 95
50 44
89 95
89 1
89 17
89 95
89 95
5 95
89 50
50 95
89 95
89 95
89 95
50 95
50 89
95 84
5 89
50 95
5 95
89 95
41 21
14 111
5 89
95 89
118 13
95 50
5 89
65 50
95 93
89 95
17 72
95 50
95 89
95 89
89 5
89 5
89 95
5 95
95 5
89 50
89 95
89 5
89 97
64 13
89 95
89 5
95 89
95 89
20 64
89 95
89 95
50 95
5 95
89 95
95 89
94 48
50 89
95 89
89 95
50 89
89 5
89 95
89 95
95 89
95 125
95 89
5 95
89 95
95 89
95 5
50 95
89 95
50 95
17 80
89 93
50 94
89 34
95 89
50 95
89 95
5 89
89 95
74 20
70 42
89 50
95 89
95 89
95 89
89 95
5 89
89 95
89 95
89 95
5 95
89 50
50 95
5 95
50 95
94 50
89 95
50 95
95 89
125 36
5 122
89 95
89 95
20 8
5 95
95 89
50 95
95 127
95 89
95 89
95 50
89 50
89 50
51 28
89 50
95 89
95 89
95 89
123 119
95 50
95 89
89 95
5 95
95 5
95 89
50 5
5 0
5 18
89 5
89 95
51 16
95 5
89 50
64 94
5 89
5 95
95 50
50 5
95 89
89 95
95 50
89 95
95 5
89 95
95 89
89 30
5 89
89 95
50 95
50 95
95 52
50 95
5 89
95 50
50 5
50 95
89 5
5 50
5 50
50 23
95 89
89 95
89 95
50 95
89 5
5 89
5 95
89 93
50 95
95 23
50 5
50 95
5 95
89 5
89 16
5 95
89 50
95 89
89 5
96 25
89 5
95 89
5 95
89 111
95 89
50 95
89 50
89 95
50 89
95 5
95 89
5 50
50 89
95 89
95 31
95 50
95 89
89 26
89 95
95 68
89 95
89 85
100 119
95 89
95 5
89 95
89 95
50 5
5 95
50 95
89 95
50 5
89 95
50 95
95 89
100 119
50 95
89 95
5 50
50 95
89 77
89 95
95 89
5 50
95 89
95 89
89 95
95 89
95 89
50 89
95 50
95 63
89 5
125 18
95 14
89 5
5 89
5 95
50 89
50 18
50 95
95 50
89 50
95 89
89 95
41 78
50 95
5 73
95 89
89 5
5 95
89 99
89 5
89 5
5 89
41 29
5 89
5 47
89 95
5 95
5 50
95 50
5 95
5 95
89 95
89 44
5 95
50 89
50 89
89 109
95 5
95 89
95 91
89 118
51 97
5 89
89 95
20 64
95 89
89 95
50 89
5 95
95 89
89 95
89 95
89 95
89 47
95 50
95 89
89 95
95 68
95 89
5 106
89 5
89 95
95 50
95 89
89 95
15 83
95 50
50 18
50 89
5 95
89 95
95 5
94 45
95 50
5 89
50 83
5 50
89 95
89 95
50 95
89 50
5 50
50 5
95 50
5 73
15 34
95 5
95 23
95 89
95 23
89 95
95 5
89 50
96 23
95 5
5 41
50 95
89 95
50 45
89 50
50 5
89 95
89 95
89 5
50 5
95 89
5 89
95 89
5 50
95 50
95 89
5 95
50 95
95 89
89 50
50 95
95 5
89 95
89 95
50 95
89 95
5 89
5 95
5 50
50 95
89 95
50 95
50 89
89 50
95 5
5 95
51 28
50 95
95 89
89 95
89 95
89 95
89 95
50 95
89 95
89 95
50 10
95 89
5 89
89 5
50 89
95 50
5 0
95 17
95 23
50 95
50 95
95 23
95 5
89 0
89 95
50 95
89 95
95 89
95 5
89 5
75 89
95 89
95 5
89 95
5 89
95 89
99 83
89 5
89 95
89 95
95 66
50 95
89 50
89 95
50 83
89 95
95 89
50 95
89 95
123 119
50 89
89 105
5 95
5 95
95 74
5 47
89 95
89 95
50 5
95 5
5 17
64 21
50 65
5 89
89 5
125 40
50 89
95 50
5 74
89 95
5 50
5 95
89 120
5 73
95 89
5 50
95 89
89 5
95 50
50 95
89 95
89 95
89 95
50 5
89 95
89 95
95 89
5 99
5 80
89 53
50 89
95 19
89 95
89 51
5 50
5 47
95 23
89 5
89 95
95 50
89 50
50 95
95 89
95 5
50 25
95 89
5 47
89 95
95 125
89 95
89 50
96 93
50 95
106 70
5 89
95 5
95 89
95 89
51 38
89 50
5 95
50 95
89 95
50 43
95 14
50 5
50 5
5 82
89 95
95 50
95 23
95 50
50 95
95 5
89 56
50 95
95 89
89 95
50 84
5 50
119 8
95 89
50 94
89 95
5 50
50 95
5 89
89 5
50 5
89 50
95 89
89 95
89 95
89 95
89 95
95 5
5 50
89 95
5 68
89 95
89 50
5 95
95 50
95 89
89 50
50 89
95 5
89 95
95 50
89 50
50 125
89 5
125 60
17 99
13 81
50 89
95 123
50 95
5 95
95 5
5 50
41 68
89 95
50 95
5 95
50 89
89 95
50 120
5 95
5 89
95 89
89 127
89 50
50 89
99 113
95 8
89 95
89 50
113 58
41 70
50 95
89 95
95 50
89 95
123 119
50 118
89 95
95 89
89 95
89 46
99 52
95 89
99 119
50 95
89 95
95 5
95 50
50 95
89 5
89 5
89 95
5 51
89 95
65 99
94 98
95 5
95 89
95 50
50 5
125 79
95 5
50 113
5 79
95 5
50 95
95 50
5 95
89 95
89 95
50 5
50 5
95 89
95 5
50 95
89 95
5 95
5 50
89 95
15 34
89 95
89 50
95 14
95 5
95 89
95 89
50 95
5 50
95 5
50 95
89 95
95 82
5 95
95 50
95 14
50 95
5 89
89 95
5 23
89 95
89 94
95 99
50 89
89 95
95 89
50 52
89 5
5 89
5 50
95 89
96 98
5 95
95 89
50 95
95 89
89 50
5 89
95 89
51 20
58 113
95 89
95 89
89 5
89 95
50 89
95 89
95 56
95 83
5 47
5 95
50 95
50 127
5 89
95 89
113 5
89 95
95 89
5 89
5 50
5 95
89 95
89 95
5 50
89 95
95 89
95 5
95 89
89 95
15 23
5 95
89 95
95 50
5 50
89 95
5 50
5 89
95 89
95 101
89 26
50 89
95 50
95 89
89 95
95 39
89 95
95 89
50 95
89 95
95 80
89 95
50 89
95 50
95 125
89 95
89 50
95 5
50 95
89 102
89 5
50 95
50 89
50 95
50 79
95 104
89 95
5 95
5 95
89 95
5 95
96 123
41 73
5 95
68 41
5 81
98 51
95 50
89 5
50 95
64 5
50 95
50 125
50 5
95 50
95 5
89 95
5 95
5 50
5 50
50 89
50 5
99 45
5 89
95 50
50 5
5 50
5 89
89 95
5 89
121 60
50 53
89 50
89 95
89 95
89 95
89 95
89 95
89 95
95 89
89 95
89 95
89 95
50 89
5 89
50 95
89 95
95 50
95 89
95 89
5 89
51 116
89 17
5 95
89 95
89 95
5 28
95 89
98 17
89 54
5 89
89 50
95 89
125 80
89 50
89 95
89 95
89 95
5 89
5 89
5 95
89 5
50 89
51 93
95 99
42 26
95 71
89 95
95 89
5 95
95 5
89 95
50 95
50 5
89 5
89 5
89 50
50 5
50 95
89 5
95 89
95 89
50 89
41 68
50 95
50 63
89 95
89 5
95 3
50 95
50 5
5 89
95 50
95 89
95 41
5 47
95 89
50 89
5 89
89 42
95 89
95 5
89 50
95 50
5 95
65 50
17 5
95 89
89 50
95 5
89 95
5 47
95 3
5 118
95 50
5 50
5 89
50 95
5 50
125 114
89 95
89 95
89 95
100 14
89 5
89 95
50 95
89 95
95 14
95 89
5 95
95 89
95 5
50 89
95 89
95 89
5 54
95 89
50 31
50 95
89 50
50 95
95 14
50 5
95 89
89 95
89 95
89 95
5 89
50 39
89 95
5 59
89 14
95 74
89 95
5 95
50 95
95 89
5 115
89 50
50 95
89 5
95 50
5 89
89 95
5 95
89 95
50 95
14 95
89 50
95 50
5 95
100 14
50 5
89 5
5 73
95 50
5 89
95 89
95 89
5 73
95 5
89 5
89 95
95 5
95 89
5 95
50 43
95 23
5 95
50 95
89 95
50 95
5 95
89 77
50 5
50 95
17 13
5 50
95 50
89 95
95 5
89 95
5 50
50 95
5 89
89 95
95 61
89 95
5 89
50 5
50 95
5 50
50 5
89 95
89 95
5 95
5 95
89 95
5 89
89 95
95 89
95 14
89 95
50 95
89 5
89 95
89 95
5 42
47 5
125 119
99 79
50 93
20 8
5 80
95 31
89 95
89 50
95 89
50 104
89 5
50 5
95 5
89 50
50 95
51 91
95 5
89 95
95 89
5 95
50 5
5 50
25 74
50 95
50 95
89 95
89 95
89 5
5 89
5 95
89 16
125 42
50 89
6 50
89 5
89 95
5 47
95 14
5 95
5 50
89 64
50 95
5 50
95 117
89 5
95 5
95 89
89 95
50 95
5 89
50 89
5 95
5 95
50 95
89 95
5 20
89 95
95 89
95 5
5 50
5 50
50 75
89 50
95 89
89 50
95 50
5 89
89 5
89 95
5 95
89 95
50 10
89 95
5 89
15 83
50 89
89 95
81 79
89 95
95 89
89 95
89 95
5 89
89 95
95 50
89 5
50 89
89 95
50 95
89 95
95 5
89 95
50 95
89 95
95 89
5 89
89 95
89 5
5 95
95 89
50 95
5 95
95 89
50 95
5 95
89 95
89 95
95 79
50 5
106 98
50 89
89 95
50 95
111 70
95 50
89 50
89 95
54 125
5 95
95 50
89 50
89 50
89 95
95 89
5 95
50 19
5 95
113 58
95 50
95 23
95 89
95 50
50 89
5 95
5 95
5 95
50 25
50 95
89 95
89 95
95 5
89 50
50 89
89 50
95 89
89 50
50 95
5 84
89 78
89 5
95 14
89 95
68 41
89 99
95 50
50 95
5 47
5 89
5 95
50 95
50 95
5 89
50 89
50 99
5 50
95 89
89 95
89 50
95 5
5 50
89 50
50 95
89 95
50 95
89 95
107 51
50 5
50 74
89 95
95 89
95 89
50 23
89 9
89 50
89 5
95 30
89 95
83 111
5 89
89 95
121 113
5 89
95 89
89 50
89 50
89 95
68 89
95 89
50 89
50 95
50 95
50 95
95 89
89 5
50 31
5 50
50 73
5 89
95 89
95 89
50 95
95 50
89 54
5 83
95 50
95 5
95 14
5 89
89 95
95 5
89 95
95 50
89 95
89 50
5 89
95 89
5 89
50 5
5 95
100 119
50 95
89 8
89 95
89 95
5 50
95 50
5 95
50 89
5 89
89 95
50 59
89 95
50 95
50 17
95 66
89 5
5 50
95 89
95 89
95 23
95 89
89 95
121 88
50 95
89 5
95 50
95 89
95 89
50 89
95 83
5 110
89 95
95 89
50 5
89 5
5 95
89 95
89 95
89 113
89 5
95 50
95 89
95 23
89 95
89 95
118 65
89 95
95 89
95 50
89 95
89 95
89 95
95 89
89 95
89 91
89 95
89 95
89 50
95 89
89 95
5 50
89 95
95 89
20 42
107 13
125 80
58 24
50 89
89 95
89 50
95 89
89 95
50 95
95 50
5 63
89 95
95 23
89 5
50 95
89 95
50 92
95 50
64 46
95 20
89 95
89 50
95 89
5 23
64 83
89 95
89 73
50 5
50 95
95 23
5 50
50 89
89 79
50 79
89 5
89 5
95 50
89 95
89 50
89 5
5 95
89 5
89 95
95 50
5 47
50 22
5 95
50 95
5 50
5 50
89 95
84 50
5 95
95 89
89 95
95 5
89 95
95 89
50 89
50 95
89 95
95 89
5 47
95 50
89 95
89 95
50 95
5 95
95 110
89 50
95 89
89 95
95 89
95 89
50 95
65 99
5 95
89 5
5 50
89 95
50 95
95 89
89 95
89 50
95 89
89 95
50 53
89 95
5 50
95 35
95 89
63 79
5 95
89 5
5 95
5 50
5 50
95 38
50 89
113 58
42 20
89 95
89 95
95 50
89 95
89 50
89 95
5 89
95 89
5 50
95 50
50 95
50 95
89 95
95 5
118 13
5 95
89 95
89 5
50 95
89 100
5 95
95 5
89 50
5 95
51 114
5 95
95 89
50 95
5 50
100 54
5 89
95 50
95 89
50 95
89 95
95 89
15 79
5 95
95 89
95 14
95 89
5 73
89 95
5 95
89 5
83 15
89 5
50 109
50 95
5 89
89 5
5 89
89 95
89 95
95 5
95 23
64 29
50 95
89 50
95 50
89 95
5 95
5 95
5 95
95 89
50 5
95 89
89 5
51 33
95 14
50 95
5 50
89 95
95 89
95 5
89 95
89 50
125 83
5 95
120 116
89 95
20 64
5 18
95 50
95 89
5 95
95 89
32 74
89 95
89 79
89 95
89 68
89 5
5 50
95 82
89 95
50 95
5 89
5 89
95 50
5 95
125 104
50 95
89 95
5 50
89 95
54 63
5 50
107 19
89 95
5 95
121 13
5 89
5 95
41 64
5 89
89 50
5 95
50 95
100 119
89 95
50 5
89 95
89 95
95 89
5 95
89 93
5 89
50 118
89 5
14 81
95 50
89 5
50 89
89 95
50 95
50 89
89 5
89 95
113 79
89 95
41 68
32 74
89 95
5 95
125 57
95 50
50 17
95 89
95 5
50 89
5 89
89 5
89 5
50 22
5 95
89 8
89 95
5 89
50 95
95 50
89 45
89 50
95 5
89 50
95 89
89 5
89 95
89 10
5 95
5 89
14 81
89 95
5 89
32 74
32 89
95 89
50 95
95 5
5 110
50 95
5 101
74 100
89 95
89 91
89 50
95 89
95 50
89 95
5 89
95 89
89 50
123 119
89 41
89 95
89 50
50 94
5 89
89 95
89 50
5 47
5 95
5 47
50 95
5 89
50 95
50 95
50 95
95 50
123 95
89 95
89 95
89 95
95 26
89 5
5 89
5 77
95 89
5 95
5 89
5 50
89 95
50 5
89 50
5 95
89 50
89 95
89 95
5 89
89 50
95 5
95 50
89 5
89 95
50 95
95 89
89 95
95 5
50 45
41 1
89 95
89 95
89 95
95 89
25 100
95 89
50 95
50 5
50 95
5 89
89 95
5 17
50 5
50 95
51 22
89 95
89 81
50 124
89 50
89 95
5 95
89 50
89 95
63 79
99 83
89 24
50 95
89 5
50 95
95 89
89 50
89 50
50 5
89 95
89 5
50 95
95 50
5 89
96 74
89 47
95 89
89 5
89 95
95 80
95 5
5 95
50 95
95 5
89 95
5 50
95 89
95 5
50 5
100 14
50 89
5 95
5 50
50 95
89 50
89 50
5 89
50 111
89 95
5 95
54 102
89 95
50 119
89 5
50 95
5 48
5 50
65 59
5 50
5 117
95 50
95 89
5 89
89 95
89 5
89 95
95 89
5 95
5 117
89 16
89 95
89 95
5 89
89 95
95 89
89 95
5 89
89 50
50 95
5 95
95 93
50 89
50 95
89 95
50 89
95 50
50 63
95 89
95 31
95 89
89 95
50 95
89 95
89 95
94 89
95 89
68 15
50 95
50 20
95 50
5 95
89 95
89 95
89 50
89 50
89 50
89 95
89 95
5 47
89 95
50 95
89 5
89 50
89 95
50 95
95 89
95 89
20 8
95 5
5 73
95 89
89 5
50 95
92 5
5 95
95 5
95 5
89 95
95 71
95 5
89 95
5 123
5 95
95 43
95 89
89 50
95 92
89 106
5 1
32 74
5 89
89 95
5 89
5 95
95 89
89 95
95 5
95 23
95 89
50 5
5 47
50 5
95 23
5 89
89 95
89 95
89 95
95 5
95 5
89 50
50 5
95 5
95 50
89 5
95 50
50 95
73 5
5 89
95 89
5 89
95 89
89 95
50 95
15 79
89 5
95 89
89 95
95 89
95 50
95 50
89 5
89 50
5 95
89 17
95 75
89 95
89 5
95 5
95 93
89 95
95 89
5 89
15 34
5 95
89 95
89 95
50 5
89 5
5 89
95 89
89 95
95 50
95 89
95 89
89 95
89 71
20 8
5 95
89 50
5 89
89 95
95 89
89 95
50 95
89 23
89 92
20 64
50 95
95 5
89 95
50 95
5 95
95 84
89 50
63 120
89 95
89 95
89 10
89 95
89 5
89 95
5 89
95 89
5 95
54 11
95 89
50 95
95 50
89 95
89 95
80 125
50 89
50 89
95 23
50 95
95 5
95 50
95 89
5 89
63 96
95 89
50 95
5 50
17 125
95 82
89 95
95 50
5 89
95 89
89 5
95 5
95 50
5 89
5 50
89 95
5 89
95 50
20 64
89 95
50 95
95 89
89 95
5 89
95 89
95 89
5 95
89 95
95 89
50 45
89 84
5 95
89 95
50 95
5 95
95 50
95 89
5 50
95 51
95 50
89 5
94 35
89 50
5 50
89 95
95 89
5 50
5 50
113 51
95 50
89 117
89 50
50 8
5 95
89 48
89 95
89 95
50 95
89 95
95 89
89 95
95 89
89 2
89 95
95 50
95 89
5 89
95 89
50 95
5 89
50 95
95 89
50 95
5 50
95 96
95 50
5 73
79 54
95 89
89 95
95 23
5 41
89 95
95 5
5 89
50 95
89 5
89 95
95 89
89 50
50 5
95 89
95 50
89 5
95 5
95 50
5 95
50 89
5 95
50 95
20 64
63 120
89 50
89 50
89 95
89 95
95 50
89 5
89 5
89 95
89 95
50 95
50 89
95 89
68 15
5 95
95 5
89 50
50 89
89 5
95 50
89 50
95 50
95 23
95 50
89 10
96 81
95 14
95 50
95 23
95 50
5 95
96 48
17 98
89 5
95 5
5 95
50 123
95 89
50 89
50 44
95 89
89 95
95 50
95 89
5 89
89 95
5 89
50 95
42 51
50 95
5 95
5 50
89 95
50 76
95 89
5 89
50 89
15 34
5 95
89 95
5 89
5 95
5 89
5 89
89 0
95 50
89 95
89 95
89 5
50 95
89 50
50 95
89 50
50 89
50 95
95 23
89 95
89 95
89 95
5 89
50 95
89 5
5 73
17 109
89 95
89 95
65 83
81 100
89 95
95 76
95 5
5 47
89 50
89 95
50 118
50 95
89 95
89 50
5 89
5 0
50 95
89 95
89 95
95 89
89 95
95 89
89 50
17 80
95 23
50 95
95 75
89 95
89 5
95 89
89 50
95 5
89 50
89 5
5 89
95 66
89 5
50 95
95 110
50 95
89 95
95 50
89 95
95 50
5 95
50 115
95 89
50 95
89 95
50 95
89 95
5 95
95 23
89 95
5 95
89 50
50 95
95 50
5 50
89 95
5 95
50 95
95 17
5 50
89 92
5 50
5 89
95 77
95 89
95 89
50 95
50 95
50 95
50 47
89 50
5 50
89 50
95 89
5 95
50 95
50 89
5 89
5 95
96 74
5 89
95 89
95 89
5 50
89 95
5 89
5 89
5 73
89 5
89 50
89 95
5 95
50 95
89 5
50 95
95 89
89 5
41 70
89 50
50 95
41 67
89 50
95 89
95 23
95 50
89 95
50 95
95 89
5 95
95 5
113 58
95 89
121 41
89 95
89 95
95 83
89 50
5 119
89 50
5 95
95 50
89 50
63 42
95 23
50 95
5 95
50 5
89 95
50 5
89 50
89 95
89 50
89 95
89 50
89 50
50 95
107 13
5 95
96 16
95 89
50 57
5 50
95 23
95 23
95 89
5 95
89 21
5 50
89 95
95 23
89 95
89 50
89 95
95 89
50 95
89 95
89 50
89 95
5 95
95 50
89 50
95 89
89 95
89 5
89 5
89 5
50 25
95 97
5 95
89 95
98 50
5 89
5 89
50 73
17 3
5 47
5 95
50 95
95 50
95 115
50 95
5 89
50 89
89 95
5 50
95 89
89 95
50 95
5 73
95 89
14 81
89 95
89 95
95 20
89 50
89 95
5 50
89 95
5 50
50 95
95 54
5 47
95 50
50 89
50 95
95 89
89 67
95 5
50 95
89 95
50 89
95 5
95 5
95 5
125 70
50 89
95 5
50 95
89 50
50 89
50 89
50 95
50 95
89 50
5 50
95 47
89 95
89 5
89 5
99 93
95 89
121 25
89 50
5 95
5 95
89 50
50 95
89 95
89 117
5 30
5 95
50 89
5 50
89 95
50 95
50 5
50 95
89 21
5 95
95 50
50 5
89 95
5 50
42 60
95 89
5 50
95 5
50 95
50 95
5 95
89 50
89 83
89 95
95 91
5 47
95 5
89 95
95 89
89 95
73 5
50 121
89 95
89 5
5 95
89 95
89 95
95 89
50 95
95 89
89 84
95 5
89 50
89 50
89 95
41 15
65 46
95 89
95 5
50 5
5 95
95 32
50 95
95 14
50 95
89 48
89 95
89 95
89 5
89 95
89 95
50 89
89 95
89 50
95 89
89 95
89 95
95 89
95 5
89 95
89 5
14 95
5 50
89 95
95 50
50 3
50 17
95 50
89 5
5 47
89 95
50 95
42 51
89 95
95 50
50 95
95 89
95 89
95 89
89 95
95 38
95 50
95 80
51 80
89 95
50 95
95 89
89 5
50 19
5 70
50 89
50 94
5 95
5 95
5 73
12 125
89 5
95 89
113 79
89 5
95 89
95 89
89 5
5 95
50 95
89 95
95 89
95 40
5 89
89 95
50 95
107 13
95 5
95 5
50 95
95 5
50 89
89 112
5 89
95 5
5 95
125 95
5 89
95 53
89 95
5 89
50 95
89 95
5 89
95 89
89 95
89 95
95 5
95 5
95 89
95 89
95 89
95 50
5 89
5 95
5 17
5 89
5 95
5 89
89 5
95 50
50 12
95 89
89 5
95 5
50 89
95 5
89 5
89 50
50 95
89 50
95 89
50 23
50 5
59 5
50 89
89 95
89 95
89 112
89 50
50 95
95 30
50 95
5 35
5 95
89 95
5 50
95 89
89 5
5 89
95 89
89 95
5 95
89 95
50 54
95 50
50 95
5 95
89 95
5 89
50 95
95 5
118 42
125 26
89 95
95 50
89 5
5 50
89 95
95 89
95 14
95 89
5 89
50 95
89 95
89 95
5 95
50 95
5 95
95 5
89 95
95 89
42 94
95 50
95 83
95 89
50 95
5 89
95 89
95 5
50 95
89 95
95 89
89 95
89 95
96 4
95 122
89 50
95 89
50 5
50 95
100 119
89 0
95 5
89 95
89 95
89 95
79 63
89 95
5 95
95 89
89 50
5 116
42 121
89 50
50 89
89 50
50 95
50 58
100 114
5 95
50 95
50 95
89 5
50 95
54 123
95 89
5 47
5 95
89 50
89 5
5 89
89 95
89 50
5 89
95 89
95 77
95 89
89 95
5 65
95 50
95 74
95 14
95 89
50 89
63 120
5 123
95 50
58 24
5 50
95 50
89 95
89 64
95 50
50 5
5 95
95 89
89 95
89 78
50 95
89 50
89 95
89 5
50 5
50 95
89 95
89 95
89 95
95 89
95 89
5 95
89 50
5 50
89 95
95 23
51 39
89 5
89 95
95 89
95 89
25 74
95 89
89 50
89 92
5 95
95 89
89 95
89 5
89 5
5 89
5 95
50 5
89 5
89 5
89 95
95 50
89 50
50 95
125 12
95 89
50 5
89 95
95 89
5 95
64 92
50 95
5 47
95 89
89 95
5 73
5 89
5 47
50 59
89 95
89 95
89 85
89 5
42 51
89 50
5 74
95 89
95 5
89 78
89 50
5 89
50 95
50 95
89 95
5 50
89 5
89 42
89 5
99 56
5 47
89 5
89 50
89 95
95 50
89 5
95 89
50 95
89 5
89 50
95 14
50 10
89 74
89 95
5 34
5 47
89 50
89 95
95 99
50 5
50 18
50 5
5 95
89 95
89 50
89 95
89 50
5 95
107 13
5 95
95 89
5 91
95 5
50 95
89 50
89 5
50 5
50 95
50 89
89 95
89 95
64 44
5 95
50 95
89 95
89 16
89 5
89 95
50 5
50 95
50 39
95 89
89 50
95 89
5 73
89 5
50 95
89 95
50 95
89 95
89 5
89 95
83 106
5 95
50 61
95 89
5 89
95 5
95 89
100 119
89 5
118 65
5 95
50 95
95 50
5 47
50 95
5 95
89 95
89 50
5 95
95 50
89 5
95 5
89 95
50 95
5 95
95 89
50 89
89 5
95 5
89 95
50 105
50 95
95 5
95 89
5 95
89 95
50 95
95 45
89 95
89 50
89 95
121 25
95 50
95 89
5 89
106 95
95 71
5 73
50 5
50 5
5 89
50 95
95 89
89 95
89 95
95 5
5 95
95 89
5 89
5 95
89 95
125 70
95 17
89 95
89 95
95 89
89 50
5 50
95 89
5 95
95 89
89 50
95 89
64 94
89 95
65 54
95 89
5 50
89 50
50 95
89 95
89 50
96 56
95 89
95 89
89 95
5 47
89 50
5 47
100 119
50 89
95 50
5 83
89 5
125 8
5 50
125 23
50 95
89 95
89 116
5 51
5 89
89 95
14 81
89 95
95 89
95 89
95 5
95 50
5 95
89 95
95 50
50 95
50 3
89 50
89 95
89 5
89 95
89 50
50 89
5 95
95 89
50 5
50 31
95 5
89 95
89 95
54 85
89 50
5 89
95 50
89 95
89 95
95 89
50 62
5 95
5 95
89 95
95 5
5 95
50 89
95 89
95 5
5 47
89 95
89 95
5 95
95 89
41 86
50 89
50 89
95 89
5 47
89 95
89 95
5 95
89 50
89 5
95 89
64 8
89 50
95 89
95 50
95 50
50 89
95 23
5 95
89 95
89 95
50 89
89 95
5 47
5 50
122 89
95 89
89 50
50 5
95 5
89 95
95 14
5 95
89 95
89 5
95 89
89 95
50 89
89 50
5 73
50 95
5 50
5 50
95 5
95 26
50 94
94 20
5 89
20 64
89 95
5 89
50 95
89 50
89 50
5 95
95 89
95 50
89 95
95 91
95 89
5 50
51 49
89 5
5 18
89 95
5 95
95 66
95 89
50 95
95 89
50 95
95 89
89 95
89 95
50 95
95 50
5 50
5 111
95 5
95 89
89 101
50 89
89 5
95 14
50 95
95 89
5 50
89 5
5 95
50 5
42 51
5 95
41 92
5 50
50 54
50 5
5 95
95 89
95 23
89 95
95 23
95 5
95 89
89 95
95 89
95 5
55 89
95 89
89 95
95 89
50 127
5 95
95 5
5 123
95 89
95 50
95 89
89 5
50 95
89 95
89 50
95 89
50 95
121 28
100 14
95 23
95 50
89 95
109 95
89 95
50 95
95 89
50 89
50 118
89 95
50 95
95 50
95 97
89 95
50 54
50 95
95 5
121 21
50 5
89 95
89 50
95 89
89 50
5 18
95 50
95 89
89 5
89 95
64 98
50 95
5 89
95 5
5 89
5 50
95 89
95 5
5 50
89 50
89 95
5 95
89 50
89 95
89 95
95 50
50 54
89 5
89 95
95 89
50 89
95 89
95 89
50 95
5 50
50 5
95 89
5 115
95 89
89 95
89 95
5 89
89 95
5 50
89 95
50 5
5 89
5 89
50 95
95 89
50 95
95 89
5 50
95 50
95 5
94 2
89 95
13 107
89 50
50 95
5 50
89 8
95 5
5 95
95 47
5 95
50 107
95 50
5 95
95 89
50 88
89 50
5 50
89 38
5 95
89 95
95 5
5 50
95 89
89 95
50 43
50 95
113 58
50 5
95 50
95 50
89 50
5 127
50 95
95 89
5 95
89 95
95 5
95 50
50 5
50 95
95 110
5 50
89 95
95 89
95 50
89 95
95 50
89 95
5 48
50 95
50 5
95 5
89 50
5 89
5 95
95 89
50 5
95 50
89 95
50 95
5 95
95 23
95 89
89 38
89 95
50 5
95 82
111 70
50 95
50 95
89 50
41 39
95 5
89 95
5 89
50 5
89 95
5 95
5 95
95 89
89 95
95 50
17 4
50 95
89 95
95 54
89 50
95 89
89 95
89 95
89 95
50 95
89 50
113 58
95 5
89 50
89 95
125 80
5 50
89 50
50 95
51 36
5 50
95 89
89 95
95 5
95 89
15 83
50 83
89 95
89 95
50 30
95 50
95 89
95 23
20 64
5 107
89 50
95 62
95 89
89 50
89 95
95 89
89 50
89 95
89 42
50 5
89 5
5 95
125 59
5 95
50 89
5 50
89 95
50 95
63 96
50 95
95 5
113 58
95 5
121 35
95 50
5 95
89 5
95 89
95 89
94 20
89 95
5 50
95 50
121 12
89 95
5 95
89 117
89 95
89 95
89 5
89 5
89 17
89 5
95 50
50 5
5 18
50 95
50 95
5 95
95 89
95 14
50 5
89 95
50 95
89 95
5 89
95 89
5 41
50 95
50 95
89 95
95 14
95 89
89 95
50 41
95 89
5 89
5 95
89 95
99 24
95 5
5 95
89 95
89 95
95 14
5 95
89 126
100 119
89 95
95 89
95 89
95 89
89 50
89 50
5 50
89 50
95 89
95 50
95 5
89 95
89 95
50 95
89 50
89 95
50 95
95 50
50 5
89 95
95 89
5 95
50 95
50 17
95 84
5 95
5 50
50 95
50 95
50 5
89 95
5 95
95 50
89 95
50 95
5 47
95 50
89 50
95 89
95 89
89 95
121 83
5 95
89 50
89 95
5 95
5 95
5 95
5 50
89 95
5 50
89 50
89 95
65 54
95 89
50 95
50 95
89 50
89 50
5 95
5 93
50 95
89 95
50 95
95 89
5 50
89 95
95 89
95 89
89 50
99 79
89 95
89 5
5 95
5 95
89 78
50 59
95 89
95 89
89 95
5 50
50 5
95 89
5 50
5 42
50 95
5 95
50 5
95 5
58 5
95 89
89 22
89 95
89 95
89 50
50 5
50 95
5 50
50 89
95 116
89 50
89 95
5 50
95 23
5 56
95 89
89 95
94 52
95 89
5 95
95 50
89 5
89 63
95 89
95 89
95 50
50 89
50 95
89 50
50 95
5 89
89 50
5 89
95 89
95 89
89 95
89 5
95 5
5 89
95 89
65 96
89 50
95 5
95 5
89 95
121 45
89 95
95 5
95 89
113 58
14 95
89 95
95 89
89 56
50 5
50 95
5 95
50 89
89 95
95 23
89 50
5 65
89 95
50 95
50 75
95 89
95 50
50 5
50 70
95 89
41 15
95 50
5 95
5 50
5 95
89 5
95 89
50 5
5 13
89 95
5 73
89 95
89 5
41 10
54 83
89 95
89 5
95 89
95 89
50 95
95 89
89 5
50 89
89 85
89 95
95 89
95 89
95 5
95 74
50 30
5 50
125 9
5 73
89 95
5 89
95 82
95 89
95 89
95 89
89 95
89 95
89 95
50 54
50 95
89 95
89 50
95 30
89 5
95 50
95 89
89 95
89 95
95 89
50 5
89 95
95 5
95 5
89 50
95 89
89 95
95 89
50 110
89 123
50 95
50 89
89 95
5 95
89 95
5 99
89 41
63 96
17 121
5 95
95 5
95 50
50 54
99 94
5 50
50 95
95 89
89 50
50 5
89 95
89 5
50 95
17 95
95 83
95 5
95 89
89 50
50 95
89 95
50 89
50 5
5 95
89 5
50 95
95 23
95 50
89 95
5 95
89 95
5 98
5 50
89 50
95 89
50 14
50 115
89 95
95 50
89 95
95 50
95 5
89 50
5 47
89 95
5 95
89 32
89 95
95 89
5 50
89 95
10 41
50 95
5 89
89 5
95 50
95 89
89 95
89 50
89 95
89 95
5 50
50 51
5 89
89 94
95 23
5 95
89 5
5 50
95 54
5 50
95 89
89 50
89 95
5 110
5 89
89 5
113 58
89 81
5 50
5 50
95 89
123 119
106 98
50 95
5 89
89 95
95 89
5 127
89 95
50 95
89 50
5 95
95 89
89 50
64 94
125 63
89 50
32 74
5 95
95 18
5 73
50 95
5 50
95 89
95 5
89 50
95 89
5 95
95 50
5 95
89 95
89 50
5 95
5 95
95 14
50 95
89 5
50 95
89 95
89 95
95 89
89 95
50 89
5 73
95 89
95 89
5 89
95 89
64 110
89 95
95 50
17 125
89 95
95 14
50 95
50 89
89 95
89 95
5 89
5 89
89 95
89 95
50 5
5 89
95 14
89 5
50 95
89 13
50 5
5 50
89 95
5 89
51 33
100 14
95 89
89 50
100 119
89 50
50 95
95 89
89 95
95 5
50 95
95 5
50 95
50 72
95 5
50 89
41 38
5 89
95 5
5 50
54 83
95 5
52 50
89 71
89 50
89 95
95 89
50 89
95 89
89 95
15 34
89 5
89 95
95 50
63 120
14 95
5 95
89 50
95 5
89 95
107 13
113 58
17 25
50 95
5 50
89 95
50 95
89 97
89 95
5 95
50 95
5 50
95 50
50 95
50 89
95 99
41 64
89 95
95 89
95 23
89 5
5 47
50 5
5 89
95 89
50 95
41 118
50 89
50 89
50 10
41 62
5 95
95 28
89 50
95 5
65 11
50 95
95 89
95 14
95 89
95 89
95 93
89 50
50 95
5 50
89 95
95 5
89 95
5 95
95 14
95 50
89 95
5 95
89 5
95 50
89 95
50 95
95 89
89 95
89 95
50 95
5 83
50 95
95 50
89 5
89 95
89 95
5 89
5 95
81 42
15 79
113 58
95 63
89 95
95 5
89 95
5 95
89 95
50 89
89 95
50 95
65 98
5 47
5 89
63 120
50 95
64 124
89 95
50 5
95 89
50 54
5 95
95 0
95 89
50 89
95 89
89 95
5 75
89 95
95 5
50 73
95 89
89 50
50 95
5 47
89 95
95 96
5 95
50 95
89 5
95 89
50 15
89 95
5 29
50 95
89 95
89 95
5 50
50 95
54 55
50 95
50 5
50 95
95 89
89 15
5 95
95 5
89 95
95 89
89 95
5 73
5 25
95 50
95 89
50 95
95 14
5 95
95 89
5 95
5 95
5 89
95 89
95 89
95 5
95 117
89 95
89 95
5 89
125 123
50 95
5 95
5 17
50 89
50 95
50 95
50 5
5 81
95 50
95 83
95 89
50 95
50 89
89 95
5 1
95 50
5 95
89 50
89 95
95 50
50 5
89 5
5 50
5 95
5 70
50 89
89 95
65 97
95 5
95 50
89 5
5 30
95 89
89 95
50 95
89 50
50 5
89 95
95 89
5 89
89 95
89 5
89 95
50 95
95 89
50 95
89 5
89 95
5 50
50 95
5 50
5 95
89 95
95 5
89 50
50 95
89 5
89 5
50 89
95 5
5 50
5 50
5 50
95 50
89 95
50 95
74 100
5 38
50 5
95 89
50 10
50 95
95 89
50 89
89 95
5 118
89 50
50 5
89 50
89 95
89 50
89 95
89 95
89 95
95 5
5 50
89 95
5 89
89 95
50 95
5 77
89 38
95 5
89 5
89 95
50 95
89 95
5 50
64 20
5 95
89 95
89 95
95 50
95 50
95 23
15 34
95 89
5 50
113 58
95 89
89 95
5 95
95 5
95 5
89 50
50 95
95 89
5 123
5 89
15 83
5 95
95 50
5 95
50 17
95 89
50 95
5 95
89 95
95 89
89 95
50 95
89 50
5 95
95 5
95 89
5 89
15 83
89 50
5 89
89 5
51 14
89 95
95 5
5 89
5 95
5 95
96 83
95 5
89 95
50 89
89 50
50 95
89 95
50 95
89 95
5 95
50 95
5 73
89 95
125 59
89 95
89 93
89 95
5 50
5 95
50 89
50 89
121 39
95 5
95 89
95 50
5 109
58 113
50 5
89 95
95 5
95 5
50 95
50 13
89 95
5 50
95 89
5 95
89 95
89 5
50 95
89 95
5 89
95 89
50 89
41 40
95 89
95 89
95 50
5 18
5 95
50 95
50 95
89 95
13 107
50 95
50 95
89 95
89 77
50 95
89 78
89 95
5 89
89 5
89 95
50 95
95 89
89 95
50 95
95 89
41 68
95 50
95 50
95 89
89 95
5 89
54 8
89 23
95 89
14 95
5 50
89 95
95 66
64 71
89 95
95 89
5 47
50 66
89 5
95 5
95 5
50 92
50 89
50 5
89 95
50 89
5 95
89 95
89 95
50 89
118 111
50 89
89 95
94 80
8 20
5 107
5 89
119 99
95 8
89 5
95 50
5 49
50 95
50 17
95 89
50 116
41 12
50 95
95 50
50 95
95 5
5 50
95 50
89 50
50 89
89 50
50 89
50 89
50 5
95 5
89 95
50 71
5 89
89 95
89 50
5 95
89 95
95 89
5 50
89 95
5 95
95 89
5 50
5 47
5 89
89 95
5 95
95 50
5 50
89 95
89 5
89 95
5 80
89 95
95 50
95 50
6 89
95 89
89 95
95 89
89 50
50 5
5 50
89 50
89 95
95 89
89 29
68 15
50 95
89 95
89 5
95 89
89 95
89 17
100 119
89 95
5 89
5 14
89 5
95 89
89 5
89 95
5 95
5 89
89 95
50 89
50 95
5 95
89 5
95 89
89 50
95 89
95 89
50 95
5 89
89 50
95 89
5 73
95 5
5 47
95 5
50 95
89 5
5 50
50 95
89 95
89 95
5 11
5 89
89 95
95 89
5 95
59 5
89 95
5 89
89 5
95 50
89 95
5 89
50 56
89 95
89 51
5 50
50 5
95 5
89 5
5 89
50 89
95 89
89 50
5 95
95 89
50 5
80 96
89 95
95 23
5 42
50 5
5 17
89 95
89 95
95 89
5 95
5 95
51 5
89 95
95 89
89 95
95 89
95 50
15 34
5 95
51 45
50 95
41 89
95 5
5 95
50 95
95 89
89 95
5 110
5 95
89 5
50 5
50 5
89 95
95 38
50 95
89 50
89 95
5 95
95 89
50 89
50 95
50 95
89 95
89 5
89 95
89 95
89 50
5 50
121 30
89 95
50 95
5 89
5 95
95 50
89 95
95 50
89 25
95 50
95 77
51 61
95 23
95 89
89 83
5 50
95 50
5 89
5 50
5 89
89 5
89 95
89 95
89 95
5 95
95 50
95 50
5 95
5 95
95 89
5 95
89 50
95 14
5 95
89 5
89 95
99 3
89 32
95 83
89 95
95 5
20 64
89 5
95 89
89 95
17 98
89 95
50 95
50 95
89 95
89 5
5 73
95 50
89 95
89 50
5 89
89 50
95 89
5 95
95 5
89 95
5 95
5 91
5 95
5 95
89 5
89 5
95 89
95 89
5 95
5 95
89 95
95 5
95 14
95 50
50 95
5 95
50 5
95 89
50 107
15 79
89 71
95 89
95 89
95 89
89 95
5 95
89 95
95 89
50 95
5 95
95 50
5 50
99 101
50 5
5 89
89 99
95 89
89 50
100 119
95 89
95 89
95 80
95 89
50 95
95 89
95 89
95 89
89 95
5 89
95 14
50 95
5 95
5 95
79 34
5 95
73 5
50 95
95 89
50 95
5 95
50 89
5 89
100 119
125 20
89 95
89 95
50 95
5 95
95 5
5 89
5 89
5 95
89 5
50 95
50 89
89 95
64 83
5 95
95 5
89 5
89 95
95 50
95 5
89 95
50 95
89 95
89 5
50 95
95 89
5 89
5 89
95 89
50 89
5 95
89 5
95 89
95 89
89 55
5 89
89 14
89 50
5 51
89 101
95 89
89 95
50 95
50 5
95 89
89 114
95 89
50 95
89 95
89 95
89 95
89 95
89 95
5 127
89 95
5 95
65 8
89 95
125 92
5 50
95 89
95 23
89 50
50 95
5 89
5 10
5 73
50 95
50 95
5 50
89 95
89 95
89 5
5 95
113 83
89 95
63 96
89 95
5 47
95 89
95 75
89 95
96 41
95 89
89 79
50 95
50 5
5 89
5 89
50 95
95 89
89 95
95 14
50 89
95 5
89 95
95 14
95 50
50 121
89 95
41 70
89 95
89 95
5 50
5 95
95 89
95 89
89 74
89 95
89 50
50 89
5 95
51 5
50 89
50 89
95 50
95 5
95 14
50 5
5 50
50 17
95 89
89 95
5 47
89 95
89 95
50 95
50 5
5 89
95 89
89 95
95 5
89 125
50 95
89 95
58 77
89 95
50 95
95 5
5 50
89 50
5 124
89 95
50 95
89 5
5 50
100 119
50 95
89 95
89 32
89 5
89 95
5 95
89 95
89 95
50 95
50 95
95 112
50 95
95 107
89 95
5 89
5 95
89 95
58 89
5 95
50 95
5 95
5 89
89 50
50 95
5 100
5 95
5 89
50 95
50 95
5 77
50 5
89 5
50 5
5 95
5 89
95 89
50 17
5 95
5 50
95 89
50 5
42 51
89 95
89 5
95 5
5 50
89 50
50 110
50 95
89 50
50 95
95 23
5 89
89 21
89 95
95 107
5 89
89 50
5 92
95 42
89 5
89 95
95 5
5 50
89 95
95 89
89 95
89 95
89 95
5 95
95 5
95 75
95 50
50 89
95 102
89 95
89 50
95 89
50 5
89 50
95 5
50 95
58 77
95 89
95 5
95 5
89 5
100 119
89 95
50 79
89 95
50 73
95 56
17 35
89 95
95 50
95 50
95 89
95 50
89 95
95 50
89 95
95 5
95 5
89 50
20 64
89 95
89 50
5 95
5 94
89 95
89 95
89 5
95 14
50 5
89 95
50 95
125 98
50 89
5 118
95 23
89 95
89 95
95 50
95 89
95 5
89 50
89 50
50 95
5 95
95 5
95 89
89 95
89 95
50 89
89 83
89 50
111 120
89 95
89 50
95 89
95 89
64 82
50 95
89 95
95 5
89 95
50 89
95 50
50 95
89 95
89 95
89 95
5 95
95 89
51 98
54 85
89 95
95 89
50 5
5 89
89 5
5 95
50 95
89 95
95 50
50 94
89 95
89 5
95 5
5 50
50 95
94 76
58 95
50 29
95 5
89 95
50 89
89 50
89 95
95 50
95 89
95 89
95 50
89 95
89 95
95 89
5 95
89 38
95 89
95 89
95 89
50 15
50 5
95 14
5 89
5 50
50 95
5 89
95 89
75 89
89 50
99 113
95 110
5 50
89 95
95 42
89 95
89 95
95 89
89 38
89 28
50 95
64 76
107 13
50 89
95 123
5 118
75 5
95 50
95 5
95 89
5 89
95 89
89 5
89 95
50 95
89 50
89 50
15 34
95 50
50 89
50 95
50 95
89 5
95 89
63 42
5 95
89 5
89 50
89 5
95 50
50 95
89 92
94 5
89 95
5 95
89 95
89 50
50 89
95 14
95 89
111 42
89 95
89 5
50 95
50 95
89 95
5 95
95 89
50 95
50 89
5 73
50 95
50 95
95 89
5 89
89 95
5 50
95 23
5 95
5 50
89 95
89 5
89 50
50 5
125 49
50 5
89 51
89 95
5 89
5 83
89 5
5 95
5 47
89 95
95 89
89 95
95 50
89 95
95 89
5 82
95 50
89 95
50 91
50 71
89 95
5 18
50 48
5 75
125 13
50 95
89 95
5 50
5 95
89 50
95 23
95 89
5 89
89 50
5 47
5 73
89 50
50 53
5 95
89 95
95 14
95 5
89 95
50 95
95 14
89 95
50 89
95 89
50 38
89 95
50 5
95 89
5 107
95 50
50 20
54 121
89 5
50 95
5 50
89 50
89 5
89 95
95 66
95 5
50 95
5 70
89 95
95 5
5 47
95 5
5 89
89 95
50 95
50 95
50 95
50 95
95 89
95 5
8 94
95 23
50 95
50 89
95 5
89 95
5 95
95 89
95 5
95 89
50 95
5 29
95 5
50 95
89 95
95 31
63 120
89 95
89 95
95 50
95 50
5 95
5 47
89 95
95 89
50 5
5 89
5 89
5 95
95 89
89 5
5 47
89 95
50 95
95 5
95 89
50 95
5 89
95 23
95 5
95 89
89 56
5 89
50 95
89 95
5 89
95 5
50 95
89 95
5 12
50 89
89 95
5 95
50 5
95 50
95 89
89 95
5 50
50 5
95 50
5 95
5 50
89 85
89 50
5 54
50 95
50 95
15 34
50 89
95 23
89 95
50 5
50 42
89 50
89 5
5 50
95 89
50 95
89 95
50 118
5 95
89 95
89 50
63 79
5 47
5 95
5 95
50 46
89 95
13 107
95 50
95 50
89 95
89 5
95 50
95 50
50 95
89 95
95 89
89 115
95 23
50 63
89 95
5 89
64 83
89 95
50 5
5 95
89 5
89 95
5 50
95 89
89 95
89 50
95 89
89 95
95 89
95 5
95 5
95 50
89 50
95 89
5 95
95 5
95 89
5 50
89 95
5 95
89 95
89 5
95 5
5 89
50 95
5 50
89 95
95 101
5 95
95 89
50 5
5 50
95 50
127 5
89 95
89 95
5 95
95 50
95 89
95 50
50 95
65 10
89 95
89 95
89 95
50 89
50 5
89 50
50 5
95 50
95 89
5 50
95 5
89 95
5 95
50 95
89 95
95 5
50 95
50 95
50 95
100 119
95 89
5 95
5 1
5 102
63 96
50 115
89 95
95 5
95 89
89 95
89 95
50 77
89 46
89 95
95 5
95 89
89 5
95 89
95 89
5 47
95 50
89 95
89 95
89 95
5 73
89 95
95 89
5 50
50 89
89 122
5 73
89 50
89 95
95 5
50 95
89 95
89 95
89 73
95 89
89 95
95 5
89 50
5 89
89 95
95 89
89 95
89 95
95 89
95 23
95 50
50 95
89 95
50 116
5 47
5 50
89 50
50 95
95 50
89 0
89 95
89 39
89 95
89 50
95 89
63 120
5 50
95 89
89 5
89 95
5 95
50 95
5 89
89 95
95 23
50 5
89 5
5 119
89 95
95 5
95 89
95 5
89 95
5 94
50 95
5 89
50 89
89 95
95 5
95 89
95 89
89 50
17 80
5 50
89 95
5 73
5 50
95 89
89 50
5 50
95 50
50 95
89 95
50 95
89 74
50 5
89 5
89 95
95 89
50 125
89 95
89 95
89 95
89 95
50 5
50 86
50 95
50 95
95 89
5 50
89 95
95 5
89 95
89 26
50 95
5 95
89 95
94 77
89 50
5 56
95 50
95 5
89 95
89 8
118 42
89 5
89 115
99 81
89 95
5 73
89 5
89 95
5 89
5 89
89 95
95 89
89 95
89 50
89 95
50 63
64 8
5 89
72 89
89 95
89 95
5 95
89 50
95 50
89 95
95 50
5 73
95 89
95 5
89 50
95 89
5 95
89 50
89 5
5 47
5 50
89 95
89 50
95 89
5 50
89 50
5 47
95 0
95 89
89 95
89 73
95 89
95 43
63 120
89 95
95 5
42 51
89 5
50 95
95 89
89 95
95 89
89 95
89 50
89 5
89 95
95 50
42 51
89 95
89 95
89 95
5 95
95 5
89 95
95 62
95 89
8 64
50 95
95 5
95 89
50 95
89 95
5 47
5 95
94 78
95 82
5 95
89 95
5 73
50 95
121 79
95 50
89 95
119 99
95 123
50 88
94 7
89 50
95 89
95 89
89 109
89 95
95 5
94 95
5 89
95 25
111 70
64 16
5 28
89 95
95 89
50 89
95 122
100 119
118 83
95 5
89 95
95 5
50 95
89 50
89 5
95 50
89 30
89 95
89 95
5 89
15 34
50 95
89 95
95 23
50 20
89 95
89 50
95 89
5 118
96 63
95 5
89 95
89 20
50 95
5 95
98 51
118 65
89 95
5 71
95 50
89 5
50 89
5 89
89 95
50 95
5 95
5 95
89 95
50 95
89 5
89 50
89 95
5 31
5 95
89 95
89 50
50 5
63 120
89 95
89 95
50 89
50 72
89 95
50 5
95 5
5 65
50 5
89 95
96 3
50 95
17 24
89 119
5 23
5 50
89 110
89 95
89 116
58 77
50 95
83 15
50 5
50 95
50 89
89 95
5 95
95 50
50 95
89 95
50 14
20 8
95 23
5 95
95 89
89 95
5 95
50 5
89 95
118 96
50 95
89 50
95 5
5 95
5 95
95 89
95 50
89 50
95 89
95 89
89 5
17 116
89 95
50 5
95 89
89 95
50 95
89 50
89 5
89 95
121 15
95 50
5 89
94 89
95 89
89 50
89 50
95 23
95 14
95 14
89 50
50 95
5 89
100 119
95 14
89 95
50 5
50 89
95 102
89 95
50 89
89 95
5 95
89 95
95 23
89 84
95 50
5 95
5 89
51 74
50 124
89 95
95 5
95 50
5 68
89 50
5 95
5 89
89 5
95 50
89 123
95 5
95 89
5 95
50 95
95 89
95 42
89 95
50 95
89 95
95 50
5 89
95 89
89 95
89 95
119 8
89 50
89 95
95 89
89 95
17 80
89 95
89 95
89 95
89 54
95 5
5 95
89 5
89 95
17 76
89 5
50 95
95 50
20 121
15 79
95 89
89 95
95 89
17 68
20 8
89 95
5 50
95 50
42 94
89 95
95 5
89 95
89 95
95 89
89 95
89 95
5 50
50 95
89 50
89 95
89 95
5 89
125 17
89 95
95 13
95 23
5 50
95 50
50 17
89 50
106 98
95 89
95 71
89 50
58 113
95 89
50 95
95 50
5 89
50 5
17 83
50 5
5 89
5 50
20 64
89 95
89 95
50 95
89 50
89 0
50 95
89 95
5 118
5 95
95 5
89 50
50 5
95 14
95 14
50 5
50 52
95 67
89 95
5 16
50 5
5 50
95 5
89 5
89 95
95 89
95 89
95 5
89 30
41 68
95 89
50 89
89 95
89 95
89 95
58 113
89 43
95 5
50 95
95 89
5 73
95 8
95 89
50 89
89 95
50 89
89 95
95 5
95 23
89 50
5 50
5 42
89 95
89 95
95 5
5 50
89 50
5 89
89 5
95 5
89 95
17 98
59 80
54 42
94 120
89 95
95 5
5 95
5 89
89 50
50 95
95 89
5 50
50 89
5 73
50 5
95 50
95 89
5 95
89 5
89 50
5 89
5 89
89 12
95 80
125 80
95 50
50 95
89 73
5 89
89 95
5 89
115 89
95 5
41 15
89 50
95 123
96 13
95 89
50 38
5 95
95 23
5 95
89 42
95 23
89 95
5 95
41 112
89 95
95 89
89 50
89 95
5 89
50 95
89 95
89 50
59 63
5 17
95 50
95 5
5 95
5 50
95 50
89 5
95 50
89 50
50 95
50 89
95 89
89 95
95 50
95 89
34 111
95 5
5 95
75 89
95 5
50 30
94 117
5 95
50 95
89 5
89 95
50 29
95 50
5 95
5 20
89 95
89 95
95 5
5 50
89 95
95 5
5 50
5 89
50 95
5 63
89 95
95 89
95 89
121 35
5 50
89 95
5 89
89 95
95 89
95 50
5 95
50 95
89 95
17 35
95 89
5 95
5 95
95 89
5 89
5 47
89 120
89 50
5 89
5 94
95 50
5 95
50 89
95 89
95 50
5 14
5 50
89 5
89 95
89 95
89 95
99 79
89 78
95 89
50 38
95 5
50 89
89 50
95 89
89 95
58 5
50 95
95 89
89 95
5 95
89 50
5 50
89 50
95 14
89 95
95 50
5 117
5 95
95 5
5 89
5 95
95 5
50 95
89 123
89 95
50 5
95 50
96 61
50 95
89 95
89 5
89 50
5 83
50 95
89 95
89 95
95 89
5 95
50 17
89 95
50 89
5 95
95 47
95 89
95 5
95 89
89 5
79 63
89 95
95 50
89 95
95 5
5 95
25 100
89 95
89 95
89 95
89 95
95 89
95 50
89 95
89 95
89 5
50 95
5 95
5 50
89 50
50 95
5 95
50 95
5 50
5 95
5 89
5 47
50 107
89 5
5 89
95 50
95 89
89 95
95 89
41 68
50 17
95 89
50 89
5 95
95 89
89 95
95 89
41 19
5 95
95 5
89 95
95 79
5 89
50 95
89 50
5 47
50 89
89 95
5 89
89 95
50 73
89 50
95 89
5 95
50 95
89 95
5 95
95 50
89 95
50 95
94 120
50 26
123 5
95 89
50 89
89 95
5 99
50 95
95 50
5 50
95 89
89 95
50 2
95 89
95 89
81 42
5 95
125 95
95 89
95 50
89 5
95 89
95 89
89 95
20 121
89 50
50 89
50 95
50 95
89 40
5 95
125 80
89 95
121 13
89 5
41 51
5 50
95 50
50 89
95 89
5 73
50 5
5 47
95 89
5 89
89 50
5 50
50 89
89 6
89 5
95 23
89 95
89 95
5 73
41 68
5 50
95 54
17 41
113 58
50 89
95 89
89 95
50 95
95 79
89 50
95 50
95 89
89 95
50 89
99 106
89 95
50 95
50 77
89 95
89 50
89 95
50 95
89 95
95 89
95 57
5 89
95 50
89 95
95 89
89 95
50 95
89 50
5 89
89 95
5 95
89 95
5 95
95 50
107 120
89 95
95 5
50 89
95 89
95 89
50 89
95 89
95 50
50 95
89 85
50 7
5 95
54 43
89 122
95 117
89 95
5 95
5 89
89 95
95 5
50 89
5 95
41 109
95 89
5 95
50 95
89 95
95 89
50 95
89 95
95 5
95 5
95 50
5 47
89 95
95 5
50 95
95 17
89 95
95 89
89 95
5 50
5 73
89 95
89 50
89 95
50 95
50 95
50 95
89 95
89 95
89 95
95 89
89 95
5 95
89 50
89 95
5 50
89 95
89 95
89 95
89 95
50 95
95 89
50 95
89 95
50 95
89 5
89 95
89 50
99 2
95 89
89 95
5 95
89 50
95 5
89 95
89 5
5 59
5 95
50 95
89 95
50 95
89 95
5 89
50 122
50 95
5 89
5 95
95 89
89 95
89 95
50 18
89 95
5 95
5 41
89 95
14 5
50 95
50 89
89 5
89 48
100 119
89 50
50 95
50 89
5 95
54 84
89 95
125 99
89 5
5 50
50 95
5 95
50 81
50 95
89 95
89 95
50 95
95 50
95 89
5 95
95 50
5 89
20 121
89 95
95 50
89 5
89 1
95 50
5 95
89 95
95 5
95 5
96 51
95 18
50 5
95 5
50 95
5 95
95 89
89 95
5 50
89 95
95 89
89 95
50 89
89 50
89 5
50 95
95 89
89 95
89 95
5 50
95 5
95 5
95 89
15 83
5 50
89 95
95 5
15 79
89 95
89 5
89 83
95 89
17 41
5 89
89 95
95 89
50 17
89 50
50 97
95 119
89 95
95 89
95 89
50 95
89 95
5 73
50 95
95 50
89 50
89 5
95 89
89 95
95 89
95 50
5 97
89 95
50 95
95 89
50 115
5 89
89 95
89 95
95 5
89 95
95 123
89 95
89 95
17 125
50 95
95 89
89 95
50 89
94 39
81 100
5 89
5 89
89 95
5 95
95 50
95 89
89 5
95 23
54 64
50 63
50 95
89 95
5 95
95 50
5 95
95 89
89 95
83 44
5 95
25 100
5 89
95 5
89 95
89 5
95 89
5 50
89 95
89 95
5 89
50 95
50 5
95 79
50 95
95 89
5 95
5 95
89 95
95 5
95 89
5 95
50 89
5 95
20 64
95 5
89 95
95 89
13 107
95 50
89 95
89 95
95 89
89 95
118 42
50 106
89 95
65 93
50 5
89 50
95 14
17 80
95 50
95 89
50 95
5 95
95 89
50 95
89 101
89 95
5 89
5 50
89 50
95 5
5 95
95 5
89 95
50 95
5 95
50 30
5 70
5 32
95 84
95 89
5 89
5 50
95 5
50 89
95 5
95 89
50 89
95 23
95 89
89 5
50 89
89 5
89 5
51 43
89 95
95 56
5 50
95 89
5 50
95 75
89 95
50 23
89 50
95 50
95 50
5 123
50 89
89 95
5 95
50 95
5 45
50 41
95 89
89 95
5 17
95 89
5 50
42 81
50 89
95 5
5 95
95 89
95 83
50 5
89 95
5 26
95 47
89 95
89 50
89 50
89 95
95 50
89 95
50 89
50 5
5 95
95 50
89 95
5 83
95 89
5 95
63 120
51 100
89 50
95 5
5 95
89 95
50 5
95 89
95 89
95 89
89 95
5 50
95 89
95 5
89 95
5 95
5 95
50 95
89 95
89 95
100 119
89 95
50 89
5 95
5 89
89 95
50 95
95 89
95 5
95 50
89 95
5 50
89 95
50 95
50 95
89 78
5 89
5 95
89 5
118 42
95 89
89 50
89 95
89 61
95 89
5 20
50 89
5 95
14 81
89 95
95 89
95 89
95 14
89 50
95 89
95 89
5 95
50 95
95 89
95 89
50 89
95 89
95 5
50 89
15 83
5 89
50 89
89 5
95 50
95 89
89 95
81 42
50 95
5 89
64 8
89 50
89 50
89 95
5 95
95 50
95 50
5 89
50 25
50 5
89 95
89 95
5 95
95 50
89 95
89 95
5 95
50 5
89 95
41 68
95 89
121 78
50 89
50 95
5 95
50 89
89 95
5 95
95 89
89 95
65 50
51 125
89 95
5 63
95 23
5 89
95 110
95 89
81 42
98 51
50 95
5 50
89 95
89 31
95 5
89 95
89 95
89 95
50 89
50 15
89 95
5 95
95 50
89 5
89 95
89 95
89 95
5 50
95 50
89 5
89 95
5 26
89 95
50 5
95 89
89 50
50 0
95 23
50 95
95 89
89 5
89 95
89 95
50 94
95 50
95 50
89 95
95 89
95 5
89 95
89 50
50 95
89 95
14 81
50 95
5 89
95 89
89 50
89 50
42 51
63 96
89 5
50 95
95 50
50 89
50 95
50 89
95 89
95 5
89 50
89 95
50 123
96 89
95 5
5 50
50 5
89 95
5 47
89 95
5 95
89 50
113 58
95 89
89 95
58 79
95 14
89 95
5 73
5 95
50 95
89 95
89 95
5 95
95 89
95 14
125 98
50 89
5 95
95 50
70 42
89 95
89 95
5 89
89 50
5 89
68 15
50 95
89 95
89 95
5 89
95 5
89 95
89 50
89 95
89 95
121 34
95 50
95 89
95 89
5 95
5 79
95 56
50 116
89 95
89 95
50 95
95 89
95 5
89 5
89 92
99 105
95 66
5 89
5 89
89 95
70 42
89 95
50 83
50 89
89 95
50 95
50 89
89 93
50 95
5 95
5 95
50 5
125 98
50 106
89 95
89 95
89 92
50 55
89 50
5 73
89 95
5 73
95 50
95 50
50 95
54 50
89 50
5 58
89 5
100 119
95 89
50 95
95 89
50 26
89 95
89 50
5 14
5 73
89 95
89 95
89 38
89 5
95 50
79 54
64 13
89 95
5 47
89 95
89 95
95 89
5 95
50 95
95 50
89 5
5 50
5 95
89 95
95 68
89 95
95 50
95 89
121 1
5 89
99 68
50 95
89 95
89 95
50 95
89 50
89 95
89 95
95 50
89 95
5 89
50 89
50 5
5 95
95 5
50 95
89 5
50 46
5 47
98 5
95 89
89 48
95 89
5 50
95 21
95 89
89 116
50 95
89 95
95 46
95 89
5 89
89 95
95 89
50 95
95 50
50 95
111 11
89 95
41 68
100 14
89 5
95 89
5 95
15 34
89 95
95 89
95 5
89 5
89 5
89 50
50 89
95 50
89 95
89 95
5 95
95 89
89 95
95 89
89 50
5 89
5 89
89 95
89 50
5 89
50 95
5 50
95 50
95 89
89 95
89 95
95 89
50 89
89 5
95 47
5 89
89 50
89 95
50 5
89 95
89 95
95 89
95 5
89 95
5 50
50 8
5 89
14 81
5 95
50 95
89 50
95 5
95 89
89 95
89 5
89 50
50 95
89 95
95 89
95 47
65 109
5 95
95 5
89 95
50 47
89 50
50 94
5 95
5 76
14 81
5 95
50 17
5 68
50 113
89 95
89 95
5 95
95 89
95 50
95 5
89 50
50 95
95 89
89 56
89 95
5 95
95 89
95 89
5 95
15 34
89 5
95 89
95 50
89 95
95 89
89 123
95 5
95 50
5 89
95 5
50 89
95 50
5 122
89 5
95 23
95 89
89 5
50 95
113 58
50 5
89 95
89 5
5 50
95 5
5 95
95 89
5 73
89 5
94 111
50 89
5 47
95 89
95 89
89 50
89 5
89 5
95 5
95 50
5 89
89 23
5 95
50 118
58 113
50 5
5 95
89 50
5 50
50 89
5 89
89 50
95 89
89 5
89 5
95 89
95 50
95 50
89 95
50 95
89 95
95 5
89 5
5 48
95 110
50 95
89 95
89 95
89 66
50 89
5 83
50 99
64 83
89 95
95 31
89 95
89 95
5 89
89 95
5 95
89 5
50 89
5 50
89 5
89 95
89 95
89 95
95 89
89 41
95 89
89 95
5 50
89 95
95 89
89 95
89 95
95 89
5 89
95 89
89 5
89 97
70 42
64 13
95 5
5 95
5 89
5 73
50 95
95 50
5 89
89 5
95 50
89 95
5 95
95 50
95 89
95 75
5 95
89 95
95 23
50 95
5 18
17 95
89 95
95 89
89 95
95 50
5 95
5 89
5 95
50 5
95 5
51 48
95 89
95 50
89 95
89 95
50 95
89 95
89 5
50 89
89 95
50 95
95 89
5 95
89 95
95 50
79 96
89 95
50 89
5 95
5 73
5 95
95 123
5 95
50 89
95 5
50 95
89 95
89 118
89 95
125 66
50 95
89 5
50 17
5 95
89 95
95 5
89 95
89 95
95 89
50 95
95 89
5 93
89 50
89 95
95 89
50 95
5 95
106 70
95 89
89 95
89 95
89 95
5 95
89 50
5 89
95 74
95 14
50 89
89 95
95 23
89 5
95 89
89 50
89 50
5 95
89 50
5 106
5 50
89 95
5 95
95 14
89 20
95 50
50 95
89 109
89 54
95 5
95 50
5 89
5 77
5 41
89 5
89 50
5 43
5 50
50 5
89 5
50 5
5 95
100 119
89 5
95 89
95 89
95 14
95 89
89 95
17 41
95 89
50 95
95 50
89 30
5 89
89 95
95 89
89 50
89 29
50 95
95 5
50 95
5 95
89 95
89 5
89 95
50 5
89 95
89 95
118 65
54 31
95 92
119 99
95 89
89 95
63 96
95 5
89 50
89 95
95 50
89 95
95 5
89 95
50 95
89 95
95 89
15 83
5 95
5 95
5 95
89 95
50 89
89 5
89 5
95 89
89 95
50 95
89 95
95 89
89 78
95 67
95 89
95 5
50 95
83 105
89 5
95 83
50 95
5 39
95 25
5 89
89 95
95 109
50 95
50 95
50 95
89 95
89 5
89 95
95 14
107 13
5 50
95 89
95 89
89 95
50 95
50 95
5 89
5 47
89 95
95 89
89 50
89 95
95 89
89 95
118 42
50 89
50 95
89 50
50 95
5 95
50 95
50 95
95 89
5 20
95 89
54 84
89 45
95 5
89 50
65 99
89 5
50 89
89 95
5 89
5 50
5 95
95 14
95 89
5 89
89 95
50 5
95 89
89 73
95 14
89 50
89 5
89 50
95 5
5 83
107 13
5 95
95 89
95 50
95 89
95 89
95 89
5 47
5 102
95 13
89 95
50 95
89 95
95 50
95 50
50 95
56 5
5 89
5 95
50 95
13 107
89 95
51 3
81 42
50 95
5 95
5 89
89 95
50 17
89 95
95 23
89 95
5 50
89 50
50 20
50 95
95 5
89 95
50 89
89 20
95 5
89 95
89 95
89 95
95 50
95 50
95 21
95 89
95 18
50 89
50 95
83 23
50 95
50 95
89 95
89 95
5 95
5 125
89 95
89 50
95 23
89 95
50 95
89 95
89 95
5 50
75 89
64 8
95 89
5 50
89 95
5 95
89 95
5 95
95 89
95 5
95 5
95 89
50 89
5 89
50 89
89 50
50 49
5 50
5 95
5 89
50 20
5 95
89 95
111 70
5 118
89 95
89 95
89 5
20 8
5 95
89 95
89 95
89 5
100 119
89 70
50 95
89 5
50 5
50 95
89 95
5 89
65 24
95 50
20 64
95 89
95 50
89 125
95 45
89 5
89 95
50 95
89 95
50 5
50 17
5 50
89 95
89 75
50 95
5 50
95 89
5 47
5 95
89 95
95 89
95 23
5 95
95 50
89 5
50 95
89 5
5 47
89 95
89 95
89 95
119 8
95 89
89 5
5 89
89 50
50 95
95 50
95 89
50 95
89 95
95 5
5 82
89 95
68 15
95 5
89 50
5 89
5 95
89 95
89 95
95 89
89 95
99 38
95 89
95 5
95 89
5 95
95 5
89 50
89 5
95 50
95 89
89 95
50 101
50 95
50 95
95 50
95 89
50 95
50 95
89 50
89 50
50 123
50 95
5 50
50 125
120 116
119 20
95 89
89 95
95 38
89 95
89 95
5 89
5 50
89 95
89 95
50 95
95 89
95 89
5 95
95 89
5 95
89 50
95 23
95 5
95 89
95 89
89 95
50 5
5 95
5 95
50 95
15 34
95 14
95 89
95 58
95 89
95 5
95 50
5 50
5 89
50 95
89 95
95 5
50 95
5 89
95 50
5 89
5 30
63 96
50 95
5 89
94 117
5 50
5 89
95 89
89 42
5 50
89 5
89 50
95 89
89 5
50 5
50 95
5 95
89 95
89 95
89 95
50 2
50 88
50 5
89 95
95 5
5 89
89 20
89 5
95 89
50 95
95 93
89 95
5 86
5 95
89 95
89 95
17 125
89 95
89 23
95 89
89 50
95 89
