128 10000
5 95
95 50
95 50
89 50
89 95
95 100
5 95
89 50
89 50
89 5
64 94
89 95
89 50
107 13
95 79
19 121
5 95
5 95
5 50
95 89
5 47
89 5
95 89
95 83
95 89
5 50
51 63
5 50
50 89
89 95
89 95
5 95
50 5
50 5
5 95
89 95
50 5
50 5
89 95
5 89
50 95
89 95
5 32
50 95
50 95
106 25
89 95
5 95
50 95
89 5
95 50
50 95
5 95
89 8
68 15
5 95
89 95
95 89
89 5
89 95
5 89
89 95
50 46
50 95
5 20
50 17
5 95
95 50
50 5
50 95
89 95
89 95
5 89
89 92
5 46
5 89
5 95
89 115
95 5
5 95
95 39
74 100
5 50
98 17
50 28
50 95
121 20
23 95
89 95
50 52
5 89
50 95
41 78
5 95
50 86
89 95
95 89
95 89
89 95
125 98
95 92
89 95
5 84
113 58
89 95
50 5
89 95
95 89
5 95
50 95
50 95
50 113
50 95
89 62
95 89
5 89
95 89
95 98
95 89
89 5
95 89
89 95
95 1
95 5
89 50
95 89
5 89
89 95
121 109
89 95
5 95
50 95
5 50
89 95
89 95
5 95
89 50
76 89
5 95
89 95
89 95
5 95
50 95
50 95
89 95
95 89
95 5
89 95
68 15
89 30
50 95
89 95
89 95
89 95
89 95
95 89
50 76
95 89
89 95
95 23
89 50
89 95
50 95
95 50
50 95
50 5
5 95
95 89
50 95
89 5
50 89
89 95
5 95
5 89
5 95
50 95
95 89
95 50
50 95
42 123
50 63
89 95
50 100
95 89
50 95
5 95
50 5
95 5
89 95
5 95
5 47
89 95
42 51
5 95
95 89
5 105
50 123
79 83
95 89
5 17
5 89
95 89
95 89
95 50
118 65
95 89
95 23
89 95
95 89
50 95
5 95
89 95
5 73
95 5
65 99
89 5
95 89
89 95
50 95
42 51
95 5
89 95
5 89
95 50
5 38
50 95
89 95
95 50
5 89
95 89
5 95
95 89
89 95
89 95
50 95
5 95
95 89
50 95
95 50
5 89
5 89
15 34
95 50
50 5
95 89
50 95
89 95
95 89
89 95
95 71
89 95
51 42
89 5
5 50
50 95
121 73
50 53
89 95
5 47
50 89
50 95
50 95
95 89
50 95
50 95
95 89
95 89
95 5
50 91
89 95
5 89
95 50
50 95
100 119
89 95
89 5
5 65
50 95
5 50
50 95
89 95
89 95
58 79
50 5
89 5
5 95
50 38
5 50
95 89
89 123
89 95
5 89
89 95
95 14
121 47
50 22
89 50
83 89
50 95
95 89
5 50
89 95
95 50
89 95
95 89
89 50
95 89
89 95
5 50
50 95
89 95
50 95
95 14
13 5
95 50
89 95
95 23
95 5
5 95
5 95
89 95
125 98
50 95
95 89
89 95
89 95
5 89
95 89
50 122
54 92
89 95
95 89
50 83
5 119
47 5
50 89
95 77
95 5
125 59
95 89
5 73
89 95
89 95
41 68
5 95
5 89
89 95
50 5
95 23
89 50
5 89
89 5
5 89
50 122
50 95
95 89
89 50
89 14
89 95
89 95
95 89
5 95
50 89
89 50
50 95
89 95
89 95
89 50
50 95
5 76
89 50
50 95
50 95
95 5
95 89
50 5
89 95
50 5
50 98
65 101
95 23
5 95
95 50
50 95
95 5
89 63
89 50
50 51
89 50
89 5
5 95
95 14
5 89
95 50
95 14
95 30
5 68
95 89
89 5
5 47
41 23
89 5
5 47
89 50
5 95
89 5
50 95
50 95
125 15
95 5
89 95
50 5
89 95
64 26
95 50
121 83
89 95
5 95
50 95
5 95
5 95
95 50
89 95
95 89
50 5
5 95
89 95
95 50
50 23
5 95
5 95
50 5
51 63
89 95
5 95
89 95
50 95
95 14
89 5
5 95
89 50
50 17
95 89
89 95
5 50
95 89
5 89
89 50
89 10
5 95
5 89
89 50
5 89
50 95
89 95
5 50
95 89
95 5
50 1
5 89
5 89
50 95
95 89
5 89
95 5
50 26
95 75
95 89
50 95
5 50
96 73
95 89
5 73
5 95
5 89
95 89
95 5
95 89
50 5
89 70
95 89
95 5
89 107
5 50
89 95
50 89
65 98
89 10
95 5
50 89
95 89
95 50
50 83
95 89
50 89
50 5
95 89
50 5
96 112
50 95
5 95
83 14
95 5
95 5
50 47
89 2
50 95
89 95
5 95
95 5
5 95
99 3
41 68
50 89
5 95
45 89
50 5
5 95
5 95
5 89
89 5
95 14
50 84
95 89
89 95
63 96
95 71
95 50
89 95
50 96
5 95
79 83
5 89
5 51
89 14
50 89
50 95
5 95
95 23
95 5
95 89
51 42
99 102
89 95
89 79
89 95
5 50
95 89
50 95
95 89
5 50
5 95
5 89
96 92
5 95
5 89
95 5
38 5
95 23
68 15
89 95
50 95
89 95
89 95
89 95
95 89
89 95
95 89
5 50
50 89
95 50
95 89
95 50
5 89
89 5
89 95
63 96
34 79
89 95
95 50
89 95
5 89
100 119
50 95
50 89
50 5
5 95
5 50
15 34
89 50
95 89
50 5
95 14
50 95
89 50
5 95
95 48
89 5
95 50
89 5
50 95
95 89
95 89
89 95
95 5
5 89
15 23
64 15
50 95
89 50
5 50
95 5
5 73
32 74
95 5
89 95
50 5
5 73
5 89
89 84
54 42
100 119
5 95
15 34
50 5
5 63
50 95
95 89
89 5
89 95
50 95
64 83
89 5
89 50
94 89
5 50
89 109
5 95
50 95
89 5
5 95
50 95
89 95
50 95
50 89
95 5
50 95
5 73
89 95
95 89
95 50
5 95
50 95
95 89
5 89
95 83
95 50
89 50
50 89
5 45
95 50
89 50
95 89
89 30
95 89
89 95
89 95
95 50
89 92
89 95
50 95
50 95
41 70
95 89
95 89
5 89
50 95
89 95
89 5
5 89
5 50
50 95
41 88
89 95
89 95
95 14
5 89
95 89
15 83
5 47
50 89
89 50
96 12
5 47
5 95
5 50
89 95
5 89
50 95
125 57
5 50
95 89
89 5
89 95
95 5
5 95
50 5
89 95
50 95
89 38
5 95
5 50
50 89
89 95
89 95
89 94
89 95
89 95
95 89
5 50
95 9
95 50
89 50
50 115
89 95
5 50
64 25
89 95
89 95
5 95
89 50
89 95
89 95
89 50
50 70
20 121
95 89
50 95
95 89
95 89
50 95
95 89
50 89
5 89
5 95
23 89
95 75
95 14
50 5
95 5
5 89
89 95
89 95
50 95
50 95
95 71
95 5
50 95
123 119
95 5
54 107
5 95
89 50
17 77
95 89
5 89
89 75
5 89
95 50
51 74
95 5
95 123
5 50
5 99
89 95
89 5
95 50
50 95
89 95
89 95
89 95
5 95
8 65
89 95
50 51
95 89
89 50
89 95
50 89
113 34
5 89
95 89
89 95
50 95
50 29
50 30
95 50
89 5
89 5
95 89
89 50
95 5
89 95
89 95
5 50
5 95
5 95
42 89
95 13
89 50
50 89
95 76
89 95
89 5
5 95
50 95
95 89
5 17
95 5
50 95
89 95
50 72
50 76
89 5
5 47
95 89
89 68
5 50
50 95
20 121
50 95
5 95
95 89
5 95
95 5
95 50
5 89
5 89
50 95
100 119
123 119
5 89
51 50
50 95
95 89
17 79
89 95
96 123
89 5
50 7
89 50
50 89
95 5
51 20
5 50
89 50
89 95
95 50
50 95
50 5
99 23
89 95
17 83
5 95
89 50
89 95
50 95
95 89
95 50
5 47
5 95
5 47
89 95
5 50
95 89
5 73
89 95
89 50
89 95
89 50
89 95
89 50
83 93
50 95
89 50
50 44
95 14
5 89
89 97
5 89
5 77
89 95
5 89
50 95
95 50
95 82
95 5
50 95
5 113
50 5
95 89
95 5
5 47
89 95
50 95
89 95
5 50
95 89
89 95
89 50
89 95
89 95
89 95
89 46
89 95
50 83
20 64
50 95
95 5
95 50
5 95
95 47
95 89
95 5
95 5
95 89
50 6
89 95
89 50
89 95
5 50
5 111
50 99
89 95
95 89
95 89
95 5
95 89
95 89
95 89
89 95
89 5
95 5
95 89
89 95
89 50
50 95
95 50
89 50
50 95
113 95
95 89
63 120
89 95
89 50
95 5
5 50
89 5
95 89
95 23
5 95
5 95
95 89
95 89
95 89
95 89
95 42
95 20
89 95
5 50
89 95
89 95
95 50
50 89
95 68
89 5
50 5
50 95
95 89
70 42
95 5
95 50
50 28
50 31
95 89
89 3
5 89
95 5
50 95
89 95
95 89
95 89
95 5
89 95
95 50
17 98
95 89
5 50
95 5
5 95
64 13
95 50
89 95
95 50
50 64
95 60
50 95
95 5
95 5
50 95
50 95
50 95
89 95
54 124
5 17
89 95
50 95
95 89
89 95
5 95
5 50
95 50
5 95
95 50
5 89
5 95
50 95
63 81
50 95
95 5
89 5
89 50
50 95
50 95
50 5
89 95
5 95
50 54
95 5
50 95
5 95
89 95
5 89
5 95
50 89
95 89
5 95
89 50
89 50
50 23
89 50
50 5
89 95
89 95
5 95
50 89
20 8
42 51
89 50
95 89
95 50
95 5
5 95
5 95
89 95
5 95
5 42
95 93
89 95
50 95
89 95
50 95
89 50
5 89
89 79
5 95
95 5
50 95
96 32
95 5
95 89
50 5
50 65
89 63
5 95
89 5
5 89
20 94
95 89
95 89
5 95
89 50
95 80
64 49
95 3
95 89
89 95
95 89
89 50
89 95
5 50
95 14
95 5
5 50
95 5
5 89
64 8
5 47
89 95
5 95
89 95
95 5
113 58
50 95
95 89
89 95
89 95
51 80
95 50
50 95
5 95
95 89
50 89
95 5
50 95
89 5
95 5
5 95
50 95
95 5
5 81
5 89
41 70
50 89
89 95
5 95
95 89
95 5
89 5
89 5
50 40
50 95
95 89
17 118
89 95
89 50
89 95
95 89
89 47
89 0
89 95
5 95
95 50
89 5
89 95
50 95
95 89
89 5
50 77
95 89
89 95
58 113
89 95
89 95
50 95
89 95
50 5
50 95
5 89
5 95
5 95
5 95
95 83
89 63
50 95
63 120
89 95
89 95
50 95
95 5
50 89
89 95
95 89
89 50
95 122
50 70
89 95
5 73
95 89
89 95
95 35
50 5
5 95
95 50
50 5
89 95
95 23
95 89
89 95
89 95
106 98
89 95
50 21
5 95
50 89
95 89
95 89
89 50
119 123
89 50
95 57
50 95
5 50
50 49
89 50
89 95
50 5
99 59
95 89
89 50
95 89
95 5
50 95
89 5
5 95
5 95
89 95
5 95
95 47
89 95
50 89
95 89
50 89
54 124
95 50
95 89
89 50
89 50
5 95
5 50
95 89
95 5
89 50
50 95
95 50
5 48
95 89
95 89
89 95
89 95
89 5
89 5
89 95
89 50
89 5
5 95
50 95
89 8
5 50
50 95
95 50
89 95
89 95
95 36
95 89
89 95
50 95
5 95
5 88
95 5
5 89
50 1
95 12
5 79
95 14
5 50
50 31
89 50
95 5
50 5
89 95
89 95
106 98
5 95
5 47
50 98
95 89
95 89
50 74
89 123
89 95
50 89
89 5
89 95
95 50
89 5
89 95
50 95
5 89
95 50
95 94
5 89
89 95
89 50
89 95
89 95
95 5
5 84
107 13
95 5
89 50
95 89
89 95
89 63
5 89
50 89
89 5
50 95
95 89
89 50
50 48
89 5
95 110
89 95
95 89
50 95
95 5
95 89
95 23
5 89
89 95
50 75
95 89
89 95
59 45
50 42
50 95
89 95
5 95
107 13
42 51
5 50
5 89
50 113
95 89
89 95
95 50
95 89
89 95
5 89
89 50
50 89
5 64
95 89
95 89
95 5
89 95
89 95
5 73
89 50
89 50
5 50
5 73
50 89
89 95
95 117
95 50
50 89
95 50
5 50
50 28
50 101
50 95
95 89
5 50
95 89
89 50
89 50
95 5
5 50
89 95
5 95
5 1
95 89
5 47
89 50
13 107
50 14
89 48
89 5
17 95
89 50
89 95
89 95
5 47
89 95
95 5
5 50
89 50
5 50
89 107
5 50
51 66
5 89
95 50
89 95
5 95
89 50
5 50
89 95
5 95
50 95
81 42
79 80
47 20
95 89
95 89
95 5
5 89
5 95
50 39
32 74
50 95
50 95
5 89
89 50
95 89
95 89
5 95
95 5
50 95
89 95
95 89
89 95
5 73
95 50
95 89
5 95
68 15
5 25
5 89
95 83
50 124
95 50
5 95
50 89
17 113
89 95
5 50
5 95
5 50
89 5
89 5
89 50
89 50
50 5
95 50
50 95
89 95
50 95
20 94
89 95
50 95
89 5
89 95
89 95
89 95
50 95
42 51
95 89
5 95
89 95
89 95
50 95
89 5
89 95
50 95
89 95
89 95
89 95
95 50
89 50
5 89
5 89
50 61
5 95
95 89
95 5
50 95
5 95
95 50
5 95
5 89
50 95
5 89
95 50
89 95
50 95
89 95
89 95
5 50
89 88
50 95
95 89
5 89
95 89
113 54
95 89
5 95
5 89
89 95
89 95
95 50
95 89
50 5
89 50
95 89
41 0
15 34
50 89
5 50
95 89
41 38
20 8
5 50
89 5
95 5
73 5
50 95
89 50
5 115
89 50
95 50
50 71
95 50
96 100
95 5
89 95
89 50
89 95
50 95
5 95
118 13
5 42
41 122
95 89
95 50
95 89
95 5
50 89
95 89
50 95
89 95
50 5
95 50
5 95
95 89
107 5
5 95
50 95
50 5
5 95
95 89
50 89
89 50
89 5
96 102
5 50
5 95
5 89
95 50
5 89
95 23
99 95
89 50
89 95
95 89
50 5
95 56
95 5
89 95
5 95
5 95
50 5
89 50
95 89
50 95
5 35
89 5
95 5
89 95
89 95
89 5
95 5
89 95
50 5
50 95
89 95
89 95
95 50
50 5
95 23
50 89
89 118
50 95
89 120
5 95
5 50
95 50
89 95
95 89
89 5
73 50
95 5
89 95
89 50
95 89
95 89
89 95
89 5
5 50
50 95
5 89
5 95
89 95
89 50
5 76
95 5
95 23
95 50
95 89
95 50
95 89
5 73
99 72
50 95
15 83
89 95
41 122
50 95
50 70
50 89
95 50
15 34
95 89
89 5
20 8
5 47
50 89
121 0
95 89
89 95
50 95
68 15
5 95
56 5
5 50
5 95
95 79
95 89
89 31
5 50
50 95
95 14
95 89
89 5
95 50
5 95
89 5
89 50
89 50
50 47
50 95
89 5
89 50
5 95
89 95
50 5
89 5
5 47
54 11
50 17
5 73
89 14
95 5
89 95
95 89
89 5
89 95
65 44
89 50
50 17
50 5
125 115
89 109
50 95
50 5
89 95
58 75
50 95
50 95
95 50
89 95
107 120
95 89
5 95
89 5
50 95
95 123
89 95
50 5
89 50
95 50
95 89
89 95
50 95
95 89
95 89
95 23
5 95
5 89
95 5
56 5
89 95
5 89
89 50
50 95
5 47
89 5
50 110
89 50
50 95
50 72
89 95
89 5
5 95
5 89
50 95
5 95
50 95
89 95
89 95
5 50
95 5
95 89
5 50
89 95
89 95
89 95
5 95
95 89
5 89
95 89
5 95
89 50
95 89
50 95
89 95
5 95
95 5
89 95
95 50
50 89
95 5
5 95
119 99
95 89
95 50
50 95
95 89
50 95
50 95
89 5
89 95
95 50
89 95
94 83
95 89
89 95
5 89
50 95
5 95
5 89
5 95
5 89
95 5
95 5
95 89
5 95
89 95
95 89
5 95
50 95
95 89
5 89
95 79
89 50
89 95
5 50
50 1
5 95
65 57
89 95
95 31
95 50
5 89
89 95
125 76
17 25
89 95
89 95
89 5
95 5
50 95
125 95
89 5
5 73
89 95
89 95
95 89
95 89
5 95
89 95
89 117
5 50
68 14
5 73
89 95
5 83
95 89
89 95
95 89
5 50
89 95
5 50
89 95
107 13
89 95
96 121
5 73
95 65
89 5
5 89
89 95
89 95
5 95
95 110
5 95
5 95
42 51
89 95
5 95
41 102
5 95
89 95
89 50
89 95
89 95
89 95
5 95
50 95
95 50
89 95
95 89
5 50
5 89
89 50
89 5
89 95
5 95
89 95
89 95
89 95
89 5
95 89
95 50
5 89
95 23
5 73
50 13
5 50
5 89
89 95
89 95
5 47
95 5
89 18
95 5
20 8
5 95
89 95
89 95
50 89
50 5
95 5
89 95
95 50
89 95
89 10
89 95
50 89
89 95
89 41
89 95
95 5
50 46
15 34
5 89
89 95
95 5
95 101
95 123
121 32
89 126
5 95
89 95
95 5
5 95
95 89
89 5
89 50
5 95
95 89
15 79
95 50
89 5
51 82
5 50
89 95
50 95
121 20
95 5
89 95
63 79
95 50
95 50
50 95
50 95
50 95
95 5
89 95
89 18
89 95
89 50
5 89
95 89
89 95
95 5
5 95
95 50
89 95
51 63
50 118
95 89
89 95
95 5
50 94
95 89
89 95
89 95
96 28
95 89
89 115
50 5
50 89
95 89
50 89
89 95
89 95
5 39
50 89
95 89
50 95
50 89
95 23
95 50
95 89
89 95
95 89
95 89
95 5
89 5
50 95
95 89
89 95
89 95
5 89
95 89
89 95
50 5
125 98
50 5
50 5
95 50
89 95
89 95
50 95
5 95
50 5
5 105
95 51
5 119
95 5
50 19
89 95
95 89
50 89
89 50
89 95
50 95
5 50
95 102
95 50
5 50
94 50
89 95
95 89
89 5
89 95
123 119
89 82
89 50
89 95
95 89
89 5
89 95
94 75
5 89
95 89
50 95
89 95
89 95
95 89
89 50
50 95
89 95
5 89
95 50
95 89
89 95
95 5
89 5
95 70
95 5
99 46
89 5
5 95
5 50
89 58
95 89
5 95
95 89
113 58
89 5
89 95
95 50
95 50
95 50
89 95
89 5
50 121
50 95
95 23
5 95
89 95
5 22
89 95
5 50
5 89
50 95
95 89
95 89
95 89
95 5
89 50
89 95
50 40
89 95
50 89
5 95
95 89
89 95
89 95
50 95
50 95
95 50
95 50
89 95
89 50
50 61
89 95
5 89
95 89
95 89
89 95
89 95
95 5
89 95
5 95
89 95
89 95
50 5
89 95
50 95
89 95
95 89
95 89
89 95
95 14
95 5
89 5
50 89
5 89
89 95
5 47
50 95
89 5
89 95
50 100
89 95
50 86
95 50
5 95
5 47
95 89
119 20
5 47
89 50
50 95
50 95
89 50
50 5
89 78
95 66
107 13
5 50
89 5
5 95
95 50
89 95
89 50
95 89
95 5
89 95
99 38
95 50
89 5
95 56
89 85
89 50
50 95
50 89
5 89
89 95
89 95
95 50
5 89
89 95
95 50
17 47
89 53
5 73
50 95
95 89
89 95
89 95
5 53
50 2
5 95
89 5
95 10
95 89
95 89
95 89
95 23
89 5
5 89
95 50
89 5
5 50
5 95
50 96
95 5
50 5
95 89
50 95
50 95
95 89
50 95
5 89
95 23
95 125
5 8
17 50
5 47
89 95
89 95
89 95
89 50
50 5
95 89
32 74
50 89
95 89
89 122
89 95
89 95
89 50
5 116
95 93
89 95
17 51
5 50
5 116
89 95
5 116
5 89
50 89
89 95
5 95
50 95
20 64
89 95
89 95
5 95
96 7
50 5
5 50
50 95
89 3
95 50
89 5
89 5
89 5
95 50
95 89
95 50
5 89
20 64
89 95
89 95
89 95
5 95
89 95
5 95
95 50
5 95
5 95
70 106
50 89
5 95
89 95
95 89
50 5
89 95
89 50
5 73
50 5
50 89
95 23
89 95
5 95
50 89
95 5
50 95
50 118
89 95
89 95
89 50
95 89
50 5
95 89
5 95
5 89
113 58
89 50
5 73
50 89
89 95
95 89
89 95
68 41
68 14
89 95
95 29
89 50
95 89
95 89
89 95
95 110
95 5
89 30
89 50
63 96
50 5
50 95
89 95
95 89
50 95
50 95
50 95
89 95
95 89
95 50
95 89
50 30
5 50
58 96
95 89
95 89
95 89
5 47
95 89
121 62
89 0
89 95
5 121
95 5
95 5
89 5
5 89
89 50
5 50
89 95
89 5
95 50
95 89
15 79
5 50
95 89
50 71
50 5
50 95
95 5
99 96
89 50
50 5
95 5
50 95
50 81
89 5
95 5
50 63
95 89
95 50
95 50
95 14
95 5
89 83
89 95
32 74
5 89
89 95
5 50
89 95
50 5
50 95
95 89
89 123
89 50
5 89
50 95
119 5
5 95
50 5
50 89
95 50
63 120
95 89
89 95
5 95
89 95
50 79
89 95
89 95
50 89
95 50
89 95
5 95
5 89
41 38
95 5
5 50
89 95
70 106
5 95
89 5
89 95
89 93
95 89
89 95
51 63
95 14
95 89
5 50
5 95
89 107
50 95
89 95
5 51
89 15
89 95
5 95
50 89
113 20
5 95
5 95
50 95
5 50
50 95
89 5
50 84
89 5
95 89
89 50
41 68
89 95
50 56
89 50
50 71
89 95
89 95
95 89
89 95
89 50
68 15
89 50
64 106
95 5
89 50
50 18
50 89
5 95
89 95
95 89
50 5
5 123
95 50
95 50
95 89
89 50
50 89
50 95
5 95
95 89
5 95
89 95
41 68
89 95
89 95
89 95
95 89
89 95
15 79
89 95
5 89
89 95
89 95
89 95
89 95
89 20
50 75
89 5
95 5
50 17
95 89
95 50
5 95
50 95
89 50
95 50
95 50
89 15
89 50
95 89
89 107
89 95
95 89
95 50
5 95
50 49
95 5
95 18
50 95
89 95
121 83
50 95
50 95
89 50
95 89
89 78
89 95
95 50
89 50
50 95
89 95
50 83
50 79
89 50
5 89
95 5
5 89
89 5
89 95
50 31
50 95
50 89
89 99
50 89
95 5
5 95
5 89
17 49
5 50
113 41
95 14
51 34
50 71
5 73
5 50
50 95
5 95
95 89
5 95
50 5
89 95
111 42
50 95
34 14
89 95
95 89
89 50
95 50
95 50
50 5
5 89
95 110
95 89
95 50
95 89
89 50
89 95
95 5
50 95
50 89
89 50
50 95
89 18
89 95
50 95
5 95
89 95
99 5
107 13
89 95
89 95
50 95
5 95
50 95
17 2
5 95
89 95
89 95
50 95
50 5
5 95
121 124
89 95
89 50
89 5
89 74
95 89
89 5
5 95
89 95
89 95
89 95
20 99
5 50
50 89
89 95
95 89
50 74
89 95
89 50
89 95
5 106
5 95
5 50
5 89
89 5
113 58
95 14
5 95
50 95
89 50
89 95
5 47
63 120
89 5
89 95
95 50
50 95
89 95
95 74
41 25
95 50
5 107
50 95
5 50
95 5
89 95
14 95
5 95
95 50
89 92
89 95
95 5
50 89
89 95
41 70
95 14
5 73
95 50
5 95
95 89
50 95
95 20
100 119
95 89
95 14
20 8
95 89
89 95
89 5
50 89
89 95
89 95
5 39
5 50
95 5
89 95
50 5
17 96
65 15
5 95
50 95
89 95
68 15
89 95
95 89
89 95
5 50
95 89
89 95
89 97
50 95
50 89
5 47
89 95
5 38
89 30
89 95
5 95
5 95
5 50
5 95
89 95
5 89
5 89
50 5
89 5
94 79
54 75
89 95
95 89
50 43
121 50
89 50
5 73
95 89
95 89
95 50
89 95
99 102
5 89
89 95
89 95
50 95
95 5
5 95
95 89
95 89
95 89
89 95
5 89
15 79
95 14
95 50
95 5
50 95
89 5
5 95
89 95
89 83
50 5
95 82
63 120
89 50
50 5
50 89
89 95
89 5
5 89
89 5
95 83
95 89
89 95
89 5
89 14
89 95
89 95
95 5
50 95
95 50
5 96
95 5
89 95
94 71
5 95
89 95
95 63
89 95
89 50
95 89
5 73
50 5
89 5
5 89
89 95
5 89
50 5
89 95
95 89
5 95
5 89
89 50
50 89
95 89
95 89
20 64
89 95
118 94
5 50
50 5
89 52
50 95
89 95
89 95
89 95
89 95
5 47
50 98
65 72
89 95
95 50
5 89
50 95
89 57
89 95
54 51
89 95
89 95
50 95
79 96
89 95
54 45
89 5
89 100
89 50
81 42
5 95
50 5
89 95
5 95
50 95
50 5
89 5
5 50
89 94
5 95
89 5
50 5
89 50
50 95
5 95
89 95
5 95
89 5
95 89
89 60
5 73
5 47
89 17
89 117
89 93
5 95
89 95
5 89
50 95
5 50
95 89
89 95
95 50
89 95
95 89
5 95
89 5
5 95
125 81
5 95
50 95
95 113
89 95
50 95
95 50
5 95
89 95
5 95
5 95
50 95
95 5
89 50
5 73
50 95
5 89
99 127
89 95
89 95
5 50
50 5
50 89
89 95
41 68
50 95
5 47
50 95
107 13
5 54
89 5
50 95
89 5
5 89
95 89
89 60
89 95
95 89
5 50
89 100
89 95
89 31
89 50
121 83
5 89
95 50
95 123
89 76
89 50
50 95
5 68
89 50
95 89
89 95
5 89
95 89
89 95
94 26
89 95
5 50
95 89
68 15
50 95
89 95
89 5
89 95
50 95
89 95
5 89
95 89
92 50
121 55
89 50
89 5
89 95
125 28
50 95
50 89
89 95
89 76
89 50
95 23
89 50
5 89
89 95
5 89
96 79
89 95
95 89
95 89
89 95
15 83
50 5
5 95
95 5
5 89
13 107
95 5
50 86
89 95
125 70
100 14
5 89
5 89
5 95
95 89
89 95
95 5
50 95
89 95
5 73
89 5
5 50
89 50
89 5
50 95
95 89
89 50
89 50
50 5
89 95
23 125
64 79
89 5
89 50
89 95
95 89
50 53
79 83
89 95
5 89
95 5
89 95
89 95
89 95
89 95
89 95
89 50
89 95
95 89
89 95
89 95
95 50
95 5
89 95
95 14
89 95
89 95
89 95
5 89
118 42
89 95
5 95
5 89
95 89
5 106
5 107
89 5
50 89
89 95
50 95
89 50
50 95
95 5
95 89
50 89
5 73
50 95
50 114
95 89
89 95
89 95
5 50
89 95
89 95
50 89
99 83
50 95
5 50
89 95
89 50
50 95
89 73
34 65
89 5
89 50
89 95
50 95
89 14
95 50
5 95
5 50
95 50
95 89
95 89
95 5
95 47
50 95
50 95
95 5
64 5
95 50
83 64
95 89
5 89
89 95
5 95
95 5
5 125
89 95
95 23
54 75
89 95
95 89
50 5
89 95
5 50
95 5
64 83
50 95
5 95
5 95
50 89
5 89
89 95
50 95
95 50
50 95
89 50
89 50
95 5
96 3
5 50
95 50
95 5
5 50
5 95
89 50
5 50
95 71
89 95
51 7
89 95
50 95
89 50
89 95
89 5
50 115
51 26
5 89
89 5
95 101
50 89
104 125
89 95
20 8
5 95
95 23
50 95
8 94
89 95
95 5
50 116
5 50
95 89
5 95
95 5
100 14
113 58
95 23
95 5
95 89
89 47
89 82
84 50
95 89
89 95
50 95
50 17
50 95
107 13
50 95
95 5
89 114
50 95
89 95
54 0
89 50
50 89
5 89
5 95
95 23
125 83
95 50
50 89
89 50
5 95
5 95
89 5
89 95
89 95
50 95
5 89
89 121
89 95
5 95
95 50
95 89
89 99
113 5
5 95
5 95
89 5
95 75
95 89
89 95
95 89
5 95
89 95
89 50
89 95
95 89
95 5
95 75
95 5
95 5
95 89
95 89
89 95
89 5
89 95
95 14
89 14
95 89
89 95
89 95
89 95
50 89
50 95
89 50
89 95
95 89
50 95
95 89
95 89
89 95
89 95
95 123
95 89
89 95
50 95
89 95
89 50
5 47
95 5
63 120
89 50
95 5
89 50
50 83
50 79
95 50
50 95
89 50
95 50
5 95
89 95
5 89
89 95
89 95
5 50
50 89
42 111
5 71
58 89
50 89
50 5
5 95
5 50
89 95
5 95
68 15
50 89
89 95
50 5
5 73
5 50
5 29
95 23
42 51
64 111
95 89
95 89
89 50
15 83
89 95
95 79
89 95
95 89
50 95
89 5
14 100
5 17
89 50
50 60
95 99
95 50
95 89
95 5
51 6
89 95
95 80
89 95
89 114
5 95
5 89
95 93
89 95
95 50
89 95
89 50
50 89
5 95
95 50
50 17
96 121
5 50
50 91
95 50
107 13
89 95
5 95
5 95
89 95
96 2
118 13
89 95
89 95
50 95
95 5
50 95
89 95
5 73
5 89
89 5
50 113
95 50
107 13
95 89
50 95
89 50
95 89
50 5
50 95
95 5
5 50
89 95
5 95
89 5
89 95
89 95
5 95
95 89
50 95
5 95
89 95
95 89
89 50
94 58
89 95
5 89
89 95
50 95
89 95
89 84
89 95
64 97
89 50
5 95
50 5
100 119
50 13
89 95
5 95
95 8
95 76
5 95
5 50
89 95
5 89
95 14
95 89
5 50
95 5
5 47
63 96
121 38
95 50
89 50
89 107
89 95
50 95
95 89
5 95
50 114
89 5
89 123
95 89
50 95
15 83
95 5
50 89
89 5
89 54
95 5
125 33
95 50
89 95
89 117
5 89
95 50
89 5
89 111
50 5
50 79
89 50
95 50
89 95
95 5
89 95
118 42
89 5
5 95
95 89
96 40
89 95
50 95
5 95
89 5
89 50
95 89
5 73
89 50
89 50
89 95
95 89
95 50
5 50
68 15
95 50
89 50
89 95
5 95
95 5
95 89
95 5
5 95
95 5
89 95
123 119
89 50
95 14
50 95
89 95
95 89
5 95
5 89
95 122
5 95
95 50
50 95
50 39
5 95
50 5
20 64
89 50
94 121
50 95
50 17
89 95
5 95
5 95
89 95
89 95
89 95
95 5
5 95
89 95
89 95
50 89
5 89
95 67
50 124
89 95
89 5
89 95
89 95
50 77
89 50
5 50
50 95
5 50
89 50
89 95
50 17
41 23
95 50
89 95
95 50
5 95
5 89
95 89
89 5
5 50
5 47
89 95
89 30
5 50
89 95
95 23
89 95
5 50
89 5
89 5
95 89
89 5
95 89
50 95
95 89
119 123
89 95
50 95
95 50
95 89
89 95
89 95
50 95
5 95
89 102
89 95
5 95
95 50
89 95
89 95
50 89
5 92
95 89
50 95
5 73
5 89
89 95
89 23
5 116
95 5
89 5
89 95
89 29
5 95
89 95
5 89
68 14
5 95
95 14
5 74
5 125
50 95
95 89
95 50
5 95
95 89
5 89
5 89
89 95
89 95
89 95
89 50
50 95
50 95
89 95
50 5
95 5
95 42
95 5
50 95
5 117
5 89
89 95
89 111
95 89
5 89
5 95
51 21
89 50
50 5
95 50
50 95
5 89
50 95
50 95
5 95
5 89
95 5
50 95
119 99
95 50
50 95
95 89
89 95
94 74
95 89
95 115
89 95
89 95
95 89
89 50
95 50
89 95
5 118
50 95
95 89
50 95
95 89
50 84
89 95
5 50
5 63
89 95
95 5
89 95
5 14
89 95
89 95
89 50
89 50
42 51
89 50
5 50
95 89
95 5
89 93
50 89
89 5
95 89
89 95
95 125
50 95
89 50
50 95
89 50
95 89
89 50
89 50
94 20
89 95
89 38
95 89
95 50
5 89
95 50
89 95
89 50
89 95
95 50
95 89
121 20
89 95
89 50
89 95
89 99
47 5
50 91
20 64
89 95
5 89
89 78
95 5
95 14
0 95
89 95
50 89
89 95
50 89
89 50
5 91
50 45
95 89
50 5
89 95
89 95
95 50
89 95
89 95
5 95
81 100
5 89
95 89
95 89
81 42
50 5
50 95
5 47
95 5
95 89
95 50
89 95
89 95
50 89
79 54
5 89
89 95
119 20
50 63
50 95
89 95
5 89
95 23
50 95
89 95
89 95
50 21
50 5
89 5
95 50
89 95
89 95
89 50
89 106
89 97
50 95
95 89
5 89
50 95
50 114
95 5
95 89
5 95
95 89
89 57
50 95
13 64
5 95
89 95
89 20
5 51
5 50
5 77
95 5
5 95
89 95
89 95
5 73
96 71
89 95
89 95
50 95
95 14
5 47
50 89
95 50
95 5
5 95
95 5
51 92
5 89
89 95
89 95
89 95
89 5
63 96
95 5
5 89
5 95
95 23
89 95
50 95
5 50
5 89
95 89
95 89
17 5
95 50
20 8
5 89
89 95
95 89
95 89
5 95
95 50
89 5
99 123
95 5
89 95
95 89
50 95
50 95
89 95
95 89
96 21
95 89
89 5
95 89
95 5
89 95
20 8
5 50
95 50
5 89
95 89
50 89
95 89
89 95
51 70
5 18
95 14
89 95
95 89
95 92
95 89
89 95
89 95
95 5
5 95
95 89
95 79
50 89
89 50
89 50
54 79
89 95
95 50
50 47
83 5
95 50
95 5
95 89
50 127
95 89
95 89
89 95
5 122
63 77
89 95
83 106
89 123
89 95
95 5
89 1
89 95
95 89
50 5
89 95
95 5
89 50
95 50
95 89
5 73
89 95
95 50
95 23
50 7
89 5
95 50
50 6
50 5
89 95
95 50
89 95
50 89
50 49
89 95
5 50
5 89
50 95
89 95
89 95
50 95
89 95
5 73
50 95
50 5
95 5
5 50
63 120
50 95
5 63
89 95
50 5
41 119
17 0
5 50
5 95
95 64
95 50
54 21
89 95
95 5
5 95
5 95
89 95
89 95
50 95
5 95
89 95
89 95
5 73
95 50
95 5
5 50
50 5
50 123
89 50
95 89
50 89
5 95
89 95
95 14
89 8
50 95
51 100
5 50
95 89
89 18
95 89
95 89
89 95
89 95
5 95
89 95
95 89
95 89
95 89
95 89
50 95
50 89
47 5
95 89
41 43
95 89
5 95
89 95
89 95
89 50
50 95
95 89
95 89
95 5
89 99
95 89
89 95
95 89
89 5
95 50
89 50
95 5
89 95
95 23
50 89
89 50
5 95
100 119
95 50
95 50
89 95
5 95
50 89
95 89
95 5
89 95
95 50
89 95
5 95
5 95
5 25
54 83
5 63
17 28
50 95
89 95
50 89
89 95
50 95
50 95
95 89
50 5
54 89
89 95
89 95
5 50
5 95
95 50
50 95
95 89
50 5
95 89
89 50
50 95
89 95
95 89
50 89
5 89
5 50
89 95
95 50
50 95
89 116
50 95
95 5
17 80
89 50
95 89
5 95
95 89
5 95
89 95
5 50
95 13
95 89
50 31
5 95
89 95
5 95
95 50
51 21
89 5
42 51
50 5
95 89
89 62
5 89
5 89
95 89
5 95
89 23
50 5
125 4
5 89
89 5
51 83
89 95
95 89
5 50
81 42
42 74
5 60
95 14
89 78
95 89
95 89
50 89
50 23
99 40
5 50
89 95
5 95
50 95
50 119
89 115
50 95
89 95
50 5
89 95
95 50
95 50
50 89
95 5
79 83
50 95
5 73
89 95
89 20
89 95
121 75
89 95
5 89
95 89
95 89
95 89
95 117
95 109
95 71
89 95
95 89
89 95
95 14
95 5
50 5
95 50
89 95
95 89
89 10
95 5
50 95
95 89
95 80
5 94
89 95
50 95
50 79
50 95
50 95
95 89
95 89
5 89
5 95
95 5
95 117
95 89
89 95
89 50
89 95
5 95
95 47
50 89
32 95
89 5
95 89
95 50
98 79
5 89
95 89
89 32
89 95
64 83
95 5
95 50
89 50
5 50
95 89
95 89
5 89
89 95
89 95
89 95
95 89
5 50
89 82
89 95
50 95
89 56
5 95
95 5
95 76
89 95
89 95
89 95
89 95
5 50
50 5
5 89
89 95
15 83
41 68
95 99
50 95
50 95
5 73
50 5
95 5
5 89
95 5
89 50
5 95
5 83
5 95
89 95
89 50
95 89
89 95
95 89
5 95
50 95
50 5
5 47
95 89
89 5
89 5
89 95
89 50
50 82
89 95
96 43
95 50
5 50
5 50
89 95
50 89
50 95
89 95
5 95
89 95
121 14
89 95
5 95
89 50
95 18
5 95
89 95
89 80
100 119
50 95
89 42
95 14
50 95
125 70
89 95
54 50
50 3
95 89
89 95
95 50
95 89
89 95
5 50
50 95
89 95
89 5
89 84
95 5
89 5
5 89
68 15
5 73
50 89
50 89
50 95
89 5
5 89
95 89
95 89
95 18
5 95
15 83
89 95
95 89
89 95
50 95
50 110
89 50
89 50
50 95
50 95
51 74
50 95
5 116
89 50
50 28
50 89
5 95
50 95
89 95
50 109
95 47
95 5
89 95
95 50
89 50
89 50
5 95
5 89
95 89
89 60
50 31
89 95
95 89
5 30
89 95
50 5
95 5
95 50
5 95
113 89
5 81
50 95
95 50
89 95
95 5
89 95
5 50
89 95
50 95
95 14
89 50
5 73
17 61
50 70
17 80
5 95
15 79
89 95
89 95
95 23
113 89
95 89
95 89
89 50
89 95
5 89
5 123
50 95
50 95
5 95
95 50
5 89
5 95
5 47
95 14
50 95
89 95
95 50
89 110
89 5
13 107
95 89
50 95
95 89
95 14
5 95
5 95
95 5
89 95
89 5
50 42
95 89
89 95
89 95
50 95
50 95
95 63
34 65
89 5
95 23
95 89
89 5
95 89
95 89
89 95
95 5
89 28
5 95
95 89
95 89
95 89
89 95
89 95
5 95
50 5
50 95
95 5
89 50
50 95
89 50
50 95
89 50
95 89
95 50
50 95
95 14
89 123
89 8
5 50
83 14
63 79
50 89
34 15
89 5
89 95
95 125
89 95
89 5
89 95
5 89
50 5
89 95
5 95
89 50
89 95
50 99
89 5
89 50
95 89
89 95
95 89
95 5
5 109
5 30
5 89
89 50
51 19
95 89
95 89
5 89
89 5
83 106
14 81
89 50
95 89
89 95
95 5
89 50
89 5
89 95
15 79
51 126
81 42
83 106
89 97
95 5
5 50
95 5
5 95
89 95
5 95
50 89
5 89
95 5
5 20
20 64
89 95
95 50
89 95
5 50
89 95
68 80
5 89
50 95
89 95
89 5
95 5
89 95
95 89
95 5
95 50
89 56
50 89
95 89
95 89
89 95
89 95
89 95
95 5
95 14
89 95
50 95
95 92
89 50
5 50
89 95
95 89
89 5
89 95
95 5
89 95
95 23
5 95
50 5
125 17
89 95
50 89
95 89
95 50
100 119
50 95
89 50
89 5
89 95
5 95
89 5
89 72
95 5
65 98
121 5
89 95
95 89
95 5
89 95
95 23
95 50
95 50
5 51
89 95
50 54
20 64
50 89
5 50
5 50
95 43
89 95
95 89
125 17
89 50
95 89
5 20
89 95
95 50
95 5
95 89
50 5
50 95
50 116
113 58
50 95
50 5
89 3
89 50
95 89
89 95
95 66
89 60
95 89
68 15
95 50
95 89
95 89
96 114
95 5
89 50
5 112
89 50
5 42
5 47
95 50
89 50
5 95
89 95
50 95
50 95
70 59
113 58
89 95
5 95
50 89
95 16
14 81
89 96
5 89
89 95
95 89
89 95
50 5
89 95
50 127
95 89
95 5
95 89
50 10
89 95
5 89
118 65
89 95
5 89
50 95
94 43
95 83
42 70
95 50
89 50
89 50
95 23
50 123
95 89
95 43
5 89
89 50
5 95
95 74
121 50
89 50
5 50
89 85
95 50
5 95
89 50
89 5
50 95
95 89
5 95
95 89
89 95
95 89
89 50
5 95
89 79
50 89
50 89
50 5
89 95
5 95
50 89
89 95
5 1
5 24
81 64
95 50
89 9
89 95
89 95
95 89
50 95
89 95
89 95
63 120
50 95
51 121
89 121
95 79
89 1
89 95
95 5
95 89
95 89
5 73
89 95
95 50
95 89
50 95
89 95
89 95
89 95
118 65
89 95
50 95
95 50
50 89
5 89
50 5
95 50
50 95
50 8
95 89
5 95
95 5
50 89
95 89
89 56
95 89
89 78
5 95
89 50
51 32
50 95
95 89
50 95
89 95
50 95
5 95
5 50
95 96
50 5
50 10
89 95
95 23
89 5
89 95
5 95
89 95
95 5
50 95
95 89
50 95
54 107
89 95
89 95
50 89
95 89
89 95
63 120
63 42
89 95
50 95
95 5
5 89
50 5
89 95
50 95
95 89
89 5
89 95
89 95
5 89
89 95
50 95
50 95
50 5
15 34
95 50
50 5
95 89
89 50
50 95
89 50
5 95
50 95
50 95
89 95
5 50
89 95
89 50
89 95
113 58
125 56
20 64
125 98
89 95
5 95
5 50
89 95
5 113
89 95
95 64
95 50
5 50
89 95
95 89
89 47
95 89
50 95
5 73
95 50
5 73
95 5
89 5
95 89
5 116
5 95
5 95
89 95
5 95
89 95
96 109
15 79
89 50
50 95
5 95
89 95
89 56
50 42
89 95
41 16
89 95
89 38
5 16
5 50
95 89
95 89
50 95
89 95
95 5
125 79
5 89
5 95
95 71
5 89
89 50
50 95
89 84
89 95
51 36
5 50
50 95
95 5
95 14
5 50
95 50
5 73
89 95
95 5
89 95
89 95
89 66
89 95
89 10
95 5
95 89
50 74
65 35
125 76
95 5
95 89
81 5
5 107
5 89
95 89
81 42
95 89
95 26
50 89
95 50
89 95
5 89
89 50
89 5
64 96
89 50
89 95
5 95
50 5
5 95
50 95
89 5
95 50
50 89
95 50
50 95
5 89
89 5
89 95
89 5
95 89
95 5
95 89
95 50
50 89
17 44
95 89
95 89
89 71
95 50
89 95
51 68
89 95
89 50
95 89
95 5
95 89
50 89
95 14
5 89
89 95
89 95
89 95
89 35
50 95
89 95
50 89
95 89
89 95
95 5
95 101
50 5
89 50
50 5
118 13
95 23
50 95
89 5
95 17
89 50
95 18
89 95
5 89
89 95
5 50
50 17
95 89
50 1
50 91
89 5
5 95
95 14
95 5
95 50
95 50
89 95
89 95
89 95
89 48
89 95
14 81
89 95
95 89
95 50
95 89
89 95
5 53
89 95
89 5
95 89
50 95
89 95
95 89
95 50
89 50
95 50
89 95
89 95
95 89
89 50
95 89
89 95
89 95
50 95
54 52
5 50
50 95
50 95
89 95
95 5
50 5
95 50
50 5
95 83
95 5
95 89
89 50
71 95
5 50
5 95
95 50
95 71
95 50
95 89
89 95
89 50
95 5
89 95
95 89
99 100
95 89
5 95
5 95
50 89
95 89
89 95
5 89
89 32
65 4
89 95
50 95
5 95
89 95
5 50
89 95
50 95
89 95
50 89
89 95
89 50
89 5
89 95
50 5
50 95
89 50
50 5
95 5
5 89
95 50
95 5
63 96
5 95
50 95
5 95
89 95
89 95
89 5
50 95
89 50
95 89
5 21
5 89
89 95
64 83
89 14
50 95
50 95
95 5
50 95
95 5
89 95
64 119
89 95
50 89
42 51
95 50
50 12
95 89
50 95
95 89
95 89
89 5
95 50
95 89
50 68
5 95
5 50
50 95
50 107
5 50
5 50
50 95
95 89
89 95
95 5
95 50
95 5
5 56
50 95
5 89
89 95
5 95
89 5
89 95
95 89
89 50
95 78
50 95
5 95
95 89
50 95
50 95
126 17
95 50
50 95
95 89
95 89
89 95
63 96
47 5
89 95
89 95
5 89
95 10
89 5
5 95
50 5
5 73
89 5
20 8
89 95
95 89
50 89
50 95
5 95
89 95
89 95
89 59
89 95
95 89
5 50
5 89
89 95
5 56
89 95
89 50
50 89
89 95
50 95
89 95
89 95
89 5
5 89
50 95
5 95
95 89
89 50
50 95
95 89
95 89
5 95
89 76
95 89
5 47
50 89
50 17
5 95
95 50
5 95
5 48
95 50
5 89
5 95
50 95
5 89
89 5
89 5
64 57
125 106
95 125
5 79
50 95
51 60
51 12
95 89
95 5
89 95
94 96
89 95
95 50
89 5
89 95
5 95
89 95
5 89
89 50
95 89
89 68
89 5
89 50
95 89
64 97
50 95
89 5
89 95
89 95
89 95
95 50
89 78
118 65
89 50
50 95
95 89
89 5
50 5
50 17
5 89
5 95
89 50
95 89
95 5
89 95
5 50
15 34
89 95
5 95
95 50
64 83
89 95
89 95
89 95
89 95
5 47
5 84
89 50
89 95
89 95
50 89
5 89
89 50
89 50
50 95
89 95
89 95
89 95
50 5
89 95
95 89
89 95
74 100
5 95
89 95
5 95
120 42
89 95
95 5
95 75
50 95
5 89
95 41
95 89
95 50
89 95
89 95
89 95
95 5
95 5
89 50
5 95
95 89
95 5
95 5
95 3
50 5
50 5
5 50
50 95
95 89
89 50
50 95
106 70
89 95
50 84
89 95
89 30
5 50
95 10
5 95
89 95
99 102
89 95
95 89
95 89
89 95
95 84
5 50
95 89
89 95
5 89
95 5
5 95
89 95
89 50
50 95
95 50
50 95
50 95
89 95
50 5
50 22
81 42
95 45
50 89
118 65
95 5
95 23
89 95
95 10
5 73
50 95
5 95
89 50
50 89
5 95
95 50
89 95
99 26
50 89
50 89
95 42
89 95
95 89
54 1
50 89
89 5
89 5
15 34
64 8
89 95
5 50
51 125
5 98
89 50
95 5
5 47
89 50
95 50
5 50
89 50
89 5
5 13
5 95
89 95
89 95
89 50
89 101
89 50
95 89
95 50
50 5
95 5
50 95
5 95
95 23
89 5
5 47
50 89
89 95
95 118
89 95
5 95
95 89
5 95
95 50
50 95
5 73
5 89
5 14
50 95
95 50
50 95
125 47
89 48
89 95
50 95
50 89
89 95
89 95
50 95
5 73
5 95
95 83
89 95
95 89
95 89
95 5
89 50
113 58
5 95
95 89
95 5
50 95
50 39
50 5
50 95
89 95
50 95
5 95
95 23
5 73
5 95
95 50
95 50
107 13
5 73
89 73
5 89
89 95
50 83
95 89
95 89
89 50
5 89
83 5
95 89
65 94
89 95
5 95
89 95
95 89
5 122
50 118
5 95
89 30
95 89
5 115
89 95
50 121
50 95
5 73
95 89
89 95
89 63
5 95
95 89
95 50
89 95
5 89
50 89
50 95
89 95
89 73
5 89
95 50
96 122
89 95
50 6
95 50
50 89
88 121
89 5
95 50
89 50
89 5
89 95
95 50
50 46
5 95
89 95
5 95
5 50
95 89
89 95
95 89
75 113
89 50
89 95
95 50
5 50
50 95
89 50
95 89
41 110
89 95
99 79
89 95
89 95
89 95
95 14
95 102
89 50
89 5
89 95
5 127
50 95
95 50
50 95
95 50
89 118
89 39
95 50
95 89
89 95
50 84
89 95
50 95
95 82
64 83
89 5
95 50
5 89
89 0
32 74
50 89
5 95
5 50
89 50
95 89
95 89
50 95
5 95
50 95
50 5
89 5
20 64
5 95
89 30
95 89
5 14
89 95
89 50
5 89
125 80
89 95
95 89
50 89
89 5
89 97
5 89
89 120
95 89
50 89
5 50
95 50
95 59
5 95
89 95
95 89
50 95
5 50
95 14
95 89
95 89
89 95
5 89
89 95
89 95
50 30
95 14
50 95
50 89
50 73
50 89
95 83
5 80
118 65
95 89
89 95
89 50
89 95
95 89
5 95
89 95
95 14
5 50
95 89
5 95
5 89
50 5
89 95
89 95
58 113
95 50
50 95
5 47
89 50
5 89
5 95
50 89
5 89
5 58
89 95
89 95
5 89
5 89
50 95
50 95
89 95
5 89
5 95
89 50
89 5
50 89
89 93
95 50
89 95
89 95
95 89
89 95
95 89
95 50
95 5
50 89
89 95
89 95
95 89
95 89
50 89
95 5
95 89
95 80
89 95
5 89
5 111
95 50
95 50
5 89
89 5
89 50
5 95
121 55
64 48
5 50
89 95
95 89
123 119
5 89
95 89
17 80
50 5
50 95
5 95
95 89
50 95
5 95
5 95
89 95
95 50
95 50
5 52
50 95
89 95
5 89
89 95
89 82
5 81
89 5
5 77
89 13
95 89
89 5
89 95
64 58
50 95
95 89
5 11
95 50
89 50
89 5
95 5
89 95
95 89
50 95
89 10
89 95
95 89
89 95
50 74
95 89
50 75
95 89
5 50
95 5
50 95
95 50
89 95
89 95
95 50
95 50
89 79
89 95
89 5
95 89
50 71
5 89
50 95
50 95
89 51
50 5
50 89
95 89
95 50
89 95
64 47
89 95
89 95
89 95
89 95
50 95
15 83
15 83
89 95
89 95
50 95
50 95
5 95
89 5
95 5
121 77
95 89
89 95
89 95
50 95
89 95
89 95
95 89
89 82
50 89
5 50
89 95
41 68
50 95
95 50
95 89
50 89
50 95
89 5
50 95
50 19
95 5
95 89
95 50
95 50
95 5
50 45
50 95
95 5
5 95
5 73
50 5
5 89
95 5
95 50
89 50
89 95
50 5
5 95
5 8
89 95
50 95
41 15
5 47
125 70
89 95
5 89
89 95
89 50
89 50
89 5
89 95
5 95
41 68
89 5
95 5
95 50
95 23
45 50
5 50
89 95
5 95
56 5
5 95
95 14
54 32
95 50
95 5
17 119
95 89
96 10
5 125
89 50
95 50
95 14
5 63
95 89
5 50
14 89
5 89
95 5
5 95
89 95
20 8
89 95
89 95
95 5
5 95
41 110
95 89
89 50
50 95
5 50
5 95
89 95
89 50
89 48
5 89
89 95
95 89
50 95
50 95
50 95
89 95
50 89
50 95
5 89
42 111
89 95
95 89
89 5
5 89
50 95
50 95
89 95
5 95
5 95
5 50
95 89
5 95
89 95
5 47
50 5
50 95
50 5
95 50
5 118
89 5
89 50
5 95
89 20
118 42
50 89
50 89
89 95
5 50
89 95
5 89
89 97
89 50
5 89
95 63
100 119
51 100
51 63
50 98
50 79
50 95
50 95
89 50
50 95
5 89
41 55
121 0
118 13
89 95
5 21
89 95
95 89
95 5
5 73
89 5
95 50
95 50
95 89
95 14
63 120
95 89
89 95
50 95
5 73
89 95
95 14
95 50
95 89
50 89
50 5
89 5
5 89
50 95
95 50
89 95
89 95
5 102
5 95
50 76
95 89
5 95
5 89
50 89
95 14
5 89
50 95
79 54
5 89
89 95
50 57
89 95
89 95
89 95
89 95
50 98
95 89
95 50
89 50
89 95
95 89
89 5
95 14
89 95
65 34
113 58
89 50
5 47
5 95
5 95
50 5
98 50
5 23
5 23
5 47
95 89
89 50
95 23
63 120
89 95
95 5
5 42
95 89
95 89
5 50
89 95
95 23
89 95
50 95
5 95
50 95
95 14
89 95
95 89
95 5
121 73
5 73
95 5
50 43
51 53
95 79
89 0
5 89
89 31
96 89
89 116
50 95
5 89
95 50
116 54
89 95
5 8
95 89
50 89
50 26
50 5
89 95
50 52
121 48
89 95
50 95
89 95
50 95
89 82
89 95
95 89
5 89
89 5
89 95
89 95
5 50
89 50
95 5
95 23
95 92
89 95
89 3
95 89
89 95
89 95
89 95
89 95
89 95
5 60
89 5
50 89
5 95
50 95
89 5
95 89
95 50
89 95
5 89
42 79
5 95
95 50
5 47
95 5
5 95
89 5
5 95
95 89
5 50
95 23
89 50
5 95
5 95
89 95
50 95
79 95
20 64
20 64
89 96
50 109
89 95
95 14
50 5
123 119
95 89
89 95
5 95
5 95
95 89
50 89
89 95
5 95
89 5
5 95
50 5
68 15
31 50
89 50
50 89
89 95
89 95
89 50
50 95
89 95
95 89
5 50
5 95
89 95
5 95
5 89
50 95
68 15
50 95
89 50
5 50
50 95
89 5
50 95
95 50
95 89
5 95
89 71
89 95
89 5
89 95
50 89
5 89
95 89
5 50
89 95
5 89
89 95
89 5
50 5
125 98
50 95
95 89
95 5
5 50
50 95
95 50
95 50
89 95
41 22
89 50
95 50
95 89
15 34
50 95
89 95
89 95
95 5
95 89
95 71
89 50
89 95
89 95
95 5
5 95
95 18
89 50
95 30
50 95
50 95
41 114
50 95
89 50
50 5
89 50
89 95
95 89
5 89
89 5
47 5
95 89
5 95
50 95
42 51
95 50
95 89
89 50
89 50
5 95
89 95
95 5
50 95
50 95
95 50
89 95
83 100
96 86
50 110
50 95
5 89
89 95
50 101
50 95
95 5
95 5
113 58
89 50
95 89
5 95
89 5
5 95
95 5
89 5
89 30
95 50
89 102
89 50
95 14
20 8
5 89
89 95
5 89
64 83
41 23
89 95
89 95
95 89
5 50
95 50
89 95
89 50
41 68
5 50
89 95
50 95
98 5
89 95
50 95
89 5
5 95
5 95
95 50
81 42
95 1
95 89
95 50
5 95
95 89
95 83
96 44
95 93
95 89
89 95
5 73
5 89
89 95
5 95
95 71
5 95
89 50
50 95
5 50
89 5
95 117
5 89
5 89
50 17
5 95
95 50
50 20
95 5
89 95
58 77
95 89
50 95
50 95
50 89
89 50
89 95
95 5
89 95
89 95
54 5
89 95
89 50
50 95
50 95
89 95
89 95
50 95
89 20
50 89
89 95
5 95
95 5
50 95
95 50
50 17
50 89
95 89
89 95
89 5
89 95
89 95
50 95
89 95
5 95
5 95
95 89
96 28
5 95
94 23
50 95
89 95
95 5
95 50
89 5
89 95
5 95
5 50
50 95
5 50
125 58
95 83
99 28
50 95
5 50
5 95
50 46
95 5
89 5
50 5
95 89
50 95
5 57
5 70
95 10
50 5
50 95
95 50
5 50
5 95
89 95
89 50
89 95
89 75
50 95
89 50
14 81
50 5
89 95
89 5
95 50
95 50
95 5
50 102
89 5
5 89
89 95
5 76
89 95
95 18
89 95
50 52
5 47
89 47
5 95
89 95
50 116
95 5
89 109
5 50
95 89
5 95
42 51
89 95
50 95
89 95
5 95
89 95
89 5
89 50
89 5
5 89
89 95
5 50
119 8
5 89
50 89
5 95
89 95
50 53
89 95
89 50
95 89
5 89
50 95
89 50
89 5
95 5
50 95
89 95
50 89
89 95
5 89
89 50
5 95
50 77
50 95
5 50
89 95
95 89
5 95
95 89
50 95
50 5
89 95
5 95
89 95
89 95
95 50
113 58
89 95
124 89
95 89
89 95
89 95
89 95
50 95
89 102
95 89
89 95
95 89
50 74
89 50
95 89
50 95
50 95
5 89
5 59
50 59
89 95
5 89
89 95
5 89
50 95
42 51
95 50
5 89
89 50
95 89
95 5
89 95
89 5
20 8
95 89
89 95
95 63
95 79
95 5
50 5
89 95
95 89
95 5
50 95
89 5
89 95
5 125
50 14
5 50
89 95
89 95
95 5
50 95
95 5
5 89
95 89
89 95
89 95
50 95
95 50
50 95
5 50
89 50
95 89
89 95
5 89
95 50
95 23
51 31
95 5
5 89
96 10
95 89
50 95
50 117
5 89
95 89
5 25
89 5
89 50
95 89
89 95
5 89
50 95
95 50
14 81
50 5
89 50
89 95
95 5
68 41
5 95
5 89
5 95
89 95
89 95
89 50
5 125
89 95
95 89
5 95
5 50
95 89
89 95
89 95
95 50
5 50
95 50
5 95
50 30
89 50
5 95
50 95
50 95
15 34
95 5
50 89
95 5
95 50
5 95
89 95
95 89
95 5
89 73
89 5
95 50
17 9
89 50
95 89
89 95
89 50
89 5
5 80
89 50
5 50
95 89
89 71
89 50
95 89
5 95
89 75
95 50
50 5
96 125
5 89
54 72
50 95
95 89
50 89
50 95
50 95
95 50
50 89
50 95
89 95
89 95
5 18
95 50
89 95
89 50
89 30
5 95
89 5
89 95
5 73
50 95
5 89
5 95
50 95
50 5
89 59
95 89
95 5
50 57
95 50
95 89
96 118
95 89
5 95
5 95
50 89
5 47
95 89
89 95
95 5
95 77
89 5
50 38
95 89
95 89
32 74
89 95
89 50
50 89
50 110
50 95
50 89
49 5
41 9
5 89
89 95
50 5
89 95
5 89
89 50
107 13
5 47
89 95
89 95
50 95
50 95
89 95
5 89
50 89
50 41
20 64
89 50
89 95
95 89
89 5
95 5
89 95
50 95
89 50
5 50
95 89
89 44
50 89
5 83
89 95
95 89
95 89
95 89
89 50
95 89
95 5
50 95
95 50
63 42
89 95
5 73
95 14
89 50
95 50
89 50
89 95
50 95
95 50
89 50
89 95
95 5
125 126
50 89
45 95
50 95
50 95
89 50
89 95
95 89
64 56
50 95
95 23
89 95
89 95
89 50
50 95
95 89
5 89
95 89
89 95
58 77
50 95
94 84
99 63
95 50
89 50
95 89
50 21
5 89
15 34
95 89
95 89
89 95
89 95
5 95
89 59
89 5
95 5
5 95
5 95
89 95
5 50
5 95
89 95
5 95
50 95
89 95
89 95
89 95
89 95
5 89
95 25
89 50
89 95
50 117
50 5
89 95
89 95
95 50
95 84
95 50
5 111
5 95
50 123
89 50
5 95
50 66
95 89
5 50
95 89
95 50
95 89
64 83
5 118
50 5
50 95
95 50
50 89
50 95
89 95
5 47
89 50
95 89
5 89
5 50
5 3
89 95
113 58
95 89
95 23
95 89
95 89
89 95
89 95
95 66
89 95
5 95
41 63
89 95
50 60
5 95
5 50
83 106
89 95
20 123
5 95
5 50
95 5
5 89
50 89
20 64
89 95
5 50
50 95
64 122
5 95
5 119
95 89
95 5
89 95
50 19
89 95
95 5
95 89
95 89
89 40
5 50
95 89
5 50
125 70
50 95
50 95
5 50
95 50
95 5
89 95
95 50
50 89
50 89
50 95
58 113
83 15
5 95
70 42
89 95
89 95
95 89
89 95
89 50
89 50
89 50
95 89
50 122
89 95
95 50
51 98
5 95
95 50
89 5
5 89
89 5
95 89
119 89
89 95
89 95
5 89
95 89
5 95
95 89
5 47
42 51
50 95
89 5
95 50
41 8
89 95
95 89
95 50
25 106
89 50
89 95
5 50
50 95
95 89
95 5
32 74
50 95
89 50
89 95
89 95
89 95
89 95
89 95
5 89
5 89
89 95
89 50
89 14
89 95
95 29
89 95
89 95
95 23
89 95
95 89
89 95
89 95
5 95
50 95
89 50
89 95
50 89
89 50
95 89
89 95
89 50
95 89
89 95
89 50
5 109
89 95
95 50
5 50
89 95
95 99
89 95
5 95
89 97
89 92
5 95
89 50
5 95
89 95
95 23
5 68
50 89
95 5
95 5
89 8
95 89
89 50
95 89
95 89
50 95
5 45
95 14
95 23
95 89
95 10
95 89
95 14
95 89
50 89
89 95
50 89
95 89
89 5
41 68
5 89
89 95
50 95
95 56
89 95
47 20
50 95
89 112
89 95
89 95
95 20
50 95
89 5
95 89
89 5
5 47
50 95
89 95
89 50
50 95
95 89
95 50
50 95
95 50
50 95
50 95
89 95
89 95
5 95
89 95
95 89
89 95
95 5
89 50
89 5
5 50
121 44
89 95
5 73
5 89
5 95
89 50
89 95
95 18
5 89
89 50
95 50
89 95
5 89
95 50
5 94
95 50
5 95
89 95
95 89
89 95
89 95
50 39
89 5
95 5
89 95
5 99
89 109
50 95
119 79
95 5
50 95
99 5
89 95
5 89
89 50
95 50
95 89
50 95
5 95
5 50
89 95
50 95
5 47
50 95
5 50
50 5
5 89
89 95
125 42
89 95
95 71
95 125
89 50
50 5
95 89
50 95
50 116
15 79
89 50
95 5
5 89
5 95
89 95
95 14
89 95
5 47
107 13
89 95
5 94
89 95
50 95
50 5
89 95
89 95
89 5
89 95
89 95
51 116
50 95
50 95
50 95
89 5
89 5
89 50
89 50
50 89
5 50
95 89
50 95
95 89
89 5
95 89
95 5
89 5
89 95
89 95
95 23
95 5
89 95
89 5
89 1
50 95
5 89
5 89
50 95
95 83
5 63
64 41
5 95
89 95
95 5
5 95
89 95
5 95
5 89
89 50
50 89
50 89
89 50
95 89
5 95
89 95
5 95
95 50
95 117
95 89
95 59
95 14
95 89
5 89
50 95
95 5
89 95
50 89
50 5
95 50
52 41
89 50
89 5
95 89
50 95
5 50
95 5
89 95
5 59
89 5
95 89
95 14
17 125
95 89
89 50
42 5
5 73
95 5
14 95
5 86
95 89
89 10
95 89
99 31
42 113
89 95
95 117
95 5
89 95
5 89
50 5
54 3
51 111
95 50
95 89
95 5
5 95
95 50
95 83
17 51
89 95
121 60
5 89
89 95
113 58
63 120
95 5
95 50
89 5
95 5
95 89
50 95
89 54
95 5
89 95
95 23
42 81
89 95
54 83
89 95
89 95
50 95
50 95
89 95
89 95
50 5
5 30
50 19
95 23
95 5
89 50
5 50
5 50
95 50
5 95
5 50
89 95
89 95
50 89
95 89
89 95
89 5
50 89
95 89
89 95
50 95
95 50
95 89
50 24
5 73
89 95
20 8
50 62
95 71
5 95
50 95
5 89
95 89
89 95
50 89
5 50
5 95
42 81
5 95
89 5
50 77
5 89
89 95
89 95
89 50
5 47
50 89
95 89
50 47
89 73
20 8
50 89
63 120
89 95
51 77
89 95
5 95
5 89
89 95
89 95
89 50
50 95
89 5
89 95
89 95
95 89
89 50
89 95
5 54
89 95
95 89
89 95
50 95
89 95
89 95
5 57
79 83
95 89
95 5
95 5
5 50
5 89
42 51
50 95
95 5
89 95
5 29
5 118
89 50
89 95
95 89
95 50
89 95
95 35
5 89
15 79
89 95
89 95
89 95
50 95
50 5
89 95
41 70
5 95
95 50
95 13
5 95
89 50
89 95
5 95
95 122
95 50
96 6
95 14
89 95
95 5
95 5
95 5
95 50
95 5
95 23
95 50
95 89
89 99
5 50
50 5
89 71
5 89
89 95
95 5
5 95
95 89
95 89
50 95
89 95
95 45
89 46
5 47
50 95
5 61
89 95
64 91
89 95
95 89
50 95
89 95
5 50
50 89
89 95
95 89
95 89
89 50
89 5
95 89
63 120
95 18
50 95
95 89
5 127
50 95
5 95
95 89
5 89
89 50
50 95
95 5
50 95
95 89
95 89
95 0
89 95
5 89
95 5
42 94
50 95
95 50
89 95
89 95
89 50
95 5
95 89
5 95
50 95
95 5
95 89
89 50
89 50
95 50
50 95
89 95
95 5
5 89
50 95
50 95
50 5
50 95
89 50
95 5
50 89
125 80
5 89
50 95
89 79
89 95
89 95
79 54
50 89
89 95
50 95
95 50
64 113
50 95
79 54
5 95
89 95
89 99
50 89
95 89
50 89
5 50
78 89
89 95
89 95
50 95
50 95
89 95
89 5
50 84
95 89
89 95
95 5
5 50
5 89
50 95
50 123
15 79
95 50
50 95
89 95
89 95
50 89
95 23
65 75
50 95
95 89
50 89
5 95
58 94
89 10
89 50
5 50
95 14
50 89
50 2
95 5
89 50
95 5
50 95
95 89
5 94
5 89
89 95
96 5
95 50
89 95
95 89
5 73
95 89
95 89
95 14
95 23
95 89
5 47
5 95
95 89
95 23
5 89
95 89
89 95
89 95
50 95
50 95
89 107
50 95
95 50
50 30
89 95
50 89
89 95
89 95
95 89
95 89
50 95
5 95
5 89
20 8
95 5
50 44
89 95
89 95
50 5
89 50
95 50
95 5
89 95
89 50
5 95
89 95
5 89
95 64
89 50
20 64
89 50
95 50
89 95
89 95
95 89
50 89
50 89
89 50
89 50
89 95
50 95
89 5
5 50
89 5
50 28
89 5
5 95
42 51
89 95
89 95
95 5
5 73
112 95
121 76
95 89
89 50
89 32
89 95
89 50
50 95
5 84
5 73
95 50
95 89
99 96
95 5
89 50
95 50
5 95
15 34
95 89
89 95
89 95
125 98
89 95
5 65
89 5
50 56
95 50
50 5
5 50
50 55
5 20
54 93
5 95
5 94
95 25
95 5
5 95
95 5
89 50
95 54
95 89
50 89
30 89
89 50
95 50
89 95
95 5
95 50
89 47
50 5
5 50
95 23
5 89
95 89
89 95
89 95
50 53
14 95
50 95
89 5
89 95
50 89
89 95
89 95
95 5
50 5
5 89
5 89
89 95
89 50
5 77
89 95
95 5
89 26
89 52
5 73
50 95
95 5
89 95
50 5
89 5
5 95
5 50
89 95
89 95
89 95
89 50
50 89
95 50
5 89
89 50
95 5
89 0
89 95
95 5
65 91
95 50
95 89
95 50
81 42
89 95
95 83
23 5
94 62
89 50
5 50
89 106
89 82
89 95
95 89
89 95
5 95
50 92
89 95
5 47
83 106
5 50
95 50
95 14
95 71
95 89
50 95
95 50
118 42
75 89
5 89
89 95
5 95
95 50
95 50
89 95
95 89
89 95
89 95
89 5
95 23
89 95
5 95
95 5
89 95
5 73
50 48
5 95
89 50
89 95
95 20
5 89
95 5
89 95
89 23
95 89
50 38
89 50
20 8
89 95
50 95
89 95
5 50
89 50
50 95
89 95
5 17
5 47
89 95
50 89
89 50
95 89
89 95
5 95
5 89
89 119
50 95
5 121
5 81
89 5
5 95
95 89
17 80
89 84
89 19
5 89
89 95
5 50
89 50
50 38
5 50
50 95
89 95
89 50
95 50
5 95
89 95
50 116
5 95
83 106
89 95
68 41
89 95
95 77
5 95
50 95
20 64
89 95
89 95
95 89
89 95
89 95
5 50
50 95
89 95
50 95
89 117
89 95
50 95
50 95
89 95
50 5
41 2
5 95
89 95
5 95
89 50
50 95
89 5
95 5
89 95
89 95
95 23
5 50
89 95
95 89
89 50
5 89
89 50
89 95
89 95
5 95
63 79
5 95
50 95
50 5
95 50
95 50
50 89
95 50
89 95
50 95
89 50
95 50
89 95
89 95
111 70
5 95
95 14
89 50
125 20
50 95
89 95
95 5
89 95
89 10
5 89
89 95
50 95
89 95
50 95
5 95
89 95
50 95
95 89
89 95
95 89
89 95
89 95
50 5
5 95
89 95
50 84
50 89
89 5
95 89
89 95
95 5
47 20
50 95
5 89
89 95
50 89
89 95
5 50
95 50
89 95
89 95
5 95
50 95
5 50
50 95
95 89
5 95
95 89
5 95
95 89
63 94
95 50
95 117
50 95
5 95
5 95
95 14
95 89
89 50
89 50
89 95
95 50
94 70
54 111
95 50
50 95
89 5
89 95
95 89
5 50
95 89
65 2
89 50
50 95
97 5
50 19
95 5
17 0
107 13
89 95
95 5
95 5
95 5
95 50
94 109
89 95
5 95
89 95
95 50
5 95
95 89
95 89
89 95
89 50
89 95
89 50
14 81
50 110
34 83
95 122
50 79
81 42
5 123
5 89
5 50
89 95
89 95
5 95
50 95
50 5
95 89
50 78
89 50
95 5
50 5
89 5
89 95
89 95
50 95
89 95
50 89
42 94
89 50
95 89
5 95
95 89
89 50
50 89
89 95
5 50
89 95
41 98
64 83
5 95
89 95
5 50
95 50
89 95
89 95
50 95
95 5
95 89
51 57
95 86
95 89
94 78
95 14
89 95
95 42
50 95
95 5
89 95
95 82
50 95
89 95
95 5
89 95
5 89
89 50
15 83
50 5
50 95
89 95
89 95
89 50
95 23
5 25
89 80
50 17
89 106
89 95
50 95
5 83
89 95
95 5
89 50
95 89
89 50
5 42
32 74
89 95
89 114
95 45
95 89
95 23
5 89
50 95
50 94
89 45
50 5
5 38
15 83
95 5
50 95
58 113
5 50
50 95
95 5
95 89
95 89
50 3
5 89
89 95
95 14
95 89
50 95
89 5
95 50
89 5
5 50
34 65
5 50
5 89
89 14
89 95
95 50
95 89
5 89
5 95
5 89
50 95
5 95
89 95
89 50
50 123
89 5
95 89
50 95
81 42
5 95
95 50
89 50
89 2
5 89
95 5
89 50
95 80
50 95
50 95
89 95
95 66
95 89
15 79
89 50
89 95
89 50
15 23
5 73
89 5
5 89
89 95
5 50
89 95
89 66
89 95
5 89
5 89
50 89
95 50
89 5
89 95
48 95
89 50
89 95
5 50
89 52
50 99
5 95
95 5
95 89
5 50
5 95
89 95
5 95
95 89
89 95
95 93
95 50
89 95
5 95
50 110
5 50
89 95
5 10
89 50
5 89
89 95
50 95
5 73
50 16
5 50
89 101
89 50
95 5
50 6
5 36
89 95
89 5
95 89
95 89
89 95
89 5
95 18
50 89
5 47
89 5
95 50
5 95
5 95
50 5
89 50
89 97
5 73
95 89
95 57
125 95
89 50
89 95
89 50
51 78
89 95
95 5
50 17
89 95
5 15
95 89
99 67
89 5
15 34
95 89
50 95
50 95
89 95
89 95
5 50
89 95
89 95
89 5
89 95
95 50
5 91
64 14
95 89
95 5
5 50
50 5
5 50
5 73
89 95
89 95
89 5
50 63
89 95
95 50
5 73
89 95
89 95
89 5
50 89
50 123
89 5
95 89
89 95
89 95
89 95
89 50
95 5
89 50
95 89
89 50
5 95
89 71
95 5
95 117
95 89
89 72
50 95
89 95
5 14
50 95
89 5
95 5
5 127
89 95
120 63
95 23
89 5
89 50
95 89
123 119
89 92
89 95
5 41
5 95
95 5
89 95
50 95
5 47
15 79
5 73
89 50
95 50
89 95
5 95
50 95
95 50
95 50
89 95
5 73
89 95
50 89
5 95
95 5
95 89
89 95
89 95
89 95
89 95
95 99
95 89
95 50
95 89
95 30
95 89
5 95
95 61
95 89
95 5
5 50
50 95
95 89
50 89
5 95
95 89
95 5
50 54
41 52
95 89
89 95
50 95
50 95
50 95
89 95
95 50
95 89
95 50
89 119
89 42
95 5
50 94
89 50
95 89
5 95
89 95
95 5
107 13
95 89
50 89
50 95
95 5
95 89
95 89
89 95
5 95
95 50
50 95
89 95
50 95
95 101
95 89
50 95
50 95
95 89
95 14
50 95
89 95
89 95
95 89
95 89
95 89
5 95
95 89
5 95
95 5
89 50
51 79
5 50
89 95
89 95
95 5
95 89
50 95
5 89
89 95
5 95
89 95
89 5
89 95
89 95
50 95
95 5
50 95
50 67
34 65
5 95
89 5
95 50
50 125
89 95
5 95
95 89
5 89
5 89
95 50
95 89
95 89
5 89
50 110
5 50
95 89
5 95
89 95
95 89
89 50
89 95
5 89
5 40
89 95
95 89
95 89
50 95
50 95
50 122
89 50
125 17
50 95
89 50
50 95
5 95
5 95
50 95
89 50
125 5
5 95
95 89
89 50
5 95
5 50
50 95
50 22
89 5
95 89
95 5
89 50
50 95
95 89
5 89
5 95
95 50
5 89
89 95
95 89
50 95
50 77
95 5
89 95
89 95
89 95
50 95
95 5
89 95
5 95
89 50
95 89
95 50
89 50
68 41
89 95
41 100
5 95
89 95
95 50
5 89
100 119
89 95
95 50
95 89
63 96
5 89
95 89
5 50
89 95
89 5
5 95
5 73
95 14
89 95
89 95
95 89
89 95
99 26
50 89
95 50
89 3
89 95
50 95
89 50
95 50
5 89
5 89
89 95
5 50
95 89
5 95
50 14
5 50
83 5
89 95
95 89
89 50
14 81
96 39
95 5
5 50
89 50
89 95
5 73
50 95
89 95
95 89
89 50
89 118
95 50
89 95
89 95
89 50
89 95
89 50
89 95
100 14
5 89
5 50
50 89
5 95
5 50
5 50
5 89
5 39
5 89
5 95
5 50
89 95
95 23
50 95
89 95
89 50
47 20
5 50
95 89
95 50
95 5
50 89
5 59
95 94
5 95
95 50
89 5
50 89
5 95
89 95
95 89
5 47
50 95
95 89
89 95
89 5
89 95
95 50
5 89
96 35
95 89
5 89
5 95
74 100
95 5
5 50
15 34
95 89
95 14
50 5
95 89
89 95
50 95
89 50
95 50
89 95
50 95
5 116
89 95
95 117
89 5
50 95
50 5
89 95
5 50
65 33
95 89
50 95
5 95
89 95
5 95
50 95
95 89
89 46
5 89
50 95
50 89
89 95
89 95
89 65
89 50
95 89
50 95
5 89
95 23
89 50
50 95
95 89
5 118
5 95
95 89
99 112
95 23
95 89
89 5
95 50
89 39
89 95
5 110
95 89
100 119
95 89
5 59
83 15
5 95
95 14
50 21
89 95
50 5
95 89
5 95
5 95
95 5
5 47
89 50
50 89
95 23
50 122
89 50
89 50
50 95
5 74
89 95
5 89
89 95
89 95
95 89
5 89
95 89
95 89
79 119
123 125
5 20
95 89
89 95
50 95
80 125
89 95
50 95
89 95
50 95
95 89
89 95
83 106
89 70
95 50
95 89
89 95
50 95
89 95
89 95
42 51
89 125
5 95
89 5
5 50
89 95
50 95
95 14
89 95
95 89
118 42
89 5
50 89
89 74
89 95
95 89
95 89
50 7
5 89
95 89
89 50
95 5
89 50
95 5
50 93
5 95
50 95
5 95
5 95
89 95
95 5
5 50
125 46
50 95
89 77
89 5
5 95
95 50
89 5
50 95
95 50
95 89
89 95
89 95
5 95
89 5
50 95
50 120
50 95
5 93
95 89
95 89
95 50
95 89
89 75
5 95
50 95
89 95
20 121
89 95
89 50
89 95
95 5
95 89
63 96
50 33
95 66
89 50
95 50
96 45
95 79
96 21
50 5
95 50
11 41
50 5
50 23
95 5
5 50
89 86
89 95
50 89
89 5
50 45
5 95
25 106
89 95
89 5
95 89
5 89
50 95
95 36
50 89
50 95
95 14
89 50
5 95
50 95
89 95
95 89
95 5
50 95
89 95
95 14
89 95
95 5
89 95
95 5
95 38
50 95
95 36
95 89
50 5
95 110
50 95
89 5
95 89
95 50
89 95
5 89
5 95
89 50
5 47
64 106
50 95
5 50
83 15
50 89
89 95
5 50
95 89
5 95
89 95
5 53
5 47
100 14
50 7
95 50
89 50
95 5
50 89
94 113
5 89
17 2
89 95
5 95
107 13
89 95
95 50
95 50
68 15
89 95
89 95
17 49
50 95
95 50
89 93
95 89
5 95
95 89
5 95
89 95
89 95
5 95
89 95
89 95
5 89
89 95
64 83
95 5
5 95
95 89
95 89
89 95
107 13
5 89
50 5
95 5
5 4
95 5
89 95
89 95
5 95
95 5
89 95
50 97
95 89
50 95
95 89
89 50
50 18
89 5
15 83
50 95
89 5
89 95
89 5
89 5
89 50
50 89
95 83
5 95
95 5
121 80
89 95
89 5
50 95
5 95
5 89
95 14
5 95
113 58
95 14
5 15
50 95
95 83
50 95
89 95
89 95
95 115
89 95
50 89
50 89
89 95
89 5
50 95
95 50
89 5
89 95
50 95
89 32
50 95
95 5
89 95
50 95
95 50
50 89
50 95
95 5
89 51
89 5
50 89
50 11
89 95
89 50
89 95
89 95
89 5
95 89
89 50
89 50
15 83
95 5
5 89
95 89
95 89
50 95
94 17
89 95
95 50
89 95
5 95
20 64
95 89
89 95
50 89
95 89
95 5
89 95
89 50
95 5
5 95
95 89
50 89
17 125
89 95
50 95
5 50
95 89
5 95
42 8
50 2
89 95
50 93
95 5
95 89
5 95
95 89
89 95
50 95
89 50
50 95
5 47
89 95
95 89
89 50
89 50
89 95
95 50
50 60
95 89
17 11
89 95
95 89
89 95
89 95
5 89
89 5
5 95
5 95
89 95
95 14
89 95
89 95
95 50
89 48
68 41
50 89
50 95
5 95
50 95
42 81
50 74
5 95
95 50
89 95
5 50
5 95
95 50
5 50
89 95
50 5
89 95
50 5
95 50
50 95
95 5
83 14
89 95
50 30
89 95
83 100
50 19
89 95
89 95
89 95
5 50
89 50
95 89
5 50
50 122
50 5
95 89
50 47
95 50
50 95
95 89
50 95
95 89
50 112
5 50
5 95
95 89
89 5
50 5
89 8
89 95
89 74
95 89
5 54
95 94
89 95
89 95
89 95
50 95
89 95
95 5
95 50
5 95
99 82
95 89
89 95
50 95
95 89
95 50
89 95
95 5
89 50
5 30
95 5
89 95
89 95
89 95
95 5
50 5
95 89
125 79
95 89
95 23
5 95
50 95
95 50
95 5
5 89
95 5
50 95
89 50
89 95
5 95
89 50
95 79
95 89
95 89
50 95
89 95
50 18
95 5
50 95
89 95
95 14
20 64
5 89
5 89
95 50
110 95
50 89
89 95
95 5
95 5
95 89
95 5
14 81
5 50
5 89
50 52
89 95
89 95
5 95
107 100
89 95
89 95
95 50
95 89
95 106
41 68
5 89
89 95
20 64
50 95
5 50
95 50
50 123
50 95
50 73
89 95
95 50
5 50
50 95
89 95
5 95
95 50
95 19
95 50
107 5
95 50
5 78
95 42
50 20
89 95
89 95
5 77
5 50
5 98
95 89
95 17
95 5
95 5
5 50
89 5
95 89
95 89
5 68
50 5
5 95
89 50
89 5
89 95
5 50
89 95
5 95
5 95
5 95
95 5
50 95
89 95
5 95
95 89
89 50
89 95
50 95
89 5
95 14
89 5
50 95
8 65
50 95
89 95
50 95
89 95
123 119
95 5
95 89
5 120
5 89
5 50
95 14
89 95
89 5
50 95
95 5
89 95
95 50
50 5
50 89
89 5
89 119
5 50
5 95
95 50
89 95
95 89
95 89
95 89
89 95
95 89
89 5
95 89
5 50
95 5
50 5
89 95
50 95
89 95
95 89
95 89
121 20
5 50
95 89
95 23
50 95
95 14
50 89
89 95
95 89
51 80
95 89
5 89
89 95
5 89
95 5
5 95
50 95
5 89
95 5
89 95
95 89
5 95
42 50
89 123
89 95
95 89
15 79
89 95
5 47
95 89
95 50
5 50
50 74
95 89
5 47
5 50
95 5
5 89
95 5
121 47
50 5
5 95
50 89
95 89
50 89
50 95
95 5
89 32
95 14
95 50
50 5
95 5
95 89
95 14
89 5
89 95
89 50
50 65
89 95
89 50
95 89
50 5
95 1
5 73
95 89
50 95
89 95
95 14
5 50
89 95
95 89
50 5
89 95
95 89
89 95
50 95
95 5
99 83
89 95
89 95
5 89
5 89
89 5
95 122
50 89
99 26
5 95
50 95
54 73
89 95
5 89
95 5
89 95
5 75
50 5
50 5
95 89
89 41
107 13
5 89
5 50
89 95
89 95
89 118
50 89
89 5
89 50
50 95
89 95
89 50
89 95
95 89
95 89
17 121
95 50
89 95
5 89
95 50
89 95
95 89
89 95
75 89
5 89
5 73
64 2
50 89
95 89
89 95
95 99
95 5
68 15
50 95
89 95
89 35
5 95
89 95
50 5
95 89
95 89
95 89
89 78
111 70
89 95
95 89
5 89
89 50
95 50
5 95
5 95
89 95
50 95
5 32
95 89
89 95
50 95
5 89
5 89
89 95
42 81
89 5
5 26
95 89
89 50
95 89
89 95
89 119
89 95
5 89
89 50
89 50
5 89
89 5
95 50
50 23
50 95
95 5
95 50
5 89
50 75
50 5
5 50
99 118
95 5
95 89
50 48
125 70
89 95
5 0
5 89
95 89
89 95
89 95
50 95
89 5
95 23
89 95
50 95
5 89
89 95
50 5
5 42
5 89
5 50
5 89
89 5
5 95
89 95
17 123
89 125
96 86
95 41
5 95
50 95
95 89
95 89
5 95
95 89
50 43
95 50
89 95
50 62
95 14
95 50
50 46
5 95
89 95
95 50
89 50
95 5
5 89
89 95
5 50
89 95
89 95
89 95
5 89
95 5
95 14
5 95
5 95
95 5
89 95
89 95
5 95
95 89
50 89
99 45
50 89
89 95
89 95
5 95
50 95
89 95
95 89
89 5
63 96
5 95
5 89
95 89
95 89
89 95
50 89
50 5
15 34
95 89
89 95
5 89
5 89
89 95
89 95
95 14
89 5
95 5
50 95
89 74
89 95
5 95
5 50
50 22
50 5
100 54
89 95
89 0
89 95
50 63
95 89
89 50
50 95
50 5
89 95
89 0
95 89
95 89
95 5
95 89
5 89
89 95
50 5
95 23
79 5
5 89
89 95
89 95
100 119
89 5
50 95
50 5
95 89
50 95
121 33
89 95
95 23
95 5
89 5
5 50
89 50
89 95
95 89
5 95
89 50
5 95
5 95
89 5
89 95
89 95
89 95
50 89
89 5
95 89
95 51
50 89
94 25
95 89
59 80
50 5
50 95
89 95
17 125
89 95
5 89
89 95
5 50
95 50
50 5
89 95
50 95
95 14
95 89
95 89
89 95
20 121
64 20
89 115
68 15
5 95
89 95
50 89
50 5
95 50
89 95
95 89
95 89
5 95
54 114
50 95
5 95
89 95
95 5
50 106
5 95
5 95
89 95
89 95
50 95
5 73
5 95
5 95
5 95
95 54
89 95
89 50
50 95
50 95
5 60
95 5
95 127
89 75
5 89
89 123
95 89
89 95
89 95
89 95
15 34
65 17
50 89
95 89
89 53
95 89
89 95
89 5
89 50
5 10
89 95
95 89
89 95
95 89
50 30
32 5
5 95
5 95
95 89
5 51
95 50
89 5
89 95
50 95
95 5
89 95
95 89
95 89
5 50
119 17
5 89
89 95
89 95
50 110
89 95
50 95
50 95
5 50
89 95
95 89
5 50
50 95
89 95
5 42
95 5
95 89
5 89
5 95
50 89
5 89
5 50
89 95
50 95
95 89
50 95
95 89
95 89
94 18
89 50
95 89
89 95
95 89
89 95
89 50
89 95
89 95
89 95
50 85
89 50
50 5
41 1
96 54
125 89
95 50
89 50
5 89
50 95
5 47
95 14
89 50
50 61
95 89
50 95
89 5
89 95
89 13
95 5
5 95
95 50
106 70
5 73
50 95
54 47
89 95
95 89
89 50
89 95
41 57
89 95
89 95
107 13
95 50
5 95
5 95
89 95
89 95
50 95
89 50
99 76
89 46
5 73
95 89
89 50
95 50
89 50
95 50
89 50
89 50
5 95
95 89
5 50
50 5
89 95
95 89
89 95
89 50
89 95
89 95
95 109
5 95
89 95
89 95
89 95
50 95
5 89
89 5
50 10
95 50
89 115
89 95
50 5
95 5
89 95
95 89
89 5
5 50
50 95
50 95
89 50
95 89
89 95
95 89
89 95
5 73
50 95
89 115
95 89
89 5
95 50
89 95
89 95
89 50
47 5
50 14
89 23
5 50
95 89
50 95
65 115
50 89
95 79
95 89
89 95
5 50
5 89
50 95
50 53
95 50
95 89
89 95
5 95
95 89
50 95
89 95
50 95
95 50
95 89
89 95
5 32
89 5
95 122
68 15
5 50
5 50
89 95
89 95
95 5
50 79
89 50
89 95
95 89
5 89
89 95
89 122
89 95
89 50
89 95
89 95
95 89
95 50
89 5
50 95
89 95
89 95
95 89
95 14
95 50
95 89
89 95
50 95
89 95
95 89
50 95
5 95
95 89
50 89
95 5
89 95
95 23
50 95
13 107
50 95
89 95
51 80
95 50
89 95
5 95
89 95
95 89
95 50
50 95
89 95
50 60
95 89
89 50
42 51
89 5
89 95
89 78
50 95
95 5
50 95
50 5
50 95
58 79
95 89
50 95
70 42
68 15
50 95
95 89
5 51
89 95
68 15
89 68
89 5
89 95
50 95
95 14
89 95
83 89
95 50
89 5
95 5
50 83
95 5
95 89
50 91
89 50
95 5
89 5
89 50
95 89
89 5
89 5
50 81
5 95
5 50
70 42
89 95
80 50
89 50
89 5
95 89
50 95
95 89
95 89
5 89
50 125
95 14
89 5
95 117
95 89
89 50
5 73
95 89
89 95
89 73
5 51
89 95
50 95
89 70
50 122
50 32
5 89
54 51
5 95
5 50
95 5
89 95
50 70
89 50
89 95
89 50
89 95
95 50
5 42
5 89
89 95
95 50
95 60
89 95
15 83
50 95
89 95
89 95
95 89
5 95
89 95
89 5
89 50
5 50
5 50
89 95
89 95
89 95
95 113
50 95
5 95
5 95
54 59
95 89
95 50
5 89
95 89
5 89
5 89
5 73
89 95
121 61
89 95
95 89
5 89
50 95
5 89
5 50
5 95
89 95
5 89
89 50
89 50
89 95
89 95
5 95
95 89
5 95
50 98
5 95
89 47
5 11
50 95
5 95
95 23
5 95
89 5
50 89
95 50
50 95
5 30
89 95
5 89
89 95
5 106
89 95
118 65
50 95
89 95
89 95
50 5
89 50
5 95
5 47
95 89
89 95
113 58
50 89
95 89
5 89
50 95
5 47
95 66
89 95
5 50
5 89
89 95
89 95
89 95
5 95
99 64
89 5
50 89
123 6
99 106
63 96
99 102
50 75
89 5
95 5
95 89
5 73
50 56
95 89
89 95
89 50
95 14
5 50
89 95
50 89
95 50
50 95
95 89
95 89
5 47
5 95
5 73
5 47
5 95
89 95
95 89
95 89
89 5
89 5
95 89
95 5
50 95
95 89
95 89
89 95
50 110
95 88
89 95
5 47
5 95
95 5
89 95
50 95
89 50
34 65
95 14
89 95
95 5
100 119
89 95
68 15
54 34
64 99
5 50
125 109
73 5
89 95
5 95
54 81
50 89
89 95
95 5
50 54
5 50
89 95
50 5
79 54
89 95
89 95
89 95
5 50
5 89
50 89
5 89
5 95
95 89
89 95
89 95
50 85
94 58
50 89
95 50
95 14
89 50
89 50
89 95
95 5
50 95
95 14
5 73
95 89
89 5
111 14
89 95
89 95
95 89
89 5
95 65
50 95
5 95
89 50
89 95
89 95
95 89
95 50
54 57
89 5
89 95
89 95
95 89
5 95
89 5
95 5
95 5
89 60
95 50
5 50
89 95
89 50
95 89
89 50
95 5
5 50
5 47
95 89
89 95
5 95
89 95
5 50
5 95
89 95
89 50
89 5
50 95
89 24
5 95
50 5
89 95
5 95
50 17
42 81
50 95
5 95
89 95
5 95
89 50
95 14
89 50
99 29
50 89
89 95
89 95
89 95
5 75
89 95
89 95
89 95
89 50
89 5
5 50
89 95
50 13
95 50
95 5
89 95
95 89
50 5
95 5
95 89
50 5
17 58
5 89
5 47
41 62
95 89
95 56
89 95
5 73
50 95
95 50
89 95
5 95
89 95
5 73
89 50
89 95
5 89
95 14
42 94
95 5
89 95
89 5
5 95
95 50
94 53
5 89
89 5
5 50
95 14
95 50
5 95
50 95
50 89
89 5
50 95
89 5
95 89
50 95
50 95
89 95
89 95
95 89
5 89
5 127
121 25
5 122
89 95
95 5
89 95
89 95
95 50
89 5
50 42
95 89
89 95
89 95
89 95
95 89
50 95
89 95
95 89
50 95
89 50
95 14
50 89
50 45
5 96
95 89
50 13
95 89
89 95
118 42
89 25
89 95
89 95
50 95
95 23
50 95
89 80
5 50
89 5
95 125
89 95
5 0
95 23
89 95
89 95
89 95
5 63
89 95
95 50
89 95
95 14
5 50
81 42
50 62
50 77
50 95
89 95
89 95
95 89
95 50
95 5
95 89
5 50
64 65
5 123
89 5
95 12
63 96
5 50
89 50
50 89
89 5
95 5
5 89
50 95
95 50
5 95
89 50
95 5
95 89
95 89
89 95
89 50
118 42
89 95
5 95
5 47
107 13
54 97
118 65
5 89
5 89
89 95
89 50
95 89
50 95
89 5
5 50
5 94
89 95
5 95
95 26
89 95
5 95
89 95
89 5
95 99
89 50
95 5
41 51
50 89
50 95
89 50
89 5
95 50
95 89
