128 10000
89 50
5 83
96 48
95 89
89 95
95 14
20 64
89 5
50 89
89 48
89 95
89 95
89 95
5 95
89 95
89 50
95 5
50 5
95 5
68 15
50 7
50 89
5 95
50 60
89 50
95 89
89 5
50 83
89 95
5 95
41 5
50 95
95 5
5 50
5 89
5 50
95 89
89 5
5 89
89 95
64 25
50 95
89 95
95 89
5 73
50 95
89 95
89 50
89 50
50 29
5 95
89 115
57 95
89 77
95 50
95 23
5 50
89 95
89 95
5 95
68 15
89 95
89 95
95 89
89 5
89 95
95 89
50 95
5 95
89 50
5 73
63 120
89 95
50 89
125 79
50 95
5 95
95 26
50 95
95 5
5 78
89 95
89 95
95 5
95 50
5 47
5 95
95 23
95 89
96 120
95 5
89 5
5 50
89 95
89 5
89 95
89 95
89 95
63 120
89 95
89 5
50 17
95 89
65 54
89 23
50 95
50 89
89 95
89 50
89 83
5 47
50 95
5 95
89 95
5 73
89 5
95 50
89 95
5 95
50 95
50 89
95 5
95 89
95 89
95 89
95 89
89 50
89 5
41 55
89 50
89 95
50 89
107 13
89 5
89 95
5 89
50 5
95 89
89 9
50 5
50 95
89 95
95 89
95 5
5 50
5 95
89 5
5 95
50 95
89 50
95 89
5 89
17 125
89 50
5 95
95 89
5 95
89 95
89 5
89 47
5 89
95 77
50 25
50 5
50 95
89 5
50 95
95 89
95 14
89 5
89 5
5 89
50 49
95 89
5 95
5 89
89 95
89 95
50 95
89 95
95 5
50 95
34 65
25 106
89 95
89 5
89 50
98 39
89 30
89 3
89 95
89 97
89 95
95 23
50 95
5 50
50 95
63 96
95 50
5 95
95 89
5 73
95 89
89 50
111 50
89 50
89 50
95 89
89 95
50 95
95 5
95 5
5 50
89 50
89 50
50 95
95 5
95 97
95 89
5 95
95 89
100 119
89 50
89 95
5 73
5 50
116 95
89 95
89 5
95 89
89 5
50 95
50 1
42 89
95 50
5 95
95 23
89 95
95 5
89 95
95 89
50 5
5 50
5 89
5 50
50 5
5 89
89 95
89 50
5 95
95 5
50 95
95 50
5 89
89 107
89 5
5 15
95 89
89 83
89 5
89 50
89 50
89 50
5 47
89 50
95 117
50 95
95 23
89 95
89 95
5 95
89 95
50 89
50 89
89 95
64 8
89 5
95 5
50 95
50 16
5 95
95 89
50 77
89 5
50 5
50 5
50 95
89 50
95 89
89 95
113 58
50 95
50 20
50 33
50 95
95 85
95 5
95 89
89 95
95 5
50 89
95 50
5 95
50 95
89 95
95 5
50 3
5 95
95 89
50 75
89 83
89 95
89 50
95 50
89 50
89 40
5 89
5 95
89 94
95 5
95 50
95 14
50 5
95 5
50 95
89 50
95 50
89 95
50 112
89 95
20 8
89 95
50 95
50 89
5 95
89 95
95 89
95 89
95 89
95 50
5 50
5 95
5 73
65 8
5 95
95 5
89 95
50 5
89 95
95 23
50 95
5 95
89 50
89 95
89 50
89 95
89 68
5 54
89 50
95 50
50 95
50 17
51 54
89 95
95 89
95 68
95 127
89 95
5 50
5 95
50 95
89 95
89 95
89 95
89 50
94 81
95 50
50 5
89 5
5 95
89 95
95 66
50 95
95 89
50 89
95 50
50 5
89 50
89 5
50 95
89 95
89 95
89 95
95 118
50 89
50 89
89 95
50 89
89 95
89 95
50 74
89 95
95 14
89 5
95 89
95 89
95 5
95 89
95 89
95 1
5 89
95 5
89 95
50 5
95 14
89 95
50 95
50 5
89 64
5 95
14 5
95 89
89 5
113 58
95 89
5 95
106 98
89 95
5 89
95 89
5 50
50 89
95 89
95 89
89 95
95 50
89 50
5 50
89 95
64 94
5 50
50 95
89 5
95 89
89 5
89 95
89 95
95 50
50 49
50 123
95 89
95 5
5 95
50 89
89 95
50 95
95 89
50 5
5 95
50 95
95 89
50 77
89 95
5 50
95 89
89 95
95 5
50 112
5 95
89 95
89 50
5 89
50 95
89 95
50 95
5 89
5 95
95 3
95 50
89 95
95 89
89 95
5 95
50 95
5 50
89 5
89 5
89 95
95 50
95 89
50 95
89 95
95 5
89 95
50 5
106 25
68 15
89 50
95 89
5 95
125 5
89 95
95 5
89 95
50 5
5 95
89 95
5 95
95 50
60 5
50 124
95 50
89 95
89 95
95 50
50 5
5 95
95 89
89 50
50 89
50 89
50 95
89 50
89 95
50 79
89 50
89 95
89 95
50 95
89 5
5 89
54 121
89 115
95 89
5 47
89 5
95 89
17 125
50 89
89 95
89 50
50 95
89 95
95 89
5 50
5 73
89 95
89 5
50 95
89 50
95 14
50 95
5 50
54 12
89 50
89 28
89 95
89 50
121 45
95 50
50 5
95 23
95 50
50 94
89 5
50 5
89 5
50 5
50 95
94 9
89 5
95 50
89 5
95 50
96 113
50 22
50 38
5 18
89 50
89 95
89 50
95 89
89 95
89 95
5 95
95 83
50 95
89 95
96 98
5 73
95 50
5 50
5 89
5 89
89 50
79 96
89 95
95 5
89 95
89 95
89 50
89 93
89 95
5 117
95 5
5 50
89 120
89 50
89 95
89 5
94 70
89 95
50 113
50 20
95 50
50 89
5 89
95 50
89 95
89 95
50 95
121 20
89 5
89 95
95 50
89 17
89 95
89 95
89 5
5 50
50 95
89 95
89 95
95 89
89 95
95 89
5 50
5 99
89 95
20 64
89 50
5 95
89 5
89 50
89 5
50 5
50 5
95 50
5 50
89 70
89 95
95 89
23 95
95 47
50 34
95 50
89 5
89 10
95 89
95 89
95 89
95 77
5 47
50 95
89 95
95 89
5 89
95 89
95 99
96 115
89 95
95 5
89 95
5 95
89 50
50 89
64 13
50 95
5 95
95 50
89 29
89 5
125 95
15 79
89 5
5 89
89 95
89 95
63 42
95 39
5 95
89 95
89 5
89 5
95 89
89 95
5 89
5 50
95 77
95 89
50 95
89 50
95 89
50 29
89 95
50 92
95 50
95 89
50 95
89 95
51 78
5 95
50 95
95 50
95 5
95 89
5 106
95 50
50 89
89 95
5 50
89 95
5 95
89 95
95 50
95 89
95 60
89 95
51 102
89 50
50 95
5 73
5 50
89 95
89 95
5 95
95 89
95 89
5 84
5 95
50 95
95 50
121 20
89 95
95 5
5 95
89 38
89 50
50 3
89 50
89 95
95 89
5 95
5 95
50 5
50 95
95 89
95 89
50 95
89 95
5 79
50 89
50 63
89 95
42 51
5 95
95 89
89 50
50 5
95 89
15 83
50 95
95 89
5 95
89 95
95 89
89 5
50 95
5 95
89 50
5 47
95 50
20 64
5 50
5 95
95 89
95 89
95 50
5 73
89 95
89 50
95 89
95 89
50 95
50 95
89 95
89 50
5 50
95 116
89 95
95 89
5 83
89 123
50 89
5 50
95 23
20 8
89 95
100 14
89 95
89 5
95 89
89 95
89 105
89 95
50 89
89 95
50 95
89 50
89 5
89 5
5 89
89 50
5 89
89 50
89 50
95 5
89 95
50 89
50 107
89 95
89 95
95 5
50 95
89 95
89 5
95 89
5 89
5 89
5 89
89 95
5 95
5 95
50 89
50 89
89 95
89 95
89 95
89 95
5 89
95 5
89 5
5 50
5 75
50 5
50 5
5 59
89 50
95 89
89 95
95 50
89 98
54 111
89 50
50 95
50 39
89 95
89 95
89 95
5 95
50 95
95 89
89 123
119 123
50 95
5 95
50 23
89 95
89 5
5 89
5 51
5 95
89 5
95 50
89 95
5 95
95 89
15 79
95 5
95 89
89 95
89 95
89 95
119 100
50 95
89 95
5 89
25 106
50 95
95 89
95 89
89 50
50 89
95 50
95 89
95 50
50 25
89 1
5 71
5 95
95 5
89 95
5 91
89 95
42 51
50 95
95 116
95 89
50 95
5 95
89 95
58 113
50 95
63 120
95 50
89 95
5 50
50 89
20 8
95 89
95 89
5 89
89 76
50 95
95 89
50 95
5 41
89 5
5 89
95 50
50 89
5 89
50 95
95 89
5 95
32 74
89 95
50 95
95 89
95 5
113 58
95 50
89 50
17 95
89 5
63 81
95 5
5 95
89 5
89 95
89 50
89 95
89 5
95 89
50 5
89 5
89 95
5 89
50 95
107 13
5 82
14 100
5 89
89 95
89 95
95 50
50 95
50 43
50 71
95 89
50 89
95 26
89 5
89 5
5 50
50 95
50 95
95 89
95 10
89 95
50 95
50 95
50 89
50 95
89 95
50 5
89 95
96 64
5 95
89 95
50 95
50 95
95 89
89 50
89 95
5 95
89 95
89 95
50 84
32 74
89 95
96 78
89 95
95 74
5 50
95 89
89 95
95 89
89 5
89 95
89 5
89 95
5 73
50 5
64 125
5 95
95 50
94 70
89 95
95 5
89 75
89 50
5 95
89 95
5 56
89 97
95 50
50 95
89 5
89 50
95 89
5 89
121 15
51 42
89 50
95 23
95 29
95 89
89 5
5 95
50 5
5 95
95 89
95 89
121 51
50 33
95 5
89 95
95 5
89 95
95 50
118 42
113 58
95 89
89 95
95 89
5 89
95 89
95 50
5 95
50 89
89 95
50 51
89 95
50 95
95 5
89 50
100 119
89 95
50 95
5 50
5 47
95 89
95 89
89 95
5 89
89 76
95 89
50 95
95 5
95 5
89 50
89 95
64 114
95 89
50 95
50 10
77 95
89 95
5 50
5 95
48 89
50 95
89 84
95 5
95 5
63 120
50 95
95 5
113 79
89 95
95 89
95 14
50 95
5 50
89 5
89 50
68 41
89 50
89 95
5 95
50 95
89 50
89 47
95 50
89 95
5 47
89 5
95 89
95 89
89 50
89 95
95 50
50 95
5 89
5 95
95 5
41 68
89 95
5 95
5 95
5 95
89 95
95 89
89 95
50 5
89 95
89 95
50 94
95 89
54 61
89 95
95 89
95 50
89 50
89 50
89 95
89 95
89 50
89 99
50 95
89 95
89 50
89 95
89 50
121 66
95 89
113 58
5 95
89 95
5 42
50 95
95 89
50 5
5 95
5 95
50 95
50 5
50 95
89 50
5 89
89 95
89 5
95 89
125 34
95 89
95 23
95 89
89 95
95 39
95 5
89 5
89 95
89 95
89 50
5 95
5 95
5 47
64 63
95 5
95 5
89 95
5 89
5 89
89 50
5 50
50 95
95 50
89 95
95 50
89 5
89 110
89 50
95 89
89 95
89 95
89 50
50 92
95 89
89 5
89 95
118 65
95 89
95 50
95 5
95 5
41 68
95 89
89 95
50 5
5 47
50 95
5 95
89 95
95 50
89 95
89 50
5 14
89 95
50 95
89 95
89 95
95 50
51 42
5 0
50 95
5 89
5 95
50 89
95 89
95 89
95 89
95 89
95 14
5 95
5 89
89 5
5 89
95 89
89 95
89 95
50 29
5 95
95 50
96 46
70 42
89 95
107 13
89 5
8 64
95 89
89 5
95 89
89 95
95 23
95 122
5 47
50 95
5 95
95 89
89 95
89 50
113 58
95 89
5 95
50 89
15 83
50 95
89 95
95 89
89 95
89 95
50 89
5 89
95 50
94 66
89 95
50 89
95 89
95 50
50 89
95 5
89 50
95 50
50 89
95 5
95 89
89 95
107 13
89 50
50 95
95 89
5 95
89 95
89 95
5 95
50 95
95 14
89 95
95 50
95 89
5 89
89 50
59 63
89 95
5 95
50 89
95 89
50 95
95 5
89 50
95 5
50 95
5 20
5 95
5 50
50 95
5 89
89 95
89 29
5 23
89 3
89 50
89 95
95 5
89 95
95 23
95 89
89 95
89 95
95 89
89 117
5 95
50 98
5 50
50 95
89 95
50 5
89 95
50 95
125 59
50 89
95 10
17 121
5 89
89 95
95 89
5 89
95 5
89 95
89 95
50 5
89 50
89 95
89 95
89 66
89 95
89 50
89 95
89 5
89 50
50 95
95 89
20 8
89 95
95 50
123 119
50 95
89 95
89 5
50 95
95 5
89 5
95 89
5 95
95 5
5 95
95 50
95 89
89 5
50 95
50 89
95 5
5 89
50 95
63 120
89 95
95 89
50 95
95 89
5 50
50 4
89 95
5 95
89 50
95 23
95 19
15 83
89 95
34 111
89 95
95 89
95 20
41 68
89 95
89 95
95 14
50 5
89 50
89 95
89 50
95 23
89 5
5 82
5 95
89 95
95 23
50 120
89 95
95 89
125 100
89 95
95 89
95 3
89 95
50 95
95 89
5 50
89 95
50 95
89 50
5 89
17 88
89 95
95 5
5 50
73 64
89 95
5 95
5 95
118 65
89 50
89 95
95 89
89 50
50 89
89 50
50 26
95 89
41 113
50 95
95 94
5 89
95 5
89 95
50 95
89 95
95 40
5 89
89 95
89 50
89 95
89 95
89 5
50 17
50 5
50 95
100 14
5 89
5 100
95 5
89 95
89 95
89 95
95 50
5 47
95 5
89 95
89 95
89 50
15 34
50 89
50 5
50 1
5 50
89 95
89 5
50 10
68 15
95 5
95 50
89 50
50 96
89 95
5 50
118 65
95 14
89 50
89 73
95 5
95 50
95 5
89 95
95 50
89 5
95 89
5 95
95 89
89 5
5 50
89 5
95 5
95 50
50 89
89 95
50 95
50 95
95 89
89 95
89 95
89 50
95 89
80 50
89 95
5 95
95 50
5 95
89 50
95 50
50 41
5 95
89 95
95 89
95 89
95 50
50 5
95 89
95 50
5 95
50 89
5 95
89 95
95 23
47 5
89 95
68 15
89 5
5 73
89 95
5 89
89 95
95 50
89 95
95 5
50 95
89 84
89 95
5 50
5 95
95 89
95 89
50 95
89 95
5 95
63 120
50 113
50 95
100 5
50 95
68 15
89 95
89 95
5 50
95 89
50 5
89 95
5 17
106 50
95 89
89 95
89 81
50 95
50 95
5 74
89 95
89 95
50 74
89 50
50 95
89 95
89 50
89 5
89 95
5 95
89 95
5 50
5 38
5 95
89 95
15 34
95 89
5 50
5 89
95 14
89 95
89 95
95 50
89 50
95 5
89 95
50 95
95 5
5 89
95 89
15 83
89 95
89 50
89 50
89 107
95 89
89 95
5 95
89 95
50 95
95 50
50 122
5 95
89 5
50 95
89 50
89 5
5 95
89 95
50 95
95 89
89 50
5 47
5 42
5 50
89 95
50 95
63 96
95 5
89 95
50 95
5 50
5 50
50 95
89 95
95 89
95 89
89 95
5 73
14 81
95 89
5 112
50 89
115 50
95 50
89 50
50 95
89 5
89 115
89 95
5 95
95 89
50 89
95 89
89 95
41 96
50 95
5 50
5 95
5 73
95 14
5 95
50 95
89 16
5 89
5 50
89 50
83 111
89 95
96 29
5 95
5 56
89 50
89 95
89 95
50 95
89 95
89 95
95 23
95 5
5 89
95 89
95 82
89 50
5 50
20 8
51 42
95 23
95 5
89 5
95 5
89 95
5 50
50 95
5 50
95 119
50 12
89 50
94 17
8 64
5 89
89 95
95 50
95 89
89 5
5 89
5 1
50 95
113 58
95 92
89 95
15 79
50 95
95 0
89 95
89 95
50 95
5 73
89 95
99 122
96 23
50 107
89 95
89 5
5 16
5 50
89 95
95 50
50 95
50 59
95 89
95 5
100 14
5 95
17 125
95 5
50 95
95 5
89 95
89 95
95 50
95 5
95 89
50 95
89 95
95 89
50 95
50 4
95 5
5 89
50 5
5 95
5 89
95 50
5 73
95 93
77 5
95 5
95 89
89 50
79 63
95 89
95 89
89 95
50 95
89 39
89 95
50 5
89 95
95 50
5 95
5 95
89 95
89 50
5 95
50 95
89 95
95 89
17 98
89 50
5 95
95 50
95 0
121 34
89 95
95 50
50 95
95 89
99 119
89 95
89 95
68 41
89 95
95 5
89 107
95 5
5 89
95 50
50 89
89 50
5 95
5 89
95 96
89 5
50 17
89 50
89 95
89 95
89 95
5 95
89 50
89 95
89 95
89 95
5 95
89 95
50 95
89 5
89 50
95 89
58 113
5 89
89 95
50 95
89 5
89 95
5 89
50 95
89 50
50 95
50 89
89 5
89 95
89 95
95 89
123 119
5 95
95 89
89 95
5 89
89 95
42 51
50 89
89 5
5 73
5 47
95 110
50 95
95 5
5 95
95 50
50 95
68 15
95 89
95 89
95 89
95 89
89 95
75 89
89 5
5 20
5 95
95 89
50 95
20 64
89 95
50 95
89 50
89 78
95 50
95 89
89 95
89 50
89 95
95 89
89 78
89 20
119 8
5 95
89 50
89 50
95 50
89 5
5 95
50 95
89 95
89 95
50 95
5 95
89 95
15 79
50 95
89 95
63 79
89 95
89 5
89 50
5 95
95 5
95 125
89 95
89 50
89 95
89 95
95 89
95 89
89 95
5 95
5 77
89 5
89 50
95 89
5 95
64 94
89 5
50 89
89 50
50 95
94 65
89 95
89 95
5 89
95 5
50 64
50 95
5 95
89 50
89 95
5 95
95 89
89 95
50 116
89 95
89 32
50 95
95 89
95 71
95 89
95 50
89 95
95 23
20 64
50 89
50 41
5 89
50 95
5 95
89 95
95 50
95 89
5 95
5 95
89 95
89 47
95 50
95 89
89 95
89 95
89 50
89 95
89 42
50 95
5 114
95 50
5 95
89 95
51 13
5 95
95 89
95 50
5 95
118 65
5 95
51 42
95 5
5 89
89 50
50 95
95 89
89 50
50 95
95 5
63 79
89 95
89 95
50 95
89 95
50 5
20 64
95 89
50 95
119 123
5 51
50 95
68 14
5 95
50 95
96 51
89 95
121 122
5 89
95 89
89 95
5 95
89 95
95 5
95 5
95 89
50 56
89 95
79 100
95 50
5 95
58 75
5 50
5 95
89 95
89 95
50 124
89 95
50 95
5 95
50 0
95 89
89 95
89 5
5 50
50 89
95 50
95 89
89 95
89 50
89 95
89 50
89 50
95 89
89 95
89 50
5 50
5 95
5 89
95 89
95 89
89 5
5 89
89 95
95 117
89 95
89 5
5 95
95 50
95 89
5 47
50 89
89 95
95 5
95 50
95 5
50 5
95 5
5 50
5 89
5 95
50 95
89 50
5 95
50 10
95 23
5 95
89 50
89 95
5 95
95 89
50 5
95 50
89 50
89 95
95 89
89 5
89 95
89 95
89 95
89 95
95 89
5 50
89 57
5 50
50 89
89 95
50 95
95 5
50 64
89 95
20 64
89 95
5 50
95 5
89 95
5 50
95 5
5 89
95 5
64 65
50 83
5 46
89 95
89 95
95 23
89 50
95 5
50 5
89 95
20 8
95 14
95 5
89 50
50 95
89 95
89 50
89 95
95 50
5 50
89 95
5 50
5 95
89 5
5 89
95 89
95 5
89 95
5 95
89 95
95 89
5 73
89 73
89 95
95 50
123 5
50 5
41 33
5 47
5 95
95 5
95 50
50 16
5 50
89 10
5 95
95 50
17 8
89 43
50 95
89 50
89 95
89 50
89 43
95 89
89 5
89 95
95 89
95 89
95 89
89 50
96 73
5 95
95 89
15 34
95 50
50 95
50 95
89 95
50 5
95 50
50 95
89 50
89 95
89 95
89 95
5 50
89 5
50 83
95 89
5 73
89 95
5 95
5 100
95 89
89 50
95 89
95 5
5 89
5 50
89 95
89 50
125 10
96 70
63 96
5 89
5 47
89 94
50 95
17 81
95 14
89 95
5 47
89 95
5 89
5 95
50 95
50 89
50 13
5 50
95 50
95 89
15 79
50 95
95 50
5 73
5 95
5 89
5 95
5 89
5 95
95 89
89 95
5 81
95 89
50 55
89 50
50 5
5 95
89 50
89 95
89 95
5 50
75 89
50 95
50 95
89 95
95 89
95 89
50 89
5 50
50 89
95 89
89 5
34 14
99 126
95 5
68 15
5 116
95 23
89 50
95 50
95 89
89 50
54 50
95 59
95 89
95 23
50 89
50 89
50 89
89 95
89 95
95 79
95 89
5 110
50 95
95 80
95 5
95 77
95 5
50 5
95 89
50 95
95 89
89 50
64 83
5 89
89 95
89 5
95 89
95 89
50 85
64 42
50 95
95 5
95 3
50 5
89 95
95 89
50 95
121 124
89 50
89 95
50 95
50 95
89 50
58 83
5 95
89 95
89 95
50 89
95 5
89 95
89 5
95 89
89 5
89 95
89 95
50 5
5 89
89 95
89 5
95 5
50 95
95 50
89 95
95 89
5 50
89 5
89 95
5 47
95 89
89 95
50 95
89 5
5 73
95 89
89 95
95 5
5 89
5 89
50 38
5 47
50 5
5 89
95 5
89 95
95 50
89 50
95 89
5 116
50 92
5 95
50 95
89 50
89 50
50 95
95 89
95 89
89 8
50 94
95 89
5 50
89 95
100 119
95 45
50 95
95 50
95 89
50 89
5 95
5 89
89 45
89 95
95 50
115 94
5 95
89 95
95 89
50 95
50 5
5 95
95 5
5 50
95 89
95 89
13 5
89 14
89 55
5 95
5 47
95 50
50 46
50 95
50 95
118 13
5 47
89 95
50 95
5 95
95 89
5 89
89 95
125 83
50 95
95 89
95 5
5 98
5 95
89 50
89 95
89 95
50 95
50 95
50 89
95 89
89 95
50 5
89 5
50 89
89 95
95 50
89 95
95 50
89 95
95 5
95 57
5 89
95 89
95 50
54 8
5 95
5 56
89 95
95 89
89 115
89 95
113 58
95 5
5 95
89 50
89 5
89 95
50 95
89 95
95 1
5 95
5 95
95 89
95 89
5 50
5 41
83 106
95 50
5 95
89 5
5 95
5 95
25 48
50 89
89 50
99 74
50 105
5 89
5 89
50 95
50 95
95 89
50 89
50 89
50 121
95 89
5 95
20 64
95 50
125 59
89 95
95 5
50 95
99 74
95 89
95 50
50 95
89 95
5 75
5 73
89 95
5 89
50 12
89 50
50 10
41 21
89 5
5 89
5 50
5 50
5 89
5 50
89 95
95 23
95 23
125 59
5 50
50 89
95 89
95 89
50 89
95 89
89 50
89 95
5 95
89 95
50 95
95 5
5 50
95 5
89 5
89 5
89 78
95 13
95 89
5 95
89 95
5 89
50 89
58 79
5 89
5 50
89 50
95 5
95 45
95 89
50 95
89 50
89 5
95 89
95 50
70 106
5 89
89 95
118 65
89 95
5 95
70 42
95 89
89 42
89 95
5 50
50 5
89 95
95 50
50 89
89 95
5 89
89 5
95 71
95 23
5 89
95 23
95 89
95 89
89 50
50 95
89 95
5 89
5 89
89 95
89 118
50 95
89 95
50 95
89 95
5 89
95 50
5 89
95 89
95 89
5 89
83 106
95 5
89 95
5 89
5 89
5 89
89 5
95 5
5 89
50 89
95 89
89 50
5 89
95 8
89 95
5 100
89 68
89 95
95 5
89 5
118 42
95 89
89 5
89 50
95 5
89 95
50 98
50 17
95 50
95 89
89 5
95 89
95 50
95 5
89 95
89 95
95 89
95 89
89 115
89 95
5 41
96 5
5 50
5 116
95 23
5 47
5 95
5 95
95 5
95 5
95 89
95 50
50 95
5 95
5 89
89 50
50 89
95 50
95 89
83 106
5 95
95 5
5 95
95 5
5 95
50 5
5 89
95 89
95 89
95 5
54 24
89 95
5 95
89 5
95 50
89 95
5 95
5 89
50 95
95 5
50 95
89 50
95 50
58 125
89 95
95 5
5 95
50 89
89 95
89 5
5 89
89 95
5 50
95 50
95 50
50 115
74 100
89 95
50 95
89 95
89 5
5 95
95 89
47 5
50 95
5 32
5 89
95 50
50 89
89 50
5 95
14 81
89 50
20 64
89 95
95 50
95 5
89 95
50 95
89 5
50 95
89 95
47 5
89 95
89 95
89 95
50 95
50 107
89 50
50 95
95 83
89 95
89 5
5 95
15 79
54 64
5 83
95 5
89 5
95 20
95 23
89 95
50 95
89 50
50 8
95 89
89 95
50 95
89 5
95 50
89 5
95 14
5 95
89 95
89 95
89 95
89 5
50 95
95 89
89 95
89 95
89 50
111 41
89 14
89 95
5 43
5 50
5 95
42 51
89 95
50 95
14 95
89 30
5 95
95 89
50 5
50 95
5 50
5 50
95 89
5 95
5 117
63 96
95 8
89 95
13 107
5 95
99 5
89 50
95 23
89 95
95 5
63 79
89 95
95 5
95 89
89 107
89 50
95 50
89 95
89 95
95 50
95 99
89 50
94 64
14 81
50 95
20 8
5 95
50 95
89 95
5 50
89 50
89 95
89 5
17 75
95 14
89 95
89 95
95 50
15 34
123 83
89 95
95 5
5 73
50 42
41 50
5 109
89 50
89 95
89 95
95 50
95 89
89 5
50 95
89 95
5 73
50 95
95 89
50 95
89 50
95 79
95 5
50 89
5 50
89 95
95 89
5 73
5 95
95 60
95 89
89 50
95 89
5 95
95 89
89 95
95 17
89 95
89 95
89 18
50 95
89 95
5 89
89 50
95 89
95 14
89 5
5 89
89 50
89 5
17 47
89 95
5 95
89 5
50 95
95 23
5 89
89 95
5 89
5 95
95 5
89 50
95 84
96 67
5 80
50 95
89 95
5 73
54 4
50 89
5 89
50 22
89 50
89 50
89 5
89 50
95 50
5 95
89 50
15 34
50 5
95 14
54 114
123 119
5 95
89 5
95 89
5 73
89 95
50 89
95 89
89 14
95 50
89 5
89 100
50 95
89 95
89 50
72 121
5 97
89 95
95 23
95 89
89 95
5 89
89 95
89 50
89 5
95 50
89 95
89 95
5 100
89 50
50 95
95 50
95 5
5 50
89 95
5 100
89 95
89 50
64 26
5 47
89 5
121 42
89 50
95 89
95 89
41 112
5 95
89 95
95 23
20 64
89 50
95 14
95 89
95 89
5 73
89 95
95 50
95 50
50 95
50 89
89 5
50 28
89 50
95 5
79 47
89 50
95 23
50 95
5 73
89 95
89 95
95 89
89 122
5 95
50 88
95 89
95 89
5 89
5 95
95 50
89 95
95 50
95 89
95 14
95 5
5 89
79 19
50 95
50 5
95 5
95 66
95 5
5 50
89 95
5 95
95 89
89 50
50 95
89 95
50 95
89 95
5 95
5 73
41 21
121 39
41 79
95 89
89 11
5 56
89 5
95 89
5 89
63 83
5 50
95 89
95 89
50 95
89 50
64 83
89 95
32 74
50 5
125 71
89 95
99 93
89 95
95 89
95 50
5 89
50 89
89 5
95 5
50 95
95 89
50 89
95 50
5 50
50 89
50 89
50 95
89 5
100 119
5 95
89 5
5 89
5 95
5 95
89 95
50 95
89 95
89 95
5 89
89 95
5 73
95 23
89 95
89 50
20 8
89 95
95 5
95 89
89 50
50 73
50 18
95 89
50 89
89 95
50 89
89 95
5 47
89 5
50 5
5 95
5 95
95 43
5 89
64 8
50 95
89 95
5 95
89 114
42 51
5 89
50 95
5 95
50 52
50 95
5 50
89 95
5 50
5 50
63 120
5 89
5 122
89 5
89 50
50 95
89 5
118 13
50 18
5 95
89 50
5 95
5 73
5 73
96 75
5 89
89 50
68 15
89 83
89 95
89 95
89 95
113 58
95 5
5 95
89 95
5 73
5 95
5 95
5 95
5 95
106 70
95 89
50 95
89 95
50 5
5 89
89 95
50 95
89 95
50 3
5 66
5 50
89 85
95 89
50 89
5 73
50 5
95 89
5 16
89 50
95 89
89 99
95 89
89 95
50 95
50 89
95 14
5 73
95 50
89 95
95 50
50 5
89 50
5 89
89 95
5 89
5 50
95 89
5 89
5 95
5 89
50 95
50 5
95 50
5 95
95 89
95 89
5 9
89 95
50 95
5 95
95 50
50 95
95 89
89 95
89 95
5 95
95 89
5 50
95 89
50 28
50 89
95 89
5 89
5 95
5 116
95 89
50 31
89 5
89 95
89 95
89 5
95 5
95 89
89 95
5 50
89 95
95 5
5 95
89 95
5 50
89 5
68 41
95 89
95 50
89 95
5 50
95 89
89 122
5 95
89 95
42 51
50 89
113 127
89 95
89 95
17 95
95 89
5 95
5 89
5 50
95 50
79 83
95 89
89 95
5 89
89 50
50 95
89 50
89 95
95 4
5 50
50 121
5 95
95 5
50 95
95 50
89 50
5 95
54 50
5 50
5 89
50 89
5 47
5 95
95 89
89 95
89 5
5 95
89 95
5 56
50 95
95 50
89 95
5 50
89 95
5 50
89 95
89 30
113 83
89 95
89 95
95 23
95 89
89 95
50 95
5 50
95 50
5 95
50 40
63 51
5 51
5 95
5 50
89 50
89 95
89 95
50 5
89 5
50 95
95 89
95 89
95 5
50 95
95 5
17 3
5 50
89 50
5 89
50 95
95 50
50 89
89 95
50 95
54 50
5 89
89 5
89 95
89 95
95 50
50 95
89 5
89 50
89 50
5 89
95 5
89 95
89 50
89 95
50 5
95 89
5 95
95 8
89 95
5 95
89 50
89 95
5 50
89 50
5 73
89 95
95 50
89 29
89 95
89 95
63 96
5 74
89 50
50 17
89 5
20 119
95 89
50 82
20 8
5 95
50 5
5 47
63 120
85 89
95 89
95 50
89 95
5 95
5 95
50 95
5 95
89 50
5 18
95 50
89 50
5 95
5 89
89 95
50 95
50 5
89 5
95 50
5 73
89 95
50 95
89 95
5 95
89 14
95 50
89 95
50 126
50 95
5 95
89 50
95 0
50 29
5 8
95 89
50 95
50 89
95 89
89 95
125 95
95 5
89 5
5 95
95 50
89 50
89 50
89 95
17 61
89 95
89 50
15 34
95 89
89 5
95 5
50 89
5 127
89 95
89 5
89 78
89 95
50 89
50 5
89 46
95 5
50 17
89 5
89 95
118 111
95 89
89 5
89 50
5 89
89 95
89 5
50 95
89 50
89 5
5 95
95 50
95 89
50 95
50 95
89 51
89 95
50 92
89 5
5 95
89 95
20 8
89 95
50 89
5 89
50 17
42 51
95 89
89 95
89 95
89 95
95 89
50 89
89 95
5 50
5 95
89 95
5 26
95 89
50 83
95 50
95 5
5 89
95 89
5 50
5 94
50 95
95 50
89 50
95 89
95 5
5 73
95 89
5 89
95 89
89 94
89 95
5 95
5 95
5 89
95 5
89 95
89 95
95 89
95 89
89 50
89 107
95 5
5 95
50 39
95 50
50 95
95 50
89 5
95 89
89 95
95 89
50 89
95 89
5 50
95 89
41 68
89 95
5 50
95 5
50 89
95 14
95 89
5 95
89 5
15 79
5 95
89 50
95 89
5 95
95 89
89 50
89 95
95 89
89 95
89 95
50 5
5 89
5 95
95 5
89 95
89 95
95 55
95 14
50 95
95 89
89 95
95 89
50 95
89 122
89 50
95 50
50 95
56 5
89 2
95 3
5 50
95 89
50 89
50 89
5 73
95 118
5 95
89 95
5 89
5 73
95 89
54 8
89 95
89 95
15 83
89 50
89 95
89 5
89 50
50 95
5 95
50 31
95 123
95 50
50 95
89 95
95 5
95 50
89 95
50 95
89 5
95 89
50 46
5 50
5 89
89 95
95 89
20 8
95 50
89 95
5 89
50 95
89 5
89 95
89 95
5 96
89 95
89 95
50 5
5 95
89 95
5 89
95 5
95 50
89 5
95 89
5 50
89 95
89 95
95 89
5 95
95 89
125 95
5 95
89 95
50 5
95 89
95 5
95 50
95 89
89 50
89 95
89 95
95 89
95 13
89 95
89 95
95 89
14 81
50 89
5 50
95 89
5 95
5 47
89 95
89 95
89 50
5 75
5 47
95 5
5 95
95 50
50 95
50 74
50 5
50 95
89 95
89 6
89 5
89 95
5 95
95 89
41 35
95 89
50 29
89 50
89 95
95 5
95 57
89 50
50 95
5 89
50 95
95 89
89 73
5 95
5 123
89 95
95 5
95 79
5 95
5 95
89 95
50 92
50 95
5 89
89 95
95 50
5 34
95 5
95 89
95 89
50 125
95 89
89 95
95 5
89 95
89 95
95 79
50 95
89 95
95 89
5 8
63 79
50 89
89 50
50 5
14 81
95 89
95 5
95 89
89 50
89 5
89 5
95 89
95 50
5 95
50 95
95 14
5 95
50 89
95 97
89 50
95 5
89 95
89 95
95 50
5 50
89 5
5 95
50 5
5 95
95 50
121 97
50 95
119 123
95 89
95 89
95 5
50 95
25 83
50 79
50 5
89 50
50 5
95 5
89 95
5 34
95 122
89 50
89 95
89 50
89 95
89 95
89 95
89 5
95 89
89 95
5 95
50 95
64 47
5 95
89 95
89 95
89 95
95 89
50 84
5 123
89 30
20 8
95 50
81 64
89 95
89 95
95 50
89 95
89 95
50 34
50 95
5 95
65 18
5 23
95 50
89 95
50 89
95 89
89 26
95 89
5 95
106 98
5 95
50 89
95 89
89 95
95 50
5 89
95 89
5 89
89 50
89 5
5 92
95 89
89 50
50 95
5 50
95 89
5 95
95 89
89 29
95 5
89 95
89 50
50 95
89 110
95 50
89 95
89 42
5 50
89 95
95 5
5 89
89 50
50 5
5 95
89 5
95 5
50 14
89 123
50 95
95 76
5 95
89 50
95 5
50 95
95 5
50 95
89 95
17 115
95 50
50 95
95 50
95 50
89 50
5 50
50 112
50 95
95 89
89 95
89 30
100 119
89 50
50 95
95 14
5 89
89 95
15 34
5 116
50 95
89 95
50 89
89 95
50 95
50 5
5 47
95 5
5 89
89 50
95 89
50 89
50 95
95 5
5 50
89 10
50 95
89 95
95 89
89 50
89 95
5 95
95 89
95 50
89 95
89 50
50 95
95 89
95 5
5 120
50 95
95 89
5 50
95 89
95 89
50 95
95 5
5 73
50 95
89 5
50 116
20 64
89 95
89 95
50 89
50 95
50 17
50 101
95 5
5 50
95 89
5 95
5 4
5 89
95 89
5 89
89 95
5 95
34 111
95 50
95 89
50 95
89 95
99 126
50 5
89 95
95 50
5 95
50 89
89 95
50 95
5 95
50 95
95 5
95 89
50 95
95 5
50 110
89 77
50 107
5 89
50 95
89 5
50 95
89 95
95 89
50 5
95 5
89 95
17 95
95 89
95 5
59 63
95 89
95 89
5 89
5 50
89 95
95 89
81 42
89 5
64 71
89 95
95 50
5 95
95 50
89 95
50 70
120 63
74 100
95 89
89 95
89 5
73 5
89 95
89 95
121 39
5 95
89 95
50 5
99 49
89 95
89 95
50 95
89 105
95 75
50 95
95 23
5 95
89 5
50 95
89 95
5 50
121 20
95 50
50 118
50 89
50 5
95 5
95 83
50 81
89 50
50 47
95 89
50 89
5 95
89 95
50 95
118 65
95 5
50 117
89 50
5 50
89 95
89 50
5 95
89 45
50 95
89 95
95 89
89 95
5 50
89 82
95 89
113 58
59 32
50 89
89 95
95 50
100 119
50 59
89 95
89 95
95 46
5 50
50 95
5 118
50 95
5 89
50 95
121 79
89 95
95 50
5 95
50 4
50 95
89 50
5 112
95 5
89 95
50 95
95 50
95 50
50 95
96 39
50 89
50 5
95 50
89 50
89 5
89 95
41 82
89 95
89 95
5 38
89 95
5 89
89 95
89 50
95 89
5 89
50 95
50 30
50 89
5 50
89 5
95 89
50 47
89 95
95 89
5 95
5 50
89 95
95 50
50 23
50 95
95 50
89 5
41 68
89 95
89 5
89 95
5 89
5 89
95 5
89 95
89 74
95 89
5 50
5 95
89 50
5 95
95 89
89 95
5 95
14 81
50 42
95 5
95 50
89 47
95 89
5 95
5 89
5 89
50 95
89 95
50 95
89 5
5 50
89 95
5 77
5 50
95 23
89 95
89 50
50 5
95 14
50 95
89 95
50 89
5 73
5 95
89 50
95 89
15 96
89 50
89 50
50 92
89 50
95 89
89 50
125 59
58 77
79 83
107 120
95 89
95 89
95 89
14 5
5 95
89 95
95 83
20 64
20 8
95 5
95 74
89 50
89 95
5 89
89 101
89 95
95 89
95 89
95 5
50 95
89 95
5 95
125 121
5 50
89 95
95 50
89 95
5 95
100 119
5 50
5 47
5 50
89 50
89 5
89 95
95 5
50 89
89 5
5 95
5 81
89 95
95 89
50 95
118 65
5 47
89 95
89 95
50 95
89 95
89 95
5 50
5 89
50 95
32 74
50 5
50 60
5 89
89 5
89 95
95 50
5 73
5 50
95 23
89 95
5 89
89 50
95 50
50 49
89 95
5 95
50 28
64 63
95 5
5 95
64 117
89 50
89 95
95 5
96 25
5 73
89 95
95 11
5 50
95 50
95 5
89 2
5 50
95 50
50 5
5 80
89 95
50 95
95 89
50 95
125 49
89 95
89 50
5 99
95 89
50 95
5 50
5 95
5 95
89 5
95 14
50 89
50 95
50 89
50 89
50 8
5 95
50 95
50 95
15 34
95 89
50 89
89 95
5 89
95 89
64 112
95 14
95 50
89 95
50 3
89 5
95 14
95 5
5 95
95 50
89 95
5 95
95 5
89 50
95 5
5 89
89 74
89 3
59 70
5 89
5 50
95 89
5 89
89 95
89 95
95 14
89 8
95 50
89 95
95 89
50 83
95 89
89 15
89 95
5 95
89 95
89 95
89 95
95 5
89 50
5 47
50 95
89 95
89 95
89 50
5 89
89 95
98 50
5 89
5 95
50 89
5 95
50 5
20 121
89 50
89 95
89 95
95 61
95 89
5 95
95 50
95 50
5 50
89 5
89 95
50 20
64 13
5 95
89 95
50 5
95 23
89 5
20 8
89 5
5 50
89 95
89 5
50 89
17 70
5 4
95 97
95 89
89 5
50 95
50 53
89 95
89 110
95 23
51 40
89 95
95 50
5 89
95 5
5 89
95 89
50 89
50 89
89 95
95 5
5 95
89 95
89 95
5 50
95 89
89 95
95 89
89 50
5 95
89 47
95 89
89 56
95 50
89 95
89 95
89 95
89 95
89 57
5 50
50 89
89 97
5 89
89 95
89 95
50 95
89 95
89 95
89 50
50 95
89 95
89 95
5 95
95 89
89 95
13 107
95 89
89 95
89 95
89 5
89 95
68 41
95 89
95 89
95 89
5 89
5 95
89 5
119 123
50 95
89 95
125 89
50 95
89 50
5 89
95 50
5 89
89 95
5 95
5 89
5 0
5 95
95 89
89 95
5 89
5 123
89 5
89 5
89 95
95 50
95 5
95 89
89 5
5 95
95 5
5 40
89 95
89 95
95 55
89 95
5 89
89 95
50 89
95 50
95 23
5 50
95 50
51 121
89 95
95 89
89 99
5 95
50 95
89 5
50 95
95 89
95 5
95 89
95 50
5 89
95 89
50 81
89 95
5 73
95 23
50 89
95 23
95 5
89 50
95 5
95 50
89 95
50 5
50 127
50 95
5 73
5 50
5 57
89 5
89 95
95 50
5 50
89 111
50 95
50 95
89 5
50 95
5 47
89 95
95 23
89 95
5 95
89 50
50 95
89 120
50 95
50 89
89 95
125 16
5 95
95 89
89 50
89 5
89 95
50 95
5 95
89 95
5 99
89 95
64 28
89 50
95 89
89 95
95 89
50 95
89 5
95 5
89 95
96 53
125 47
95 89
95 89
89 95
89 50
5 47
5 107
50 89
95 5
5 95
15 83
89 95
89 5
95 89
5 95
95 50
89 95
89 95
89 95
95 89
5 89
95 5
89 14
63 120
95 5
50 89
95 50
89 5
50 89
5 47
95 50
89 5
95 5
95 50
50 95
5 95
89 95
89 50
5 95
89 5
89 5
89 50
95 89
42 20
95 50
50 5
89 95
95 5
89 50
119 100
95 89
5 89
125 15
95 70
5 95
89 95
50 95
95 89
50 89
50 95
5 73
65 127
50 95
95 89
5 50
95 42
95 89
50 95
95 5
95 50
89 50
5 89
5 95
5 95
95 5
95 23
50 95
95 50
63 79
89 95
89 95
89 95
95 97
50 5
50 114
89 5
89 5
89 5
95 14
5 89
89 95
95 50
89 95
5 95
82 50
50 1
50 95
5 73
41 9
14 100
95 50
50 95
64 83
95 89
42 51
50 95
95 50
50 95
95 89
95 5
89 50
95 5
89 95
89 45
5 89
95 50
89 5
89 95
95 89
50 5
5 95
50 5
89 50
50 95
100 119
50 80
89 5
89 50
5 95
89 95
95 5
5 95
50 34
50 95
5 89
95 89
89 95
50 95
89 95
95 5
5 77
95 50
94 112
50 89
95 89
5 95
50 95
50 95
50 0
89 50
50 5
5 47
89 95
89 95
5 50
64 3
95 50
89 95
50 95
89 95
95 5
89 95
50 89
50 5
89 5
89 50
89 123
50 88
5 95
5 95
95 89
95 89
89 95
0 50
95 50
89 5
52 50
95 89
5 89
89 50
50 89
50 95
89 95
89 4
89 46
95 54
89 50
50 95
50 59
89 5
94 88
95 89
95 89
50 95
89 50
89 95
89 95
89 95
89 95
50 95
95 89
95 89
89 95
89 5
50 89
50 95
95 89
5 95
89 95
95 89
5 46
89 5
95 89
89 50
95 89
5 89
5 95
89 95
89 50
89 5
106 70
89 5
89 46
5 89
89 95
50 5
113 58
20 8
89 50
5 89
95 89
89 95
89 50
95 5
95 50
5 73
50 95
95 14
5 95
5 95
17 72
50 5
95 89
50 95
50 95
125 95
95 50
5 95
50 89
89 95
5 89
89 79
89 50
50 95
125 88
95 89
95 5
5 89
50 95
89 95
95 89
5 50
89 5
50 95
5 89
50 89
5 50
95 89
89 95
50 5
95 89
95 31
50 95
95 53
89 95
95 89
50 89
50 95
95 30
95 89
5 50
74 100
5 50
50 95
5 95
50 71
5 89
50 95
50 95
74 89
5 95
50 5
95 14
125 59
89 95
95 89
89 95
50 95
89 95
63 120
5 95
89 95
95 50
50 89
5 58
5 95
95 5
5 95
89 50
50 5
89 95
95 17
95 89
50 95
50 117
5 95
83 121
5 50
89 99
5 50
95 89
5 95
89 95
89 95
89 44
89 50
5 95
95 89
5 50
95 89
50 95
95 89
50 95
89 95
89 50
5 118
89 95
89 50
5 28
50 95
89 95
95 89
89 95
89 5
89 5
89 77
32 74
50 95
50 89
50 95
89 95
89 95
71 50
65 117
95 50
95 50
95 50
59 5
50 95
5 95
89 95
5 89
95 50
95 89
50 89
5 89
50 89
95 89
89 95
89 5
50 95
95 5
89 50
89 95
98 51
50 5
95 89
113 58
5 95
42 95
50 95
50 5
89 5
50 89
95 89
50 95
95 50
89 95
5 73
50 95
5 95
5 89
50 95
5 95
95 5
50 95
50 95
5 95
5 89
50 95
89 95
79 54
95 50
95 50
95 5
89 50
95 89
50 95
89 95
50 95
50 95
50 95
80 50
89 95
89 50
5 95
89 50
15 34
118 42
17 21
89 50
95 77
95 50
95 50
95 112
89 50
95 50
89 95
5 95
74 100
89 50
95 89
50 99
5 50
89 50
89 95
89 50
89 95
95 5
50 6
50 95
95 5
95 89
89 50
5 50
89 95
95 89
95 89
70 42
5 50
95 89
89 95
95 122
95 23
89 95
50 89
5 73
50 61
89 95
89 50
50 5
95 5
95 50
89 50
89 5
89 50
5 73
50 21
95 110
5 50
95 50
89 91
5 50
89 50
5 95
95 11
5 95
89 50
89 95
95 13
89 95
50 95
89 31
50 5
50 95
95 117
89 48
50 89
5 73
95 89
89 95
95 5
94 98
5 15
41 42
89 50
89 50
83 79
50 95
5 95
50 117
95 89
89 95
89 95
89 95
50 95
89 95
89 5
50 95
95 50
89 95
95 5
95 5
89 50
5 50
95 50
50 5
89 95
89 50
5 89
89 5
95 50
89 19
50 45
95 50
50 95
95 89
89 5
95 5
50 95
89 95
50 95
95 89
5 47
89 95
50 95
89 95
5 95
5 109
50 95
95 5
95 50
95 50
89 95
95 89
95 5
89 94
89 95
95 89
50 89
50 95
20 8
5 50
89 5
89 5
5 95
89 95
89 50
95 89
50 95
96 32
50 95
50 82
50 95
50 29
89 50
95 5
95 89
89 50
34 111
50 95
83 111
89 5
5 95
50 5
89 95
95 89
5 95
89 5
89 76
89 47
50 5
95 89
95 50
89 95
50 95
119 123
89 50
89 95
79 89
5 89
95 50
89 54
95 89
5 95
95 89
95 50
5 89
125 43
5 95
5 95
50 89
5 50
50 25
89 50
95 89
95 5
20 8
50 95
5 89
95 50
5 50
50 5
89 95
50 95
95 20
89 95
95 89
23 95
89 50
89 95
15 83
5 89
41 68
89 5
89 95
95 50
5 89
95 5
5 95
89 95
5 95
89 95
95 30
5 95
50 89
89 50
89 5
89 96
89 95
5 73
50 46
89 95
89 30
50 95
50 74
95 50
5 89
5 95
89 95
5 94
89 5
5 95
50 95
83 106
5 89
15 83
95 10
89 95
5 89
50 38
5 89
5 41
32 74
95 5
5 95
5 63
100 119
89 95
89 95
95 50
89 95
95 43
89 50
95 50
89 95
5 95
89 50
89 95
89 95
89 95
95 23
95 26
95 41
89 95
50 5
95 50
50 5
89 50
89 50
50 5
95 50
118 65
125 95
5 50
95 50
5 95
50 38
5 50
5 89
89 5
5 123
5 75
50 121
50 95
13 50
89 32
95 50
5 47
95 50
5 89
50 89
89 95
50 95
89 119
5 95
89 50
5 50
89 50
50 95
89 95
50 89
123 119
5 95
50 95
5 95
50 95
95 71
5 95
89 3
121 100
89 117
95 5
96 99
50 89
5 95
89 95
95 75
5 95
95 89
89 95
89 5
50 89
5 95
95 50
89 95
89 50
50 95
50 5
95 23
89 116
89 95
95 89
89 5
89 95
89 95
50 95
89 5
5 81
89 95
89 14
94 12
89 95
5 89
89 95
113 58
5 120
95 89
50 95
95 50
118 42
50 95
89 95
95 89
95 50
50 95
95 89
50 95
95 89
89 116
89 95
89 95
50 95
89 5
50 89
89 95
95 89
89 50
95 5
95 89
89 5
50 89
50 95
89 5
89 50
89 50
95 1
17 89
50 23
5 89
50 95
99 76
50 5
50 17
50 95
95 23
32 74
89 95
95 42
5 89
44 94
5 89
5 50
89 95
89 5
95 123
89 95
89 95
95 5
58 41
96 28
50 95
95 89
95 50
5 73
89 50
89 5
89 50
95 89
89 50
95 89
89 95
95 89
5 17
95 50
20 64
89 5
95 89
95 89
95 89
54 50
95 50
89 95
89 95
50 5
54 59
50 95
95 89
50 95
50 95
85 95
23 95
89 5
95 5
5 15
89 95
50 107
50 17
95 5
89 95
95 89
89 95
95 89
50 121
50 89
5 95
5 95
5 89
42 51
94 125
54 79
95 50
5 99
5 50
95 50
14 81
95 50
95 50
89 86
95 83
95 89
89 95
89 95
95 14
50 95
95 50
95 89
125 17
42 81
89 95
50 5
89 95
89 5
50 95
50 89
5 73
50 95
89 5
50 95
68 41
50 75
95 50
68 15
95 89
95 5
95 89
125 26
89 59
5 89
89 5
89 95
89 50
5 95
89 95
89 95
5 80
89 24
5 89
5 95
5 123
5 95
5 95
13 81
95 5
5 79
95 5
5 120
50 95
50 95
95 50
89 95
50 5
89 95
89 95
64 94
95 89
89 95
95 50
50 95
89 42
89 8
5 89
89 50
50 5
89 95
89 50
95 5
95 89
5 95
5 95
95 89
125 83
50 95
89 95
95 89
95 89
89 95
89 95
89 95
95 17
50 89
50 95
98 47
95 89
89 5
95 50
89 95
5 89
95 89
50 95
5 95
95 50
50 5
89 95
89 95
89 5
50 89
5 95
95 89
5 89
50 5
89 28
89 95
89 5
95 5
89 95
95 5
5 50
5 50
5 95
75 54
89 95
89 95
15 34
5 89
89 50
89 95
89 95
50 5
95 89
89 50
95 50
95 23
89 50
89 123
95 89
89 95
50 95
95 23
50 95
89 95
89 95
5 95
89 5
89 95
89 50
5 81
5 50
14 81
95 89
89 95
89 95
89 50
5 89
5 50
89 95
89 95
5 50
95 50
89 95
89 95
89 95
89 95
95 5
89 59
89 76
95 5
5 95
95 89
89 95
89 95
50 75
95 89
5 50
50 14
95 23
95 10
95 5
95 89
89 95
5 95
95 5
5 95
65 79
95 50
95 5
89 95
89 95
89 50
95 89
89 95
89 95
5 95
95 89
95 89
5 95
50 55
89 95
50 95
5 47
95 5
89 95
95 89
89 50
50 5
95 89
5 95
5 54
89 109
113 79
89 50
95 89
119 8
50 5
5 50
89 50
42 63
89 95
89 95
95 5
50 95
5 47
95 50
95 50
50 94
96 31
89 95
89 95
5 89
50 95
95 89
5 89
95 89
118 96
5 50
89 5
5 89
50 89
5 50
5 95
89 50
5 89
89 95
89 95
89 5
89 5
89 95
89 95
95 5
95 89
5 50
95 89
5 95
5 95
95 89
89 95
89 95
15 34
50 95
95 89
89 5
95 89
68 41
89 95
121 67
5 95
5 89
95 89
5 50
89 50
89 50
118 13
5 50
89 83
50 31
50 89
95 89
95 50
89 88
89 95
5 95
89 95
95 89
89 95
5 29
95 89
113 58
89 95
89 50
121 54
5 95
5 99
89 92
95 89
32 74
95 89
50 95
50 5
95 89
5 89
95 50
89 122
5 50
121 12
89 50
89 95
50 95
95 45
5 41
5 89
89 50
5 95
95 39
95 5
89 95
94 63
89 95
95 23
95 89
89 95
5 95
89 116
5 50
89 95
50 5
89 5
89 95
95 77
95 89
95 89
50 95
50 95
95 14
95 89
95 23
5 89
95 89
95 89
89 95
5 89
68 15
50 56
5 95
50 5
95 89
89 5
95 50
5 89
50 85
89 95
89 95
95 50
89 95
50 97
89 95
95 5
89 73
89 50
5 50
89 50
95 50
5 95
89 50
89 95
89 50
50 89
5 73
17 125
95 50
89 95
95 89
83 106
95 125
5 89
95 5
50 95
95 89
50 95
89 50
89 23
95 23
50 89
50 18
5 110
20 123
95 5
95 89
89 95
89 5
50 89
89 50
89 95
89 95
89 95
15 83
5 95
5 95
121 51
50 95
5 50
50 95
50 89
50 89
5 89
50 95
100 14
95 89
95 50
89 95
89 95
5 50
95 5
89 50
89 95
95 89
5 95
5 95
5 89
89 95
65 33
50 116
89 50
95 94
50 5
89 95
95 23
89 95
89 95
89 95
5 50
5 95
89 50
95 5
95 5
89 95
89 5
5 89
50 95
89 95
95 5
89 95
5 73
95 3
50 95
5 73
5 89
95 5
89 95
5 95
89 95
94 82
50 95
50 74
5 95
95 50
95 5
50 95
89 95
5 95
50 95
89 95
95 89
5 50
95 50
5 95
89 95
5 10
95 50
95 89
95 89
89 95
89 95
95 89
50 95
89 97
95 5
5 89
95 89
95 50
89 95
5 95
14 95
95 66
5 89
50 26
68 5
89 95
89 95
95 11
5 95
5 95
95 89
95 50
5 95
89 10
50 95
50 64
89 5
50 95
95 89
89 50
50 5
95 89
5 50
121 22
5 89
95 50
50 95
50 95
95 89
50 89
5 95
95 16
89 5
89 95
89 50
50 95
50 95
5 95
118 65
5 47
95 50
50 5
95 89
5 50
5 113
5 95
95 14
95 89
50 95
95 5
100 54
89 95
5 89
95 89
89 95
95 89
50 95
89 95
89 95
89 95
95 5
95 89
89 95
95 50
95 50
50 95
89 10
50 95
5 17
95 89
50 89
5 95
89 50
5 50
89 5
50 95
5 89
89 84
89 95
41 19
50 95
5 89
20 64
50 95
95 50
95 89
89 5
95 89
95 83
45 50
95 14
95 89
89 95
95 89
89 50
5 89
95 89
50 95
95 14
89 95
89 5
89 95
50 89
5 89
89 50
95 50
50 5
95 71
5 89
5 95
5 95
89 50
89 50
95 89
95 89
5 73
50 89
50 95
95 89
5 89
50 95
5 83
89 95
95 89
89 95
94 92
5 95
89 5
63 42
5 95
50 95
95 5
95 50
95 50
89 95
89 50
89 95
89 50
5 89
5 64
89 95
50 95
89 5
89 88
89 95
42 16
50 89
50 5
95 89
89 39
89 50
51 42
5 95
95 89
41 16
89 95
95 118
50 95
95 50
50 95
95 89
89 5
15 79
50 74
89 95
5 50
95 5
5 50
50 89
95 89
89 95
50 81
50 89
32 74
50 95
89 95
50 95
89 5
95 89
50 95
95 89
95 5
50 93
89 95
89 50
95 116
50 95
50 95
95 5
95 50
95 89
89 5
95 50
89 95
95 50
50 95
118 111
89 95
5 89
95 75
95 50
89 5
68 15
5 95
95 13
50 95
5 73
95 50
95 89
5 47
89 95
89 95
5 95
89 95
95 20
89 50
50 5
95 89
50 89
89 95
50 95
50 5
95 89
5 95
89 95
89 95
95 23
95 89
95 89
5 50
113 58
95 5
5 95
89 68
95 89
50 5
5 89
89 5
89 95
14 81
50 95
95 50
50 5
95 89
50 53
95 50
89 5
41 23
89 95
89 95
5 89
50 5
89 5
95 5
15 83
50 95
32 74
50 123
95 5
5 50
5 95
5 89
50 0
50 95
89 95
95 89
100 54
83 125
50 95
5 50
95 89
89 95
5 50
95 5
50 89
95 89
5 50
50 30
95 5
89 95
111 70
89 95
119 20
95 50
89 95
89 95
89 5
95 89
5 95
89 95
50 95
41 36
95 52
89 50
5 18
95 50
50 95
5 89
95 89
5 89
89 95
107 13
95 5
89 95
89 5
95 89
95 57
5 89
84 95
95 5
5 89
50 95
89 50
89 95
5 50
89 50
95 71
15 34
17 118
89 5
95 89
95 5
89 95
50 5
95 30
95 50
50 5
95 14
95 89
5 95
95 89
89 95
89 95
50 5
50 95
5 50
95 89
5 50
95 23
89 95
95 89
89 95
89 95
50 14
50 95
50 95
89 5
95 50
89 50
89 95
50 95
111 70
125 95
99 121
89 50
89 95
89 95
95 89
5 95
95 89
5 95
95 89
95 89
89 95
95 89
20 64
95 50
89 42
5 50
13 107
5 50
89 95
89 95
89 95
50 95
89 50
95 23
95 89
95 14
89 50
95 5
95 5
95 89
50 5
95 50
95 89
89 95
89 95
95 89
95 89
95 50
50 17
95 14
95 56
50 5
95 50
89 5
89 95
5 50
89 95
95 92
95 50
89 95
95 50
50 95
89 66
95 89
95 89
95 50
89 95
5 95
95 50
95 89
95 79
95 89
50 40
5 95
5 89
89 16
95 50
95 14
89 95
50 16
95 5
50 123
89 106
95 50
95 50
89 95
5 89
95 101
95 50
89 5
63 120
95 0
89 72
89 23
89 68
17 63
89 95
5 95
89 50
95 89
5 89
5 89
89 95
50 95
5 95
50 48
89 95
95 89
50 95
50 95
64 117
95 5
95 89
89 95
95 93
89 84
5 73
5 50
89 95
5 50
54 117
89 95
80 50
89 95
5 89
95 89
89 5
50 95
89 95
50 95
5 56
95 89
5 123
89 95
5 47
50 95
89 95
50 95
5 97
89 5
15 34
89 68
89 50
89 50
89 95
50 95
95 50
95 89
81 5
125 70
5 89
95 5
89 95
50 95
95 89
78 89
89 50
95 5
50 83
89 95
89 32
50 95
89 5
95 5
50 89
95 50
20 8
89 95
95 89
5 89
89 95
89 71
5 50
5 95
89 5
50 95
50 89
50 5
95 89
89 5
95 89
50 95
5 50
89 95
50 89
50 95
5 47
95 50
89 95
95 5
89 5
50 5
5 89
89 95
50 95
5 95
17 82
95 89
5 75
95 89
5 95
50 89
95 92
95 89
89 5
5 95
95 50
89 95
95 50
50 95
95 50
89 95
95 89
50 127
64 81
5 89
20 64
5 95
95 5
95 89
89 5
50 89
95 89
5 95
5 95
50 95
95 50
14 81
95 89
95 50
89 5
95 23
89 95
50 95
5 50
50 89
5 95
95 50
89 95
95 89
50 95
95 68
89 95
51 63
95 89
5 54
89 95
95 79
50 95
5 83
50 5
89 110
95 89
95 50
95 50
89 95
89 95
5 89
25 74
50 95
50 95
89 95
5 95
95 89
5 95
95 50
95 14
95 5
5 50
89 5
17 125
50 89
50 89
50 48
95 89
89 95
95 89
95 89
5 70
89 95
95 5
95 89
95 89
95 89
89 95
95 50
95 5
95 5
95 50
5 50
95 50
50 95
89 95
5 95
5 95
95 25
89 95
50 123
95 89
5 89
95 89
5 95
50 5
5 47
50 95
5 73
50 95
89 95
95 89
95 50
95 89
89 95
5 95
89 5
89 95
5 81
95 50
50 95
89 95
89 119
5 23
95 5
5 95
95 89
89 95
95 89
89 95
89 95
5 57
50 95
95 50
89 95
50 95
95 89
89 50
50 95
95 89
89 95
95 89
89 95
89 95
89 50
95 89
5 89
5 89
50 5
89 95
50 89
50 95
41 23
89 50
50 95
95 89
89 95
50 95
5 50
89 23
89 95
89 95
50 5
50 5
95 89
89 5
50 42
89 95
5 89
95 50
95 89
54 26
89 3
17 14
5 89
95 50
5 95
95 89
94 105
95 89
95 26
50 5
95 89
95 89
89 95
95 89
5 50
89 95
89 95
50 95
50 89
95 89
95 50
113 117
119 99
50 95
89 50
50 26
81 42
89 95
50 95
50 5
5 73
89 95
50 95
89 86
89 5
47 19
89 95
95 89
95 14
89 71
50 95
15 5
95 5
89 95
5 17
95 23
5 95
95 50
5 73
95 50
5 95
89 95
50 85
50 95
5 50
95 50
95 89
50 95
5 89
119 44
89 50
50 95
5 50
89 123
95 5
63 120
95 63
89 95
89 95
5 95
95 89
5 50
5 50
95 5
89 95
50 95
50 5
89 95
5 33
89 50
89 95
121 86
89 50
95 50
95 89
121 60
89 95
121 117
95 5
50 89
50 89
99 20
95 5
5 95
95 89
89 23
5 26
89 50
5 95
95 89
54 5
95 89
5 89
89 95
5 89
95 89
15 34
89 95
95 89
50 95
89 95
89 95
5 50
5 95
42 81
89 5
5 95
15 34
50 95
95 50
95 89
5 89
95 50
95 89
5 95
95 5
95 50
51 123
95 89
89 50
89 95
89 5
54 79
50 5
89 95
50 5
50 5
89 44
15 83
5 95
50 95
89 50
89 95
89 95
89 95
95 50
89 95
89 95
50 5
5 50
89 95
95 89
89 5
50 95
5 95
89 95
95 50
5 21
95 5
50 84
64 83
5 89
113 58
5 95
5 47
95 50
89 95
95 89
5 73
5 89
50 95
5 47
95 23
89 5
95 89
95 89
95 89
89 5
55 96
89 5
95 55
89 95
95 50
125 59
89 0
50 89
95 23
50 95
5 95
89 20
89 95
89 5
95 50
89 50
50 95
95 89
89 97
95 89
95 5
34 5
95 89
5 95
89 50
50 12
95 89
89 50
89 95
50 95
89 5
5 95
89 84
50 95
50 95
50 5
5 59
89 5
89 95
50 115
54 59
89 95
50 106
95 14
89 5
89 50
5 95
5 50
64 122
95 23
95 89
5 95
50 95
50 5
5 89
95 50
5 26
5 50
89 95
5 89
89 95
95 5
89 95
95 5
89 50
89 50
5 73
95 50
89 95
50 95
5 95
95 89
50 5
95 79
95 5
95 89
89 95
95 50
89 95
5 95
5 95
34 111
50 95
50 95
95 56
5 95
54 126
5 89
95 89
89 95
89 95
5 19
89 95
50 95
95 89
41 72
89 95
95 61
95 50
50 95
5 95
94 116
95 89
50 89
95 89
99 70
95 23
63 96
95 23
5 95
89 95
5 115
89 95
5 89
5 89
99 60
89 50
50 13
89 72
89 95
50 95
89 50
99 65
89 95
95 50
95 50
95 5
89 94
95 89
50 95
5 89
89 95
95 50
41 57
5 95
5 73
89 30
20 8
5 89
5 89
95 89
63 79
89 95
50 95
95 89
89 95
89 11
95 50
63 96
50 95
89 95
95 89
5 95
50 95
95 50
5 95
5 47
89 95
95 89
5 95
117 41
89 50
89 95
89 95
89 50
95 42
5 89
95 89
50 95
95 5
89 50
5 95
5 55
25 106
95 89
89 5
13 107
41 85
95 89
89 95
50 95
5 127
95 5
50 5
5 95
5 89
5 42
95 5
50 42
50 95
95 5
5 47
5 95
50 95
95 50
50 95
89 95
50 74
89 95
89 95
89 5
89 50
89 95
95 89
95 5
59 106
95 89
5 89
5 95
95 89
89 95
50 42
5 47
95 89
89 95
95 89
95 89
89 95
5 95
5 93
54 73
5 95
5 95
89 95
50 89
95 89
89 95
89 50
89 5
59 80
50 89
100 119
95 5
89 95
95 5
5 95
89 5
89 95
89 50
5 123
50 89
89 5
89 95
5 50
89 95
5 89
5 95
89 95
89 95
5 50
89 95
5 95
89 95
50 95
5 89
89 95
95 50
89 50
95 100
95 5
89 5
5 47
89 50
5 95
89 5
95 50
50 98
50 95
50 5
50 5
5 95
89 95
50 89
89 95
5 95
89 50
15 34
125 59
89 50
95 89
89 77
50 89
89 95
5 89
95 89
89 50
89 95
95 50
95 89
89 50
95 89
5 89
50 85
95 5
50 89
50 95
5 99
95 89
89 95
89 95
50 5
95 5
5 73
95 23
95 89
95 89
89 95
50 95
89 95
5 95
5 89
89 26
50 5
89 95
5 50
95 89
50 89
95 89
50 95
89 95
50 95
89 95
99 13
89 5
95 5
95 110
95 5
51 0
100 119
5 89
5 50
89 95
5 95
89 95
95 89
50 5
54 50
54 26
50 5
89 95
50 95
50 95
95 89
95 50
89 50
89 95
89 95
95 89
50 95
5 23
89 50
89 95
95 5
95 89
50 95
95 89
5 95
89 95
89 70
89 50
20 41
5 89
50 95
5 95
50 98
5 50
5 50
54 74
89 95
5 89
89 5
95 50
95 5
63 120
95 5
89 112
89 95
5 89
95 89
89 95
89 95
89 14
89 5
95 89
113 58
5 95
89 50
89 50
50 95
5 95
50 96
89 95
89 95
95 50
54 125
89 41
5 50
15 83
50 95
89 95
5 95
89 95
50 95
95 89
89 45
89 50
5 95
5 95
50 17
89 95
95 89
5 47
89 50
95 5
89 95
89 5
95 50
89 95
89 66
5 20
89 63
89 95
5 95
5 73
95 89
89 5
89 95
5 89
95 89
89 95
95 5
95 89
51 42
50 95
89 95
95 89
5 73
5 89
50 98
51 80
50 95
89 95
89 50
50 95
5 50
5 47
126 89
95 89
95 50
50 95
95 5
50 95
95 89
89 95
50 95
89 5
95 5
5 89
89 95
5 89
89 95
89 95
5 95
125 47
5 95
50 89
95 5
95 89
50 95
95 50
95 50
5 95
5 95
50 95
89 95
5 89
5 50
50 53
89 95
100 119
95 50
95 89
95 5
89 50
5 114
89 95
89 95
50 113
95 5
50 85
5 95
95 101
89 95
50 95
95 89
50 95
89 95
95 89
89 2
89 95
89 95
89 95
95 89
89 5
5 95
95 39
95 17
50 5
5 95
89 5
5 0
5 95
89 95
50 89
89 5
95 89
63 120
5 95
89 50
5 35
95 5
95 5
5 54
89 95
5 0
89 95
95 94
95 50
89 50
5 73
89 43
89 5
89 95
89 95
89 50
89 95
50 95
95 89
5 89
50 95
50 89
68 15
50 5
95 50
68 15
5 95
95 89
41 15
5 89
89 95
95 50
5 95
95 54
99 119
81 14
89 95
95 5
95 94
89 95
5 73
95 50
5 94
5 95
95 50
89 5
89 95
50 95
50 95
95 89
89 95
89 50
89 95
54 45
89 66
95 89
5 50
89 95
50 83
95 89
89 95
5 95
95 50
5 47
50 95
50 5
5 50
5 106
89 50
89 95
95 34
50 95
50 5
50 95
89 50
89 10
5 73
54 115
5 23
50 89
5 50
95 89
89 95
50 95
5 95
89 95
50 95
50 95
95 50
5 89
63 120
89 95
5 89
50 95
20 8
54 11
89 95
5 95
95 89
89 95
50 95
95 89
89 50
95 89
50 89
89 5
89 95
89 50
95 123
50 95
50 89
50 63
50 95
95 50
51 80
118 13
89 95
95 5
50 95
118 13
89 50
50 95
5 58
50 95
5 95
95 50
95 23
5 95
89 5
5 89
89 95
95 50
95 5
95 89
89 50
123 119
95 14
5 89
95 23
89 5
95 5
94 75
89 95
89 95
5 50
95 50
89 95
95 50
95 50
20 8
20 8
5 95
50 5
89 5
89 95
89 95
50 89
50 95
5 89
95 50
89 95
89 95
89 95
5 13
89 50
57 94
14 81
89 95
17 85
89 32
5 89
89 95
89 50
5 50
5 89
89 50
5 89
50 95
95 23
5 50
17 24
5 44
89 5
14 81
89 95
5 50
50 5
89 1
89 50
89 95
95 5
95 5
81 83
89 95
89 50
89 68
95 5
95 5
5 95
95 5
95 50
95 78
95 50
5 95
95 89
50 95
95 89
95 14
95 14
64 111
89 95
5 89
5 95
5 50
50 95
5 95
89 95
95 83
50 53
95 14
89 95
89 5
95 50
95 89
5 8
89 5
50 95
89 95
95 89
95 5
89 95
95 50
89 95
5 73
50 95
89 50
50 95
89 95
89 95
95 50
50 93
23 95
89 50
5 50
50 77
89 73
15 79
95 97
95 5
95 5
89 95
50 95
50 95
95 5
50 95
89 95
95 89
118 65
50 95
50 95
95 5
89 50
89 95
50 95
95 89
89 5
5 95
89 50
89 5
50 5
95 5
89 50
89 95
5 47
50 31
95 50
95 89
50 89
89 95
94 115
5 56
50 95
50 5
5 85
50 5
50 89
50 95
5 47
121 127
5 47
95 89
95 89
89 95
50 95
5 95
89 50
89 95
89 95
5 95
50 21
50 95
95 50
95 89
89 95
95 89
50 104
89 95
50 95
95 89
89 95
95 5
50 89
50 95
5 95
94 73
5 95
50 89
89 95
89 5
5 89
89 117
17 98
89 95
95 66
89 5
50 89
50 3
95 45
50 48
99 40
89 95
95 89
89 95
89 95
89 95
5 95
89 95
95 119
15 34
5 50
95 50
50 95
89 95
95 89
89 95
5 89
5 95
5 89
95 50
50 95
50 84
107 13
89 95
5 95
95 89
89 116
95 50
5 50
50 95
89 29
95 50
5 50
5 50
89 95
89 95
95 3
89 95
89 50
113 58
5 89
89 83
50 89
95 89
95 5
5 71
95 5
50 95
5 50
95 89
50 63
95 89
5 89
89 95
95 5
89 5
89 66
95 89
5 50
89 5
95 50
95 89
89 5
95 89
50 89
89 50
89 50
5 50
89 95
95 50
89 95
95 89
50 5
50 95
89 95
89 95
89 95
89 95
89 95
50 5
5 89
89 95
32 95
89 95
5 95
50 95
5 95
95 5
95 89
89 32
89 95
95 14
14 100
95 89
89 95
5 50
95 89
5 95
89 5
5 95
95 4
95 50
89 95
89 95
107 65
89 10
50 7
17 80
89 95
89 95
50 95
89 95
5 89
125 84
5 95
50 51
95 89
5 73
5 29
89 95
113 74
50 19
89 50
5 50
89 5
95 50
95 14
89 95
17 77
89 95
95 50
5 50
5 47
5 95
5 47
5 50
5 48
89 95
50 56
89 95
95 89
89 36
50 95
89 95
50 95
89 109
95 5
95 89
95 23
95 89
89 50
89 5
5 10
89 95
89 5
20 64
5 50
89 95
89 95
50 89
5 32
89 95
50 83
89 95
50 95
5 89
95 14
50 89
5 15
5 95
5 30
50 95
100 54
89 95
100 25
95 89
95 5
95 89
50 5
5 95
89 50
89 95
50 5
100 119
95 14
89 95
95 89
95 89
5 89
95 89
95 89
63 79
50 95
5 95
89 5
99 83
15 79
89 95
5 95
95 89
5 89
89 50
95 5
50 5
121 20
50 48
50 89
89 95
50 95
5 89
89 50
89 5
95 23
5 41
89 50
95 89
50 5
94 66
50 95
50 89
95 5
95 5
95 89
89 50
79 63
89 95
50 95
65 94
50 5
95 23
89 95
89 50
89 95
95 89
89 95
94 47
95 50
50 95
5 95
5 89
5 95
89 95
99 62
94 100
89 50
50 5
95 76
50 95
125 40
5 95
89 95
50 95
50 89
5 89
89 93
50 95
89 95
50 95
95 5
5 89
5 95
95 89
89 95
95 89
5 50
5 86
95 17
15 83
5 73
5 97
89 50
50 95
95 5
95 50
5 14
5 95
63 120
89 5
5 50
89 95
89 50
95 14
5 95
95 50
89 95
50 102
95 89
50 42
89 95
50 89
17 24
50 89
89 95
5 89
50 13
50 74
89 95
95 89
89 50
94 49
95 89
50 95
89 50
95 89
89 50
95 5
89 95
5 89
89 95
5 50
95 50
89 95
95 89
89 50
50 5
50 95
50 59
89 5
50 89
50 95
5 89
5 95
113 58
89 95
95 50
89 95
89 5
5 14
5 89
89 67
95 50
89 95
89 50
89 95
5 95
95 5
95 89
50 95
95 5
95 50
95 89
95 50
110 95
89 5
95 50
5 95
89 95
5 95
50 95
89 95
89 50
95 89
95 50
95 50
95 50
89 95
50 95
95 89
89 95
50 84
100 119
89 119
95 50
95 5
5 89
95 89
5 95
50 89
64 74
50 5
89 54
89 95
5 116
5 89
89 5
89 95
50 95
50 95
95 5
95 89
17 80
89 95
89 95
51 80
5 89
50 95
50 5
5 95
89 95
89 50
89 5
89 39
5 0
89 5
89 95
50 95
89 95
8 5
50 95
50 95
95 50
99 105
5 95
89 50
81 100
89 95
89 95
95 14
95 5
89 95
50 95
5 50
89 95
89 95
89 95
95 5
89 5
89 95
89 50
89 95
89 95
5 95
95 89
89 95
89 95
89 95
5 89
50 89
89 50
50 95
5 50
5 89
17 125
95 89
50 95
50 95
5 89
50 117
5 95
95 50
5 62
95 50
50 5
98 47
89 99
89 95
5 50
89 5
95 50
15 34
89 5
50 95
50 95
89 95
89 95
50 89
95 5
5 89
5 89
89 95
5 73
89 95
95 89
50 89
50 5
50 95
95 14
89 95
89 5
50 89
5 95
95 23
5 95
83 79
95 5
5 50
89 50
89 5
5 102
89 97
50 5
95 89
89 95
20 64
95 89
63 42
89 95
50 5
89 95
95 89
89 50
119 123
50 89
95 50
50 89
5 95
89 95
5 89
89 95
89 95
89 95
95 89
95 89
50 89
50 95
50 5
5 89
50 95
95 89
89 95
50 95
89 50
5 89
5 95
50 95
5 17
95 50
5 47
95 89
95 89
50 95
50 17
95 89
50 72
89 50
5 95
50 30
89 5
89 95
95 89
5 50
89 95
89 95
95 50
95 5
89 95
95 89
95 89
95 89
15 79
95 50
5 50
51 81
89 50
50 72
89 95
95 5
20 50
5 50
95 5
95 50
5 73
50 89
50 95
50 95
89 95
50 89
5 95
89 5
50 68
5 95
89 95
50 95
95 63
95 50
89 95
50 95
5 50
89 50
20 8
95 50
73 83
5 95
5 10
50 89
89 107
5 95
89 95
50 95
95 89
20 8
89 95
89 95
89 5
95 14
68 14
95 89
89 95
89 95
5 50
89 5
89 5
50 89
89 95
95 89
5 95
89 95
5 89
74 100
89 95
89 95
95 5
89 50
5 89
50 5
89 95
89 95
89 5
5 50
95 89
89 95
89 95
5 95
89 95
95 89
5 95
50 95
89 68
95 14
50 95
95 89
5 89
50 95
50 95
50 89
50 95
89 95
95 5
95 89
95 50
5 89
89 50
5 89
50 2
95 89
100 14
5 95
89 101
50 95
50 82
5 123
70 42
50 95
89 50
95 5
50 89
5 73
42 50
5 89
95 89
50 95
50 44
50 26
89 95
95 89
89 5
95 89
89 65
95 50
95 89
5 95
89 111
50 95
5 95
5 50
89 95
89 95
50 39
95 1
95 50
89 5
95 89
5 95
95 89
50 115
120 79
50 95
89 95
5 89
5 95
95 50
95 5
95 50
50 89
95 89
89 5
50 95
50 89
89 5
89 5
95 89
50 89
50 20
89 5
89 95
95 50
50 5
50 48
50 95
95 89
50 95
64 83
95 89
95 89
50 95
50 54
98 50
50 17
95 98
5 89
89 95
20 8
89 95
5 95
89 50
89 95
89 5
89 50
50 95
5 50
89 50
89 95
5 50
89 95
50 127
89 95
89 95
89 95
89 95
5 95
95 5
95 89
5 47
5 30
5 89
95 50
89 5
5 95
5 95
63 79
95 50
89 95
89 5
47 65
95 50
89 95
89 50
95 50
50 17
50 97
42 20
113 58
50 95
95 50
50 95
89 5
95 23
50 95
89 68
50 89
5 51
89 95
95 89
70 42
89 95
89 95
89 95
50 95
89 95
95 50
100 119
89 122
5 95
89 123
41 62
95 92
5 95
89 95
5 50
89 95
100 14
95 89
95 89
50 95
50 95
95 5
95 89
89 50
89 95
95 50
95 50
89 60
5 95
5 95
89 95
50 89
89 50
41 15
89 95
95 50
95 50
89 50
95 89
50 95
89 95
113 58
95 50
89 95
89 95
89 95
99 36
89 95
89 95
89 50
73 5
95 5
89 95
89 95
95 89
70 42
89 95
89 18
89 50
107 13
95 110
89 95
5 50
95 5
5 89
89 5
5 122
99 15
50 95
89 50
5 50
5 89
89 95
50 17
89 95
50 95
50 95
5 50
89 95
89 95
95 5
50 95
95 89
95 23
89 50
95 89
50 4
95 89
89 73
89 97
51 42
89 95
50 5
5 95
15 34
5 73
95 60
5 109
5 97
64 83
89 95
89 50
95 89
89 5
89 95
89 95
50 5
89 95
5 89
89 95
5 59
5 89
5 89
50 95
50 95
5 50
50 95
95 89
42 81
95 89
95 89
95 89
5 73
5 89
89 95
89 95
5 73
89 95
5 20
89 5
89 95
95 89
50 5
5 73
50 95
5 89
5 89
89 95
95 14
95 5
15 79
89 95
89 95
5 50
95 89
5 50
15 34
5 95
50 89
95 89
95 89
5 50
89 5
5 95
50 95
95 89
5 95
50 5
95 5
89 29
64 21
56 5
64 98
5 89
14 95
89 50
50 95
50 89
95 5
50 95
89 95
95 50
89 95
89 36
50 95
95 5
89 95
50 95
89 95
50 95
5 95
89 95
89 57
89 95
50 95
68 15
95 5
50 95
50 89
50 89
50 54
50 95
41 31
5 89
89 95
95 50
5 89
89 50
95 23
89 95
5 89
89 95
5 89
89 95
50 5
89 95
89 95
89 95
89 50
5 89
50 89
89 95
5 122
89 95
54 95
83 106
95 50
95 50
89 5
95 89
95 89
95 50
95 113
95 89
89 95
89 95
5 95
50 89
95 89
95 89
95 89
95 50
89 95
5 89
95 50
95 89
95 89
95 89
89 95
5 47
95 50
95 89
89 95
5 100
89 95
95 50
50 5
95 5
96 9
95 50
89 95
95 89
89 5
95 50
89 95
125 117
89 95
95 89
5 50
95 14
50 95
89 50
95 50
89 95
106 89
95 50
95 89
50 95
50 89
50 5
95 50
50 95
5 95
5 95
95 89
89 97
95 23
17 16
89 95
95 30
89 50
5 50
95 89
95 89
5 89
95 50
89 21
95 50
89 95
89 95
89 95
50 5
50 95
89 95
89 95
5 95
95 5
5 89
50 95
50 102
89 30
50 89
5 30
95 89
5 95
5 89
89 95
95 89
50 5
51 5
5 89
89 50
89 50
123 125
50 95
50 121
95 89
50 95
89 95
50 89
5 89
5 47
95 50
50 96
5 50
89 95
5 50
89 95
50 89
50 95
89 95
50 95
5 47
89 5
95 50
50 89
95 50
50 5
50 95
5 79
95 89
50 89
89 95
95 89
89 95
50 95
89 95
50 95
89 26
5 95
89 5
89 5
50 5
50 52
89 95
5 95
50 124
50 74
89 5
89 95
64 83
50 94
95 50
5 89
5 50
89 50
89 50
5 95
89 74
50 95
5 110
50 95
94 59
89 95
95 50
95 50
5 89
50 5
89 5
89 50
89 5
44 5
81 64
95 89
95 14
95 50
89 95
89 95
5 89
89 50
94 14
89 95
50 83
89 95
89 5
50 93
89 120
58 113
89 95
95 50
5 95
89 95
89 50
5 95
50 5
121 20
50 89
95 89
89 95
50 95
50 5
95 89
89 95
121 83
5 89
5 95
95 89
89 95
5 125
89 50
95 93
95 50
89 5
50 5
119 123
98 50
5 95
50 89
50 95
95 89
5 50
89 95
95 5
50 89
5 73
5 42
95 89
5 89
89 95
50 15
89 95
89 50
5 95
5 95
50 48
5 89
5 110
50 95
5 95
50 95
50 5
5 18
95 89
95 14
50 125
5 73
89 95
95 14
95 23
89 50
5 95
50 95
68 15
95 89
50 89
89 5
89 95
95 50
5 89
5 89
5 39
89 95
95 89
5 50
95 89
5 89
95 5
118 65
89 81
5 89
5 95
95 5
63 32
89 95
89 95
95 89
95 49
89 50
89 50
50 95
42 51
50 51
95 23
50 83
95 89
50 95
5 95
50 95
50 5
95 127
95 89
95 89
89 95
32 74
50 95
5 95
89 95
89 50
95 89
95 50
50 95
50 89
89 95
95 50
89 95
95 82
5 89
89 50
89 95
50 95
89 95
5 89
50 95
89 95
89 95
5 47
95 89
89 50
50 95
5 95
89 95
95 89
50 95
5 75
5 50
89 95
5 95
5 95
5 50
89 95
5 50
89 95
5 89
95 89
50 5
89 95
50 95
89 5
50 89
50 95
113 58
89 50
5 89
95 5
95 89
50 95
89 50
5 89
89 5
5 17
50 65
95 48
50 110
89 95
89 72
89 95
89 80
5 95
95 89
95 50
50 97
5 50
95 89
89 50
50 95
50 95
5 54
95 89
95 5
95 89
89 17
5 82
50 95
89 95
89 50
5 50
5 95
95 89
95 89
89 95
95 89
89 95
15 83
89 95
89 43
89 78
5 89
100 119
5 73
42 51
50 95
89 95
5 95
5 98
50 89
20 121
5 95
5 89
50 95
89 94
89 95
50 91
95 50
89 95
89 95
89 95
5 95
5 50
56 83
50 5
95 89
95 23
5 89
95 89
50 95
89 63
50 95
89 95
89 5
50 95
95 89
89 95
89 95
50 95
5 95
95 50
89 95
99 96
89 42
5 73
89 5
41 68
95 89
95 50
81 42
50 95
95 89
5 95
95 89
95 89
89 95
89 5
50 89
89 5
89 95
89 95
50 89
121 79
95 50
50 2
5 89
89 5
5 95
89 50
95 5
50 95
50 95
95 50
95 50
50 95
89 99
50 89
95 5
95 5
5 13
5 95
89 95
95 14
95 89
89 5
89 95
50 95
95 89
89 95
95 50
89 95
95 14
89 95
95 50
95 89
89 5
89 95
89 95
100 14
95 14
5 95
119 123
89 50
50 95
89 95
89 95
89 95
50 5
95 89
89 95
89 95
89 117
95 5
95 89
5 89
95 89
50 1
89 95
119 123
50 5
95 89
95 89
89 95
5 73
89 5
50 89
50 95
95 50
50 95
89 50
95 50
50 95
95 23
50 95
5 95
50 95
50 82
50 95
5 95
89 95
95 50
89 50
95 50
89 50
95 5
95 89
95 50
50 5
89 50
89 95
5 73
5 89
95 50
5 89
89 50
5 95
89 5
89 95
89 95
89 95
95 89
100 119
50 95
95 89
95 89
5 89
50 95
89 50
95 89
95 23
50 65
95 89
5 95
89 50
50 5
89 95
50 5
50 95
50 74
89 5
5 95
89 5
50 89
5 95
5 95
50 89
50 95
5 95
50 5
89 5
20 64
89 5
5 95
5 95
95 89
95 89
89 95
95 50
50 89
89 95
89 95
5 47
50 95
5 95
5 50
89 95
5 14
50 95
89 17
80 79
50 89
95 5
89 95
89 95
50 76
89 127
50 95
89 42
89 95
47 5
50 95
5 95
95 23
95 89
89 95
89 95
95 89
50 95
89 5
50 95
50 95
5 95
89 50
5 95
89 110
50 95
89 50
121 97
95 89
89 95
89 50
5 89
95 89
95 89
89 95
5 122
95 50
89 95
89 5
89 95
50 89
89 95
89 95
5 50
41 89
95 14
5 50
5 95
89 83
95 5
89 95
5 50
50 95
95 5
89 95
5 89
51 118
5 95
89 95
89 95
95 50
89 95
94 46
50 5
95 89
50 60
95 50
95 50
95 26
89 50
95 89
89 95
89 20
95 5
89 95
89 50
89 95
95 5
89 95
95 5
50 89
95 50
50 95
95 50
95 50
5 102
89 95
89 92
95 89
95 23
95 89
95 5
5 78
5 50
89 95
5 95
95 89
8 65
95 89
95 89
50 5
95 50
50 95
89 95
50 118
14 81
5 50
5 50
50 95
54 56
50 95
89 95
95 5
50 89
95 89
50 89
89 95
95 23
89 95
89 116
50 95
5 95
89 95
5 89
89 73
5 95
5 95
89 95
95 89
95 5
89 95
50 95
50 89
89 95
89 95
95 50
89 5
50 5
94 7
95 50
89 95
89 50
95 51
95 89
41 70
5 95
42 51
95 50
58 113
95 89
95 5
95 50
5 89
89 50
5 73
5 95
5 100
5 95
89 5
89 50
95 5
95 5
5 89
50 5
5 89
89 95
5 73
95 89
95 50
5 50
50 109
50 45
95 89
51 63
5 95
5 89
95 89
41 47
5 95
95 110
89 95
50 95
89 50
89 95
15 83
50 95
5 95
89 5
5 95
42 51
89 5
41 55
50 5
5 95
50 95
89 95
50 5
89 50
95 89
5 95
95 5
50 95
89 95
95 89
89 50
63 59
89 95
50 5
5 89
50 5
89 50
89 95
89 95
89 95
5 50
95 50
89 95
50 89
89 116
50 89
89 95
89 95
50 89
89 95
5 50
50 95
50 89
5 95
95 89
89 50
89 95
5 95
50 98
95 89
89 95
89 95
5 89
5 50
89 5
5 95
89 95
95 89
89 95
127 95
18 125
58 113
50 63
50 95
50 89
89 50
50 89
5 95
89 95
96 41
5 89
95 83
50 95
5 95
89 50
5 50
95 5
50 89
17 125
50 95
42 20
50 89
50 95
50 5
89 95
95 89
14 81
5 73
5 95
50 43
50 95
89 42
89 95
89 95
89 5
5 89
89 50
95 89
89 113
89 95
95 23
89 0
89 5
89 42
50 95
50 5
95 89
95 50
50 121
5 95
50 95
5 95
5 95
89 95
5 50
95 89
5 95
95 50
50 89
95 89
50 95
95 50
95 47
95 5
95 89
5 92
89 95
50 14
95 89
5 89
65 72
50 45
89 95
50 95
50 16
50 95
5 95
95 50
50 89
54 106
5 95
94 20
5 47
89 5
5 95
89 50
50 5
5 95
89 50
89 95
89 95
5 50
5 95
17 125
89 95
5 95
89 50
95 89
89 95
89 95
89 50
50 113
50 5
95 50
50 5
89 95
89 95
89 5
89 95
89 50
95 93
95 5
5 89
50 89
95 76
32 74
95 50
63 51
5 95
5 50
20 8
95 54
95 5
5 95
5 89
95 89
95 89
5 95
95 5
50 95
14 81
5 89
95 23
89 50
89 95
89 45
50 74
89 95
119 20
5 95
50 95
50 89
5 50
95 5
89 95
95 89
96 94
95 89
5 50
89 95
50 95
89 32
95 89
89 95
89 95
95 89
50 89
50 95
50 95
89 50
89 95
50 5
50 95
83 15
89 95
89 50
95 14
89 95
5 95
89 95
50 95
5 95
89 95
89 95
89 50
89 50
50 95
95 50
5 95
89 95
95 50
89 50
95 89
50 5
50 95
95 89
89 5
50 83
50 89
89 50
95 49
96 6
95 89
89 95
95 50
95 50
89 50
50 95
89 3
95 50
89 71
5 34
50 95
95 23
95 5
74 100
95 89
5 46
89 5
95 5
95 17
89 95
95 5
89 95
89 50
15 34
89 5
50 89
50 95
95 89
95 123
95 28
5 95
89 95
89 5
89 95
5 95
95 17
89 95
89 95
5 95
5 89
89 95
89 83
89 50
89 50
95 89
95 89
5 89
50 95
125 95
95 89
50 57
89 95
89 95
89 95
50 95
89 50
89 95
50 5
50 5
95 50
89 95
89 5
125 64
95 23
89 95
50 95
89 95
5 95
5 45
89 95
89 95
5 95
89 5
5 116
89 50
95 89
95 50
113 39
5 89
89 50
50 75
5 95
89 95
5 89
50 42
5 95
50 95
89 91
89 5
50 95
89 95
50 95
50 95
5 95
95 89
89 95
95 89
95 14
50 94
50 89
89 95
89 50
89 95
5 89
5 89
95 50
95 89
89 95
89 95
89 50
95 89
50 17
95 89
95 50
95 50
50 89
89 95
89 95
15 83
50 89
89 95
50 95
5 75
95 89
89 95
5 50
89 5
95 5
89 51
50 95
89 95
89 95
89 95
32 74
89 5
95 89
5 95
50 5
50 85
5 122
121 76
95 50
89 5
95 89
89 50
89 95
50 95
50 89
95 5
50 95
64 94
5 73
50 95
95 89
89 50
5 50
89 95
95 89
89 50
89 50
5 50
5 118
5 95
95 89
5 89
50 95
95 89
5 89
50 95
95 50
89 95
89 95
89 95
95 50
17 5
5 89
50 95
50 79
17 7
20 64
50 95
89 95
95 5
95 89
42 51
95 50
50 95
89 95
125 34
5 95
89 95
95 50
95 14
50 95
89 95
95 50
71 95
5 95
89 123
89 95
95 89
51 74
5 95
89 77
5 95
89 95
50 23
95 23
95 5
95 23
95 89
5 95
5 95
41 123
89 95
95 89
5 95
50 89
89 95
89 95
89 50
95 89
50 95
95 5
89 5
50 95
95 89
51 119
50 5
50 89
89 5
89 5
125 126
50 95
89 122
89 50
89 95
5 58
95 89
42 51
50 89
89 95
89 95
50 89
123 119
5 89
5 95
89 50
5 95
125 53
50 95
95 50
5 95
50 56
5 89
95 50
5 89
89 95
89 95
89 50
50 89
95 5
14 95
50 123
50 95
89 50
41 68
15 79
89 95
89 95
5 50
89 5
94 53
5 95
89 95
89 5
5 50
5 47
95 89
50 95
50 113
89 50
89 95
89 95
89 49
89 95
5 95
95 89
50 17
89 95
89 95
89 50
95 5
95 23
89 50
50 95
89 95
5 50
89 95
95 89
89 95
50 122
89 95
5 50
89 95
89 95
95 50
89 123
118 65
98 83
5 95
95 89
95 50
50 95
50 5
50 95
89 95
50 95
89 50
95 71
20 64
50 95
50 17
50 95
5 95
95 50
50 95
5 89
14 81
50 5
15 83
95 50
89 95
5 47
89 50
5 47
89 95
95 50
89 30
5 95
95 5
5 75
89 95
89 50
89 50
89 95
100 119
89 95
5 47
94 33
50 89
5 50
89 50
89 5
5 95
89 95
89 95
50 77
89 95
89 50
5 89
5 95
5 47
89 95
95 89
89 50
95 89
89 50
54 83
5 95
95 14
95 51
89 121
95 5
5 95
15 34
95 89
95 89
5 95
5 73
89 95
89 95
89 95
5 95
89 95
50 95
5 95
89 50
95 5
89 95
89 95
50 5
5 95
89 95
89 95
89 50
50 95
89 50
50 95
5 73
5 50
89 95
50 89
64 96
95 89
50 5
95 89
95 50
5 95
20 64
89 95
89 42
