128 10000
89 50
89 95
63 120
83 89
99 104
89 95
95 5
95 119
50 5
50 89
89 20
89 68
89 50
95 5
89 95
5 89
50 60
95 89
89 95
95 89
89 5
95 89
95 89
89 95
5 95
5 95
95 5
89 5
5 73
5 47
5 89
95 5
95 89
5 95
95 89
89 95
50 95
95 89
89 95
95 89
5 95
50 95
5 50
95 89
89 50
51 11
95 5
50 95
89 95
95 50
89 50
89 95
89 95
89 95
89 95
95 50
5 95
95 50
95 110
95 89
89 95
5 50
5 89
95 89
89 83
89 5
95 14
95 89
95 50
95 89
50 19
5 123
50 95
95 89
50 95
89 95
41 43
95 50
95 23
5 95
5 95
95 89
89 95
95 50
113 74
63 96
95 89
50 5
95 23
95 89
50 89
95 5
89 50
17 93
50 0
95 5
95 89
5 95
95 89
5 50
89 95
50 95
89 95
89 95
89 95
50 5
89 50
50 95
50 95
89 50
89 95
5 50
95 92
5 94
89 5
89 50
8 64
95 50
95 89
89 34
89 50
95 14
95 89
89 95
50 95
5 95
89 50
50 95
5 50
89 53
89 95
5 89
89 95
89 95
5 95
95 50
89 95
5 50
95 89
95 89
5 89
95 50
125 95
95 50
50 5
50 95
5 50
50 95
89 95
95 50
5 95
95 89
5 95
50 16
89 95
95 50
95 50
5 47
63 96
95 89
95 89
95 5
95 89
89 95
95 89
50 60
89 95
5 89
5 89
89 95
95 89
50 95
95 14
89 5
5 89
50 77
5 50
50 95
5 45
5 50
89 95
5 51
50 89
89 50
50 89
95 63
95 89
50 95
51 88
89 95
95 50
95 89
95 23
89 122
50 95
5 50
89 5
5 96
89 95
95 5
50 95
89 95
5 95
5 66
50 45
50 95
89 95
50 89
5 95
89 95
89 95
50 95
95 50
50 89
89 95
95 50
89 95
50 89
54 119
89 95
5 50
50 71
5 63
95 14
50 95
89 5
89 95
50 95
50 95
111 70
5 42
89 0
41 119
95 50
41 48
50 95
50 5
89 95
95 50
50 5
50 95
50 5
98 6
95 89
89 95
95 5
95 83
5 95
89 5
5 95
50 33
95 50
95 5
95 5
95 5
50 89
81 13
50 95
89 95
5 50
5 50
89 95
50 34
5 60
89 50
50 89
89 95
89 50
89 95
50 95
50 95
50 95
95 50
5 47
50 95
89 5
95 89
89 95
95 5
125 72
89 95
89 95
89 95
95 89
89 95
5 89
50 5
89 95
95 89
95 50
50 95
95 89
89 50
89 95
95 23
5 95
50 95
5 50
50 5
95 50
95 2
50 95
5 50
95 50
89 95
5 89
95 89
5 89
95 82
89 50
89 95
5 89
89 95
50 95
89 52
95 89
5 89
89 95
89 95
5 95
50 95
89 50
5 50
50 89
89 50
5 95
5 50
50 95
95 89
95 50
89 95
89 95
89 95
5 89
50 89
95 89
95 89
5 14
95 14
95 50
95 5
50 95
107 13
95 14
50 95
89 50
5 50
89 50
50 5
95 5
100 119
89 76
125 8
5 73
89 95
95 89
89 95
5 95
89 95
50 95
89 95
95 50
89 95
95 50
95 50
89 95
5 95
5 95
50 95
95 5
98 30
5 61
95 89
89 95
89 95
50 95
89 102
89 95
64 118
89 50
5 89
95 50
89 5
50 5
95 5
95 50
50 5
89 95
89 0
50 95
95 50
5 50
89 95
5 89
50 17
5 89
89 95
5 95
89 5
50 89
95 92
95 66
50 89
5 89
89 50
89 95
95 5
89 5
95 89
50 95
95 50
95 89
50 95
50 95
95 50
89 50
5 73
95 89
95 89
50 95
125 95
95 50
50 95
95 50
50 107
89 95
50 5
41 94
95 5
95 14
89 95
5 95
50 95
89 95
89 83
89 95
5 89
5 89
95 89
95 89
95 89
50 95
89 95
17 83
89 50
95 123
95 89
118 65
5 95
50 95
5 30
89 95
5 89
50 46
95 50
50 95
5 83
89 95
89 50
89 50
95 47
89 50
95 89
50 5
5 18
5 50
89 5
89 95
89 95
5 89
89 95
89 95
95 5
89 42
95 89
50 30
50 95
95 50
5 95
89 95
89 95
89 5
5 50
42 121
95 5
50 89
89 95
95 89
5 89
95 89
89 50
50 95
89 5
89 5
95 89
95 14
98 8
5 95
50 5
50 5
5 89
95 89
50 5
50 95
95 89
50 95
95 23
89 50
89 95
95 89
50 95
63 23
65 29
89 14
95 50
95 5
5 89
89 95
50 95
25 100
5 101
89 109
50 95
15 83
5 95
95 50
65 117
99 124
89 5
95 5
5 95
50 71
50 95
89 95
89 95
89 95
50 95
89 95
5 95
99 26
95 50
89 95
95 14
5 95
95 14
94 3
89 95
95 50
89 95
50 89
89 95
5 50
95 89
118 42
95 1
89 95
5 89
95 50
89 95
95 110
107 13
89 5
89 95
5 95
95 5
5 95
89 95
89 95
95 50
5 89
89 5
89 95
5 95
89 95
95 89
5 95
5 89
95 89
5 89
89 5
89 95
5 95
89 5
89 50
50 89
5 95
95 5
50 89
89 50
5 95
89 42
5 95
50 89
50 95
89 95
89 95
89 95
89 95
95 50
5 95
89 5
89 50
95 23
50 95
50 5
20 8
64 116
89 95
113 74
50 95
5 95
50 6
5 47
95 89
95 5
50 89
89 95
89 50
89 95
79 83
89 71
89 50
50 95
89 95
50 95
89 95
5 47
5 95
5 95
89 95
5 50
95 28
5 95
58 59
121 76
89 95
50 60
89 84
5 95
50 95
89 5
5 50
5 95
5 95
89 50
95 89
5 50
89 95
95 50
95 5
5 50
89 50
89 95
50 89
5 50
99 94
79 80
89 67
89 5
89 95
89 95
5 95
95 50
89 50
95 89
95 89
50 54
89 5
89 95
89 30
50 95
5 95
50 118
50 123
89 95
95 71
50 89
89 50
50 95
89 50
89 95
83 89
5 95
95 50
89 95
95 50
123 119
89 95
5 95
50 95
118 42
5 95
5 73
89 50
5 95
89 95
89 95
5 47
17 125
95 5
89 5
95 89
94 25
89 95
89 95
89 29
58 5
89 95
5 95
95 5
50 89
89 50
50 95
50 5
50 95
50 53
50 89
42 51
5 50
5 89
89 95
5 95
5 50
89 95
89 5
89 50
89 50
50 89
95 89
95 89
50 89
50 47
5 68
89 5
89 57
89 95
89 31
50 89
50 89
99 74
89 95
89 95
125 110
89 50
89 95
95 122
95 89
95 89
89 5
95 89
5 89
5 89
95 89
89 50
50 95
89 95
95 14
50 95
95 50
50 95
89 50
89 5
95 20
50 95
89 95
95 89
50 89
95 50
89 95
5 95
89 50
89 95
50 95
89 51
16 99
95 50
50 6
5 95
5 95
5 95
95 89
95 5
89 50
50 95
95 89
89 115
89 5
89 95
89 95
5 50
89 95
5 98
95 89
89 95
95 89
95 89
50 95
89 95
89 95
89 14
50 95
95 5
5 50
5 25
95 89
50 95
89 5
89 95
89 50
89 95
89 5
89 5
89 95
50 95
121 86
95 89
95 50
94 63
50 5
5 95
50 95
89 50
95 50
95 89
95 89
95 50
89 56
95 50
95 89
50 95
50 95
50 95
100 119
50 5
5 47
81 42
125 15
5 89
5 47
95 89
89 50
95 50
89 50
95 89
95 50
89 50
89 50
89 95
89 95
95 89
80 125
95 50
95 77
89 95
50 3
89 95
95 5
14 5
5 50
89 95
95 50
89 95
5 95
95 50
89 5
89 95
50 5
5 95
5 73
50 95
89 95
5 83
89 95
50 17
89 116
5 95
5 95
89 95
5 89
5 95
113 58
50 95
63 120
95 89
95 89
89 50
5 73
95 89
95 89
89 5
95 50
5 73
5 50
95 5
89 42
89 95
51 63
89 95
89 95
99 125
95 89
50 89
5 95
95 50
5 34
5 95
95 5
89 5
89 5
50 95
89 5
95 89
89 95
5 95
95 89
89 95
95 5
116 50
50 5
89 50
54 118
93 50
5 95
50 95
95 23
89 95
89 95
89 95
95 50
89 95
95 5
5 95
95 50
89 95
5 73
5 81
95 50
5 50
89 95
95 89
95 89
5 95
50 95
5 89
89 5
89 14
5 95
5 95
113 58
95 18
89 50
94 1
5 95
89 95
95 89
5 76
96 102
15 83
95 23
89 16
95 83
95 50
89 5
50 95
95 89
50 89
107 13
41 23
5 50
5 47
50 95
50 5
89 95
89 95
89 95
54 83
50 95
5 73
94 89
95 5
89 95
50 5
50 19
89 95
5 89
5 89
89 5
5 95
50 95
50 89
95 50
50 95
89 95
50 89
89 95
5 125
89 5
89 95
95 50
95 50
115 89
95 89
99 124
95 5
89 95
95 89
89 95
95 14
5 95
5 95
50 95
95 83
95 5
5 89
95 5
95 89
89 5
94 33
95 89
50 66
50 95
5 95
50 95
5 47
41 70
50 95
50 95
5 113
95 5
5 95
95 89
5 50
95 50
50 95
5 95
5 95
5 89
89 50
5 73
5 73
95 89
5 89
5 51
95 5
5 17
95 50
95 5
50 95
89 95
95 83
89 115
50 95
121 38
5 95
5 116
89 95
89 95
8 20
50 95
100 119
89 95
5 50
95 89
95 89
5 50
5 50
5 95
95 89
50 89
5 89
89 95
95 89
89 95
89 50
89 95
95 5
89 95
50 95
20 58
89 95
50 63
95 89
123 119
89 5
5 17
5 89
50 95
89 50
50 95
95 50
89 50
5 63
50 95
89 95
89 95
89 95
89 95
89 95
5 50
95 38
5 95
95 50
89 95
5 50
5 95
5 95
58 79
5 104
95 50
5 95
5 50
89 5
95 50
5 95
5 89
5 50
95 5
89 84
50 13
95 89
95 50
95 50
5 89
89 95
95 8
89 95
50 95
95 5
5 95
95 89
89 95
95 50
89 71
5 73
5 3
95 5
5 50
50 46
5 89
95 89
89 95
95 50
50 95
20 8
5 50
89 5
89 95
5 95
89 95
89 52
5 50
95 50
50 95
5 95
89 95
50 95
5 89
89 95
95 68
5 89
5 95
89 95
5 89
89 50
125 12
89 5
89 50
5 95
89 50
5 95
5 95
5 95
89 42
50 95
95 5
95 50
41 88
89 95
14 5
47 20
89 95
95 30
89 50
95 50
5 95
89 50
5 95
95 94
89 5
51 100
95 5
95 5
5 50
95 99
95 89
95 79
5 95
5 50
50 89
89 5
50 5
89 95
89 95
89 95
50 95
89 95
5 95
50 95
5 89
95 89
89 95
5 95
95 122
50 95
95 5
89 95
5 95
95 89
121 99
89 95
89 95
89 50
89 95
79 63
89 95
39 50
95 5
89 50
89 95
89 50
50 89
5 73
89 122
5 89
5 95
89 50
95 89
5 50
89 95
5 89
89 95
5 95
89 5
89 5
89 5
121 20
15 83
89 102
5 47
89 95
89 66
95 89
95 5
95 89
89 5
89 95
95 50
50 95
5 95
51 20
5 95
95 89
95 50
95 89
50 95
95 50
5 34
50 1
89 95
89 95
5 50
50 95
50 89
95 50
89 95
95 50
95 5
89 93
89 95
5 50
95 50
89 97
95 50
95 14
89 71
95 29
50 95
50 89
95 89
89 50
5 89
89 95
89 5
89 50
89 95
50 95
5 47
50 95
89 95
95 50
95 89
95 89
50 5
50 10
100 119
50 95
95 50
5 50
89 5
95 50
5 89
50 95
89 50
5 107
89 95
95 89
89 5
95 89
75 89
95 89
95 89
5 89
70 42
95 89
41 68
5 89
95 14
5 89
89 81
89 83
50 89
89 68
50 113
89 50
50 51
95 23
58 8
95 89
5 89
95 5
5 95
5 89
89 50
89 50
50 89
5 95
20 8
89 95
89 5
5 50
5 95
50 95
5 89
95 5
5 45
50 95
89 67
89 50
95 14
89 95
5 89
5 95
89 95
89 95
5 95
5 89
89 50
5 50
95 89
50 95
89 95
95 50
89 50
89 95
95 5
50 71
64 83
95 89
89 5
89 47
95 125
5 73
95 122
50 95
89 95
89 95
100 119
95 111
50 89
89 95
89 5
50 5
95 89
5 89
95 5
95 5
50 5
5 95
41 50
50 34
89 95
89 50
89 95
95 14
50 95
50 89
125 98
42 51
95 89
5 50
5 89
95 50
5 50
41 68
89 95
5 95
54 45
50 95
89 107
89 95
89 5
5 95
50 5
95 89
50 95
5 17
95 50
5 89
50 55
5 117
95 89
5 95
50 95
50 95
54 3
50 95
95 89
95 89
95 50
5 50
50 95
89 50
5 95
5 95
5 95
89 95
89 5
95 50
95 50
95 8
5 45
8 64
89 95
5 95
5 95
95 89
95 5
95 50
50 95
89 26
100 119
95 89
50 95
89 95
95 50
95 89
95 89
89 95
5 59
50 5
50 65
5 89
89 95
95 71
50 95
5 50
89 31
89 5
113 58
5 89
89 5
89 95
95 5
95 89
89 50
89 5
95 5
89 95
95 50
95 89
95 89
5 23
5 50
5 95
83 14
95 89
50 5
95 50
95 89
50 95
89 94
95 50
50 89
50 89
89 5
17 98
5 95
95 66
113 76
50 95
89 95
89 23
95 84
5 95
89 95
89 95
5 95
95 77
41 29
95 89
5 89
95 50
95 5
50 95
5 95
95 5
5 50
58 24
5 95
42 51
5 50
95 89
64 3
50 95
89 70
5 47
89 109
95 89
95 50
5 95
89 5
5 95
95 89
54 12
5 95
5 89
89 74
95 5
95 80
95 50
95 50
89 95
89 95
50 95
89 78
95 89
89 95
89 50
95 5
95 50
95 31
95 89
89 95
50 95
5 89
89 50
20 64
63 120
50 95
58 77
5 95
89 95
5 95
20 8
89 84
47 5
5 50
95 89
50 95
89 95
89 50
95 89
89 79
121 81
5 50
5 89
89 5
89 50
89 95
5 95
50 95
5 95
89 95
89 5
51 48
95 5
89 95
89 95
50 95
5 89
50 95
50 95
95 89
125 117
95 89
89 50
89 95
5 89
5 95
5 50
95 14
89 95
5 95
89 10
89 50
89 95
89 95
95 89
95 50
89 5
5 95
89 5
113 58
79 80
89 50
89 118
94 99
95 5
50 5
89 95
95 5
89 5
95 20
95 89
95 89
50 5
95 5
50 95
95 117
95 89
89 95
5 47
89 50
95 5
98 51
79 83
89 95
95 123
50 124
5 95
95 23
89 95
89 95
89 95
95 23
5 50
89 50
89 95
50 95
50 95
50 95
5 95
89 50
95 50
89 30
95 50
94 34
89 50
89 23
95 50
89 95
5 95
95 74
89 95
50 95
50 95
89 95
50 5
89 5
95 89
5 50
50 115
95 5
89 95
5 50
50 95
89 95
89 95
50 95
89 95
89 95
50 95
95 119
95 89
89 95
89 95
5 50
95 5
5 89
5 50
95 89
50 95
50 17
95 89
89 95
89 50
95 50
5 95
96 11
95 50
5 50
74 100
89 50
89 95
89 95
5 13
89 5
89 95
5 48
89 95
95 89
5 50
89 5
89 95
89 95
95 89
5 123
89 95
89 95
42 111
89 95
5 95
95 79
89 5
50 95
95 89
95 50
89 95
89 5
13 50
95 89
89 50
50 5
50 47
15 34
5 89
95 89
89 50
95 89
89 50
50 89
20 64
95 89
5 50
100 119
5 50
89 95
89 95
75 89
50 95
95 5
95 50
89 50
50 104
50 95
15 79
95 89
89 95
50 5
83 106
89 95
95 50
89 5
50 89
89 95
95 5
95 5
50 10
89 95
89 95
50 89
95 50
95 5
5 83
13 81
95 50
89 5
50 68
68 15
5 95
50 89
5 89
89 50
89 50
96 41
50 95
89 50
95 89
5 95
95 5
95 5
89 1
95 50
89 50
95 50
5 57
89 95
5 89
50 95
89 95
89 5
95 89
89 5
89 95
5 95
89 95
111 70
89 5
50 95
50 14
89 95
5 89
5 50
89 95
50 89
95 89
50 89
89 95
95 5
89 95
95 5
89 95
47 5
95 89
95 89
89 95
89 95
50 117
5 50
89 95
89 5
50 95
89 5
95 5
20 64
95 50
89 5
95 89
89 95
5 50
50 95
94 121
121 16
95 89
5 95
89 95
89 0
89 95
95 89
96 99
95 50
89 95
8 64
89 95
95 23
50 5
95 89
89 95
63 81
50 95
89 95
54 50
95 99
95 50
50 95
95 50
5 50
95 89
50 89
95 23
89 95
50 89
95 50
89 95
113 58
89 95
89 123
5 50
95 89
95 50
95 89
89 95
89 50
95 71
95 5
5 95
89 6
95 89
89 95
89 95
50 95
95 14
95 89
20 123
95 50
95 5
50 95
95 50
89 50
95 5
50 95
50 89
95 89
95 50
63 96
95 50
89 71
50 99
50 89
89 95
5 89
5 95
89 5
50 95
89 95
5 95
50 7
95 89
89 50
5 77
89 95
5 97
5 89
89 95
20 8
89 95
89 95
95 89
95 89
5 95
89 95
95 5
95 5
50 95
15 83
95 89
95 5
50 95
5 73
5 89
15 34
89 50
89 5
5 51
89 95
50 95
118 5
5 89
89 95
95 50
95 14
95 5
51 1
5 95
50 42
89 95
20 64
50 5
89 95
89 50
100 14
89 5
20 64
5 89
95 89
95 14
5 95
50 34
95 89
50 95
95 98
123 119
89 95
89 78
89 95
89 95
50 89
50 95
79 15
89 50
95 50
89 95
95 89
5 95
50 89
23 95
89 81
89 5
5 89
89 5
113 58
95 89
95 89
5 89
95 50
50 5
95 5
50 95
50 109
5 25
89 95
50 89
95 50
5 95
5 95
50 95
50 95
89 5
50 95
50 5
89 95
50 95
95 14
50 22
95 50
89 95
89 95
50 95
50 14
50 17
95 23
5 50
89 5
89 95
5 95
89 50
89 95
5 89
95 89
5 95
89 95
50 95
95 89
96 114
89 50
95 89
94 88
50 5
95 5
5 23
89 76
95 71
5 95
95 89
5 50
89 95
5 89
5 89
95 50
5 89
95 89
20 64
95 89
95 50
63 42
95 50
89 95
89 50
89 50
54 31
100 119
5 95
50 95
95 89
89 50
50 15
89 50
50 65
89 50
5 89
50 95
89 95
89 95
50 109
50 5
5 89
50 95
50 95
50 95
89 95
95 50
50 89
50 89
95 109
89 0
89 95
89 95
50 85
89 95
50 95
89 115
95 50
5 89
63 96
89 95
95 89
89 50
95 23
89 50
5 95
95 89
89 95
5 89
50 40
95 89
95 50
50 89
89 50
89 50
89 95
50 89
89 95
95 5
89 95
50 5
5 95
50 95
95 89
89 95
50 95
95 5
89 95
95 89
89 5
123 125
64 94
50 5
50 89
95 50
95 5
89 123
50 5
89 95
95 89
89 50
89 95
89 95
95 89
89 35
89 50
95 89
89 50
15 83
50 95
89 95
89 50
50 95
5 95
89 95
5 95
5 95
89 95
89 95
95 62
113 58
89 50
50 95
5 50
89 95
95 89
89 5
5 50
50 85
95 50
5 12
95 50
95 5
5 95
50 89
89 95
58 113
50 95
95 5
50 95
95 83
50 5
89 5
50 45
5 95
5 95
89 95
5 50
95 50
95 89
5 89
63 120
95 50
50 5
50 95
5 89
95 89
50 89
50 84
95 5
89 50
89 50
89 95
50 95
95 5
95 5
95 5
89 95
89 95
89 95
5 89
89 95
89 95
94 78
95 5
5 97
89 50
95 5
89 95
89 50
95 89
89 95
5 95
89 50
5 95
50 95
50 95
95 5
95 50
89 95
95 5
89 95
5 47
95 89
95 5
50 89
95 23
89 50
89 95
95 89
95 5
100 119
89 95
89 95
5 50
89 7
89 50
50 5
95 89
50 5
95 97
95 89
89 17
50 89
50 95
95 5
89 18
89 5
89 95
95 50
50 89
89 5
89 50
89 95
89 95
89 95
95 14
5 95
95 50
95 50
95 50
5 89
95 79
5 95
95 89
50 5
89 95
89 50
32 74
89 111
95 5
89 95
95 89
50 30
89 50
89 5
89 95
89 50
95 5
89 95
5 95
95 89
95 89
50 5
89 5
89 95
5 89
50 16
95 89
5 89
89 95
89 97
96 28
95 5
14 81
89 79
50 95
50 5
89 50
89 76
8 20
89 5
89 95
50 95
89 95
89 95
5 95
95 89
50 95
89 95
95 23
89 95
95 5
89 0
58 75
50 95
89 95
5 95
50 89
95 50
95 89
89 50
89 95
5 89
5 95
95 89
50 95
95 5
89 95
89 50
95 5
95 23
89 50
5 89
95 89
89 95
89 95
50 89
95 89
5 95
5 95
89 50
5 95
5 73
89 95
50 95
50 95
50 89
89 5
95 5
89 95
95 89
50 95
5 95
89 50
95 89
95 57
5 95
95 89
95 23
95 89
95 89
51 63
5 95
5 89
5 58
95 23
5 50
5 89
89 95
89 95
95 5
95 50
50 95
50 95
89 66
89 50
50 95
95 43
50 30
95 89
95 89
89 107
50 45
5 95
89 50
5 50
89 35
16 51
89 95
89 95
95 5
89 50
50 95
89 50
50 89
95 89
95 47
95 23
89 95
5 95
42 51
89 95
95 89
5 95
95 50
50 114
5 89
95 89
89 95
95 89
95 83
5 95
89 95
5 95
5 50
14 81
5 95
95 89
95 5
95 23
89 95
95 89
50 95
95 50
89 95
89 95
5 73
89 95
50 5
89 5
50 95
89 95
89 5
95 5
5 73
95 14
89 95
89 95
89 95
5 50
51 83
89 32
89 95
95 89
89 50
89 5
96 62
95 89
5 95
95 89
50 57
89 95
5 95
89 95
14 81
95 42
5 89
89 123
50 29
89 95
113 58
95 89
89 47
50 5
95 18
95 89
89 95
89 5
89 95
89 95
50 89
89 45
95 50
95 14
50 5
5 95
95 5
95 50
5 118
89 50
50 118
95 23
95 89
95 89
95 50
50 95
95 23
89 5
5 95
89 95
89 95
50 110
50 89
41 68
89 50
5 122
125 70
64 101
50 95
5 95
95 89
95 89
50 22
89 95
50 42
50 95
5 50
89 95
50 114
95 50
95 5
50 89
89 50
89 95
95 89
95 89
50 127
89 50
68 41
50 95
89 95
50 61
95 50
89 95
5 89
95 50
89 50
89 5
50 95
89 95
95 50
5 95
50 5
50 95
5 95
95 50
89 50
20 64
95 23
89 95
89 5
118 65
89 95
89 95
50 95
89 95
89 110
89 50
50 95
95 84
89 95
89 95
5 89
5 73
50 95
89 74
5 95
89 95
89 73
95 5
15 79
51 62
89 95
95 89
89 15
5 50
95 89
89 5
89 95
89 95
89 5
95 89
95 89
89 95
95 50
50 5
95 23
89 50
50 95
89 50
95 5
50 5
5 95
95 43
5 89
89 95
5 95
5 89
95 89
50 3
50 95
89 50
89 95
50 95
5 89
89 50
50 95
95 123
95 5
89 95
5 73
95 89
50 89
89 50
50 89
95 50
89 95
50 5
95 50
95 76
5 89
83 95
5 95
13 107
89 95
89 50
89 95
125 98
51 79
5 89
5 50
5 30
89 95
89 50
89 95
89 95
50 95
95 89
89 50
50 89
95 50
50 5
89 50
95 50
89 95
5 95
89 95
95 89
95 89
95 89
95 5
50 95
89 50
5 73
89 95
5 50
33 95
95 89
89 94
41 113
5 95
5 73
95 89
50 95
89 95
95 89
89 95
89 95
5 95
50 48
89 50
95 89
89 5
50 89
89 5
89 95
95 5
50 5
95 23
5 50
89 95
51 58
50 5
50 89
89 95
95 5
89 50
89 95
96 97
50 85
50 89
89 17
50 95
89 5
95 89
89 5
95 89
89 95
89 5
95 5
89 50
50 95
89 95
125 98
5 73
95 89
95 89
95 89
5 95
89 95
50 95
50 89
95 89
89 95
95 89
83 19
95 50
89 95
50 95
95 23
89 92
89 50
5 50
5 95
89 95
50 5
50 95
5 95
89 5
95 23
5 89
89 95
123 119
95 84
89 5
89 50
89 79
89 95
50 95
89 5
95 5
89 95
50 26
89 50
50 95
95 89
89 95
95 89
89 95
50 95
15 41
95 89
89 95
89 50
50 89
95 5
51 121
50 95
50 89
89 95
50 95
50 97
113 58
5 50
89 50
95 50
50 5
95 89
50 95
5 50
89 95
95 89
50 5
54 68
89 95
5 50
5 89
5 50
89 95
50 89
95 50
89 95
95 71
50 89
89 5
5 50
5 89
89 5
89 95
95 5
50 5
89 95
95 89
89 82
125 95
89 50
23 95
20 8
89 95
89 95
50 95
89 95
5 25
89 95
50 95
89 50
5 73
89 50
89 95
50 5
5 106
95 89
89 95
89 50
89 95
89 50
95 50
95 89
5 77
50 89
95 89
63 120
89 95
83 64
89 95
89 95
89 95
89 95
95 50
5 50
89 5
89 50
89 95
50 95
89 95
89 95
89 50
95 89
95 83
89 95
95 89
5 95
95 50
89 50
50 89
95 89
89 95
121 50
50 89
95 50
50 89
5 95
95 89
89 95
89 95
89 64
89 95
89 95
50 95
89 95
5 47
5 95
95 89
5 107
95 50
51 43
70 42
95 5
50 95
95 89
95 5
95 50
5 89
95 50
95 89
50 95
89 50
89 50
50 95
95 5
89 95
89 5
99 32
95 5
89 95
50 95
89 95
89 95
89 95
5 89
95 7
20 8
89 26
5 47
89 95
50 68
5 95
5 50
5 95
50 17
89 5
89 95
5 95
95 71
50 3
89 5
95 50
50 95
50 95
50 95
89 5
5 73
89 95
5 118
89 95
89 50
89 50
89 95
50 95
95 20
89 123
50 95
5 50
95 89
5 50
50 95
95 50
89 95
5 8
89 95
95 99
51 46
50 95
5 73
95 50
5 50
89 95
89 95
89 95
15 83
95 17
50 89
5 95
50 89
5 95
89 5
5 47
63 79
50 95
50 5
95 105
95 50
5 95
5 89
89 50
89 95
5 89
95 14
95 89
89 95
5 50
89 95
96 42
5 31
95 89
5 95
89 52
95 14
89 95
89 5
50 19
89 95
95 5
89 95
58 42
50 70
95 3
89 84
89 95
89 5
95 14
89 95
5 50
5 95
89 95
50 95
89 50
89 95
20 8
17 117
95 89
89 50
95 89
89 95
50 95
50 95
50 95
89 95
5 95
5 89
89 5
89 50
50 95
95 89
89 43
58 24
95 89
95 50
89 5
95 18
89 50
95 5
50 95
5 95
95 50
89 95
95 5
89 95
95 14
50 95
14 81
5 89
95 50
95 89
5 106
5 95
50 95
89 95
95 50
50 95
50 95
89 95
95 5
5 73
5 89
89 5
89 95
89 95
17 80
95 5
50 95
50 89
5 20
95 89
95 89
89 5
95 89
89 50
89 95
95 50
5 50
95 5
50 5
95 89
89 95
89 95
50 5
5 89
89 95
5 50
89 14
89 95
5 47
95 50
89 95
95 89
89 50
89 95
64 83
95 89
5 89
50 95
5 95
20 64
50 95
95 5
5 95
50 89
50 95
95 5
89 95
5 95
89 95
89 5
89 50
5 95
50 116
5 95
5 50
95 89
89 95
89 5
89 95
89 50
95 5
50 95
50 95
89 95
79 54
95 116
5 95
89 95
95 89
50 89
5 95
5 95
89 95
89 95
89 50
5 89
5 50
121 102
5 47
5 29
95 89
89 95
5 95
5 50
5 95
50 53
50 95
89 95
89 95
95 89
5 47
95 50
95 5
89 50
89 95
50 65
50 95
50 115
95 89
95 89
89 95
89 95
95 5
89 95
89 95
89 5
95 50
89 5
95 50
89 5
5 95
95 89
5 95
89 95
95 50
50 5
89 95
50 95
125 79
50 89
95 5
94 48
95 89
5 95
50 89
5 89
89 95
50 5
95 50
50 63
50 95
5 50
95 50
125 104
5 95
89 5
51 48
95 89
89 50
5 95
89 50
5 89
17 5
20 64
94 80
5 95
89 95
95 23
50 19
95 89
50 14
95 89
113 50
123 95
95 89
89 95
20 123
95 5
95 89
50 89
5 95
50 5
95 89
95 89
95 89
89 50
15 79
89 95
121 5
89 50
50 89
96 82
50 95
89 43
5 50
89 5
5 89
125 68
89 50
5 89
89 11
50 95
95 89
5 95
47 5
5 89
89 95
89 95
50 5
50 89
89 95
50 5
5 89
50 95
50 95
89 110
95 89
89 95
5 77
95 89
89 95
68 15
95 89
89 95
95 117
89 95
95 50
95 50
89 47
50 95
5 95
89 5
5 50
5 89
50 5
5 95
5 95
89 50
95 50
89 73
95 92
95 89
50 79
14 81
5 95
89 5
50 89
89 50
95 89
89 50
89 28
51 42
89 95
89 95
5 95
89 95
5 95
89 95
5 95
50 5
5 89
95 5
107 13
95 89
124 89
3 50
89 95
5 95
63 96
95 50
50 89
89 95
50 5
5 89
89 95
89 95
50 5
50 20
89 95
89 50
50 95
89 50
89 95
5 89
95 89
50 95
50 95
5 71
95 26
89 95
89 95
20 64
5 83
95 50
20 8
5 89
95 106
95 50
5 89
14 100
95 89
89 50
5 89
50 95
89 95
89 5
89 5
89 95
89 95
95 14
89 23
89 95
89 50
89 95
54 65
5 89
50 5
95 89
95 89
95 5
5 50
95 50
5 95
89 50
50 5
95 89
5 95
50 95
89 78
89 65
5 95
95 89
5 95
89 95
20 64
50 5
5 95
95 50
5 95
89 95
89 95
50 95
5 50
50 95
89 95
89 95
95 89
95 5
50 95
5 50
89 95
95 94
5 95
68 15
89 5
121 72
5 95
89 50
89 95
95 89
95 5
5 95
89 95
89 50
89 95
5 95
5 89
5 95
89 50
5 50
89 4
63 96
95 5
95 89
89 95
50 95
89 5
89 95
50 95
50 5
50 17
95 89
89 95
5 95
95 5
95 89
50 120
95 23
5 95
64 83
95 89
95 89
5 95
95 5
74 89
89 50
5 47
95 5
5 95
50 95
5 95
5 89
41 68
5 95
5 95
50 95
50 95
89 95
5 95
50 5
95 50
89 50
50 95
58 24
5 89
89 95
5 2
89 95
89 50
89 5
95 89
50 95
68 15
5 59
5 89
50 89
95 50
89 95
95 14
89 95
5 95
5 34
5 73
89 95
89 95
89 95
119 99
95 50
95 50
95 89
50 5
95 89
95 89
51 100
89 5
89 50
95 89
95 89
89 50
89 115
41 115
95 89
89 95
89 95
95 99
95 50
89 5
89 95
89 5
89 50
50 95
5 89
50 95
5 50
95 5
95 14
95 50
89 95
89 5
95 50
5 95
50 95
89 95
50 89
95 89
95 89
50 1
95 5
89 95
5 95
89 13
89 26
95 5
95 14
95 5
95 50
89 95
5 95
5 95
89 1
5 95
5 95
95 5
89 5
89 95
25 79
50 110
5 63
50 95
89 5
89 95
89 5
50 95
89 5
95 50
89 5
89 78
50 98
5 50
89 95
89 5
89 95
89 95
5 47
5 50
95 89
50 95
95 89
89 95
50 95
50 5
5 47
5 50
95 39
50 5
89 50
51 78
50 5
89 95
89 95
89 95
95 50
95 5
89 95
81 42
50 89
5 95
79 121
89 50
5 89
89 5
50 5
5 95
89 95
50 95
95 89
89 95
5 89
125 126
5 95
89 50
89 50
5 95
95 5
89 3
89 95
89 95
50 42
5 73
89 95
89 95
50 95
89 95
89 50
5 50
95 14
95 45
50 95
89 95
95 89
89 95
50 23
89 95
95 89
89 95
65 71
95 5
5 95
50 95
89 95
95 50
95 23
89 95
5 89
50 95
5 95
95 23
50 5
50 95
5 89
89 95
5 95
5 89
95 89
95 89
50 1
95 5
95 89
5 95
42 111
89 50
50 5
50 89
89 95
50 5
95 30
89 95
5 95
89 5
95 5
95 89
50 5
5 95
5 89
5 95
89 95
5 89
95 50
89 95
95 89
5 95
65 97
89 95
89 95
95 23
5 50
5 47
89 95
50 89
5 50
50 95
95 5
50 95
95 89
95 14
89 50
89 50
50 123
5 89
89 50
89 95
54 100
5 89
5 73
95 2
95 89
50 95
89 95
95 89
5 95
50 5
5 50
95 89
89 50
50 95
89 95
64 8
89 50
95 89
95 89
89 95
89 95
89 95
5 95
50 89
95 5
50 89
89 5
5 89
95 70
50 95
89 95
50 95
5 50
89 95
50 95
50 5
89 5
95 17
89 95
89 5
95 5
5 95
50 19
89 95
5 89
5 95
107 13
64 120
89 5
50 95
63 50
50 95
89 5
5 95
89 95
89 50
95 89
89 95
89 95
89 95
95 89
89 95
50 5
95 89
95 50
89 5
50 38
89 15
89 95
89 95
89 95
95 89
5 95
95 89
89 95
95 89
5 50
89 50
50 5
95 89
5 95
95 89
95 89
89 95
89 50
5 95
84 95
5 50
50 5
95 89
95 39
89 95
95 5
89 95
89 95
58 113
89 95
95 14
5 95
95 89
5 89
95 50
5 95
89 95
50 95
95 89
5 95
95 89
89 95
5 95
89 95
89 5
17 95
5 95
89 95
89 95
89 5
5 95
89 114
95 5
20 8
99 47
107 79
5 89
95 89
95 89
89 95
95 89
5 95
41 15
89 95
89 117
50 5
89 50
89 50
95 5
95 50
89 95
50 23
54 70
50 95
5 89
5 95
5 89
5 95
89 95
95 89
95 11
95 89
89 5
5 118
64 13
5 89
95 5
89 95
5 50
89 95
89 50
5 95
50 95
95 89
89 95
95 89
95 89
89 5
95 89
89 95
89 118
89 95
89 95
5 89
89 24
95 89
95 18
50 89
89 95
89 95
5 95
50 95
95 5
20 8
95 5
50 95
125 70
5 95
50 95
95 89
89 5
5 73
89 95
95 50
5 50
95 89
33 121
5 95
5 89
50 5
121 46
95 50
50 95
95 18
89 95
5 89
51 63
5 95
50 95
5 41
89 5
5 95
89 95
50 95
95 5
95 38
95 50
89 50
5 95
89 5
95 89
50 47
5 95
89 50
50 89
95 5
89 95
95 50
50 95
50 95
95 50
50 89
5 86
89 95
95 50
50 89
89 95
50 95
95 50
5 95
89 95
50 89
5 89
89 50
89 95
89 95
89 95
95 89
89 95
41 14
89 95
89 95
50 122
50 95
95 14
95 59
89 95
5 99
89 50
95 89
89 5
50 95
50 95
89 95
118 13
50 89
95 92
50 95
89 95
5 95
95 50
95 23
50 95
50 95
89 16
89 95
95 23
89 95
89 50
83 106
89 50
100 119
95 50
50 89
95 5
89 95
14 81
89 8
125 3
95 89
89 95
5 95
89 18
95 50
89 109
95 5
89 50
50 95
95 89
95 5
5 89
50 95
89 50
14 83
95 89
50 95
89 50
89 50
5 95
58 5
89 30
5 50
5 89
95 50
89 95
89 95
50 8
50 58
89 50
50 89
95 89
5 89
5 95
89 95
89 50
5 89
89 50
5 95
89 50
50 95
89 95
95 89
50 89
89 95
50 57
5 89
50 89
95 89
89 95
5 50
5 95
89 95
50 95
50 95
95 89
50 89
95 50
95 50
89 95
95 89
95 89
89 95
89 5
89 95
89 95
89 50
89 95
50 95
89 50
95 89
89 5
50 89
89 70
50 95
89 50
95 43
50 63
89 95
95 14
50 5
89 95
95 14
5 95
50 89
89 95
95 89
89 95
50 95
95 89
50 95
50 89
89 95
89 84
95 75
95 89
89 95
89 95
95 5
50 95
95 89
50 89
89 95
89 95
95 47
50 95
89 92
95 5
50 89
50 89
95 89
89 50
68 15
50 46
89 50
5 95
100 5
95 14
17 125
89 95
5 95
42 51
89 95
5 95
50 89
32 74
89 95
95 110
95 5
95 89
89 50
89 5
5 95
121 46
50 68
95 89
54 48
5 60
5 89
5 16
5 73
5 89
89 95
89 95
50 95
50 80
95 89
95 84
5 95
95 89
89 95
95 89
5 95
5 58
89 50
89 95
50 5
95 5
95 89
95 50
50 89
95 23
63 96
89 95
89 95
89 5
5 89
5 95
5 95
38 5
95 89
5 95
50 95
89 95
50 38
50 89
89 95
89 95
89 84
5 89
95 89
89 50
95 5
5 95
5 95
50 5
89 95
56 5
5 95
95 64
5 109
5 50
89 95
50 5
89 95
50 95
89 50
89 95
45 5
25 74
89 5
95 14
95 50
100 14
5 95
89 95
89 5
89 95
107 13
89 95
5 89
50 89
5 95
50 95
5 47
89 95
89 76
95 14
5 95
13 107
15 83
50 5
50 95
50 95
5 89
50 95
50 95
95 89
95 5
89 95
95 14
50 95
5 95
89 95
95 5
89 95
89 3
20 64
5 99
5 50
89 95
5 73
50 89
15 83
5 95
5 89
89 95
95 50
95 50
50 95
95 0
95 50
50 95
95 23
89 50
5 95
5 89
50 52
120 116
89 95
5 50
95 50
17 98
5 95
95 50
89 95
5 95
95 89
5 25
95 50
89 95
89 5
50 89
89 95
5 89
23 95
5 50
5 89
89 95
95 89
5 95
50 95
95 5
50 95
5 89
89 95
89 117
5 95
89 47
95 125
95 89
50 95
95 50
89 95
89 50
89 95
50 5
5 95
89 95
95 5
95 89
89 50
95 5
50 25
5 96
89 5
50 89
50 95
89 5
50 0
89 95
95 89
95 89
5 95
50 89
50 95
51 67
50 89
50 75
5 95
89 4
5 89
50 95
89 5
123 119
50 89
5 26
5 73
50 95
95 89
50 95
80 50
50 95
89 95
89 95
95 89
5 95
42 51
89 95
89 50
50 77
95 50
95 89
95 89
5 89
50 95
89 95
95 5
5 95
89 95
89 5
50 95
95 50
89 50
96 64
89 95
89 5
89 95
5 95
5 89
50 89
89 47
89 84
95 50
89 5
50 95
89 95
95 50
89 95
50 110
89 95
89 95
89 95
89 50
50 88
89 50
5 47
17 33
89 95
51 56
95 89
15 79
95 89
63 120
89 50
50 5
89 50
5 95
5 106
50 100
89 5
5 95
5 89
95 50
95 89
75 89
95 5
5 89
68 15
50 89
89 50
95 5
5 50
50 110
15 79
5 57
89 50
89 5
50 95
50 95
89 8
89 95
50 95
89 50
89 93
95 5
89 95
95 89
95 89
50 5
5 89
5 50
95 14
89 5
89 5
95 89
89 95
89 5
89 95
50 5
5 95
89 95
5 95
95 89
5 89
50 95
89 95
5 89
89 95
89 95
95 89
95 50
89 95
5 95
89 95
95 19
89 95
50 89
5 89
89 95
89 50
95 89
89 95
95 89
95 50
5 73
95 89
89 5
125 17
89 95
5 50
5 50
89 5
95 23
5 95
89 50
89 50
5 50
95 89
50 19
5 89
95 50
50 95
50 95
5 95
50 95
95 89
50 95
5 30
95 97
94 78
95 50
89 14
95 89
50 89
50 10
50 5
89 50
50 89
89 95
89 95
50 89
95 89
95 5
95 5
95 89
95 89
50 5
89 50
75 89
50 89
95 89
50 95
95 23
89 95
89 95
89 5
95 123
5 47
89 5
75 89
5 50
95 50
95 89
50 123
89 5
95 89
106 5
89 95
89 97
125 123
95 50
89 95
5 95
50 5
89 95
89 95
5 95
89 5
5 95
50 5
5 89
5 50
89 14
50 117
95 89
89 60
5 95
89 5
95 50
50 89
95 5
50 95
95 23
50 89
89 14
50 95
89 95
95 89
95 89
50 95
50 95
89 95
95 5
89 95
89 5
89 5
95 50
50 89
89 50
5 95
89 95
5 95
89 95
50 53
125 84
50 89
95 5
89 50
5 95
50 84
50 5
95 89
95 14
5 89
89 5
95 89
89 82
50 95
89 95
95 50
89 5
95 5
89 50
50 89
95 89
89 50
95 83
50 111
95 23
95 89
95 5
5 89
95 5
5 89
95 89
95 89
50 95
5 73
89 95
95 97
89 63
89 95
50 17
5 95
50 74
64 31
50 89
50 95
89 5
95 50
95 14
96 23
50 99
89 41
89 50
5 95
95 89
89 95
89 95
50 61
5 89
89 95
5 89
89 95
50 95
50 5
89 50
95 5
89 71
5 95
89 95
5 95
5 89
95 89
50 95
50 95
50 95
95 89
89 95
5 89
95 89
118 13
50 89
89 95
89 95
5 89
34 5
50 113
50 89
50 95
89 95
50 95
89 95
34 79
50 77
50 114
95 89
50 95
95 50
89 95
95 89
50 95
89 95
89 123
89 95
95 89
5 95
83 9
121 113
95 5
89 95
89 50
50 5
50 116
89 95
89 5
89 120
96 9
5 50
89 95
51 56
50 95
89 95
95 5
95 50
63 120
95 50
17 110
5 95
95 89
50 89
95 89
5 95
89 95
89 50
89 5
89 50
89 51
95 89
95 89
50 95
95 50
95 5
5 17
95 50
89 50
5 95
89 95
89 95
95 89
95 8
95 5
89 50
89 95
89 50
5 95
89 95
89 50
89 92
89 95
26 41
50 95
50 89
5 95
5 95
95 50
68 15
120 42
89 95
50 95
89 95
81 100
95 50
50 95
89 95
89 95
89 95
89 40
89 95
89 95
89 95
50 26
89 95
89 5
5 50
50 22
89 95
95 48
89 50
5 95
50 5
95 89
5 95
95 89
95 89
89 14
50 95
50 95
5 95
89 95
50 95
50 95
5 34
89 95
5 95
58 75
95 89
95 109
95 89
50 89
95 50
50 95
50 95
5 95
95 5
95 89
89 95
89 95
89 95
5 64
50 95
5 50
89 95
89 95
5 95
89 50
89 95
50 59
50 98
89 95
89 5
5 95
5 50
89 95
89 95
89 95
89 95
95 50
95 5
89 5
89 50
95 38
50 95
95 5
89 75
95 89
95 5
5 89
5 95
95 50
95 50
89 5
89 95
5 89
5 50
95 50
5 89
50 95
5 95
50 16
89 95
50 95
5 89
63 120
95 89
95 50
5 89
5 50
5 47
50 20
50 5
95 50
89 50
89 50
15 34
5 50
89 5
89 5
50 89
5 95
5 95
5 95
89 50
68 41
79 83
95 89
95 89
95 50
95 123
50 95
95 89
89 5
50 95
95 50
89 95
50 95
89 95
89 50
89 95
89 95
95 50
95 5
89 50
50 95
89 5
95 50
5 95
95 89
95 5
50 95
89 50
95 5
89 5
89 95
50 89
89 50
95 77
89 50
95 5
95 89
89 50
95 50
5 50
50 95
95 89
5 4
89 95
95 89
50 95
5 95
95 89
95 89
89 5
63 95
89 95
95 89
89 95
50 118
5 50
50 89
89 50
89 50
89 123
95 50
95 89
89 73
50 95
89 95
95 23
95 5
94 123
95 50
89 50
5 89
50 57
5 95
89 50
5 50
5 95
5 73
50 83
50 5
89 50
95 5
89 5
5 91
95 50
89 95
50 5
94 20
50 5
89 50
95 14
50 89
50 95
89 95
5 95
89 95
50 5
95 89
89 95
96 20
89 95
89 95
50 95
5 89
89 101
50 95
50 95
5 50
5 95
89 95
95 50
64 114
95 5
95 50
50 57
95 50
95 50
95 89
5 95
89 95
83 106
95 89
89 95
5 50
89 95
5 89
89 95
50 95
95 89
89 95
89 95
89 95
95 5
50 43
89 95
50 120
50 95
5 95
5 95
89 95
5 73
95 89
5 95
89 28
5 50
95 89
50 95
5 56
50 5
95 89
123 125
50 99
89 95
50 42
89 95
5 50
50 95
95 50
17 80
89 75
89 95
50 95
89 50
50 5
118 65
5 89
95 89
5 95
95 50
50 95
64 83
95 5
5 95
5 73
89 5
50 89
50 95
5 50
95 92
89 5
89 95
89 95
89 95
50 4
89 95
89 50
89 95
5 50
95 89
50 95
5 89
125 82
95 89
50 82
95 50
50 95
50 95
95 5
50 89
5 95
89 95
5 119
89 95
95 89
50 89
34 5
89 5
89 95
89 95
89 95
89 95
89 5
89 95
50 89
95 5
89 95
95 38
50 13
50 54
89 50
89 50
5 95
5 95
89 95
5 73
5 95
89 95
89 95
5 95
89 50
5 50
5 95
89 5
95 14
5 89
89 56
50 95
95 89
5 50
95 50
89 94
5 95
95 89
95 50
95 50
89 95
50 95
5 0
89 95
89 11
20 8
89 38
89 95
5 58
95 84
118 65
95 5
95 89
89 50
5 89
95 5
5 95
5 14
89 50
89 95
89 95
5 50
5 95
95 89
64 119
50 95
95 5
95 50
5 73
89 50
89 95
95 5
95 89
50 95
50 95
5 95
89 95
95 50
89 50
89 95
95 5
50 5
50 95
50 89
89 50
95 5
95 5
5 95
89 95
89 122
89 95
95 89
96 100
50 95
89 95
89 95
95 89
95 89
50 95
95 23
95 89
95 5
89 71
50 5
50 89
50 95
89 95
95 5
95 89
89 50
95 5
95 50
81 42
13 107
5 89
50 95
54 5
95 50
89 95
89 95
89 95
5 95
95 89
89 95
50 17
5 89
89 95
50 60
50 95
89 95
50 95
5 95
5 95
5 95
111 79
68 13
5 95
95 5
89 50
95 89
50 95
95 5
50 95
50 95
95 89
89 95
5 89
5 89
89 50
95 50
95 89
95 5
95 5
50 95
95 89
89 50
89 97
95 89
5 89
5 82
50 95
50 124
89 39
89 50
14 100
41 97
89 95
89 95
41 68
95 50
50 95
89 50
95 89
89 95
95 79
89 95
96 106
89 5
89 95
95 89
5 80
50 5
89 78
5 95
51 55
41 15
89 95
81 42
95 89
95 89
89 95
50 5
89 95
50 95
95 89
50 5
95 50
95 5
89 95
89 95
89 5
95 89
89 50
121 36
95 50
59 63
50 95
5 95
50 95
89 5
5 95
5 95
89 57
50 95
89 95
5 95
5 3
5 50
5 95
95 89
89 50
50 95
83 15
50 95
95 5
89 95
50 95
113 58
95 89
50 89
95 89
5 89
20 8
41 83
50 95
5 50
89 5
50 89
5 95
95 89
17 101
95 102
95 89
125 29
5 89
95 89
5 106
5 95
89 95
95 110
89 5
89 50
95 89
5 95
89 5
89 50
89 95
95 50
5 95
5 95
5 73
5 95
95 89
50 89
96 57
50 89
5 95
5 95
95 50
89 50
95 5
95 50
95 89
89 50
13 81
95 14
89 95
50 42
89 50
95 89
95 89
54 49
5 95
5 95
50 89
50 77
5 89
95 89
95 89
89 95
95 89
50 95
5 89
95 89
89 95
50 95
95 50
89 5
50 95
89 95
89 95
89 95
5 89
95 5
89 50
95 23
95 55
95 89
5 89
89 50
95 89
89 95
89 5
50 7
50 95
14 81
5 111
5 95
50 95
89 50
50 66
95 18
95 5
123 119
89 77
109 89
50 95
50 89
89 95
95 50
95 50
34 14
89 95
5 95
89 95
89 95
50 5
5 50
89 95
5 89
5 95
50 114
50 95
94 116
89 95
95 5
89 95
89 95
89 95
95 14
89 95
95 23
95 5
58 113
95 14
89 5
89 18
95 89
89 95
95 5
5 95
50 95
50 86
50 95
89 50
95 50
89 5
95 66
95 50
5 47
50 95
5 47
95 50
95 5
5 95
89 95
5 95
89 95
50 95
89 50
89 95
89 95
121 45
89 66
95 50
89 95
95 50
89 95
89 95
50 95
89 5
64 83
5 95
5 47
89 95
95 50
89 95
95 5
95 89
89 95
95 89
50 95
89 50
5 121
95 5
5 95
89 95
54 102
50 89
95 89
95 89
89 95
50 95
5 95
89 50
89 95
50 100
95 5
89 95
95 50
89 5
95 89
50 95
95 89
50 17
5 89
95 123
50 95
95 5
5 95
89 95
5 95
89 95
50 95
5 95
50 95
50 95
5 95
5 50
89 95
5 95
89 95
5 95
89 95
95 5
89 95
125 118
50 30
95 5
50 1
95 50
95 16
50 89
89 95
95 89
118 65
89 95
5 50
5 8
95 5
89 95
95 89
89 95
89 95
100 119
95 89
95 50
89 95
50 89
89 50
74 99
89 95
5 50
95 89
95 89
5 89
95 89
89 95
89 95
50 89
95 123
5 73
89 50
5 89
89 95
50 95
95 89
5 95
89 95
50 89
50 89
50 61
89 50
50 89
89 95
34 111
89 95
50 95
89 95
50 89
95 89
89 95
89 50
89 95
5 89
89 95
89 113
89 95
15 34
95 89
5 95
89 95
95 89
5 50
95 89
89 95
5 95
50 89
73 5
5 50
95 84
89 5
95 89
5 17
89 95
5 95
95 5
5 109
5 50
95 89
50 95
89 5
95 50
89 95
89 95
89 50
50 95
95 5
96 29
95 89
89 50
50 95
95 89
95 50
95 89
50 125
95 50
89 95
89 50
5 50
95 89
89 30
89 95
99 2
81 13
95 54
95 89
95 89
95 50
89 95
5 89
89 5
50 95
50 95
50 95
64 8
89 95
89 95
95 5
63 120
95 89
95 89
89 95
89 95
5 107
42 20
125 2
89 57
89 95
89 99
95 5
89 5
89 95
89 95
95 5
50 17
25 100
89 5
89 95
50 95
95 5
89 82
17 82
95 5
5 89
89 50
5 95
50 5
50 118
89 95
50 5
95 5
89 29
5 95
95 89
89 5
89 50
89 5
89 95
89 95
89 95
95 50
89 95
89 95
95 23
89 95
95 66
95 50
89 95
95 23
95 50
95 89
5 95
50 95
89 95
95 14
5 95
50 95
5 95
50 95
95 89
89 95
89 95
89 5
89 95
95 50
89 50
5 83
89 95
50 105
50 70
89 95
95 89
95 89
50 89
95 89
50 95
89 95
89 95
111 70
5 50
89 50
121 91
95 20
89 95
95 89
50 89
89 95
5 89
50 95
95 5
5 50
13 107
89 50
41 88
89 95
121 42
89 95
95 5
95 5
50 95
5 47
20 8
89 95
89 95
89 50
5 95
95 89
5 89
50 89
89 50
50 5
95 89
89 95
95 5
5 95
41 65
5 73
95 89
89 5
50 5
5 89
50 89
95 89
89 95
95 89
5 95
50 63
5 23
51 63
95 89
95 5
50 89
5 73
89 95
95 89
50 95
5 89
95 89
50 89
95 89
89 50
89 95
95 89
50 5
50 95
95 5
95 89
50 89
89 95
5 89
89 95
5 50
5 89
5 95
89 95
89 50
5 95
89 10
89 5
95 118
5 95
50 5
50 5
5 89
89 5
89 94
5 95
5 95
89 95
89 95
54 83
41 74
5 47
50 89
89 5
5 95
89 95
50 93
95 89
89 95
5 89
50 95
5 95
95 89
5 95
50 95
95 50
5 95
89 95
50 95
89 50
95 50
5 89
50 89
5 95
5 50
47 5
119 20
89 95
89 95
5 20
5 95
50 95
95 89
89 50
89 95
50 43
89 31
5 73
95 14
89 50
89 5
89 95
95 50
95 5
95 50
89 5
5 89
89 5
50 5
5 89
94 64
5 95
5 50
89 95
95 89
50 5
95 89
5 95
5 89
50 95
89 95
95 23
5 50
5 95
89 50
5 95
89 95
5 50
89 95
50 47
41 68
95 89
50 95
95 23
89 95
50 5
5 95
95 89
95 99
50 5
95 5
95 38
96 63
89 50
50 5
95 5
5 89
89 5
95 5
89 5
95 89
89 79
89 95
50 95
50 89
89 95
89 95
95 89
50 95
89 5
50 95
5 95
89 95
50 95
89 95
89 105
95 89
89 95
17 95
89 95
89 95
95 23
95 5
100 119
50 89
89 95
95 5
95 50
89 95
50 121
50 95
5 50
63 81
50 95
118 5
89 50
89 95
5 47
5 95
50 89
5 95
89 5
95 89
89 5
50 89
64 115
42 51
89 95
89 95
89 121
95 14
89 95
5 50
50 99
95 50
89 95
5 50
95 50
5 95
5 89
89 50
89 95
14 81
95 89
5 95
89 95
95 23
17 60
50 91
89 5
95 89
89 50
5 95
5 95
89 95
89 3
89 95
95 74
5 50
95 50
89 50
50 89
50 98
89 95
64 120
5 54
89 97
89 42
89 3
95 50
50 5
95 107
89 5
89 50
95 89
89 5
95 8
95 50
100 119
50 95
50 95
50 95
34 15
50 89
51 80
95 50
95 89
50 95
95 50
50 95
89 50
50 95
95 5
89 95
89 50
89 0
95 50
5 89
5 89
5 77
89 95
89 124
5 47
89 5
5 50
95 89
63 79
95 89
50 95
89 95
5 89
89 95
89 13
89 5
89 41
89 95
95 89
95 89
5 73
89 3
89 95
118 65
89 95
5 95
89 50
50 5
5 95
89 95
5 95
50 95
50 95
125 95
5 50
95 89
89 5
89 95
5 95
5 117
95 5
50 89
89 50
5 50
50 95
89 95
50 89
5 95
89 95
89 116
50 95
50 95
89 95
5 95
100 14
89 5
89 50
95 50
89 95
5 95
50 21
5 95
50 89
5 95
89 95
50 95
68 14
5 50
89 5
95 5
41 15
89 50
5 89
89 5
95 5
50 95
95 89
89 50
95 14
89 5
89 95
125 95
50 95
95 5
95 89
95 89
5 89
5 89
5 95
89 50
95 5
89 95
5 95
50 95
5 95
95 5
5 50
89 95
89 42
89 95
5 89
95 89
95 89
5 89
89 66
89 95
95 89
89 50
50 95
89 95
89 95
89 95
95 89
89 5
50 95
5 50
95 89
89 50
56 107
64 8
89 95
5 95
95 50
89 95
41 86
50 89
95 50
5 50
5 89
89 95
5 89
5 47
89 95
95 89
64 8
50 95
89 95
5 73
94 65
89 57
95 89
95 5
89 95
50 89
89 5
96 126
95 23
89 95
89 95
50 95
89 95
89 95
95 89
50 95
50 17
89 95
50 95
50 95
89 5
95 89
89 95
89 95
95 68
89 50
5 118
5 84
50 95
50 95
125 96
95 50
5 95
89 50
42 51
95 89
41 35
89 5
89 95
15 79
100 14
89 95
5 95
95 5
5 89
50 89
89 50
95 5
5 95
95 5
95 89
95 89
5 47
89 106
50 5
89 95
5 95
5 50
5 89
89 95
95 89
50 89
5 50
50 5
50 127
5 77
95 89
89 50
89 52
5 111
50 95
50 95
5 95
94 6
95 5
89 50
95 89
100 14
50 95
13 107
50 95
95 92
89 95
89 50
15 83
5 89
50 95
50 95
89 50
5 89
95 50
5 32
50 5
95 93
99 112
95 89
50 85
89 50
89 79
89 95
119 8
118 42
89 95
63 79
50 95
54 105
89 50
5 95
89 95
95 89
95 50
5 95
89 95
5 95
95 89
89 95
95 23
95 77
5 89
5 50
50 95
50 95
89 95
20 64
5 95
5 95
89 95
50 95
89 50
95 5
95 89
5 89
50 95
50 89
50 121
5 95
50 95
50 95
95 5
14 5
95 5
5 45
5 50
89 95
64 83
89 50
95 89
95 89
50 89
89 95
50 89
50 45
89 95
89 95
50 5
50 95
89 95
5 95
50 5
5 95
95 89
89 95
95 89
50 95
5 95
95 89
5 47
50 5
89 95
50 95
5 50
89 95
89 95
5 121
89 95
50 89
89 95
95 5
5 47
50 95
5 95
89 95
50 95
50 89
95 89
95 5
50 5
95 89
5 73
111 79
95 5
50 5
5 95
5 38
89 95
5 73
89 50
95 14
89 95
89 50
89 50
95 89
5 95
50 95
95 50
50 75
89 95
95 79
95 29
95 89
5 39
50 95
95 10
5 47
50 79
95 50
89 95
89 95
50 89
89 50
89 71
113 58
89 50
95 21
50 120
89 95
89 95
89 95
89 95
50 95
5 95
5 95
89 5
5 89
41 68
50 55
89 95
95 89
5 95
95 50
113 58
95 28
89 95
95 89
89 95
5 45
95 89
50 75
5 89
89 50
113 58
95 89
50 5
89 95
5 50
50 95
89 95
95 89
113 58
89 5
5 47
50 89
15 83
51 42
50 89
95 50
95 5
89 50
89 5
95 89
5 95
15 83
123 119
99 60
5 47
89 50
95 50
89 95
95 89
5 89
89 50
89 95
89 50
5 50
5 89
95 5
89 95
51 122
50 5
5 95
95 5
89 95
59 80
5 89
95 5
89 5
50 95
89 50
95 89
5 50
95 89
95 50
89 95
89 95
64 0
89 71
95 50
89 95
89 95
106 70
5 50
106 70
111 42
50 95
95 5
50 5
50 95
89 95
99 64
89 5
121 56
89 95
41 6
95 89
64 75
50 5
50 5
89 95
95 89
125 31
89 50
50 89
95 93
50 89
95 89
50 95
50 95
89 50
89 50
50 95
89 95
89 95
89 50
89 50
5 95
50 95
5 89
95 5
89 95
89 95
89 5
89 95
89 95
5 95
89 95
89 95
89 95
5 95
95 89
89 50
50 47
95 50
95 50
5 50
95 14
95 89
5 47
5 95
50 95
95 89
113 89
50 5
89 95
5 50
5 50
89 79
5 73
89 111
5 95
5 50
89 95
50 54
5 89
50 123
89 95
50 89
121 8
89 95
95 50
89 95
5 95
89 95
95 50
89 95
95 89
5 89
5 89
50 104
89 95
89 5
5 95
89 95
89 95
50 5
5 95
50 95
50 79
5 89
89 95
5 50
89 95
5 95
89 95
50 89
95 89
89 5
50 95
95 5
50 14
95 89
50 95
50 89
54 83
5 50
89 50
50 95
50 95
95 5
5 95
5 47
50 5
5 89
5 95
95 89
50 95
64 92
50 95
89 95
5 73
5 23
95 73
95 50
95 50
89 118
95 89
89 95
50 95
5 26
95 5
50 95
5 47
95 5
95 89
50 89
89 50
89 5
50 95
95 89
95 50
95 50
89 95
5 95
5 89
41 68
95 89
95 89
89 95
50 95
95 50
50 89
89 5
5 95
95 89
89 95
95 50
95 50
50 95
95 89
95 50
95 89
5 95
89 95
95 89
89 118
50 95
5 89
89 95
50 5
50 95
50 5
5 50
5 89
50 5
89 95
8 95
50 95
50 89
89 95
95 5
89 95
95 89
95 5
95 5
89 5
47 20
89 95
89 50
41 23
5 95
89 95
95 89
95 14
5 95
95 89
50 31
95 89
50 89
5 47
89 95
89 5
95 89
50 89
5 73
5 95
89 95
89 95
89 95
50 95
5 89
54 1
95 5
89 95
89 50
50 75
95 50
50 95
5 50
50 95
5 29
95 89
50 95
95 5
20 5
89 50
5 47
95 79
5 95
95 89
63 96
95 89
95 63
89 95
89 5
5 89
89 95
95 105
50 61
95 50
50 95
89 95
15 79
89 5
95 89
125 95
95 5
89 5
89 5
50 54
15 34
89 5
95 89
50 95
89 95
89 95
89 95
106 98
95 23
95 89
95 83
89 95
5 89
89 5
95 89
50 5
95 89
95 14
95 89
95 14
89 95
50 95
89 50
99 94
5 95
89 95
89 95
23 95
5 89
89 50
89 50
5 95
50 89
95 89
95 66
95 5
95 89
5 95
50 95
89 50
95 5
95 5
5 95
95 89
89 50
15 79
50 101
5 95
95 50
50 95
95 89
89 50
89 95
50 89
5 95
54 94
5 50
50 95
95 47
89 95
95 89
89 95
95 89
95 89
89 5
5 50
95 19
50 84
25 5
89 95
64 43
41 7
89 95
113 58
5 50
95 14
50 95
50 95
89 50
89 5
95 5
68 15
50 5
5 95
95 14
95 5
50 89
89 95
50 95
50 95
89 50
50 89
89 95
89 95
5 95
54 59
89 95
54 74
89 95
20 64
95 89
50 95
89 5
50 89
89 95
100 119
89 50
5 73
5 47
95 89
50 21
121 5
89 29
50 95
95 89
89 95
95 89
95 50
95 89
65 99
58 113
89 95
89 95
89 50
5 95
50 28
95 89
95 5
89 50
89 50
95 89
50 89
89 35
89 95
89 95
95 89
95 89
50 36
5 89
50 95
5 95
50 5
89 5
5 95
50 75
5 95
99 68
5 95
89 5
81 42
89 5
95 89
95 89
89 95
95 89
95 89
50 95
50 89
89 5
50 89
5 89
89 82
50 95
5 95
95 89
5 95
89 95
89 95
95 50
89 5
95 89
95 89
95 23
5 73
95 123
89 95
95 79
89 50
89 95
50 95
99 89
51 124
50 95
95 21
34 64
95 50
95 89
89 5
5 89
5 50
89 95
50 1
95 50
89 95
95 50
95 23
50 95
89 50
89 95
95 89
95 89
89 95
5 95
5 20
89 95
95 5
50 89
5 95
89 95
5 47
58 83
89 7
95 5
95 89
5 89
89 95
89 50
89 5
5 89
20 8
50 89
50 95
5 95
89 50
89 95
89 95
89 95
89 95
5 89
89 95
5 89
89 95
89 95
5 89
89 95
89 95
50 95
54 83
50 89
5 95
95 89
5 95
95 89
89 50
95 89
50 93
89 95
89 66
89 95
95 89
95 5
95 50
89 95
95 89
121 33
50 95
50 95
5 8
95 5
96 76
89 95
5 73
123 119
89 95
5 95
89 95
5 123
89 83
65 99
50 20
95 89
89 95
89 5
50 5
50 5
89 95
107 120
95 89
20 64
81 100
5 16
5 50
89 50
89 50
95 29
5 95
5 50
50 26
89 95
95 89
89 95
50 89
125 59
64 13
5 46
50 95
95 23
95 89
95 73
89 95
118 65
89 95
95 89
95 5
50 89
89 95
5 50
5 95
89 79
95 89
5 95
95 50
89 50
95 89
50 5
95 89
95 89
89 95
50 95
89 50
89 95
89 95
119 123
89 95
95 5
89 95
95 50
5 95
5 89
50 23
94 34
95 89
95 5
5 95
89 95
5 95
5 89
89 95
95 89
50 75
95 50
50 60
89 95
95 89
5 95
95 89
5 95
118 65
50 95
95 89
89 95
5 47
89 50
5 95
89 95
89 95
5 50
50 95
89 95
89 95
5 95
5 89
94 54
89 50
89 95
95 5
5 107
121 42
5 95
95 89
89 95
5 97
89 50
50 89
89 50
89 95
95 89
89 5
95 18
50 95
89 95
89 50
89 5
5 50
50 5
50 38
5 95
89 95
50 5
89 95
50 95
15 83
89 50
50 95
89 95
5 89
54 19
89 95
20 64
95 89
89 95
95 50
89 5
50 5
50 89
89 20
89 50
89 50
89 95
89 95
52 95
95 50
95 89
50 89
89 95
50 57
89 5
89 95
95 5
89 50
95 89
50 95
95 89
89 95
89 95
50 95
89 95
50 95
50 95
5 50
50 95
89 95
89 95
95 5
89 95
5 89
95 89
89 95
50 95
89 50
50 95
5 47
89 50
17 95
89 50
95 5
100 119
95 89
50 89
95 5
41 68
5 73
50 95
95 50
5 89
50 95
125 65
89 95
50 95
50 22
89 95
89 95
50 114
5 89
5 95
95 89
95 5
89 95
5 95
100 14
50 89
95 125
95 89
20 123
89 95
50 26
20 64
89 50
50 89
50 89
95 5
50 89
89 95
125 2
95 50
89 83
15 34
5 95
89 95
50 95
5 47
13 107
89 95
89 65
5 89
89 95
95 5
89 95
89 92
50 5
50 95
89 95
5 95
50 95
5 95
95 50
95 89
50 95
95 89
5 50
95 50
95 50
50 95
89 95
89 95
5 89
50 5
89 95
89 95
89 95
95 89
95 89
89 5
93 50
89 95
89 95
50 89
89 95
89 95
89 118
95 17
89 5
89 95
89 95
5 47
5 95
89 95
89 5
41 19
5 47
50 95
5 94
95 50
95 89
89 95
5 94
95 23
89 95
95 50
89 95
5 95
50 5
89 95
89 5
95 50
50 89
89 50
17 23
95 89
89 95
95 89
95 89
89 95
5 95
89 95
5 95
50 95
5 95
5 50
50 95
5 89
95 89
5 50
50 89
50 95
5 89
95 5
89 95
95 89
50 97
51 19
89 95
50 2
15 79
50 95
89 95
95 89
5 95
41 5
50 95
89 95
63 79
95 89
89 95
89 95
95 5
89 50
95 5
5 89
95 50
50 5
89 95
95 42
89 29
89 95
95 89
89 5
5 95
95 74
13 64
95 89
89 5
89 95
95 89
42 51
50 95
89 95
95 89
89 50
5 89
95 50
5 89
95 93
89 50
5 89
50 13
68 15
89 50
95 50
95 5
5 95
63 120
50 17
50 95
17 80
95 50
5 82
89 5
89 95
89 5
20 64
50 89
95 89
5 50
89 95
89 95
95 89
89 5
50 95
89 95
89 95
50 123
89 95
95 5
5 95
5 89
68 15
95 83
89 50
89 95
95 5
89 95
95 50
5 50
95 23
89 95
5 89
89 95
89 50
95 50
89 23
89 107
5 95
50 95
89 95
95 89
89 5
54 88
95 50
50 95
89 95
89 95
89 95
5 95
5 89
89 50
89 50
125 59
89 95
89 95
50 5
118 111
89 5
95 89
95 14
89 97
5 95
95 5
5 95
50 89
25 95
89 50
5 50
89 50
50 95
50 95
5 47
89 95
50 29
50 30
50 89
89 95
64 83
50 89
89 95
95 5
89 95
95 89
50 95
95 50
89 95
5 50
5 95
89 95
5 95
95 23
89 95
95 5
89 95
95 50
5 89
5 95
15 34
50 95
5 95
95 5
89 95
5 95
94 115
8 20
50 95
89 50
5 79
95 89
5 95
95 50
50 95
5 30
95 89
42 5
5 95
89 50
95 5
95 89
89 95
5 95
50 5
50 61
75 89
50 89
5 95
95 50
50 5
125 31
5 95
89 95
89 95
95 89
95 89
95 50
89 95
5 89
50 127
89 5
50 95
89 95
89 95
95 23
5 95
95 89
89 95
95 89
89 50
89 95
95 89
89 95
95 89
50 95
89 117
95 50
51 66
99 125
5 47
5 89
89 50
95 5
5 50
95 50
95 89
89 95
50 97
95 50
89 59
50 95
5 95
95 23
5 95
95 89
5 95
89 95
95 89
89 95
50 89
5 89
94 20
42 51
50 95
50 89
70 42
89 50
50 95
89 20
89 95
64 68
95 89
95 89
95 50
89 50
5 95
107 29
50 95
95 89
114 89
89 95
50 4
50 115
50 95
5 89
5 50
95 50
50 5
65 15
50 121
89 95
89 95
95 89
89 95
5 41
5 50
122 89
5 89
89 3
5 32
50 120
89 50
5 127
95 89
89 95
95 89
5 95
95 5
50 95
89 50
95 5
89 95
95 89
5 47
5 89
89 95
89 50
89 0
89 50
89 5
89 95
95 50
95 5
95 26
89 50
95 5
89 101
5 95
95 14
5 47
89 5
95 89
50 89
95 14
50 89
95 89
89 95
95 50
50 89
95 89
5 89
89 95
5 47
58 75
89 95
95 10
5 83
89 95
95 89
5 89
89 95
50 95
95 89
95 5
95 89
5 89
89 32
89 50
50 95
89 5
89 95
95 5
34 111
5 89
95 89
50 60
5 89
95 89
95 89
89 50
50 95
95 5
94 77
95 5
50 53
50 95
95 89
50 95
50 96
95 5
5 89
80 50
89 95
89 95
50 95
95 5
95 50
95 50
95 5
89 50
5 95
5 95
95 50
95 89
50 89
89 5
50 89
79 83
89 95
89 95
95 50
64 83
95 51
50 95
95 89
95 50
89 95
89 95
95 5
64 60
50 5
5 95
50 89
89 5
89 5
95 50
95 50
15 83
68 14
96 125
5 50
95 50
5 47
50 95
89 50
95 89
5 50
89 95
89 95
89 50
95 5
95 50
5 50
50 89
95 5
5 95
5 95
95 50
5 105
89 95
95 89
89 95
89 83
95 96
5 89
95 50
50 95
95 89
95 89
5 48
89 50
89 50
95 89
50 95
95 5
5 47
5 73
95 50
50 95
95 50
50 95
50 5
50 5
89 78
89 95
50 95
20 64
95 5
89 95
89 95
5 73
50 0
89 95
95 89
89 95
5 89
95 5
95 89
95 89
99 52
95 5
5 95
95 89
89 95
5 95
95 50
50 95
51 82
89 50
89 73
89 47
89 47
89 95
89 50
89 95
89 95
95 5
5 95
50 5
89 95
89 95
89 95
89 50
5 95
89 95
119 123
89 95
89 95
95 50
50 95
5 89
95 89
5 95
5 89
95 89
79 20
89 50
42 51
89 95
5 95
94 54
95 89
89 95
95 50
50 95
95 83
50 89
5 89
89 5
95 89
5 73
95 125
5 117
5 50
89 95
50 89
5 50
89 42
89 5
5 89
95 89
95 28
95 79
89 95
89 50
95 89
5 95
5 95
50 43
95 50
95 101
95 23
5 95
50 95
95 50
5 95
89 50
89 95
89 95
5 89
50 89
5 95
50 95
89 95
95 89
50 95
89 95
89 50
89 95
125 95
50 95
89 5
89 95
95 5
95 89
51 25
5 89
89 49
95 89
89 5
89 95
5 73
95 14
89 0
95 89
5 50
95 23
89 122
95 89
89 95
95 50
89 95
95 89
89 95
10 89
5 50
50 95
95 89
89 50
95 5
89 95
89 95
89 50
50 11
89 95
5 89
95 89
89 95
50 95
95 89
5 95
95 50
73 5
89 95
89 50
89 50
5 95
5 95
5 18
5 89
5 95
5 50
95 50
5 50
89 95
89 95
89 77
95 116
5 95
95 3
89 95
95 89
5 47
95 89
50 95
113 58
89 95
68 15
95 50
89 50
89 95
89 95
5 95
95 50
95 50
50 95
79 54
5 89
5 95
50 95
89 106
89 50
50 5
5 115
50 95
50 89
5 89
95 50
89 50
89 50
50 5
89 95
5 95
50 89
89 97
95 89
89 50
5 95
5 47
5 50
5 95
95 5
5 89
50 5
95 50
50 95
89 95
89 95
89 95
89 95
89 5
89 95
95 50
95 50
50 95
95 50
17 118
50 38
42 51
95 28
95 5
89 50
89 95
50 5
95 14
95 89
5 95
95 68
89 95
5 89
95 89
95 50
95 5
95 10
50 95
95 50
89 5
50 95
95 89
95 5
50 95
89 102
95 63
5 95
5 89
5 89
15 83
50 89
95 5
5 89
5 95
5 95
89 5
5 95
41 117
95 89
89 95
95 50
95 89
95 89
95 2
50 95
5 95
89 50
95 14
99 89
5 1
50 71
89 95
5 50
95 5
89 50
50 95
89 95
50 95
50 5
5 50
95 50
5 18
89 95
50 100
89 85
100 119
89 95
50 5
95 89
50 73
89 50
5 95
50 95
50 5
95 89
95 50
95 89
17 125
5 50
100 119
95 23
5 73
95 50
5 47
118 13
50 95
89 95
89 95
113 58
50 95
89 95
89 95
50 95
89 5
95 89
89 95
89 42
5 50
5 95
95 89
95 50
50 89
89 50
89 95
89 5
5 101
50 95
5 50
50 95
89 50
89 95
5 50
50 83
95 23
89 5
95 50
50 95
89 5
89 50
5 89
95 5
89 95
50 89
50 5
50 89
89 50
89 95
89 50
95 89
89 95
50 95
95 5
95 5
50 95
89 95
5 89
5 95
125 94
95 5
95 89
95 23
50 89
95 5
95 89
64 115
89 95
89 50
89 5
89 50
50 5
95 89
50 95
95 50
89 95
125 0
5 0
5 95
54 111
89 5
89 95
50 23
89 95
20 121
50 5
5 73
5 50
5 89
95 70
89 5
121 36
50 89
95 5
89 95
5 95
5 95
89 50
5 89
5 95
95 89
95 89
5 95
5 50
95 89
50 14
89 5
95 50
95 5
89 95
95 125
95 89
5 116
50 88
89 95
95 89
5 89
95 50
89 95
50 89
89 95
89 95
42 51
89 95
89 95
50 13
50 95
20 64
89 95
89 95
5 89
5 50
50 95
89 95
50 13
95 5
5 50
89 102
89 95
5 41
89 95
89 59
100 119
50 5
5 95
50 95
15 34
121 8
125 115
5 14
95 50
50 5
89 50
50 95
5 89
50 95
5 47
89 5
5 102
89 95
89 50
50 123
5 18
32 74
5 95
89 95
50 95
95 89
95 5
95 89
89 50
50 95
42 51
95 89
89 16
5 95
89 95
89 5
50 95
95 50
50 95
95 89
89 95
95 26
42 98
89 5
89 50
95 5
5 95
89 50
89 95
41 61
95 89
89 95
50 89
5 89
95 89
50 49
50 5
5 95
17 125
89 95
50 5
89 5
20 8
95 89
95 5
5 95
50 95
95 89
5 89
94 56
5 89
89 95
95 5
5 89
89 95
95 5
89 5
20 64
95 50
50 95
50 95
20 64
89 50
89 50
5 95
89 50
89 95
95 89
50 95
89 50
5 95
50 19
50 89
95 5
95 89
5 95
79 83
89 95
89 50
89 95
95 17
5 73
50 5
89 95
89 5
50 95
95 89
89 5
89 95
89 5
89 5
89 95
50 89
5 89
95 14
50 5
89 5
5 95
95 5
20 8
95 89
89 50
95 5
95 5
5 29
50 95
5 50
5 89
50 109
95 5
50 95
95 50
95 89
50 89
95 5
50 54
5 89
50 89
89 95
89 95
5 47
89 81
50 95
89 50
50 89
5 73
89 5
89 95
95 50
5 95
5 109
89 50
5 50
89 73
89 50
50 95
89 95
99 73
100 119
95 89
95 89
5 59
95 50
5 95
95 94
95 50
5 95
5 95
89 5
89 95
89 5
113 58
89 95
50 89
89 95
95 5
95 89
95 89
95 89
50 89
5 95
95 5
5 50
50 13
89 95
50 45
89 5
95 5
50 95
50 89
95 89
95 89
95 89
89 20
23 95
95 89
89 50
50 89
50 89
95 89
89 95
95 89
5 89
89 5
89 5
89 95
95 50
89 54
50 95
95 5
95 5
95 5
118 65
95 5
89 84
5 95
89 95
89 95
121 20
95 50
64 55
95 89
50 89
5 95
50 79
5 95
89 95
5 95
89 95
89 5
95 89
89 50
5 95
15 83
5 89
89 95
5 50
95 5
50 115
95 115
89 50
50 5
50 107
5 95
5 14
5 95
95 89
95 89
121 120
95 89
89 18
95 89
89 50
50 95
89 5
89 125
100 119
5 95
89 95
89 50
50 19
95 14
41 68
5 50
50 122
89 95
5 50
95 89
95 14
100 119
95 5
80 50
89 95
95 89
89 95
50 95
95 5
89 95
89 95
5 95
89 95
5 95
89 50
89 5
95 5
89 71
89 95
5 89
95 5
95 89
95 23
89 95
5 95
89 95
89 95
95 50
95 122
89 95
50 95
95 89
50 95
89 5
95 5
95 89
95 5
89 95
50 5
95 5
95 84
5 95
95 50
20 64
89 95
75 89
50 75
89 95
89 95
89 95
95 50
95 14
89 95
89 50
95 5
89 95
89 95
95 50
95 14
50 5
50 95
50 95
50 89
95 76
89 95
50 94
89 50
50 95
5 95
50 95
50 67
5 89
89 38
95 89
80 50
5 50
5 50
95 50
89 50
50 89
5 89
95 89
89 50
89 95
95 5
89 5
89 95
5 95
89 95
95 89
50 18
50 89
89 5
89 50
50 5
95 89
50 117
15 83
5 50
5 89
5 95
95 23
50 22
89 95
5 50
95 50
5 95
50 16
89 95
89 95
95 50
89 5
95 89
5 95
5 3
95 89
95 89
95 89
89 95
95 89
5 95
89 95
89 50
50 95
50 95
50 121
95 50
5 95
95 89
95 5
95 14
89 95
95 30
95 89
5 89
5 95
5 95
89 50
64 83
50 95
89 50
89 95
50 5
5 95
5 95
95 5
89 17
95 71
89 95
95 89
50 95
5 95
50 89
95 23
95 50
5 89
89 95
54 20
50 95
5 95
89 95
5 73
95 5
25 5
95 50
5 89
65 41
5 92
95 89
5 95
5 95
54 35
89 50
107 13
95 5
89 95
5 50
95 14
50 95
95 50
5 50
89 95
5 18
5 73
5 95
95 50
89 95
95 14
89 95
89 95
95 50
5 95
50 42
50 95
5 95
17 12
89 95
95 5
89 51
95 50
89 95
5 89
50 89
89 95
89 95
5 50
50 5
5 95
89 5
95 5
5 95
89 95
95 14
89 95
89 111
50 18
95 50
17 53
89 100
89 50
50 95
95 89
89 95
89 95
5 95
89 50
89 5
95 50
5 50
95 50
5 123
89 95
95 5
89 50
95 89
89 97
95 50
5 95
5 89
50 89
25 100
96 95
89 50
5 89
89 95
5 95
94 18
5 89
95 97
41 55
89 95
89 95
50 95
89 50
95 89
5 95
125 5
89 50
95 89
95 89
5 73
89 50
95 113
5 89
5 95
89 119
30 50
95 5
89 5
95 5
5 89
89 95
95 89
95 5
95 38
5 47
95 50
50 89
5 3
5 50
95 50
42 22
89 50
5 73
95 89
95 50
95 14
95 89
95 5
89 5
89 50
95 5
5 14
5 50
95 5
89 5
50 115
89 95
95 89
5 73
95 89
95 83
5 89
5 95
5 95
95 14
89 95
50 89
95 89
50 45
89 95
89 95
50 89
89 95
95 23
95 50
95 89
50 95
100 51
95 116
89 5
89 95
89 95
5 95
89 95
50 95
95 50
89 5
5 95
50 127
89 95
89 95
5 95
50 16
95 50
89 50
5 89
89 95
121 120
5 95
95 50
5 95
95 50
95 42
89 95
50 95
5 118
89 95
95 67
50 89
50 95
89 95
89 95
50 5
50 95
89 50
89 50
89 95
89 50
89 95
95 89
89 5
89 100
89 50
89 95
89 95
5 89
50 95
89 95
50 95
54 11
5 89
50 95
89 5
89 95
50 5
89 5
89 95
95 5
50 5
95 89
89 50
89 15
89 95
95 89
95 89
89 5
95 5
95 5
95 72
5 95
95 17
5 73
50 95
5 50
89 95
5 89
50 95
50 95
50 95
89 95
5 62
5 95
20 8
5 50
89 95
95 83
95 89
95 50
50 95
95 41
50 5
89 95
65 125
89 50
95 89
89 95
5 73
89 95
5 73
89 95
95 50
89 95
95 50
63 120
89 95
99 15
95 5
95 50
95 89
89 95
89 95
50 10
89 95
5 47
50 89
89 50
89 50
89 5
89 95
89 95
89 50
95 23
95 5
89 95
95 23
95 89
89 95
50 5
89 24
50 95
5 95
89 5
89 95
5 89
95 89
89 95
89 50
89 95
95 89
89 5
5 89
50 95
89 95
89 95
89 50
5 119
95 73
121 95
50 89
95 50
50 95
14 81
89 50
5 50
95 50
50 5
5 73
5 12
89 95
5 95
89 95
95 23
5 95
95 50
5 89
89 95
89 95
89 95
5 95
50 89
89 5
89 95
95 89
89 50
95 5
95 50
89 5
5 50
95 5
89 5
50 95
95 89
5 95
125 70
75 89
95 89
95 89
95 50
89 95
95 89
95 50
123 119
95 5
5 95
5 47
95 84
5 89
89 5
89 50
5 89
85 121
5 47
50 95
89 50
5 95
50 5
89 95
5 95
95 50
89 95
95 23
95 50
95 89
5 50
50 5
50 95
50 89
89 50
95 89
89 5
5 50
89 95
89 50
5 95
50 89
89 50
5 89
5 73
89 50
50 89
95 89
89 95
95 50
89 95
89 50
89 95
5 73
89 95
89 50
5 95
89 95
89 71
89 95
89 50
5 50
50 109
89 95
5 56
5 95
95 50
89 50
5 89
89 95
89 50
5 95
89 95
95 5
95 5
50 95
95 89
5 95
5 95
50 89
5 97
89 5
5 95
5 95
89 95
89 95
50 95
5 50
5 95
5 89
121 38
50 89
95 5
5 95
50 52
5 95
95 23
89 95
89 95
95 89
95 14
5 95
50 5
95 23
42 121
50 89
95 5
89 50
5 50
50 95
95 89
95 89
50 95
89 5
50 12
89 50
50 5
95 89
89 50
53 50
5 95
89 5
5 95
95 89
89 95
89 50
89 95
89 95
121 59
50 95
95 5
50 95
89 95
89 50
95 89
89 95
95 89
95 5
5 95
121 9
50 95
95 89
89 95
95 50
5 50
95 89
50 95
50 5
73 59
5 99
5 95
95 5
89 5
95 89
50 92
95 14
50 93
89 95
95 5
89 95
89 95
5 79
89 95
5 95
50 99
5 63
50 95
94 21
95 89
5 89
89 95
5 30
89 95
50 127
50 47
95 14
50 95
63 120
41 88
95 23
50 5
50 56
5 95
89 95
95 89
89 119
89 5
95 5
89 50
89 50
50 89
15 34
50 95
50 95
50 107
50 95
89 95
95 50
5 95
89 95
89 16
5 95
89 95
89 66
95 89
95 89
89 5
5 50
5 50
50 95
95 89
95 109
5 95
89 95
5 50
50 17
89 95
5 50
5 50
113 58
89 95
5 89
89 31
5 50
89 95
95 14
89 95
89 95
95 5
50 5
89 122
95 5
95 30
89 5
50 95
89 50
95 5
50 89
95 89
5 73
50 95
50 95
20 8
89 50
95 50
95 5
95 89
89 68
95 50
89 95
89 95
50 5
95 89
95 50
95 5
5 50
95 89
89 5
89 95
95 23
5 95
95 89
95 89
89 95
95 50
50 95
95 50
95 50
50 58
50 95
89 78
89 116
89 95
41 52
89 95
95 89
5 50
89 95
89 95
50 95
50 95
95 89
5 95
5 95
95 42
89 95
5 47
89 5
89 95
5 50
89 50
5 50
89 50
89 95
50 30
95 91
50 89
95 89
31 50
50 79
89 50
5 47
5 50
5 95
50 95
95 26
50 82
95 83
5 95
95 89
89 92
79 63
95 14
95 50
89 95
89 114
50 89
5 47
95 5
89 82
89 50
89 5
89 50
95 14
95 89
95 65
50 95
89 95
95 99
95 5
50 95
89 5
5 89
89 95
89 95
95 89
50 5
89 53
89 95
5 112
5 95
95 89
95 5
5 95
95 50
95 50
95 5
5 95
95 89
95 89
89 95
89 82
89 95
95 5
89 10
5 89
95 5
89 95
54 40
94 72
89 95
89 95
89 95
95 89
89 95
95 115
50 95
5 95
95 50
5 14
95 89
89 95
50 95
79 83
95 5
50 95
50 5
95 5
50 95
50 107
95 5
89 95
5 89
95 89
95 50
89 5
95 89
95 89
5 95
89 95
125 67
89 50
95 89
95 89
50 13
50 95
95 79
89 50
95 50
5 95
95 89
89 16
50 95
89 95
95 89
5 73
95 79
89 95
5 95
95 50
5 95
95 89
50 95
95 5
89 50
5 47
5 95
95 14
5 95
5 50
121 83
5 95
95 23
89 50
50 95
5 89
95 5
89 95
89 5
50 95
5 95
50 89
89 95
50 26
50 5
95 89
20 8
89 50
50 95
89 50
95 23
89 95
5 89
89 95
89 95
89 95
50 89
89 95
50 95
50 40
89 5
50 113
89 95
89 95
95 89
50 17
89 50
89 57
89 50
89 95
113 58
89 50
89 95
95 13
89 95
95 89
95 50
50 95
89 95
95 50
89 5
50 81
95 89
89 75
89 95
89 50
118 42
5 95
95 38
125 22
50 95
89 95
89 50
95 50
89 95
5 95
50 116
89 95
89 116
89 95
95 64
54 94
5 120
5 50
50 95
5 95
50 95
89 50
95 89
89 50
18 5
95 50
95 89
89 95
95 89
95 89
81 13
15 34
89 95
95 5
50 5
119 20
5 73
20 123
5 50
95 5
5 95
5 89
5 89
89 95
50 89
5 50
95 5
89 17
50 95
125 83
89 50
5 94
5 100
89 95
50 95
50 58
50 5
89 95
125 98
89 95
89 95
89 95
95 89
20 64
50 95
89 95
95 89
5 122
89 95
5 47
89 95
89 5
95 89
95 50
5 95
50 95
119 123
95 89
95 89
89 5
5 95
89 95
50 17
89 95
95 23
5 95
89 17
5 50
89 5
89 5
89 95
89 5
5 89
89 95
5 73
95 89
89 95
5 119
95 89
5 73
95 89
95 89
89 95
5 95
89 95
5 8
89 97
14 5
95 89
50 95
89 95
5 89
95 50
95 14
89 95
89 95
5 47
95 45
50 89
50 71
50 5
50 5
5 95
14 95
95 50
50 41
41 68
89 95
95 89
95 66
68 15
5 50
89 95
89 5
89 95
95 14
89 95
50 78
89 50
50 107
89 95
95 89
5 50
95 89
89 5
89 5
50 95
89 95
50 79
96 56
89 95
89 95
50 17
89 95
95 101
89 95
95 23
50 95
95 50
89 95
89 50
95 14
50 121
17 57
5 89
50 95
89 95
95 89
95 50
95 50
89 50
50 95
5 75
89 50
95 20
50 95
95 50
5 95
50 89
89 95
89 95
95 89
89 5
50 95
125 79
50 95
89 95
50 5
95 89
89 95
89 95
50 95
95 89
89 5
89 50
5 73
89 95
95 50
89 5
95 89
5 95
51 80
5 73
50 95
50 95
5 95
95 5
95 50
50 95
50 95
5 89
50 95
5 95
51 83
50 95
89 95
5 95
5 123
89 95
95 89
50 95
89 95
89 95
50 95
95 23
95 50
5 99
95 5
5 95
50 95
95 75
50 17
89 95
95 50
50 95
5 89
5 50
95 89
50 5
89 95
34 111
50 95
89 95
50 5
50 89
89 81
100 14
50 95
95 50
95 89
95 89
5 95
50 95
89 5
5 47
118 65
50 89
89 50
89 18
5 95
5 50
95 23
95 5
89 95
95 89
95 89
89 95
113 58
89 95
89 95
5 47
50 95
89 50
5 95
15 79
89 95
50 34
5 95
41 94
5 95
89 95
15 83
95 14
5 89
95 89
89 95
5 50
50 95
50 95
89 95
95 50
50 95
50 89
89 95
95 89
5 50
89 50
5 50
50 95
95 89
95 89
89 50
89 95
50 95
5 89
89 95
5 89
89 95
89 5
89 5
89 95
5 95
95 89
5 30
20 64
89 95
72 41
89 95
5 95
89 95
121 83
89 95
95 89
89 51
50 33
89 95
5 50
89 95
50 89
89 95
5 89
89 5
95 5
50 26
95 28
5 89
89 50
95 89
95 89
50 95
95 23
89 5
95 89
89 5
95 23
95 117
5 50
89 50
5 89
5 89
5 89
5 95
20 8
89 50
89 50
5 95
95 50
95 50
89 50
89 95
95 83
89 95
50 89
5 95
5 116
5 95
89 95
89 95
50 89
95 89
41 10
89 50
95 5
95 5
50 95
50 40
5 89
95 5
50 95
89 95
89 95
95 5
5 50
5 89
89 95
95 5
99 28
118 42
50 95
5 95
89 95
5 73
41 121
5 91
96 36
95 5
95 50
89 50
89 95
89 95
89 95
95 47
95 50
89 18
89 5
89 5
95 50
5 95
89 5
5 95
95 50
15 79
5 89
89 50
50 95
95 50
89 50
50 95
89 95
95 89
5 50
50 95
95 50
5 95
5 89
49 89
95 89
5 89
89 30
50 89
89 95
89 95
54 2
89 5
89 95
95 5
89 95
89 95
5 110
5 95
5 73
5 118
89 95
89 5
50 82
50 5
50 46
89 95
89 50
89 50
89 95
89 95
50 95
89 50
50 82
89 5
5 95
89 5
89 50
89 50
89 95
89 95
89 50
95 5
95 5
5 95
95 89
5 89
89 95
89 5
50 95
99 6
121 106
5 89
5 95
50 95
51 123
50 83
89 95
89 95
50 43
89 113
5 89
50 109
51 12
15 34
50 5
5 95
89 5
95 89
95 89
89 95
5 97
95 89
5 89
5 89
50 95
15 83
50 18
95 5
95 89
95 50
89 95
50 65
95 23
89 95
95 50
68 115
89 95
95 50
5 47
41 123
89 95
89 95
100 119
5 50
95 50
89 95
5 93
95 89
89 5
89 71
96 68
89 5
17 31
50 89
95 89
50 95
89 95
89 95
95 89
89 95
5 95
95 89
50 5
5 50
89 95
89 50
5 95
95 89
50 95
50 95
50 95
5 73
50 95
89 95
89 95
89 82
95 89
95 8
95 89
89 54
95 110
95 50
89 50
89 50
95 89
89 95
95 50
89 5
89 95
95 89
95 5
89 123
89 95
5 75
89 5
89 95
50 89
50 95
50 95
89 95
50 95
95 5
89 95
50 83
95 5
89 95
50 95
95 50
50 89
95 89
89 95
95 89
50 109
42 51
95 89
89 95
95 89
89 95
89 5
5 95
95 89
50 95
15 83
5 50
89 95
94 64
95 5
89 95
89 5
50 95
83 106
89 95
89 95
89 5
95 89
89 95
95 89
95 89
5 95
89 50
89 95
95 89
50 5
50 95
89 24
89 50
95 50
95 50
5 116
50 95
89 95
113 50
95 89
65 105
89 95
94 74
99 39
89 5
95 5
89 50
41 116
89 23
50 106
89 95
99 125
74 100
95 89
95 14
95 50
89 44
