128 10000
89 95
73 5
5 95
50 77
5 95
89 5
95 23
5 50
89 94
89 50
89 50
89 95
95 89
5 50
50 95
50 89
95 23
5 81
95 89
50 5
106 70
95 5
89 95
89 5
121 23
5 89
89 95
95 5
5 95
50 5
95 89
95 14
5 89
50 89
5 95
95 5
89 95
95 50
5 95
50 5
50 95
95 89
100 119
95 5
95 5
50 89
89 95
94 70
95 84
89 95
89 95
95 89
50 95
5 95
95 89
89 95
89 124
95 89
64 58
89 95
89 95
50 95
57 89
89 95
5 95
50 10
5 10
50 95
89 50
5 50
50 95
95 50
89 95
89 50
89 5
89 5
50 95
50 95
89 5
50 89
5 89
54 95
89 95
95 89
89 95
95 89
5 89
5 50
89 95
95 45
89 50
89 50
89 95
89 95
95 89
95 89
95 23
89 95
89 50
89 0
89 50
5 89
5 95
89 95
89 95
95 50
63 120
95 89
94 5
89 50
89 50
89 28
89 95
50 95
95 89
51 11
95 50
50 95
50 95
89 83
5 95
95 50
95 14
5 89
20 8
89 4
34 15
5 95
89 5
89 95
89 95
95 50
5 95
5 3
89 50
5 95
95 23
95 89
50 89
89 95
95 14
95 50
95 89
64 94
89 95
5 95
5 73
89 50
89 95
95 89
89 5
89 50
95 5
107 13
89 5
50 95
5 50
68 14
70 89
50 95
121 20
89 95
50 95
5 50
50 95
89 95
95 5
5 95
50 13
89 50
89 95
99 79
50 95
89 50
5 56
89 50
89 95
89 95
89 95
95 5
95 5
95 5
95 5
95 50
95 89
50 89
95 50
89 5
95 50
5 99
95 89
89 95
89 50
89 95
5 95
89 95
95 89
89 95
95 117
5 3
5 47
89 50
89 95
89 50
50 95
50 95
89 5
64 77
89 95
5 95
50 95
95 89
5 89
89 95
20 64
50 95
89 95
50 95
89 95
119 123
89 95
95 50
89 95
89 95
5 95
42 51
50 95
5 95
95 89
50 89
95 38
89 95
95 89
89 95
89 95
89 95
89 50
89 50
95 5
89 95
50 5
95 89
54 83
95 5
96 60
50 95
5 73
50 95
50 89
89 50
5 95
41 101
50 89
50 95
95 50
89 95
95 50
95 49
89 50
89 95
5 89
14 81
5 89
95 50
95 89
95 89
89 5
95 50
89 95
5 77
5 50
89 5
89 50
95 50
50 95
89 95
89 95
95 89
89 95
95 23
50 95
5 17
95 58
20 8
125 18
50 89
50 95
5 95
5 93
5 89
89 95
95 14
50 4
89 95
50 95
95 123
50 89
89 95
5 95
5 95
50 95
5 50
50 17
50 110
89 95
5 50
95 123
5 95
5 95
50 89
95 50
89 95
50 21
95 89
5 50
89 5
95 50
95 112
89 95
5 95
41 68
5 47
95 5
89 50
5 95
41 23
95 5
89 95
50 95
95 89
95 89
50 95
50 5
95 5
95 17
125 26
95 89
5 50
89 95
89 17
50 95
89 95
89 95
95 50
94 118
95 89
89 66
89 5
5 58
5 50
95 89
89 5
89 50
5 50
95 89
89 95
95 89
89 95
5 89
95 89
5 95
89 95
89 95
63 96
5 95
5 50
89 50
50 95
89 95
89 95
5 89
89 95
50 5
89 95
89 95
50 95
81 42
89 50
89 95
5 117
89 95
50 95
5 59
95 123
89 30
64 83
50 95
23 95
50 89
5 95
89 95
89 95
89 95
5 50
95 5
89 95
14 95
5 95
41 68
89 95
95 5
89 5
50 95
95 5
89 95
95 89
95 89
89 83
50 95
89 5
89 50
89 95
50 63
89 95
5 95
89 95
89 95
89 50
5 89
95 50
95 5
89 5
95 50
95 50
50 5
5 95
5 50
95 5
95 89
95 50
50 70
64 94
95 50
83 106
50 95
5 109
63 120
89 95
50 95
89 95
95 89
89 95
5 89
89 95
14 81
5 89
50 2
89 95
95 89
50 12
41 3
50 95
50 95
89 95
5 89
95 89
95 89
5 50
89 50
95 89
89 5
95 5
89 5
89 95
89 95
42 20
5 48
95 50
50 95
95 5
51 100
50 46
50 95
50 122
95 83
89 95
50 89
89 29
113 58
65 99
95 89
95 89
89 50
50 95
89 5
5 50
89 48
118 13
89 50
50 95
89 95
5 50
89 95
5 50
5 50
50 122
5 73
50 109
50 89
5 95
89 50
89 95
5 50
95 50
119 123
89 95
5 95
5 89
5 95
5 95
5 89
5 50
5 47
89 95
50 95
5 95
95 5
89 95
89 50
95 89
89 95
81 100
89 95
50 95
5 89
89 95
89 5
89 114
50 89
50 94
95 89
50 97
5 95
50 95
95 89
5 89
5 89
50 13
5 89
89 95
95 50
95 89
5 89
50 5
5 95
5 95
89 50
50 5
89 95
50 5
89 95
5 50
89 50
89 95
95 50
89 95
89 23
50 89
50 5
50 89
95 5
89 95
95 23
54 32
50 5
95 5
89 5
89 50
50 95
89 95
89 5
89 50
89 95
89 95
5 95
5 34
95 89
89 95
89 50
95 50
95 50
50 95
94 20
95 89
50 5
5 50
89 50
95 89
89 95
95 50
5 95
5 50
95 50
95 89
5 50
50 89
89 95
5 89
64 4
5 95
89 95
5 89
89 50
89 5
95 5
95 89
89 95
5 89
5 63
89 95
5 95
58 113
50 95
5 89
89 95
5 95
89 50
5 95
50 89
5 95
95 89
89 50
89 41
15 34
5 50
5 95
125 98
95 50
89 5
89 73
89 5
5 89
5 50
95 5
5 0
5 50
89 95
89 95
95 78
50 95
89 50
5 117
41 46
89 95
95 5
89 5
50 5
5 95
95 89
89 95
95 5
89 95
5 95
89 5
89 95
5 95
95 89
50 95
5 57
5 89
89 95
95 89
5 89
95 89
50 95
50 31
50 95
5 89
50 5
89 50
5 89
79 89
95 89
5 95
15 79
89 95
95 89
5 74
50 89
89 50
50 95
89 50
89 95
51 28
50 5
89 5
95 5
5 95
5 60
5 83
95 50
89 95
50 39
50 95
96 60
89 123
54 56
89 95
95 89
89 95
89 100
50 89
50 95
50 95
50 95
5 95
5 89
5 50
50 5
107 13
89 95
89 95
89 95
95 5
64 110
95 50
89 5
20 64
89 50
15 34
5 95
95 89
95 92
50 8
5 50
95 89
95 89
95 73
95 14
5 50
95 50
5 73
89 95
5 89
5 95
95 89
89 95
89 50
89 95
121 79
95 89
95 50
95 14
89 95
5 95
89 95
50 89
75 89
50 5
89 50
89 95
50 95
95 89
5 95
95 5
50 95
89 123
95 89
95 5
95 89
5 54
89 78
5 95
15 83
50 95
50 95
89 95
50 123
5 95
89 95
5 47
89 95
89 95
41 15
95 89
5 73
5 89
89 14
5 95
50 89
95 50
50 5
5 50
5 50
113 50
17 121
5 73
5 95
5 89
5 95
17 84
50 5
95 89
5 95
89 95
5 95
5 95
5 50
89 18
50 95
50 34
5 50
34 111
89 95
50 95
95 89
89 95
89 5
89 95
14 81
50 89
89 95
50 95
50 5
89 50
5 122
89 50
95 89
89 95
50 5
89 5
50 95
95 89
5 95
5 3
41 68
95 50
5 66
89 95
89 95
95 89
5 89
95 25
95 89
17 125
5 89
50 5
5 89
5 89
89 95
50 63
89 21
95 89
50 95
89 95
89 95
5 95
50 31
89 95
89 95
95 89
89 95
95 89
5 73
50 95
95 89
89 95
50 89
89 95
5 95
89 95
89 5
95 23
5 95
95 94
89 95
50 95
5 47
89 95
5 50
89 5
70 59
89 95
89 95
89 95
50 95
95 89
5 95
5 50
5 95
5 95
50 95
89 95
89 50
95 89
89 50
5 50
15 79
95 26
5 95
50 95
95 89
89 5
125 127
89 95
89 95
89 95
50 95
5 73
89 122
41 15
89 5
50 95
89 50
89 95
15 83
89 95
89 95
5 89
5 63
95 50
95 89
50 95
106 83
89 50
95 50
89 50
89 23
89 95
95 89
41 61
5 50
95 50
70 42
5 95
5 95
5 47
5 95
89 95
5 95
89 50
5 95
89 95
95 89
50 95
95 5
5 89
50 89
20 64
89 95
89 95
89 95
50 95
118 94
95 89
5 95
50 118
89 86
5 95
5 89
89 95
100 14
89 8
5 20
15 34
89 5
15 34
32 74
5 89
50 116
50 16
89 95
50 95
89 95
42 51
89 5
50 95
95 83
95 89
95 89
64 94
89 5
89 95
89 95
95 109
50 5
5 89
95 23
89 95
5 122
64 79
5 50
89 30
5 95
89 50
100 119
89 50
5 47
96 19
95 50
95 5
89 95
5 14
95 89
89 5
95 89
50 95
5 89
89 95
50 89
5 50
5 95
95 89
95 51
89 95
89 95
5 82
5 50
50 95
89 95
5 66
95 50
89 95
95 89
89 50
95 50
95 89
5 89
89 5
5 42
95 89
63 79
95 89
89 95
89 95
89 95
89 95
89 50
50 39
95 89
95 5
95 23
50 95
5 0
50 116
50 5
89 95
89 95
89 5
5 26
50 17
54 55
45 94
95 89
89 5
125 2
95 48
89 50
89 50
50 95
89 95
5 95
50 35
95 89
125 95
5 89
50 95
89 5
68 15
95 89
89 5
89 95
50 95
95 89
89 5
95 89
89 95
89 95
5 8
95 89
51 116
95 50
50 95
89 5
5 95
89 95
95 5
89 95
50 89
5 50
5 89
89 5
50 95
95 89
89 95
50 89
89 95
95 50
89 95
34 79
5 50
41 82
89 95
89 95
50 95
50 0
95 89
95 89
89 95
89 95
50 95
89 10
95 89
5 50
95 89
95 89
50 95
89 5
5 89
50 95
95 5
95 89
95 89
89 95
89 50
89 50
5 89
50 95
95 50
89 50
50 85
89 95
89 95
50 94
95 89
99 62
89 17
95 50
50 123
50 95
89 50
95 89
50 19
95 50
89 50
95 50
81 100
50 95
50 89
89 95
89 95
95 11
95 89
50 83
95 50
89 95
5 95
89 95
107 13
89 95
95 89
50 95
95 89
89 95
5 50
95 89
89 5
89 23
95 89
5 70
5 79
50 95
5 42
5 118
95 89
89 124
89 5
5 95
5 95
95 82
89 50
95 50
50 95
89 95
95 89
5 61
96 4
50 101
95 89
99 21
5 95
8 64
50 47
95 50
89 50
89 95
95 89
89 95
95 50
50 95
89 95
15 34
89 95
15 83
95 89
5 89
5 89
89 95
95 5
50 115
95 50
89 3
50 73
95 89
95 89
5 50
95 50
95 89
50 89
5 73
50 71
95 83
95 14
89 50
95 5
50 95
41 120
96 44
89 78
89 95
5 95
50 89
50 23
95 89
50 5
89 98
95 89
50 95
95 23
50 43
5 47
89 5
99 12
5 50
89 95
89 95
89 95
89 5
95 89
95 50
5 106
89 95
95 5
79 54
5 89
89 5
5 89
95 89
64 83
89 50
95 89
5 64
5 89
95 50
89 95
89 67
5 95
95 89
50 5
89 95
5 50
50 11
50 79
89 95
89 95
95 5
89 50
95 89
5 73
5 89
95 50
89 95
89 95
89 95
50 5
5 47
89 50
95 50
89 95
89 50
95 50
50 95
95 89
5 50
95 23
5 95
89 95
89 95
89 51
95 89
95 50
95 89
5 125
95 89
5 95
95 89
89 79
5 50
95 50
5 95
5 73
50 95
95 96
50 95
95 89
95 5
89 95
95 89
89 95
89 50
125 83
5 95
89 50
5 95
89 21
5 95
89 5
95 89
89 95
89 45
95 14
89 50
89 50
89 95
89 95
50 95
89 95
89 50
95 89
89 95
89 95
89 95
50 95
5 95
5 95
50 95
89 50
5 95
95 89
89 50
95 83
50 56
50 95
89 50
95 5
89 95
89 95
89 95
95 89
89 95
89 95
89 67
5 89
95 50
50 89
89 5
89 50
95 50
50 5
95 30
89 95
89 95
89 50
89 95
98 83
50 95
95 89
50 95
50 5
89 50
89 5
89 5
89 50
95 50
95 5
50 95
95 50
89 50
50 95
5 34
89 5
5 89
95 89
50 89
89 95
89 95
5 50
5 95
50 89
89 50
95 89
89 50
5 50
17 125
89 95
95 17
50 89
89 95
89 95
95 89
5 95
95 5
89 95
95 5
89 95
50 95
5 95
89 95
89 50
50 89
5 89
89 5
100 119
121 59
125 105
5 97
5 95
5 95
89 95
5 95
95 89
68 41
95 5
95 89
89 95
95 50
89 95
89 5
89 50
5 50
95 5
95 89
89 95
50 5
50 5
89 95
89 50
50 95
5 50
50 113
95 89
50 7
50 5
50 95
89 95
41 110
89 95
50 45
95 5
95 5
5 89
95 89
95 5
5 95
5 89
95 89
95 89
5 95
89 5
5 95
89 95
5 95
20 64
95 23
89 5
89 95
95 23
89 50
5 95
5 50
95 50
95 50
89 5
95 5
95 50
5 95
89 95
5 50
95 50
95 5
50 99
50 95
14 81
89 95
50 5
89 5
5 102
95 89
95 89
119 99
50 95
50 95
95 23
50 95
20 64
89 95
70 42
95 50
50 95
89 95
89 50
89 95
50 89
5 95
89 95
5 95
89 50
95 89
5 78
95 50
95 1
95 127
5 73
89 95
95 5
95 89
89 20
89 50
89 95
89 95
95 89
95 89
89 95
95 89
5 95
89 119
89 95
50 95
50 95
89 95
5 89
5 95
5 95
89 50
95 5
50 57
50 95
89 5
89 95
89 95
96 82
89 50
5 95
50 95
64 111
89 95
95 89
50 95
89 95
5 127
95 23
89 95
50 97
89 5
89 95
89 95
89 95
50 99
50 5
5 95
95 14
89 50
50 89
95 89
41 15
5 95
95 5
89 95
95 89
50 95
95 5
95 5
89 95
89 117
5 50
89 95
5 95
95 89
5 47
89 95
89 95
5 89
50 95
95 50
95 5
95 5
95 10
95 89
95 50
89 95
95 30
50 95
5 95
95 50
95 50
5 95
95 50
5 47
89 95
89 50
5 95
5 89
89 50
50 95
5 95
89 95
50 89
89 95
95 89
14 81
95 83
50 95
50 95
5 50
89 50
125 98
89 16
89 95
89 95
5 89
89 68
89 50
89 95
5 89
89 5
89 95
5 50
95 50
113 58
50 95
50 95
89 95
95 89
5 50
95 50
95 89
89 50
89 95
89 95
50 95
5 89
89 95
89 95
95 89
89 123
95 89
5 50
95 5
5 95
89 95
5 89
95 5
89 5
89 5
95 89
89 5
50 107
89 95
89 50
89 50
50 95
89 95
95 5
5 47
20 64
5 95
5 95
89 50
89 83
51 65
50 118
50 95
95 89
5 95
89 95
89 123
50 5
50 89
95 89
95 89
5 89
89 95
95 50
42 5
89 5
95 89
89 5
5 89
89 109
95 89
5 89
89 95
5 95
89 95
95 89
5 95
50 5
50 95
5 47
50 71
89 5
89 95
89 68
89 95
34 65
89 95
95 89
89 95
5 95
95 25
5 73
5 95
95 89
89 95
89 50
89 95
89 95
64 13
89 5
89 95
89 5
50 5
58 59
63 96
95 89
5 50
50 95
95 5
89 95
5 89
95 5
95 50
95 50
20 123
118 65
50 119
95 89
89 95
5 50
89 50
89 95
89 5
5 95
83 79
50 89
95 89
89 95
89 95
89 50
50 95
5 95
89 50
89 5
95 89
95 89
5 50
29 89
89 95
95 23
50 95
5 50
89 50
64 7
89 95
50 95
5 95
5 95
42 51
50 95
95 89
89 95
89 5
95 89
89 95
50 95
20 121
100 119
5 95
25 106
95 5
5 47
50 120
5 95
95 5
5 17
5 89
5 38
95 5
89 50
50 95
5 73
89 5
50 95
95 89
5 95
89 21
95 89
89 95
89 95
50 61
89 95
89 95
95 50
121 8
50 95
50 123
50 95
50 95
5 89
89 95
5 89
5 95
89 95
95 50
95 89
50 5
89 82
89 50
50 5
50 95
89 50
5 89
89 50
95 50
95 5
5 50
89 50
5 50
50 75
89 95
95 50
64 81
95 50
95 50
5 95
95 50
5 95
99 47
95 89
89 50
63 120
50 95
89 5
20 121
50 52
95 50
13 68
5 95
50 95
5 50
42 98
89 95
41 57
95 14
5 95
5 50
5 95
95 5
50 95
95 50
89 5
95 89
95 5
5 89
50 95
95 89
95 50
50 5
14 100
95 89
50 95
95 50
89 121
5 50
99 25
5 95
5 95
50 95
5 95
89 5
95 5
5 73
89 95
5 89
89 95
89 73
5 95
50 95
50 89
95 5
50 89
50 95
95 30
95 5
95 50
95 14
5 89
89 95
50 95
94 75
95 50
5 18
89 50
50 5
95 89
95 89
89 5
89 50
89 95
5 89
5 95
89 50
95 89
89 95
95 5
89 95
5 95
89 95
89 95
50 5
20 64
95 50
50 47
95 89
50 5
89 5
5 50
89 50
95 5
89 95
89 5
50 5
5 89
50 95
5 47
94 38
50 121
5 89
50 5
89 50
89 95
89 95
95 5
89 77
50 95
50 84
95 50
5 50
50 95
95 89
89 5
89 95
89 50
5 89
95 89
5 95
5 95
94 122
50 0
95 23
5 32
89 50
89 95
42 5
95 89
89 95
95 89
95 89
95 5
5 17
89 50
5 95
95 89
95 89
5 89
89 95
50 95
89 17
89 95
50 89
50 95
41 21
95 89
50 115
50 4
5 10
5 73
5 95
95 5
95 89
89 95
89 50
13 118
95 50
89 50
89 5
95 5
50 95
5 89
50 5
95 89
5 95
50 5
50 39
89 29
89 1
89 95
89 95
89 95
95 50
89 95
89 5
50 95
50 28
95 107
89 95
95 89
95 89
95 50
50 95
89 95
5 50
89 5
89 95
50 95
5 89
89 50
95 20
89 5
14 81
50 5
95 5
95 89
89 95
50 95
95 5
89 95
89 50
5 50
89 95
89 95
89 95
89 50
89 5
79 50
89 95
99 79
95 50
95 89
50 95
95 23
50 95
89 5
95 89
50 5
89 95
5 95
50 95
89 5
50 95
5 95
89 95
64 83
63 96
95 5
50 89
89 95
89 62
89 95
5 48
95 50
95 5
99 3
63 96
95 50
95 50
95 89
5 89
5 73
125 95
50 95
50 95
15 34
50 17
5 63
89 95
50 96
50 89
96 65
50 95
50 95
95 89
50 95
89 50
95 5
95 89
89 50
89 50
89 50
50 95
5 47
50 95
5 47
95 50
50 120
50 89
95 5
5 50
5 89
5 89
50 5
95 50
95 89
95 89
95 5
89 50
5 89
50 83
95 89
95 89
95 5
89 5
89 95
95 89
89 95
5 50
89 5
89 95
95 89
95 89
59 80
95 56
95 89
5 89
5 95
95 23
95 93
95 89
5 50
95 94
51 112
50 5
50 89
95 5
89 95
5 50
89 95
89 79
95 89
119 99
95 14
95 89
89 95
89 5
89 50
100 119
89 50
89 95
65 99
89 5
89 95
5 47
95 89
5 95
89 49
95 123
106 79
118 13
89 50
5 95
17 54
89 5
5 79
89 95
5 95
50 95
89 95
50 5
89 95
95 5
89 95
95 89
50 95
95 14
89 95
95 5
5 50
95 5
95 50
5 89
95 89
89 50
50 95
95 68
121 96
5 95
50 89
89 50
50 95
95 89
89 50
89 84
5 89
89 95
5 95
89 95
89 95
50 89
89 95
89 50
89 95
89 31
5 50
89 95
50 95
50 5
89 95
89 95
89 95
89 55
50 95
50 89
95 89
5 95
95 89
95 89
95 5
5 95
89 95
89 50
89 50
95 23
5 89
89 95
95 50
95 5
5 95
89 50
50 5
50 5
95 89
89 95
5 95
5 50
95 5
95 5
89 95
95 89
89 95
95 89
89 95
50 95
50 95
121 15
50 95
89 95
89 50
89 95
89 95
68 41
51 80
95 89
89 95
5 95
95 89
95 5
5 89
41 15
95 118
5 73
50 89
89 50
5 95
5 50
89 5
95 83
89 5
89 5
5 50
89 95
89 50
5 50
95 89
95 5
50 94
89 0
95 89
89 95
89 50
95 89
95 5
95 50
5 89
89 95
95 5
95 5
5 50
89 95
89 95
95 50
95 14
95 50
5 73
89 50
95 89
89 95
89 95
89 95
50 95
95 5
5 89
95 5
50 95
89 50
5 89
95 110
89 5
47 20
89 50
50 5
95 89
95 89
5 89
95 89
95 89
95 89
95 5
50 95
89 95
95 50
95 89
89 95
123 119
50 95
50 5
41 68
50 125
95 5
89 50
95 50
50 95
89 95
50 95
95 50
5 95
95 89
50 89
89 95
89 5
5 89
89 95
5 95
5 95
89 50
95 89
89 95
95 77
95 30
89 95
89 46
5 50
50 95
50 89
89 5
89 5
50 95
47 5
95 89
89 95
50 95
5 73
5 95
95 89
95 89
89 95
89 82
5 50
50 95
89 95
95 50
89 107
95 5
95 5
5 50
5 95
5 89
68 15
50 89
89 95
95 50
89 5
95 50
95 89
89 50
50 95
50 95
5 89
95 89
89 95
5 89
89 95
95 50
20 8
5 95
95 89
95 23
89 49
50 95
5 20
95 23
5 89
95 89
64 8
95 50
50 95
50 89
95 14
95 89
95 5
50 5
89 5
5 95
89 0
95 50
121 61
15 79
95 89
95 50
50 95
50 95
50 95
89 95
89 95
50 95
5 95
95 23
63 120
5 47
89 95
5 73
50 46
95 5
95 89
95 89
89 95
50 95
95 50
89 95
5 121
95 89
50 95
50 95
95 18
17 93
5 63
5 89
89 78
89 105
95 23
89 95
89 95
5 47
95 89
5 50
89 95
89 95
95 89
89 95
50 95
45 50
95 50
5 50
89 95
89 5
5 63
89 50
100 119
50 89
68 15
95 92
89 81
89 95
89 95
5 50
89 5
89 50
95 5
95 89
95 5
5 89
50 89
95 5
95 89
95 89
89 95
95 5
89 95
95 89
5 95
5 89
5 95
113 58
89 95
95 89
5 89
50 95
5 89
50 95
95 5
89 95
41 70
89 95
89 46
95 89
89 50
5 95
89 95
95 5
95 5
5 50
89 95
5 89
50 5
50 95
5 18
95 50
50 95
89 5
89 95
50 95
89 95
50 5
89 95
89 95
50 95
95 89
95 89
5 95
89 50
5 56
89 95
89 95
89 95
15 83
95 50
95 50
107 13
5 95
5 50
95 23
5 89
79 83
50 95
89 95
50 95
89 95
95 50
95 5
89 95
50 89
89 95
95 50
5 50
5 47
89 95
95 50
95 89
95 89
113 58
89 95
64 23
95 5
95 5
50 121
34 111
95 89
89 5
89 50
50 17
50 95
51 80
89 50
50 48
5 95
50 89
5 89
89 95
50 97
50 95
50 89
5 95
50 63
89 95
89 95
89 70
5 95
95 50
5 89
95 5
89 95
95 5
89 95
5 95
89 95
89 95
89 50
42 111
95 89
95 50
5 95
5 59
89 95
64 15
95 50
89 95
95 50
95 50
89 95
89 95
89 95
89 95
89 5
5 95
89 5
95 89
50 89
89 95
95 14
95 50
95 89
89 111
89 5
89 95
89 95
95 89
5 50
89 95
5 95
15 34
95 50
89 20
95 5
89 95
89 95
5 89
5 95
95 89
58 5
50 10
51 85
95 89
5 95
5 47
89 95
95 50
89 81
50 95
95 89
95 5
95 89
50 5
50 95
89 5
89 95
95 89
89 5
89 5
58 24
5 89
95 5
95 89
50 89
50 5
64 83
89 95
89 95
5 89
89 95
95 89
5 89
89 50
95 89
89 54
50 95
50 89
5 89
89 50
95 89
89 95
95 89
95 89
95 89
50 95
5 95
50 95
89 50
89 95
50 5
65 24
89 95
89 95
89 50
58 79
50 95
95 89
95 50
50 89
95 50
89 5
89 5
50 95
5 47
89 50
95 50
5 95
89 5
89 50
5 83
89 95
68 41
5 89
95 89
89 95
5 50
50 5
5 95
15 79
89 95
5 89
89 109
89 50
5 89
89 115
5 68
50 89
121 21
50 95
112 95
95 89
50 95
89 61
95 5
95 5
5 95
95 23
95 5
89 50
65 32
89 95
89 95
89 50
89 95
89 95
89 5
89 95
50 89
95 50
95 89
89 95
50 89
89 95
50 89
5 95
95 89
5 95
89 50
5 89
5 50
95 50
89 95
50 89
89 50
50 95
89 50
95 89
5 54
89 95
95 89
89 111
5 50
89 95
5 50
5 89
95 14
5 89
50 5
5 95
50 95
5 102
89 95
95 28
89 95
89 95
15 83
89 95
50 95
89 63
89 95
89 5
89 5
89 94
95 50
89 95
89 50
50 5
50 97
5 95
89 50
89 95
89 95
50 123
50 5
89 5
89 50
50 89
121 119
95 89
5 91
5 89
50 95
95 89
95 23
50 125
95 89
95 89
50 95
65 34
50 95
95 101
89 95
95 50
89 95
14 81
89 95
95 50
95 89
95 50
5 50
5 95
95 89
50 95
5 89
89 95
42 20
50 42
50 42
95 89
95 89
89 50
50 95
94 64
89 77
113 56
5 60
89 95
95 5
95 89
89 95
89 50
95 94
89 95
5 95
89 50
5 96
5 95
50 95
50 95
95 23
5 95
89 14
95 123
95 20
99 71
89 5
89 95
50 95
95 89
89 95
50 95
89 95
89 50
95 5
113 74
95 89
50 114
89 50
5 50
89 95
95 89
50 40
5 89
89 95
50 5
95 110
95 50
89 95
95 50
95 50
89 95
95 89
89 95
50 95
89 95
50 89
89 50
5 47
58 5
50 84
95 5
89 95
89 95
50 5
89 95
41 113
5 95
5 95
89 95
5 95
94 18
89 60
121 126
80 50
89 95
89 110
95 50
95 50
5 95
89 5
15 83
13 81
50 17
89 95
94 91
89 95
89 95
50 5
89 95
89 95
89 95
95 50
5 95
5 47
95 50
100 14
89 5
50 5
17 50
50 95
95 19
95 50
95 79
50 95
89 95
50 17
50 76
89 50
5 89
50 5
20 8
89 95
95 89
89 5
50 95
73 5
95 89
95 89
95 50
89 95
89 95
95 50
95 5
50 95
95 5
5 34
5 20
5 95
89 95
50 95
95 23
89 50
95 89
17 99
5 94
5 95
89 50
5 95
50 95
15 79
89 64
99 101
89 95
5 89
5 50
50 89
5 47
89 50
50 89
95 50
89 46
5 50
5 95
89 50
5 50
5 95
89 5
50 89
5 50
5 95
95 89
89 95
95 50
95 50
42 51
89 5
95 89
89 95
89 95
100 119
89 14
95 14
125 116
50 51
50 95
50 95
5 50
89 50
89 95
5 73
40 50
5 95
95 48
95 89
95 50
41 31
50 22
95 8
5 50
95 89
50 95
5 89
95 89
89 50
95 50
95 50
95 5
95 71
50 4
95 89
5 89
50 5
89 50
5 95
95 50
5 89
95 106
89 5
5 50
89 95
95 89
5 95
5 89
50 79
89 5
95 50
5 89
5 50
95 14
50 89
41 71
65 24
95 47
50 95
89 95
5 89
95 50
95 50
95 89
50 93
5 50
50 28
89 67
95 89
95 89
89 95
54 83
50 95
89 95
89 50
50 5
89 5
5 89
5 95
50 98
89 99
5 50
95 47
5 95
89 95
95 89
89 50
95 17
89 95
95 89
41 21
5 95
95 5
89 95
89 95
50 5
50 89
95 23
89 5
94 75
5 95
50 95
50 71
95 50
50 95
89 50
89 95
89 119
95 1
89 50
50 95
5 89
89 95
89 50
5 95
68 15
50 95
50 95
50 89
41 15
5 95
89 95
5 95
50 95
95 89
5 95
89 95
89 95
50 95
50 95
95 89
5 23
41 115
89 95
95 89
89 95
89 57
50 5
50 95
95 89
89 95
95 89
95 5
95 5
50 95
5 47
95 89
89 2
95 79
100 8
5 95
95 50
50 95
95 14
64 94
89 123
50 95
50 41
89 50
89 95
95 14
89 95
50 97
50 95
95 2
89 21
5 89
89 95
95 23
95 28
50 89
50 95
50 89
5 73
5 42
5 95
68 15
95 89
95 89
95 89
95 50
50 95
95 5
50 89
89 5
89 95
89 50
121 46
89 5
50 5
94 83
5 50
95 89
89 50
89 50
89 95
95 89
5 89
5 89
96 79
89 50
50 83
42 51
89 50
94 33
94 17
5 89
89 5
50 30
5 63
50 95
50 95
89 95
5 73
5 89
50 95
89 50
89 50
89 95
95 47
113 58
50 95
89 111
5 95
5 50
50 31
89 50
13 107
50 95
51 79
50 10
95 89
50 5
50 1
5 50
89 50
5 50
95 89
89 20
50 19
95 89
50 5
89 5
5 89
5 89
95 89
89 95
89 50
95 50
5 89
95 93
5 17
95 50
89 95
50 95
99 118
50 5
95 14
50 22
89 92
95 89
95 50
5 121
50 95
95 50
50 95
50 89
95 50
89 95
50 5
89 5
1 89
95 50
95 89
50 110
95 89
95 89
50 95
95 50
5 50
5 50
95 50
5 89
50 5
89 95
50 95
95 50
5 95
89 5
5 95
95 50
15 83
89 50
89 75
95 89
95 14
5 89
89 95
95 50
95 50
5 95
89 95
50 5
5 95
50 95
89 95
5 89
15 79
95 5
5 89
50 5
89 40
89 95
95 50
95 5
89 95
95 89
50 95
95 89
50 95
89 78
54 4
5 95
89 95
89 50
95 89
95 99
50 95
95 89
89 95
20 123
50 95
89 95
5 89
89 95
95 28
89 95
107 13
5 50
95 5
5 95
89 5
89 5
50 86
95 5
95 18
89 5
5 89
95 89
89 5
14 81
5 89
89 95
50 95
89 95
95 89
89 50
95 50
89 50
50 45
89 95
89 5
89 95
5 6
89 95
5 71
50 95
89 95
5 109
95 89
73 5
95 50
15 34
5 95
89 5
5 89
50 95
89 95
5 50
95 89
54 83
89 95
95 89
50 5
113 58
50 95
95 89
5 89
89 95
89 95
94 83
95 14
95 89
51 42
95 89
89 50
95 71
50 95
89 50
89 95
89 5
95 89
89 50
5 95
89 95
81 100
89 95
89 95
5 122
50 95
89 5
95 89
5 95
5 50
89 95
89 95
50 95
89 95
89 95
5 89
5 95
89 95
89 50
89 95
95 5
95 50
50 95
89 95
50 63
95 89
5 50
50 5
89 5
89 50
5 89
95 89
50 97
5 45
50 95
89 95
5 95
89 95
5 89
106 70
95 50
5 95
89 50
5 95
89 50
50 23
89 95
89 95
95 89
81 42
89 23
51 44
89 50
95 89
89 95
123 119
95 97
95 50
89 95
5 89
89 50
5 95
95 5
95 89
89 95
5 95
95 89
51 40
89 50
89 50
89 50
89 5
94 111
89 50
95 5
50 95
95 50
95 50
89 5
96 10
89 85
5 95
50 95
5 50
65 98
95 89
89 95
95 5
50 95
5 89
95 89
89 95
89 47
5 94
89 5
89 95
50 95
95 89
50 5
95 89
89 95
89 95
50 76
95 23
50 34
5 95
5 89
14 81
50 95
95 5
95 5
95 5
95 50
89 20
50 5
89 50
89 50
95 89
95 26
95 89
121 79
89 95
5 14
89 95
50 79
89 95
89 42
89 95
5 89
5 50
5 50
5 95
5 89
95 89
95 5
89 95
5 50
5 95
50 95
89 95
95 79
50 95
89 95
5 95
95 89
89 95
89 50
95 89
50 115
5 95
50 95
54 9
89 50
95 89
95 83
5 47
95 5
5 89
89 95
50 95
89 50
89 5
89 50
5 95
5 95
5 89
113 58
89 95
5 89
95 23
5 47
89 95
95 5
95 50
50 95
50 76
89 95
5 95
50 15
5 115
5 50
50 95
89 95
95 89
89 5
95 5
5 50
95 5
95 89
95 50
89 95
89 95
89 5
5 89
50 123
125 68
95 89
5 15
89 95
5 73
89 54
95 5
5 95
50 88
50 76
95 50
95 89
95 5
50 99
95 89
5 89
95 5
89 95
5 95
95 25
89 95
50 95
5 89
50 5
5 89
89 95
89 115
95 89
5 95
5 47
5 95
95 5
95 5
5 95
5 95
89 95
5 35
5 50
5 73
95 47
95 122
5 95
89 95
5 50
89 5
50 17
95 5
89 95
95 5
50 95
75 89
89 95
18 17
95 10
89 95
41 117
5 89
89 95
95 5
42 51
95 120
5 73
5 95
89 95
89 5
5 50
95 89
99 32
95 50
5 95
89 50
89 95
89 95
41 70
125 98
50 5
5 89
50 95
95 14
50 5
50 41
5 50
5 95
5 95
89 95
95 5
89 95
50 89
15 34
89 5
95 89
50 95
95 89
5 95
50 89
95 50
95 17
89 5
95 50
50 89
89 95
95 89
5 73
5 95
5 50
89 50
89 95
95 29
95 5
50 95
95 14
89 95
5 50
89 50
89 95
89 50
89 50
95 89
5 95
89 95
89 95
5 73
89 50
68 15
95 5
95 50
41 68
5 95
89 16
50 89
79 54
95 23
95 50
5 89
50 95
50 95
95 50
5 89
89 95
50 95
50 95
95 50
95 5
5 95
5 89
95 50
89 5
5 89
95 50
95 25
50 95
89 95
95 89
5 89
95 89
5 95
50 17
95 5
50 54
89 95
95 5
89 95
5 17
50 95
89 50
95 89
89 5
89 23
50 5
89 77
51 81
5 95
5 95
89 95
50 95
5 89
5 95
5 89
89 95
5 89
95 89
5 73
89 30
89 50
5 95
95 80
89 95
5 89
95 83
5 89
89 95
5 50
50 95
89 95
89 39
89 5
5 95
95 89
95 89
89 50
99 119
5 75
5 95
50 95
125 49
50 113
50 95
50 89
89 50
50 5
95 89
50 95
95 50
89 95
95 89
95 5
5 95
5 50
5 50
95 89
5 32
89 5
50 89
95 5
5 89
50 5
95 89
89 50
5 89
89 5
5 50
50 95
50 95
95 89
34 14
121 64
89 95
89 95
95 89
5 4
50 86
95 50
95 89
89 95
5 95
89 95
89 95
89 95
5 47
89 95
50 95
89 95
50 5
50 89
95 110
95 93
5 95
89 95
89 50
51 125
50 95
95 89
89 95
5 95
95 89
89 50
95 5
89 95
89 95
5 50
5 89
89 50
95 89
95 89
89 95
89 95
5 95
5 111
95 83
5 73
5 89
5 95
89 95
5 50
5 95
50 95
5 89
5 89
5 50
95 50
63 120
89 95
5 50
50 112
5 89
5 50
95 94
50 89
89 5
5 89
5 95
89 95
125 2
89 115
54 62
5 89
95 89
89 95
5 119
50 95
89 95
95 50
5 50
95 89
89 95
89 95
89 56
5 95
5 95
89 95
50 115
5 95
64 111
50 95
89 5
50 95
95 48
95 89
5 50
89 50
89 95
5 89
89 95
89 95
50 89
89 95
89 95
5 89
56 113
5 95
95 50
89 32
50 89
89 16
95 89
95 89
89 95
5 89
95 50
5 0
95 89
95 89
95 89
68 15
5 95
89 95
50 95
5 95
50 95
95 89
5 89
89 95
95 50
5 23
50 89
5 89
5 50
95 50
50 95
5 95
89 95
50 105
89 82
95 89
5 89
89 32
89 95
5 95
95 89
89 95
95 50
89 5
95 89
5 95
5 95
89 95
89 50
89 5
95 5
50 95
95 89
89 5
95 5
95 5
107 51
89 95
89 50
89 50
95 89
95 5
5 95
50 41
5 50
95 5
50 96
89 95
95 50
89 5
95 89
89 95
89 95
50 5
89 24
95 50
95 89
95 50
50 95
89 95
5 47
5 117
89 5
5 50
5 95
89 95
5 72
23 83
50 95
5 99
95 89
95 89
89 95
95 89
89 95
95 89
89 5
95 50
5 50
95 5
89 95
95 50
5 50
50 68
50 89
95 50
89 95
89 95
89 5
5 89
8 64
95 5
95 89
118 65
95 50
89 95
95 50
95 50
89 95
50 95
89 95
95 50
95 89
50 95
14 5
125 80
95 50
89 50
96 100
89 95
50 89
95 89
64 81
5 95
95 23
5 95
5 95
89 5
5 59
50 89
50 5
89 95
95 5
89 95
5 73
95 5
95 50
50 95
50 95
5 47
95 50
89 50
50 95
89 95
5 89
95 5
95 50
89 95
89 95
89 80
95 50
89 50
95 89
89 95
89 5
121 6
50 89
5 42
51 5
83 15
89 50
89 95
5 89
89 50
5 16
95 10
89 95
89 95
95 18
95 89
89 5
95 5
89 5
89 95
95 5
50 89
5 73
5 50
89 95
100 14
95 89
50 78
50 95
95 89
89 5
89 95
89 5
95 5
50 34
50 44
5 47
95 1
89 95
95 50
54 97
95 18
5 73
20 8
5 50
95 89
89 95
94 82
107 13
95 89
5 95
41 68
95 89
95 89
5 89
89 5
89 5
89 50
80 50
50 95
50 95
95 50
15 83
89 95
89 95
95 89
5 95
5 89
5 95
50 95
95 50
95 5
89 95
15 83
89 50
95 124
63 96
5 95
95 107
5 50
5 89
5 95
5 89
113 58
50 95
50 3
95 89
89 95
5 95
5 89
50 95
121 91
89 33
50 18
95 50
50 95
95 50
95 119
95 89
26 95
5 50
50 89
5 47
50 5
50 4
95 89
89 5
95 89
50 5
89 5
89 93
5 95
95 5
50 5
50 5
5 50
95 89
50 95
95 14
50 95
89 95
5 59
5 101
89 50
5 89
89 95
89 5
95 50
89 50
89 95
5 95
95 5
50 54
5 50
5 95
89 95
94 73
50 95
5 50
89 95
89 95
95 5
5 95
19 51
89 95
89 50
5 89
15 83
5 73
50 89
50 95
5 89
5 89
5 89
50 89
5 50
95 89
89 95
50 124
95 89
89 95
5 50
50 5
89 123
50 95
50 89
5 89
5 89
89 76
50 5
89 50
5 95
5 95
95 89
89 92
89 95
89 95
95 89
50 20
83 79
95 5
89 95
5 50
95 89
89 5
89 109
95 89
95 89
5 50
89 95
89 81
95 50
95 23
95 49
95 50
95 5
64 97
89 50
119 123
89 5
50 115
95 5
89 95
5 89
89 95
5 89
89 5
95 14
50 95
95 23
95 5
89 95
95 89
50 5
89 95
5 95
89 5
5 89
89 95
5 89
95 50
95 89
89 95
89 50
89 95
95 91
5 47
42 76
95 89
89 95
5 73
89 70
5 95
95 5
50 95
89 95
95 89
51 18
50 17
89 95
89 95
71 5
95 50
89 50
95 50
89 5
65 94
95 5
5 95
95 50
89 95
89 5
89 95
89 95
54 30
95 50
95 89
95 50
89 50
95 50
89 95
50 59
89 50
95 89
89 50
89 95
95 50
89 95
89 123
5 89
96 14
5 95
95 14
5 73
5 50
5 89
89 50
95 5
89 95
89 95
118 13
89 95
50 89
50 95
89 5
95 5
50 89
18 5
5 95
95 20
89 47
89 95
51 40
5 50
89 5
89 95
95 50
5 92
50 95
5 89
50 95
89 95
50 89
89 95
89 55
95 89
15 34
89 95
89 95
89 95
50 5
89 50
5 95
125 80
5 50
89 50
50 89
41 23
5 123
89 95
89 95
5 89
50 95
95 89
5 50
89 95
5 95
89 50
5 89
64 97
5 95
95 89
95 89
50 95
50 5
95 89
89 50
95 89
95 5
5 47
95 5
95 50
89 95
95 89
95 89
89 95
51 106
95 5
89 95
95 89
5 95
107 13
95 92
89 95
89 5
5 113
89 95
95 5
50 95
5 89
89 50
50 31
50 95
95 89
89 5
95 23
123 125
5 95
5 73
50 95
17 112
89 95
50 95
89 95
5 50
89 95
95 50
89 95
5 83
5 73
5 95
89 17
95 89
95 89
50 20
89 95
50 95
50 95
50 5
5 95
89 5
95 50
89 95
95 5
89 50
89 5
50 95
17 80
89 68
89 95
5 95
5 95
89 95
41 17
5 95
95 50
89 5
50 95
50 95
95 17
89 38
95 50
50 5
95 50
89 5
95 123
5 89
50 95
89 95
50 95
95 89
95 89
89 5
14 81
95 79
89 50
95 23
95 23
89 95
95 50
95 89
5 95
5 95
50 95
5 95
50 89
89 95
50 5
89 95
95 50
41 20
50 93
89 95
89 95
95 38
42 51
89 95
50 5
17 101
89 95
50 95
89 50
89 50
54 89
95 89
5 95
89 95
89 95
50 95
5 50
50 95
89 50
5 95
95 89
95 89
89 50
89 95
95 5
50 95
50 95
89 95
95 23
5 95
89 5
95 89
89 95
89 5
50 119
89 95
89 95
89 95
89 5
89 50
95 89
5 47
50 95
89 2
95 14
95 89
32 74
89 50
89 50
95 74
95 23
89 95
121 62
5 89
50 89
89 95
50 95
5 95
95 89
50 5
89 95
5 50
95 89
5 95
89 95
89 95
95 89
47 20
95 50
5 89
5 95
95 89
54 6
95 5
95 5
89 95
89 50
89 95
50 89
119 8
5 95
89 95
89 95
50 95
95 50
89 95
95 5
95 5
95 50
50 89
95 89
81 42
95 50
50 89
5 89
89 95
42 51
125 5
89 40
5 89
95 50
50 5
70 42
89 119
95 50
95 89
89 95
20 121
95 47
95 89
89 95
95 13
95 5
5 8
95 77
95 89
5 89
95 89
95 5
50 89
95 89
5 89
95 89
95 50
95 5
50 95
5 95
95 89
95 50
89 95
89 95
50 95
50 89
5 73
89 61
89 63
5 95
89 95
95 0
5 89
5 95
5 95
5 50
89 5
95 50
50 95
50 98
89 50
50 95
89 95
95 101
5 89
50 95
5 95
89 50
89 95
95 50
89 95
5 95
50 95
89 95
5 81
5 95
5 89
5 65
89 95
95 50
89 95
89 95
50 95
95 89
5 95
89 95
5 95
5 95
89 5
89 95
95 5
50 95
50 95
95 89
50 62
95 50
95 5
95 89
89 95
50 121
5 99
5 89
95 50
64 94
50 95
5 89
89 95
50 60
54 59
89 95
89 50
89 92
95 89
50 95
89 5
50 95
89 95
63 79
89 95
42 51
50 89
50 95
95 23
5 89
89 95
50 91
5 89
50 89
83 79
95 5
50 95
95 23
95 14
89 50
50 95
95 23
50 5
50 30
95 5
50 89
50 95
5 89
95 89
89 95
5 89
89 95
50 95
95 89
89 5
95 5
50 95
5 95
89 95
95 89
5 95
89 95
5 89
50 54
50 95
89 95
89 50
50 95
95 6
89 68
95 89
95 23
89 50
89 113
89 50
50 18
95 50
95 50
50 95
95 89
5 95
95 89
95 23
95 50
5 95
5 89
5 95
5 89
100 119
95 89
89 95
89 95
50 89
95 5
41 99
50 95
54 50
5 122
50 93
89 95
50 17
95 89
5 95
50 95
50 5
5 30
50 5
95 50
5 89
64 106
89 5
95 50
89 95
89 95
95 89
95 5
89 95
89 95
5 73
14 81
5 95
5 95
95 89
50 89
89 95
89 50
89 95
89 95
95 50
89 5
89 95
5 95
50 95
5 95
50 41
89 95
5 95
95 14
50 95
50 5
95 0
50 95
95 23
50 95
95 5
89 95
41 15
50 95
95 50
54 125
5 122
89 5
50 95
50 95
95 89
95 5
89 95
50 95
5 89
50 68
89 95
50 95
5 95
95 5
5 95
14 81
89 95
89 95
89 95
89 20
5 95
5 95
5 95
95 14
50 5
89 50
5 50
95 5
5 89
89 95
95 23
51 95
50 95
50 89
89 50
50 95
95 89
5 95
89 95
5 95
5 95
95 89
50 95
5 73
20 51
95 89
50 95
50 5
95 50
95 5
89 95
50 89
89 95
95 50
89 95
5 95
89 95
95 31
5 32
83 106
5 48
100 14
95 89
89 95
50 5
125 17
50 95
89 95
89 95
89 95
89 50
125 77
89 95
95 89
89 95
50 95
89 95
89 95
89 5
89 95
50 95
89 50
95 89
50 4
50 105
95 5
89 95
95 113
5 50
89 95
89 95
89 95
32 74
64 6
89 95
95 5
95 23
50 16
89 95
89 5
5 50
50 95
89 5
5 95
95 89
79 63
8 20
50 95
95 0
89 95
95 17
51 80
95 89
5 73
89 50
95 89
95 89
95 89
5 95
5 89
89 95
89 5
95 107
50 95
50 95
89 95
5 120
95 89
50 95
89 95
89 95
89 95
89 30
5 95
5 89
68 15
89 95
95 89
89 95
89 78
50 95
95 50
95 50
113 58
5 95
95 89
107 13
50 95
89 95
50 122
64 32
5 50
50 89
51 79
89 22
5 26
89 5
89 50
5 95
50 5
95 50
68 15
50 6
89 95
95 89
95 89
95 50
95 89
89 95
50 95
89 57
95 50
79 96
15 79
50 89
89 5
20 8
50 95
5 89
50 95
95 5
95 73
5 50
89 67
89 50
89 5
5 89
5 79
89 5
95 50
50 95
95 89
50 95
95 5
125 105
95 50
95 5
50 17
5 95
89 50
95 63
41 115
5 42
89 5
5 95
50 89
20 64
5 95
95 89
89 5
95 5
50 95
50 89
50 115
95 89
50 95
89 95
89 95
5 95
50 95
50 95
95 89
95 5
5 89
95 123
89 95
5 89
80 50
50 5
95 89
89 95
89 95
17 79
5 95
95 50
50 34
50 95
89 50
89 95
89 95
5 95
89 95
5 50
50 42
80 50
20 8
89 95
95 89
95 14
5 95
89 95
95 14
89 95
50 116
95 50
89 50
50 5
95 89
50 95
5 63
89 95
50 5
50 89
50 89
95 89
95 5
95 50
89 95
95 50
89 95
89 95
41 83
95 89
50 95
89 50
89 95
5 95
50 13
50 89
5 50
89 5
51 107
89 5
5 50
5 95
50 5
5 89
89 95
50 95
89 95
89 95
50 89
50 95
89 127
95 50
50 97
50 51
89 10
74 100
89 95
95 50
89 48
95 14
50 10
95 89
89 5
95 50
89 5
5 50
5 89
95 50
5 95
89 95
89 50
89 95
5 50
100 119
50 95
50 95
89 5
89 95
50 5
95 23
95 5
41 40
95 89
95 50
89 5
58 36
89 95
89 95
89 67
89 122
89 5
50 5
5 50
41 127
5 89
89 5
5 73
50 99
41 5
50 95
89 5
5 95
95 5
5 50
89 16
89 95
95 89
95 89
95 89
50 95
68 15
5 89
50 89
5 50
95 5
89 50
95 5
89 95
95 50
5 95
50 89
5 95
89 95
89 5
95 89
5 50
89 5
50 52
89 5
15 34
5 95
89 95
89 95
89 5
15 83
95 89
50 95
5 78
5 50
89 50
89 95
89 95
95 50
89 95
50 95
95 89
89 95
5 95
89 78
118 50
95 50
5 95
5 123
95 5
5 89
50 95
58 75
95 89
50 95
89 50
5 95
95 14
89 95
50 95
89 95
34 15
89 50
89 95
123 119
50 5
95 89
89 50
95 14
89 95
89 5
98 42
95 23
34 111
5 89
5 95
95 5
89 95
50 95
89 5
95 14
50 95
5 40
5 89
89 5
89 76
5 95
95 50
95 50
89 50
89 95
50 5
89 95
94 51
5 95
50 89
95 89
95 89
5 95
5 89
5 89
89 95
5 50
50 95
95 0
89 95
89 95
89 5
89 50
89 95
95 50
50 95
89 50
50 89
5 47
95 89
89 5
20 64
89 22
5 89
89 95
89 95
50 5
89 95
41 3
50 89
50 5
89 50
89 50
125 70
50 95
50 89
42 51
5 10
5 95
5 95
89 95
95 89
89 95
89 95
5 89
5 95
95 89
5 73
50 95
5 84
50 95
5 95
5 95
95 5
5 89
5 89
50 83
95 89
89 95
95 89
89 95
89 95
89 95
5 89
95 89
32 51
50 95
95 5
89 50
95 50
95 89
89 95
89 50
51 94
89 95
89 95
5 95
50 95
54 50
95 5
94 4
50 95
89 95
5 50
5 47
89 50
95 50
89 95
95 89
89 95
89 95
95 50
89 95
95 14
95 5
5 54
5 89
95 89
95 1
95 89
5 95
5 95
95 23
89 95
89 50
111 42
95 75
95 89
89 95
89 95
95 23
89 5
5 73
89 95
5 50
95 80
95 17
50 95
95 5
95 89
89 50
95 89
95 42
89 95
89 50
95 89
51 31
50 109
89 95
5 47
50 5
95 5
42 51
5 50
5 95
89 5
125 76
5 73
89 95
95 5
50 89
95 85
51 6
89 95
50 5
89 17
89 95
5 95
50 99
89 95
95 89
5 95
5 73
89 95
89 50
95 71
89 95
89 50
89 95
89 95
5 95
123 119
89 79
89 5
50 5
50 5
89 95
89 14
89 50
50 95
95 5
95 5
95 50
94 48
5 89
50 89
50 89
89 117
95 56
95 23
95 5
89 95
89 95
89 95
95 50
95 89
95 50
51 104
5 50
95 5
95 5
95 23
95 50
50 95
5 50
95 50
89 5
89 50
5 50
95 89
50 95
95 89
5 89
50 95
89 95
5 89
95 5
89 95
5 89
89 50
89 5
50 61
50 95
95 5
95 14
107 13
5 14
113 58
50 121
5 95
50 95
95 50
89 5
95 89
95 89
95 89
95 89
89 95
89 5
95 50
89 95
50 89
89 95
89 95
95 14
89 97
95 89
95 5
89 5
89 95
125 83
95 5
5 89
95 89
5 95
95 14
50 26
89 95
95 5
5 50
50 123
95 50
89 114
89 50
50 95
95 48
89 47
89 50
89 95
95 50
89 50
89 50
5 89
5 95
89 5
20 64
95 89
95 89
5 89
42 94
95 89
50 95
68 15
5 89
89 45
95 89
5 47
89 95
50 5
50 95
5 95
95 50
95 89
89 95
50 115
89 5
15 83
95 5
50 5
50 95
95 89
5 17
125 70
95 5
89 95
89 50
95 89
50 5
5 95
50 95
89 95
50 19
5 89
95 50
89 95
89 50
95 89
50 5
5 123
95 89
70 106
79 54
89 95
95 23
50 111
50 95
5 89
89 95
95 50
50 95
89 4
89 95
89 95
5 95
89 5
95 50
95 89
89 95
89 50
50 95
89 5
95 89
89 50
50 95
5 89
50 5
95 50
50 95
89 50
89 5
47 30
95 118
89 95
95 48
95 50
89 95
95 89
89 50
95 49
50 95
89 95
54 2
89 5
95 5
89 95
50 95
5 41
5 89
89 95
95 23
34 111
89 5
89 95
5 50
95 50
5 89
5 89
17 16
89 95
95 50
95 23
89 95
119 8
5 89
89 95
50 89
95 89
5 47
95 50
89 95
95 14
89 95
95 89
5 79
50 95
5 89
50 89
89 95
5 95
50 89
89 95
89 95
89 50
50 95
89 50
42 98
89 50
50 89
89 95
89 95
89 5
5 95
5 46
95 50
5 47
95 5
95 50
95 5
5 95
50 95
50 95
95 5
50 89
5 50
95 89
95 5
89 50
89 5
95 83
89 5
5 50
50 95
14 81
95 89
95 50
89 95
95 89
95 50
89 50
89 95
95 89
95 5
89 50
5 95
59 63
89 0
50 95
89 95
50 95
95 5
89 95
95 89
89 95
89 95
50 99
89 95
95 5
5 89
95 89
89 95
95 89
89 95
89 95
50 95
50 95
50 95
89 95
89 5
5 95
5 95
5 50
95 89
89 95
5 95
50 95
15 83
89 95
95 89
95 89
50 95
50 89
89 50
5 89
50 95
95 5
123 119
89 95
95 5
89 95
89 95
89 50
50 89
50 95
95 89
95 50
95 89
89 78
99 7
50 95
95 89
95 5
5 95
89 50
95 89
50 95
50 95
50 89
5 73
95 23
89 8
50 13
5 95
50 116
89 50
95 50
89 95
95 25
5 89
5 102
89 95
50 17
51 63
41 15
89 95
50 89
95 89
95 50
94 49
95 50
95 5
95 50
95 17
5 95
89 95
89 95
89 95
95 50
95 23
95 89
89 95
5 47
99 85
89 5
89 95
50 95
95 23
50 5
50 95
89 50
95 89
99 55
95 89
50 89
89 50
5 89
89 95
95 89
32 64
95 89
95 89
50 95
89 95
50 89
5 95
5 81
95 89
5 73
5 95
95 93
95 14
89 50
89 95
95 89
89 95
50 95
5 95
50 95
95 50
95 89
89 50
89 23
89 95
118 13
5 95
5 118
50 95
5 95
89 95
5 95
95 5
41 50
50 89
89 5
89 95
64 58
5 89
95 50
50 49
89 95
5 95
89 95
89 95
95 50
95 89
89 95
5 89
89 95
95 89
50 95
95 50
50 95
50 33
50 95
125 70
95 89
89 95
5 89
89 95
89 95
95 89
89 5
50 95
95 5
89 5
5 95
5 73
50 95
89 95
5 89
5 95
120 42
95 89
50 95
50 18
89 5
89 5
89 95
95 89
50 89
5 89
5 47
50 95
5 50
68 41
89 50
50 95
95 89
5 50
89 95
89 95
50 95
50 95
50 127
5 95
5 89
89 54
95 89
5 59
95 50
89 50
89 95
95 23
5 95
89 95
95 5
95 50
5 89
50 89
89 5
89 95
89 95
95 116
89 95
89 95
89 50
14 83
50 17
89 5
5 95
89 95
89 95
95 89
89 95
113 89
95 50
89 95
5 50
81 42
89 95
89 95
94 17
89 95
89 95
121 20
95 89
5 89
5 95
89 50
119 8
5 73
95 50
50 89
54 32
50 95
50 95
95 50
89 50
95 89
50 32
50 95
50 30
95 89
89 50
89 5
89 50
5 50
50 95
5 95
5 95
50 95
50 95
89 50
50 89
5 95
5 100
95 89
14 81
95 89
89 95
95 50
125 120
95 89
95 5
95 14
89 5
50 95
50 95
95 89
89 83
50 95
5 95
95 50
95 89
95 89
5 50
89 95
89 50
89 5
89 50
95 10
95 5
89 95
89 23
5 95
113 58
89 95
89 95
89 5
5 50
95 89
50 57
89 95
95 50
95 5
5 95
89 95
100 119
89 95
95 23
89 30
95 28
95 89
89 95
95 89
89 95
89 95
95 102
50 95
95 66
95 50
50 95
95 5
41 68
89 95
95 50
89 42
50 95
5 95
95 51
5 95
50 82
5 89
89 95
5 95
89 95
89 5
5 111
95 89
50 17
5 89
50 95
89 95
95 52
89 50
50 89
52 94
63 96
95 116
89 5
89 95
50 61
50 95
95 89
50 95
50 5
50 95
95 89
46 89
5 47
50 95
5 17
89 95
50 89
89 50
95 50
95 89
95 89
5 89
89 50
96 12
89 5
89 50
89 5
83 15
42 51
68 15
89 95
41 14
95 5
89 5
5 50
5 95
89 95
89 5
95 50
89 95
89 50
95 50
95 92
5 73
25 106
89 95
95 50
89 95
5 89
95 23
89 50
89 95
5 50
5 95
54 83
95 89
95 89
5 61
95 89
50 95
5 89
50 89
50 95
95 89
50 113
89 64
5 50
34 111
95 28
89 50
95 89
89 95
50 38
50 95
5 47
50 95
89 95
5 89
95 89
95 50
89 95
5 73
5 93
5 89
89 95
89 95
89 50
89 95
20 8
50 95
89 92
5 89
89 95
50 95
89 95
89 95
5 95
89 95
95 5
95 89
89 5
50 3
95 89
95 5
89 95
50 5
95 89
89 50
111 42
89 50
95 89
89 95
5 95
5 95
50 122
95 89
5 47
5 89
5 95
89 95
50 45
50 89
50 89
95 89
95 89
89 95
95 5
5 50
89 50
95 89
95 5
95 89
50 95
50 5
95 89
95 23
96 59
95 89
89 95
14 81
50 5
89 95
125 59
50 5
14 81
5 95
5 95
95 89
89 95
95 5
89 5
95 89
51 100
125 98
89 95
50 95
95 58
50 60
50 116
89 95
95 23
50 5
89 32
89 95
89 50
5 95
95 45
5 73
89 50
89 95
95 50
95 50
5 89
95 89
95 89
89 5
81 13
50 63
89 95
95 89
89 95
95 5
95 89
51 42
89 95
95 89
13 79
89 95
5 50
5 50
89 5
95 5
50 47
5 89
95 89
89 95
5 50
5 73
5 95
95 89
89 5
95 50
89 95
63 96
5 95
95 89
5 89
89 5
5 95
95 89
123 119
50 95
89 95
95 77
95 89
89 95
50 95
5 50
89 50
50 89
89 95
95 89
95 5
50 95
5 89
5 50
50 17
20 121
89 95
89 95
50 95
89 95
5 89
50 14
95 50
99 111
5 22
125 98
89 95
95 89
95 93
50 95
95 50
95 50
50 74
89 95
95 47
5 50
5 93
5 95
50 95
95 5
89 95
89 95
95 63
95 23
89 95
89 5
5 89
17 41
89 95
95 89
15 83
50 5
96 55
5 89
50 89
89 66
50 95
50 95
95 5
50 124
50 95
5 89
89 95
89 5
89 5
89 95
42 95
95 89
89 5
63 42
95 89
5 95
95 50
95 89
89 95
95 23
89 80
89 95
95 89
95 50
95 5
89 29
89 95
50 95
95 89
5 93
89 95
89 42
95 5
50 89
95 50
50 95
5 50
89 95
50 95
5 50
5 8
89 95
95 5
89 95
89 95
95 14
5 95
5 89
89 95
5 47
107 13
5 89
5 89
89 95
5 50
5 73
5 50
95 89
5 50
50 5
5 95
89 95
95 89
5 89
95 50
95 14
95 97
50 5
95 89
95 29
63 120
5 50
5 95
89 95
5 50
95 50
95 5
5 47
89 5
50 5
89 95
5 95
95 47
50 5
50 95
95 50
5 95
50 89
5 89
5 95
95 89
95 93
89 95
95 23
51 48
89 95
89 95
95 89
89 95
89 95
89 105
95 89
95 89
50 95
5 89
5 95
95 5
50 95
89 95
95 5
50 17
95 50
89 95
89 95
5 73
64 83
50 5
89 95
5 95
50 95
50 89
5 89
34 65
50 85
89 10
89 95
95 89
95 23
89 95
14 81
95 89
50 95
95 89
15 34
5 89
50 5
89 95
50 95
5 95
5 50
89 95
95 5
95 5
50 5
89 95
89 95
5 95
89 5
95 89
89 50
89 95
95 66
50 5
5 50
95 5
5 89
5 50
5 89
89 95
5 89
95 5
89 50
95 89
5 115
64 94
95 18
89 95
15 49
50 95
95 5
89 95
20 64
89 50
89 95
89 0
100 119
89 95
89 95
89 56
50 5
95 50
51 107
5 50
89 95
89 95
89 95
5 89
95 23
95 89
89 50
5 95
95 89
95 5
89 95
89 50
95 5
50 95
89 95
50 77
89 95
95 89
89 95
89 95
95 17
5 50
50 95
89 95
89 3
50 5
89 95
50 95
50 95
95 50
95 50
89 95
89 5
41 68
89 95
95 5
5 89
95 89
89 5
5 89
50 42
20 8
50 5
5 73
23 95
5 89
89 95
89 71
89 5
95 68
50 95
95 14
95 5
5 50
89 50
95 50
50 89
89 49
95 50
5 95
89 95
5 73
89 95
51 63
95 5
5 89
5 95
50 47
5 80
50 5
95 5
95 17
95 23
89 5
51 26
95 89
5 95
95 5
95 89
5 50
5 54
50 89
50 5
89 95
95 14
89 95
5 89
89 50
5 95
50 89
89 95
89 50
125 55
5 95
89 95
89 95
50 25
89 95
50 89
89 95
89 5
95 89
50 95
50 30
89 95
95 89
50 89
50 5
95 50
89 95
5 50
95 89
15 83
14 95
5 95
89 5
5 95
89 95
5 74
5 34
89 95
89 72
95 89
5 50
89 50
5 95
89 95
95 89
5 50
95 5
89 95
50 89
89 95
50 5
95 89
89 95
95 89
89 95
89 8
95 89
89 95
89 95
89 95
5 73
89 95
5 30
89 16
89 50
95 50
89 50
89 95
95 89
89 5
50 89
5 89
95 50
5 95
95 89
50 89
94 4
50 89
5 95
23 95
23 95
95 89
89 95
95 89
95 89
50 95
89 95
95 89
41 83
83 15
89 95
50 95
89 95
5 95
95 50
100 119
89 95
89 95
5 95
89 50
89 50
95 71
63 79
89 95
89 95
5 89
89 95
89 95
89 95
5 73
50 89
95 14
89 95
89 95
95 50
95 89
89 95
89 95
50 95
95 50
95 50
15 34
50 95
50 2
5 95
89 5
95 50
89 95
58 59
5 89
50 121
50 5
95 99
89 50
89 122
89 95
95 89
89 50
50 100
89 5
89 95
89 50
89 95
5 95
89 11
95 89
89 50
50 5
89 95
95 5
5 95
89 95
89 50
95 89
95 89
41 73
95 89
5 118
95 89
5 89
5 4
89 50
100 119
5 89
5 50
89 95
5 50
95 5
95 89
5 89
50 95
89 5
5 14
5 95
89 5
89 94
50 89
50 95
89 5
89 95
50 89
89 95
50 95
121 40
50 71
50 95
95 116
5 95
5 89
50 105
50 77
89 95
50 95
89 95
5 77
89 95
95 50
95 50
5 95
50 95
89 72
89 95
50 95
89 50
89 95
5 89
50 95
89 50
5 50
89 95
50 95
95 89
95 23
95 89
95 50
95 5
5 95
95 89
95 50
89 50
95 5
89 16
89 95
89 95
5 95
50 95
73 5
89 50
89 50
95 89
89 95
5 95
50 89
50 95
89 5
5 73
50 117
89 8
95 5
64 116
89 95
89 95
95 123
89 95
89 95
5 89
50 95
5 95
89 5
95 50
51 75
54 28
95 89
89 95
95 89
95 89
95 89
50 95
5 42
89 95
50 83
64 80
89 5
41 115
5 89
95 82
5 16
95 50
50 95
89 5
95 75
95 50
95 89
5 95
89 95
89 95
95 71
5 89
89 50
95 89
95 94
95 50
95 50
54 70
125 123
5 50
50 122
5 95
5 89
89 95
89 95
5 95
56 5
89 95
95 5
50 95
5 89
89 95
89 95
95 50
89 95
95 89
89 123
50 3
5 95
95 5
89 95
95 89
5 95
95 50
89 1
5 59
5 50
5 89
50 5
5 89
95 50
5 95
50 95
95 89
89 42
5 95
89 5
5 95
54 60
95 89
89 5
95 23
95 89
5 89
15 34
89 50
95 89
95 5
50 5
95 50
89 95
5 33
89 50
95 89
50 95
95 89
50 47
50 95
50 95
89 95
5 95
50 95
89 5
89 95
5 14
73 5
89 95
50 95
89 95
95 50
89 95
50 95
50 5
5 95
50 60
5 89
89 23
89 95
5 95
95 50
95 5
95 50
89 95
5 73
89 95
5 95
95 89
50 95
89 95
95 23
5 50
89 107
95 50
89 95
5 89
20 64
50 81
89 95
5 47
89 95
5 89
89 79
5 95
89 95
95 50
89 50
95 89
95 50
89 95
5 95
64 45
89 95
5 47
89 95
5 50
50 121
89 95
95 89
118 111
95 47
89 5
95 50
95 5
95 89
100 119
5 95
95 89
95 89
89 95
5 95
95 89
5 89
89 95
50 5
50 98
50 95
5 50
89 95
89 95
5 94
50 95
89 95
50 95
50 94
95 89
20 8
89 5
89 95
5 70
89 95
89 95
95 50
95 89
95 50
5 95
5 123
89 95
50 5
5 95
95 116
95 89
111 70
50 95
50 95
95 89
95 89
50 95
25 79
113 58
89 95
42 94
95 89
50 89
20 8
50 17
95 89
95 89
89 5
5 73
50 95
5 95
50 5
95 89
65 113
5 25
95 89
89 95
50 95
89 95
95 89
89 50
95 50
89 50
89 95
89 95
5 86
89 95
89 95
95 89
89 45
50 89
5 45
89 95
95 89
5 89
50 95
89 95
50 95
50 95
89 5
95 56
95 50
89 94
5 95
50 60
95 89
89 95
89 5
95 70
89 95
89 95
89 95
95 50
118 65
89 95
89 50
99 89
89 5
100 119
89 95
50 127
5 50
95 117
89 95
5 95
50 95
95 23
89 95
50 95
125 17
99 66
5 50
5 50
95 89
89 3
64 83
95 89
95 5
89 95
95 79
89 95
89 5
17 5
51 105
101 89
95 50
95 5
5 89
5 95
50 5
5 95
5 95
89 50
89 95
95 5
5 89
89 95
5 47
50 5
89 50
95 79
50 95
95 50
95 89
89 95
95 5
5 8
95 89
89 95
89 5
89 95
95 89
50 95
89 95
50 89
5 95
50 95
89 95
95 89
89 50
95 89
118 65
89 5
89 50
89 95
89 95
50 89
95 79
50 95
95 5
5 89
89 95
89 95
50 5
95 50
95 50
89 1
34 111
5 89
89 95
5 89
50 89
20 8
95 50
50 89
50 95
89 50
5 95
5 95
50 95
95 50
95 89
95 5
95 89
89 50
89 45
95 89
95 50
50 95
5 73
50 89
94 52
51 41
50 111
50 95
89 95
89 99
5 89
5 50
95 89
95 89
95 50
89 50
50 95
95 50
89 1
95 89
95 23
5 47
5 95
95 50
89 72
89 95
50 95
95 5
95 71
89 111
5 95
89 95
95 89
89 95
89 95
95 89
89 95
95 5
50 89
89 95
89 50
50 95
95 5
54 50
50 96
5 95
5 95
89 50
89 63
68 15
95 56
95 50
5 95
5 95
89 84
5 50
5 73
95 89
89 5
50 31
95 5
5 89
95 89
50 95
89 111
50 63
89 95
89 95
95 50
95 23
89 50
95 89
89 5
89 95
89 95
50 95
89 95
95 89
95 50
89 95
5 73
95 89
89 5
95 89
50 89
50 5
95 50
5 95
89 5
5 57
95 50
50 89
95 50
64 83
89 50
89 85
89 95
50 95
5 89
50 89
95 89
95 89
50 95
95 5
50 95
5 117
5 95
5 95
95 50
50 95
50 95
89 58
95 50
5 47
15 34
89 95
89 83
95 50
95 50
89 50
50 23
95 5
95 89
95 89
89 50
89 5
89 95
95 42
89 95
89 95
106 98
89 95
95 89
89 95
113 58
95 55
50 26
5 56
89 95
50 95
50 95
95 5
89 95
95 23
95 89
50 41
50 95
95 115
95 89
50 89
89 5
50 89
5 47
95 5
95 50
96 83
5 95
95 89
95 50
95 50
5 114
50 95
95 50
50 95
50 89
95 89
50 95
89 5
89 95
95 89
95 5
95 5
5 89
95 50
5 95
89 51
50 60
95 5
95 5
95 89
5 95
68 15
50 95
95 89
89 95
89 95
95 89
50 63
95 50
50 95
89 5
95 50
89 95
89 29
5 95
5 89
50 95
95 89
50 5
50 95
89 95
50 95
5 83
95 89
94 17
89 95
95 50
5 89
50 95
95 5
95 50
95 50
5 50
50 95
89 95
89 95
50 29
89 50
89 50
95 89
79 83
95 14
50 95
50 63
89 95
5 95
89 123
95 89
89 95
95 89
5 89
50 95
95 89
50 95
50 95
95 5
89 95
50 5
95 89
95 50
89 95
95 89
95 5
89 95
5 48
95 89
89 95
95 89
89 5
5 47
41 97
95 50
89 95
95 50
50 89
50 89
5 89
79 5
95 50
89 95
5 8
5 89
95 50
89 95
5 110
95 89
95 50
89 95
89 95
5 26
5 95
95 50
5 95
95 5
50 95
89 50
50 95
89 5
95 50
50 95
89 95
95 14
89 95
50 89
89 95
89 66
50 95
5 89
50 5
89 50
50 95
5 47
81 42
89 5
5 95
95 100
50 5
89 5
89 95
89 95
95 89
95 5
95 89
50 95
89 95
89 85
95 50
50 95
89 95
50 95
106 70
50 95
95 89
63 120
89 95
50 95
89 95
89 50
50 5
51 80
5 121
95 123
95 23
95 5
95 50
50 74
95 50
95 14
95 50
89 95
50 95
50 89
95 89
89 95
89 78
89 95
89 95
89 95
15 83
89 95
50 83
95 89
89 95
50 95
113 58
89 5
89 5
5 89
89 95
89 95
123 119
89 95
5 50
95 89
89 95
5 89
89 95
5 95
95 50
89 95
89 95
95 5
89 50
89 5
5 89
99 24
89 95
5 89
50 95
50 95
89 95
50 95
5 89
89 95
89 5
89 95
17 3
50 47
50 89
95 29
50 95
95 50
89 58
89 95
89 5
95 5
5 47
50 95
89 95
89 95
89 95
95 89
95 50
95 89
89 95
5 50
95 89
89 50
89 95
95 89
89 95
50 89
89 95
5 95
89 95
95 89
89 95
5 95
20 121
95 50
89 5
89 95
95 5
89 95
5 89
89 95
50 95
95 5
89 95
89 50
89 50
50 95
89 95
89 5
95 89
95 83
95 50
89 50
50 95
5 50
89 95
5 50
50 5
89 95
50 89
95 14
5 89
50 95
95 3
89 95
95 99
5 73
95 50
89 50
5 95
89 50
95 5
5 89
50 89
89 95
89 95
50 95
50 5
50 95
95 89
89 77
89 95
89 95
89 50
50 89
89 5
95 89
96 121
5 93
5 50
50 89
95 50
95 5
89 50
50 95
95 89
5 95
89 95
95 89
89 95
89 95
17 39
89 50
95 5
95 89
50 17
89 50
5 50
95 75
50 77
5 50
89 95
5 95
50 117
89 5
89 95
95 5
50 89
89 95
5 50
95 89
5 30
89 56
50 5
50 95
5 95
89 5
50 95
95 89
50 95
50 92
95 50
50 95
89 70
89 95
95 89
5 47
5 50
5 50
95 39
95 89
95 5
50 95
89 95
89 5
95 89
89 95
89 95
5 89
95 50
50 95
5 73
89 123
95 50
5 95
89 95
89 95
89 95
14 81
5 89
50 5
5 89
95 50
15 34
89 95
50 95
95 5
89 95
50 113
50 89
5 89
89 5
89 95
89 95
5 89
89 95
95 89
89 95
95 89
89 95
89 50
89 95
5 127
89 95
5 95
89 95
89 50
5 95
89 50
95 89
50 95
50 97
89 95
50 5
95 80
89 50
5 50
5 89
50 95
95 89
89 95
89 95
89 50
5 95
89 95
96 62
5 95
95 5
5 89
5 95
95 5
89 95
95 50
5 89
5 95
89 50
89 95
95 23
5 50
89 5
89 95
5 89
95 50
96 82
89 50
89 50
5 89
89 95
95 5
5 89
89 5
5 89
95 50
50 6
95 50
50 95
50 89
5 56
89 95
89 95
5 95
50 95
95 89
95 89
95 38
95 89
89 95
95 23
5 95
89 95
5 89
5 47
95 50
50 5
89 95
89 5
95 89
95 89
50 95
113 58
50 95
89 50
5 89
50 95
100 14
5 89
89 5
95 125
5 50
95 5
89 50
89 5
89 95
50 95
95 89
95 50
15 83
89 95
50 95
89 95
95 89
50 95
96 34
5 94
50 95
5 95
50 24
50 95
89 95
89 95
89 95
50 95
118 13
95 5
5 89
5 50
95 50
89 95
50 26
89 50
5 47
89 95
89 95
89 95
95 89
89 95
50 95
51 76
50 95
89 50
5 95
89 95
50 95
89 5
89 50
58 113
34 65
95 89
50 95
5 33
95 14
50 84
95 5
89 95
95 116
89 95
89 50
5 95
95 50
89 50
5 51
50 5
89 50
89 5
5 95
95 5
89 95
89 50
5 89
50 89
41 38
95 5
95 75
89 95
95 89
89 95
89 95
5 89
95 89
89 30
95 89
79 99
89 95
5 89
95 50
5 95
50 123
5 73
50 5
89 42
5 89
89 95
50 95
89 95
5 97
5 95
50 95
89 95
118 65
89 95
95 89
89 95
5 89
95 89
89 95
50 17
89 50
5 95
99 7
50 95
50 89
100 119
50 95
95 5
95 77
95 89
89 50
5 95
5 95
89 95
5 89
5 95
95 5
50 24
5 95
5 50
5 95
5 50
50 95
50 5
95 89
89 5
50 95
95 5
5 95
5 50
5 73
121 81
89 50
89 64
89 95
89 95
5 125
89 78
58 113
95 23
5 50
95 50
89 50
89 95
5 95
50 89
5 95
5 89
95 5
89 95
5 89
89 95
89 95
95 89
89 95
89 95
50 99
50 5
89 95
95 89
50 95
89 95
50 89
50 95
50 4
89 5
5 13
89 95
5 89
50 95
50 94
50 5
95 50
95 49
5 95
50 89
99 5
95 89
89 95
47 5
5 95
89 95
89 95
95 89
95 89
89 95
50 5
5 95
89 50
50 5
89 50
89 95
89 5
94 17
89 95
50 1
95 89
5 89
42 81
89 95
5 95
41 40
95 50
89 73
89 95
59 63
89 95
50 95
50 95
50 1
89 5
5 95
50 89
5 47
89 50
95 50
50 95
5 95
89 5
50 95
5 89
89 95
95 50
89 95
5 96
50 5
89 50
89 50
95 23
89 95
89 95
95 89
89 74
5 89
5 50
89 95
89 95
5 95
121 71
89 95
89 50
95 89
95 50
5 89
113 58
89 5
5 95
95 50
5 50
95 5
89 5
20 64
89 95
5 95
89 95
5 59
95 23
95 50
5 125
14 100
95 89
95 5
89 95
89 95
95 50
50 95
95 89
95 89
95 5
5 95
5 89
5 89
89 8
50 95
95 89
89 95
89 95
95 89
89 95
99 22
5 73
89 95
89 17
89 95
95 89
99 63
89 5
95 5
51 28
5 47
64 3
95 89
50 95
95 89
89 95
5 89
5 50
89 95
51 11
95 50
95 5
89 114
95 89
89 95
50 95
50 95
20 8
17 95
89 95
5 66
95 50
5 95
89 95
89 50
95 89
89 95
89 95
95 50
89 95
50 89
89 95
5 95
95 50
89 109
50 95
50 5
89 5
50 5
89 95
95 5
50 60
63 81
95 89
95 77
95 5
89 95
89 95
89 95
89 50
89 95
5 89
5 89
89 95
5 95
95 5
5 89
95 18
68 15
5 80
5 95
89 95
89 95
89 95
95 6
50 89
95 89
89 95
50 89
5 89
89 95
36 5
5 95
95 5
95 50
5 89
5 89
5 89
89 5
41 125
41 70
89 95
5 95
50 95
89 95
50 95
89 95
5 89
50 5
50 95
89 51
95 50
5 50
89 95
50 82
50 95
100 119
89 5
5 89
95 89
50 95
89 50
100 14
50 95
95 14
89 95
89 50
50 95
118 65
95 89
95 50
95 50
89 95
5 23
96 1
5 119
20 8
89 50
5 95
89 95
89 95
89 5
95 5
89 50
5 95
89 95
41 125
89 95
5 95
89 95
5 89
50 0
89 50
89 95
89 95
95 89
50 89
89 95
20 8
5 95
89 95
50 95
89 50
5 95
95 89
5 54
89 95
5 89
89 79
89 95
50 0
5 95
5 95
89 5
89 95
89 95
5 89
50 5
95 5
50 95
95 89
89 95
50 89
89 20
14 95
95 89
5 50
95 5
5 89
95 89
50 95
89 95
89 50
20 8
5 89
95 50
5 50
5 95
5 95
89 50
95 89
95 89
50 95
50 95
50 89
5 89
89 95
89 95
50 95
89 95
89 50
50 95
95 50
89 5
89 3
95 89
42 94
89 95
89 95
5 95
5 95
89 95
89 95
95 118
89 95
99 102
89 50
89 10
95 50
79 83
89 50
89 50
5 95
50 28
50 95
89 80
89 57
5 50
89 3
89 95
95 5
95 50
89 95
81 42
50 89
95 89
5 89
95 50
89 95
96 70
89 50
50 95
5 47
89 95
5 95
95 5
5 50
99 89
95 5
95 71
89 123
50 5
89 50
5 47
89 95
95 50
50 89
50 95
89 23
89 95
95 89
50 47
89 99
5 75
50 95
50 5
95 5
50 5
113 58
95 50
95 79
5 95
89 5
89 5
89 95
20 64
95 89
50 63
89 95
99 8
89 5
5 50
89 95
50 89
89 95
95 89
50 95
50 95
89 95
95 115
50 61
89 50
95 89
89 95
5 95
89 5
89 95
89 50
95 89
89 20
95 5
95 5
5 95
95 89
89 46
50 119
5 89
5 89
83 95
5 95
20 64
5 89
95 89
64 49
5 50
17 95
89 95
5 89
95 50
50 95
89 95
95 50
50 95
95 89
100 119
89 95
95 89
95 14
89 95
95 50
89 95
95 89
50 5
95 50
95 89
50 95
95 50
89 50
89 50
50 5
5 95
95 89
89 95
5 89
89 95
89 95
68 41
5 114
50 5
89 95
95 50
95 89
89 95
50 95
89 95
89 95
50 5
89 95
89 73
17 23
5 95
50 95
89 5
89 5
95 50
83 14
89 50
95 123
89 95
95 50
5 89
5 95
5 73
95 89
89 5
95 89
81 100
89 5
5 89
54 71
95 5
95 50
50 95
89 95
89 95
95 89
89 95
5 89
5 95
89 95
89 50
50 95
89 50
89 5
50 66
89 95
5 8
89 95
95 89
89 95
89 95
5 95
5 95
50 95
95 50
89 50
50 99
89 5
95 89
95 5
5 47
50 89
89 95
95 5
95 89
107 13
50 89
5 95
5 89
5 95
119 20
95 116
95 89
5 95
5 50
89 5
95 23
51 67
89 95
89 95
5 95
5 89
96 61
50 53
50 5
89 95
50 89
50 5
5 95
50 5
50 95
95 50
50 6
89 95
95 89
50 95
5 73
95 78
50 5
95 5
5 89
5 89
89 95
89 95
95 89
95 5
5 89
63 81
95 89
50 95
5 89
50 89
89 50
89 5
95 50
95 89
89 95
50 95
95 89
89 5
50 95
95 5
5 118
5 89
50 53
89 95
95 5
5 89
89 5
89 95
89 95
89 95
95 89
89 95
95 5
5 98
5 110
50 89
89 5
5 89
95 14
89 95
89 5
95 50
50 89
95 50
50 95
89 95
50 95
89 5
95 89
89 95
95 14
89 95
50 5
50 89
89 95
95 89
89 50
89 95
95 89
89 95
5 47
50 89
5 89
50 89
95 89
89 95
95 89
95 89
89 50
89 95
95 89
89 95
50 95
89 95
95 50
5 95
89 95
50 52
50 95
95 5
5 117
5 89
89 95
89 95
5 95
50 95
89 50
89 50
50 116
50 95
125 5
5 119
50 12
95 5
5 95
95 89
89 95
95 50
95 89
89 95
89 95
89 95
89 95
5 95
5 89
89 95
95 89
50 95
5 95
89 5
95 89
5 95
5 95
5 95
95 50
95 50
5 50
5 50
89 123
51 52
50 5
50 95
5 95
89 95
89 95
50 89
95 89
89 95
50 5
5 123
89 5
5 50
89 95
51 91
95 89
95 89
5 89
50 89
50 95
95 89
50 89
95 50
5 89
5 95
89 95
95 89
89 95
95 50
5 95
50 39
5 50
50 89
5 47
95 5
5 95
89 38
89 14
89 79
89 50
95 89
89 95
64 85
95 89
50 45
89 95
95 5
50 89
50 51
89 95
89 95
89 59
89 95
50 95
89 95
5 95
5 95
50 95
89 97
5 34
5 89
95 89
95 50
50 95
50 46
51 26
89 95
50 95
5 84
5 50
95 89
89 95
89 95
95 5
50 95
5 95
5 95
89 50
95 89
50 95
89 95
89 95
95 92
95 50
17 80
95 5
50 97
50 122
89 95
50 95
95 89
89 115
50 5
50 95
95 50
50 95
89 50
89 95
5 89
95 89
89 50
50 5
95 50
5 89
5 95
89 50
15 83
89 5
50 95
89 95
89 95
121 10
50 89
50 95
89 95
95 5
89 50
5 50
95 50
5 95
5 47
5 95
89 95
20 64
89 50
41 68
95 89
89 95
95 5
50 17
50 5
5 89
89 5
89 95
5 95
95 89
5 95
95 50
89 5
95 89
95 89
5 95
89 50
95 5
89 95
5 95
89 95
17 121
89 50
89 50
50 28
89 95
95 14
89 95
125 70
50 89
50 95
95 50
50 95
50 80
89 95
95 5
5 125
95 50
89 95
89 50
5 73
89 95
89 50
89 95
89 5
95 5
5 95
5 89
5 50
50 89
89 95
50 95
95 23
95 89
5 47
50 95
100 54
89 95
50 95
5 95
50 89
13 64
89 5
50 95
50 113
89 95
50 95
5 95
89 95
89 95
123 14
50 95
89 95
50 95
54 75
5 10
89 50
89 95
95 8
89 95
5 47
95 50
5 95
5 50
89 95
95 5
89 95
95 5
95 83
5 89
50 5
89 95
89 5
89 95
50 95
89 5
6 51
89 95
121 111
89 50
50 89
89 50
95 5
125 84
95 47
89 50
89 95
95 50
50 95
50 95
119 99
5 95
89 117
89 95
95 89
50 95
5 89
50 106
95 89
5 50
51 127
95 50
89 95
50 95
95 89
89 8
89 95
5 47
89 50
89 32
89 95
95 14
89 95
89 50
50 95
89 95
89 95
50 51
95 25
89 50
95 89
5 89
50 89
95 50
50 5
107 121
5 23
5 89
50 95
5 95
89 95
89 95
5 89
50 95
50 81
89 55
89 95
5 89
5 50
89 95
89 95
95 89
5 89
89 95
95 89
89 95
50 95
89 95
89 50
89 95
89 75
5 73
95 5
5 0
89 95
89 95
95 71
5 50
89 95
5 95
5 50
89 38
89 5
50 7
5 89
50 3
5 89
5 89
5 95
50 93
89 95
5 89
5 95
95 89
5 95
5 102
5 95
89 50
5 50
89 50
5 89
89 95
89 95
50 89
89 95
95 50
5 23
89 50
50 95
89 95
50 89
121 42
95 23
95 50
15 34
89 50
50 89
89 12
50 89
89 95
80 59
89 95
95 89
89 95
89 95
5 95
5 50
107 13
89 95
50 56
51 75
95 89
50 89
89 50
5 95
50 95
89 50
5 98
5 89
89 95
64 71
95 89
89 10
95 5
5 95
5 95
95 5
95 5
95 5
5 50
119 100
89 95
89 95
41 78
95 5
95 5
100 51
89 95
95 89
95 66
95 89
50 5
89 50
95 23
50 109
89 95
5 89
5 50
5 89
50 5
95 14
89 95
95 5
95 23
5 95
89 95
89 5
5 95
5 89
41 14
89 50
95 5
95 123
89 95
89 95
89 95
5 50
95 50
89 95
50 5
95 89
50 72
95 5
5 50
89 95
50 89
50 95
95 5
5 95
50 95
5 89
5 95
95 89
89 95
89 95
89 50
5 95
5 95
5 83
89 95
89 95
5 89
89 95
89 95
89 50
5 95
95 50
5 15
95 5
50 5
89 95
95 89
89 3
95 50
118 65
89 50
50 89
50 95
5 95
95 89
89 95
50 95
50 95
95 51
89 5
5 50
95 14
5 95
89 50
89 95
5 95
50 89
125 91
5 50
50 95
95 23
89 50
89 50
50 5
95 5
89 95
5 50
125 84
121 88
89 95
50 95
95 5
95 14
89 5
89 50
95 97
95 5
50 5
95 102
50 95
95 89
95 5
5 50
41 2
89 95
95 50
50 26
95 89
89 95
89 5
50 6
50 13
50 25
89 95
89 5
89 95
50 95
5 95
95 89
95 5
95 89
50 118
30 5
63 79
50 79
89 95
5 95
5 106
95 89
95 89
95 50
89 21
95 89
5 47
89 5
5 95
95 89
89 95
5 50
5 89
5 50
89 14
50 95
89 95
5 50
89 50
102 50
89 95
89 50
50 5
123 119
89 5
5 95
89 50
50 95
89 50
5 95
95 89
5 71
50 5
50 95
50 95
50 95
50 95
95 23
5 95
95 5
17 95
50 89
74 99
95 5
95 50
5 73
95 89
50 13
5 95
95 14
89 83
89 95
89 95
50 89
50 95
50 95
95 5
89 50
5 95
95 10
50 95
50 5
95 50
5 95
89 97
5 95
89 95
95 89
50 116
5 84
50 95
89 73
89 50
95 89
5 95
89 5
50 56
89 99
89 95
42 94
5 89
95 50
95 50
34 5
5 40
95 89
89 95
89 50
15 83
50 95
50 5
51 17
95 89
95 5
50 95
89 50
5 0
95 74
89 50
5 95
50 89
95 89
95 50
5 95
17 104
95 5
5 50
89 95
95 89
89 95
89 95
89 5
5 14
89 50
89 50
95 89
5 89
50 95
89 95
95 89
89 5
95 14
64 13
89 50
95 89
5 73
95 89
89 50
5 95
95 50
89 95
95 50
89 50
50 5
89 95
50 95
99 79
89 95
5 89
89 95
95 23
95 5
95 89
89 95
89 95
5 50
89 95
65 102
42 5
89 95
89 95
50 118
89 95
5 50
89 95
5 95
89 95
5 95
89 5
50 47
50 95
50 89
95 89
95 89
50 127
89 50
95 89
95 89
5 95
95 50
95 23
95 50
89 95
89 95
95 71
5 95
95 89
89 95
50 123
5 95
64 111
95 89
95 89
95 89
89 50
5 89
5 10
50 5
95 50
50 95
95 23
89 50
5 95
5 50
89 50
95 89
89 50
89 95
89 95
94 47
89 95
95 89
89 95
5 95
50 95
50 89
5 95
5 95
5 95
58 24
89 95
5 50
89 95
50 89
89 95
89 50
50 89
89 75
95 50
99 5
89 95
50 89
95 50
95 14
50 95
5 89
89 95
51 22
50 95
95 89
95 89
5 95
5 95
50 5
50 95
89 10
95 89
89 5
96 62
50 89
50 95
89 95
5 50
89 95
89 95
95 50
5 50
89 95
95 89
5 95
5 89
89 95
50 95
89 52
95 5
89 95
89 50
83 15
89 5
50 95
50 5
96 124
113 50
5 50
95 50
89 95
89 5
98 51
89 95
89 95
89 50
95 89
89 95
89 95
5 50
50 89
89 78
50 95
89 5
95 89
89 5
20 64
50 95
50 0
89 95
95 50
95 5
89 95
95 5
89 50
89 95
89 5
89 95
95 89
95 50
5 47
95 89
89 50
95 89
89 5
50 77
50 95
5 89
95 50
89 50
50 95
125 30
5 95
95 5
89 95
86 99
89 50
50 95
89 50
5 89
95 89
95 89
89 95
50 95
89 95
50 89
89 95
95 5
95 89
50 95
5 95
95 50
89 52
95 89
89 95
50 95
50 95
50 95
50 95
89 50
5 89
95 89
95 89
89 95
89 95
95 5
5 89
15 79
95 0
5 50
95 89
95 50
89 50
89 95
89 5
5 89
5 47
50 95
50 95
89 50
95 89
89 5
5 32
89 5
95 14
95 89
20 8
5 89
89 71
89 95
5 89
89 50
95 50
5 89
50 107
5 89
5 89
95 89
95 23
50 5
89 50
50 89
50 95
5 50
20 8
89 5
89 95
51 64
5 89
50 95
5 95
15 83
95 89
5 47
50 95
95 18
95 89
89 95
89 95
89 95
121 22
89 95
89 95
5 95
95 23
5 89
95 89
50 95
50 5
95 50
5 126
95 89
5 95
95 89
95 109
5 95
89 82
89 95
50 5
89 95
89 95
89 95
95 89
89 50
25 106
89 95
89 95
89 95
50 89
50 95
89 95
95 57
89 95
89 5
95 89
89 95
95 89
89 50
17 39
50 95
50 34
95 89
5 47
95 50
95 50
95 79
5 50
5 95
95 5
5 50
50 95
89 95
89 5
107 120
5 89
5 95
5 50
95 17
5 72
94 74
50 19
89 95
95 89
63 79
95 89
95 89
5 50
95 89
95 23
50 95
89 50
50 5
95 89
5 28
89 5
5 89
89 95
50 95
64 0
5 95
95 50
89 50
89 50
95 5
5 95
5 50
89 95
89 95
95 17
89 95
89 67
95 89
50 89
95 23
89 95
50 95
95 42
5 89
5 73
5 41
89 50
95 89
89 100
5 89
20 8
50 89
95 50
50 95
95 14
89 95
42 106
89 95
5 50
95 89
95 50
89 5
89 95
5 50
89 5
5 50
5 95
95 89
89 95
95 89
89 95
50 95
5 50
89 95
89 50
5 95
95 5
95 89
89 50
5 95
95 50
95 89
56 5
95 50
50 0
95 89
89 5
95 89
89 95
5 95
95 89
95 5
95 50
95 10
5 47
95 89
89 10
89 95
89 50
95 89
95 89
5 95
89 77
50 5
89 50
5 47
89 95
89 50
50 5
121 34
89 95
41 68
59 63
50 95
50 89
95 89
89 95
89 95
95 89
95 89
50 83
50 117
89 95
5 95
50 95
5 89
89 95
95 50
5 95
50 28
5 95
50 68
41 52
50 47
95 94
50 95
89 5
89 95
89 95
5 50
89 95
5 95
121 101
95 89
50 95
50 89
89 50
5 95
70 125
95 5
5 89
5 95
92 50
89 95
5 95
89 5
95 5
5 95
95 34
95 50
89 55
89 95
89 50
89 50
95 50
50 95
5 95
95 71
50 95
95 89
5 47
50 16
95 54
5 50
5 50
89 95
80 50
50 95
50 109
5 63
95 5
89 95
95 89
95 89
89 95
89 95
5 95
89 66
89 95
95 5
89 95
50 95
89 5
89 95
50 95
5 73
5 95
89 95
94 21
5 95
5 89
89 95
17 1
5 50
89 95
95 50
89 95
89 95
5 95
50 5
95 50
5 50
50 23
95 89
89 95
89 95
5 95
5 47
15 34
5 95
89 50
5 47
89 5
89 50
89 95
89 50
50 95
83 111
89 95
50 95
89 95
89 75
5 95
5 95
89 50
50 89
89 95
95 5
89 120
95 23
89 95
95 5
5 73
95 14
95 89
89 50
20 64
51 22
95 89
89 5
95 89
89 95
5 95
50 89
95 50
50 95
95 89
5 89
