512 10000
50 123
473 479
89 94
95 89
5 95
217 223
351 345
178 211
261 345
473 479
223 151
473 479
223 133
89 95
217 223
95 31
434 479
178 133
89 95
223 178
479 434
148 192
261 303
306 351
89 118
217 138
50 89
345 351
473 389
178 164
355 307
351 270
261 351
50 95
479 473
473 389
389 479
133 223
473 479
95 89
464 434
89 5
169 233
95 5
345 351
227 132
5 59
217 178
223 217
5 95
447 480
261 351
351 306
345 306
223 178
89 95
217 133
89 50
95 5
50 95
217 133
5 89
345 261
306 351
351 345
320 269
186 207
458 479
95 50
351 345
5 89
133 217
389 479
335 336
15 83
89 95
261 351
50 83
217 223
345 351
479 434
217 178
345 351
89 95
133 217
95 50
133 217
178 223
217 178
401 479
389 479
480 488
133 175
345 351
345 351
121 28
473 479
178 223
306 345
389 401
223 178
5 95
217 223
95 89
345 306
217 133
479 434
79 15
479 407
5 73
178 194
351 345
345 351
345 351
217 223
473 389
50 5
95 89
351 306
217 223
473 479
351 345
223 178
479 506
306 351
223 217
95 5
5 84
261 345
217 223
479 473
479 389
89 5
434 479
223 178
276 320
95 50
178 204
473 434
5 95
89 83
473 434
217 223
89 95
89 50
217 223
222 190
89 50
434 479
473 479
15 34
473 479
217 223
351 345
261 345
473 389
223 133
473 479
5 95
351 345
434 473
95 89
89 95
473 479
479 473
89 95
434 479
95 107
217 223
401 452
434 389
133 129
389 479
223 178
89 5
389 479
223 217
350 367
434 479
473 389
89 95
351 345
178 176
261 345
351 345
217 178
223 145
133 217
170 179
306 356
473 389
95 83
306 345
306 351
89 50
479 434
306 351
473 479
306 351
345 351
473 479
217 223
95 89
89 95
50 5
5 95
473 479
351 261
306 309
507 503
381 287
345 261
306 290
95 89
133 223
261 351
261 345
95 89
50 95
345 261
223 170
473 479
464 434
389 479
261 351
473 389
261 306
89 95
178 223
351 330
306 261
389 434
217 223
389 400
178 217
223 153
95 89
261 372
440 389
178 177
178 223
306 345
217 133
217 223
5 95
389 479
345 306
434 389
324 297
50 95
389 434
389 479
473 434
297 275
226 178
345 351
217 133
217 223
89 50
389 479
95 89
178 223
5 89
223 133
473 434
479 473
345 351
217 223
89 50
178 217
217 223
95 76
133 217
217 223
223 133
95 89
261 351
389 434
435 462
133 178
95 89
399 418
345 261
89 50
223 133
401 416
434 479
89 95
227 207
352 363
217 223
89 95
217 223
473 434
217 223
224 178
223 133
178 133
217 223
425 412
345 351
473 389
89 95
473 479
473 479
217 178
473 434
389 434
473 509
5 89
223 142
473 479
50 5
178 217
473 479
261 345
434 479
191 224
63 120
261 345
217 223
434 394
178 173
276 264
473 479
473 479
351 306
95 89
95 89
133 201
217 161
306 324
351 345
345 261
345 351
479 473
217 223
178 223
261 339
89 5
89 95
217 223
345 351
306 351
223 158
223 142
217 223
133 223
133 217
306 261
479 389
179 138
306 351
217 178
345 351
5 95
89 95
89 95
261 345
50 95
133 202
217 133
355 354
133 223
310 287
89 5
479 434
351 345
178 223
178 223
473 389
217 178
345 306
479 434
434 473
89 95
351 306
94 31
223 199
178 179
217 223
261 345
261 306
306 351
320 348
223 217
50 95
473 479
217 223
217 223
51 125
351 279
89 95
217 133
133 223
467 398
306 261
434 479
351 261
5 95
178 223
217 223
50 5
345 297
434 473
5 95
351 306
261 351
345 351
345 351
50 60
479 473
389 473
5 89
89 95
95 50
479 389
217 178
50 107
306 351
89 50
389 473
479 473
399 463
133 223
95 23
306 351
434 479
434 502
351 279
217 223
330 356
182 227
351 306
217 133
473 479
473 479
223 217
306 351
223 158
217 223
473 434
351 261
351 306
434 511
345 351
389 479
223 142
389 434
95 5
345 351
5 89
261 303
473 389
261 306
389 420
473 479
89 50
261 351
479 468
5 95
389 479
89 95
479 389
89 50
473 389
133 223
473 479
434 505
389 473
89 50
5 50
473 434
345 351
178 217
473 506
223 178
261 345
50 95
223 148
389 473
133 217
319 376
473 479
479 434
434 473
217 223
473 479
217 223
478 495
217 223
217 223
345 351
434 479
217 207
389 473
345 351
389 479
473 479
133 217
178 133
351 345
133 223
133 217
136 192
223 133
50 89
223 217
17 80
217 223
133 175
217 223
217 223
345 351
473 434
261 306
133 179
50 16
434 473
89 95
133 223
389 473
306 351
389 465
5 95
479 434
479 389
345 351
434 479
345 351
89 95
345 320
479 473
434 445
261 306
345 351
5 122
95 5
217 133
133 203
473 389
351 345
133 223
5 89
89 95
50 13
89 95
133 217
389 509
345 300
434 479
50 95
306 351
473 479
217 223
425 399
306 351
434 389
107 13
389 479
217 223
345 351
389 457
178 223
178 223
95 89
261 288
89 79
89 50
351 345
473 479
95 89
261 339
345 373
89 50
473 479
95 89
217 133
178 217
345 261
223 151
95 5
389 479
261 351
306 261
223 142
351 306
345 351
89 50
306 261
95 89
473 434
223 178
95 89
95 89
345 351
345 261
50 5
473 426
389 448
473 434
217 223
345 261
89 95
479 473
479 473
50 95
178 223
217 223
89 5
261 306
223 217
345 306
473 479
223 178
306 351
261 351
133 223
223 217
473 389
473 479
351 345
223 217
351 279
95 89
223 178
95 5
473 434
351 261
345 261
178 223
217 133
217 178
345 351
95 5
50 95
345 351
5 50
248 244
389 457
473 434
95 5
50 109
306 308
223 133
5 45
223 217
217 134
389 479
89 95
351 345
5 95
5 82
261 264
95 50
5 50
217 223
452 399
223 217
479 473
473 479
479 407
217 133
133 223
133 223
473 479
178 217
261 303
261 375
434 479
50 5
50 95
51 42
473 479
473 479
89 95
50 84
351 345
217 223
89 95
261 351
434 389
89 95
95 5
89 95
447 504
389 479
271 339
133 193
50 95
479 506
5 95
89 95
133 223
434 479
434 389
479 434
261 351
261 345
95 14
434 389
95 50
5 95
434 479
217 223
5 95
473 479
5 89
473 479
178 229
89 95
217 133
306 372
345 351
217 178
261 376
5 77
473 479
178 217
5 95
223 178
217 223
473 479
8 64
89 50
223 133
95 14
50 78
5 95
89 95
345 306
178 217
217 223
5 50
217 243
473 479
5 89
217 178
434 479
434 479
351 345
178 223
473 479
434 479
434 473
89 95
261 351
351 282
63 96
5 50
178 223
89 95
133 178
473 389
217 133
50 5
223 148
133 178
473 434
351 345
89 50
5 95
310 361
479 409
306 345
95 89
389 473
473 434
5 52
95 5
345 257
261 345
50 95
223 178
389 434
473 462
50 95
434 389
193 226
223 217
95 7
95 89
389 431
89 48
473 479
306 351
15 79
306 351
89 95
351 345
5 95
306 351
345 351
351 261
389 457
217 178
89 95
133 217
5 50
434 479
335 310
345 351
217 188
89 95
473 389
178 223
178 192
473 389
50 95
389 434
50 17
473 479
217 223
50 95
479 473
223 217
345 351
223 217
345 261
345 351
389 473
345 351
473 479
89 50
261 306
5 95
217 185
217 223
89 95
473 455
89 50
223 217
5 95
473 479
223 217
345 351
89 70
95 5
95 50
306 351
89 5
297 271
434 479
223 142
223 151
351 345
95 23
351 261
89 95
479 473
89 50
178 217
89 50
133 223
133 175
227 128
389 457
345 351
351 345
479 473
351 306
261 351
89 95
89 95
345 351
89 95
306 261
95 50
345 351
306 351
223 217
89 5
345 351
178 206
434 389
89 95
479 403
89 95
89 5
217 178
389 431
351 306
95 5
479 511
51 5
351 345
217 223
261 306
217 223
223 133
89 95
261 351
473 479
95 83
95 89
95 89
434 399
178 217
458 483
473 479
5 89
89 95
434 389
345 351
89 95
270 345
473 479
50 5
5 50
217 223
389 473
351 345
389 457
217 223
89 95
5 73
479 389
178 217
473 434
223 217
389 434
473 389
273 324
434 473
473 389
50 89
473 479
434 475
5 10
133 178
217 133
434 445
5 39
389 477
95 45
473 479
306 351
435 396
217 223
5 95
473 479
389 473
473 479
434 479
345 351
345 306
178 223
50 95
95 89
133 223
5 50
186 133
473 479
473 479
320 275
5 95
473 479
89 95
434 479
473 479
217 223
345 351
345 268
95 123
261 345
473 389
223 217
345 351
217 223
223 129
223 217
345 351
217 223
95 89
223 133
479 473
178 217
473 434
89 95
261 351
217 223
223 133
306 261
473 479
306 357
51 63
81 42
479 398
5 127
223 217
345 351
95 50
434 479
42 51
223 133
479 407
479 473
306 351
89 50
178 223
5 50
261 345
479 473
223 178
479 434
89 95
345 351
178 223
178 133
133 223
5 89
479 473
198 170
5 83
217 223
351 270
89 95
89 50
95 89
133 223
89 95
473 479
133 223
351 345
95 89
306 351
389 434
133 178
217 223
478 410
217 223
270 351
50 89
217 223
389 479
223 178
95 89
50 113
223 217
434 505
95 50
89 95
479 389
434 473
345 261
89 5
50 95
389 479
5 97
389 473
223 217
434 389
89 26
389 467
345 371
50 41
95 5
261 258
473 455
473 441
178 223
473 479
434 473
345 351
133 217
345 351
306 345
89 5
479 473
95 5
79 54
50 41
467 490
473 479
178 223
261 351
479 389
178 133
306 351
479 462
261 315
217 178
5 95
351 345
473 389
434 479
389 473
217 133
479 473
351 345
389 473
479 473
473 389
50 5
50 95
133 223
133 253
306 351
306 351
389 459
178 223
434 389
503 507
89 95
351 306
389 503
223 217
479 447
399 418
5 95
217 133
217 223
473 434
223 217
479 423
261 351
345 351
95 89
345 351
479 434
351 345
434 479
345 351
118 65
261 362
473 434
351 345
345 261
178 217
178 223
89 17
95 47
89 5
50 110
404 448
473 434
261 351
271 290
223 217
345 306
178 223
89 95
306 345
389 473
261 351
217 133
217 178
5 93
479 389
5 89
95 75
345 351
50 1
473 479
351 345
479 473
95 50
479 473
426 435
178 223
479 473
473 434
473 479
95 23
223 178
95 89
133 223
345 306
345 351
223 133
389 473
223 178
351 345
389 434
261 345
507 503
89 95
473 385
223 133
217 223
473 434
345 306
95 89
217 223
89 95
217 223
217 223
306 351
217 235
473 479
473 389
217 178
351 261
389 479
434 468
95 5
89 95
345 256
95 5
217 178
223 178
217 178
192 217
473 479
389 479
133 217
306 351
133 223
306 345
345 351
217 223
479 434
261 351
148 248
133 178
479 407
89 54
223 178
434 479
95 89
5 57
95 14
50 95
434 389
178 223
351 261
473 479
434 479
261 351
5 95
217 213
505 493
89 95
217 223
339 381
479 389
434 389
143 162
95 50
217 223
178 223
89 51
463 438
5 50
223 178
133 223
217 223
217 223
345 351
389 434
5 95
68 15
483 476
473 434
89 66
306 351
351 306
50 95
133 178
223 133
351 345
306 345
125 83
178 223
89 95
479 434
479 473
89 95
89 50
89 95
389 479
351 306
95 50
217 178
473 434
50 95
223 151
50 5
253 223
473 389
217 223
95 50
351 279
345 274
377 276
479 473
217 223
345 351
50 95
473 434
473 479
479 467
473 389
217 223
473 479
217 223
389 434
473 434
217 223
217 223
89 95
351 306
133 232
261 306
261 351
95 5
261 351
217 223
261 306
434 473
5 89
434 389
217 223
133 175
345 351
223 217
178 158
133 223
479 408
95 5
217 223
345 351
434 389
345 351
223 178
351 345
89 50
473 510
479 473
223 133
50 95
133 223
473 479
473 479
306 261
345 259
509 404
178 223
351 345
5 73
261 345
95 89
261 351
95 50
223 178
354 307
133 145
5 50
351 345
217 223
351 345
50 89
479 389
178 223
345 306
261 345
434 473
473 479
223 133
217 223
306 351
261 306
89 50
178 223
217 223
479 434
95 14
5 95
5 23
95 5
261 351
217 223
217 223
306 351
95 5
5 89
351 306
345 351
217 178
5 95
99 2
434 473
345 351
223 225
223 217
50 95
479 473
217 223
50 95
253 178
473 479
345 351
133 178
351 345
352 377
178 229
306 261
473 479
217 223
473 434
351 261
223 217
389 479
345 351
479 434
351 345
306 351
345 261
389 479
95 5
89 95
389 473
223 217
335 339
473 510
95 89
178 223
50 89
345 351
345 351
5 95
133 217
389 479
95 5
351 261
434 499
473 479
178 175
89 32
479 473
389 452
351 345
306 351
345 261
473 389
389 473
473 385
95 89
217 223
351 306
261 345
217 178
345 351
50 89
351 279
105 50
434 479
5 95
306 351
479 398
261 345
223 217
306 351
217 223
133 223
217 178
389 479
133 217
345 351
89 50
5 89
15 34
473 479
306 320
473 479
133 223
389 473
89 50
345 306
89 95
223 217
89 95
178 223
389 473
377 335
95 50
345 351
473 479
133 146
5 89
479 434
473 389
404 392
351 379
95 89
223 217
178 147
389 479
306 377
306 351
345 327
14 81
345 261
389 434
434 479
479 473
473 479
345 306
345 351
217 133
89 5
89 95
389 479
351 330
178 223
306 351
473 479
479 459
217 133
5 73
479 389
473 479
345 261
306 261
50 95
95 89
306 351
50 95
5 95
261 345
223 217
133 223
345 306
95 50
133 223
345 351
261 351
89 50
261 306
223 217
95 89
217 211
50 3
178 133
223 133
479 389
473 434
389 484
133 223
223 133
133 178
473 479
351 345
223 178
217 223
50 95
230 224
217 203
473 479
345 306
389 479
50 5
306 351
223 178
89 50
480 435
133 223
50 95
345 261
434 473
351 306
473 479
223 178
337 261
351 306
389 479
306 285
479 434
143 207
95 64
389 473
473 434
345 306
261 345
217 223
89 95
473 434
217 146
473 479
5 89
473 479
89 119
217 178
434 479
345 306
434 424
306 351
217 223
479 434
217 223
217 223
95 89
178 217
217 133
389 479
95 89
223 142
223 133
449 400
479 473
223 178
345 279
345 261
50 89
306 334
196 169
389 457
473 479
351 306
95 5
50 5
50 95
217 223
42 98
178 223
223 244
438 464
306 315
178 223
473 479
89 95
473 479
306 321
89 50
95 50
434 479
389 414
133 223
473 507
217 223
217 223
95 50
175 133
223 178
217 223
389 416
89 50
217 178
351 306
473 479
133 217
223 178
178 133
306 351
261 329
320 275
133 178
351 345
50 10
345 351
351 306
81 42
473 479
473 479
434 479
100 119
133 201
89 50
223 178
5 89
50 95
434 473
351 306
502 449
178 223
217 223
89 5
345 351
389 479
95 5
351 306
89 95
5 95
89 95
223 178
352 373
217 178
345 351
306 351
345 357
223 153
434 479
483 448
479 473
95 5
503 507
217 223
306 351
5 3
505 464
217 223
479 473
95 5
434 389
345 351
261 350
133 223
479 473
89 5
217 223
473 434
350 323
434 425
473 479
223 178
351 345
5 47
178 217
223 217
351 345
351 345
133 178
178 224
50 95
473 434
479 473
389 479
434 408
89 95
89 50
178 223
133 223
389 434
95 50
178 223
306 345
50 95
217 223
133 244
5 23
345 306
484 503
95 5
178 223
345 261
217 223
473 479
404 392
351 345
389 479
41 73
89 50
351 306
223 178
217 223
389 479
479 389
217 178
351 261
479 407
123 119
178 217
95 89
351 345
389 479
473 434
42 51
261 351
223 217
473 389
473 479
389 458
89 95
74 100
351 306
479 389
95 5
434 401
479 434
95 89
50 14
320 339
345 351
89 95
389 473
133 201
89 95
297 271
434 479
95 89
95 5
345 306
351 345
217 223
5 95
261 327
351 345
483 412
473 479
473 479
223 217
95 50
345 351
345 261
223 178
473 479
434 479
389 434
345 261
479 473
95 5
223 217
351 306
345 261
223 178
223 133
95 50
170 179
50 95
138 223
89 95
224 207
479 410
50 28
95 50
286 345
473 479
223 178
434 389
345 351
479 434
306 351
389 473
133 223
479 389
434 479
389 473
89 95
217 178
479 434
217 178
89 95
5 73
95 68
389 431
178 193
345 351
178 223
95 89
89 95
261 345
223 217
95 89
389 479
217 223
351 306
306 315
133 201
178 133
95 50
5 95
351 289
5 89
345 306
479 473
95 50
351 264
351 261
95 89
345 261
223 133
5 95
89 95
217 178
351 261
178 223
345 306
217 178
133 178
95 89
345 351
217 223
217 223
389 473
389 473
95 89
89 50
95 89
465 426
178 223
345 306
223 217
389 479
389 479
95 89
345 306
89 50
345 261
95 5
473 479
261 351
178 223
5 95
217 133
133 223
89 30
89 95
217 223
434 479
223 217
89 95
217 228
223 133
89 50
389 497
217 178
479 473
217 223
479 434
95 89
217 223
351 345
351 261
345 261
351 345
223 178
178 223
89 95
345 261
95 89
351 261
473 479
351 306
261 306
133 217
142 209
351 345
89 95
50 95
389 479
217 223
389 414
95 50
306 351
111 70
89 95
345 351
351 270
133 201
389 479
479 473
5 95
89 95
261 306
217 133
352 381
89 95
261 351
261 351
89 50
89 95
345 306
95 5
389 473
133 223
306 372
473 479
306 294
133 223
223 133
473 434
133 217
133 175
133 178
5 89
479 389
473 479
89 5
223 142
89 50
473 479
434 511
217 227
351 345
5 95
217 133
473 434
217 178
217 223
434 479
95 89
306 351
389 434
95 89
345 261
389 479
261 306
479 473
133 223
345 261
178 217
345 306
5 50
217 133
5 89
473 434
473 499
89 50
479 473
223 133
89 5
133 217
5 95
89 5
223 133
5 50
479 473
389 479
434 479
89 95
473 389
483 405
217 178
217 223
479 389
5 12
310 358
306 373
95 89
351 261
89 50
389 473
5 95
5 95
389 479
50 5
89 95
89 5
345 351
95 89
50 95
389 478
5 89
298 307
473 479
261 306
434 479
17 80
133 223
217 133
217 223
223 217
178 217
95 50
345 351
369 314
133 223
479 389
345 351
351 345
345 306
306 351
253 198
223 133
479 389
261 291
261 329
5 89
389 434
426 435
473 479
261 306
50 95
307 362
81 42
434 479
89 95
133 223
223 217
178 217
261 351
5 47
306 351
178 217
434 481
479 398
261 351
345 261
473 479
5 15
345 351
434 479
345 351
217 178
261 345
345 351
473 389
404 448
479 473
89 95
118 42
473 434
345 306
261 306
89 95
351 345
136 192
178 177
351 363
133 217
473 434
363 269
133 223
261 351
89 5
389 434
50 5
239 170
95 89
89 95
223 217
133 217
217 223
217 178
178 223
261 306
473 479
306 351
5 95
479 490
473 389
217 223
89 95
306 351
178 223
95 89
362 351
5 50
434 479
89 5
223 178
473 479
473 504
306 297
434 389
89 50
89 95
389 473
178 223
448 467
223 243
434 389
50 5
133 223
223 217
95 50
89 95
479 473
178 217
306 345
223 217
95 50
89 50
178 133
484 398
479 434
178 210
89 5
306 345
217 178
217 133
223 217
473 479
473 479
389 473
389 479
89 95
434 389
351 261
479 389
89 50
473 389
95 89
89 95
178 223
479 434
306 345
95 23
351 345
389 479
345 351
306 345
217 158
345 351
178 133
473 434
473 479
133 217
473 479
178 217
223 251
133 217
223 217
223 178
223 178
389 431
89 5
89 95
484 503
50 89
306 263
452 399
473 389
217 133
133 223
89 95
89 50
479 473
351 345
217 223
261 306
389 473
107 13
479 434
389 479
50 5
306 351
89 95
473 389
217 223
345 339
133 217
495 467
473 479
217 223
217 178
473 499
479 389
178 223
473 389
389 473
89 95
345 376
345 351
217 223
479 473
473 479
133 201
89 95
389 479
95 50
351 306
50 89
89 53
345 338
50 95
133 221
434 389
89 95
89 95
345 351
345 351
389 479
50 95
133 217
351 335
95 50
95 89
351 345
479 473
50 95
351 345
351 345
434 431
345 261
50 89
217 133
434 389
178 241
89 95
95 89
434 479
345 351
95 5
95 89
345 351
151 223
223 178
178 223
223 217
479 434
261 351
261 336
217 223
389 434
261 351
133 223
479 434
133 223
178 217
404 448
217 223
217 223
479 473
389 473
306 351
50 28
479 473
133 223
345 351
133 217
434 472
89 94
351 345
479 473
434 389
223 217
261 329
223 151
89 39
133 201
261 351
345 351
20 64
133 217
5 89
89 95
133 223
217 223
89 78
479 473
473 434
434 469
345 351
479 434
351 306
5 50
434 479
223 217
217 133
345 351
435 436
217 178
179 246
217 223
217 178
345 351
479 434
95 89
434 473
479 434
133 223
306 257
434 473
473 479
95 89
351 261
434 479
434 473
50 95
434 473
50 95
306 345
345 306
261 351
369 306
50 89
95 89
351 306
217 223
389 479
178 242
345 306
351 345
389 479
95 89
223 217
95 23
133 178
473 479
473 479
5 47
345 261
89 95
95 89
351 264
223 178
223 207
223 178
473 479
306 345
223 133
345 351
351 306
261 306
345 351
89 5
389 473
261 351
389 434
479 473
178 223
217 223
178 223
89 50
202 207
89 5
50 95
434 396
351 279
89 95
223 151
50 89
389 434
5 47
473 434
5 89
389 479
217 223
133 175
261 351
351 261
426 435
389 479
133 223
133 223
351 270
51 7
351 345
89 95
50 89
169 221
95 5
133 223
223 133
306 351
89 95
133 223
95 5
95 89
5 125
479 473
178 217
261 351
473 434
345 353
345 306
133 178
479 473
434 479
351 345
5 95
351 306
389 473
217 223
89 95
381 261
345 351
345 351
95 50
223 217
389 479
345 351
389 457
89 95
89 50
389 479
42 51
261 332
389 473
223 133
95 89
473 479
89 95
389 473
178 217
133 223
217 133
473 416
306 345
434 440
463 438
345 351
223 145
223 178
473 479
261 307
484 438
473 461
89 5
345 351
351 306
473 479
306 370
5 95
434 479
217 223
133 217
217 178
5 50
50 95
178 133
89 95
273 313
217 133
95 50
5 50
223 187
217 223
95 89
473 479
5 95
5 95
121 62
50 95
479 418
89 50
89 95
178 223
89 95
473 485
89 50
178 223
95 50
178 184
473 389
479 473
345 306
434 389
434 473
479 473
223 217
473 434
133 217
95 50
345 351
217 223
473 479
223 217
351 261
89 5
473 479
434 479
484 398
143 211
345 351
312 261
95 89
217 136
50 5
345 351
223 151
133 223
5 95
145 212
306 351
351 261
345 286
473 479
389 473
223 142
217 234
5 89
345 261
306 261
345 266
95 89
355 320
345 306
306 351
95 89
261 351
50 5
133 217
89 95
479 473
351 345
223 133
217 223
20 8
133 223
95 5
479 389
389 473
95 89
89 95
351 261
95 89
42 51
178 217
345 351
434 479
223 178
261 351
5 95
306 261
223 178
271 290
169 246
434 479
89 50
473 479
217 223
133 223
345 261
95 89
261 306
261 345
178 162
217 223
351 345
95 89
473 479
217 223
479 389
89 95
261 306
89 50
479 473
95 63
223 185
478 415
377 306
178 133
192 138
217 133
479 389
207 143
351 345
217 223
133 175
95 89
351 306
223 133
479 473
345 306
5 95
434 389
89 95
178 217
434 479
223 217
133 151
351 345
223 217
178 199
306 351
223 178
261 345
133 131
89 95
223 217
351 306
178 223
261 298
133 223
351 306
133 162
389 431
95 89
179 241
5 89
261 351
351 345
223 178
133 223
306 261
261 306
505 418
178 133
223 217
345 261
217 223
223 178
389 479
479 398
473 479
217 223
95 50
389 435
479 473
473 402
351 306
479 389
345 351
351 306
345 261
479 434
479 473
89 5
473 389
178 223
50 95
261 351
345 351
50 5
434 473
179 201
89 95
306 261
473 479
178 191
434 479
217 223
133 223
473 434
178 220
473 479
389 479
89 95
479 389
5 95
223 178
473 479
223 217
261 345
89 5
306 273
473 429
345 351
351 345
434 479
89 50
133 217
14 81
345 351
473 479
261 351
50 5
223 217
50 95
345 306
89 95
306 351
5 95
89 95
133 173
351 279
223 133
133 201
306 351
345 351
306 351
95 93
479 434
89 95
178 223
389 457
178 182
5 42
473 479
479 473
178 243
223 217
167 178
217 223
133 217
89 95
351 345
217 223
479 473
133 217
223 133
223 217
95 89
89 95
133 223
50 95
50 95
389 479
95 71
319 376
479 473
95 89
89 5
32 74
95 89
50 95
473 479
125 95
217 178
306 369
473 434
351 306
479 473
133 178
473 479
306 345
479 434
473 434
217 223
178 141
95 23
351 306
473 434
89 81
425 478
473 434
89 95
345 351
50 89
399 467
223 217
473 479
434 479
118 65
223 217
351 345
50 125
217 223
345 332
83 79
479 473
434 404
434 479
473 479
473 479
351 261
479 473
217 223
89 95
50 84
95 89
95 89
479 434
95 89
345 351
217 133
389 434
473 434
5 95
351 261
95 89
223 178
65 68
261 306
306 261
95 5
261 345
345 351
50 61
47 20
473 389
473 464
435 426
351 306
89 95
434 479
306 261
5 95
261 345
5 95
480 441
435 477
306 351
381 345
223 151
133 178
473 479
148 136
89 5
345 306
89 95
345 351
473 479
479 434
223 217
345 306
389 479
473 479
306 261
345 351
191 248
502 449
15 83
63 96
178 179
95 89
227 249
178 223
473 479
389 398
89 95
223 142
473 434
306 261
178 133
479 434
389 479
217 223
351 297
479 473
235 246
178 217
89 95
217 223
473 389
95 89
178 223
133 217
223 217
434 479
133 237
223 133
479 389
434 473
217 223
5 95
434 389
89 95
89 95
473 434
473 479
473 479
95 89
64 83
223 217
5 75
50 5
434 479
486 483
193 201
50 89
306 261
133 212
178 217
389 479
389 479
5 73
5 50
223 209
207 228
345 351
217 133
389 434
217 223
351 306
217 200
345 351
434 479
189 182
89 95
473 479
434 479
351 345
473 479
473 389
389 434
251 247
345 261
217 223
95 89
345 261
345 351
89 95
351 279
306 351
217 223
434 479
389 473
345 351
351 345
217 223
306 331
50 5
133 223
473 434
178 133
389 479
351 261
223 148
178 223
5 23
217 178
351 261
479 473
223 178
351 345
261 306
5 73
133 178
351 345
351 261
479 389
345 351
217 133
217 223
89 5
89 95
345 261
473 434
389 479
389 473
261 306
5 50
50 5
479 473
89 50
50 95
345 351
89 95
95 123
133 246
146 133
479 389
178 223
89 95
473 389
434 479
217 178
89 95
473 479
50 113
95 50
345 261
434 479
217 170
351 259
5 95
89 5
345 351
345 351
89 95
473 434
133 217
50 97
217 223
178 146
217 245
261 383
479 389
345 306
217 133
5 95
479 473
473 431
306 338
448 392
217 188
89 95
447 480
223 217
95 50
389 434
473 389
217 178
50 5
479 434
50 5
95 89
389 479
217 178
50 95
306 345
50 89
351 345
479 434
306 351
217 223
50 95
95 5
223 142
306 351
434 479
473 479
473 479
345 306
345 306
351 306
447 463
473 479
473 479
479 389
473 479
306 345
452 425
95 89
345 306
345 306
261 351
351 345
50 99
5 96
401 509
479 389
223 217
479 473
473 389
389 479
5 50
298 307
306 261
389 473
5 85
473 479
143 207
479 473
479 398
473 430
95 89
223 217
389 479
89 50
389 473
345 351
170 222
5 95
178 223
389 431
345 351
5 20
261 345
178 217
95 89
5 47
5 95
473 479
217 223
389 434
434 491
389 499
473 434
217 223
223 217
473 479
217 151
133 162
5 95
434 431
5 50
178 182
261 306
345 351
5 95
434 473
217 223
351 306
223 217
345 306
261 351
473 493
50 89
389 429
5 95
196 143
351 310
479 473
89 95
217 223
473 496
351 345
121 56
217 244
95 89
89 50
351 345
50 95
479 407
479 389
95 50
217 223
50 89
389 479
345 306
50 5
479 389
351 345
345 261
133 223
345 351
351 261
389 479
306 351
381 336
95 89
261 306
178 223
389 444
217 223
434 479
133 223
261 345
217 133
223 178
217 225
479 389
261 269
192 222
473 479
95 50
223 217
15 79
196 143
89 95
5 95
434 404
133 223
479 389
306 351
133 178
434 479
261 329
389 431
479 473
473 434
95 89
95 89
389 431
95 94
389 479
223 217
351 345
434 479
50 95
5 73
345 306
473 389
306 345
351 270
50 95
89 95
473 479
261 315
133 223
345 257
5 95
389 473
217 223
345 351
73 5
345 351
306 351
473 479
95 89
261 351
223 210
261 351
95 50
217 223
223 217
473 389
306 345
452 399
5 14
95 50
223 178
89 95
389 431
217 178
434 479
217 223
89 95
389 473
178 223
345 351
95 50
345 351
75 5
389 479
5 98
473 441
345 351
473 479
473 434
5 89
89 50
223 178
217 223
223 217
351 345
217 223
261 351
178 223
133 201
217 223
434 479
473 479
261 306
473 479
223 217
223 142
434 473
5 95
473 425
306 345
479 473
345 351
223 217
389 473
50 89
217 164
178 147
217 178
89 60
473 479
276 320
203 217
95 23
217 178
261 351
89 38
306 351
217 223
306 261
389 457
178 223
484 398
95 5
198 187
266 261
178 145
434 479
217 223
89 95
345 351
261 351
5 50
95 50
50 95
473 479
5 50
89 95
89 95
269 329
473 434
297 279
41 118
389 473
389 473
479 389
217 195
345 351
178 167
89 95
239 198
345 351
5 47
448 392
89 95
345 351
434 389
345 261
217 223
5 89
191 248
261 333
351 261
345 306
14 95
133 223
473 479
89 95
261 345
473 479
217 133
261 306
479 473
217 223
5 50
473 389
133 217
14 95
217 223
95 123
345 351
473 389
345 306
351 276
178 217
435 464
351 306
345 351
479 473
95 89
223 217
479 389
5 95
389 434
217 243
133 223
223 217
133 217
217 250
345 351
389 479
479 389
133 223
217 178
89 95
95 89
223 217
143 211
133 201
89 95
89 50
306 345
473 434
351 345
95 89
434 479
351 345
473 479
95 50
473 479
89 95
261 345
345 306
178 217
389 479
133 246
261 345
17 50
17 84
217 178
178 128
306 345
223 217
5 50
223 217
479 398
133 217
89 95
473 479
89 95
351 270
217 223
345 270
381 313
5 89
473 479
351 349
473 479
223 217
306 261
217 223
89 50
223 178
426 389
473 479
178 223
217 223
473 389
217 223
473 479
261 306
224 206
100 119
42 51
261 306
389 473
223 178
345 351
345 351
473 479
5 95
434 479
389 434
223 151
95 89
389 479
389 473
345 351
261 351
473 479
223 217
345 351
223 217
261 345
42 63
401 441
133 175
89 95
479 434
178 130
389 479
223 133
89 95
351 345
217 223
351 306
178 133
89 95
5 73
345 351
434 479
389 434
191 248
473 479
351 345
95 50
389 457
473 431
345 351
479 473
345 261
95 50
479 434
133 217
95 50
345 351
435 495
473 479
434 479
133 173
223 211
217 223
5 50
351 306
133 223
306 261
479 473
351 306
479 398
345 351
217 133
178 217
223 217
306 351
133 223
133 178
473 389
50 5
95 5
223 153
473 389
478 479
217 223
89 95
345 351
217 223
178 223
89 50
5 118
479 389
351 279
95 5
5 50
306 345
133 201
261 303
345 351
473 479
217 223
178 217
89 95
345 351
306 348
5 127
377 361
223 217
89 20
89 50
434 479
306 273
351 345
389 473
223 133
50 5
473 434
345 351
89 78
50 95
89 95
479 389
133 223
306 289
217 133
133 217
389 434
50 95
479 434
261 351
89 95
133 223
261 306
351 345
389 479
50 13
351 345
223 217
479 398
484 438
223 178
345 261
479 450
479 434
261 351
473 434
345 298
479 389
50 95
479 473
261 306
178 253
89 95
399 463
5 89
211 234
178 223
306 304
223 133
345 351
351 261
345 351
89 95
223 217
351 345
389 479
479 473
207 182
223 133
479 389
223 151
5 95
95 57
223 145
345 351
217 133
223 217
435 418
497 442
89 50
473 434
389 434
261 345
95 89
345 306
351 345
345 351
310 266
89 5
345 351
389 426
479 473
89 95
479 398
345 261
306 351
217 222
434 479
217 133
345 306
306 351
479 473
50 95
389 479
389 479
473 389
345 351
351 306
223 217
345 351
479 473
479 434
473 434
95 5
479 473
89 95
217 223
89 5
345 351
95 5
473 434
223 217
351 345
434 479
223 133
473 479
351 261
261 351
261 306
89 50
261 351
217 223
389 479
223 217
505 431
261 345
479 407
142 209
306 358
479 473
261 345
223 217
95 50
89 95
5 98
178 217
217 178
241 186
89 95
434 389
473 490
89 95
434 473
64 23
95 5
5 95
95 14
95 125
479 398
133 178
223 217
479 473
178 133
345 261
217 223
479 398
217 223
488 483
217 223
473 479
89 5
50 95
434 473
50 95
95 89
389 434
95 89
118 13
226 211
389 479
261 306
133 223
351 345
178 223
261 351
479 434
351 306
351 345
261 351
434 479
479 407
473 479
169 196
324 271
350 281
345 351
479 389
479 389
306 345
5 95
306 351
89 122
345 306
351 261
473 479
345 351
178 223
223 178
89 95
223 142
345 261
261 345
95 50
95 50
389 479
345 351
178 223
32 74
261 306
261 324
261 345
121 98
479 434
345 351
261 303
473 479
434 479
434 425
217 223
479 438
389 479
133 217
253 168
223 178
5 50
50 95
351 261
434 389
50 5
192 211
345 306
351 270
434 479
306 351
389 479
217 223
473 479
398 465
89 5
217 223
192 201
223 217
217 198
345 351
249 141
351 306
351 381
217 223
50 120
351 261
345 351
479 473
89 95
306 351
5 89
95 5
434 479
133 177
399 467
50 95
479 434
89 50
178 223
473 479
345 306
217 223
223 217
351 261
306 351
473 400
473 499
351 352
448 396
479 473
479 473
178 158
89 95
5 95
95 50
479 473
351 345
178 223
473 479
133 223
217 223
306 351
389 479
5 47
217 223
389 473
223 217
473 479
345 351
5 95
151 223
89 95
261 355
89 123
50 95
5 95
355 375
95 89
223 178
89 5
133 151
5 89
306 351
223 178
448 467
217 178
434 389
351 306
5 50
223 133
89 50
253 204
89 95
389 479
133 182
5 95
389 479
345 351
479 434
306 351
178 217
479 463
95 5
404 389
306 261
479 389
223 133
434 479
50 95
306 345
345 351
223 217
5 50
261 337
473 389
345 351
306 269
479 434
473 479
473 389
294 351
133 223
389 457
351 345
223 217
505 494
50 5
217 223
5 89
50 89
389 479
473 479
50 95
479 434
473 389
345 327
178 223
389 473
95 89
133 178
95 50
223 142
351 270
434 479
217 133
228 182
50 5
223 217
217 178
465 426
310 370
261 351
425 427
389 479
217 133
345 351
99 54
95 89
276 320
5 50
351 358
178 153
5 50
223 133
217 223
345 351
5 89
89 95
345 351
345 306
479 434
89 95
179 148
306 304
345 351
217 223
223 151
351 306
479 473
95 89
100 14
389 434
389 473
95 5
89 95
217 223
178 223
133 223
178 223
89 50
217 223
178 133
434 473
217 210
178 223
133 205
5 89
50 5
351 345
351 345
345 351
479 473
306 273
351 345
50 95
217 178
473 434
5 95
389 434
95 93
70 42
217 223
217 223
217 223
345 306
261 306
473 389
261 351
5 91
351 261
89 95
306 351
133 223
345 351
5 50
217 223
223 151
5 95
261 351
473 479
306 351
434 445
434 479
389 448
89 95
351 345
345 351
142 223
50 89
473 479
178 217
89 95
5 89
261 351
261 351
89 95
178 223
473 479
89 95
133 223
306 351
89 95
473 425
479 389
351 306
306 353
223 251
345 351
479 434
133 201
89 95
89 95
345 351
345 291
178 211
95 89
133 223
345 340
479 434
473 479
345 351
5 50
223 217
50 115
89 95
89 95
217 223
306 351
330 276
479 473
89 95
217 223
306 351
217 223
306 345
434 479
89 50
261 345
473 389
89 95
143 162
89 95
345 306
449 467
345 372
178 207
261 351
95 79
473 479
473 434
374 269
5 50
95 23
133 217
5 95
217 223
306 379
306 351
50 95
351 345
223 217
389 473
479 404
473 479
50 95
223 225
217 141
223 217
89 5
345 351
306 345
223 178
345 261
345 351
473 479
479 389
89 5
95 89
351 345
178 223
306 351
95 89
261 306
401 428
434 479
217 133
434 479
479 434
473 479
50 95
389 473
89 95
479 434
345 351
434 473
223 178
345 378
473 479
217 178
223 217
345 351
217 223
217 133
261 306
89 5
434 479
99 53
133 223
261 345
89 95
479 389
178 211
89 95
473 479
314 369
320 352
389 479
50 95
217 223
5 95
50 95
95 89
479 473
50 95
95 5
434 479
223 217
223 217
5 89
217 133
473 389
89 95
96 73
178 217
217 170
352 328
261 295
50 89
5 50
223 217
345 306
434 389
306 351
217 140
89 5
17 44
178 223
434 389
269 363
261 323
345 351
473 479
473 434
5 50
473 479
473 479
434 401
261 345
345 351
479 434
95 89
473 479
473 389
479 473
434 464
95 50
345 306
473 479
351 340
434 389
5 89
5 73
473 389
389 457
473 479
434 473
95 5
217 223
434 389
223 162
345 349
133 178
261 351
434 473
306 351
50 95
261 259
95 5
473 479
479 435
5 47
261 345
223 178
148 192
377 316
345 351
345 306
345 261
133 223
89 50
50 95
50 95
217 223
345 261
5 95
351 345
389 473
217 223
306 351
389 479
306 310
306 351
345 351
89 95
95 50
95 50
89 50
345 351
133 201
95 23
351 306
5 95
217 223
479 434
50 89
435 489
115 50
473 479
473 463
345 351
223 133
223 178
20 8
479 434
306 326
178 223
351 261
479 473
5 50
95 89
351 345
345 351
217 223
89 95
223 217
217 220
5 89
217 133
389 479
89 95
223 178
50 5
345 351
306 351
306 351
473 479
133 223
434 473
89 95
351 270
306 351
473 434
95 50
306 351
351 306
261 345
479 473
345 351
89 95
95 50
345 351
89 95
389 479
479 434
351 261
196 143
50 99
133 223
401 449
345 351
306 261
223 217
217 223
89 84
50 89
473 479
178 223
178 223
89 95
217 133
5 95
217 223
473 479
50 99
473 479
50 48
345 351
479 434
217 133
89 95
217 178
217 223
89 5
89 5
95 89
434 389
178 223
345 261
95 89
351 345
217 223
479 434
479 389
345 351
95 89
5 89
217 133
351 345
434 479
297 304
479 473
261 345
89 123
434 479
133 178
217 201
351 345
479 389
79 80
351 345
89 95
345 351
306 351
95 89
319 335
217 184
389 479
5 73
351 345
133 223
217 133
95 89
64 93
217 223
479 473
389 434
217 149
223 178
401 509
95 89
389 425
89 3
228 247
351 345
345 351
345 351
95 89
479 473
345 351
20 95
50 89
473 389
473 434
217 223
473 479
217 178
191 170
89 50
178 217
434 389
438 501
351 345
217 223
178 223
89 95
5 50
351 345
479 389
473 434
473 479
345 306
133 217
179 194
217 223
89 95
479 434
222 183
351 270
50 95
178 133
351 277
89 95
89 75
473 479
89 50
351 257
351 341
95 5
217 178
178 133
178 223
5 89
306 351
438 395
448 397
351 306
223 217
351 345
306 345
217 223
473 467
306 351
479 473
89 95
178 156
50 95
89 95
306 345
223 217
217 178
223 217
345 379
306 256
479 434
5 95
178 141
145 156
345 351
5 50
306 345
133 223
95 5
345 351
95 89
473 389
217 223
307 380
473 479
261 351
223 151
178 223
261 306
5 95
95 42
217 223
345 276
217 178
479 407
99 76
5 95
217 223
389 479
89 95
249 228
389 434
473 434
351 306
479 473
479 473
389 457
473 469
5 89
473 479
389 473
223 178
345 271
20 64
345 351
50 95
89 5
479 473
479 389
345 306
58 77
217 223
95 89
479 434
320 339
5 50
217 223
89 95
261 351
306 351
89 95
223 217
89 95
434 389
434 422
133 217
89 75
50 54
223 178
95 5
217 223
306 345
479 434
345 351
95 50
473 479
143 211
473 479
479 473
178 223
170 207
178 223
473 479
473 479
217 178
133 201
261 345
89 95
133 223
50 95
89 95
50 89
133 175
345 351
89 95
261 345
389 473
345 351
223 133
50 95
50 95
217 223
223 217
178 138
133 223
89 5
351 345
178 133
434 468
345 261
223 241
178 223
145 223
5 89
5 73
306 336
223 178
261 351
434 479
223 133
473 479
95 89
133 223
51 81
133 223
95 50
473 479
89 50
473 479
261 351
351 345
434 496
389 473
50 5
479 434
217 223
178 154
479 434
64 34
479 434
133 178
479 404
389 473
223 133
133 223
473 434
473 479
223 217
345 351
133 217
89 50
89 95
479 434
434 389
89 5
389 479
178 223
217 223
479 473
133 223
223 133
223 178
5 47
50 36
217 178
345 351
169 196
473 494
89 95
389 442
95 89
345 351
261 345
351 345
434 479
261 351
217 223
306 276
5 50
5 95
351 306
95 89
351 261
434 479
389 434
306 351
345 351
389 479
389 434
50 17
261 351
178 223
306 351
479 434
50 95
473 479
5 50
306 345
5 95
306 351
50 95
479 473
389 479
65 78
217 133
473 479
95 5
178 223
345 351
351 306
178 217
426 465
50 23
345 351
5 95
261 351
449 410
351 345
473 479
306 351
89 5
473 479
217 133
389 479
209 192
96 79
351 345
483 400
217 129
345 351
95 89
261 329
261 348
133 223
217 133
389 434
345 274
89 95
473 479
5 110
89 95
434 479
5 95
95 89
351 261
434 479
95 5
50 95
434 479
17 61
89 95
434 479
223 217
434 479
351 345
89 95
5 89
351 345
5 50
261 329
351 332
5 50
133 223
217 178
223 178
434 479
306 314
227 242
345 351
50 95
351 345
178 217
261 345
247 251
345 351
217 227
136 193
306 271
345 351
160 202
389 473
217 223
5 95
178 246
191 248
133 178
217 223
351 261
306 351
479 389
261 329
473 434
217 223
95 50
345 261
133 178
133 217
95 89
169 246
351 306
89 82
50 95
261 335
261 351
217 133
95 5
389 479
479 434
133 210
133 217
261 345
178 223
479 398
479 434
479 464
261 345
351 306
351 373
351 270
401 452
50 95
345 306
345 351
434 389
351 345
345 306
89 95
41 43
351 345
50 89
89 98
89 95
345 351
133 178
223 217
345 351
351 345
479 473
345 303
434 463
89 95
223 217
5 120
95 89
351 261
345 351
306 351
50 5
217 223
306 261
479 473
217 223
473 389
217 178
261 345
178 205
306 351
479 398
447 504
125 124
5 73
261 351
5 95
434 479
89 5
178 223
434 389
178 133
178 217
133 217
179 170
345 351
217 206
89 95
389 473
5 95
89 95
95 50
223 142
5 95
389 473
5 47
345 342
89 95
484 435
223 178
389 509
479 389
261 345
306 345
345 351
50 95
479 389
389 434
351 306
169 241
351 345
133 223
369 314
223 133
434 466
223 217
352 319
351 306
223 178
473 479
89 95
434 473
434 389
351 345
473 479
306 349
217 223
324 271
133 217
133 223
133 217
473 434
434 430
351 360
345 351
217 178
89 5
389 434
50 95
89 50
473 479
479 473
479 473
306 339
389 479
223 133
310 290
178 217
50 89
223 133
223 250
351 345
345 306
345 351
5 89
473 479
261 329
217 178
89 95
89 5
261 303
5 95
223 142
223 217
345 306
479 507
5 51
89 95
133 223
351 345
217 250
473 434
217 223
223 217
217 175
217 223
345 261
95 23
479 507
389 479
133 223
89 50
479 407
178 184
434 479
89 95
473 479
95 50
223 217
192 211
261 345
95 50
95 5
473 434
182 241
389 434
182 194
479 389
389 473
351 306
479 473
223 133
473 444
434 404
261 351
99 5
89 50
95 89
223 178
50 82
217 223
473 479
351 360
479 473
5 89
306 351
345 261
261 329
95 89
217 223
351 261
345 351
223 217
217 133
223 217
389 473
217 223
133 223
5 95
434 389
249 156
223 133
95 89
5 50
345 306
170 209
223 133
345 351
95 89
479 467
5 89
473 479
95 89
345 306
89 50
479 473
351 279
447 426
223 217
306 311
434 479
106 95
89 50
479 473
50 89
261 351
447 504
351 306
351 345
217 223
50 95
223 217
479 389
133 223
89 50
345 261
479 473
473 479
95 23
217 178
306 351
473 494
133 178
479 434
351 282
345 351
89 95
89 95
133 178
133 217
479 389
253 201
434 473
133 209
479 473
351 345
217 223
355 296
223 217
133 223
479 434
217 223
389 479
5 50
261 351
479 473
223 178
351 345
133 223
261 345
192 211
473 479
345 351
50 95
355 357
351 261
351 270
261 351
95 46
306 261
345 351
5 95
223 133
434 479
223 151
217 212
345 261
89 50
261 351
434 473
178 217
50 95
345 351
345 351
473 479
381 261
223 253
223 133
479 434
50 5
95 89
217 223
306 350
223 217
223 217
95 89
261 316
95 5
351 345
89 95
217 223
5 95
95 89
389 457
351 345
345 261
217 223
345 306
509 412
217 223
5 50
95 14
217 133
297 271
178 131
345 351
473 389
473 479
389 479
133 223
438 485
89 57
434 479
95 89
261 351
217 223
223 217
345 351
217 223
306 261
306 261
95 5
178 223
434 473
345 261
89 95
434 473
351 306
345 351
217 223
217 133
434 479
89 95
297 379
95 89
375 264
211 142
473 407
399 467
89 5
351 306
223 217
434 479
261 345
381 354
479 407
261 306
89 95
435 436
351 345
89 95
261 277
345 351
178 223
306 351
89 95
178 223
345 351
473 392
89 95
217 133
223 133
351 345
434 473
51 98
217 223
473 434
434 426
5 95
223 217
5 123
434 389
95 50
170 179
320 304
5 47
64 83
473 479
473 479
217 223
133 175
95 50
479 473
345 351
473 479
5 95
479 389
217 199
261 345
479 473
473 479
223 178
261 345
345 351
217 223
63 120
95 89
95 89
345 306
345 351
95 50
326 381
381 329
50 89
362 354
473 479
217 223
473 479
261 315
351 306
223 178
261 345
345 306
351 345
479 389
89 95
351 261
434 469
307 312
352 314
345 351
261 303
95 89
50 84
223 217
473 398
479 398
473 479
95 50
401 479
95 94
223 178
351 270
133 178
351 306
89 95
306 351
434 473
217 223
473 479
473 434
217 223
261 351
434 479
89 5
434 479
223 133
389 479
345 351
95 50
261 351
479 473
89 95
473 389
351 261
89 50
5 95
133 178
434 394
434 479
473 479
89 95
5 95
223 217
5 47
191 224
434 452
5 95
351 306
306 372
133 217
89 95
5 98
217 223
217 223
389 434
133 178
133 223
261 345
217 223
178 128
223 217
182 180
50 89
345 351
89 5
389 457
223 217
217 133
95 23
473 479
50 42
473 479
95 23
389 434
50 95
473 479
351 305
478 446
178 217
223 217
479 473
306 345
223 217
345 286
261 331
95 5
261 306
307 378
473 479
95 89
50 95
133 217
389 473
438 467
223 178
297 324
5 95
389 434
95 89
217 133
133 178
399 467
479 473
345 351
5 89
434 479
351 261
434 438
306 261
297 358
248 244
473 479
479 434
345 351
351 261
351 261
479 455
389 434
41 75
434 479
345 351
483 445
217 223
95 50
133 205
479 473
351 306
345 261
133 223
479 434
261 286
223 178
223 217
351 261
479 473
345 261
217 133
459 458
479 389
434 511
298 307
178 223
297 324
351 306
473 502
50 89
5 95
434 389
351 345
217 234
479 473
217 223
261 306
306 269
95 89
479 473
310 308
17 14
473 434
479 473
133 212
389 473
178 223
397 491
89 95
50 95
434 479
473 434
509 479
133 178
355 259
479 389
217 178
5 50
345 351
434 389
95 50
473 434
345 351
479 407
95 5
89 115
434 479
479 389
345 306
345 306
169 234
95 5
261 345
306 351
23 95
473 479
351 345
345 273
217 178
261 351
261 273
473 479
143 162
306 267
389 473
351 306
351 306
178 223
351 345
473 479
345 351
95 50
223 132
434 479
217 178
95 5
133 179
434 479
473 402
345 351
95 89
473 434
310 329
178 133
261 307
217 223
178 223
479 389
89 50
389 479
306 351
217 223
434 389
261 351
345 306
178 223
133 162
182 173
379 375
223 178
217 178
351 345
261 345
217 178
479 389
351 345
95 89
95 5
133 223
345 351
217 178
50 110
479 434
479 473
351 345
50 95
434 479
178 133
399 418
217 223
345 261
434 479
435 437
351 261
351 345
217 178
223 217
351 261
178 223
217 178
41 68
261 351
50 95
83 111
261 345
5 95
223 217
473 389
306 351
50 95
133 217
5 50
271 290
389 454
89 68
50 95
178 223
351 345
89 74
306 351
95 89
479 473
178 223
5 89
306 316
223 217
5 73
95 5
217 223
5 119
178 223
351 270
217 223
133 223
345 351
95 89
223 207
50 89
89 95
479 402
178 184
89 83
434 479
50 89
89 78
223 217
434 479
222 167
89 95
479 434
389 473
261 306
89 50
223 142
223 151
389 434
217 223
389 385
89 95
223 142
261 279
178 217
473 479
345 351
306 261
95 5
261 351
473 501
473 434
178 223
306 345
479 477
217 133
133 217
480 385
95 89
81 64
50 95
223 133
307 296
50 95
261 300
5 95
345 351
217 223
473 434
223 178
133 223
89 50
479 389
261 306
479 473
178 188
217 196
389 473
261 306
345 261
5 50
89 95
95 50
95 50
351 345
217 223
178 192
5 89
434 479
89 5
217 223
389 434
89 95
133 223
389 479
89 95
50 45
479 473
89 3
50 5
89 50
95 5
89 50
5 95
261 351
345 351
345 351
479 434
5 29
473 389
351 345
473 479
452 425
351 345
89 5
133 178
95 89
306 261
203 217
223 178
95 89
479 434
381 355
50 95
89 95
473 479
306 351
345 351
261 351
473 479
473 479
434 473
306 307
5 95
479 434
261 345
5 95
434 479
217 148
95 89
389 473
217 223
479 473
306 374
434 473
89 95
434 479
217 223
389 473
133 217
479 473
178 138
473 434
434 479
351 345
261 351
89 95
217 178
50 95
217 178
473 479
479 389
345 351
351 345
345 261
50 89
223 217
261 351
434 473
261 303
479 389
351 345
306 268
473 434
133 217
133 217
389 434
479 473
345 351
473 434
434 389
217 158
306 350
50 89
133 217
217 223
473 479
50 89
345 351
223 217
351 345
89 71
89 95
223 217
95 89
345 306
479 473
89 114
83 106
473 479
95 50
178 223
223 133
345 351
133 217
50 8
345 351
377 322
50 95
345 261
479 434
306 345
434 479
351 306
306 261
178 223
100 14
351 345
479 398
89 95
217 223
483 433
217 178
217 223
223 217
473 479
50 95
306 351
5 89
434 473
507 503
351 306
178 223
434 479
217 178
133 223
178 223
473 434
345 351
434 479
306 345
389 455
95 5
261 383
223 178
389 434
434 449
261 360
89 50
95 89
89 95
223 133
133 223
306 351
5 95
351 345
133 178
95 5
89 26
306 351
217 223
95 50
434 391
478 441
473 479
5 89
89 95
133 187
217 223
389 479
50 26
479 473
261 351
5 95
345 351
5 95
5 95
178 133
345 306
306 351
473 479
306 345
217 178
89 50
223 178
377 276
351 345
345 351
50 95
434 458
5 95
178 223
223 217
479 473
261 351
345 351
351 345
479 398
495 454
50 95
473 479
217 178
5 95
178 217
434 479
178 223
89 95
434 479
95 89
217 225
473 434
178 181
473 389
434 479
223 217
133 172
223 178
217 223
345 339
217 178
223 217
351 279
479 473
178 181
223 178
479 473
480 404
306 366
89 95
217 223
223 178
473 434
223 217
351 306
50 95
89 95
306 261
473 479
351 281
217 223
306 261
434 473
345 351
306 335
473 479
479 473
217 203
5 95
473 479
389 479
389 473
473 479
5 50
81 42
178 199
351 306
5 47
178 133
351 306
179 170
217 223
473 389
50 95
473 434
306 351
223 217
345 351
89 95
479 473
217 178
389 479
223 142
351 345
178 223
89 50
223 178
261 351
95 89
217 223
89 50
223 151
89 95
473 434
473 389
351 345
223 217
310 339
217 192
133 201
217 223
389 479
473 479
63 81
479 434
223 151
351 345
351 306
89 95
306 376
399 467
217 133
217 223
95 14
345 351
345 261
223 178
479 473
89 95
5 95
89 95
217 225
389 434
345 380
261 306
473 494
223 217
89 5
306 351
351 345
217 133
5 73
89 95
473 389
389 455
5 89
306 351
479 473
95 23
89 5
306 351
178 133
89 95
434 467
64 7
351 261
5 50
217 178
345 351
50 89
389 434
306 345
50 89
473 479
133 223
178 223
133 178
133 178
261 345
479 389
223 217
298 307
217 223
261 306
306 289
389 479
223 217
95 91
261 291
50 95
5 50
5 95
178 133
473 479
434 473
435 408
17 22
133 217
50 95
490 454
479 473
50 12
261 306
224 163
178 225
479 389
217 178
178 194
345 351
95 89
95 50
479 473
473 479
5 50
133 223
89 95
178 210
306 351
178 248
95 14
223 133
95 50
95 17
89 5
351 270
223 178
178 223
351 345
148 136
133 210
89 95
404 392
178 217
95 5
95 50
345 351
223 178
95 89
479 389
217 223
95 89
5 73
95 89
217 223
434 389
345 306
217 139
479 473
217 223
345 351
5 89
51 68
434 389
473 479
345 276
217 150
306 351
133 223
223 133
389 434
89 50
5 89
434 479
389 434
479 473
95 50
178 217
89 95
5 95
50 89
434 404
50 95
345 351
217 223
178 133
178 133
389 452
217 178
473 462
434 479
5 56
217 223
133 223
178 133
479 434
50 89
319 335
249 211
217 223
345 351
99 71
223 178
133 201
345 351
473 389
50 95
95 89
273 332
133 217
95 89
178 133
434 389
261 306
223 178
133 223
133 223
217 178
95 50
479 434
479 473
95 50
434 389
389 479
223 178
389 479
306 351
306 351
303 261
5 50
434 479
133 217
345 306
202 228
473 479
223 178
217 151
95 89
50 95
306 351
306 351
217 133
389 473
209 170
217 223
95 89
473 467
389 473
89 50
217 178
345 351
389 479
473 440
434 473
362 351
261 306
223 178
89 20
261 351
479 478
389 479
434 479
306 351
89 95
223 217
95 5
89 68
50 23
217 223
224 135
345 306
261 266
223 217
5 116
217 223
217 223
473 479
345 351
351 345
434 479
345 306
473 479
133 223
95 50
5 22
5 50
479 473
331 345
479 473
89 95
95 89
223 217
261 306
345 351
217 133
5 89
345 261
351 306
95 89
306 351
5 91
351 306
217 223
447 504
89 95
479 473
479 434
178 133
473 434
345 351
133 217
89 95
473 507
5 95
345 335
89 95
345 351
89 107
13 107
473 479
95 14
473 434
95 89
345 351
389 434
345 351
95 50
217 223
345 351
125 5
15 34
434 479
473 479
473 479
345 351
89 16
351 345
217 223
223 217
345 351
261 351
89 50
89 95
178 217
217 133
261 351
345 351
306 351
89 50
217 223
345 351
217 223
345 351
133 223
473 479
95 89
479 473
479 389
351 345
345 351
5 89
345 261
473 479
15 79
345 351
306 351
434 389
217 223
479 473
5 95
473 479
479 434
89 5
345 306
389 434
345 351
217 223
51 12
351 345
217 133
50 95
89 95
389 473
345 351
473 479
68 15
133 223
223 142
95 89
34 111
63 120
261 306
217 178
345 351
479 473
5 89
351 345
351 306
479 389
473 462
464 434
217 223
306 261
345 261
473 479
223 133
261 351
133 175
89 95
223 217
50 89
133 223
89 95
351 261
351 306
89 50
223 142
178 217
404 392
261 345
223 217
89 95
50 70
479 473
223 217
95 89
345 261
192 250
434 479
89 95
306 351
345 351
89 83
261 351
133 223
473 479
5 50
217 223
133 178
479 473
351 306
345 348
345 306
306 261
95 30
345 351
178 223
389 473
89 50
479 473
50 118
389 434
217 178
223 133
473 479
351 273
178 223
50 5
5 95
217 178
389 434
479 415
273 272
178 223
434 431
306 351
389 479
95 5
217 184
223 133
389 434
89 5
434 479
89 95
374 367
306 261
89 95
89 95
261 351
96 104
306 261
89 95
273 261
133 178
389 467
351 345
261 345
351 345
261 306
5 95
497 493
351 345
121 6
351 306
345 351
473 479
306 261
479 434
89 50
223 178
178 133
434 479
434 479
261 345
89 95
95 89
479 473
217 223
345 351
345 351
434 473
217 223
89 95
473 389
434 479
473 389
345 306
217 223
389 479
5 39
479 389
473 468
473 479
261 306
89 95
217 178
217 223
182 139
5 95
261 334
479 473
223 217
473 434
473 479
345 261
452 399
217 223
473 434
479 473
89 50
345 348
217 223
192 173
261 351
345 351
345 351
261 306
320 264
5 47
223 178
479 468
95 89
345 351
217 223
479 434
306 351
345 351
473 438
89 95
261 306
389 435
217 223
89 95
473 389
434 479
479 389
64 43
50 40
479 473
178 203
345 261
133 201
473 479
217 158
178 217
133 201
276 362
345 353
351 261
297 279
297 271
89 50
5 95
345 351
223 217
5 89
351 335
479 473
351 306
261 345
345 351
5 47
133 201
479 389
50 115
401 509
261 345
351 345
306 351
351 306
89 50
306 351
261 306
89 11
399 467
473 479
479 389
473 479
351 345
389 473
434 479
389 473
223 217
345 351
351 279
389 479
223 217
89 20
345 351
50 5
473 479
217 223
192 187
223 133
345 306
249 173
479 434
473 434
473 434
261 345
351 345
351 306
351 261
351 345
50 95
251 247
178 133
389 479
89 98
351 279
223 217
223 178
261 345
178 223
473 495
89 95
389 431
89 50
306 351
89 5
89 95
178 223
89 95
389 479
351 261
133 243
351 264
345 351
133 178
351 306
89 5
389 434
95 89
95 50
473 479
473 389
389 422
50 95
273 381
89 95
20 8
95 89
261 351
479 398
133 175
351 345
89 50
473 479
98 83
217 133
223 178
133 217
306 351
434 473
133 175
261 329
306 374
89 95
345 351
95 5
351 345
133 223
50 95
479 473
345 351
70 42
145 194
345 351
223 217
133 178
50 95
479 389
223 142
178 129
306 351
473 479
95 89
5 50
217 223
5 50
345 351
95 50
50 95
345 306
434 479
5 47
345 351
261 351
345 351
345 351
335 319
217 223
351 306
95 89
223 217
306 351
70 42
479 434
143 162
505 395
473 458
95 5
223 178
223 178
89 95
389 473
389 479
95 89
113 58
335 310
479 473
345 351
95 5
178 223
261 266
345 306
81 42
306 351
89 95
5 95
261 345
89 95
434 500
479 494
389 392
5 73
345 351
473 479
351 345
473 479
217 178
351 306
50 95
434 479
5 89
351 345
133 223
217 223
434 479
5 15
473 479
479 473
479 473
178 133
178 223
95 50
438 434
95 5
479 473
434 479
351 261
89 50
95 23
306 345
50 89
133 223
351 345
389 457
345 261
5 95
95 23
178 223
89 95
479 434
178 223
351 345
89 95
435 426
89 5
89 95
473 479
133 178
479 434
133 217
351 345
148 192
351 279
64 89
261 306
377 276
217 223
442 497
5 95
345 306
89 95
479 473
473 479
351 290
434 433
351 345
261 351
178 223
223 217
351 345
473 479
107 13
306 261
509 454
191 248
50 5
345 351
351 306
398 479
119 99
261 306
5 95
133 217
217 178
434 479
306 351
345 306
389 479
479 473
314 369
345 351
133 223
228 247
345 306
223 217
306 261
223 142
345 351
306 351
261 336
351 345
261 351
169 226
351 335
473 434
473 400
367 326
89 42
223 133
345 351
479 389
345 351
306 351
351 345
351 306
133 223
217 178
345 351
261 335
306 351
484 398
351 345
178 223
5 95
50 89
169 143
351 345
89 95
345 306
434 479
270 356
473 389
507 409
50 95
95 50
306 261
345 261
5 95
306 256
89 95
473 479
345 340
89 95
473 479
473 479
133 175
89 95
178 223
89 95
306 345
217 178
50 95
434 479
345 261
217 133
306 278
5 65
261 306
50 95
374 321
351 261
389 434
351 306
217 178
217 223
223 133
261 306
89 5
479 434
473 389
434 389
95 50
507 503
178 223
261 351
351 306
178 223
89 95
223 191
261 350
473 479
50 29
502 449
113 58
178 223
306 351
133 178
438 440
345 351
95 50
133 223
223 178
452 399
223 217
479 473
351 366
434 507
434 479
434 495
369 314
89 95
306 345
223 217
5 50
345 306
223 178
479 398
261 345
345 351
306 345
345 351
261 303
223 217
89 5
473 434
306 351
434 479
306 351
473 389
351 261
178 217
89 4
261 351
434 479
217 133
434 479
261 374
479 389
68 15
217 178
89 95
351 261
89 5
479 473
479 407
223 217
297 270
351 286
389 479
345 306
345 351
133 223
217 223
89 95
95 5
217 223
217 133
345 351
217 223
133 223
50 95
217 133
133 171
223 178
479 389
351 270
473 479
178 223
217 223
473 479
178 223
89 95
351 261
297 326
321 309
389 473
509 479
133 219
473 389
217 223
351 306
223 217
5 73
473 479
217 146
50 41
473 479
434 479
89 95
479 473
261 282
5 95
89 95
389 434
95 5
345 351
223 178
479 502
5 89
95 89
223 217
389 434
473 434
434 479
351 261
223 178
261 302
306 261
479 407
89 50
89 50
479 407
351 345
223 178
89 50
223 133
178 223
5 95
351 306
306 351
261 306
351 345
473 434
479 398
50 95
50 95
479 473
479 473
89 95
217 223
95 89
479 434
479 398
217 223
133 223
125 95
389 473
133 178
479 473
50 95
217 133
89 50
473 389
133 217
95 89
389 479
404 448
217 133
89 95
5 95
89 95
306 345
223 217
434 479
473 423
50 95
95 14
178 223
473 479
217 223
261 351
389 479
434 389
95 50
178 217
223 133
389 479
95 50
5 23
136 192
133 217
223 133
89 95
95 89
479 506
479 473
479 389
345 351
95 71
306 351
217 223
95 5
473 479
50 48
89 102
345 306
5 116
178 133
473 434
217 178
261 351
253 247
479 398
133 178
434 406
473 434
345 351
306 351
217 223
306 309
223 217
389 397
306 257
261 351
95 50
479 398
107 13
68 15
42 51
261 333
95 89
217 223
479 473
217 223
133 178
306 261
95 89
217 223
479 434
479 389
306 261
178 223
434 483
473 479
479 389
434 389
133 158
473 479
217 223
479 473
345 351
5 50
178 223
217 223
95 83
306 261
223 217
473 479
217 178
5 95
178 223
217 223
398 431
401 436
473 479
310 341
217 223
50 95
351 273
223 133
345 306
178 217
261 372
217 223
5 95
223 245
50 89
50 5
50 95
345 306
351 306
389 473
5 95
217 223
389 434
403 434
89 42
178 133
133 223
223 217
178 133
351 306
479 389
178 217
434 479
479 455
145 240
95 89
389 442
95 23
261 306
217 223
465 448
193 164
434 479
351 345
95 50
473 479
133 178
345 351
95 89
306 351
133 178
345 351
351 345
50 5
473 479
473 389
95 23
306 345
217 133
467 392
178 223
273 307
223 133
133 178
261 351
107 120
434 479
261 329
217 133
217 178
89 86
345 336
261 345
133 178
95 89
89 50
133 178
483 482
217 160
345 351
434 479
178 223
389 479
182 248
89 95
473 389
50 95
351 345
5 50
95 93
223 178
217 178
389 473
89 95
306 351
473 479
50 95
5 91
50 89
133 223
89 95
306 345
345 351
434 473
505 467
351 345
89 5
306 261
223 158
89 95
223 142
306 284
95 50
479 473
89 95
217 223
5 95
381 273
261 351
5 89
473 479
5 89
480 465
217 223
133 223
261 372
479 434
5 50
351 374
261 306
473 434
479 407
261 306
345 261
389 473
473 389
345 306
306 351
306 323
351 303
217 223
345 261
178 223
479 473
217 133
261 351
5 89
178 223
345 306
345 306
89 5
89 95
186 207
133 223
345 351
473 389
345 351
133 217
306 351
223 133
261 351
479 434
473 434
434 479
217 223
473 479
389 431
473 454
473 479
351 345
50 95
306 282
389 473
345 306
351 345
217 223
223 217
178 128
473 479
145 132
479 434
89 95
217 223
473 434
351 306
5 89
473 479
473 479
223 178
223 217
479 473
217 133
223 178
345 350
89 5
351 345
5 95
345 258
217 178
389 460
479 478
95 89
479 434
306 309
217 133
223 178
434 479
306 261
377 264
473 479
473 389
447 480
217 133
261 351
89 95
89 50
223 217
133 223
89 95
351 313
261 351
345 351
217 223
223 217
261 351
95 89
479 473
50 95
217 223
491 463
133 223
217 178
306 345
217 223
95 89
434 479
95 89
223 199
50 95
261 277
434 479
389 457
133 201
345 351
345 351
50 95
178 223
473 452
217 223
223 217
479 473
345 351
479 473
306 261
50 5
306 303
217 223
5 89
223 217
223 217
473 479
434 479
178 223
50 89
345 306
5 89
351 261
479 473
50 95
261 351
351 306
473 414
50 95
133 223
367 298
261 351
473 479
89 5
251 247
5 73
261 351
223 133
473 479
178 213
148 249
133 178
389 473
178 217
133 175
261 306
217 223
345 363
223 217
345 261
306 351
89 95
89 5
356 375
50 95
351 261
217 223
95 89
223 217
217 223
223 133
389 434
94 11
479 389
306 351
95 50
95 5
473 434
178 223
473 479
133 223
473 479
442 389
5 50
473 389
95 89
479 407
345 349
186 191
345 261
345 261
217 133
50 5
351 306
95 23
345 351
5 89
133 223
339 381
479 473
351 270
217 230
479 473
133 178
351 306
95 89
306 351
178 133
89 5
389 431
217 145
217 223
133 217
89 95
223 217
89 95
345 306
306 345
113 58
351 261
374 321
479 389
389 473
389 473
50 95
95 5
473 389
351 261
223 142
261 345
345 306
223 217
89 95
434 479
351 306
389 457
50 3
345 324
50 95
261 351
223 178
495 454
473 479
95 89
306 351
133 178
223 217
479 389
217 223
89 95
306 351
50 43
473 479
89 5
14 81
217 223
351 274
133 223
345 288
351 345
389 434
434 473
473 389
217 223
473 479
351 306
178 223
345 261
261 345
95 89
345 313
5 89
389 457
5 95
351 378
479 407
389 473
5 95
5 77
345 351
5 50
50 105
5 95
473 434
479 434
223 217
5 95
217 223
473 479
15 83
50 95
178 223
425 495
351 345
345 261
182 187
217 133
306 351
306 261
223 217
5 89
249 219
434 501
389 479
95 89
473 479
5 95
434 431
351 306
351 345
261 306
178 175
389 479
178 223
89 95
89 95
434 389
223 133
351 345
223 133
217 223
133 217
217 223
389 479
217 223
5 50
178 217
50 95
5 89
95 89
95 89
133 217
261 306
369 314
389 434
306 351
50 107
178 244
95 89
389 479
351 339
345 351
223 151
89 95
261 345
133 223
434 479
351 261
473 389
473 434
434 479
473 479
351 345
5 95
479 473
133 178
473 389
223 151
434 389
306 351
473 434
473 479
345 351
389 479
345 351
261 306
261 351
479 389
223 178
89 50
345 351
351 345
217 223
261 351
473 479
95 80
473 462
50 89
89 50
50 9
217 223
5 95
389 479
473 479
434 479
178 223
89 95
50 95
345 351
345 351
217 178
473 389
95 50
95 50
217 178
95 50
434 473
5 95
473 479
64 13
223 149
351 270
89 95
133 223
345 351
223 178
434 473
479 389
89 95
484 398
434 389
434 473
473 434
345 306
223 217
133 128
434 389
223 151
389 479
389 457
95 14
261 329
94 82
217 223
345 351
95 89
306 351
381 329
198 187
306 351
479 398
389 473
434 473
94 62
5 23
100 14
178 223
178 223
217 223
217 138
89 50
261 306
223 217
389 457
345 351
95 89
89 5
351 261
89 95
298 337
345 306
217 178
223 133
217 133
89 5
345 306
389 479
96 23
261 306
389 434
95 89
89 5
479 494
217 223
473 479
351 306
345 351
345 261
381 348
479 389
345 351
345 351
15 83
345 351
95 76
389 473
351 345
217 178
223 205
178 223
178 217
389 400
479 389
473 479
95 5
223 133
89 5
89 95
133 217
5 95
345 351
113 58
389 434
345 351
223 217
217 178
389 473
217 133
95 5
50 95
434 479
89 95
479 473
473 479
223 133
95 42
223 217
306 351
95 50
50 89
434 473
261 351
345 261
89 95
345 339
95 99
434 449
95 5
306 342
89 95
95 5
178 223
178 133
95 5
5 95
389 479
217 178
94 75
50 95
217 223
5 50
89 95
479 434
473 479
306 345
89 95
473 438
217 223
89 5
178 217
473 479
434 479
50 5
261 345
217 223
95 89
5 89
50 95
479 407
178 217
95 89
261 351
50 95
389 476
306 351
434 473
502 467
306 351
89 92
345 351
96 112
345 351
434 479
94 65
307 350
95 89
95 5
217 223
473 479
273 381
473 479
178 199
261 345
273 372
217 223
381 291
351 261
261 345
89 95
261 351
235 141
479 389
5 42
223 217
89 95
133 223
351 345
351 306
399 467
89 95
217 223
182 188
479 450
5 50
505 463
217 133
223 217
89 116
261 329
473 434
89 95
389 473
351 306
473 434
217 223
345 306
95 5
89 95
217 178
95 23
401 389
50 95
306 261
434 479
89 95
306 351
345 351
261 351
217 223
223 217
50 95
351 345
416 458
351 270
217 178
178 133
89 95
95 89
434 479
389 479
133 217
479 389
434 479
5 89
351 345
178 223
473 389
143 207
351 261
133 223
5 95
50 89
479 432
14 95
426 435
50 95
89 50
351 345
178 223
5 95
95 89
89 95
345 261
345 351
473 434
351 261
95 5
89 95
50 95
345 351
479 389
95 89
5 89
306 351
89 95
306 351
217 223
261 351
261 306
89 95
99 115
434 389
89 5
125 44
5 50
223 151
345 351
5 63
351 345
345 351
95 50
133 223
473 479
351 274
89 50
310 375
223 217
217 223
479 389
95 14
223 178
345 351
95 5
178 148
345 351
261 345
95 89
133 223
50 95
473 479
95 5
473 406
473 434
5 95
345 351
253 221
306 351
306 351
473 507
434 479
389 479
261 345
345 340
133 223
351 261
95 5
345 351
133 175
442 459
223 142
89 95
434 389
5 77
98 51
133 174
95 5
434 505
178 223
434 389
434 479
89 5
434 389
389 473
473 479
89 95
217 223
133 223
50 95
5 95
261 321
133 217
50 89
217 223
50 89
217 223
133 223
223 178
479 473
345 351
473 479
217 223
89 95
89 50
89 54
298 307
479 473
351 345
223 133
89 50
345 351
345 372
223 133
473 479
89 95
389 479
319 352
95 50
223 178
89 95
217 223
345 351
306 345
217 223
448 436
5 95
178 217
50 5
351 345
223 217
50 89
50 89
473 479
479 473
178 133
178 223
50 95
306 351
479 473
351 345
178 223
50 89
133 223
223 178
178 223
133 223
345 351
89 95
473 479
434 479
473 389
434 479
389 434
178 217
345 351
96 120
5 73
223 178
345 351
351 261
5 107
345 351
5 89
434 473
261 351
351 261
162 217
389 473
89 50
356 375
217 133
50 95
298 307
133 217
345 298
5 89
89 5
473 434
95 89
473 389
178 223
50 95
389 434
89 95
351 345
223 178
345 306
217 178
95 89
306 261
345 280
133 217
479 434
434 473
191 248
306 351
178 223
473 479
95 50
5 73
389 434
217 178
479 473
345 351
479 473
483 391
434 479
217 223
133 178
5 89
351 258
389 434
95 5
95 89
389 434
306 351
89 5
261 306
223 178
351 345
473 389
261 351
5 95
89 50
5 95
473 470
479 389
223 217
50 95
345 351
345 327
217 178
306 351
95 5
479 473
345 351
479 389
223 133
351 261
467 490
351 345
170 179
217 207
178 133
133 217
479 434
133 223
473 479
345 351
306 351
473 479
434 479
345 351
95 50
306 351
217 223
95 14
345 261
178 223
345 351
502 397
351 298
217 223
389 479
261 306
223 217
5 50
133 217
306 351
133 212
95 5
89 50
217 223
217 223
50 5
89 5
351 279
223 178
89 95
89 50
95 118
495 398
306 261
89 50
95 50
50 95
479 509
5 95
89 5
345 261
473 479
306 345
345 351
345 351
351 345
50 95
217 223
473 479
473 479
89 74
223 217
95 89
95 50
389 479
107 13
306 371
50 122
133 178
389 431
345 306
306 335
434 483
223 207
89 50
345 351
389 431
217 134
479 431
345 261
5 95
89 95
389 467
223 217
389 402
89 95
345 351
5 47
89 5
261 351
95 89
425 392
345 306
434 473
50 95
89 5
223 133
95 50
479 389
261 351
223 178
89 50
306 261
223 217
42 51
345 351
50 95
217 223
133 223
217 133
345 351
261 331
89 95
178 223
89 95
473 389
133 217
434 479
50 116
389 479
217 151
345 261
345 351
473 434
133 223
223 217
389 434
178 223
351 345
50 95
178 217
217 223
133 223
5 47
223 217
351 345
306 261
351 345
133 223
345 351
345 351
479 434
50 95
133 217
95 89
434 473
345 351
217 223
473 479
223 178
133 217
261 351
479 473
464 401
5 95
389 479
178 133
457 389
223 133
479 473
261 351
434 479
178 133
223 178
95 89
426 435
95 89
133 223
473 479
89 95
389 479
389 473
223 217
479 434
5 95
95 50
178 217
25 106
133 208
479 473
133 217
178 217
351 345
261 345
473 433
95 50
50 75
351 345
389 479
404 448
389 473
434 479
133 217
89 95
389 434
273 351
178 223
345 306
345 351
178 145
473 389
50 5
473 434
306 351
217 223
89 95
217 230
178 240
89 5
50 51
217 178
5 89
473 479
270 337
133 223
434 389
473 434
133 217
89 5
89 95
223 217
217 223
473 434
89 86
351 345
178 223
356 375
345 351
345 351
345 351
89 95
253 241
89 95
434 479
345 351
95 89
418 449
479 434
480 431
479 434
133 217
479 473
261 351
5 47
89 50
95 89
178 223
217 223
133 153
345 306
447 426
479 473
95 5
223 178
345 351
473 479
223 142
217 178
434 479
261 345
89 95
89 95
5 89
389 434
356 375
217 133
178 223
351 345
345 351
345 351
389 434
5 95
345 327
223 217
306 351
389 399
351 306
345 351
95 50
89 95
345 261
345 351
217 223
217 223
479 434
497 442
95 93
434 389
270 337
95 50
217 223
217 223
389 434
223 133
479 389
50 95
351 345
178 223
89 95
479 473
95 5
133 223
178 133
345 306
261 351
306 261
473 479
271 339
345 351
217 223
261 345
345 351
442 497
217 243
345 351
217 223
89 95
217 133
217 178
345 351
89 95
95 23
217 133
178 223
178 207
473 479
223 151
178 223
89 95
95 85
479 473
261 351
89 50
473 479
133 178
351 345
434 440
345 357
479 429
351 306
261 351
50 89
89 95
5 95
5 89
479 473
223 217
41 15
351 345
389 431
5 95
345 261
473 434
223 217
95 89
5 95
133 217
89 95
345 376
143 207
306 345
217 223
89 50
306 273
306 345
351 345
362 351
178 223
217 133
473 479
223 151
50 95
473 479
306 345
351 261
89 95
133 240
345 306
306 261
389 434
434 479
89 95
217 223
89 5
50 95
351 261
133 217
223 148
479 473
95 89
223 133
351 261
473 434
89 95
89 95
479 473
223 217
223 217
95 89
223 217
306 351
345 321
473 479
473 434
133 223
133 223
473 479
217 223
434 479
133 217
217 133
95 50
89 5
89 95
505 460
223 133
95 50
95 89
345 351
253 229
484 503
351 365
217 178
351 306
223 133
389 479
345 261
351 264
89 95
133 223
345 306
217 223
345 306
95 50
351 261
389 457
133 178
50 28
351 306
217 170
89 47
345 351
249 149
89 95
389 473
434 473
89 50
133 250
50 95
269 337
399 418
89 71
345 351
133 178
479 473
5 95
351 306
223 217
50 89
179 209
217 178
306 351
217 223
345 261
479 407
345 351
306 351
306 351
389 479
434 479
133 178
133 175
261 345
5 89
351 261
261 345
133 223
89 42
261 345
351 345
50 95
133 223
95 50
89 50
306 351
217 223
14 100
351 270
438 434
473 434
306 261
345 351
345 306
217 133
345 351
89 95
118 42
223 142
306 351
345 351
223 217
223 133
351 345
5 50
345 351
434 389
479 473
389 473
217 223
100 64
401 450
217 223
95 89
479 473
389 473
178 217
479 473
249 164
351 345
217 223
473 479
389 479
351 261
178 223
50 115
261 345
95 89
89 50
389 479
179 176
389 473
345 306
79 83
479 434
178 223
217 178
223 217
306 261
473 466
217 223
261 345
345 351
261 351
381 368
306 261
223 178
351 345
473 463
223 133
306 351
217 220
306 351
473 467
89 95
217 223
479 473
479 389
473 479
261 303
345 351
473 389
89 20
261 345
447 504
186 241
95 63
473 389
473 479
217 223
473 476
133 217
473 479
95 50
434 479
178 133
345 351
434 412
261 351
345 261
217 178
5 95
217 223
217 223
217 223
89 50
89 95
5 95
223 217
217 223
223 217
473 467
125 70
178 133
178 217
297 317
50 89
351 345
223 217
479 434
479 434
345 351
133 217
345 351
473 479
434 389
434 389
223 217
473 479
351 345
223 233
307 352
261 351
178 133
95 50
50 47
223 178
133 178
434 479
345 351
473 479
425 452
178 223
351 261
261 345
479 473
473 479
389 473
222 188
351 261
389 478
479 434
306 345
261 374
217 223
133 217
217 223
217 178
89 95
89 5
89 95
345 351
473 389
345 306
217 223
306 261
261 345
223 217
41 12
434 458
192 161
473 479
89 50
389 457
473 434
223 178
389 473
479 389
223 178
178 223
389 473
306 351
351 345
223 178
95 50
261 345
479 398
312 261
178 223
178 223
401 482
89 95
223 217
351 345
217 251
345 368
351 322
95 92
351 345
223 178
434 479
479 473
479 434
306 261
261 372
5 89
50 5
435 424
217 178
351 306
261 316
473 479
89 95
434 479
223 211
261 345
261 345
352 306
473 479
345 306
89 5
5 95
223 217
223 217
473 434
89 95
473 434
217 223
377 317
306 261
95 89
133 178
434 479
133 223
43 50
178 180
89 95
479 473
261 351
351 345
473 434
350 374
306 261
178 169
473 479
261 306
381 301
217 133
95 89
345 351
133 136
434 479
223 217
50 5
223 217
223 217
339 367
473 479
41 56
473 434
217 223
345 351
351 376
473 427
89 63
178 133
223 217
5 89
5 50
228 142
345 306
351 349
473 479
345 306
217 136
50 5
345 306
351 345
389 434
178 223
479 473
50 95
95 89
217 223
398 465
89 5
389 473
133 217
89 95
50 95
5 89
261 351
178 217
89 50
133 217
217 223
5 95
133 223
133 223
351 345
95 89
389 387
473 479
479 475
351 345
223 133
89 95
217 178
89 50
345 351
50 5
473 434
89 95
145 208
89 95
479 389
473 479
63 96
389 473
178 250
479 473
425 417
89 95
5 120
95 89
261 345
81 42
89 123
479 473
223 178
345 351
389 434
479 473
89 50
217 223
217 223
95 89
133 201
241 164
89 95
479 434
389 479
351 345
5 50
479 473
434 389
306 315
5 95
351 306
351 306
345 351
434 479
351 306
217 223
217 219
401 445
389 479
389 473
178 223
89 50
89 95
434 479
306 345
389 473
89 95
306 351
89 95
217 223
350 377
133 223
389 479
261 345
351 345
125 59
5 95
223 170
434 389
434 479
473 434
89 50
50 95
50 95
223 178
95 5
345 379
223 217
223 217
473 434
227 159
95 5
89 95
89 95
389 473
345 351
261 351
95 50
217 223
223 133
133 223
479 473
178 223
50 95
178 223
345 351
351 306
374 321
434 397
133 223
133 217
270 337
178 223
89 95
473 479
478 407
473 479
473 479
217 223
473 479
389 404
217 223
473 479
473 479
133 178
473 434
473 434
345 306
5 95
89 66
5 81
434 472
306 351
217 178
95 50
217 223
389 434
178 223
179 222
89 95
261 306
398 465
133 223
345 261
80 125
306 337
479 389
261 306
389 473
389 479
223 169
479 407
345 261
5 97
484 503
50 95
271 339
479 434
217 133
223 217
261 376
473 479
95 89
133 178
306 351
95 50
434 479
217 223
50 71
473 479
434 479
261 351
217 223
434 479
51 82
345 351
133 201
345 363
217 223
217 223
89 95
217 242
95 89
473 479
261 306
5 89
351 350
351 281
261 351
89 95
178 223
217 178
434 479
389 479
306 301
434 389
434 479
306 351
270 351
89 50
89 74
178 133
5 89
434 389
50 5
434 389
345 351
345 261
389 434
273 304
473 479
178 223
479 473
50 89
217 223
351 306
261 345
182 211
345 261
345 351
345 351
50 95
434 473
133 223
95 50
307 383
345 351
473 479
223 217
345 351
261 345
223 217
473 479
217 223
50 95
479 473
369 378
351 261
351 270
133 201
217 223
261 306
351 306
223 133
50 95
223 217
261 345
307 298
307 377
223 217
217 223
192 220
223 178
389 434
261 321
217 151
217 223
95 50
50 95
217 182
89 84
133 178
178 223
217 211
89 95
261 345
217 223
50 5
5 95
345 351
95 50
89 0
306 351
224 131
95 50
133 217
434 431
389 473
306 261
479 398
351 306
5 95
345 261
5 95
133 223
473 479
345 351
89 95
217 253
473 479
389 479
89 98
178 162
133 217
261 351
133 223
178 223
50 83
276 264
217 178
389 431
345 351
473 479
223 217
473 479
95 89
224 223
261 351
5 50
345 351
241 186
133 223
133 145
89 95
434 386
95 89
217 223
133 201
89 95
351 306
95 89
389 479
351 345
345 306
89 5
178 223
473 389
217 178
133 175
351 345
345 306
217 133
217 173
351 379
479 473
345 261
345 351
133 223
178 223
473 479
389 473
434 389
5 95
217 136
404 448
351 306
261 351
217 223
133 217
381 353
345 261
95 89
351 306
351 306
89 97
95 89
89 95
473 385
223 178
434 473
217 133
389 479
133 217
389 434
261 306
306 351
41 93
217 223
473 432
389 473
15 83
351 306
95 50
83 106
178 148
261 315
389 434
217 223
5 50
133 223
5 89
434 473
473 479
133 223
123 119
306 345
50 95
5 95
50 95
434 479
5 95
306 351
306 261
133 223
351 306
345 289
473 479
345 351
479 392
351 345
5 95
389 479
223 217
473 479
50 95
178 223
345 351
5 50
345 351
89 50
351 285
306 345
473 503
217 178
434 479
217 133
178 223
95 14
434 391
89 5
182 147
306 345
261 351
261 351
351 345
223 217
389 457
89 48
473 408
345 351
95 30
223 217
89 5
217 139
483 424
351 345
121 48
249 247
473 479
89 50
217 178
133 223
5 89
178 193
89 95
345 317
95 50
178 223
479 473
345 351
389 473
89 95
217 212
306 345
351 345
95 50
479 473
479 443
178 246
133 223
89 50
345 351
50 95
223 204
223 217
389 479
223 178
89 95
178 133
50 114
479 473
345 351
5 50
223 217
306 351
50 23
5 95
345 351
217 178
5 89
224 176
217 223
217 133
434 414
54 68
95 75
345 351
261 351
217 223
473 479
339 270
5 95
95 28
261 351
345 351
133 175
217 223
473 479
345 351
89 95
261 345
389 479
351 345
50 5
479 434
351 345
95 5
479 389
203 217
89 95
351 345
217 223
345 351
217 223
223 178
345 351
89 18
223 133
217 223
473 503
223 178
351 345
217 133
310 345
345 351
178 223
345 351
217 223
345 351
351 306
178 217
223 178
345 306
5 89
306 351
351 345
89 5
5 95
223 142
50 94
345 351
217 223
5 95
223 217
50 5
306 351
95 50
351 345
306 350
178 133
467 401
95 89
473 389
178 202
5 50
217 178
479 473
399 418
111 42
351 306
479 389
5 50
133 217
217 133
389 479
345 351
306 351
217 223
261 351
306 351
133 178
351 261
178 133
345 351
89 5
389 479
207 182
389 479
473 479
306 351
261 345
123 119
345 261
351 261
217 178
95 5
306 351
178 217
261 339
351 345
50 89
217 223
473 479
133 223
345 351
89 95
434 473
261 351
345 304
95 5
95 5
306 345
89 5
95 89
50 26
217 223
89 95
89 95
95 50
473 389
306 351
223 217
89 95
95 5
95 89
351 345
217 223
473 479
434 479
434 479
217 223
178 217
223 217
217 223
5 50
178 223
434 473
95 50
351 306
389 473
434 479
223 178
345 306
5 83
133 145
178 223
217 133
351 306
261 345
345 306
351 345
178 223
306 345
5 95
351 345
89 5
178 223
111 70
42 51
351 345
473 389
89 5
89 95
65 94
261 345
351 261
261 329
261 302
351 261
95 5
50 95
345 351
261 306
261 306
95 5
5 47
306 261
5 92
352 341
133 223
351 306
399 463
434 473
345 351
95 89
95 50
434 479
473 479
217 136
133 223
479 473
345 312
89 5
434 473
95 89
133 223
217 223
133 223
95 50
389 434
345 351
217 223
434 479
223 217
178 223
217 223
479 473
95 5
479 473
351 261
345 351
89 5
434 479
345 351
217 223
345 280
479 473
276 264
402 434
479 473
178 223
133 223
261 345
345 351
253 204
345 351
473 479
89 102
50 95
389 473
306 351
434 445
352 302
479 473
50 95
8 64
95 89
434 479
434 479
178 223
473 479
89 95
125 95
345 351
50 19
95 10
89 95
89 50
89 95
273 330
95 17
434 473
217 178
217 223
479 434
95 89
351 345
434 470
261 306
89 95
434 509
223 178
223 178
217 178
217 223
479 414
389 479
389 473
95 5
192 211
479 473
479 473
261 329
241 186
392 509
261 351
89 95
5 76
178 223
356 310
95 89
473 479
434 399
133 223
133 211
434 479
95 5
473 479
306 351
306 261
473 479
473 434
58 113
434 479
389 473
351 345
473 434
273 338
351 261
306 351
223 133
89 95
178 223
345 351
217 223
178 167
345 306
89 23
223 178
217 133
133 223
89 50
345 306
351 345
473 434
345 306
389 479
89 95
125 6
473 479
217 223
95 89
133 175
133 223
389 394
89 48
95 50
261 307
351 345
479 473
96 47
479 473
217 223
473 434
479 434
133 178
50 123
351 261
306 351
434 479
306 302
89 95
345 351
133 217
223 217
50 123
473 479
479 467
89 95
223 217
89 50
389 473
261 373
479 434
351 347
306 345
434 473
5 95
345 351
434 389
389 473
50 95
5 95
178 223
374 367
389 473
473 479
89 50
89 95
345 260
217 223
89 60
269 363
473 434
50 95
178 133
95 83
217 178
479 434
473 434
389 431
217 169
351 261
389 473
89 95
351 261
479 434
5 116
89 95
345 351
434 473
389 473
345 306
473 479
223 217
345 261
89 95
133 223
217 223
133 178
261 351
345 351
473 479
223 159
473 434
89 95
473 479
89 50
381 271
249 199
479 473
345 351
479 398
20 8
473 479
473 389
434 473
223 217
345 306
351 306
5 89
95 89
351 270
223 129
50 95
5 95
50 95
479 473
306 351
345 351
479 473
306 351
217 178
223 245
5 50
473 479
5 50
306 351
389 434
389 479
178 182
351 306
351 261
306 351
261 306
434 473
261 345
351 345
89 50
389 491
50 5
50 94
217 167
355 381
95 5
15 34
148 136
133 217
366 345
479 434
479 434
223 217
89 95
261 351
345 339
89 95
306 261
133 178
194 133
389 479
336 306
89 50
217 178
345 351
217 223
345 351
434 401
50 95
479 389
345 317
479 407
434 479
217 178
217 178
5 50
345 351
345 351
133 178
479 475
345 351
5 95
261 351
95 89
223 178
351 306
217 223
223 133
351 261
261 345
345 351
89 95
473 479
389 438
261 306
5 50
345 351
223 217
351 279
473 479
351 345
374 321
217 178
178 133
479 473
133 223
389 457
389 473
133 223
217 223
217 133
5 95
223 244
473 479
5 95
50 95
479 389
89 50
223 217
217 157
345 306
434 486
306 351
95 89
119 20
479 473
261 345
351 261
95 50
345 261
89 95
50 95
178 133
479 389
89 50
473 389
5 73
89 50
473 479
217 223
351 345
50 95
178 223
217 223
473 434
351 348
95 5
95 5
50 5
95 89
217 223
473 434
434 473
150 182
434 473
5 50
223 217
389 479
5 50
133 223
178 223
89 95
306 284
434 479
473 479
345 351
241 251
50 89
473 434
356 375
217 223
89 95
261 306
217 207
261 306
222 144
434 479
473 479
502 449
345 301
479 389
345 306
389 479
479 389
345 351
434 479
345 348
217 133
351 286
479 473
95 5
217 178
217 223
217 223
473 479
434 479
389 434
389 479
50 33
217 223
434 389
223 217
473 479
306 351
223 217
178 223
261 303
50 5
479 389
50 95
5 47
306 351
5 89
178 223
434 479
89 50
50 2
133 223
306 261
389 473
352 345
95 89
434 410
95 5
89 95
351 345
5 95
442 443
473 434
483 438
298 350
133 175
125 93
434 479
345 351
178 133
95 5
351 345
479 434
89 95
479 457
389 434
223 217
223 133
89 95
223 217
351 298
50 95
89 95
434 479
473 479
473 479
351 306
223 217
95 50
217 223
306 351
345 351
133 193
389 473
5 89
217 223
389 447
133 223
261 306
389 434
434 479
223 217
479 389
50 95
319 337
351 345
389 473
50 121
351 306
223 178
223 178
345 351
479 473
