512 10000
306 345
473 479
389 479
133 201
217 223
473 389
434 479
261 351
351 306
68 15
473 434
345 351
133 223
95 50
223 217
50 95
50 74
261 345
5 50
223 178
473 389
192 186
50 5
473 479
418 398
479 398
223 217
95 5
133 217
479 398
50 89
223 217
389 479
473 479
351 261
473 479
169 198
351 306
95 50
261 306
298 307
95 50
345 351
434 479
89 95
178 220
345 351
133 217
89 95
351 306
217 223
5 89
20 64
95 89
89 50
306 345
217 223
306 304
224 166
95 5
306 261
479 407
261 345
133 223
42 51
261 321
217 178
5 50
479 389
178 223
133 217
89 95
89 95
473 479
217 223
133 223
345 261
5 89
223 178
351 270
345 306
89 5
306 351
502 397
473 479
351 345
479 473
261 273
479 389
89 95
473 479
434 389
473 434
479 473
15 5
389 479
351 345
89 50
351 261
5 95
89 95
89 50
479 473
5 73
217 178
345 351
479 434
306 345
223 133
479 389
479 434
351 306
89 95
389 434
306 351
473 497
473 479
95 89
133 223
217 178
89 95
178 223
389 431
20 64
217 131
89 95
217 223
178 223
473 479
261 351
223 133
241 186
473 434
389 473
306 351
95 28
5 95
89 56
345 351
479 401
54 50
89 95
389 479
5 95
217 223
5 95
351 306
434 479
473 434
479 473
223 133
310 353
261 306
223 133
345 379
178 223
434 473
133 175
369 314
217 223
261 303
473 434
217 223
306 345
345 306
434 479
389 464
473 479
345 351
5 42
261 306
479 473
434 479
89 95
95 50
89 95
217 133
389 457
89 50
351 345
192 130
479 434
89 50
223 217
50 5
473 489
479 473
389 457
50 89
89 5
89 5
89 95
261 273
261 310
379 362
434 479
306 345
223 178
89 95
473 479
434 479
345 351
389 473
50 5
473 434
5 89
89 95
345 261
479 473
473 389
95 50
217 223
345 351
125 59
217 178
473 479
133 217
479 473
50 83
178 223
345 351
89 95
5 95
473 479
133 217
306 281
345 351
473 479
345 351
89 95
223 217
217 223
178 133
434 473
351 261
345 351
479 473
217 199
404 490
345 261
89 95
389 479
217 223
95 89
369 314
217 223
223 178
345 351
434 479
50 95
306 351
473 434
345 351
89 95
345 351
95 89
178 255
217 178
345 306
389 473
345 351
345 351
351 261
89 95
95 89
473 385
473 434
217 178
95 79
178 174
350 354
178 223
389 479
5 50
479 473
5 89
351 345
473 434
473 477
217 223
297 306
473 484
434 479
345 351
50 89
306 345
89 5
261 345
345 351
389 434
306 345
50 46
479 473
5 89
473 479
95 54
389 434
479 434
133 211
5 73
5 95
345 261
133 178
261 351
89 116
261 306
178 223
89 95
5 95
345 306
509 454
434 479
306 379
178 133
89 95
473 479
178 212
223 217
178 217
89 86
89 95
133 201
217 178
473 479
473 434
34 65
178 217
473 434
473 389
473 479
50 89
434 473
178 223
89 95
345 351
217 223
89 50
345 351
178 223
133 217
355 344
5 89
345 351
473 479
345 351
264 321
261 256
345 351
5 89
178 223
351 306
5 23
95 89
448 405
473 479
345 351
261 303
434 479
178 223
89 5
178 223
434 479
351 306
351 345
479 389
133 223
306 351
178 133
140 169
95 89
95 89
473 494
345 351
178 181
133 223
95 5
178 186
479 473
320 261
95 50
133 223
95 89
95 89
345 329
345 306
345 351
178 133
178 223
345 261
399 463
345 306
223 217
345 327
389 479
54 75
5 89
434 473
89 95
89 95
473 479
50 95
345 351
89 50
306 310
5 89
434 479
473 434
345 351
345 348
261 306
434 473
89 95
95 89
217 178
345 274
261 351
89 95
351 306
178 223
261 345
345 306
50 89
351 345
261 286
306 345
133 217
217 223
389 473
351 345
95 89
182 178
50 5
50 5
95 50
178 133
95 89
5 95
178 217
473 479
178 133
5 47
389 473
178 223
351 345
473 479
217 229
389 479
178 133
473 434
473 389
261 351
306 351
217 245
473 434
223 133
50 89
5 38
389 479
345 351
345 261
217 223
223 217
50 95
178 223
261 345
345 351
89 5
50 89
89 5
479 434
160 202
479 473
178 133
434 479
473 389
434 504
351 306
435 481
89 95
95 50
223 133
89 50
261 351
178 223
473 455
261 345
345 351
89 5
473 434
217 223
261 345
479 473
434 473
5 97
217 223
351 261
389 468
178 217
389 414
345 351
473 479
473 434
479 389
89 95
479 434
473 479
479 473
434 479
217 223
50 95
223 217
434 479
479 389
217 223
261 305
89 63
133 146
434 479
306 351
178 223
95 89
345 300
223 217
178 223
434 389
89 5
5 95
351 306
89 50
473 479
261 351
5 95
261 306
351 345
89 50
89 55
223 178
89 95
261 345
133 178
261 329
261 303
345 351
479 389
389 479
345 261
178 223
434 479
306 351
223 151
351 345
5 50
178 223
374 321
434 473
389 479
389 473
473 389
479 473
178 223
5 95
345 351
178 217
345 261
351 345
276 377
306 345
89 95
89 95
345 351
95 50
217 223
448 467
217 223
434 473
351 345
95 89
217 223
261 351
351 306
479 407
345 351
223 178
434 479
345 351
306 351
306 261
434 389
473 479
50 95
223 217
133 223
351 345
261 351
473 428
41 68
89 95
133 223
505 469
324 297
95 50
261 345
217 223
306 261
479 473
5 95
178 223
5 47
473 479
5 50
217 178
217 133
217 223
89 95
133 223
473 434
133 178
5 89
95 89
95 89
95 89
473 481
95 5
467 479
389 434
345 351
95 50
473 462
133 175
89 95
473 479
223 133
351 345
351 345
351 345
217 225
473 479
479 407
345 351
479 473
217 178
306 351
133 178
217 178
217 223
89 95
95 89
479 434
479 389
50 5
434 473
479 434
434 389
178 223
345 351
351 345
223 142
170 179
217 203
345 351
178 223
95 89
182 193
306 351
306 351
89 95
473 434
95 50
223 133
95 89
350 322
434 473
389 479
178 182
89 95
50 89
473 479
261 351
307 319
5 95
178 223
345 372
121 82
434 479
306 351
217 223
223 178
298 337
89 95
306 345
50 89
223 140
178 223
389 479
217 223
217 223
345 351
133 178
306 345
479 389
95 83
178 204
178 158
5 89
345 306
223 217
65 99
5 95
217 223
89 50
223 217
178 217
351 279
261 351
377 376
261 306
50 17
425 452
217 223
351 345
5 89
351 270
133 178
95 50
473 479
345 351
473 434
217 223
276 320
50 95
89 95
261 345
89 95
479 473
261 306
223 133
479 389
95 89
306 335
223 142
434 479
148 136
389 434
306 261
473 479
253 212
5 50
143 207
351 261
217 178
473 479
479 473
389 479
306 345
89 63
89 95
50 92
217 133
479 473
353 306
448 455
5 95
473 389
89 95
306 261
345 306
178 232
261 351
178 222
389 473
479 473
223 178
345 351
50 45
95 10
178 223
473 479
89 95
473 479
217 163
261 351
261 345
434 479
133 178
217 223
389 479
273 294
89 95
89 50
10 5
434 389
473 390
306 366
5 95
223 217
133 217
217 212
345 257
89 95
473 479
89 95
223 133
351 306
351 306
351 379
389 479
473 479
351 345
89 50
434 473
42 81
133 241
133 223
473 479
345 351
276 320
479 467
345 306
473 479
223 133
50 5
479 473
473 389
337 298
473 479
217 223
223 133
178 223
306 351
217 223
95 89
5 89
351 345
223 133
95 89
452 399
95 89
133 196
261 345
217 223
223 217
5 89
178 133
479 486
118 111
95 14
5 50
351 345
95 123
389 479
345 261
351 306
217 178
223 217
223 133
261 351
217 223
95 50
178 217
473 389
351 306
351 345
89 5
479 389
223 178
217 223
261 345
306 351
95 50
217 223
502 397
133 223
345 351
473 479
217 178
95 5
479 387
473 479
223 178
217 223
89 5
306 351
434 467
306 351
345 351
50 16
261 351
473 389
389 479
479 473
351 306
434 479
89 95
434 479
345 351
351 345
434 506
224 237
434 389
133 178
217 223
381 261
479 389
50 95
217 178
253 187
479 473
95 50
5 15
479 473
306 261
133 142
351 306
95 89
95 89
479 434
5 58
273 318
306 261
270 337
217 223
306 286
473 479
175 133
473 479
479 473
228 142
217 133
479 434
345 306
389 473
95 89
473 479
389 479
89 95
223 217
169 198
270 334
473 479
5 50
351 306
217 223
473 479
133 178
345 351
100 14
178 211
178 223
473 479
351 261
217 133
434 479
179 207
306 351
133 223
434 498
401 455
351 345
178 223
479 473
479 473
223 178
345 351
223 142
133 223
96 99
133 223
217 133
345 306
223 217
434 473
345 261
217 223
223 151
473 479
345 351
434 479
345 351
5 47
351 306
133 223
217 223
345 351
479 434
399 463
389 439
223 133
99 77
95 50
217 178
89 95
217 223
434 479
261 306
351 345
434 479
95 89
5 95
89 95
223 178
133 201
95 50
473 389
50 89
351 345
223 151
223 217
351 366
50 95
479 434
389 473
217 133
389 473
223 178
223 217
434 463
404 392
261 332
217 133
223 217
479 389
95 50
203 217
217 178
404 505
217 223
351 306
50 89
133 217
351 306
217 223
133 223
434 473
50 89
479 434
261 379
133 223
214 145
389 407
89 95
178 223
50 95
133 128
133 223
89 95
495 398
217 223
178 227
223 178
95 89
345 306
5 95
399 467
5 89
261 366
5 89
98 51
89 95
479 473
479 434
133 223
351 345
5 95
473 462
89 95
217 223
345 306
20 121
434 485
217 223
479 473
261 306
89 50
306 351
5 95
89 95
50 2
314 369
389 473
133 198
217 223
133 217
5 54
434 479
50 71
473 434
345 351
351 345
89 50
473 479
389 479
50 89
479 491
473 434
345 351
473 466
89 5
95 5
389 479
473 479
89 95
434 479
351 306
217 133
306 371
89 52
50 36
473 389
377 376
389 398
95 71
95 97
389 473
133 178
133 223
95 14
222 183
95 89
50 5
64 60
223 205
5 89
351 345
473 389
355 334
473 479
306 294
306 351
434 431
133 175
351 345
345 306
64 22
306 345
351 261
223 178
50 95
452 399
217 223
345 351
217 178
473 434
223 217
351 345
351 306
178 217
223 217
345 351
351 306
473 481
63 30
261 329
89 95
217 223
133 178
95 14
133 223
89 45
351 306
50 18
217 178
95 89
401 412
223 217
223 217
217 178
389 473
133 223
89 64
351 345
319 335
217 133
479 473
95 123
473 479
479 434
217 223
223 142
251 178
434 415
133 217
217 223
479 389
351 345
261 351
261 345
389 479
89 5
95 50
5 95
178 223
351 306
89 50
217 178
351 279
89 95
89 5
473 479
479 389
345 351
217 223
133 223
178 223
306 351
217 133
434 473
5 50
89 63
473 479
223 227
217 178
351 306
133 170
95 89
434 479
345 351
345 351
479 473
473 434
5 50
473 479
5 50
5 73
351 345
434 389
223 151
95 11
261 306
434 479
261 345
170 179
351 261
345 306
479 389
89 75
5 50
133 217
223 133
479 434
64 79
306 351
479 434
473 479
5 89
50 95
223 217
473 479
223 217
473 479
479 434
50 95
95 89
306 261
5 89
217 223
178 217
473 479
64 79
217 152
351 345
389 479
89 5
5 50
217 223
95 5
95 110
345 342
89 95
434 438
50 5
89 50
51 89
306 351
95 50
223 178
89 95
89 95
351 345
217 223
224 232
351 306
133 223
178 133
306 351
89 41
351 279
351 345
95 89
434 479
473 479
178 217
223 178
79 54
345 306
89 50
89 50
65 32
95 50
473 485
473 479
223 217
479 407
345 351
89 5
345 351
351 270
133 201
89 95
261 345
345 351
320 339
473 479
434 479
89 95
5 50
217 223
479 389
89 95
133 217
89 50
50 1
479 473
223 217
479 473
5 47
217 223
473 479
351 261
473 434
5 50
351 345
95 89
178 217
50 95
389 479
217 223
473 479
351 306
5 99
389 434
223 133
89 95
217 223
178 223
95 5
95 5
261 351
223 217
389 479
479 473
133 178
133 223
345 261
89 95
50 95
345 351
217 223
50 95
217 133
479 389
217 223
479 434
473 479
217 223
271 339
434 479
434 479
389 473
223 217
5 51
223 133
113 58
389 457
306 351
95 50
473 479
95 14
345 351
178 223
434 473
351 261
217 178
192 141
217 223
5 95
351 345
178 223
473 389
345 351
217 223
389 473
473 434
223 178
223 133
351 261
389 476
434 479
345 332
434 473
351 276
223 217
95 50
389 431
95 5
14 95
5 50
473 479
5 95
228 247
217 223
351 345
479 473
50 95
389 479
473 434
434 479
95 89
434 479
217 133
223 142
217 178
217 133
389 434
223 217
306 345
223 178
261 351
345 351
479 473
178 214
483 504
223 178
389 479
95 89
345 351
5 95
473 479
223 178
306 351
495 454
217 133
345 351
95 89
345 261
351 306
178 223
178 133
351 345
351 261
479 473
389 464
434 473
306 345
89 50
434 501
133 217
345 351
178 217
95 89
473 479
89 50
473 479
351 345
345 310
178 133
479 407
89 50
473 434
50 95
473 434
223 133
345 306
217 223
5 73
345 351
389 467
89 95
479 473
345 351
217 133
345 279
345 351
479 473
351 345
306 351
473 479
95 50
351 345
89 95
434 458
473 479
345 351
261 306
479 389
133 202
351 345
473 479
345 351
473 389
473 479
89 95
306 351
261 345
50 5
223 133
50 42
223 217
95 50
345 306
133 129
473 479
434 389
351 345
351 306
479 473
223 217
89 5
389 479
32 74
473 479
178 223
223 178
306 261
5 95
389 434
473 414
5 73
95 50
50 17
133 178
479 389
217 223
261 306
473 479
261 351
473 434
389 479
434 468
306 344
261 306
50 89
479 473
50 5
473 479
133 223
306 351
509 477
133 223
261 279
191 207
389 473
178 145
434 479
434 389
5 89
479 434
351 306
217 223
217 223
217 178
217 178
217 223
95 89
217 223
5 89
133 223
351 345
89 60
479 434
389 479
217 223
5 50
223 151
495 454
95 5
178 217
223 217
473 479
133 223
479 407
351 268
345 351
345 351
217 255
351 275
89 95
345 351
434 511
89 95
133 223
50 89
133 223
5 95
261 345
133 223
133 217
473 479
351 306
479 447
50 95
50 95
100 119
178 217
381 351
223 178
89 95
389 479
133 223
95 14
89 95
89 95
261 306
261 351
5 95
389 434
479 434
94 19
389 473
473 479
5 107
95 89
223 178
306 345
223 133
261 351
473 479
89 95
345 301
473 479
50 89
95 75
345 373
95 89
223 217
133 217
351 306
389 434
306 351
271 339
345 351
306 375
345 351
178 153
351 345
178 223
217 223
351 345
261 345
389 420
385 434
223 178
50 89
217 223
351 270
223 178
95 89
89 5
434 479
345 306
261 351
217 178
50 95
133 201
223 178
389 473
377 339
50 89
217 223
345 261
178 189
5 34
223 193
5 95
389 507
223 178
95 89
345 351
95 89
133 223
50 95
223 151
351 345
261 306
261 303
306 345
389 473
479 473
217 178
5 95
479 389
224 140
217 178
381 368
223 217
479 473
389 479
345 261
217 178
95 89
306 351
345 261
345 261
223 217
95 92
479 473
223 178
217 223
345 351
217 223
479 473
261 376
217 223
306 345
434 473
217 223
464 509
345 351
351 306
50 95
89 95
223 133
223 170
306 345
133 223
95 5
133 223
217 223
133 169
297 374
345 351
5 95
95 5
261 345
345 351
5 89
306 351
89 95
95 55
363 269
434 479
95 50
223 217
89 95
89 95
89 95
345 306
217 223
479 389
473 389
261 345
306 351
479 473
306 351
473 479
389 473
133 191
306 345
351 345
217 142
95 50
178 189
345 351
89 95
389 479
389 473
223 217
351 306
223 133
89 95
95 50
95 30
434 479
389 473
509 467
434 479
5 50
217 223
389 432
145 208
345 261
473 481
89 117
133 223
95 5
89 95
345 351
217 178
223 133
178 223
223 229
345 306
223 178
434 389
351 270
389 473
96 78
95 89
345 261
133 223
178 217
351 261
345 351
178 223
217 223
133 223
479 434
351 345
473 479
479 473
217 223
306 351
223 217
345 351
345 261
404 448
5 95
223 217
434 479
473 479
479 473
223 133
95 89
389 473
473 434
5 95
473 389
389 473
306 351
89 95
89 5
351 261
133 201
89 5
178 217
479 407
306 351
351 345
89 95
121 62
261 351
95 89
261 351
50 89
178 175
20 8
89 95
95 14
345 351
178 133
310 332
457 389
89 95
473 434
89 95
345 306
479 473
351 345
217 178
89 95
479 473
95 50
217 223
133 223
133 175
473 479
217 178
351 261
133 223
306 351
351 345
89 95
224 175
306 374
261 345
217 223
5 95
89 50
178 223
5 95
351 345
89 5
223 217
89 95
345 261
345 351
351 261
479 434
320 339
217 192
89 5
404 448
89 50
133 217
50 5
306 351
351 345
351 306
261 306
100 119
389 479
438 467
345 351
447 480
345 306
217 178
434 401
95 50
5 95
217 223
89 95
473 434
99 121
345 351
89 5
473 484
306 351
89 95
298 307
95 5
5 95
95 89
178 217
217 206
217 133
479 434
89 95
351 345
261 306
351 306
217 178
473 479
217 223
473 434
5 50
217 223
345 261
178 199
345 351
351 345
351 261
223 178
389 479
389 447
50 89
89 95
178 223
473 434
50 5
434 499
95 50
50 95
50 95
89 95
473 479
217 223
351 261
5 50
351 306
89 95
434 479
389 473
95 50
497 442
95 89
178 223
217 178
89 50
345 306
89 95
306 345
178 223
89 95
351 261
479 473
95 89
473 479
133 223
345 351
5 50
50 95
5 95
473 479
217 223
217 178
345 351
5 95
351 345
217 178
389 473
389 479
217 223
351 345
89 95
351 261
50 95
223 245
148 136
389 434
434 450
479 473
5 89
479 434
89 5
473 479
50 95
95 89
306 345
351 345
479 473
95 89
133 223
186 178
509 434
50 21
5 14
5 50
345 306
479 473
261 306
223 169
345 306
484 503
89 5
118 65
473 479
95 50
95 89
479 389
217 223
143 162
351 345
497 442
217 223
50 5
473 389
351 279
479 473
261 306
345 351
217 223
178 217
473 389
5 95
473 401
351 345
5 95
369 314
261 345
5 68
95 89
479 434
389 434
345 351
89 95
320 335
89 95
345 306
89 5
178 133
89 95
95 89
83 111
95 50
89 50
351 345
351 261
133 201
479 434
434 479
5 95
345 261
351 261
133 217
95 89
473 479
276 320
133 183
345 351
89 95
345 306
351 261
217 223
389 457
50 60
306 259
178 223
479 473
306 351
148 192
345 306
95 50
95 89
217 223
51 63
5 89
350 328
389 434
479 434
351 306
330 356
217 133
473 479
89 95
306 261
479 473
479 389
434 401
261 351
351 261
178 223
307 298
133 223
196 143
434 401
473 479
389 472
178 217
434 389
261 298
345 351
223 217
133 223
473 434
178 223
5 83
389 473
473 434
351 345
479 473
223 217
89 50
473 479
473 479
223 217
306 261
389 479
490 482
95 89
89 95
473 479
178 223
95 89
351 270
50 95
50 95
434 479
89 95
95 50
95 89
345 351
217 223
351 306
50 95
95 89
479 473
351 345
178 217
389 431
473 434
306 351
217 133
350 313
345 351
89 95
351 345
261 303
217 230
95 89
389 473
434 479
217 223
345 351
178 223
89 50
95 89
345 261
217 178
223 217
261 306
222 217
479 473
473 434
434 473
211 217
345 306
479 434
133 223
479 434
389 479
306 351
473 479
484 503
479 473
5 89
223 217
5 95
473 389
223 217
217 223
345 351
217 175
473 479
15 79
306 345
479 473
178 133
89 95
479 434
345 351
178 223
479 417
95 118
306 351
473 479
434 473
217 133
345 261
95 123
434 479
495 454
434 389
89 95
345 351
50 63
95 30
479 473
479 434
95 89
95 89
89 50
484 503
351 270
473 479
479 389
306 351
479 389
389 473
345 306
5 95
89 95
479 389
217 223
479 473
473 479
217 223
133 178
261 345
89 50
351 261
389 479
89 95
217 223
479 473
217 133
223 133
148 192
473 479
50 95
479 434
247 136
89 95
95 17
217 221
42 99
479 473
95 89
434 479
20 95
351 261
89 50
223 217
5 95
351 345
95 5
178 154
306 261
95 89
389 434
381 380
133 217
306 351
389 434
89 50
89 50
351 345
389 473
345 261
178 133
447 504
434 473
133 217
467 490
473 434
223 133
133 223
351 306
389 473
261 306
473 434
133 217
473 479
223 217
434 473
133 217
89 50
351 261
89 5
89 16
223 178
50 5
217 223
178 133
434 479
95 50
479 401
345 351
479 389
95 89
345 306
95 50
133 223
217 247
133 178
223 217
223 217
389 431
345 351
306 273
89 95
351 261
345 372
217 223
473 479
345 261
261 303
351 306
345 351
306 351
133 178
473 434
95 5
89 95
50 95
217 223
133 223
217 178
89 95
89 1
223 217
261 351
89 50
50 71
50 95
89 95
434 479
434 473
306 351
223 217
434 479
5 95
463 467
345 261
425 452
473 479
479 389
507 503
397 465
345 351
319 352
133 178
306 351
178 223
351 345
5 95
389 479
95 89
217 223
217 223
351 345
473 479
261 351
217 223
217 223
123 119
351 261
5 95
306 261
479 473
95 89
479 497
217 178
351 261
351 306
89 95
345 261
479 434
217 223
306 261
217 223
133 223
351 306
345 351
178 133
434 389
351 345
89 95
94 20
223 217
223 217
306 261
345 261
95 89
89 95
479 389
306 261
306 345
363 269
89 50
479 473
178 217
89 95
50 72
306 345
351 345
306 339
223 133
351 306
434 479
479 384
478 507
89 95
133 217
178 223
145 160
178 217
345 351
95 51
345 351
54 122
351 306
223 178
223 151
383 351
5 89
351 279
381 336
89 50
351 306
473 434
473 434
261 306
5 118
50 0
473 479
178 223
473 462
223 178
337 356
434 473
95 50
351 261
479 476
351 261
50 95
345 351
345 351
89 95
95 5
473 479
50 95
345 306
89 95
5 89
133 217
261 345
5 50
473 479
50 89
345 351
50 95
50 5
389 473
228 142
178 133
509 482
473 486
5 50
217 223
50 95
217 133
223 178
5 50
182 247
89 50
261 351
178 217
5 95
473 479
5 50
479 473
306 261
217 133
246 193
261 374
351 261
178 253
89 95
95 94
178 217
95 89
178 196
5 50
95 89
351 306
473 479
261 351
261 345
484 398
473 389
434 423
89 95
261 345
95 89
217 223
133 217
306 345
217 223
381 315
95 92
389 431
306 351
133 223
89 95
261 306
133 217
389 457
473 389
306 351
95 123
345 351
261 306
351 353
306 351
89 95
479 473
133 175
434 479
41 55
479 389
217 223
479 473
389 479
95 89
479 406
442 459
473 389
95 77
50 95
5 47
389 476
217 223
223 178
345 306
345 261
5 50
389 434
223 217
306 351
178 217
434 479
95 5
217 178
5 50
50 95
389 479
479 434
133 223
261 351
345 261
345 306
345 261
281 362
133 223
479 389
223 178
389 434
479 465
479 389
345 351
95 5
145 178
389 434
95 50
434 479
479 434
473 389
223 133
345 351
223 133
217 223
223 217
217 223
5 89
89 95
89 95
434 473
479 407
479 473
351 341
223 217
473 402
217 133
89 95
74 95
223 217
473 479
5 51
95 50
479 434
434 479
89 50
217 180
217 223
133 217
95 89
473 414
434 473
89 95
389 479
479 389
345 351
223 178
89 50
133 211
306 345
345 351
95 124
217 223
473 479
306 351
178 223
50 95
41 68
223 217
142 209
434 479
89 95
351 306
345 322
217 133
89 95
345 351
50 95
89 95
351 306
369 314
50 89
133 223
389 434
389 479
133 178
261 345
261 303
178 223
223 133
306 290
141 133
345 334
89 95
223 133
479 434
95 89
473 479
89 5
473 479
89 95
133 217
389 479
178 217
473 434
261 345
389 479
434 479
345 306
89 95
217 133
261 345
133 223
79 54
345 351
178 223
345 261
50 95
479 473
261 329
345 351
133 217
389 473
473 479
473 485
95 89
389 434
223 217
345 351
306 345
5 50
473 479
261 351
50 5
223 217
306 351
178 223
473 434
89 50
217 223
248 170
89 50
479 389
89 95
89 95
351 345
178 223
113 89
217 223
345 355
479 473
95 89
261 329
133 223
351 345
5 95
261 345
217 223
50 5
89 95
351 339
133 178
133 232
306 276
351 279
223 217
479 434
306 378
178 217
95 89
15 34
479 434
389 396
479 473
95 89
5 89
217 223
178 217
191 224
473 389
261 351
133 223
261 351
356 369
434 479
178 223
306 290
217 223
223 244
389 479
14 81
133 178
389 479
473 479
351 306
95 89
261 329
491 397
473 479
473 389
345 306
351 345
345 351
473 479
50 89
5 95
5 89
352 319
95 89
356 310
217 223
479 434
434 479
133 223
89 50
5 50
133 201
223 133
50 95
389 434
5 95
217 223
434 432
223 212
261 306
479 434
5 95
17 80
89 79
351 374
68 15
479 466
133 217
473 479
261 351
261 351
306 351
95 89
479 434
337 356
306 299
351 345
351 345
5 89
95 50
41 5
217 223
133 128
178 187
133 175
89 50
89 50
495 454
345 351
351 306
351 306
89 50
89 14
434 402
271 335
320 288
249 160
351 298
89 79
351 279
389 473
473 479
473 434
306 342
281 362
389 473
479 389
178 217
223 217
95 66
434 485
473 410
178 223
473 479
5 50
89 50
473 434
351 345
345 351
5 109
50 95
351 261
178 223
50 5
89 50
217 178
473 479
473 479
178 223
89 95
89 5
389 479
133 217
261 373
223 178
377 306
434 479
473 479
479 434
434 479
345 261
133 223
133 178
223 217
65 54
434 389
261 351
473 468
223 158
89 50
89 95
5 100
345 351
261 345
5 18
95 89
473 479
89 95
473 389
434 412
5 89
89 95
306 351
351 345
89 95
133 223
479 434
178 191
497 442
5 73
5 50
389 407
261 351
473 479
479 473
479 434
389 434
95 92
351 261
217 223
271 339
345 351
495 426
217 178
345 351
306 261
178 223
261 351
473 479
261 351
473 479
261 351
434 479
223 217
95 5
217 133
133 217
306 351
217 223
345 306
5 50
473 389
217 223
434 473
89 95
479 434
345 351
479 434
261 351
473 477
89 95
351 345
434 479
389 448
89 50
483 455
223 178
345 261
217 223
5 116
133 223
389 473
178 133
479 473
434 473
473 479
351 345
5 89
50 95
345 261
345 351
50 95
217 223
5 50
319 376
223 178
217 178
497 442
479 473
306 351
389 479
351 270
217 223
50 5
95 5
95 50
217 253
89 95
345 351
306 345
95 50
196 169
223 148
473 434
351 345
345 306
89 50
178 223
389 479
261 345
351 345
351 279
351 306
350 306
345 261
133 217
217 223
351 345
473 479
249 248
351 369
89 50
261 345
345 306
434 479
345 351
133 223
473 389
261 345
389 396
389 479
217 223
306 351
95 14
261 345
63 79
261 351
389 452
345 261
351 345
217 223
473 467
434 457
352 261
217 223
345 351
217 133
89 95
351 345
223 217
50 95
389 473
389 479
178 223
95 5
261 282
178 223
389 468
217 133
261 351
389 479
5 95
95 89
351 345
351 350
50 95
133 178
261 345
473 479
5 95
217 223
50 5
217 223
50 5
133 178
133 223
142 228
178 217
351 345
306 261
133 223
389 434
217 133
50 95
217 223
133 223
95 5
95 89
389 479
89 122
17 5
133 217
473 389
351 260
389 434
89 96
306 261
145 223
261 351
306 351
95 89
345 351
434 479
306 351
434 479
89 95
50 89
95 89
133 217
89 95
351 261
89 38
5 95
345 351
217 178
95 89
261 306
89 5
306 351
345 261
133 223
217 178
261 351
50 95
95 5
133 223
479 473
50 117
261 306
50 95
5 95
5 95
345 261
306 377
345 306
5 95
96 99
473 397
217 176
217 223
479 398
434 454
434 479
217 223
345 351
345 351
306 345
479 407
479 389
89 95
434 473
5 95
133 217
389 473
261 351
133 178
89 95
473 389
223 178
320 335
95 18
345 351
95 23
389 473
5 10
89 95
345 351
95 5
223 178
89 95
95 14
223 178
96 94
50 5
50 95
50 5
473 387
473 434
473 479
345 351
399 418
306 351
94 9
89 95
223 217
89 95
217 223
345 306
50 89
434 389
306 351
89 5
473 479
389 479
345 351
389 479
473 479
479 473
306 353
306 261
217 133
389 473
89 95
50 89
434 479
351 261
95 50
389 479
50 68
217 223
5 119
306 351
345 351
178 223
473 434
473 389
5 50
389 479
261 351
50 89
261 351
223 217
351 334
306 345
178 223
389 434
133 217
89 2
473 479
345 351
345 261
89 5
133 223
473 479
223 133
479 434
389 479
217 178
298 307
5 95
434 479
95 89
95 89
479 434
479 407
133 217
473 434
320 292
89 95
345 351
89 95
389 473
306 261
50 59
51 20
89 95
473 479
306 351
345 351
95 89
223 217
133 201
351 261
473 434
345 351
389 434
345 351
261 351
89 5
133 223
473 479
261 351
133 223
217 223
479 483
95 5
178 223
89 50
345 306
351 345
306 345
133 223
95 23
306 345
178 217
389 473
473 479
479 473
306 351
473 479
95 89
389 434
211 207
178 223
434 479
473 434
217 223
223 133
89 95
89 50
351 345
306 345
495 426
351 261
434 479
50 95
217 223
178 223
306 351
389 473
217 223
479 389
223 142
217 223
133 223
223 178
351 306
217 178
306 257
95 50
179 225
223 133
50 107
479 389
122 89
133 178
133 217
351 345
434 479
217 223
389 479
217 223
223 217
307 356
95 5
89 95
389 434
50 89
261 306
473 434
345 333
351 306
434 479
434 479
261 345
434 473
89 5
5 14
435 508
95 89
5 89
50 95
217 223
95 5
479 402
473 479
217 223
178 217
351 261
226 178
5 89
5 50
95 5
217 179
217 223
133 153
201 133
261 306
306 351
479 434
261 345
434 389
261 331
389 479
178 217
89 95
178 223
473 389
217 133
479 440
434 473
345 261
345 351
479 389
306 291
345 351
223 217
89 95
217 178
345 297
217 223
473 389
217 223
89 95
389 473
223 217
89 5
178 175
5 89
5 95
95 50
404 448
473 389
473 461
473 479
261 351
434 389
351 270
479 467
434 473
473 479
50 95
352 363
5 89
306 351
261 345
345 351
95 89
217 178
345 306
133 217
5 89
351 279
217 223
345 351
479 389
473 479
50 95
473 479
217 223
178 223
217 178
133 178
345 351
217 223
473 434
351 261
473 435
389 479
473 479
330 356
223 217
389 479
5 47
178 223
339 362
223 217
479 434
306 345
89 95
473 389
51 42
261 306
473 434
249 133
479 473
306 261
479 473
434 473
217 178
473 479
351 345
306 351
5 95
5 77
351 306
306 351
389 434
50 95
133 223
50 30
125 86
178 250
178 206
178 217
223 217
68 14
94 39
223 217
351 337
89 95
345 351
5 95
345 351
50 89
133 223
479 434
345 351
276 264
435 447
223 133
434 479
351 345
479 387
345 351
217 178
261 351
223 158
178 217
89 95
479 473
473 479
479 473
345 351
479 473
389 451
50 95
178 223
473 479
217 223
306 351
217 178
398 484
306 273
95 89
351 345
374 298
217 223
133 217
389 479
89 50
178 223
217 178
133 182
479 473
389 473
133 178
50 89
473 389
479 389
223 217
351 306
306 345
345 351
95 50
89 50
261 351
217 178
178 223
306 339
473 434
223 217
473 479
345 351
178 217
223 178
351 345
133 223
345 351
133 201
473 479
50 95
345 375
306 261
133 217
217 212
217 223
217 133
142 209
434 427
223 217
178 211
261 345
5 95
5 95
345 351
133 148
95 5
351 306
434 479
223 217
389 434
479 407
133 217
50 20
345 351
5 95
223 178
133 223
345 351
479 473
133 178
473 479
261 351
479 473
473 479
95 89
89 95
217 134
434 389
95 89
89 95
261 351
473 479
50 76
223 237
223 217
306 351
95 3
178 223
223 158
473 479
50 5
89 95
95 89
95 50
17 63
217 223
50 89
223 217
217 223
434 389
89 5
389 473
479 434
95 39
261 306
345 351
217 223
345 261
479 434
95 23
223 178
95 14
310 311
178 223
223 217
479 473
5 89
345 261
306 261
345 351
306 373
133 223
223 142
345 351
434 479
217 223
261 329
89 95
389 479
351 261
5 47
5 95
306 351
351 306
351 279
217 223
261 345
479 407
345 351
95 89
50 95
96 126
345 351
479 473
253 151
505 392
217 223
473 434
5 95
89 95
178 217
479 434
217 223
345 351
351 279
351 306
89 95
434 426
473 434
381 301
310 377
121 13
448 508
89 95
5 95
434 473
345 306
133 223
50 5
223 178
95 89
217 223
473 434
217 223
345 351
89 47
133 178
479 404
217 223
434 479
50 95
389 434
479 473
261 306
50 95
479 473
95 50
479 434
217 133
345 306
89 95
89 42
389 457
89 95
389 496
473 479
479 389
261 306
473 389
133 175
389 434
223 217
223 208
434 499
178 223
473 479
50 109
463 447
178 223
50 95
5 95
434 479
351 345
223 133
95 89
479 389
89 95
179 207
473 479
389 457
351 345
473 434
182 206
473 434
473 479
89 95
473 389
389 479
217 223
95 89
223 220
261 351
95 89
281 362
217 223
95 89
351 345
89 95
95 50
473 422
434 389
261 351
473 434
223 217
5 95
133 217
345 306
178 133
178 223
345 351
217 223
95 50
95 50
178 223
261 329
345 351
306 351
217 223
217 133
473 434
89 50
261 345
178 133
473 434
217 223
89 95
324 297
389 479
473 479
223 178
473 479
217 223
5 50
434 479
479 389
223 133
223 217
261 345
133 201
5 47
50 95
142 209
89 95
389 473
121 105
261 351
478 488
473 389
68 41
306 345
222 148
473 479
345 351
223 217
178 179
5 89
223 217
306 361
89 95
223 178
389 434
449 445
434 473
193 211
89 50
133 223
351 306
434 479
306 261
345 276
5 89
217 223
434 473
5 89
434 401
261 345
217 178
89 50
89 95
261 351
178 223
375 356
89 95
89 50
479 473
351 306
306 345
351 261
50 95
5 14
95 5
389 404
89 95
223 247
434 479
95 89
223 217
95 23
345 351
306 351
306 351
473 479
307 272
473 479
351 261
133 223
253 174
223 217
306 351
306 351
351 345
178 217
178 133
217 223
351 345
345 351
479 473
261 351
217 223
95 5
434 479
345 351
217 178
5 89
133 223
217 223
217 223
223 198
223 184
369 314
95 50
95 89
345 351
345 351
223 217
217 223
345 261
434 477
345 306
121 17
95 50
351 306
217 223
351 345
434 479
95 50
434 473
133 217
473 479
15 83
234 207
95 50
351 306
389 434
63 50
434 473
345 351
133 223
351 261
50 95
479 434
345 261
465 426
95 89
351 345
479 389
95 5
89 50
473 479
89 50
223 178
479 473
223 217
89 95
89 95
261 338
345 351
261 306
178 223
452 399
389 479
351 261
5 95
345 351
41 51
5 89
89 95
345 351
217 133
306 345
223 217
95 66
479 473
133 223
479 473
473 389
261 351
217 133
50 95
389 473
261 351
351 345
95 14
271 335
345 261
133 217
483 396
223 217
223 217
95 94
479 450
223 217
217 133
479 473
473 434
473 434
473 389
223 217
434 389
178 201
217 223
89 95
133 178
133 248
351 350
178 223
178 223
261 259
178 199
5 50
95 50
473 398
142 133
5 95
479 434
89 95
351 270
178 145
95 89
261 345
261 306
345 351
306 345
345 279
217 178
345 351
473 479
434 479
389 479
261 351
217 223
351 261
473 479
389 459
217 223
223 178
479 434
479 473
261 306
217 223
217 223
261 345
217 223
486 479
306 310
95 89
345 351
479 473
223 250
479 389
223 138
95 78
50 95
497 489
389 479
306 351
17 88
473 434
473 479
434 479
351 345
351 306
223 142
261 345
89 95
223 178
217 223
95 50
89 50
261 345
5 50
178 223
479 509
448 465
89 95
261 303
217 223
345 351
223 178
355 273
306 351
345 351
133 217
434 395
178 201
50 5
389 435
223 217
95 89
192 187
345 261
473 434
5 89
223 217
5 95
434 479
479 473
261 351
5 95
178 223
217 223
351 345
345 351
479 398
351 345
479 473
306 351
50 5
473 479
306 261
261 351
89 95
473 434
5 73
95 89
217 223
5 50
473 389
89 95
345 351
89 32
351 345
306 313
89 50
261 306
306 351
434 398
306 328
389 479
351 345
389 434
217 182
473 465
473 479
217 223
261 351
223 142
95 89
351 261
261 351
479 434
345 351
193 227
50 95
217 133
217 223
473 479
389 473
306 261
479 473
473 479
178 133
389 479
217 223
345 348
306 351
95 89
50 95
95 92
473 424
64 1
505 472
434 479
479 389
351 345
217 223
473 463
5 89
89 95
473 479
345 261
351 345
223 217
345 261
223 133
473 389
389 479
434 473
434 447
473 479
50 95
50 95
345 306
473 479
89 95
434 401
217 223
345 351
217 178
434 473
261 345
434 506
473 479
434 479
389 473
261 345
95 122
5 50
249 194
133 223
95 5
307 361
473 434
345 351
121 23
270 356
178 223
217 223
345 351
351 261
351 303
345 261
95 109
178 223
178 212
178 217
473 479
217 178
89 95
51 110
345 306
345 306
217 223
133 217
345 351
133 175
479 473
217 223
473 479
217 220
89 95
89 95
89 95
64 56
479 434
345 351
389 431
261 351
473 434
345 351
479 473
473 479
434 473
89 95
89 5
261 306
425 417
178 133
479 389
89 50
324 271
5 15
345 351
473 479
351 270
178 217
5 113
95 59
261 345
276 264
330 356
223 217
64 8
54 83
178 233
223 178
473 479
50 95
505 460
217 175
345 351
89 95
351 306
351 345
351 306
479 434
434 463
473 389
261 345
223 133
351 306
434 461
473 434
261 351
223 217
223 217
261 306
223 178
345 351
377 318
351 261
306 261
224 175
479 389
351 345
5 50
253 222
261 351
217 223
306 286
50 95
95 23
133 223
351 345
217 223
95 50
479 473
473 434
271 339
217 223
95 50
50 89
261 306
47 20
306 351
345 351
224 210
473 479
241 186
473 479
133 223
473 434
389 431
95 89
351 345
223 217
178 207
89 50
223 148
389 434
261 345
95 23
217 223
345 351
369 330
306 351
5 50
306 351
345 261
345 261
217 223
306 351
95 5
306 351
306 351
95 89
223 151
89 50
479 434
89 95
95 50
89 50
133 178
345 261
89 95
89 95
5 89
261 345
479 473
217 223
217 133
5 89
89 50
50 89
223 217
345 351
74 100
389 434
345 351
389 473
473 467
389 434
95 50
306 351
89 5
473 479
51 63
5 50
473 479
133 223
89 123
217 223
473 479
5 95
306 261
223 142
89 5
50 43
217 223
434 398
5 89
345 306
345 306
95 89
5 89
178 133
261 351
434 479
261 351
479 434
479 473
223 178
89 95
217 223
223 133
95 89
217 178
89 95
473 485
50 95
217 223
223 217
261 345
479 389
473 479
479 473
351 261
351 345
217 173
345 261
306 345
223 217
351 345
473 434
217 198
261 329
5 28
389 420
345 306
50 95
217 223
209 141
178 223
217 223
473 479
95 50
345 351
133 217
51 79
133 178
95 5
133 217
217 223
351 285
452 425
89 95
306 261
50 95
50 95
449 511
133 223
217 223
351 345
217 223
89 95
50 95
434 479
50 89
479 389
50 95
479 431
89 95
89 95
89 50
473 402
345 306
355 335
50 95
434 389
434 479
50 95
89 50
479 389
227 149
178 254
89 95
178 223
51 63
473 389
473 479
89 50
5 89
89 80
223 217
351 345
133 223
133 206
345 256
133 223
5 95
434 473
64 14
133 217
473 462
178 223
50 61
133 217
50 95
223 178
389 473
345 351
306 261
434 479
345 261
351 261
345 351
89 95
261 345
5 89
345 306
473 479
89 50
89 50
345 306
310 306
95 13
223 217
351 306
389 479
50 5
261 345
5 50
178 170
351 345
178 217
217 223
89 95
89 5
479 398
345 351
89 5
217 223
5 89
261 306
222 244
217 223
329 261
89 95
479 473
50 95
434 389
89 95
217 178
217 178
479 389
452 399
133 201
217 223
89 95
223 133
89 95
95 89
217 223
133 178
178 150
217 178
306 312
345 351
345 261
223 178
479 473
178 223
95 5
217 223
350 326
50 89
457 389
178 223
178 223
434 479
447 480
20 8
95 89
89 50
261 306
95 89
95 50
306 261
89 5
473 479
5 50
133 178
178 217
345 351
223 133
223 205
434 473
434 473
89 95
345 351
223 149
89 5
223 217
89 95
389 473
223 217
223 251
223 244
50 5
95 127
389 479
345 306
352 288
133 223
434 473
261 351
345 365
479 434
509 401
335 261
133 217
223 178
89 95
50 95
217 223
5 89
351 345
5 89
473 491
50 95
89 95
89 95
351 345
178 133
95 89
5 89
473 479
261 351
306 351
5 95
479 473
479 434
447 480
89 95
223 178
5 95
479 434
479 389
479 473
389 479
261 327
178 223
375 276
217 223
178 133
223 178
351 261
261 351
223 178
345 306
473 479
217 223
351 306
178 223
389 479
89 50
345 351
351 261
306 351
223 235
217 133
217 223
345 306
389 479
389 479
73 5
89 50
95 89
217 178
261 351
217 223
351 345
217 178
217 223
95 82
306 351
217 223
306 310
217 223
223 153
89 50
217 223
217 142
89 50
306 358
89 95
178 223
95 89
89 95
89 50
389 431
178 213
133 208
261 306
434 479
345 306
434 509
217 178
95 50
345 351
50 95
133 223
95 5
50 95
434 389
306 261
50 95
95 5
217 178
479 434
389 479
473 434
133 201
95 50
479 389
345 351
89 95
345 351
479 389
389 479
473 434
178 184
223 142
217 223
217 223
145 141
389 473
479 473
89 95
345 351
345 351
5 95
389 473
261 306
351 306
95 89
434 508
89 95
345 351
306 351
223 217
351 261
345 261
5 95
261 351
314 279
261 303
133 223
95 89
434 479
320 339
133 175
306 351
50 95
223 217
89 95
351 306
95 92
306 273
50 95
479 473
479 473
345 351
345 351
178 223
473 412
5 95
473 479
389 479
473 434
306 351
217 223
345 351
351 345
95 5
89 95
20 64
89 50
345 306
178 223
306 261
306 261
401 455
95 5
89 50
95 5
261 351
133 217
306 261
223 178
351 379
261 351
345 351
95 89
350 366
5 95
5 95
95 89
389 479
434 479
217 243
89 5
473 389
261 351
389 502
389 473
261 303
133 178
217 223
434 479
261 345
261 306
473 425
351 261
261 306
5 95
89 50
345 351
479 389
389 479
50 95
223 217
133 178
389 479
261 306
473 479
178 133
479 473
95 5
239 170
389 418
389 419
217 133
345 351
351 345
345 261
5 50
5 95
452 425
345 351
217 178
351 345
473 434
178 223
271 335
89 5
276 320
217 223
345 351
345 351
351 345
223 217
5 50
297 324
113 58
306 261
345 306
217 178
479 473
473 434
261 351
95 89
217 223
479 473
306 261
217 223
95 89
320 292
217 223
473 479
133 223
50 89
95 71
306 351
89 95
89 42
351 306
351 306
217 223
95 89
217 133
479 473
95 50
50 5
389 479
89 5
178 133
217 223
5 95
261 306
401 479
50 53
389 473
473 479
473 479
261 351
192 150
306 303
95 89
223 133
389 479
5 95
306 261
473 479
133 223
50 95
306 351
351 306
345 306
434 505
261 339
389 479
355 375
178 223
217 133
473 477
133 217
89 95
345 351
473 434
306 351
5 95
306 345
389 434
89 95
50 95
401 432
178 133
345 351
89 95
50 95
170 207
345 351
434 501
133 178
389 401
479 473
479 473
479 434
227 225
473 479
345 351
50 80
434 389
95 93
223 217
217 223
133 217
261 306
434 473
223 217
345 306
345 351
306 351
178 223
261 351
170 179
133 178
434 479
351 345
473 479
345 351
95 89
20 64
178 223
89 95
178 217
351 306
133 217
505 404
217 182
217 223
223 217
473 479
306 349
217 223
351 345
345 351
505 463
89 95
217 223
133 217
473 479
448 464
223 217
217 178
145 208
5 89
473 424
351 345
89 95
351 276
89 95
95 50
95 89
89 95
345 351
178 223
389 479
178 217
473 479
473 434
50 51
473 389
89 50
133 223
95 50
351 261
95 50
89 95
95 89
345 351
479 389
5 95
479 407
223 217
178 223
89 5
223 217
442 459
345 306
217 223
191 248
178 235
354 307
145 186
473 479
473 479
133 223
473 434
133 178
320 273
95 89
5 95
261 306
389 479
351 319
50 95
95 50
133 217
345 306
178 167
261 351
473 479
133 178
217 223
452 398
223 133
345 379
351 261
434 473
95 14
483 389
473 479
306 345
217 133
89 5
223 217
473 479
133 205
306 292
473 434
306 351
345 351
50 89
389 434
95 50
5 15
473 479
307 342
473 479
178 223
217 148
178 223
479 473
217 223
89 95
50 89
50 95
89 50
5 95
5 89
95 89
223 217
50 89
479 473
306 351
217 223
434 473
89 71
473 479
473 479
261 351
89 50
345 351
345 351
351 261
89 50
143 207
345 351
351 345
89 95
133 175
473 389
345 307
401 416
224 131
89 5
95 79
345 351
89 95
479 389
95 5
89 95
479 389
133 187
89 50
389 479
389 457
479 434
223 217
345 351
345 351
479 473
95 89
473 479
50 5
389 473
178 223
178 214
473 455
261 331
89 95
351 345
306 345
351 261
473 479
95 89
5 50
345 306
345 306
434 479
217 223
223 217
89 95
178 133
41 43
351 345
50 95
306 378
473 434
89 95
89 5
473 479
217 223
192 211
306 303
89 50
50 95
50 95
178 223
121 6
95 50
351 306
261 329
389 473
480 394
351 345
95 89
434 479
389 457
217 178
434 479
261 351
50 5
261 306
261 306
5 95
261 313
133 223
389 463
351 279
95 89
178 133
479 473
434 437
473 479
133 178
178 223
5 95
261 351
89 5
89 95
50 42
178 158
178 133
479 473
95 14
89 95
345 327
50 95
95 50
95 125
95 79
389 479
473 389
223 178
89 50
479 473
345 306
306 351
261 263
50 95
133 223
50 44
217 223
133 223
95 55
54 105
345 351
306 352
5 89
89 50
100 119
217 178
95 5
217 133
306 261
178 223
89 95
133 223
310 345
345 261
50 95
223 178
319 288
473 389
133 223
389 479
345 351
133 201
223 178
473 434
261 306
223 211
217 178
473 479
217 133
95 23
5 89
351 306
217 251
217 178
306 326
223 133
50 89
351 261
389 434
321 338
95 14
133 223
178 223
438 385
223 217
261 351
95 89
223 178
298 307
50 95
351 261
473 491
345 351
479 468
261 351
483 463
479 434
5 50
50 89
133 223
223 133
304 261
50 43
479 389
473 479
223 217
479 410
473 434
133 223
223 178
95 89
95 5
217 223
217 223
50 17
223 133
479 481
5 112
5 50
5 95
345 306
253 185
479 389
473 479
133 178
217 223
389 497
217 133
351 270
223 133
89 95
5 89
351 345
89 95
25 100
95 14
261 345
95 89
5 50
389 434
223 217
178 211
389 479
434 479
479 434
217 178
217 178
50 95
473 479
223 133
89 95
89 95
95 71
178 223
178 195
425 452
345 351
178 223
381 341
89 95
50 95
306 351
226 178
479 389
178 223
50 57
223 217
473 479
261 331
306 345
178 133
42 94
133 217
261 351
434 473
479 473
89 95
261 351
389 479
5 95
133 223
5 95
434 389
389 434
223 178
89 95
381 276
89 95
479 473
223 133
389 441
5 89
261 351
50 20
473 479
351 270
479 473
351 322
434 389
133 223
473 389
434 479
345 306
89 50
226 229
95 50
223 217
95 50
50 70
133 217
473 479
345 351
389 434
51 61
50 95
89 95
351 345
89 95
351 279
217 223
89 5
345 351
261 351
95 89
345 306
217 223
479 389
89 5
50 89
473 434
217 178
95 89
473 479
133 168
298 307
306 324
95 50
261 345
351 345
399 463
345 351
95 89
89 95
178 223
50 5
473 434
473 434
89 5
89 50
50 125
223 133
261 345
345 351
133 191
223 178
473 479
473 434
473 500
473 479
479 473
479 473
89 50
89 95
399 467
269 363
50 5
133 217
261 333
261 320
351 261
5 35
389 473
50 63
5 89
95 23
479 473
95 89
178 223
434 479
5 95
178 223
345 327
217 178
434 479
306 351
389 434
133 217
389 434
479 473
345 350
434 479
434 479
63 120
345 261
50 5
479 473
306 261
50 95
351 345
389 479
448 467
345 351
306 351
479 407
345 351
479 473
178 211
306 374
351 345
261 345
479 473
473 479
5 95
473 389
5 95
261 351
223 178
133 223
178 223
133 223
217 223
479 434
217 223
5 50
473 479
434 479
133 223
133 178
389 434
178 217
306 285
473 479
223 133
95 89
473 479
351 306
217 133
178 223
223 151
89 95
261 351
473 479
133 223
434 389
5 95
133 223
50 95
345 351
178 133
479 473
95 89
479 473
479 434
473 479
351 345
89 95
401 422
95 50
50 95
133 223
351 345
89 95
479 468
345 261
95 50
319 335
306 345
345 351
306 345
261 329
473 479
89 95
89 95
345 351
389 447
261 351
133 178
389 473
261 351
50 95
217 223
473 494
434 479
5 89
479 434
351 261
223 178
434 479
261 345
178 227
389 509
351 306
261 345
133 178
133 178
345 351
351 306
389 479
479 473
178 223
409 490
434 479
306 351
473 479
479 389
89 95
95 89
145 253
473 479
473 479
5 50
389 461
191 248
89 95
473 479
50 95
320 269
389 479
95 23
223 217
434 473
351 345
133 201
345 351
270 337
306 351
298 307
50 95
89 95
479 491
473 479
5 95
473 479
217 223
356 375
50 95
434 473
351 345
223 178
351 333
217 178
389 479
89 5
261 345
345 351
223 178
95 89
351 339
217 223
261 351
261 315
434 479
306 345
306 358
479 434
479 473
389 479
261 351
187 191
178 223
479 434
133 223
223 151
345 351
261 306
261 351
479 473
345 351
351 345
217 223
50 95
261 351
479 398
89 29
95 89
5 89
345 351
178 223
178 223
448 478
89 95
107 13
345 306
5 28
351 261
89 95
261 345
345 306
253 183
50 5
5 95
133 207
178 223
133 201
479 389
89 95
89 48
345 258
389 479
223 151
473 467
217 223
434 389
271 335
94 126
178 217
89 59
217 223
351 345
217 203
5 95
89 50
95 5
223 217
434 479
434 479
329 261
178 223
479 389
345 261
345 306
95 50
319 298
351 381
434 479
217 223
345 351
473 479
261 306
95 5
479 410
50 5
178 223
389 434
89 95
389 407
223 217
223 133
389 479
95 5
178 133
5 47
374 269
175 148
133 178
306 351
178 199
217 223
217 178
389 473
351 279
178 223
217 178
306 351
95 57
178 223
95 5
178 217
5 95
473 479
133 178
345 261
178 237
89 50
306 357
100 119
261 306
217 223
133 217
95 14
89 95
217 178
50 95
351 345
320 265
473 455
306 345
434 426
434 479
473 479
345 261
217 178
473 434
217 223
95 89
345 261
95 89
223 214
479 398
473 450
479 473
479 473
473 479
473 389
89 95
345 351
356 270
133 178
217 223
351 261
479 389
89 95
50 5
5 74
133 201
89 50
133 178
484 503
261 351
261 351
217 178
217 223
223 217
89 95
217 178
351 345
473 389
217 178
473 479
434 479
345 372
145 137
133 178
217 223
389 473
178 223
234 226
89 95
95 5
483 397
217 223
223 217
434 479
479 473
351 306
401 509
479 389
434 395
473 479
345 261
178 223
95 89
50 95
261 306
217 223
133 247
479 434
223 217
434 473
351 345
50 95
345 306
178 217
223 178
434 473
50 95
89 95
434 479
178 223
178 223
479 434
95 89
89 95
306 345
5 73
306 351
50 95
434 499
345 351
169 163
217 223
345 306
217 223
133 223
261 329
133 217
389 479
63 79
351 345
89 95
95 89
479 473
345 306
223 250
89 95
261 351
5 95
133 201
473 389
5 89
351 345
479 389
356 375
89 95
89 18
196 142
113 58
5 95
217 178
182 178
261 340
50 95
217 223
479 403
89 95
217 223
50 65
178 133
315 330
217 223
217 223
434 483
89 95
345 306
473 479
5 73
434 389
95 89
217 178
95 89
50 95
479 434
5 89
50 5
95 5
89 5
473 479
223 133
479 434
89 95
389 479
261 351
223 158
133 223
473 479
306 345
261 345
473 479
345 306
434 501
261 306
95 89
479 434
345 376
261 351
217 178
223 133
50 95
178 223
50 95
261 351
95 89
95 50
473 479
261 345
217 178
345 261
95 23
217 223
178 223
478 467
133 178
223 178
178 223
473 479
473 479
479 389
89 95
89 95
95 89
261 351
178 223
223 133
217 133
223 217
345 261
50 95
345 351
463 454
217 223
306 351
306 304
133 223
473 479
261 351
217 223
178 223
479 473
133 225
351 306
479 507
89 8
306 261
95 5
20 64
306 351
217 178
89 95
345 306
351 306
261 351
223 178
473 479
425 452
345 351
473 479
5 3
479 473
89 95
479 434
306 261
178 223
89 16
89 95
5 83
473 479
434 479
5 113
389 479
223 178
51 26
133 230
95 89
89 95
306 367
89 95
186 170
389 434
434 473
389 473
389 473
479 473
261 301
351 345
345 351
133 239
351 345
217 178
5 89
479 407
491 397
434 389
223 133
217 223
261 306
113 3
89 95
473 389
178 223
473 479
89 95
217 223
89 95
148 192
345 351
95 50
351 345
306 351
217 178
95 33
5 89
129 217
473 479
95 89
89 95
434 473
306 261
345 261
389 479
5 95
217 223
354 307
178 223
95 50
133 223
50 89
143 207
5 95
345 351
50 95
482 401
89 50
95 89
351 261
345 351
95 50
5 89
479 473
336 306
261 351
351 261
223 217
351 298
345 351
351 261
223 217
5 50
249 227
345 351
345 261
5 50
345 351
479 473
338 351
217 223
89 95
479 407
178 133
223 178
5 41
351 345
89 50
448 462
345 261
178 217
473 479
261 351
356 270
5 95
483 392
89 5
133 217
389 479
95 89
345 356
217 223
479 473
351 345
345 306
425 407
389 479
217 223
223 217
434 473
345 351
253 226
133 178
473 434
261 351
351 279
479 434
351 372
133 146
479 473
223 142
479 473
345 351
306 356
261 345
320 299
261 306
473 479
95 23
473 479
351 270
133 223
261 345
5 126
64 13
479 473
5 50
479 389
50 95
345 351
178 223
223 217
133 223
473 479
253 174
306 345
479 389
434 479
261 345
89 93
473 479
473 461
479 434
217 223
407 479
50 95
217 223
217 142
351 345
89 77
479 434
389 502
377 321
5 95
178 226
223 178
375 379
89 106
95 50
351 306
473 434
100 14
217 219
133 223
434 457
345 351
217 178
351 345
434 479
479 434
479 455
479 434
95 5
479 502
178 223
505 459
389 479
473 434
253 178
178 223
89 95
192 159
434 479
434 496
345 366
306 351
473 479
223 133
345 288
473 479
50 95
479 389
217 178
207 144
479 389
178 221
217 223
345 351
479 389
306 351
89 95
217 223
5 89
5 73
89 95
223 217
352 306
389 479
473 479
217 248
89 95
178 223
261 297
50 95
217 223
261 351
473 434
473 479
505 448
223 217
217 245
306 345
434 458
178 217
145 247
178 223
217 223
217 223
389 473
261 306
473 479
499 434
95 50
479 473
95 38
261 345
389 479
89 95
89 95
298 307
351 345
5 50
306 345
345 351
133 178
217 178
217 223
479 389
345 351
217 223
217 133
5 95
223 217
89 95
217 223
50 5
261 306
95 89
351 345
217 223
261 306
345 306
95 50
389 457
89 95
95 14
50 95
479 473
20 8
95 50
223 178
89 95
345 306
479 434
95 5
89 95
345 351
345 306
345 351
261 260
95 5
95 50
306 261
306 261
223 178
261 303
178 223
261 351
351 345
95 89
133 217
217 133
50 113
217 178
434 389
5 89
345 261
95 50
223 133
133 217
223 133
389 434
50 95
389 434
473 479
50 5
311 261
89 5
473 479
434 479
217 223
345 306
178 223
223 133
345 351
345 351
351 261
133 217
223 217
261 351
479 473
345 261
351 345
351 306
351 306
473 479
5 95
473 389
95 89
5 50
345 351
351 345
89 50
50 60
223 178
434 479
479 434
261 306
479 389
217 133
178 220
217 223
89 95
473 479
217 223
178 217
345 261
95 89
50 5
479 501
178 223
389 479
473 479
5 50
473 434
473 479
473 479
133 223
5 89
5 89
351 261
68 41
345 288
261 306
261 351
217 223
473 479
217 178
351 261
89 95
345 351
223 133
473 434
89 95
89 5
89 95
351 345
133 178
89 95
223 211
261 363
217 223
261 351
89 95
89 50
89 95
351 277
89 95
133 217
261 351
479 473
389 493
473 434
478 438
5 50
133 223
345 351
261 306
345 351
223 142
89 5
5 95
345 351
50 95
51 56
50 5
89 50
89 95
95 50
261 306
345 351
223 217
89 95
479 507
89 95
223 132
95 89
479 473
89 84
133 178
389 479
306 261
50 95
217 223
434 394
133 201
479 473
351 345
351 306
473 479
345 351
434 473
95 89
473 479
345 351
95 50
473 389
306 351
15 23
217 133
5 95
351 261
345 351
351 261
217 131
473 434
345 261
133 223
89 50
178 217
479 473
345 261
345 306
473 479
307 258
448 504
217 223
217 178
479 389
89 5
89 95
89 95
389 457
351 270
345 306
223 217
217 223
143 207
345 351
50 89
351 350
473 479
261 345
331 345
89 50
345 351
50 84
5 58
178 223
351 261
479 473
50 95
261 345
473 434
133 201
502 397
95 23
434 479
133 217
389 479
345 351
89 95
54 92
479 473
95 50
434 389
434 479
473 479
217 223
89 5
479 389
5 89
89 95
133 178
473 462
261 345
50 95
5 78
5 95
351 345
133 223
479 473
389 473
95 50
345 351
5 95
261 351
89 50
95 14
345 261
351 345
217 223
473 479
217 193
100 14
261 351
217 223
351 261
434 479
50 95
345 351
50 95
50 95
89 95
473 434
223 142
217 178
89 95
473 479
89 95
479 389
5 89
434 473
479 473
178 166
95 5
133 223
95 89
217 178
95 89
345 261
351 345
178 223
95 89
261 345
95 89
89 5
203 217
50 95
320 339
89 95
223 217
5 50
89 95
50 6
351 261
89 95
5 89
479 473
5 95
345 351
479 438
479 473
178 166
261 351
5 95
261 306
473 479
178 133
351 261
191 207
139 249
81 42
261 306
351 306
95 89
434 436
223 178
479 473
217 223
261 264
133 154
345 306
217 178
479 473
473 479
142 209
345 351
178 133
345 351
89 46
345 351
351 306
95 89
351 306
217 223
5 89
473 479
95 50
473 434
479 434
345 351
434 479
178 223
479 434
479 473
223 178
261 306
434 481
479 473
217 223
345 306
133 201
89 95
133 223
261 345
223 217
89 95
217 223
223 151
133 217
178 129
68 15
217 223
50 95
133 250
345 351
217 223
473 479
440 389
473 479
223 217
217 223
95 79
100 25
473 389
261 345
5 50
306 351
345 351
345 261
5 95
351 306
217 178
351 306
95 122
217 133
351 270
17 125
479 389
5 89
351 345
178 223
479 407
50 95
351 306
95 89
479 398
95 50
223 133
473 479
306 351
473 401
133 223
133 223
480 456
143 162
345 327
479 473
479 389
479 473
473 434
178 223
381 315
473 434
306 351
458 483
261 345
89 50
479 434
473 434
479 389
505 441
345 306
178 223
223 178
351 279
95 50
351 306
133 217
345 279
389 479
479 434
363 269
434 454
217 223
351 261
401 497
95 105
345 306
345 282
345 261
133 223
479 407
89 95
223 133
473 434
95 89
345 261
497 442
389 473
351 279
505 467
223 217
473 479
95 89
133 178
95 5
95 5
217 223
351 306
89 95
217 223
50 5
95 89
306 261
223 217
223 178
223 217
345 351
473 389
324 271
306 351
434 479
375 379
473 479
178 223
351 306
473 479
5 71
319 335
89 95
89 50
217 133
351 345
162 133
389 457
89 95
479 473
307 311
473 479
217 223
248 191
479 434
95 5
217 207
89 50
178 223
17 125
389 387
473 389
217 223
217 133
479 473
133 217
178 133
89 95
63 79
434 479
261 351
223 178
217 223
217 133
345 351
261 306
95 50
95 89
133 223
351 270
261 351
479 431
351 345
133 217
473 479
351 261
217 178
95 5
473 441
306 345
473 434
89 50
351 345
479 407
389 434
50 89
399 467
261 351
178 137
345 261
345 306
133 223
5 95
223 178
306 351
203 217
491 397
473 479
89 95
448 426
479 473
351 306
89 95
95 50
479 473
351 345
95 50
50 83
261 345
223 133
89 50
89 74
95 89
95 89
217 178
351 261
345 351
351 345
298 307
389 473
261 306
95 89
133 217
223 178
5 95
389 479
95 89
217 178
217 133
306 351
351 306
217 223
434 389
389 434
484 398
479 473
473 479
261 274
5 50
223 217
473 389
479 473
89 115
351 261
133 178
448 418
89 56
133 154
217 178
261 271
351 345
389 479
223 142
133 217
345 306
178 217
479 473
479 434
345 306
223 133
50 95
434 479
133 223
89 5
434 479
473 479
95 50
89 50
473 434
50 95
389 434
473 434
217 223
351 306
351 345
217 223
479 389
178 217
345 351
217 178
389 479
345 351
434 468
5 95
261 345
95 89
178 223
223 133
473 479
89 50
145 142
5 89
50 95
479 507
306 351
5 95
434 396
473 389
345 298
5 50
50 42
345 351
483 403
389 434
434 432
133 223
473 479
133 223
473 479
95 89
345 351
434 389
389 404
306 351
89 95
345 261
133 224
261 304
345 261
178 223
351 345
345 351
434 473
261 306
473 434
261 345
160 202
5 47
217 178
133 178
389 473
345 351
217 223
143 162
5 57
306 285
345 351
89 95
351 261
351 345
50 89
479 473
50 95
89 17
345 351
261 345
307 365
345 351
223 133
351 306
442 461
320 350
89 54
223 170
389 479
473 434
89 95
89 5
479 473
442 459
434 479
479 389
5 95
306 345
351 339
434 479
306 351
95 50
223 217
479 389
473 479
356 270
95 23
217 223
89 5
473 479
473 479
261 345
223 178
217 223
473 479
89 50
89 95
223 217
83 79
5 50
434 479
473 479
95 89
473 479
223 133
261 345
133 223
95 23
389 407
473 479
434 479
389 473
133 223
479 434
5 89
95 50
89 12
345 351
389 457
473 479
145 182
345 261
178 207
95 89
50 95
5 95
217 133
95 89
345 351
345 261
345 351
351 270
431 482
217 223
479 434
434 479
95 30
389 473
89 95
351 306
133 178
434 479
148 136
89 50
306 351
50 95
223 133
133 217
454 426
389 473
50 111
306 345
223 217
178 223
473 434
479 434
473 479
217 223
113 83
81 42
473 479
217 223
389 434
479 389
5 95
95 50
89 95
479 389
345 351
345 351
345 351
50 95
178 138
217 223
223 133
15 83
473 479
217 223
133 148
5 89
479 389
473 479
434 389
345 351
133 207
223 151
5 95
89 50
389 473
89 95
351 279
434 479
473 479
345 351
261 351
261 306
351 261
351 345
178 217
345 306
389 473
170 239
193 179
261 351
89 50
351 306
217 223
133 162
50 95
89 95
389 473
345 261
241 186
369 306
89 95
95 50
345 351
217 247
434 479
345 351
261 351
89 5
345 306
473 479
306 351
306 345
434 473
217 133
473 479
345 351
345 351
89 95
178 217
345 351
224 222
79 15
345 351
261 351
223 151
182 210
217 223
306 273
434 473
89 95
473 479
89 95
324 297
5 79
473 431
473 407
184 133
223 133
5 50
473 434
329 306
223 178
217 223
94 118
223 175
81 13
15 79
434 455
89 95
389 447
223 217
17 114
389 509
178 223
389 434
261 351
319 335
306 351
133 223
50 89
306 261
473 434
473 479
89 50
438 398
157 223
95 89
473 479
473 434
473 479
89 95
345 351
50 95
479 434
133 223
179 138
5 97
20 8
473 434
217 223
261 351
89 95
95 5
351 345
223 217
217 178
378 351
223 178
253 232
50 95
473 434
178 235
133 217
223 217
479 389
434 389
306 351
389 473
223 217
118 65
5 89
50 89
217 223
351 345
50 84
479 473
217 223
351 270
345 351
306 351
473 389
95 50
162 175
133 217
351 345
345 306
95 5
223 217
345 351
223 217
434 473
261 351
389 479
401 464
307 319
50 95
434 479
223 178
95 5
345 351
351 261
95 89
374 298
389 434
217 178
345 303
133 223
261 351
5 99
434 482
217 223
351 345
95 89
306 345
351 279
473 479
399 463
404 448
223 217
306 261
434 481
89 95
95 89
89 95
5 104
217 223
434 473
261 345
223 133
89 95
479 473
351 306
345 261
473 494
223 217
345 306
473 479
89 83
345 261
505 401
479 394
345 351
5 50
178 151
434 389
95 11
222 232
473 479
261 351
345 261
217 223
178 223
223 217
473 479
179 144
345 261
133 201
89 50
5 50
389 479
473 479
345 306
133 223
473 389
5 95
434 495
95 96
345 351
133 201
217 223
473 479
261 329
95 50
434 461
217 223
5 50
473 507
434 479
473 479
217 223
479 389
217 178
479 389
473 479
345 351
434 479
345 351
351 345
261 351
345 374
178 217
351 306
351 261
178 223
434 461
479 473
261 345
306 345
50 95
95 89
306 351
217 223
95 89
345 261
479 407
223 217
479 473
133 223
401 482
178 175
95 89
306 261
95 89
133 178
89 95
223 178
261 351
133 223
351 306
345 351
434 473
389 461
95 5
89 95
452 399
473 434
217 223
345 351
306 345
133 223
50 124
133 223
473 389
50 89
193 216
217 223
223 178
113 58
345 351
223 178
5 95
89 124
217 223
133 223
479 473
374 321
133 223
133 175
306 351
306 351
223 217
473 389
178 162
345 306
478 503
133 217
95 5
351 306
178 217
447 505
473 434
345 351
345 351
178 223
491 397
50 95
473 479
95 50
261 351
389 434
217 223
345 306
473 479
473 479
178 223
345 351
389 434
89 95
223 217
261 306
479 473
223 178
217 178
50 5
223 178
479 389
5 50
217 178
89 5
479 434
479 473
389 479
5 64
434 479
95 89
223 178
473 479
261 345
89 5
178 223
217 223
345 351
306 351
479 407
479 438
133 217
345 306
89 95
479 473
351 345
89 95
89 50
345 351
389 479
95 50
261 345
473 434
217 223
389 479
389 473
95 89
223 251
217 223
434 389
95 89
89 95
223 178
434 473
479 389
351 306
351 345
178 223
479 473
434 479
5 73
351 345
217 223
133 178
473 389
389 473
133 175
89 95
351 306
473 434
89 95
345 306
133 181
306 351
133 217
133 195
473 479
95 89
389 479
351 306
271 290
178 223
50 95
345 351
473 479
473 389
261 345
473 479
261 307
217 223
345 351
50 89
5 95
178 223
389 434
50 89
153 234
94 18
50 23
5 89
178 223
473 479
473 479
95 89
479 407
306 351
261 351
5 95
434 446
351 345
389 434
169 207
345 351
223 151
389 433
434 479
133 217
95 25
178 185
389 434
211 234
178 223
473 479
178 133
345 351
351 279
223 217
5 89
223 217
223 178
473 479
217 133
133 223
434 447
434 479
434 479
351 306
5 95
5 50
223 217
351 345
345 351
217 223
133 162
261 277
389 479
306 351
223 148
351 345
50 89
479 389
345 351
473 479
133 223
178 209
261 296
351 306
306 351
133 223
89 50
261 351
345 351
261 351
89 95
5 89
434 440
223 142
217 223
351 261
351 261
133 223
217 178
178 238
473 420
50 95
473 479
5 95
178 217
473 479
5 89
217 223
261 351
89 95
473 479
306 345
133 178
50 95
261 351
89 95
133 223
5 95
389 473
473 479
479 434
95 89
89 95
434 468
434 479
95 89
351 345
479 434
425 416
306 345
5 50
217 235
401 413
133 238
306 261
345 351
479 473
479 473
306 351
434 473
95 5
89 95
133 223
434 473
133 223
217 133
95 89
89 95
223 151
473 431
261 351
324 271
95 89
306 345
434 473
377 339
217 223
434 479
95 14
133 201
5 122
95 5
20 64
479 407
351 345
473 479
178 223
306 351
473 389
434 479
178 148
50 95
50 89
223 133
389 479
178 229
345 351
50 95
350 323
351 306
306 261
261 351
178 169
345 351
5 95
50 111
479 473
479 434
351 345
473 398
434 479
95 89
473 434
5 73
5 95
389 473
133 175
95 89
434 389
345 379
351 345
479 434
5 95
306 351
217 178
345 351
345 340
497 442
261 317
434 479
473 479
178 151
306 371
89 95
223 199
306 345
95 89
473 432
178 223
345 261
95 50
261 306
306 261
95 89
473 479
217 178
434 389
351 306
434 389
5 95
20 64
261 306
479 473
95 5
133 217
50 57
142 209
223 133
484 398
483 386
434 479
479 389
351 345
217 133
25 106
89 95
473 389
389 479
89 95
95 89
389 473
50 121
95 50
261 329
479 398
50 5
479 434
306 351
217 223
133 178
89 95
5 89
473 389
345 351
345 351
223 175
452 398
133 223
434 458
217 223
133 223
479 473
306 351
434 479
217 133
89 95
351 306
170 179
50 95
5 95
306 351
351 306
473 479
217 133
306 345
217 223
351 332
479 473
95 89
217 178
306 351
479 434
306 351
479 389
473 479
389 431
95 5
261 329
479 473
95 89
345 351
479 434
178 244
306 351
5 63
89 95
479 473
178 223
133 217
89 50
389 434
217 178
133 223
473 463
133 217
345 306
389 434
345 306
178 223
5 89
473 479
473 479
479 467
434 473
271 290
5 95
473 479
345 351
479 434
479 473
89 5
95 89
89 95
89 5
351 345
95 89
345 351
473 434
223 133
345 351
178 223
479 473
95 89
345 351
95 83
5 95
425 481
345 351
345 351
89 95
89 95
178 223
5 95
50 95
345 351
479 426
217 223
178 223
5 47
345 353
50 95
217 178
389 479
434 389
217 223
479 389
89 95
95 92
261 337
434 415
261 306
133 217
50 95
133 217
50 95
133 178
345 261
306 351
473 389
434 479
389 479
223 151
95 89
261 351
217 223
261 345
345 332
94 106
223 217
223 178
89 95
377 278
345 351
479 473
95 89
223 178
95 50
223 217
345 351
261 329
217 223
95 89
306 345
434 473
95 5
225 178
434 479
14 95
95 50
95 5
448 467
178 217
479 434
351 261
345 351
434 479
345 351
5 89
261 329
133 178
389 479
473 389
178 223
95 50
89 95
345 351
178 217
351 261
202 223
217 133
192 211
351 345
133 217
178 223
473 479
178 223
50 95
95 5
178 223
223 217
473 434
89 50
50 95
389 473
473 479
178 217
178 133
217 223
306 351
217 223
434 479
89 95
95 89
389 473
5 34
261 306
473 434
261 345
178 217
89 95
351 279
261 351
81 42
34 111
261 329
151 223
389 473
227 220
351 306
228 247
50 95
473 434
306 261
89 95
389 434
133 217
89 95
351 306
306 261
389 479
223 222
89 95
479 473
89 95
207 178
178 134
345 351
217 223
434 473
479 398
89 95
133 217
389 473
89 50
133 217
95 89
5 95
306 261
351 261
223 178
434 479
50 89
261 345
306 351
479 389
345 306
217 178
223 178
179 191
351 345
133 223
473 389
473 479
345 261
95 5
133 217
374 321
217 143
306 351
89 95
95 5
95 50
133 217
479 473
306 351
276 264
351 261
306 351
95 5
89 50
217 223
494 389
50 5
261 351
345 351
473 479
351 306
319 376
50 95
5 89
178 150
133 217
249 188
434 443
345 351
261 345
223 133
345 261
42 79
89 95
473 479
5 89
509 444
473 479
89 50
50 95
223 217
89 50
345 351
306 331
223 133
178 223
351 345
479 473
133 217
473 479
133 217
479 473
473 389
178 144
473 389
133 143
261 306
479 473
389 479
345 351
345 351
261 351
389 479
452 399
50 95
345 285
261 329
89 95
345 351
389 479
133 223
345 368
399 418
473 479
50 95
5 95
351 345
20 8
434 479
12 89
351 345
345 351
389 434
123 5
352 375
94 40
95 23
89 50
95 89
434 479
473 479
351 345
133 217
95 89
178 223
351 306
306 351
89 95
261 306
5 50
50 5
345 351
178 164
89 95
95 89
306 345
509 398
479 473
5 50
479 473
50 5
389 479
473 434
178 223
306 351
83 106
345 351
261 306
91 95
306 261
351 333
133 223
473 479
223 217
473 434
345 351
345 351
376 319
434 479
89 95
50 77
351 338
389 479
5 95
223 217
479 473
89 95
307 298
261 256
261 345
178 145
50 5
351 261
345 351
351 345
5 47
351 345
473 398
217 178
89 5
345 351
223 178
89 95
345 351
217 133
306 261
261 271
306 351
5 50
345 351
95 50
95 5
5 89
473 479
95 50
473 434
473 502
223 178
261 298
351 270
217 146
463 438
217 223
351 345
351 273
369 314
223 133
261 306
95 5
223 142
473 434
345 261
50 5
351 345
5 89
5 95
50 5
89 5
306 351
223 178
509 458
170 239
351 345
89 95
345 351
223 217
5 79
5 95
5 95
5 95
217 223
133 223
345 261
261 351
50 30
351 306
95 89
306 351
50 95
217 223
479 473
509 417
217 133
5 50
345 351
41 68
217 192
479 473
345 351
89 95
223 133
95 5
5 95
434 389
223 133
389 434
50 95
5 23
479 507
15 83
345 351
142 209
497 442
473 479
345 358
473 507
345 351
479 473
351 345
479 473
217 133
89 50
345 306
389 434
261 351
345 351
351 345
389 434
217 223
5 95
351 345
223 217
473 432
389 431
306 266
389 479
89 50
434 479
473 479
479 434
484 503
399 418
5 50
89 95
223 178
306 345
5 50
89 95
89 5
95 89
389 479
479 473
345 351
89 5
89 95
223 217
345 351
223 217
473 479
133 217
434 473
89 50
79 80
404 490
345 351
198 170
389 479
345 351
479 384
345 351
217 178
505 463
217 223
473 479
217 223
89 95
133 201
473 479
351 345
306 351
178 223
5 73
261 351
95 5
178 223
473 479
133 223
217 178
217 201
133 223
345 351
434 389
351 345
345 261
89 50
377 300
479 473
389 434
434 479
502 449
457 389
345 261
351 345
306 278
306 261
89 95
389 479
306 345
223 151
217 223
345 351
95 89
50 89
434 479
95 89
345 261
95 14
479 385
479 473
306 339
479 473
95 5
389 434
223 133
298 350
345 298
178 223
89 95
50 75
306 351
473 479
479 473
345 261
306 345
95 89
434 479
50 97
89 95
217 133
434 473
261 294
50 123
389 479
351 261
178 217
473 389
351 261
345 351
345 351
217 223
5 95
306 345
389 473
89 95
306 345
217 223
89 50
351 306
89 50
5 47
389 434
95 89
5 95
351 306
351 336
473 434
306 301
217 133
345 274
389 473
223 133
389 434
50 95
434 479
50 95
306 351
217 223
50 95
95 59
196 143
217 223
345 314
217 223
306 345
203 217
351 311
95 50
223 178
261 351
178 172
178 223
95 50
217 223
389 479
479 473
306 351
133 223
89 50
479 398
133 223
479 389
261 303
473 434
178 223
389 479
261 335
50 89
217 223
473 479
479 473
223 133
345 351
261 351
5 95
479 389
89 50
389 473
235 141
178 140
223 178
217 223
473 479
351 306
261 351
479 473
434 389
473 434
345 306
351 261
89 5
351 345
298 307
95 5
473 389
434 473
351 345
118 65
50 115
89 5
306 337
89 95
473 389
438 430
355 351
94 125
89 95
306 345
345 351
473 506
5 95
133 217
306 351
389 479
95 50
345 306
42 51
223 178
133 217
473 479
345 306
351 261
345 306
223 151
463 484
434 401
223 141
452 425
306 273
95 5
178 223
261 304
389 431
389 473
459 389
95 110
217 133
223 217
261 303
351 345
95 89
473 479
473 479
479 491
223 217
64 21
50 5
261 266
217 178
434 479
434 457
253 133
17 51
223 227
89 95
389 434
452 399
473 434
223 217
261 351
223 133
351 261
178 223
217 223
345 306
345 351
434 479
95 89
89 95
217 223
479 473
473 479
223 133
306 351
95 50
5 95
261 351
345 298
89 50
261 306
351 345
261 351
217 178
5 95
351 306
223 217
335 339
95 89
473 479
89 50
217 147
178 221
389 461
345 339
50 89
473 479
95 60
261 306
217 223
473 479
223 217
5 7
217 223
50 95
217 223
351 306
434 479
261 306
217 223
20 64
95 14
191 248
479 473
178 133
306 273
306 345
5 89
261 351
223 217
50 95
217 133
261 345
345 351
389 452
479 434
5 95
434 389
345 351
178 223
479 434
95 5
261 351
217 178
306 351
389 479
306 261
389 483
306 345
473 479
5 95
133 223
133 223
178 217
95 50
217 223
434 389
261 351
50 89
389 479
345 276
479 473
261 345
223 178
345 306
89 95
306 351
198 170
5 95
178 214
133 178
345 351
345 351
351 306
217 223
94 14
261 345
95 89
435 484
133 223
479 389
89 50
89 95
345 306
307 336
345 261
89 95
473 479
479 389
345 351
345 306
89 95
89 95
217 133
306 345
89 5
434 479
133 178
217 223
5 50
345 261
223 151
389 479
389 479
178 223
345 351
261 345
178 223
133 223
217 223
306 351
345 306
217 223
381 377
5 82
223 133
351 261
434 389
133 201
89 95
473 479
261 306
479 473
434 479
345 351
479 434
95 89
5 50
479 389
261 306
345 261
479 473
473 479
89 124
5 95
119 20
473 479
473 479
89 50
217 223
217 223
133 223
306 275
306 351
345 351
434 479
351 345
223 217
89 95
217 223
50 89
473 479
473 479
223 154
473 479
306 351
223 133
5 89
217 223
389 473
479 473
217 133
306 270
473 389
351 345
95 5
5 50
345 351
50 56
479 473
345 351
434 479
113 58
345 351
479 473
89 95
448 415
306 351
95 50
217 178
95 5
133 178
89 95
223 217
50 95
95 89
447 480
89 5
490 454
217 223
178 133
95 89
473 479
133 217
95 89
351 345
95 5
306 351
178 148
261 345
50 95
345 351
351 261
5 50
133 223
217 178
345 351
345 351
479 473
95 5
434 461
261 351
5 95
261 351
5 89
178 212
50 95
223 133
217 223
389 443
5 95
434 464
133 201
306 261
178 223
351 345
261 360
306 338
389 434
223 178
217 136
178 223
5 18
89 95
479 473
182 217
345 306
217 178
306 351
345 351
351 279
351 332
95 50
95 93
351 345
178 217
217 178
479 434
95 51
261 351
473 479
389 431
95 5
473 479
345 351
351 345
351 261
223 133
217 178
223 217
217 178
306 371
5 30
448 437
345 351
478 500
223 133
345 351
473 401
223 217
217 205
89 95
95 89
434 397
389 479
133 175
89 95
261 306
345 261
484 503
261 351
111 70
345 351
473 389
389 457
389 479
345 351
389 473
217 223
306 351
389 473
345 261
387 505
434 479
307 298
95 89
5 95
261 306
278 306
89 5
138 217
473 479
178 223
351 261
389 473
473 479
178 133
479 434
473 479
223 217
133 223
89 95
351 306
5 23
133 203
5 89
345 351
389 434
473 479
5 89
133 217
95 89
223 217
133 223
306 350
351 321
89 97
5 95
473 389
89 95
345 351
306 303
223 178
89 95
351 306
89 5
89 122
178 217
375 379
95 5
473 434
217 223
133 223
345 351
345 306
351 306
89 95
217 223
345 261
261 351
5 50
223 178
497 467
95 60
351 261
389 434
473 389
389 502
389 479
42 111
351 345
351 345
5 95
473 479
178 245
89 5
178 217
345 306
473 479
89 50
178 211
178 133
473 434
345 351
89 95
5 50
5 95
178 223
50 5
217 223
345 351
217 133
389 473
133 184
434 479
223 178
389 479
479 473
306 351
89 95
479 473
217 223
89 101
224 140
345 351
217 178
223 178
223 217
435 404
95 50
306 351
351 345
351 309
479 434
306 345
95 5
223 151
442 463
178 219
473 479
107 95
306 319
351 306
95 89
133 223
5 95
473 479
178 148
178 223
95 50
306 345
95 89
178 223
223 133
389 473
178 217
389 473
178 223
479 473
89 95
306 351
479 407
89 95
473 479
178 151
306 351
217 223
355 362
223 178
345 351
306 261
217 158
434 479
89 14
89 95
434 479
345 306
473 479
306 351
107 64
351 333
363 356
345 351
217 178
473 479
54 83
5 50
133 223
434 479
133 217
96 46
473 434
345 351
223 178
223 247
447 504
50 95
133 217
191 224
5 95
389 479
351 306
178 133
178 223
345 261
434 387
473 389
480 475
261 306
261 351
223 217
5 95
133 223
351 345
217 223
351 306
261 345
479 481
191 224
351 306
434 479
217 223
223 178
345 261
223 217
345 306
178 133
306 294
50 38
261 351
223 217
178 217
389 479
479 440
503 507
479 389
473 389
351 261
473 434
217 223
351 306
217 178
479 434
83 106
351 345
217 223
178 223
473 479
473 434
223 133
217 223
473 479
351 345
178 223
217 223
434 389
351 345
89 95
89 72
95 89
473 434
89 110
473 479
89 95
351 345
50 95
50 95
345 306
448 397
50 95
345 351
222 154
306 292
261 345
170 223
339 302
133 201
223 178
434 389
261 351
473 389
351 345
89 95
133 178
89 95
261 303
351 345
261 351
479 389
89 95
217 223
473 389
473 479
133 217
133 223
261 353
434 389
95 30
389 479
133 223
89 5
133 223
261 306
345 351
389 473
345 261
434 479
479 434
178 223
351 345
223 178
89 95
306 354
351 355
5 50
133 223
389 479
473 389
89 95
5 89
306 261
223 217
423 473
401 484
261 345
228 247
261 329
217 223
223 217
50 5
217 223
351 379
345 261
217 178
217 223
261 345
133 178
416 458
473 479
217 223
223 178
95 89
389 479
119 123
259 306
434 389
435 475
261 329
50 89
351 345
217 178
95 89
5 47
50 95
217 223
5 47
107 13
217 178
50 95
261 351
434 479
261 351
479 473
473 499
261 351
89 95
345 261
178 223
223 178
479 434
5 73
68 15
133 217
217 223
473 479
223 217
89 54
223 178
261 351
50 95
50 93
89 95
50 5
434 479
178 223
178 133
89 3
223 178
50 95
356 375
261 345
95 89
95 50
217 132
389 473
133 182
345 351
89 35
261 329
178 223
133 148
95 10
217 223
261 303
95 89
5 10
351 261
89 95
306 351
473 479
89 5
89 95
351 345
473 389
95 50
211 239
145 152
89 95
447 426
217 178
261 320
5 89
473 479
133 223
479 473
351 306
306 351
217 223
223 217
95 89
217 223
217 133
50 95
217 223
170 179
125 119
133 201
473 479
345 351
434 479
345 351
95 89
95 23
261 339
345 351
345 306
479 389
133 202
5 95
178 133
217 133
223 178
178 223
473 479
217 223
479 473
434 389
223 241
178 223
337 298
95 80
473 479
89 95
89 5
261 301
5 95
178 223
95 50
184 133
223 151
191 207
345 351
351 345
133 217
133 223
5 3
399 463
473 389
169 133
473 479
223 217
473 434
217 178
473 479
5 50
473 479
345 351
50 77
5 95
389 457
389 473
351 306
306 351
89 50
345 351
303 261
178 223
351 306
389 473
223 217
261 301
95 5
473 479
178 223
133 217
261 333
507 478
473 434
217 223
178 223
479 473
479 392
479 473
89 5
178 145
50 95
261 345
100 96
50 95
345 379
345 306
89 5
351 345
95 89
223 217
324 297
178 223
50 5
89 5
133 217
125 74
434 463
5 95
133 223
223 131
42 51
217 133
473 479
351 345
89 50
351 264
306 351
95 50
143 211
217 133
306 328
389 479
473 479
389 460
479 407
170 179
217 178
217 223
479 467
389 479
178 223
389 479
434 389
50 5
95 5
261 345
89 50
89 5
178 223
345 351
351 345
473 479
261 306
434 479
217 223
479 473
473 479
473 389
223 217
224 142
5 50
345 351
479 461
133 223
434 479
217 223
351 306
345 351
50 95
95 89
389 434
351 345
389 417
389 434
96 121
5 89
479 473
345 306
473 479
473 389
306 345
95 50
178 217
345 261
434 476
345 351
217 133
473 479
217 133
223 217
479 434
307 292
223 151
5 89
306 345
223 133
345 351
473 389
178 133
50 95
479 389
178 217
217 223
389 434
133 223
479 473
473 479
261 351
345 306
473 434
345 351
306 261
178 223
133 207
473 479
261 351
473 479
479 389
479 473
89 95
351 279
217 223
479 473
5 73
473 389
178 223
50 89
473 479
389 479
473 479
473 434
473 479
50 5
133 178
95 89
389 506
95 89
89 5
261 345
276 320
5 50
5 95
434 479
345 351
178 223
479 434
345 351
133 223
5 95
89 95
79 15
261 306
434 479
95 89
473 434
345 306
434 389
89 5
223 178
223 133
223 133
95 50
50 89
389 479
50 92
133 223
479 389
479 389
306 380
178 223
133 223
389 479
351 345
89 50
89 5
5 94
473 434
95 51
133 217
89 5
483 445
473 389
89 95
345 351
351 379
369 314
178 217
133 223
389 479
321 296
479 434
389 473
5 50
89 95
95 78
473 434
261 301
217 223
345 351
351 261
306 351
306 351
89 95
179 204
351 306
345 306
473 479
95 89
5 89
217 223
261 345
261 351
479 434
15 83
217 223
95 89
223 151
217 223
81 63
351 345
389 479
217 223
399 425
133 223
223 217
217 133
133 245
389 434
5 89
473 434
5 23
345 306
133 217
95 89
473 434
50 5
473 434
89 52
306 351
438 432
479 473
351 261
351 306
261 351
133 217
89 50
133 217
217 223
178 223
133 178
5 50
89 95
351 345
261 306
473 434
351 345
271 335
261 307
107 13
473 389
473 447
479 389
345 351
479 389
473 389
345 261
5 50
351 306
473 479
345 306
351 261
133 178
345 261
473 434
434 479
345 351
223 133
351 261
223 184
473 434
217 223
217 170
89 95
345 351
178 223
434 479
320 328
345 351
50 95
473 479
217 223
89 50
389 479
345 351
306 345
438 480
95 5
479 389
5 95
479 434
89 95
178 223
217 223
95 89
473 434
389 434
345 261
50 5
473 479
50 95
63 96
217 178
51 79
483 397
351 261
196 143
89 95
434 389
178 217
261 303
345 351
253 234
217 223
389 457
473 465
178 223
351 261
89 95
89 95
89 95
217 223
89 95
5 50
473 479
223 133
89 50
276 320
479 434
17 25
351 270
306 345
479 434
479 473
345 351
133 166
261 351
345 351
223 133
479 504
389 473
351 345
473 389
345 351
306 261
95 89
50 95
223 217
261 260
479 473
261 345
306 351
178 223
351 345
223 217
223 217
89 50
64 12
223 243
217 223
434 479
50 89
351 261
484 465
223 217
473 479
217 223
223 217
50 95
223 156
217 223
345 261
389 479
306 345
133 223
89 20
473 479
389 407
351 261
217 133
95 89
345 351
473 479
217 223
473 434
261 351
473 434
306 351
434 479
306 261
223 140
389 473
351 345
389 434
434 389
89 95
351 270
351 345
345 306
223 142
473 434
434 479
473 479
473 434
306 261
217 133
89 50
89 95
217 223
50 95
89 5
89 95
345 351
438 478
306 345
5 95
345 351
89 95
473 479
389 495
95 89
306 365
50 5
89 95
133 217
351 261
434 479
178 133
345 365
351 345
434 479
306 353
397 491
479 473
217 223
389 473
223 217
306 351
345 351
5 52
261 273
223 151
351 310
5 95
89 95
479 434
223 142
217 223
95 89
178 223
480 463
434 389
5 89
389 479
50 5
95 89
133 223
89 95
306 345
345 351
95 89
473 479
50 75
217 178
223 178
434 446
479 389
345 306
217 223
345 351
473 431
345 351
223 193
217 223
473 434
95 50
223 217
473 479
351 345
479 389
306 351
261 351
217 223
473 434
96 38
5 89
217 223
89 5
95 79
351 306
306 345
473 479
351 261
457 389
5 50
351 260
434 473
351 261
306 261
95 89
178 133
434 438
473 479
434 479
89 53
473 479
261 345
345 311
89 50
89 95
89 5
5 50
434 389
227 202
5 95
261 306
261 345
401 467
224 153
351 345
261 345
5 95
434 479
306 351
223 133
479 434
434 479
434 479
351 345
178 133
389 479
5 95
434 479
345 351
479 473
479 473
89 95
401 451
389 473
89 95
434 479
434 396
5 89
351 261
473 389
479 389
345 276
5 28
345 306
5 95
50 95
178 133
178 223
178 223
345 351
223 178
473 389
345 306
261 351
351 306
95 89
89 97
351 261
133 223
434 473
345 261
389 457
223 217
473 479
89 5
434 389
95 50
473 434
473 389
473 389
50 89
89 95
5 95
118 13
133 223
389 434
479 389
473 479
50 95
100 14
270 356
133 178
479 434
5 73
95 89
473 479
50 95
473 462
473 479
352 342
50 30
479 434
306 351
261 306
261 306
473 389
89 99
68 41
276 320
223 151
339 279
223 133
5 95
217 223
89 95
5 95
345 261
351 345
306 351
473 479
351 361
306 351
345 327
306 345
479 407
345 306
89 95
118 42
351 306
217 223
345 351
95 5
223 133
89 95
95 50
479 473
133 178
13 64
306 351
50 95
89 95
5 73
473 389
473 479
133 223
223 217
121 104
133 250
178 133
389 431
133 217
351 306
261 351
298 307
50 5
89 50
89 50
223 217
217 223
50 74
89 95
345 313
345 351
178 182
345 341
178 223
148 249
89 95
345 351
223 217
261 306
345 351
50 95
306 351
345 351
351 345
