512 10000
178 217
133 223
345 351
50 95
217 223
50 5
217 223
351 261
223 217
473 479
479 389
479 389
479 398
261 345
479 473
306 345
345 351
473 479
345 312
473 479
473 479
473 434
389 479
345 306
5 95
351 345
217 223
473 479
465 426
473 479
17 58
178 133
479 407
389 473
5 95
223 217
434 473
261 351
473 479
178 133
345 261
223 178
89 95
50 95
89 95
17 118
351 261
479 434
133 145
223 133
178 192
479 434
192 141
95 50
473 434
223 142
89 95
351 345
389 434
389 434
261 345
5 95
217 176
143 162
89 50
217 223
217 223
351 345
345 351
479 469
178 223
95 89
351 264
434 473
95 113
389 479
217 223
345 351
133 201
5 95
473 479
89 95
178 133
473 479
223 217
50 5
345 306
89 95
389 479
89 5
217 223
217 133
389 457
345 261
217 133
133 193
217 223
473 434
223 178
497 442
473 434
223 199
223 178
89 50
389 434
345 351
502 397
434 473
479 407
50 95
351 345
306 351
89 95
89 50
479 434
228 247
178 217
389 479
50 95
479 434
355 303
95 89
94 115
261 345
345 265
345 351
351 345
223 133
5 50
89 95
434 473
306 345
89 95
5 50
479 434
345 306
223 217
389 434
351 261
217 170
345 351
389 473
306 261
434 479
261 351
5 95
89 95
223 217
389 473
314 369
89 5
345 351
89 95
178 133
89 95
434 479
351 345
89 95
89 80
89 50
389 479
133 145
133 223
473 479
217 223
50 95
479 500
434 479
473 479
479 389
223 133
178 141
389 434
50 82
178 133
50 95
271 339
389 440
89 79
473 389
217 223
178 217
50 5
351 279
89 95
81 64
50 95
434 452
480 511
223 217
434 468
223 133
178 133
306 345
473 479
50 95
217 178
261 306
306 351
133 217
89 95
306 299
133 217
89 95
217 223
223 217
89 80
345 351
479 473
95 89
479 473
351 306
95 14
95 38
133 201
389 479
351 306
89 5
50 5
479 473
89 50
95 89
345 351
95 89
473 479
15 79
297 264
479 473
351 261
95 5
434 473
223 133
89 95
95 8
473 434
473 434
5 95
14 5
473 479
89 50
89 5
223 217
133 211
473 479
351 345
95 89
351 338
473 482
89 95
89 95
479 475
223 133
50 95
125 95
89 95
345 351
389 434
261 351
223 136
351 306
133 153
5 95
473 479
89 95
418 399
261 306
5 89
351 261
50 89
339 335
50 89
5 50
5 95
89 95
89 5
438 472
89 95
217 133
5 50
345 306
217 223
89 5
217 133
223 217
473 389
261 345
473 479
95 89
50 95
345 351
261 345
306 362
50 45
178 223
89 95
95 5
133 223
99 10
5 50
5 73
50 5
178 223
217 223
473 389
217 239
351 345
178 154
261 303
345 351
50 95
473 479
178 223
345 306
95 5
306 351
479 473
261 351
50 65
178 207
89 95
217 223
479 434
473 479
473 434
223 253
223 133
178 245
351 306
89 95
178 223
89 95
5 107
198 170
351 306
217 246
133 244
389 479
170 179
479 473
261 306
217 175
50 95
351 345
435 403
89 95
345 261
178 223
473 434
50 95
178 223
473 419
95 50
345 257
473 479
133 241
5 50
95 89
473 479
95 50
5 50
473 479
95 50
261 306
345 351
273 314
434 479
479 389
5 50
217 247
389 473
345 261
94 100
217 178
119 8
217 223
217 133
223 217
473 479
351 261
290 271
389 479
261 306
217 223
95 89
5 95
345 351
89 95
133 223
223 227
434 473
50 5
95 89
5 50
425 493
389 434
434 479
96 54
389 434
306 351
310 300
306 351
479 414
89 50
178 207
479 407
5 89
217 223
50 89
401 490
356 310
473 434
473 479
223 217
345 294
95 23
202 228
217 205
133 217
473 479
50 95
427 473
89 95
345 351
351 345
89 95
253 135
261 329
479 473
95 89
133 205
389 479
95 50
50 95
473 479
473 389
148 192
345 351
223 151
217 223
5 50
209 170
345 319
473 479
473 434
434 500
345 261
345 306
217 178
509 482
434 479
261 329
178 133
95 5
89 5
345 351
389 479
351 345
473 434
113 58
389 473
479 497
434 473
261 345
95 89
389 434
351 345
89 95
89 123
133 223
479 434
434 473
50 95
351 345
434 479
223 178
5 47
95 89
95 5
389 467
434 504
345 351
479 413
79 54
345 261
227 166
345 351
473 434
95 89
223 133
351 345
389 473
306 261
345 351
261 345
178 223
50 118
217 223
261 351
261 351
345 371
89 112
473 479
5 95
41 118
351 345
261 314
5 3
345 351
345 351
224 133
351 345
5 95
89 50
467 448
434 404
50 95
217 223
178 217
345 351
5 47
306 351
306 351
223 217
261 307
351 261
193 245
345 351
217 178
363 269
306 351
89 95
306 339
95 89
434 479
479 434
241 186
50 5
434 438
351 306
5 50
95 89
479 434
95 89
89 95
89 95
95 14
306 351
345 351
133 223
223 217
133 223
345 351
223 217
217 223
473 479
223 217
89 95
345 351
223 178
345 351
351 279
95 50
5 89
345 351
473 476
389 431
223 178
345 351
223 217
479 475
345 306
261 270
261 351
133 217
217 223
479 434
473 458
306 351
249 164
217 223
479 473
389 479
434 479
95 89
223 178
473 389
261 329
145 128
389 473
217 223
473 389
217 223
473 479
223 251
178 133
345 351
95 89
178 223
223 217
89 95
473 479
209 170
473 389
345 351
223 151
261 306
345 261
5 89
261 320
89 50
306 351
50 15
479 473
345 272
133 223
170 179
345 351
133 223
42 51
479 473
261 303
473 479
345 351
389 479
473 479
261 303
306 351
89 20
276 264
261 351
95 5
434 389
261 345
448 467
5 89
473 479
223 212
178 223
5 95
133 223
306 351
89 5
89 95
89 95
89 95
434 479
95 50
479 389
351 345
306 351
479 473
217 223
261 345
50 95
5 50
95 89
95 47
306 351
345 351
89 50
217 133
473 434
223 217
261 345
123 119
312 261
345 306
389 457
95 5
351 261
223 178
473 479
95 89
351 261
89 95
83 111
5 95
479 389
473 479
89 50
261 306
351 279
502 426
479 434
5 95
351 345
345 306
389 452
89 5
345 261
389 479
345 351
133 223
479 473
89 95
269 345
434 479
178 223
434 479
479 389
222 211
345 306
479 473
81 64
133 223
306 351
505 407
389 473
223 178
345 261
5 95
196 169
389 479
473 479
89 95
345 351
345 351
479 434
179 148
306 264
351 306
479 398
217 223
217 178
261 345
178 133
5 95
479 434
434 430
89 50
223 217
217 223
473 438
351 345
306 261
249 140
434 473
95 89
473 434
50 95
434 473
217 223
50 89
178 223
473 389
261 345
473 479
89 95
307 261
133 223
261 306
133 201
389 479
479 387
89 95
217 223
89 95
89 123
389 434
306 345
133 242
351 345
306 261
178 223
261 306
389 473
89 95
473 479
306 351
345 351
95 5
306 261
345 351
336 306
217 178
13 107
479 473
434 479
473 479
50 84
89 95
473 388
448 467
389 431
89 95
95 89
473 479
89 5
306 351
306 345
217 223
479 389
95 89
241 186
473 479
223 206
50 89
178 217
51 79
473 434
5 95
479 473
473 491
95 89
426 435
217 223
133 178
178 152
473 479
95 14
345 351
479 473
223 178
479 407
217 223
434 473
473 434
351 270
473 479
418 399
223 133
222 216
20 8
5 95
50 83
89 95
389 479
217 223
5 50
217 223
217 223
5 95
182 195
351 345
389 479
223 217
473 434
217 178
169 147
95 89
434 479
473 479
50 5
196 141
473 434
89 95
473 479
345 351
50 89
306 345
434 479
434 436
223 133
223 217
351 345
89 113
269 335
389 479
95 5
50 95
389 479
306 345
89 95
434 479
473 479
89 95
217 223
50 95
50 89
473 479
50 95
133 201
473 479
306 381
217 223
261 351
434 479
473 434
261 351
261 337
217 223
479 389
50 75
178 217
473 389
217 223
95 50
473 389
473 479
473 389
473 479
50 47
389 479
178 223
50 95
223 217
307 276
178 217
223 217
95 5
473 479
50 95
479 473
217 223
345 306
217 178
306 351
479 473
479 398
270 337
306 316
479 473
95 89
389 473
89 50
223 217
479 434
178 223
89 50
89 5
89 95
50 95
434 479
217 178
434 473
389 479
217 223
89 50
335 339
89 50
473 479
306 345
178 133
217 178
133 223
434 389
5 89
345 306
473 389
351 345
68 15
20 8
5 50
223 178
169 151
473 434
473 479
41 109
133 132
178 223
178 223
473 479
473 434
217 133
473 389
351 345
434 473
95 89
89 84
89 95
409 463
345 351
351 261
345 261
479 434
473 479
345 351
217 133
89 63
261 345
246 193
95 5
261 345
351 335
473 434
178 135
89 50
50 89
351 345
345 261
50 95
351 261
89 95
50 95
473 387
223 178
473 479
5 50
351 345
306 351
261 345
89 95
223 217
178 226
434 473
351 345
306 351
261 345
89 5
96 20
389 457
223 217
434 479
133 223
133 223
389 479
5 95
434 389
178 223
473 479
89 95
133 210
389 473
203 217
223 178
434 479
178 223
89 95
50 5
50 5
217 178
89 3
479 458
351 345
89 95
178 217
89 50
306 351
5 95
377 280
223 142
125 49
473 479
217 223
95 5
473 389
351 345
178 217
479 434
89 95
345 351
345 351
351 261
178 223
401 458
133 217
479 473
89 95
217 223
89 5
68 15
345 306
89 5
223 133
261 351
178 223
178 223
389 479
351 345
217 223
307 363
479 433
99 40
434 389
89 95
261 329
479 473
345 337
434 473
351 345
178 223
473 407
351 261
217 133
217 223
50 89
223 133
473 389
223 142
473 479
381 366
223 133
50 95
504 392
321 286
345 351
261 351
224 163
89 5
473 479
223 133
95 89
306 351
217 223
95 89
473 479
17 28
50 95
351 345
351 306
345 306
261 306
345 351
345 351
345 351
89 95
261 306
178 243
479 389
351 270
351 306
389 434
223 151
223 211
479 434
133 250
345 351
5 89
95 99
345 261
178 133
479 389
306 345
178 227
95 50
217 223
95 5
217 178
133 223
223 178
345 351
95 5
345 351
389 457
434 479
345 351
479 434
434 389
5 89
434 473
479 434
434 479
217 223
89 5
50 95
261 340
223 217
273 287
223 148
389 457
389 479
473 389
261 335
306 351
434 509
56 95
217 251
5 95
351 345
479 398
95 50
217 133
50 12
473 479
95 5
89 5
345 306
389 479
306 345
351 279
5 65
133 178
389 479
95 5
182 248
319 376
345 351
473 434
89 95
473 434
306 371
351 345
345 351
217 223
223 217
345 351
89 95
133 201
217 178
389 479
5 95
345 306
306 261
178 223
345 351
95 14
434 470
178 223
133 223
178 217
223 133
223 178
306 362
133 223
95 89
345 306
89 50
89 95
473 479
434 458
89 95
178 217
479 473
306 351
351 345
389 473
473 479
261 351
50 95
133 223
5 89
491 504
351 306
351 345
223 217
351 261
261 345
345 351
15 23
389 473
473 389
89 95
223 133
298 307
89 95
223 212
351 306
223 178
89 32
178 223
473 479
227 228
50 95
479 473
351 261
345 306
89 50
217 133
5 95
389 479
89 95
14 81
306 345
133 223
345 351
351 319
351 345
345 306
306 351
50 95
178 169
50 5
345 306
351 345
389 431
50 95
375 276
473 389
95 84
434 417
473 434
473 479
223 142
14 81
345 306
351 345
389 479
178 223
351 345
434 389
473 479
351 345
261 303
5 95
95 5
89 95
5 42
5 122
217 178
5 95
143 162
306 345
133 178
50 95
473 479
345 351
479 389
133 223
306 345
95 89
479 473
434 394
473 479
5 58
389 479
306 351
5 95
178 133
351 261
133 131
50 89
5 95
178 223
473 479
89 3
473 479
389 479
351 261
178 223
89 95
133 217
479 473
95 64
491 397
473 479
479 473
217 133
473 479
351 345
306 351
178 223
306 351
345 351
306 351
261 306
178 223
389 455
89 95
473 479
479 434
223 133
217 178
351 306
389 434
178 223
89 95
306 261
434 479
217 223
5 50
473 479
320 360
217 251
113 83
261 345
223 217
5 95
479 407
389 473
133 223
306 261
178 217
95 23
345 351
389 479
479 473
133 217
178 223
217 157
479 473
306 351
5 95
345 351
5 50
223 151
133 178
89 50
89 50
223 142
223 178
217 178
473 389
351 345
5 89
345 351
306 345
261 345
223 178
345 351
95 5
95 89
351 261
133 223
96 23
479 473
389 479
473 434
345 351
426 435
50 95
473 479
178 240
217 223
345 351
434 479
479 434
89 95
473 434
479 473
473 479
178 223
5 95
480 477
223 133
41 68
95 89
95 50
345 351
5 50
217 133
217 223
217 133
473 392
133 223
217 133
182 138
148 136
95 5
95 89
345 351
50 95
351 306
434 479
345 351
133 217
345 351
345 351
479 447
345 351
217 178
261 351
50 95
5 95
178 223
479 473
133 223
217 223
50 95
89 95
479 473
217 223
5 17
223 217
5 95
5 89
261 351
351 306
374 321
217 223
369 378
133 178
89 52
306 261
351 306
89 50
50 95
5 89
5 95
389 418
50 5
89 95
351 345
261 306
351 261
261 345
356 375
434 479
479 434
351 261
89 5
5 48
20 8
324 297
345 351
389 507
261 306
473 479
95 89
306 351
50 81
473 434
133 178
298 307
479 434
223 133
223 178
133 178
89 95
133 201
479 473
351 345
217 223
5 122
261 345
95 89
452 399
50 95
351 261
50 5
133 223
95 89
479 434
473 479
89 95
320 264
89 50
351 306
306 345
442 478
434 479
217 223
389 457
50 95
217 133
345 351
89 5
473 479
473 479
351 261
271 335
217 223
133 223
375 379
351 270
351 345
217 178
95 14
178 223
473 434
434 480
89 50
326 362
5 89
345 306
217 133
404 392
217 223
351 274
223 142
473 389
5 89
217 178
5 89
95 89
269 261
95 5
345 261
142 228
434 479
95 50
50 95
345 261
223 217
217 223
389 479
306 345
479 473
217 223
95 50
133 223
223 133
217 223
345 351
288 330
306 273
473 479
345 306
5 95
50 95
89 5
223 178
392 448
351 345
351 345
434 479
473 476
351 345
345 351
50 95
345 351
478 491
473 460
223 178
223 178
223 217
452 425
133 178
95 89
99 89
133 223
306 345
279 351
133 217
434 473
179 170
473 479
133 178
473 389
345 306
95 5
178 223
434 479
223 178
5 95
306 351
178 223
5 73
217 223
479 473
306 351
306 351
223 217
5 95
223 148
351 345
351 306
133 217
178 223
89 95
223 178
389 434
223 133
479 434
345 335
95 5
261 345
217 223
345 306
95 76
434 389
95 89
345 351
217 223
345 306
351 345
416 458
196 143
473 434
50 5
261 306
351 371
479 473
95 102
351 345
306 319
50 95
479 434
479 473
345 301
223 133
89 95
217 133
217 223
217 223
480 470
306 345
434 491
495 454
306 351
223 133
351 261
306 351
50 95
95 89
217 234
217 178
133 201
345 306
479 389
454 490
5 95
89 28
351 366
473 479
389 434
223 217
434 479
479 473
95 50
509 424
217 223
473 434
133 223
217 223
133 178
217 133
345 351
369 307
217 223
223 142
473 389
350 335
479 473
389 434
95 5
473 479
473 479
345 351
479 473
261 306
389 473
351 345
89 95
96 93
217 223
95 89
58 14
345 306
178 172
479 473
345 261
479 434
351 302
351 345
217 139
389 479
345 261
89 95
5 95
351 345
473 389
5 95
89 95
434 389
261 345
345 306
434 479
50 95
125 98
96 4
404 448
261 345
351 261
473 481
473 479
473 479
133 217
447 480
178 217
217 133
426 435
133 234
261 303
217 223
50 89
473 479
351 345
89 95
399 418
389 434
473 439
345 351
178 230
223 178
306 351
50 95
479 431
178 212
479 473
473 434
95 89
389 431
434 473
217 133
345 351
345 351
261 351
148 136
5 89
345 351
89 95
479 473
50 53
5 95
345 351
351 306
217 223
95 89
351 348
345 351
133 178
306 351
389 434
223 178
351 306
351 345
473 434
345 351
217 223
306 351
224 238
473 479
434 479
123 119
217 223
223 255
389 479
473 434
50 89
89 68
306 351
273 329
434 389
404 392
217 223
89 95
89 95
320 269
50 30
345 351
434 389
89 95
5 95
434 479
473 434
473 479
178 217
54 13
352 370
351 261
306 345
389 479
345 334
381 360
434 389
178 217
351 306
89 95
178 223
389 434
217 223
50 92
389 473
178 145
345 306
345 261
306 345
217 178
345 306
217 223
223 217
178 174
223 217
434 454
389 473
351 306
306 261
306 351
473 479
473 389
5 14
306 261
448 456
217 251
345 351
89 95
178 223
473 479
133 178
5 95
5 95
89 5
178 217
217 223
95 14
473 479
389 431
345 351
434 473
426 389
479 434
223 217
351 279
351 261
217 244
306 337
345 261
95 123
89 95
479 473
261 306
345 351
351 261
473 479
5 89
261 351
261 351
345 351
89 95
345 351
223 151
133 203
479 389
306 335
345 351
95 89
95 1
178 223
389 473
473 479
223 217
217 176
351 261
345 351
217 223
389 479
467 495
95 89
109 5
345 351
223 133
217 223
50 5
306 351
434 389
95 50
89 95
351 306
133 148
276 264
223 217
50 89
89 5
50 89
125 109
351 279
5 95
178 223
178 133
389 495
473 479
351 285
5 89
217 178
133 223
375 261
473 479
95 50
217 223
434 473
5 89
351 345
345 351
89 42
261 351
50 95
125 104
345 351
50 89
434 479
50 89
217 223
261 351
479 473
479 434
95 14
217 178
89 95
345 351
389 479
133 223
351 306
345 351
95 89
211 207
223 217
89 0
389 479
345 351
473 479
389 479
310 361
434 473
223 178
306 351
50 95
351 306
89 95
217 223
389 473
5 89
5 95
261 326
89 5
345 306
473 479
345 306
345 351
95 5
178 223
473 396
389 479
479 389
434 402
351 306
5 95
457 389
351 306
178 133
249 150
253 223
479 398
345 351
5 75
351 306
5 95
89 119
473 479
217 206
389 479
217 178
306 285
434 479
261 263
217 223
434 479
50 95
223 133
125 5
95 50
223 217
479 473
351 338
89 71
351 261
223 217
121 96
95 89
351 335
217 223
89 50
261 329
345 351
345 351
389 479
5 95
223 133
5 56
345 261
473 479
249 164
178 217
89 95
178 223
217 223
178 210
435 488
473 389
89 95
223 217
401 464
89 5
479 473
351 306
5 89
5 95
217 223
95 89
306 261
95 89
133 178
42 51
95 89
50 53
448 397
217 223
479 434
5 95
223 178
95 71
434 486
479 473
193 246
479 473
306 351
306 266
479 473
479 389
352 292
143 162
473 434
351 345
133 178
434 479
389 479
473 434
261 351
217 223
261 351
95 50
151 223
261 306
306 261
434 479
345 261
389 473
479 407
479 473
217 223
95 89
306 351
145 249
306 345
351 345
89 95
89 50
434 389
306 261
42 94
261 306
473 389
223 178
381 351
351 306
473 479
434 473
217 223
261 345
178 223
178 223
178 133
217 178
178 211
178 223
89 95
479 473
94 20
133 217
473 479
223 217
389 473
261 345
306 351
306 351
306 351
351 306
434 479
89 20
351 345
217 223
351 306
89 95
351 345
95 5
479 434
89 95
50 95
178 133
306 351
389 434
345 351
5 95
473 434
351 261
345 306
95 5
479 473
345 261
143 162
434 389
261 345
473 464
261 333
345 351
89 50
479 473
95 39
389 479
89 5
261 345
95 50
217 223
178 223
473 479
95 50
449 414
5 95
5 50
261 306
178 223
345 261
473 479
223 142
89 95
133 217
80 5
261 351
351 306
389 457
95 5
217 133
367 298
217 238
217 190
261 351
345 261
133 217
389 479
223 217
89 95
261 351
89 95
307 383
95 89
473 479
345 351
5 50
473 479
217 228
389 431
479 402
345 351
389 434
50 95
217 206
261 351
17 125
298 307
95 89
50 95
345 261
178 223
345 351
50 72
133 184
95 89
50 42
217 211
133 178
345 351
389 479
178 223
389 434
351 261
345 261
133 217
5 95
434 479
89 95
306 351
50 89
95 89
50 5
479 434
479 434
351 306
223 217
223 217
223 217
479 473
217 133
192 162
473 479
434 473
261 351
133 201
261 345
389 479
479 434
50 5
473 479
89 55
473 389
217 223
261 345
261 351
351 279
473 434
434 401
217 223
178 133
261 369
50 5
345 351
89 5
187 133
217 178
95 50
473 479
345 351
95 89
261 351
178 223
148 136
58 80
479 473
479 434
133 158
178 133
50 95
345 351
434 479
434 479
89 95
306 376
345 363
425 452
217 223
95 89
473 434
434 479
345 351
223 217
95 50
178 217
68 15
473 479
473 479
50 89
389 448
473 479
335 377
345 306
351 345
479 434
261 329
5 95
133 207
5 89
5 95
133 248
345 351
473 434
178 223
217 223
217 178
473 389
223 151
50 5
306 319
89 95
95 89
473 479
133 223
223 217
473 479
389 434
389 479
95 89
50 95
178 223
133 178
178 217
345 351
345 328
473 479
434 479
223 178
89 95
178 217
306 341
389 479
389 434
95 89
50 89
345 306
479 473
50 95
217 223
345 331
434 473
434 398
133 223
5 95
306 351
351 261
223 178
95 5
351 261
389 473
50 95
306 351
223 222
178 223
389 434
89 95
479 473
473 389
306 261
50 89
345 261
351 274
191 224
133 223
484 503
133 223
5 89
473 389
479 488
223 217
178 223
178 217
351 279
381 350
345 351
434 479
480 468
223 207
351 270
473 403
351 345
306 351
5 95
95 5
89 95
50 95
447 504
377 299
217 223
345 351
306 351
351 306
89 95
249 183
434 479
389 473
297 324
297 299
345 351
95 5
223 217
306 351
95 89
473 434
223 151
178 223
89 50
306 261
389 479
5 89
351 345
133 223
223 217
479 473
473 479
479 473
479 434
50 89
178 234
345 261
95 50
253 214
133 178
89 95
479 473
5 50
178 223
95 89
473 434
5 50
15 79
217 223
50 95
261 345
89 95
178 205
50 5
434 479
50 95
434 473
178 223
473 479
217 178
133 217
15 34
89 95
223 217
345 306
473 434
95 89
223 142
95 14
473 389
5 95
178 217
89 95
95 50
389 457
306 351
473 434
473 479
89 5
235 141
178 133
306 351
306 351
479 473
306 351
434 389
306 351
261 351
50 95
50 89
479 509
389 484
95 5
473 479
133 223
351 261
270 356
196 143
223 217
217 223
401 432
178 133
89 95
479 434
89 95
270 337
81 42
217 223
178 217
261 351
223 217
50 95
345 306
479 473
389 434
389 473
434 473
261 306
178 133
434 473
223 217
345 261
89 95
223 217
95 5
345 351
217 223
434 479
223 217
50 5
351 270
473 479
479 434
223 217
5 95
178 223
223 217
345 351
351 345
89 95
345 351
89 95
389 479
95 89
345 351
389 434
351 306
5 50
223 142
5 50
345 351
178 137
351 345
95 89
306 345
479 473
389 479
306 345
95 5
223 217
89 95
261 351
389 431
217 223
351 309
89 95
479 473
345 306
479 473
434 473
448 436
223 178
345 261
89 95
345 351
345 261
5 95
351 261
345 351
479 473
389 479
261 340
50 95
178 182
306 351
345 266
217 223
261 351
89 95
50 95
50 60
223 133
483 478
89 5
50 95
389 473
50 95
351 345
345 306
95 89
133 223
306 375
434 479
479 473
345 375
217 178
479 473
223 217
89 95
217 178
95 110
479 407
5 89
351 261
5 73
376 339
389 434
50 95
345 351
345 351
95 89
95 5
95 89
89 30
473 479
381 315
434 479
261 351
89 95
389 479
351 345
479 402
479 473
65 34
89 24
95 89
95 50
89 95
50 95
142 209
434 410
50 95
217 223
79 96
351 345
351 299
434 407
345 351
479 434
351 345
50 55
345 351
306 351
345 306
473 434
5 95
89 95
89 50
178 223
95 50
95 50
402 449
133 217
479 473
345 306
217 178
95 5
223 178
133 178
434 479
319 352
89 5
306 309
306 351
261 351
95 5
217 223
261 351
307 377
345 306
223 142
473 479
217 223
217 223
228 247
217 223
320 264
434 479
479 473
184 133
89 123
178 133
5 95
89 107
133 217
217 133
89 5
306 341
133 223
434 447
95 89
434 389
345 306
217 178
306 261
89 95
223 178
178 246
20 8
389 479
261 306
473 479
261 306
133 178
89 95
217 133
479 407
5 89
351 345
50 5
223 217
306 301
141 235
95 50
434 505
89 95
482 463
95 31
483 434
95 89
345 351
217 178
261 339
473 479
89 50
434 389
5 89
351 345
50 95
473 479
217 223
479 398
95 89
351 345
5 73
89 95
178 220
473 434
89 5
345 351
217 133
261 351
351 345
434 479
345 351
223 133
95 89
217 133
434 479
351 306
389 473
351 279
261 351
345 351
95 5
345 351
192 174
95 50
497 442
133 217
306 351
306 337
261 351
217 133
89 50
479 473
479 473
5 89
95 89
306 351
389 479
389 479
223 217
223 217
261 312
479 398
133 175
223 142
337 269
351 345
479 434
223 178
473 389
473 479
223 217
345 351
351 345
133 217
95 50
389 434
479 407
434 473
463 447
133 238
5 89
345 306
89 5
479 434
479 434
217 223
217 223
479 389
95 89
306 261
261 351
217 223
217 223
389 398
217 223
178 223
217 223
306 351
89 5
178 181
345 351
95 50
473 479
297 378
95 50
389 473
217 223
217 178
479 434
89 5
473 434
217 178
223 217
50 95
355 265
50 93
434 389
217 178
345 261
438 399
223 217
276 264
345 351
217 178
217 223
261 345
356 375
345 351
95 50
223 217
133 223
473 389
479 434
50 5
345 351
473 479
178 223
95 50
473 479
133 178
89 95
99 29
434 479
389 479
473 434
223 217
479 389
351 345
473 389
345 306
5 51
306 269
389 479
434 389
5 95
479 414
389 434
479 434
298 307
345 351
434 479
217 223
306 351
473 479
261 351
389 479
217 223
345 351
5 95
223 217
351 345
345 351
479 473
89 95
261 345
223 178
217 178
306 351
306 351
217 145
50 41
223 178
345 351
345 351
178 128
479 425
178 223
261 351
223 217
351 286
479 473
5 50
479 389
217 178
89 95
345 281
217 178
502 426
89 106
95 89
434 443
133 175
389 479
306 351
95 5
89 95
133 223
306 351
50 5
351 345
434 389
345 351
5 89
89 95
95 50
95 89
479 389
217 223
50 59
50 109
389 479
217 223
351 345
223 133
473 479
133 217
89 50
223 217
217 223
351 306
143 211
306 351
306 301
89 5
121 15
351 345
95 89
306 345
223 217
306 261
5 95
133 217
89 0
473 464
473 389
389 479
89 95
178 223
217 223
351 345
223 217
50 89
50 95
351 345
89 88
389 434
351 261
345 351
89 50
479 473
479 473
89 95
389 479
479 473
217 223
133 178
276 264
345 261
5 95
434 479
178 223
351 306
89 95
50 102
89 97
261 329
217 223
261 306
89 82
389 479
457 434
479 473
133 217
465 426
479 473
389 431
95 89
217 223
178 133
95 50
479 434
306 351
179 162
345 351
133 175
95 89
306 351
89 95
95 50
261 351
217 223
178 223
113 58
261 351
217 223
89 50
178 223
89 95
89 5
389 473
345 261
351 345
223 217
89 95
89 95
479 473
473 434
223 217
5 95
345 351
89 95
50 86
473 479
479 389
351 345
50 5
223 133
5 47
306 351
50 89
217 223
345 279
271 335
133 178
389 479
434 494
113 58
95 89
223 178
223 217
345 351
217 223
479 473
473 434
89 95
480 386
345 351
223 133
89 95
223 133
307 345
306 345
479 423
509 434
223 217
351 345
479 389
345 351
351 306
345 261
479 473
95 89
50 89
217 223
125 83
261 351
473 402
50 95
178 223
261 345
223 217
473 479
5 89
249 161
345 351
345 339
479 434
447 504
95 89
89 95
434 389
217 223
389 466
95 89
89 95
5 95
223 133
89 95
351 306
473 479
95 50
345 306
351 306
351 345
306 298
473 434
5 95
89 1
89 95
434 479
345 351
479 473
5 89
95 5
345 351
95 89
306 345
89 95
89 5
479 473
89 50
479 434
479 473
133 178
217 178
389 479
351 345
345 261
89 95
261 303
89 21
447 480
389 479
89 95
351 306
479 389
345 351
345 306
95 50
217 223
473 434
178 223
95 50
89 95
143 162
351 339
473 434
479 434
389 434
479 389
223 234
306 261
351 273
261 351
351 306
351 306
473 479
389 476
479 389
217 133
217 166
306 351
350 353
261 345
223 178
345 351
434 389
223 133
89 50
261 351
473 479
217 178
351 345
345 351
389 473
95 89
217 223
306 261
223 178
306 274
5 95
389 479
217 223
479 473
196 169
434 473
89 50
133 221
345 329
434 473
345 261
95 5
389 473
68 15
224 154
133 217
345 335
133 217
345 351
345 306
479 398
5 95
389 434
95 23
306 345
133 148
50 95
223 133
133 217
50 95
217 223
434 473
217 223
351 345
89 95
345 351
133 223
434 413
50 95
261 351
133 223
261 263
89 95
389 473
133 223
89 95
473 479
223 178
5 4
95 50
193 136
473 479
473 479
351 316
217 178
473 389
50 8
473 479
95 8
389 479
345 261
217 178
223 178
306 318
306 351
5 17
178 223
261 345
345 306
434 479
89 95
178 136
345 351
306 351
389 478
133 223
473 479
5 56
479 473
401 477
389 434
89 95
89 50
261 345
324 297
178 217
223 217
261 351
95 50
306 351
89 95
345 363
434 389
178 223
434 472
95 89
175 133
178 223
89 5
345 351
345 351
306 351
261 306
5 89
95 89
89 95
89 5
89 5
261 351
479 473
306 351
217 223
473 479
479 473
479 389
5 95
89 5
310 335
306 262
261 306
479 389
217 223
389 473
473 419
345 351
473 479
473 389
345 367
5 95
95 89
473 479
217 133
479 434
389 434
217 133
95 5
434 479
434 479
473 389
306 273
99 6
351 306
273 310
389 404
133 178
217 223
5 95
89 95
178 223
351 261
89 95
345 351
223 133
89 95
389 479
133 223
479 389
345 351
217 223
133 223
182 251
89 5
89 123
345 306
217 133
217 133
95 89
356 375
345 351
345 372
20 64
473 479
314 339
351 279
479 473
178 223
297 309
434 479
276 320
479 423
261 351
217 223
5 89
479 434
5 89
448 463
434 479
217 223
389 479
5 73
133 136
133 175
5 73
5 47
261 374
479 473
217 178
306 349
345 351
479 473
89 95
5 81
89 95
223 178
479 389
442 497
434 479
479 473
133 239
89 95
223 133
261 351
89 95
479 434
50 89
178 217
261 339
50 95
50 61
473 389
178 223
473 479
473 479
351 306
389 479
345 331
355 380
345 306
217 166
95 50
89 95
89 50
217 133
261 351
133 178
178 223
351 345
50 123
63 96
5 95
133 217
217 223
351 345
345 261
148 249
434 447
473 479
178 133
95 50
345 306
356 270
479 389
89 95
473 479
217 177
5 89
50 95
434 389
306 351
479 389
5 26
89 95
351 345
58 113
351 379
89 5
89 5
389 473
480 449
64 93
50 5
133 223
473 479
217 178
261 345
479 473
89 95
89 95
5 73
355 374
50 5
345 351
345 351
473 479
89 95
479 473
399 452
5 40
217 223
281 362
306 351
306 351
261 351
89 5
223 178
298 350
217 223
241 186
50 95
351 261
479 398
50 95
95 50
345 272
479 389
345 261
178 223
351 306
473 479
5 47
448 485
143 207
5 95
261 303
434 479
89 95
509 496
223 142
351 306
345 351
389 479
479 434
351 279
5 89
389 460
345 351
345 351
178 223
351 345
5 89
223 217
351 345
306 311
15 34
133 178
249 167
89 95
253 227
178 223
345 351
133 184
458 483
178 223
95 89
178 223
217 223
223 133
479 398
351 345
473 389
5 89
351 345
15 79
223 217
178 217
389 479
95 89
351 345
345 306
479 389
479 434
51 80
479 473
89 57
133 179
261 351
399 463
479 473
479 473
223 133
121 44
223 178
217 237
297 273
303 261
227 181
133 223
401 509
178 217
351 306
178 223
345 351
479 389
479 475
389 479
351 345
434 479
217 178
217 223
217 223
133 178
50 89
217 178
297 334
389 488
345 261
479 473
217 223
89 95
345 282
5 89
217 223
95 5
178 217
473 434
389 479
389 479
261 351
89 5
261 345
100 119
217 223
133 151
223 217
178 217
89 95
95 89
5 95
397 389
89 95
5 95
89 95
479 473
473 434
170 179
351 261
217 223
133 223
89 95
398 465
479 494
95 50
89 95
473 479
479 434
351 345
89 95
223 142
5 93
133 201
389 509
473 434
434 389
479 473
223 217
345 351
389 491
89 95
217 223
389 479
50 5
389 479
133 246
261 351
345 351
89 95
438 452
473 479
473 389
133 178
50 89
261 351
261 306
306 351
261 351
95 56
89 50
389 479
351 261
217 223
261 351
217 178
261 345
95 3
345 319
261 351
89 95
178 223
95 89
473 389
217 223
389 479
479 473
345 351
178 217
351 261
345 261
306 351
89 95
133 176
95 50
5 89
306 314
217 223
345 306
479 473
345 378
217 223
434 473
217 178
95 89
298 307
351 261
5 50
223 178
217 223
479 389
217 223
217 223
306 351
355 261
345 351
479 407
217 178
389 473
345 351
133 170
95 19
345 351
133 178
351 306
217 223
479 434
223 133
223 217
223 133
345 306
223 133
133 217
351 306
435 422
121 83
217 223
276 264
306 351
178 223
434 406
345 351
351 306
95 89
50 95
50 95
95 82
479 473
127 95
473 479
5 77
89 95
434 479
50 95
217 178
217 223
217 133
351 306
50 89
5 50
261 345
261 303
217 199
261 351
217 223
345 351
261 351
351 306
473 479
223 133
89 95
223 178
95 5
5 73
89 95
351 345
473 479
479 398
389 434
223 133
5 89
5 95
351 306
389 479
235 147
404 490
479 389
50 95
351 345
169 196
217 223
351 345
351 306
178 223
41 123
178 133
473 434
217 223
133 253
345 351
95 85
217 178
351 306
389 434
217 223
89 95
473 434
351 261
434 473
345 351
434 479
345 351
377 376
5 89
389 479
217 223
434 473
306 345
351 339
143 207
473 479
223 217
89 95
89 95
434 479
217 223
223 133
434 479
351 261
133 223
479 473
178 217
473 434
389 479
133 211
479 389
133 223
479 502
5 89
223 217
89 92
89 95
217 175
351 345
389 479
345 351
306 351
473 479
5 97
306 261
473 389
5 95
217 133
351 306
217 223
5 17
473 479
89 95
89 95
50 95
133 196
351 345
223 230
351 345
351 345
381 276
5 95
310 284
133 223
89 119
345 351
306 261
50 95
5 95
223 151
434 479
479 473
306 261
389 479
351 306
50 95
434 399
345 351
249 148
50 57
351 345
434 479
95 89
261 306
217 133
473 479
133 223
217 223
389 431
95 5
434 473
95 89
448 475
217 133
223 133
479 473
473 434
95 89
345 351
178 223
217 133
473 479
133 223
473 389
473 388
217 178
217 178
5 95
261 351
297 358
133 178
133 201
5 95
473 389
223 133
5 95
351 345
479 389
5 95
5 48
351 345
89 5
217 133
50 94
217 223
345 306
178 210
5 95
95 89
479 389
389 479
95 50
261 351
351 261
434 444
389 434
479 473
389 473
89 5
143 211
351 306
306 351
261 345
261 345
89 95
95 89
473 479
95 89
143 211
89 95
389 434
217 223
389 479
345 351
50 43
345 351
351 306
178 189
306 282
345 351
345 351
473 389
306 351
223 178
473 389
223 205
143 211
389 479
217 178
473 479
217 223
217 223
434 479
345 351
479 473
223 217
473 389
345 261
223 217
223 217
223 217
473 479
350 272
223 217
89 95
223 217
133 225
389 434
217 223
89 50
389 479
467 505
479 407
178 223
473 434
479 473
89 95
223 178
425 442
217 223
133 217
351 345
89 50
95 89
434 479
89 5
369 314
217 179
217 133
442 497
351 345
473 434
345 351
261 306
217 223
89 95
345 351
389 392
5 95
479 434
479 473
95 50
479 398
473 479
5 95
217 133
223 133
351 261
178 243
95 79
217 223
95 89
351 261
479 398
5 95
178 217
261 351
479 473
473 479
217 178
95 89
473 479
434 479
223 178
217 178
95 50
95 89
479 398
336 306
351 345
479 389
239 170
261 351
217 223
133 217
178 217
217 223
351 306
345 261
339 367
297 324
351 345
389 431
345 351
133 223
133 223
217 223
351 306
95 5
345 351
5 95
345 351
50 89
345 306
217 223
479 473
217 223
473 479
133 178
217 207
261 259
89 95
89 95
217 223
306 351
473 479
95 14
389 479
306 351
223 217
223 217
223 151
223 133
133 175
448 467
345 306
89 50
223 178
17 46
345 351
133 238
58 89
261 339
351 339
217 223
121 46
178 223
389 440
434 479
178 223
345 351
261 351
217 178
345 261
261 351
95 14
5 89
89 95
89 95
306 351
306 261
351 279
50 95
434 473
473 434
95 50
306 351
5 95
89 95
223 178
345 261
261 345
389 479
89 50
95 5
217 223
351 306
223 217
133 217
95 50
306 351
345 351
251 253
479 469
401 394
170 226
389 473
389 479
434 479
217 133
306 351
306 264
217 223
479 473
351 345
5 89
345 261
50 117
50 89
178 223
217 178
473 434
261 306
261 306
306 351
5 95
307 311
133 223
479 473
89 95
133 208
306 351
89 95
479 404
306 345
389 479
223 217
5 89
95 50
223 217
217 178
345 363
223 217
261 306
178 223
261 306
133 217
473 389
223 217
95 89
133 178
351 306
50 95
389 490
50 95
133 178
345 306
306 300
217 178
351 345
217 223
434 479
473 479
473 479
389 479
479 473
389 479
223 133
217 223
434 481
351 279
89 95
89 95
178 223
261 345
217 178
95 89
473 479
217 160
178 223
50 89
479 434
306 345
389 479
133 223
381 315
217 223
351 371
217 223
179 228
473 431
273 381
473 479
133 191
95 50
133 198
133 223
89 50
179 214
95 50
217 223
473 479
95 125
345 351
434 479
345 351
261 345
133 217
217 223
306 351
345 306
473 479
479 407
142 133
351 345
345 351
95 89
434 479
345 261
351 261
261 351
89 95
351 345
89 95
50 89
389 473
345 351
217 133
401 509
345 351
5 95
351 306
473 479
345 351
479 473
306 351
351 345
261 281
89 95
434 479
217 223
217 223
306 345
434 479
178 223
133 223
178 223
351 345
89 50
89 95
319 352
95 50
217 178
15 83
217 207
217 178
217 178
89 95
5 50
178 217
5 95
389 449
5 29
89 95
345 351
351 345
224 254
95 30
5 95
217 223
217 223
217 133
389 434
473 479
95 5
182 250
473 479
89 95
479 434
95 25
178 133
389 434
345 351
89 95
351 306
290 270
89 95
133 223
133 208
351 345
50 95
434 479
389 461
178 223
223 217
223 243
95 89
473 434
473 479
473 479
89 95
5 81
89 95
196 169
345 351
306 351
187 208
95 89
217 141
345 306
261 306
178 245
345 306
473 434
89 95
434 479
217 133
217 223
473 479
5 95
95 50
217 178
95 79
399 463
473 479
261 290
261 345
89 95
217 223
491 397
261 351
223 217
89 117
381 279
351 306
404 392
434 389
473 434
133 223
473 479
95 5
351 345
89 50
261 351
99 62
95 89
345 363
345 351
217 178
276 264
473 479
345 261
473 479
345 351
355 315
345 351
148 249
89 95
351 306
133 223
351 345
133 223
351 306
89 95
223 217
133 217
306 351
479 439
479 473
479 434
178 223
473 479
89 46
95 89
89 50
479 473
473 434
50 2
412 434
306 351
507 503
178 133
95 5
5 50
345 261
223 151
306 345
89 95
389 479
169 196
335 339
89 95
351 352
473 479
95 89
483 402
261 322
473 479
253 213
95 50
95 89
89 5
351 345
95 89
337 298
479 473
95 50
217 223
217 148
89 50
261 288
320 302
89 95
479 473
345 261
306 261
133 237
217 223
345 351
490 454
473 389
223 217
306 261
89 41
223 217
133 175
479 473
95 50
217 223
374 269
223 178
261 329
434 479
178 223
351 306
223 151
50 95
448 444
261 351
217 178
5 89
223 133
473 479
351 345
178 150
473 479
389 434
89 95
223 217
473 389
89 95
306 263
223 151
50 89
133 223
217 133
5 95
261 306
479 389
434 479
223 133
89 95
133 223
89 95
133 223
178 133
306 351
94 86
479 469
89 95
261 345
217 178
5 39
217 223
50 5
473 479
223 178
306 351
479 473
351 345
345 306
95 50
473 479
89 5
5 89
95 89
178 217
345 351
50 95
217 178
223 217
389 457
89 95
223 217
95 5
217 223
345 350
217 133
434 389
217 178
434 479
50 47
345 261
261 327
473 479
389 503
50 95
223 178
89 50
5 95
261 319
434 473
306 351
133 217
89 95
95 50
306 261
434 479
473 479
89 50
89 50
438 407
389 479
261 351
89 95
148 192
479 439
306 351
217 223
261 351
389 461
133 223
179 147
479 434
351 306
217 178
89 50
178 145
223 217
217 223
479 389
217 223
479 389
89 5
389 467
434 473
345 351
345 261
479 473
345 351
100 51
178 223
50 63
473 479
217 223
351 334
352 376
223 217
307 363
217 223
473 479
351 261
217 133
223 217
345 351
50 95
389 434
178 133
345 351
50 95
5 95
142 209
345 351
479 473
479 389
351 345
351 261
217 178
229 145
5 50
345 351
261 350
89 95
209 141
217 133
50 89
217 223
389 479
196 143
95 89
5 79
95 5
50 89
479 398
89 5
345 326
5 95
434 511
306 345
95 5
217 223
345 351
479 473
351 306
5 89
223 217
178 223
178 223
5 95
479 434
473 479
89 70
345 306
261 351
95 23
261 306
5 95
345 351
5 89
89 95
261 306
50 95
473 389
345 306
271 335
447 457
479 473
473 479
145 211
223 133
345 351
473 479
351 345
434 414
223 178
345 351
389 479
178 223
95 5
89 95
50 95
217 223
133 178
95 50
261 303
178 223
89 95
223 212
261 345
217 223
479 434
473 479
217 133
5 50
95 89
95 89
5 96
217 223
217 158
345 351
389 479
351 306
133 227
345 351
178 133
261 306
217 223
50 89
345 351
64 94
217 223
217 178
89 50
345 351
217 223
89 95
133 223
261 351
389 434
223 217
389 434
345 261
223 217
178 223
345 351
89 50
89 5
261 306
351 279
306 300
473 479
473 389
178 133
434 473
351 306
178 223
178 223
217 223
5 73
178 207
95 89
5 127
5 50
89 50
217 223
50 95
351 345
479 407
473 485
505 485
434 473
89 95
89 95
89 95
50 95
217 223
145 235
217 223
95 14
223 178
74 100
249 226
223 133
89 95
5 95
351 345
502 397
306 273
223 217
133 223
306 261
148 192
434 473
133 217
100 119
473 494
89 50
473 407
89 95
223 217
473 479
261 351
345 351
120 63
345 261
217 237
173 178
345 351
473 482
133 201
223 178
50 95
50 95
223 151
434 479
473 479
389 434
479 432
50 89
223 133
351 345
434 479
479 473
217 223
133 241
261 306
306 351
306 345
223 133
473 479
324 271
261 351
473 479
223 217
479 473
89 50
50 95
398 465
377 273
133 223
261 345
207 182
95 123
223 217
89 5
473 479
479 473
95 89
473 479
223 245
351 306
473 389
133 223
160 202
351 345
261 306
5 95
473 389
261 286
473 389
261 351
261 351
95 5
50 95
509 464
133 223
389 401
223 217
479 507
345 351
351 345
95 50
50 5
178 223
89 50
89 50
345 351
223 178
217 133
64 19
261 329
351 261
434 479
89 95
345 351
223 221
345 306
389 473
50 95
345 261
434 389
345 351
351 345
5 107
351 345
306 261
223 133
95 14
5 50
50 5
217 223
261 351
223 142
351 345
473 389
434 479
5 95
345 261
345 351
89 50
217 178
434 479
5 89
434 389
100 14
479 473
315 288
217 178
261 345
389 473
261 351
389 473
217 223
50 17
50 29
351 345
350 302
261 306
261 351
389 473
217 223
81 42
261 351
389 400
50 19
261 306
223 241
5 89
89 95
473 479
95 5
389 504
182 216
89 95
389 473
192 141
95 5
50 95
5 89
89 5
223 133
479 434
345 351
473 434
389 479
389 479
133 223
89 5
389 479
178 223
217 223
479 389
223 217
125 72
479 460
345 351
217 142
178 223
89 50
178 223
345 351
434 389
351 345
473 479
178 223
50 89
179 168
351 345
297 274
89 95
351 261
473 434
217 223
306 351
217 223
68 15
261 306
217 133
345 351
351 306
350 297
473 479
89 95
345 306
479 389
389 479
345 275
95 5
434 404
306 351
351 345
95 89
473 398
479 434
145 225
217 223
345 355
473 479
89 5
133 217
261 306
306 351
223 133
89 95
223 178
479 473
95 5
306 345
217 178
473 479
50 5
306 312
345 261
50 5
389 434
473 479
5 89
261 286
426 435
5 89
434 473
261 345
5 95
50 95
50 89
261 306
89 95
389 479
473 479
223 128
473 479
89 95
223 217
306 261
351 261
223 217
142 223
306 351
89 95
473 479
5 97
261 306
351 306
479 389
89 5
479 434
473 479
217 178
389 442
473 506
223 217
133 217
389 473
89 95
133 223
261 351
178 138
89 95
351 261
50 95
89 95
89 95
5 95
473 479
89 95
351 345
369 330
223 133
306 367
223 217
223 133
473 479
261 345
89 50
479 500
473 479
345 351
479 407
434 473
261 351
389 431
502 495
389 479
479 389
223 133
223 142
223 178
223 217
442 434
473 479
5 50
473 479
345 351
434 479
345 261
223 133
217 223
95 89
223 217
345 351
89 95
223 178
217 223
345 306
223 237
217 178
473 434
217 223
306 261
217 178
95 89
389 479
473 479
479 473
345 351
306 261
50 25
95 50
217 223
223 151
223 217
217 140
217 223
217 223
125 12
389 434
434 479
89 95
345 306
479 407
351 306
217 178
217 133
389 479
306 273
434 494
473 479
217 223
133 223
389 479
473 479
479 473
389 479
306 351
50 95
123 119
5 95
217 223
339 352
434 479
217 178
351 345
89 23
50 5
217 178
434 479
5 95
473 434
95 89
223 178
389 479
89 50
473 467
261 330
223 246
473 479
473 479
261 301
89 95
351 345
351 306
223 183
351 306
133 223
95 50
345 261
95 89
95 89
217 223
217 223
233 223
351 345
89 95
5 47
351 261
89 5
506 434
217 223
473 434
345 351
473 389
425 456
133 223
306 351
351 306
434 479
261 345
351 306
479 473
217 178
223 217
306 261
473 434
223 160
351 345
306 351
89 95
345 351
89 95
5 50
479 389
306 351
182 178
473 479
261 345
5 89
473 479
95 89
345 351
473 434
306 367
95 75
5 47
89 50
425 454
50 89
223 217
217 133
50 5
345 306
223 217
345 351
217 178
306 351
351 345
223 151
223 178
434 473
217 223
389 489
306 351
95 13
50 121
473 389
389 479
345 351
479 476
178 223
133 223
50 95
351 345
89 95
89 95
345 351
5 89
89 95
133 223
473 479
381 292
178 217
178 223
491 397
448 403
261 351
473 479
95 5
345 351
464 434
223 217
13 107
473 479
389 479
50 8
5 50
223 217
389 473
434 479
351 306
345 351
5 95
345 351
89 95
351 261
217 223
345 351
178 223
50 95
50 5
479 434
389 434
434 479
345 306
306 352
389 473
178 171
473 479
50 95
479 389
473 479
473 479
5 50
351 345
223 217
89 95
50 89
133 229
345 333
217 223
178 133
223 133
50 95
351 256
247 251
217 133
345 351
389 473
351 261
217 223
351 345
95 89
350 307
389 473
389 479
434 479
399 463
50 95
351 306
182 134
178 223
473 389
479 398
345 284
345 351
217 223
223 178
351 306
306 351
89 42
306 351
5 89
5 95
89 5
178 223
473 389
345 306
133 175
41 10
389 473
89 95
351 345
123 119
479 473
479 473
5 95
89 95
345 351
5 125
223 178
217 223
95 89
352 335
5 95
5 89
351 345
389 479
351 345
89 95
5 89
178 223
345 351
89 50
351 345
473 434
89 95
473 463
351 270
178 223
223 133
50 5
111 42
89 50
89 95
261 345
89 50
95 89
99 59
351 306
223 217
479 473
50 95
223 178
479 444
121 83
389 479
351 345
217 223
473 479
178 133
389 479
95 89
351 261
217 223
5 95
479 385
89 95
261 351
223 191
399 463
261 351
473 479
89 50
217 223
217 223
261 286
351 345
306 351
89 5
89 5
217 223
89 95
228 247
178 133
261 351
133 178
223 217
261 351
261 351
345 261
133 217
345 282
351 261
389 399
95 14
345 306
473 434
473 434
261 306
345 378
89 95
261 275
223 217
434 473
473 479
89 95
473 389
223 178
89 50
261 345
473 479
89 95
89 95
223 178
351 261
50 95
95 89
50 89
389 473
473 479
89 95
217 223
345 351
223 133
473 434
351 306
223 178
133 223
351 261
178 223
223 178
223 217
363 269
217 223
478 414
50 100
89 50
50 89
273 301
217 223
479 473
217 223
306 345
95 89
217 133
297 324
89 95
473 389
5 89
133 178
178 237
261 306
434 479
261 279
95 71
479 473
223 133
133 178
350 298
478 423
351 345
479 398
473 479
223 217
224 180
133 217
178 223
473 389
95 50
178 223
223 153
473 389
306 319
178 223
434 473
345 351
345 351
95 89
405 434
95 50
261 351
89 50
473 389
217 133
217 223
502 449
351 345
223 133
438 395
223 211
89 95
345 306
505 459
473 389
179 142
389 473
261 345
306 261
306 351
351 345
133 185
389 457
217 178
95 89
115 54
473 479
473 479
182 178
95 89
89 5
133 223
345 261
473 479
5 31
473 479
95 89
5 95
351 306
217 223
306 345
133 223
89 50
217 208
217 178
95 5
50 95
434 473
178 188
345 351
217 178
217 178
133 178
345 311
5 50
217 223
50 95
377 336
473 389
389 473
389 472
95 89
50 89
89 95
389 434
223 217
473 389
473 434
217 223
261 351
133 223
351 306
178 131
89 95
50 95
345 351
95 89
434 443
223 217
473 389
473 479
389 458
389 479
95 71
351 345
95 5
345 351
178 217
434 506
351 355
5 50
223 142
479 434
434 473
217 223
217 223
96 72
95 8
261 306
89 95
50 95
261 345
223 133
434 473
223 217
479 473
5 95
351 345
473 479
479 473
217 223
345 261
5 89
351 261
50 28
5 89
89 14
89 95
306 351
5 57
217 223
306 345
217 158
345 351
95 89
306 345
261 345
389 479
50 95
223 182
223 133
434 479
217 192
389 473
95 14
133 223
89 94
345 341
133 178
351 261
217 133
473 479
306 357
345 351
479 398
434 473
351 345
133 201
306 261
261 319
58 113
217 178
434 389
479 414
345 351
306 351
261 345
133 241
473 479
133 223
479 477
345 351
217 223
261 306
178 223
479 463
306 269
82 50
178 217
217 209
217 223
5 95
473 434
479 473
351 345
217 223
479 389
89 50
178 223
95 5
95 50
281 356
5 89
389 473
89 95
95 50
306 351
351 306
89 95
434 479
5 89
95 122
389 479
95 5
389 479
217 223
434 479
479 473
5 95
351 261
473 479
178 223
479 473
89 5
133 223
351 345
118 65
50 95
345 351
345 351
178 223
217 178
351 274
473 434
50 95
261 351
89 50
95 89
479 389
306 351
389 418
434 479
178 223
389 473
223 217
473 389
89 95
178 223
133 206
133 201
89 95
483 405
306 345
261 351
217 178
133 201
389 479
434 479
261 351
89 5
351 257
261 351
95 50
217 133
345 306
133 223
479 473
133 223
223 133
473 389
178 223
217 178
345 261
399 389
479 389
473 479
217 223
223 217
178 171
389 401
217 223
434 389
479 473
89 95
5 89
306 351
345 351
65 2
95 28
351 335
45 54
479 402
389 479
50 89
223 217
89 5
345 261
351 261
351 306
133 175
389 414
306 351
5 7
479 389
479 473
217 223
473 479
133 178
89 95
479 473
178 223
217 223
50 95
261 351
434 389
106 83
223 217
389 479
345 306
434 479
217 178
345 351
50 89
404 392
473 434
95 14
217 178
223 178
178 217
228 142
95 89
223 217
5 73
434 473
473 479
223 217
354 307
479 480
306 351
133 223
345 351
434 401
345 306
306 356
389 388
351 306
473 389
223 217
479 473
261 351
133 178
178 217
13 83
223 178
345 351
133 223
479 389
223 133
479 473
192 226
50 95
217 223
95 89
351 261
133 217
389 473
95 50
5 89
306 333
5 59
479 473
345 351
217 223
217 223
223 191
223 133
345 306
345 351
339 335
306 345
480 459
223 178
50 95
142 228
479 473
5 95
95 113
261 306
389 457
51 42
434 473
50 98
217 178
351 279
95 115
389 404
89 95
5 95
95 89
479 404
330 356
483 509
473 479
133 178
178 223
261 306
351 306
351 261
217 223
434 479
223 178
20 8
89 50
89 95
473 434
223 217
473 479
217 133
345 261
261 345
95 14
95 14
42 51
473 389
389 479
223 133
217 223
5 95
473 479
270 261
217 133
434 479
479 389
95 5
479 398
434 479
261 351
5 89
223 142
261 351
467 463
389 457
473 479
306 345
89 5
5 95
261 345
261 351
434 389
223 178
434 479
345 306
261 351
5 95
89 95
389 457
261 351
223 217
345 351
89 50
351 345
193 162
434 479
217 223
351 345
5 95
217 223
473 434
351 306
223 217
95 89
217 223
306 345
5 50
223 178
345 351
133 223
434 479
473 479
5 47
261 306
50 95
345 329
473 479
63 79
64 101
351 349
50 89
473 434
89 95
5 81
89 95
479 434
5 116
345 351
89 95
345 306
65 53
223 142
389 384
306 261
335 310
178 223
64 70
399 463
95 89
479 434
89 60
374 321
217 223
178 223
89 95
133 223
465 448
95 89
473 389
351 306
434 502
389 473
434 479
95 50
133 223
95 110
5 95
345 351
389 473
473 479
345 351
178 133
348 306
223 178
217 133
434 479
227 223
217 133
261 351
95 23
306 351
345 351
473 479
133 223
261 345
178 223
434 473
345 306
148 192
473 479
479 473
306 351
479 434
434 389
473 479
389 479
473 479
89 95
479 398
434 389
306 266
351 261
345 351
133 217
5 50
389 479
178 211
351 306
217 223
473 434
95 89
351 261
345 306
5 50
261 345
310 299
223 151
249 146
95 50
223 217
345 351
96 99
95 89
389 479
351 345
217 223
95 89
497 442
142 209
50 123
345 351
345 306
389 463
261 345
425 511
100 14
178 244
389 434
431 479
473 479
89 95
5 47
434 440
479 473
261 351
50 89
345 351
89 95
133 178
95 89
95 50
306 351
345 351
89 5
50 5
223 217
473 389
351 345
261 351
345 351
306 261
223 217
107 13
217 223
217 223
434 479
217 178
345 351
95 89
217 133
178 223
473 479
50 95
217 223
89 95
223 217
345 261
95 89
42 51
306 351
479 434
217 178
133 223
217 223
89 78
217 223
217 223
217 223
178 223
473 479
217 223
434 398
223 133
5 95
261 351
345 351
473 434
479 495
434 473
261 345
50 95
345 351
5 95
223 217
306 351
5 89
389 473
217 223
479 473
5 50
389 479
434 389
178 133
89 95
5 73
306 351
118 42
223 217
479 389
50 5
389 473
75 89
473 389
133 223
434 479
351 306
133 223
434 479
133 217
270 261
479 389
261 306
479 389
5 99
178 133
491 397
50 106
351 345
473 479
5 89
178 169
345 351
434 479
89 95
95 23
133 217
389 434
479 434
50 5
5 47
133 223
479 473
479 434
50 89
261 345
222 241
89 95
217 178
345 306
89 95
79 83
306 351
473 479
473 479
178 217
473 434
434 389
95 89
89 50
89 95
95 89
223 151
479 398
5 95
434 406
89 95
479 473
479 473
479 389
261 351
290 321
434 464
95 89
217 178
5 95
50 95
89 5
133 223
389 479
89 5
217 178
133 223
95 89
217 223
345 351
95 50
434 473
389 473
5 95
89 50
95 89
217 223
133 178
133 223
345 351
479 389
434 479
95 89
5 50
473 434
89 95
473 479
217 133
223 178
5 75
133 132
217 223
223 133
306 351
178 217
217 133
306 351
217 223
351 261
479 473
434 479
223 142
479 473
133 223
351 345
178 223
447 504
178 217
345 261
178 223
222 146
5 89
5 89
479 473
65 78
223 217
273 337
73 5
217 178
50 95
133 178
345 351
389 479
95 89
89 95
261 345
479 389
89 95
270 356
434 479
345 351
95 89
95 89
306 351
261 345
89 95
351 279
306 351
351 345
389 473
89 107
217 223
178 180
95 89
89 95
426 435
261 351
261 345
473 389
89 5
473 479
192 207
434 389
50 5
473 434
89 95
217 223
178 223
95 47
95 89
351 306
473 444
54 47
95 89
434 479
178 133
389 434
133 217
223 178
50 95
434 479
223 170
479 434
351 261
389 434
223 217
50 95
261 351
306 261
306 351
178 133
351 306
345 351
345 351
479 491
50 95
434 485
217 223
217 223
192 144
228 247
351 345
464 434
389 479
389 479
217 223
89 50
192 213
121 83
345 261
473 479
5 73
5 95
434 479
351 345
133 178
223 178
89 95
261 351
217 223
345 286
133 178
389 431
261 306
95 5
133 223
434 389
223 146
261 329
5 50
434 479
5 95
14 81
473 479
351 345
479 473
261 306
345 306
389 479
473 389
5 64
320 339
389 408
345 351
95 89
377 313
89 5
178 223
434 466
479 404
389 479
438 506
345 351
306 351
5 95
133 201
434 473
479 473
389 434
473 434
5 50
261 306
306 261
306 351
223 211
79 54
351 306
133 223
261 306
217 178
89 95
479 434
479 473
345 261
479 473
95 31
261 351
479 389
178 133
133 222
306 261
178 223
223 133
89 95
178 244
89 95
217 133
192 211
223 217
95 89
473 459
345 261
95 120
5 50
133 178
89 5
351 345
95 89
133 223
207 182
89 5
89 78
133 223
473 479
473 479
89 50
261 345
345 351
389 434
310 275
133 223
479 434
95 50
217 133
223 178
95 23
223 133
434 473
89 95
473 434
261 329
217 178
178 223
133 223
133 223
484 398
178 223
261 351
50 89
5 89
178 152
217 151
217 178
479 460
351 261
5 95
261 345
479 473
306 351
306 261
50 89
95 89
89 95
133 223
217 223
89 95
223 133
306 276
345 339
351 306
479 434
351 345
95 5
345 306
473 479
261 351
89 70
50 5
223 178
306 345
217 223
345 324
5 95
398 484
95 89
351 345
345 261
345 306
223 217
351 345
95 50
351 261
261 345
50 95
107 13
95 5
217 223
345 261
89 95
473 466
306 261
261 345
89 50
133 170
50 95
217 223
479 407
306 351
89 95
375 355
351 345
261 286
351 261
434 479
89 5
223 178
217 182
133 217
483 391
178 133
345 351
223 178
434 389
473 389
50 89
217 223
345 351
389 473
217 223
479 473
479 398
434 501
178 223
223 178
50 95
50 5
121 47
351 345
133 223
479 434
351 279
478 483
64 122
89 77
217 223
217 223
95 5
389 434
217 223
473 389
306 345
178 217
179 230
89 95
178 223
133 222
479 434
95 89
434 479
5 89
261 351
133 217
473 479
473 434
351 345
389 473
95 83
351 306
5 89
352 279
473 389
434 479
261 306
95 89
479 473
473 479
261 351
434 479
89 95
479 434
473 479
89 95
223 193
89 101
95 89
217 223
320 264
256 306
261 345
351 345
473 434
50 95
5 95
345 351
435 434
473 479
95 50
345 306
389 431
89 95
351 306
261 351
217 223
345 351
178 182
89 95
479 490
217 178
389 434
178 223
63 96
479 473
5 89
261 345
345 339
223 151
351 345
306 381
15 34
178 217
434 479
5 95
217 178
425 454
223 217
178 133
434 479
95 89
306 376
345 366
50 95
50 95
95 89
223 178
324 271
434 389
217 223
89 95
178 223
351 322
217 178
5 50
479 473
345 351
473 479
473 389
306 351
133 178
223 178
223 151
89 95
306 282
389 479
479 389
100 119
5 89
5 89
89 5
50 5
178 223
95 89
217 178
192 178
95 5
389 479
50 89
479 473
473 434
351 345
351 306
133 217
95 89
345 306
223 217
178 217
479 473
5 95
351 345
89 95
89 95
50 5
306 351
5 50
389 479
473 434
5 73
223 178
133 223
121 99
89 95
217 178
389 473
479 477
217 223
223 217
5 89
306 351
479 389
217 223
89 95
89 95
217 178
261 345
89 95
345 306
389 434
261 306
217 148
473 389
217 133
89 50
479 389
389 479
89 5
261 324
261 306
306 351
345 351
351 279
223 133
355 323
434 500
178 223
473 479
223 151
133 223
5 89
148 192
99 43
374 321
89 118
345 261
389 431
133 217
89 50
345 351
89 23
217 223
479 463
261 345
5 127
217 223
89 45
434 479
178 223
217 223
473 479
50 95
223 217
107 51
351 345
345 351
178 223
479 434
351 345
479 434
5 89
306 261
50 95
473 479
68 41
345 261
14 81
351 345
95 14
345 327
89 95
217 223
95 89
479 473
217 223
345 306
389 473
473 434
223 217
479 473
345 306
261 351
473 389
351 270
50 119
434 401
434 479
223 217
178 217
5 56
261 351
95 89
473 479
224 166
351 339
178 223
178 133
89 5
223 182
95 89
5 95
95 14
434 493
479 389
351 261
95 89
434 498
473 479
306 351
95 17
95 50
306 351
434 389
133 178
345 351
100 119
345 351
223 142
479 434
479 389
261 345
389 401
95 5
345 351
351 345
479 494
178 223
5 50
345 272
345 261
95 50
41 73
217 223
261 351
473 434
479 473
479 473
95 5
261 351
223 133
261 371
261 345
145 208
345 351
470 434
217 223
389 434
133 223
217 133
223 222
217 223
479 389
217 223
389 434
389 395
89 5
95 117
473 434
89 50
50 95
217 238
351 345
133 178
479 473
351 345
89 23
351 345
217 223
249 168
217 223
217 223
133 212
345 306
434 479
5 95
345 306
51 31
389 473
426 454
89 95
5 95
473 479
351 333
473 434
434 479
54 50
351 345
217 223
479 473
389 473
223 133
434 469
351 261
479 490
306 351
89 5
261 306
207 178
306 351
473 479
50 89
89 50
306 351
223 178
306 261
223 251
261 351
95 89
217 178
345 351
217 178
89 95
5 95
89 13
434 479
473 479
351 345
261 351
351 345
473 479
261 306
178 223
96 119
89 95
217 178
178 223
434 414
95 50
217 152
89 5
148 192
473 479
389 479
473 479
473 389
389 457
479 473
50 95
50 95
389 434
178 223
89 23
479 405
306 290
345 306
434 389
217 223
307 333
217 223
351 261
95 50
223 178
95 89
50 95
178 223
351 345
95 89
473 479
178 133
50 61
223 217
228 247
178 223
50 107
479 473
95 50
479 434
89 95
479 445
351 306
351 279
133 234
50 5
50 33
143 211
178 133
223 217
479 473
133 217
35 89
389 479
351 261
223 207
133 223
217 223
178 133
95 5
50 13
261 345
389 473
479 473
345 351
223 142
473 479
345 306
249 153
345 351
479 434
480 389
473 479
223 133
95 5
217 223
306 261
345 306
261 351
351 261
261 345
404 448
223 217
473 479
434 454
217 133
479 389
169 235
125 80
217 178
306 345
217 178
401 509
178 223
100 119
133 223
345 261
389 485
182 188
434 473
95 89
479 434
223 217
50 38
5 79
223 217
351 306
440 434
89 95
345 351
89 5
5 95
479 407
89 95
223 178
178 134
5 95
51 42
351 306
261 259
223 142
142 209
345 306
473 434
95 5
479 404
95 5
473 434
217 223
345 351
50 95
175 207
345 351
17 80
473 389
351 345
217 223
473 479
473 479
133 223
95 50
217 178
355 348
178 223
50 83
95 5
434 473
133 178
434 473
50 95
133 223
473 434
479 389
459 473
345 351
434 389
306 261
95 50
5 95
223 151
223 133
95 89
223 133
345 306
473 479
473 477
133 223
125 56
178 223
89 95
95 89
261 351
178 223
217 223
473 479
133 178
50 89
95 89
473 479
89 95
50 95
473 479
351 345
261 351
351 306
5 23
473 479
261 345
389 479
217 223
351 345
306 305
306 351
217 223
345 261
217 223
351 345
14 81
133 217
389 473
389 479
261 351
95 89
217 133
473 434
178 205
306 261
434 479
217 133
223 133
133 201
89 95
133 223
351 345
133 223
473 479
5 73
5 89
261 351
306 261
223 178
42 51
95 50
133 223
345 351
434 479
389 457
345 261
50 45
434 479
389 434
389 479
479 407
345 306
5 73
217 223
345 261
389 473
434 386
253 143
351 306
261 351
217 223
389 457
473 389
389 479
345 351
223 217
178 217
479 490
223 178
306 351
434 479
261 345
452 398
345 261
217 223
133 217
217 178
223 217
89 95
95 89
196 143
473 479
223 133
389 479
223 217
473 479
223 133
345 261
345 351
351 261
89 95
223 207
192 157
479 400
223 217
434 479
335 290
95 123
133 223
5 34
89 50
95 89
351 345
479 473
473 479
345 351
133 223
182 199
345 316
473 434
133 235
434 479
351 261
178 217
223 178
217 159
345 261
217 223
50 95
178 217
389 479
50 95
178 180
50 95
473 479
217 223
351 345
133 223
50 6
223 133
217 223
351 306
217 133
50 95
178 223
389 473
95 89
389 434
89 95
89 95
351 345
306 351
261 351
5 95
351 306
473 479
473 387
306 351
217 223
479 389
41 45
473 479
306 261
473 434
95 89
89 95
89 50
306 300
217 223
50 95
41 42
178 172
473 479
217 223
389 479
223 217
351 261
5 50
217 182
125 98
89 51
479 389
133 163
351 270
345 306
217 223
351 261
345 351
306 261
5 95
473 479
434 479
351 270
389 479
473 479
351 345
178 133
227 164
64 68
95 50
389 397
307 336
50 95
5 34
5 50
434 389
306 351
351 345
320 379
389 434
261 306
133 129
223 217
89 95
345 306
434 473
121 118
389 473
479 473
389 479
89 42
434 473
306 351
5 73
5 50
434 479
473 479
95 89
479 434
89 95
178 223
434 422
89 95
223 217
434 505
306 270
463 480
261 351
217 178
345 351
434 392
479 473
473 479
89 50
133 180
381 332
381 375
473 479
434 389
5 89
5 89
217 223
58 113
217 223
497 442
223 217
95 89
89 50
473 389
473 479
178 223
482 435
100 119
434 479
345 306
223 142
253 187
253 184
504 426
367 326
261 351
479 442
175 133
261 303
217 133
261 351
473 479
95 23
178 154
345 351
351 285
351 261
261 303
133 217
95 89
479 473
217 223
351 345
133 208
23 95
307 353
133 178
479 389
389 479
223 217
297 324
479 389
473 485
389 473
473 479
95 110
434 429
473 479
306 351
223 217
473 479
217 223
465 397
389 473
438 420
89 95
306 351
223 217
95 89
217 223
479 473
50 95
89 95
50 95
89 50
133 178
434 479
89 95
223 217
351 261
5 95
479 389
434 414
351 345
50 5
217 133
351 306
223 217
306 286
217 223
261 345
351 313
17 92
178 133
261 351
223 217
95 123
5 4
95 5
50 89
133 178
223 217
95 89
89 76
306 345
133 223
479 473
133 223
351 306
89 50
351 345
223 178
351 261
178 223
89 95
50 95
473 479
133 201
473 389
479 407
479 392
50 95
479 473
133 223
479 434
473 434
253 157
389 473
351 306
345 306
5 95
261 351
434 479
50 8
473 479
473 434
133 175
479 389
351 306
178 217
381 351
448 397
416 458
178 187
5 95
5 89
345 261
479 434
434 389
89 95
133 223
434 479
95 71
50 95
89 95
306 279
509 443
306 351
261 345
95 89
89 5
306 286
217 178
473 479
479 473
217 223
479 473
89 95
217 223
306 351
223 133
95 89
95 5
306 263
95 89
351 306
261 303
434 479
207 178
50 42
389 434
217 223
473 479
345 351
345 264
473 479
89 5
320 269
223 217
389 479
95 89
261 350
95 50
14 81
89 95
64 94
95 5
217 223
479 401
261 303
351 345
351 306
319 335
169 211
217 178
95 89
217 133
297 349
5 45
389 434
5 95
345 351
345 306
473 479
369 314
306 261
447 480
389 479
89 5
345 298
345 306
223 217
50 89
5 95
223 217
15 79
89 50
133 217
345 261
178 164
389 479
223 133
95 89
434 479
306 351
50 95
306 345
50 89
178 233
479 473
261 306
434 473
217 178
306 304
89 95
223 217
133 178
351 261
306 351
5 89
217 223
217 223
345 306
223 178
217 223
261 351
217 178
95 50
217 223
473 479
345 306
479 473
389 434
178 198
434 479
345 351
133 223
351 345
479 473
479 434
290 367
5 89
42 95
89 95
261 306
345 304
369 314
505 422
50 109
89 95
479 407
479 434
95 89
50 95
261 345
223 217
95 89
479 407
223 217
223 211
217 223
54 75
351 270
160 202
95 89
261 345
442 459
306 351
223 178
351 306
89 95
345 261
345 351
178 243
473 434
178 223
479 434
473 479
351 306
389 479
345 373
351 345
306 351
89 95
473 479
5 95
345 339
133 223
473 479
96 67
351 306
89 95
51 7
295 306
89 5
217 223
5 50
473 479
223 178
89 92
306 261
261 351
89 95
345 351
473 479
497 442
223 217
345 261
434 468
5 89
223 133
473 479
473 389
178 223
217 223
261 351
389 479
261 345
133 223
178 223
434 389
473 479
223 217
95 89
217 211
479 473
95 50
473 479
434 479
89 92
389 431
307 304
223 151
345 351
351 345
179 133
217 178
5 89
50 95
223 136
434 389
95 89
89 95
473 479
389 479
351 345
261 345
479 473
89 95
89 95
217 223
178 230
89 95
223 217
479 473
389 449
363 269
473 479
217 133
434 479
261 306
5 89
479 407
261 306
133 223
351 348
473 479
307 259
223 133
223 217
209 170
351 306
89 5
351 261
350 339
351 306
217 178
479 473
217 223
306 351
306 345
261 273
89 119
89 95
261 306
434 498
217 223
223 217
50 95
95 30
345 351
50 89
89 95
217 178
345 261
479 402
389 479
95 5
306 261
434 403
89 55
261 351
389 473
473 459
143 207
479 473
178 223
345 351
479 407
473 479
473 479
473 479
223 142
306 351
306 351
5 89
223 133
473 414
223 217
41 68
42 81
89 95
217 223
68 15
89 95
261 351
248 170
89 84
133 178
178 217
133 217
276 320
306 351
345 306
50 89
178 217
50 109
448 436
473 389
89 5
178 223
95 5
89 5
473 479
306 351
261 345
320 339
95 50
261 306
479 434
473 479
178 129
228 247
479 434
306 345
473 479
95 89
50 54
133 217
217 223
345 351
113 58
217 133
89 101
95 5
223 217
223 217
95 5
398 479
473 479
306 351
5 50
261 290
178 223
5 89
89 95
5 89
217 223
473 478
89 5
389 473
89 5
217 178
5 47
345 351
351 279
178 238
389 473
178 133
89 95
95 89
479 473
351 306
241 186
434 389
133 178
223 178
351 345
351 345
261 352
178 217
479 447
345 351
133 223
473 434
447 504
133 178
306 261
89 95
389 425
5 18
223 217
306 351
217 223
223 133
473 479
50 95
479 493
389 479
261 345
306 351
473 479
473 407
479 473
125 105
5 47
389 479
434 479
223 178
178 212
389 434
95 89
389 479
434 389
345 351
345 351
223 178
479 398
217 133
479 483
261 351
217 178
95 5
217 178
95 83
297 326
351 306
261 345
306 261
473 434
217 223
434 479
95 5
434 389
217 133
95 50
178 217
253 188
306 261
5 95
479 434
351 345
5 50
50 95
223 178
345 351
389 473
217 223
223 178
261 306
473 431
50 5
228 247
223 217
389 473
389 479
389 458
95 125
5 89
306 345
473 479
261 306
217 223
133 223
141 235
438 447
178 223
434 479
345 261
223 217
381 378
351 279
223 217
178 223
345 351
89 5
50 95
95 89
434 473
5 89
50 95
5 89
89 50
473 460
223 133
479 473
317 350
89 95
50 68
133 223
95 50
223 178
345 351
389 479
50 89
473 389
389 425
178 223
5 47
178 223
5 95
345 351
217 223
113 58
473 389
223 217
89 23
192 222
261 345
223 217
217 133
133 223
217 223
473 479
473 479
89 95
223 233
178 150
345 351
89 95
125 118
89 5
440 389
479 473
345 261
95 89
95 89
95 89
261 329
473 479
351 345
217 178
178 223
89 50
345 306
169 150
362 354
95 42
95 5
178 238
178 133
479 434
401 448
178 217
217 211
351 306
89 95
217 223
479 473
261 351
479 389
306 351
306 351
30 5
389 473
178 133
217 223
261 351
5 95
89 95
217 223
217 133
350 279
306 351
473 434
217 133
95 89
217 223
223 217
223 133
479 434
5 50
217 178
89 95
351 270
223 241
306 345
351 285
133 223
345 261
133 223
298 307
261 351
261 303
473 479
133 217
95 89
227 167
350 274
217 223
50 48
89 5
89 95
271 290
345 351
306 351
217 223
133 217
306 351
95 89
178 223
5 89
473 389
223 217
261 373
95 50
178 133
261 329
351 339
178 133
389 479
217 196
223 179
95 50
434 473
479 473
178 188
473 479
434 479
324 271
345 351
5 89
351 261
99 29
306 351
497 442
497 442
479 473
223 217
223 211
306 351
306 376
50 95
479 431
306 351
178 223
153 234
306 351
217 178
261 306
178 223
5 95
89 95
351 306
50 95
178 162
345 306
95 23
351 261
389 473
434 389
345 351
389 434
178 223
351 353
217 178
473 479
217 133
351 261
389 479
479 407
306 345
223 217
223 217
473 479
133 223
351 294
434 479
261 329
389 434
261 351
345 351
473 479
234 226
217 223
345 351
95 83
261 361
473 479
89 95
226 253
50 95
217 133
345 351
261 351
345 261
217 182
133 223
95 89
434 479
95 89
95 89
89 95
261 345
479 473
133 223
217 201
479 473
434 485
479 389
473 493
351 306
223 166
217 223
95 89
261 329
351 345
434 389
306 353
5 94
68 41
217 133
326 315
223 217
223 217
111 14
351 306
473 434
306 351
223 134
133 223
133 209
389 479
217 178
473 407
261 306
89 95
345 326
434 479
306 261
133 217
345 351
145 144
5 89
261 351
261 303
50 94
261 379
503 392
351 345
473 434
5 23
479 473
351 345
50 5
223 178
345 351
178 217
345 294
345 351
479 389
479 473
299 306
217 133
89 95
5 89
178 223
345 306
178 223
95 56
479 473
89 95
50 95
434 401
133 178
178 217
223 178
89 95
217 225
178 223
50 89
50 95
89 50
223 217
217 223
223 217
50 95
50 95
473 479
473 479
89 50
473 434
389 479
223 131
178 223
50 82
261 268
178 223
50 95
479 473
217 207
133 201
261 345
345 351
223 178
89 5
50 95
50 95
178 223
223 217
95 50
351 261
95 89
467 490
306 345
479 473
89 5
223 192
89 50
223 133
95 50
479 473
89 95
89 50
178 217
95 50
217 223
473 479
345 351
178 223
261 291
345 351
479 389
58 59
261 351
145 135
261 322
89 95
223 217
5 50
351 345
351 345
217 178
473 479
223 239
217 223
306 351
345 351
89 95
89 50
133 223
261 351
479 389
95 50
507 509
389 479
5 95
345 276
473 479
345 351
217 223
345 351
50 89
223 133
473 479
306 345
89 99
95 50
178 223
5 95
178 223
345 351
473 479
434 479
389 434
479 473
95 5
89 95
320 269
351 306
89 50
479 473
133 217
434 446
89 95
217 223
178 189
178 133
223 178
479 389
345 351
178 223
217 223
5 95
306 256
261 345
479 485
389 426
217 223
345 306
351 345
345 303
217 223
351 261
479 473
89 5
133 235
473 479
345 351
434 479
478 391
351 345
217 223
89 50
95 50
89 50
381 354
434 479
89 95
5 64
351 261
473 459
217 223
351 306
162 143
223 142
217 178
345 261
89 95
133 223
261 306
95 89
178 161
479 434
479 473
89 5
306 351
479 473
223 178
261 351
89 50
217 133
345 351
217 178
351 345
217 220
271 339
389 479
339 270
100 119
473 389
345 351
178 167
479 434
217 178
217 178
89 95
217 223
50 89
345 351
58 75
89 95
479 473
89 95
261 351
223 217
217 220
473 389
89 95
178 223
133 223
306 351
15 83
95 23
473 479
95 5
345 261
89 95
345 351
178 223
178 223
479 473
217 223
351 306
261 381
223 217
178 217
473 479
389 479
473 479
261 351
223 178
473 434
133 217
351 345
169 223
389 479
89 50
95 50
261 351
434 389
133 156
389 457
133 223
434 473
95 89
89 95
261 306
217 178
133 223
345 261
473 508
473 389
5 95
5 73
351 306
479 434
434 445
89 50
479 434
261 345
345 351
478 457
389 431
223 217
473 479
306 345
473 479
133 178
89 95
95 89
89 95
345 261
261 345
145 208
217 178
95 89
223 142
345 351
479 473
5 89
261 294
351 302
381 260
473 434
217 223
479 398
89 5
223 178
89 5
223 178
389 483
345 306
5 89
133 234
389 479
479 389
351 261
5 95
345 353
89 95
473 389
473 479
345 351
345 261
479 389
89 95
223 217
223 217
473 479
50 89
434 473
434 479
351 306
473 426
178 223
320 264
223 178
133 181
217 223
5 95
89 95
95 89
345 261
223 178
389 434
434 417
261 351
50 89
89 126
479 473
223 217
306 351
473 479
351 306
223 133
389 473
261 351
473 389
89 95
133 178
223 178
89 0
261 345
473 434
217 223
178 238
133 223
479 434
389 473
306 345
178 223
223 217
345 306
261 351
473 488
351 306
5 50
178 223
261 351
223 203
261 345
404 392
50 89
223 217
217 223
479 473
223 217
345 351
223 204
5 89
261 335
324 271
306 261
178 138
306 345
479 473
473 479
95 89
133 223
217 223
261 351
178 223
261 373
306 261
473 434
89 5
223 217
95 89
211 207
95 5
473 389
306 347
50 89
351 345
261 306
434 479
345 351
261 345
89 95
95 50
389 500
5 78
89 95
389 473
95 89
434 479
306 261
345 306
261 345
50 95
89 50
89 0
473 479
479 425
306 345
389 473
479 434
345 306
50 89
95 89
351 345
345 351
95 89
401 485
345 352
306 351
89 95
50 95
345 351
345 306
389 479
50 5
50 95
217 223
389 479
434 479
95 5
217 178
434 389
297 326
89 95
351 345
89 30
261 306
307 356
217 223
178 223
95 5
351 383
162 211
223 133
133 178
50 95
351 306
89 95
345 351
217 223
479 389
217 178
345 261
223 133
351 261
479 473
95 5
473 434
434 479
473 479
345 303
5 95
133 178
479 473
473 479
345 351
389 434
473 479
261 306
178 223
95 50
95 5
447 473
191 248
261 306
473 438
389 434
217 133
345 306
5 89
345 266
434 479
223 217
434 493
351 306
158 133
306 351
298 337
223 133
345 351
50 5
261 330
50 95
389 473
95 97
261 306
217 223
306 345
434 479
178 250
223 151
89 95
351 345
5 89
479 473
345 306
345 306
345 261
217 223
95 89
345 351
261 335
50 1
217 223
479 473
95 5
89 5
178 217
50 95
182 211
306 351
95 50
5 50
473 479
207 182
473 479
133 223
345 306
5 50
217 223
374 321
89 30
223 178
399 467
223 178
133 223
133 223
217 133
89 95
473 434
473 508
306 261
479 473
223 217
345 351
261 306
345 379
41 70
217 133
473 389
345 261
351 345
345 351
261 306
479 473
133 217
217 133
479 473
95 89
95 5
345 351
381 264
89 95
478 496
89 95
95 50
473 434
178 133
345 351
473 485
178 223
473 479
95 5
434 473
178 187
133 178
89 5
217 223
473 389
352 336
217 223
217 223
473 434
50 89
261 351
345 351
223 133
479 473
217 223
178 144
65 44
306 351
223 178
95 89
5 89
133 217
345 351
89 50
95 89
89 95
50 89
217 239
479 473
345 351
50 5
306 261
452 399
306 351
50 109
306 367
217 178
389 479
133 223
89 95
133 217
50 95
306 309
89 95
95 89
217 223
351 345
473 479
351 261
345 269
306 261
15 34
261 345
95 50
389 479
89 50
68 14
352 313
351 345
261 351
434 473
473 479
306 302
178 223
473 434
389 473
351 261
50 5
374 321
261 345
479 434
89 50
95 5
473 479
345 306
351 345
95 50
228 179
133 217
389 479
217 145
473 434
217 178
133 178
389 479
345 261
473 408
5 50
89 95
306 261
223 217
133 204
261 351
345 351
261 345
217 133
89 47
89 50
95 50
89 95
95 89
51 127
192 211
95 5
178 217
479 389
479 389
89 5
473 479
217 223
473 463
479 434
345 306
89 95
89 95
223 217
351 261
133 201
389 473
261 345
426 435
178 223
217 223
261 306
50 5
321 367
178 223
5 95
95 50
389 473
434 479
223 217
95 5
389 457
95 89
5 89
438 393
133 226
479 473
217 133
434 389
204 133
478 506
261 351
118 65
434 473
95 5
434 389
434 473
434 479
473 434
434 473
473 389
217 223
89 50
473 479
345 351
306 351
89 5
95 89
345 378
345 351
345 261
89 50
217 223
217 185
261 351
133 217
95 89
351 279
89 95
178 223
351 306
95 50
434 479
223 178
306 351
351 276
15 34
479 389
261 345
497 442
50 95
434 389
345 351
223 178
25 74
95 89
261 306
351 345
95 14
178 223
434 479
95 89
217 223
5 89
473 479
217 178
133 178
89 95
23 95
217 178
50 89
345 351
178 217
434 479
5 95
479 473
223 178
223 217
89 95
89 95
89 95
217 133
479 473
223 217
223 217
217 178
345 261
479 447
473 479
50 56
306 289
473 479
484 398
50 95
473 479
434 473
306 272
95 89
389 509
89 60
345 351
178 154
479 473
217 223
133 178
363 261
89 50
261 345
95 5
355 340
473 479
389 473
389 479
345 351
351 306
351 345
434 479
95 89
89 95
473 479
479 473
50 95
345 306
50 95
345 261
5 89
473 434
217 223
217 223
133 223
434 389
133 223
479 473
345 351
351 345
473 434
479 389
401 394
389 434
89 5
178 223
345 306
473 434
217 223
133 201
178 133
5 95
356 375
389 482
95 5
178 223
306 351
434 389
261 351
89 5
89 50
217 223
434 479
133 178
178 223
223 178
89 50
345 351
479 473
178 133
473 479
306 261
178 217
133 217
473 479
473 479
434 437
223 211
479 434
133 176
217 223
217 223
89 95
479 460
65 9
473 479
479 473
5 95
178 230
473 479
51 21
223 217
133 223
351 345
345 351
306 261
473 389
89 95
434 404
297 286
434 479
261 345
223 193
345 261
345 306
261 345
20 8
95 5
473 409
345 351
473 484
223 217
89 50
306 307
217 133
217 223
50 95
345 316
345 351
473 491
507 503
351 345
223 245
479 473
473 479
95 89
133 175
178 223
473 479
5 47
89 50
223 178
217 223
479 407
345 351
95 89
89 95
95 5
389 473
389 479
217 178
178 223
118 42
473 479
141 192
351 345
50 95
261 351
473 479
95 89
306 351
223 230
217 223
479 434
345 351
345 371
217 223
345 351
345 306
434 479
351 345
351 261
351 259
345 306
389 479
261 345
133 223
89 95
223 227
345 351
297 271
363 269
261 345
434 499
50 5
50 95
95 23
89 5
178 212
133 223
217 223
95 50
169 143
479 473
351 345
89 5
351 306
50 95
306 351
133 217
209 192
178 223
434 389
50 97
178 223
50 95
353 306
5 89
5 89
217 178
434 479
345 351
5 50
434 389
261 345
217 178
479 473
345 306
261 351
89 50
89 95
217 223
223 133
217 223
223 178
473 402
473 479
261 303
153 133
95 5
133 178
389 451
217 223
169 247
345 351
217 223
89 50
95 123
5 75
351 279
261 345
345 351
401 440
217 133
306 351
125 68
5 50
473 479
217 133
345 306
50 95
351 345
217 223
389 429
479 473
133 223
95 89
480 503
479 389
478 408
89 95
14 100
434 505
434 479
333 261
261 306
133 223
133 223
178 223
15 83
306 345
50 5
261 329
261 345
345 351
345 261
479 398
306 261
479 473
261 351
5 95
223 151
5 50
95 89
351 345
222 157
169 245
133 223
345 351
473 479
345 306
217 210
473 389
133 223
479 413
473 479
479 473
217 178
352 294
178 223
217 223
345 351
50 95
351 345
217 223
261 345
473 479
217 223
178 223
223 178
389 473
47 20
490 454
5 89
133 217
261 306
178 133
178 133
473 479
95 89
89 95
217 223
473 407
191 224
170 179
374 321
351 355
50 5
95 50
261 270
345 351
89 95
223 217
89 95
178 223
345 351
95 23
95 89
306 351
95 89
389 480
51 17
306 349
89 95
306 351
223 217
107 13
389 479
95 5
217 223
178 133
345 351
473 479
261 345
89 95
223 178
261 306
95 89
5 95
81 42
241 186
95 5
178 133
178 223
351 345
434 479
178 223
79 83
217 195
217 223
81 42
178 217
479 473
133 217
351 279
345 306
14 81
178 217
89 95
5 95
479 473
95 50
473 479
95 50
448 480
217 178
50 5
473 479
261 303
95 50
133 223
89 95
345 351
5 50
479 473
473 479
178 255
351 345
5 50
351 345
223 217
89 95
345 374
479 389
217 223
345 351
191 248
351 345
5 89
133 223
17 50
217 223
217 223
479 407
339 356
95 109
50 89
95 50
89 50
479 389
345 351
5 95
306 345
223 133
473 479
89 5
389 479
5 30
351 261
473 434
217 223
223 202
50 5
389 473
473 469
345 261
345 351
95 5
95 5
377 322
306 351
223 217
389 473
345 306
345 351
345 351
351 306
345 369
479 389
125 95
479 473
223 217
95 50
42 118
89 94
447 480
351 345
89 95
50 95
351 306
133 223
5 89
389 434
223 217
217 223
389 434
89 50
223 185
20 121
434 508
261 351
89 95
89 95
434 463
389 393
133 223
95 5
389 479
261 312
178 223
479 434
5 73
223 237
351 345
223 217
133 217
178 223
261 351
351 345
389 434
306 340
217 251
89 50
89 95
351 345
133 217
111 89
306 345
223 151
473 389
345 351
345 351
399 463
399 467
479 434
345 351
473 400
426 435
434 491
479 427
434 417
473 479
223 178
217 133
473 479
389 468
217 223
178 203
217 223
434 479
89 50
89 77
178 133
389 434
74 50
217 133
473 479
5 89
345 351
217 178
306 351
351 379
473 434
89 47
89 5
217 178
345 306
473 434
95 89
50 95
261 351
345 306
320 339
89 95
178 217
50 83
89 95
223 217
345 261
178 223
95 50
261 306
351 345
478 451
95 14
133 217
306 345
89 50
223 217
467 490
5 89
95 89
50 89
389 479
314 369
345 379
452 463
473 431
330 356
261 306
351 261
95 5
95 50
261 306
479 473
5 47
345 351
133 223
89 95
178 223
223 217
306 261
351 270
223 133
50 5
473 479
95 89
95 89
306 345
434 473
89 95
178 133
178 159
223 221
178 185
89 16
479 473
178 223
434 479
133 178
505 448
89 50
89 95
5 47
113 58
223 142
217 223
434 389
261 351
89 95
178 223
479 473
351 306
261 345
306 274
5 95
223 133
447 504
89 95
133 227
306 345
345 351
5 89
351 345
306 355
389 473
261 345
351 261
223 133
95 89
473 479
479 473
389 447
351 261
434 480
95 89
50 56
178 223
178 223
345 261
95 5
50 95
261 306
50 95
133 194
17 59
473 389
473 479
434 473
223 178
479 473
261 329
223 178
89 95
351 270
217 223
479 389
50 48
306 351
5 95
133 163
89 95
479 434
307 259
89 95
479 434
473 434
95 5
217 223
479 473
330 356
434 409
473 479
89 5
133 223
306 345
306 272
95 5
345 351
473 434
389 473
389 465
389 473
351 345
217 223
351 261
306 351
89 50
50 95
271 339
5 66
217 178
479 434
95 30
320 366
351 306
351 353
89 50
351 336
479 434
133 217
479 407
345 338
95 89
509 508
223 217
89 122
261 329
223 217
345 351
5 123
473 464
434 479
345 351
479 473
89 95
178 223
179 133
89 50
351 345
479 389
389 479
473 479
95 5
306 351
143 207
217 178
425 384
479 434
473 389
473 479
89 5
389 479
479 389
479 434
133 217
178 145
473 434
352 315
261 345
192 136
261 351
434 479
178 223
217 178
434 479
261 306
473 434
5 89
434 473
50 95
345 351
217 223
228 142
434 389
5 95
89 5
223 133
223 133
133 217
217 178
50 95
473 479
133 223
389 479
50 95
479 473
351 306
345 351
345 351
95 89
223 217
434 479
223 133
310 264
261 345
133 178
169 198
434 479
95 50
261 345
89 95
473 479
94 97
133 223
473 389
95 89
273 334
20 123
223 217
5 95
5 50
345 351
389 479
261 351
261 351
345 261
95 50
178 223
217 223
95 50
389 441
505 490
5 95
223 247
217 223
404 392
95 89
261 306
434 389
217 223
261 351
223 178
389 473
351 306
50 89
89 30
473 479
217 202
217 223
306 351
133 217
89 50
306 321
351 345
95 5
89 50
223 217
217 223
95 5
89 5
479 473
125 59
50 95
50 95
5 50
345 306
133 223
217 178
473 507
95 89
261 322
306 341
50 89
15 79
389 479
261 327
178 217
89 20
89 95
479 434
223 178
351 306
89 95
5 50
473 479
473 479
345 351
223 217
133 217
217 178
217 223
389 479
389 479
178 223
15 79
345 351
473 502
261 306
345 351
351 345
345 351
399 463
41 114
306 261
5 50
95 18
389 473
133 223
319 335
217 223
5 50
345 306
217 223
253 239
223 217
133 223
434 441
473 479
479 499
479 434
133 254
178 223
95 89
434 473
223 217
223 151
351 306
434 412
306 351
479 473
118 65
479 389
345 306
306 351
5 89
345 351
351 306
345 261
223 133
95 50
479 434
261 351
223 217
