512 10000
345 351
479 434
178 145
133 223
379 306
178 223
217 178
217 223
5 50
89 95
89 110
50 95
473 389
345 351
473 479
270 337
434 481
223 151
306 351
434 473
50 95
217 223
473 479
223 133
223 142
217 222
473 389
351 306
50 95
473 479
345 351
223 217
306 351
133 223
95 50
178 223
473 479
483 428
351 306
89 5
50 95
89 50
473 434
253 176
434 470
434 479
223 142
297 324
261 345
473 479
178 217
5 95
473 479
473 479
345 351
473 479
5 89
223 133
178 223
351 306
133 223
473 434
473 479
5 95
89 95
345 306
95 5
89 95
50 95
399 463
261 351
241 186
467 398
389 473
434 479
479 403
217 223
133 178
178 223
249 148
473 479
51 113
217 223
95 89
50 5
217 223
351 261
178 223
89 95
307 336
223 217
473 479
50 89
306 351
217 129
217 133
473 479
473 479
434 389
306 273
95 17
320 266
434 473
351 279
473 479
351 279
389 479
374 298
95 89
223 133
217 178
95 5
479 389
365 351
50 5
223 217
434 473
479 389
223 217
345 351
89 95
95 50
217 178
425 493
5 95
133 223
95 89
345 351
89 95
375 264
133 223
479 434
217 223
50 5
5 95
261 345
261 303
351 345
217 223
217 223
261 351
50 95
217 223
351 274
223 217
479 434
178 223
178 158
50 89
217 223
5 95
95 89
306 351
367 298
50 89
434 473
89 95
306 351
178 133
479 473
261 303
479 434
345 351
479 434
5 125
133 217
345 351
479 473
479 389
89 73
50 95
50 95
217 223
479 473
351 345
479 434
89 95
50 95
261 345
345 351
133 223
223 217
95 50
223 217
345 351
479 407
217 133
133 217
89 95
95 50
473 434
178 217
261 345
148 192
95 50
434 479
261 379
5 95
50 95
222 216
89 18
478 395
133 201
497 467
345 261
217 223
434 479
306 261
217 178
5 89
479 434
389 457
315 319
5 95
473 507
434 401
434 479
89 95
133 223
261 345
217 223
5 73
389 434
223 178
223 217
96 58
5 50
89 95
479 434
96 72
261 345
217 223
473 434
389 479
223 133
479 473
89 95
5 89
434 479
95 89
5 47
345 351
217 223
223 217
434 479
89 50
389 479
178 166
169 207
50 95
351 345
178 185
374 321
89 95
223 217
178 133
345 379
223 178
345 351
217 223
133 178
473 434
95 89
223 178
479 467
217 223
306 345
89 95
351 345
473 434
223 217
479 473
473 479
261 306
142 209
345 351
434 473
345 306
133 223
434 479
479 473
473 479
345 370
389 434
261 351
306 345
345 351
50 89
345 351
465 426
217 223
94 96
133 217
434 479
5 106
479 434
261 306
95 50
426 479
59 63
473 434
95 14
5 40
178 223
345 351
434 473
95 5
5 95
223 178
217 223
345 261
261 303
223 133
261 351
351 345
178 223
473 389
178 145
95 5
89 123
223 217
5 47
351 261
95 50
479 473
351 345
434 479
89 95
217 223
178 223
223 151
345 351
89 5
389 473
223 217
178 223
345 351
355 305
217 223
95 89
5 89
261 351
223 178
95 89
169 196
351 306
223 217
379 375
261 351
479 389
306 261
133 223
345 351
473 397
479 473
351 345
178 156
89 95
89 95
351 306
345 351
133 217
95 89
261 345
217 223
398 484
434 496
345 351
434 479
434 479
217 223
345 351
345 306
389 479
509 423
345 261
223 217
306 351
95 5
509 443
95 89
345 351
473 389
133 178
473 389
223 217
89 91
5 56
351 306
479 468
50 49
5 95
345 351
64 126
351 279
178 246
89 5
479 389
473 434
5 89
223 217
261 276
345 306
246 207
345 306
389 479
217 223
89 95
89 91
389 473
369 314
95 89
434 473
217 223
351 279
306 307
434 479
381 357
345 261
261 351
345 351
95 8
89 95
178 223
89 95
89 95
223 217
479 398
241 186
217 178
434 479
473 479
5 50
261 303
351 270
306 351
479 473
434 479
351 345
479 473
479 476
50 19
345 306
435 430
63 51
479 473
434 479
89 20
223 217
223 246
95 5
473 479
369 335
89 95
89 5
306 351
5 95
345 351
223 151
434 479
351 279
217 211
297 308
473 389
217 255
223 217
191 170
306 351
473 479
89 5
473 479
473 434
223 178
473 479
473 479
223 179
178 223
479 434
95 89
5 50
434 473
434 479
345 351
399 418
89 95
351 345
169 204
50 95
95 89
454 426
95 23
223 133
95 89
434 466
306 261
95 89
345 351
479 438
345 261
89 95
89 50
5 89
133 223
261 306
434 479
389 479
345 363
351 345
95 31
5 89
95 89
89 95
95 5
473 479
223 178
306 351
95 5
133 178
404 448
434 456
479 473
133 194
95 89
345 351
473 434
50 95
95 89
223 217
89 95
270 337
89 95
41 91
473 434
223 217
217 180
217 178
63 120
178 184
95 50
351 345
434 408
95 50
5 50
133 223
95 50
306 345
223 203
473 458
473 479
447 480
434 479
306 351
389 434
345 351
50 95
351 345
89 50
5 50
223 217
133 178
223 142
345 351
107 13
320 352
261 306
389 479
133 217
306 259
133 223
95 50
5 95
89 95
223 217
95 89
447 480
425 459
178 133
345 306
89 95
217 178
479 389
271 335
479 389
351 261
223 217
389 473
223 217
479 407
377 337
389 434
178 223
479 473
479 473
491 403
389 473
479 473
306 345
95 89
217 178
306 351
345 261
217 223
223 133
473 479
50 95
261 306
133 178
95 14
351 345
306 351
434 479
50 95
223 133
89 50
50 95
217 178
5 89
95 89
223 217
473 479
178 133
50 95
261 306
50 89
351 261
345 351
20 8
217 223
133 178
381 308
276 362
50 89
261 345
223 217
261 351
483 416
217 223
261 315
89 95
50 5
217 178
261 345
389 479
351 306
89 95
178 223
133 223
217 178
50 63
133 178
345 351
89 95
223 217
306 261
351 261
89 95
473 479
434 473
473 434
261 351
142 209
223 217
345 351
5 95
381 265
261 306
351 306
345 351
25 106
306 351
473 479
217 223
479 473
303 278
178 223
473 389
95 89
345 306
404 392
95 50
217 223
5 50
351 307
473 479
261 351
133 217
95 89
89 95
5 73
95 5
306 345
169 196
50 95
473 479
95 50
178 217
434 479
5 95
306 261
473 479
95 50
389 500
375 379
351 345
389 473
306 351
5 95
261 351
133 175
54 50
133 223
223 217
95 5
479 473
223 178
261 306
133 178
473 434
351 345
223 146
389 479
351 345
351 345
483 511
473 479
5 95
351 345
345 351
50 5
5 89
5 95
479 389
261 351
5 95
51 25
389 431
473 479
389 473
217 223
473 479
223 133
351 327
389 473
223 178
95 50
133 217
89 95
473 479
369 342
89 50
89 95
473 504
426 502
479 389
434 479
89 79
217 223
355 375
351 345
261 306
217 223
5 50
217 133
5 95
217 178
473 479
89 95
473 434
345 306
223 217
345 351
389 479
473 389
5 89
95 89
345 351
133 169
261 351
345 351
345 306
133 178
95 50
217 223
89 95
133 217
351 345
479 481
217 223
479 473
223 217
351 306
306 351
473 479
223 178
217 133
217 229
473 479
479 398
89 95
345 351
178 217
351 306
223 151
473 389
5 63
473 434
89 95
345 351
95 89
389 473
345 351
223 133
217 178
89 95
473 479
223 217
95 89
434 479
345 351
351 261
345 351
50 89
261 345
223 217
351 345
89 5
261 345
351 345
434 401
434 479
89 71
89 95
479 473
351 306
89 95
434 479
217 223
351 261
389 457
345 261
473 479
5 73
223 133
306 351
473 461
223 178
171 178
389 423
95 14
89 95
217 223
133 201
261 351
178 223
404 392
145 241
89 95
479 473
25 106
217 133
389 479
178 223
434 467
50 95
89 95
479 486
434 479
306 351
217 133
351 306
5 13
505 479
261 345
217 223
217 133
95 50
50 95
89 50
95 89
434 479
345 351
89 95
217 178
133 223
479 466
306 351
306 345
351 306
479 473
473 385
217 223
473 479
306 351
89 50
351 306
473 479
389 479
434 459
89 95
261 306
306 351
133 220
473 479
89 95
306 345
473 479
306 351
142 209
479 473
133 178
95 50
473 479
473 434
473 434
351 345
479 473
306 351
50 95
473 389
223 217
5 32
479 389
217 178
473 479
5 95
89 95
217 178
389 457
50 95
479 398
479 434
178 223
89 95
178 223
217 178
133 217
473 434
217 243
223 217
95 50
306 361
133 217
95 89
223 217
434 479
193 162
473 479
207 224
473 479
50 5
389 473
434 479
217 133
50 125
217 223
178 223
473 479
389 431
434 458
217 223
217 223
351 345
217 223
479 434
479 398
473 479
261 306
50 89
389 413
5 89
50 77
217 193
473 431
351 336
351 345
306 351
89 95
306 351
306 351
479 434
107 13
89 95
89 95
223 133
223 217
253 223
5 95
306 261
5 95
479 434
351 279
223 217
473 479
217 133
5 73
95 50
389 473
228 142
261 345
306 345
473 434
192 141
479 473
178 217
50 95
178 223
306 351
345 306
178 217
389 473
473 479
89 32
178 223
217 223
217 178
89 95
345 315
223 217
223 133
306 302
345 351
133 217
182 185
95 50
479 464
217 223
261 345
389 476
345 261
264 261
261 301
306 351
95 89
479 473
89 95
217 178
217 223
351 345
473 434
389 479
95 117
306 351
261 345
306 351
5 95
89 14
228 247
345 306
434 479
95 89
89 95
479 473
345 306
434 437
389 473
178 217
298 337
261 351
241 186
133 201
261 351
50 95
389 473
95 89
479 473
473 434
95 89
89 95
351 306
389 473
310 306
473 389
89 5
473 479
434 389
133 223
95 5
217 163
217 223
89 5
217 223
345 261
50 95
434 389
95 14
434 504
217 133
95 23
345 351
345 351
351 261
133 217
479 407
89 50
95 50
89 50
95 5
178 223
217 178
404 448
223 133
479 407
95 117
479 398
261 329
306 351
5 89
95 5
479 434
89 95
65 81
306 261
479 473
5 95
178 223
5 89
306 351
148 136
217 133
306 351
217 178
479 398
473 479
217 223
42 51
345 261
434 479
223 217
223 157
217 178
389 479
95 5
5 95
306 345
473 389
345 306
50 95
306 345
89 95
479 473
473 389
434 479
345 261
178 133
479 407
89 95
434 389
223 178
133 223
178 217
15 83
473 479
5 95
473 389
479 473
223 142
389 473
345 347
306 351
95 50
133 178
42 122
42 98
223 178
351 345
389 479
306 341
345 351
89 50
435 497
261 306
89 50
89 95
389 479
95 77
261 273
345 351
95 5
355 315
345 306
95 50
345 261
95 89
345 306
50 3
223 151
306 351
223 217
306 345
345 257
178 133
479 407
89 5
473 391
306 351
95 89
473 479
217 223
89 5
119 100
133 223
89 95
479 473
89 5
133 250
178 223
5 91
345 306
178 223
133 223
89 95
479 473
351 261
178 217
473 479
389 434
306 351
95 89
434 507
118 42
345 306
473 434
389 434
473 479
5 95
306 351
95 50
217 223
306 351
50 95
351 345
50 95
95 89
89 95
178 133
89 5
5 95
345 351
223 178
345 351
434 479
223 178
217 235
351 306
217 223
345 261
178 223
355 336
473 434
224 131
223 217
389 473
95 23
479 434
223 217
5 95
217 178
50 95
345 306
473 431
5 89
261 351
377 264
473 479
434 389
89 50
5 95
434 479
345 261
89 95
434 483
95 50
479 473
434 473
133 223
479 434
345 351
50 26
89 97
479 473
389 479
223 133
345 351
178 223
404 507
95 89
345 351
178 223
5 95
133 223
5 47
207 182
89 95
306 351
345 351
5 89
223 178
345 306
223 178
89 95
389 479
133 178
479 434
217 178
345 351
217 223
50 89
64 59
351 261
434 494
503 507
50 58
434 479
89 95
89 50
351 345
133 169
389 479
473 479
217 223
178 223
473 479
5 95
192 136
306 351
345 351
217 133
178 147
479 434
5 50
217 223
89 95
434 479
351 345
351 345
15 79
217 133
133 178
352 319
89 95
434 473
228 142
479 473
217 223
79 63
5 95
5 50
95 50
345 276
345 261
95 89
509 465
434 473
479 473
345 351
178 223
355 333
351 345
89 5
306 351
306 261
345 306
345 306
345 261
223 178
133 178
178 223
351 261
133 217
351 306
389 473
89 8
89 5
133 223
145 175
217 223
95 98
261 351
473 479
223 217
473 479
434 479
228 142
351 345
473 479
223 217
479 389
125 102
95 50
50 95
95 123
228 142
217 178
178 133
345 375
217 178
345 351
351 261
389 479
224 144
389 434
89 95
479 389
5 99
479 473
473 455
473 479
479 467
95 50
479 389
5 89
261 301
178 223
95 23
389 434
95 5
351 261
306 351
133 251
345 351
345 351
95 65
473 467
345 306
473 479
247 148
50 89
95 89
223 178
261 345
473 479
479 407
178 223
434 479
89 95
479 389
223 133
479 473
95 5
50 89
351 345
89 5
89 95
178 223
223 178
345 261
381 377
50 95
95 89
261 306
306 339
50 78
389 473
89 95
5 95
399 463
217 223
473 479
336 306
345 306
473 479
345 306
345 371
178 223
434 479
89 95
95 5
191 248
223 178
178 223
345 351
473 479
479 434
351 345
473 479
178 223
5 95
505 435
479 434
95 89
5 89
89 95
5 47
261 306
5 89
434 479
351 306
89 95
247 148
351 345
479 389
345 288
306 279
50 55
50 95
133 178
345 299
345 306
95 50
401 442
351 306
133 175
351 345
473 479
95 50
217 200
473 434
351 306
223 217
217 223
261 306
345 340
261 329
94 20
351 306
50 89
223 151
50 95
217 223
389 431
351 261
345 351
80 50
54 57
345 306
306 329
223 221
21 89
223 133
95 83
473 389
479 434
133 175
261 345
345 351
306 345
306 345
261 351
473 479
434 479
50 89
298 307
345 351
351 261
345 351
89 95
473 479
95 89
434 473
50 89
223 217
178 217
306 261
95 50
351 345
223 217
473 479
89 5
192 176
50 18
50 95
217 133
133 178
5 95
351 345
434 479
261 345
306 351
133 223
389 473
351 261
223 217
223 133
50 95
473 479
463 467
434 479
345 351
345 351
479 473
20 8
178 145
473 479
217 223
89 95
298 354
223 142
95 5
133 201
351 306
217 223
473 434
479 407
133 201
5 95
95 23
50 95
473 479
306 351
223 217
479 473
479 398
50 95
345 306
178 217
389 473
217 223
217 178
192 198
223 221
223 178
95 89
217 223
89 50
345 340
473 434
367 326
306 261
306 351
261 306
133 191
50 95
223 217
217 223
89 95
473 434
223 142
261 306
389 479
355 266
479 389
50 74
261 351
178 223
95 5
389 434
133 146
5 50
345 351
5 50
223 133
223 217
217 223
473 389
50 95
89 95
306 351
434 479
261 345
217 178
20 8
306 261
306 345
389 434
473 479
389 434
89 95
217 223
217 178
217 178
426 465
473 479
306 351
178 223
95 23
65 106
351 345
345 351
133 223
306 351
389 473
223 217
434 479
434 479
50 89
345 351
389 479
133 223
306 350
89 95
345 351
377 280
50 95
50 89
389 479
473 479
95 14
41 100
95 50
50 5
133 217
89 95
133 223
50 95
389 493
306 345
473 479
217 223
345 276
306 351
434 479
351 345
345 351
473 479
351 345
351 306
133 223
223 217
389 479
196 143
89 50
434 389
351 345
473 434
133 217
217 211
217 133
434 479
95 50
5 95
95 89
178 223
5 89
473 466
473 434
50 94
306 351
217 178
491 397
434 400
89 95
306 308
473 389
261 351
223 217
89 95
192 211
196 143
89 12
223 217
434 473
345 351
345 351
222 219
345 306
345 351
5 89
89 95
479 389
473 389
133 178
434 473
464 463
217 223
99 50
377 374
473 479
223 178
345 351
50 19
473 479
178 223
306 351
89 95
50 95
89 95
217 223
89 95
479 389
5 95
133 217
89 95
50 5
217 223
351 261
50 2
389 479
133 178
223 178
473 389
345 358
479 461
479 473
89 95
50 95
261 330
133 217
95 89
389 473
223 133
178 217
89 95
306 351
217 178
261 306
133 223
223 133
223 217
133 223
345 351
389 473
261 266
95 89
434 473
217 223
217 178
223 178
389 479
133 223
389 479
89 50
179 192
121 20
223 217
502 426
306 328
434 473
447 426
479 407
133 185
95 89
5 95
217 223
473 479
133 178
223 217
351 345
95 89
479 434
217 211
473 479
133 201
133 223
217 244
217 223
434 479
5 83
509 479
217 223
261 351
79 63
217 188
217 178
133 178
306 345
351 261
95 23
479 473
306 351
217 178
345 351
389 473
473 464
89 38
389 473
95 23
5 41
351 345
65 83
479 473
351 345
223 142
178 223
351 261
261 345
345 351
479 389
351 261
479 509
306 333
217 223
479 389
178 223
5 95
306 351
435 431
217 223
473 479
121 83
95 89
118 65
297 274
261 345
5 83
306 371
345 261
95 89
95 50
95 89
5 50
217 204
434 473
50 95
5 95
95 50
434 479
345 261
473 479
223 217
479 473
182 230
479 407
473 479
425 399
223 142
261 345
217 178
223 217
473 434
345 306
89 95
95 50
178 226
306 347
89 50
95 89
271 335
351 270
89 95
178 223
178 223
178 217
223 217
434 389
351 352
217 178
133 202
306 345
473 479
434 481
434 479
345 351
351 372
473 434
479 473
434 464
227 252
133 223
351 306
351 306
95 50
345 351
345 351
50 95
306 351
89 95
509 436
473 389
505 507
261 345
54 107
217 223
178 223
473 386
434 389
345 261
473 507
479 473
178 217
178 217
306 351
50 89
133 223
50 44
345 306
178 133
389 414
345 351
261 351
5 23
435 505
133 223
89 95
89 95
351 345
261 329
345 351
223 217
345 338
473 479
95 50
223 178
89 93
351 261
261 306
473 389
223 133
434 466
377 369
50 95
473 434
5 100
191 217
261 351
479 389
89 95
351 345
351 345
351 306
434 479
473 479
95 31
389 391
89 95
89 95
217 223
89 116
89 95
217 223
345 351
217 223
337 320
473 479
89 95
15 83
217 223
479 473
389 434
217 178
351 345
261 351
345 351
133 223
473 479
473 479
133 178
178 223
479 473
178 223
95 89
345 306
345 351
473 434
351 261
223 246
5 89
95 5
217 202
261 345
434 473
89 95
345 261
479 434
89 5
223 142
89 50
479 389
178 133
473 479
479 434
136 201
217 223
50 95
95 89
435 478
473 479
89 50
307 298
479 473
217 133
404 505
89 95
89 95
306 261
50 107
223 133
223 217
133 223
434 479
479 501
95 5
479 473
473 479
473 434
145 147
306 345
351 306
479 476
50 95
389 479
32 74
182 188
5 95
95 89
217 223
306 351
351 345
306 345
434 485
217 133
351 345
217 223
261 306
5 95
345 261
479 473
351 306
306 351
351 345
261 351
223 217
89 5
89 95
473 479
434 479
111 70
351 261
5 95
473 479
351 345
261 345
217 151
479 389
261 306
473 479
50 5
95 89
223 133
217 223
306 351
223 133
89 95
95 50
473 479
345 301
223 178
345 351
5 17
479 434
473 479
473 389
217 178
479 407
261 306
434 479
479 389
473 479
89 95
50 89
435 479
479 434
479 473
351 261
95 50
479 434
306 351
389 431
89 95
170 179
319 306
448 467
145 208
178 223
276 264
95 5
227 145
228 247
89 95
479 473
89 95
95 14
81 64
133 223
473 479
345 306
95 14
217 223
89 95
50 95
95 89
223 178
217 133
217 133
217 133
5 95
484 503
89 95
50 5
473 479
434 404
427 479
479 473
473 389
95 14
223 178
50 95
389 479
217 223
89 95
261 349
50 95
50 57
95 89
261 351
261 306
178 217
479 397
381 308
473 479
345 261
89 50
223 217
133 223
345 351
473 434
50 66
306 351
345 351
479 473
261 351
95 89
178 223
5 89
178 223
261 351
95 89
345 351
345 351
345 351
178 223
345 351
351 345
89 50
473 479
345 351
133 178
434 441
261 351
345 351
95 89
479 473
351 279
5 95
89 50
95 89
345 351
5 95
148 136
95 89
95 51
89 95
217 133
178 133
5 89
306 351
389 479
89 95
5 50
217 133
479 434
5 89
351 261
133 178
339 362
89 95
5 89
479 434
306 351
473 479
5 89
345 351
261 345
96 122
89 95
50 5
186 241
434 473
345 351
473 479
345 258
89 50
223 217
89 95
95 89
5 58
473 479
89 50
434 473
321 289
207 249
223 217
89 95
217 133
89 95
261 330
479 435
261 345
5 89
223 178
5 89
345 351
479 389
261 345
50 89
306 345
351 345
306 345
217 223
211 234
473 434
50 95
50 95
133 207
473 398
5 89
178 223
89 50
223 217
479 473
217 223
228 179
351 345
306 278
217 133
261 345
89 50
89 95
319 376
473 479
473 389
473 434
270 337
261 345
223 178
178 223
223 217
217 178
351 306
351 306
89 95
217 133
473 479
178 177
351 261
473 479
345 351
473 434
223 217
479 473
261 303
473 479
345 351
133 175
345 261
8 94
89 95
89 50
217 223
50 95
89 95
95 89
120 116
351 261
50 95
434 427
89 95
5 50
217 223
95 5
217 213
401 484
306 296
345 351
434 479
261 306
253 208
261 351
473 479
434 389
217 133
89 95
217 223
479 434
473 389
217 223
95 89
306 345
473 479
306 261
178 223
100 54
217 178
351 306
345 306
261 303
217 223
95 89
217 223
95 89
306 261
133 201
345 351
345 351
345 351
389 455
95 5
217 178
223 217
223 217
89 5
434 479
389 431
479 473
89 5
5 89
133 223
50 95
483 508
351 270
389 479
217 223
351 279
223 142
50 95
473 389
133 223
223 217
389 457
5 50
89 5
95 89
473 479
473 479
89 95
178 223
479 389
389 434
50 18
479 434
178 223
479 434
306 261
89 95
89 95
50 95
178 223
95 89
222 161
217 223
479 473
447 480
261 345
217 178
50 42
351 345
95 89
351 261
217 202
217 178
89 95
479 473
389 440
351 345
473 434
223 217
473 389
145 193
473 479
5 89
5 89
479 389
271 290
306 349
478 389
133 175
89 5
95 23
89 95
133 175
306 351
223 178
89 95
191 224
5 89
217 223
389 479
95 14
479 401
434 389
217 223
434 423
89 95
217 223
95 89
178 217
95 89
223 205
50 16
483 420
133 223
217 223
345 351
223 217
389 434
351 345
178 133
473 479
389 473
479 434
434 390
133 223
223 178
473 389
217 223
473 479
389 473
404 392
351 345
223 196
89 95
389 473
345 351
5 95
178 217
217 223
133 201
178 223
133 184
345 306
306 261
345 351
223 151
5 73
261 306
5 89
223 173
95 89
178 202
389 473
5 95
473 479
473 479
473 434
351 334
409 490
178 133
261 351
113 58
89 5
377 370
133 223
89 50
89 5
389 434
351 261
473 479
479 434
5 50
479 434
389 479
479 473
217 178
345 351
261 345
247 148
217 223
50 95
473 479
261 345
5 73
217 133
89 95
479 455
351 345
351 306
345 351
345 351
223 217
95 89
261 345
479 434
89 50
345 351
95 5
351 273
89 95
345 351
50 95
249 195
473 424
473 434
217 223
95 89
223 142
351 345
95 23
217 223
434 479
389 473
389 473
351 306
89 95
95 109
345 306
306 345
223 217
261 345
306 345
483 406
345 351
178 133
223 211
133 178
5 16
345 261
223 133
95 89
434 473
95 5
133 223
89 95
95 5
479 434
89 95
223 217
133 223
351 345
217 223
217 133
473 479
345 306
50 95
351 345
50 95
355 302
217 223
217 223
121 116
389 479
345 261
217 234
306 312
217 223
217 223
5 50
217 223
389 473
479 473
261 291
5 95
434 479
306 295
473 434
479 407
297 282
217 210
261 351
473 428
133 223
223 217
261 345
89 95
178 217
95 70
261 303
56 95
261 351
217 178
50 89
473 434
306 273
178 217
51 41
351 375
192 211
320 297
95 89
351 345
389 473
223 178
5 73
196 143
479 467
223 147
178 223
89 95
473 479
50 5
473 389
473 479
473 389
351 316
95 89
178 223
434 479
345 351
345 330
217 223
95 89
306 351
89 95
389 479
178 211
217 223
473 479
5 47
5 95
133 223
217 223
217 223
435 481
306 351
261 303
89 95
473 434
223 217
473 479
223 199
95 5
95 89
404 448
50 44
89 50
223 133
133 223
479 434
5 95
473 479
89 95
473 479
434 479
5 77
133 178
50 95
178 227
261 351
133 223
345 329
217 223
306 351
217 211
270 337
279 261
50 89
179 191
389 473
281 362
89 95
434 479
434 479
217 223
89 95
345 351
345 351
217 223
89 95
495 426
133 223
89 95
223 217
345 279
95 5
178 223
473 479
5 50
434 479
89 95
89 5
5 73
95 14
223 133
345 351
223 217
5 95
178 217
50 95
351 345
473 501
223 217
89 95
473 479
178 158
434 479
261 351
473 389
389 479
89 50
389 434
261 354
345 306
479 507
434 389
473 479
351 306
223 178
306 351
133 246
306 351
261 306
345 306
5 95
89 50
95 89
345 351
479 389
351 306
434 389
133 223
89 95
5 95
223 217
217 133
217 223
271 339
389 479
434 473
389 473
5 95
95 5
178 223
351 279
389 473
351 306
217 223
479 473
223 217
261 351
261 351
345 306
133 175
217 223
133 217
345 306
5 95
223 217
479 434
389 473
178 133
5 95
389 473
217 133
479 473
223 217
217 178
345 261
434 479
217 133
434 483
306 333
345 351
261 351
50 83
133 223
297 324
345 351
5 95
42 51
497 442
473 479
95 14
182 137
434 479
89 95
223 133
261 351
351 273
227 216
217 223
223 133
479 473
70 42
473 479
345 351
133 223
473 479
217 223
345 351
217 223
5 95
89 50
223 178
434 473
404 392
306 351
434 481
479 434
434 473
473 475
351 345
345 351
434 479
217 223
351 306
95 50
351 261
5 95
5 48
5 89
89 95
133 223
217 133
473 479
89 95
223 217
89 95
133 217
5 89
223 217
50 89
404 448
5 123
479 473
479 389
261 338
178 223
89 0
479 473
345 351
345 351
89 95
345 351
95 50
473 479
170 222
381 259
89 95
473 479
345 351
351 345
306 345
479 398
434 479
306 351
89 95
473 479
261 306
223 217
389 434
351 345
50 95
351 261
434 389
121 96
217 223
351 345
5 95
95 89
271 335
95 50
5 95
95 89
435 459
473 479
473 386
345 306
434 431
473 479
345 351
133 223
306 351
89 95
89 5
351 345
306 351
217 223
450 479
345 306
217 178
5 95
345 351
306 345
223 217
345 324
89 50
479 473
217 178
133 223
95 50
95 50
95 89
89 50
223 178
89 95
223 151
5 95
389 479
133 223
297 382
345 351
345 261
178 223
351 306
125 77
178 223
503 507
479 398
479 473
223 178
89 50
133 230
89 95
223 217
473 479
179 129
306 292
5 95
89 95
50 95
217 133
223 178
94 47
223 133
50 95
473 389
95 89
223 178
133 178
95 89
345 306
95 89
473 404
209 170
89 95
217 223
223 217
345 261
345 351
178 133
351 345
89 95
50 95
95 89
345 306
235 141
389 479
345 261
192 249
50 89
223 217
217 223
479 473
15 79
5 50
345 351
345 351
306 308
351 261
50 5
50 5
434 389
306 351
95 89
351 322
89 95
89 50
89 101
261 345
217 133
473 434
95 5
345 351
217 223
389 473
217 223
434 479
351 261
261 351
89 95
223 174
351 345
389 473
306 352
306 351
479 473
178 223
166 223
307 378
448 462
491 403
261 351
95 89
345 351
479 398
50 115
389 473
89 95
306 351
261 345
89 5
434 469
473 389
389 457
351 306
479 473
479 473
89 5
222 131
178 211
5 89
473 434
217 178
95 5
351 306
351 345
217 178
351 345
217 178
389 473
178 217
434 479
479 473
473 479
479 473
479 473
5 95
345 351
306 351
5 89
203 217
479 473
351 261
270 337
217 223
479 389
50 95
261 351
217 223
351 372
17 125
473 389
345 351
95 89
345 351
261 351
89 5
345 261
178 223
217 223
95 89
95 89
223 178
389 434
351 279
345 351
473 434
5 73
64 13
389 434
306 349
306 351
351 270
473 462
133 190
261 345
351 345
51 80
68 14
306 351
89 50
261 306
217 133
473 479
217 223
178 135
50 89
223 178
306 345
261 351
169 201
345 351
351 345
479 473
95 14
479 473
345 333
89 95
95 50
89 50
95 89
133 178
438 499
306 351
217 223
434 479
95 89
178 223
95 50
148 136
223 178
89 95
223 217
95 89
95 39
321 318
217 178
479 434
5 95
345 351
351 345
223 178
345 306
217 223
345 372
133 217
143 207
473 479
473 479
89 7
95 14
191 207
356 375
351 334
479 486
178 235
20 8
217 176
473 434
351 307
89 5
217 178
473 479
434 479
89 95
473 407
345 351
64 0
125 124
479 473
217 223
95 50
306 351
473 479
50 95
434 479
5 89
89 95
389 434
434 501
58 24
473 434
351 261
217 133
345 351
178 133
223 217
434 431
351 306
345 306
125 80
447 480
178 133
223 217
345 306
95 89
95 50
50 95
473 479
345 351
306 351
479 398
351 261
89 95
50 95
261 345
223 178
89 50
178 223
217 223
261 351
276 264
178 223
345 351
223 133
95 0
479 389
479 473
310 302
479 434
434 479
389 479
5 95
434 404
473 430
89 95
95 14
261 351
351 345
133 217
217 223
351 306
50 5
5 95
479 473
223 142
133 201
306 351
89 50
89 78
178 133
479 473
345 351
345 261
5 95
5 95
345 261
434 479
5 95
389 479
479 473
345 261
178 223
306 270
389 499
389 434
473 479
95 89
389 398
50 89
95 89
89 95
507 503
41 65
479 434
345 306
345 306
261 306
178 223
473 479
217 178
434 479
89 50
95 5
223 217
434 389
345 351
351 261
389 479
351 345
89 95
261 351
345 261
170 148
479 389
50 5
133 223
89 95
95 89
479 473
133 223
473 389
306 351
95 89
89 95
306 345
5 73
351 306
95 89
217 178
306 353
345 351
434 473
351 306
434 479
351 345
434 479
479 407
223 217
217 223
5 89
434 473
223 217
217 178
473 479
389 469
261 351
306 261
473 479
434 401
479 473
478 454
178 223
479 460
452 399
434 479
306 265
89 95
223 178
50 95
479 434
89 50
99 71
89 95
89 118
89 5
95 93
133 223
479 434
223 217
425 507
217 223
223 133
434 479
223 133
5 50
178 217
178 223
178 223
479 389
5 95
5 50
448 442
479 398
345 306
473 479
89 95
217 133
133 238
133 223
261 306
261 345
434 427
89 5
95 23
473 479
217 223
133 223
261 351
133 223
95 5
133 217
178 223
473 479
133 201
217 250
133 141
178 133
351 345
178 223
50 5
479 389
261 345
345 261
133 223
50 95
507 503
217 223
389 434
345 351
50 95
217 223
89 95
473 479
479 473
261 339
178 208
351 345
178 196
434 463
50 95
306 351
273 381
89 95
217 223
479 389
50 95
261 306
89 95
50 95
473 434
473 479
351 261
473 479
223 178
50 95
345 306
178 217
223 178
434 389
217 223
345 351
217 223
178 133
479 434
345 306
89 95
426 435
50 95
217 223
95 89
89 95
389 457
217 133
223 217
261 381
223 217
217 223
223 133
389 395
473 434
89 95
5 95
89 50
50 95
217 223
95 50
479 473
389 398
261 306
389 479
473 434
345 261
89 95
95 89
5 14
261 351
479 389
5 95
261 345
133 178
261 351
95 89
434 422
50 89
217 208
95 89
319 339
345 261
345 351
345 351
479 434
479 473
95 89
228 247
441 389
95 89
217 133
345 351
473 389
351 261
306 351
306 313
351 306
306 351
434 479
223 217
95 89
345 306
178 223
5 50
351 306
95 89
473 479
345 351
310 306
89 5
217 178
345 306
389 479
306 351
192 178
95 89
479 473
345 306
89 1
95 89
434 389
351 261
351 261
5 89
178 189
351 345
351 345
434 389
479 434
479 473
5 95
479 389
133 201
399 418
261 345
261 345
473 479
306 379
261 329
133 217
50 5
345 351
223 217
261 332
95 5
5 95
50 12
389 442
5 95
5 95
89 95
133 223
223 178
479 473
89 50
351 270
217 223
306 351
217 178
20 8
178 189
351 345
217 223
95 89
217 223
389 479
178 133
5 50
473 479
89 95
222 238
261 303
187 198
389 473
473 434
50 5
306 351
473 479
261 351
5 89
133 223
389 479
440 473
5 95
89 50
351 381
351 345
261 351
389 473
50 95
473 479
351 267
89 5
217 223
434 404
223 217
351 270
223 133
89 95
217 223
473 479
479 473
50 51
133 217
351 306
306 351
389 434
217 178
95 14
133 217
223 133
217 223
434 389
5 95
170 209
479 389
217 223
5 89
490 479
351 261
81 100
95 89
89 95
79 15
89 95
223 217
89 95
473 434
178 221
224 147
345 351
306 261
479 473
473 479
217 178
95 50
133 223
50 95
473 479
345 351
389 473
389 434
345 306
473 434
50 95
89 95
89 95
89 10
306 261
217 178
89 0
345 351
50 95
5 89
261 306
80 50
5 89
345 351
89 5
217 223
511 434
133 217
217 129
89 95
223 178
389 431
169 143
5 47
133 223
479 503
261 345
217 223
5 95
351 261
50 95
261 351
50 115
306 351
178 223
473 479
95 5
351 345
306 351
5 95
192 138
217 133
50 95
89 50
345 351
351 261
434 473
89 95
178 133
261 306
178 156
448 469
5 113
479 434
89 95
133 178
223 207
479 434
473 479
389 479
345 351
345 351
434 499
434 479
479 473
473 434
95 5
473 479
89 95
89 95
261 306
479 473
95 110
473 479
473 479
473 479
351 306
473 465
351 270
345 306
345 351
351 261
89 95
89 95
50 89
133 154
133 178
389 457
95 5
223 178
351 270
89 3
261 345
306 351
223 217
95 5
389 457
217 223
306 351
434 473
223 243
389 431
319 352
178 184
261 306
133 158
89 95
217 223
351 261
217 178
50 89
223 217
178 217
479 483
89 95
95 89
351 261
369 314
96 94
351 282
473 434
345 351
5 95
223 217
133 223
223 178
479 473
479 434
5 95
473 479
50 95
306 351
217 238
192 141
95 50
306 316
217 223
261 335
5 95
306 279
306 345
479 473
473 389
473 479
351 306
399 418
473 479
479 473
473 479
223 217
217 149
473 448
479 434
345 306
50 95
50 95
473 434
479 407
89 95
133 223
95 99
389 479
89 95
217 223
178 223
223 217
351 306
479 473
217 223
223 178
89 50
178 223
89 95
389 473
473 416
217 223
479 473
479 434
389 434
351 345
133 227
351 306
178 242
223 217
447 480
303 261
345 351
345 351
95 50
351 306
217 223
95 89
89 95
447 401
480 417
5 95
133 178
95 50
261 351
217 178
223 217
217 223
319 352
345 335
223 207
345 351
223 178
178 217
133 217
351 345
217 223
123 119
133 175
306 351
345 351
473 479
5 95
5 95
246 170
133 223
479 473
473 434
89 5
306 351
133 178
95 89
473 389
217 223
479 473
261 351
261 314
217 178
50 89
224 171
345 351
178 223
306 261
425 452
351 345
50 89
223 217
217 223
58 100
223 135
95 89
5 95
306 345
306 351
261 351
261 306
473 479
306 351
306 356
95 89
223 178
345 351
89 95
207 208
223 199
351 345
217 133
479 407
5 95
50 95
479 400
345 351
223 178
389 479
479 473
223 133
479 461
217 178
473 479
473 479
50 95
306 257
89 5
217 223
50 48
351 270
217 207
217 223
473 479
50 95
133 223
351 345
434 473
389 479
261 345
306 351
479 434
389 473
473 479
217 223
352 313
223 217
5 95
345 351
389 479
133 223
345 306
479 434
389 479
223 178
306 261
261 337
434 479
473 479
306 351
505 431
473 479
399 418
473 434
473 478
217 223
345 306
95 5
89 32
89 95
17 120
473 479
473 479
479 473
5 50
133 217
217 223
345 334
351 345
223 178
479 434
320 258
491 397
223 133
5 50
178 223
217 223
479 455
261 351
95 89
89 95
217 223
142 223
89 50
479 473
217 223
217 145
345 306
133 217
178 223
297 378
345 351
473 479
89 5
182 196
5 95
89 95
345 351
223 217
5 95
351 270
351 345
217 223
89 95
434 410
351 345
448 425
351 282
434 397
133 217
479 473
95 89
217 223
351 306
95 50
345 351
479 389
345 351
95 89
133 178
217 223
133 223
473 479
89 95
217 230
345 351
389 479
5 95
389 479
133 223
178 217
133 201
178 223
178 223
479 389
473 479
261 351
50 95
473 434
217 223
479 407
133 223
223 133
401 414
5 50
5 95
261 351
133 208
133 178
389 458
89 50
306 351
389 473
434 479
223 133
473 479
434 449
345 351
133 217
95 5
5 50
223 178
223 133
473 479
95 94
89 95
434 479
345 351
351 345
448 478
89 95
261 345
133 142
473 434
345 351
261 351
95 23
125 59
389 503
217 223
51 5
222 214
351 345
479 434
223 217
345 351
95 89
89 95
345 261
306 345
133 217
345 261
261 306
473 434
473 434
89 95
223 133
473 479
20 64
5 95
217 223
89 78
217 223
95 89
473 479
50 95
196 169
320 315
50 42
133 223
217 133
5 95
306 345
133 178
345 351
217 178
389 434
217 223
345 351
479 389
434 479
217 223
5 89
178 223
345 306
479 389
351 345
217 178
434 479
223 178
381 272
276 320
479 434
473 434
133 178
133 223
261 351
351 345
95 89
235 141
345 306
105 95
473 434
261 306
178 223
178 217
89 95
217 223
306 274
50 45
223 178
89 50
89 95
261 351
345 306
95 89
178 217
482 435
345 261
345 261
345 351
351 345
178 223
50 95
223 178
217 223
217 223
5 95
479 473
50 95
89 95
479 389
473 434
133 223
223 133
5 95
95 89
345 351
434 479
133 217
223 217
223 217
89 5
479 473
133 223
352 319
434 473
389 434
473 479
178 223
351 261
217 133
261 345
100 14
345 306
95 5
5 100
178 133
50 5
133 217
345 306
89 95
306 345
133 217
351 261
223 133
217 223
95 89
223 133
217 151
473 423
479 473
217 223
434 389
223 217
223 217
178 211
89 50
351 345
217 223
261 345
335 339
479 434
50 95
473 434
21 96
306 351
389 431
5 95
416 458
351 345
351 306
47 77
50 5
473 479
223 217
261 329
95 89
217 133
351 378
261 336
479 434
95 23
95 5
434 387
50 95
479 434
178 223
95 14
133 217
434 400
119 123
217 223
133 178
95 89
95 5
89 5
351 285
345 260
89 95
223 217
253 250
389 473
434 389
389 479
345 261
95 89
473 500
217 223
345 373
479 473
473 479
5 68
217 223
50 95
89 95
434 479
133 128
473 479
434 479
434 479
133 175
95 89
95 5
473 389
223 217
89 95
473 479
345 306
473 389
351 345
50 95
133 223
178 223
217 133
389 479
50 95
264 320
351 261
5 23
170 246
95 5
153 234
217 223
178 223
5 95
133 217
345 351
473 479
473 479
217 223
74 100
5 95
345 351
133 178
50 89
223 217
306 302
306 351
434 389
95 89
345 306
125 98
178 223
483 502
217 176
95 14
261 345
50 95
223 151
217 178
175 148
5 95
351 345
479 389
434 479
95 89
389 434
261 329
178 223
434 389
389 473
367 261
217 178
306 351
207 187
95 55
95 89
89 50
389 479
223 217
261 303
178 223
345 261
479 473
217 160
404 479
50 119
351 345
14 81
389 431
345 351
217 178
178 227
95 50
479 473
50 41
356 310
178 217
351 345
223 217
479 389
473 434
479 434
89 5
479 473
306 351
261 338
178 217
479 473
178 133
434 479
306 261
95 5
479 473
5 95
133 178
473 479
217 133
389 434
434 473
473 479
345 351
479 434
178 223
50 95
351 345
345 351
276 320
223 178
96 16
479 407
345 306
261 351
434 479
434 473
178 133
217 206
95 89
479 476
64 3
345 351
95 20
345 306
434 473
345 261
178 230
217 133
5 116
95 89
133 158
133 178
247 148
133 223
261 351
223 133
89 95
473 434
473 402
50 95
473 479
377 319
89 5
223 178
89 82
89 50
133 178
95 89
479 389
345 351
351 306
217 223
133 175
50 5
95 89
223 217
217 223
351 345
434 473
345 306
465 397
479 473
15 34
479 473
473 507
389 479
178 217
351 345
178 223
50 95
389 479
133 223
223 217
223 217
389 473
345 273
345 306
133 178
261 345
89 95
89 95
473 434
85 95
434 389
223 178
479 389
345 351
217 178
223 178
50 89
217 223
95 5
389 434
223 151
389 479
17 98
5 73
479 473
261 345
479 434
89 95
89 95
178 223
193 230
345 261
50 60
351 306
178 223
95 5
345 347
50 121
261 351
345 303
479 467
463 438
5 50
89 117
454 389
351 261
497 442
133 223
223 204
276 320
434 479
178 217
133 223
306 261
306 273
351 345
95 5
133 184
95 5
473 389
179 172
389 434
95 89
133 219
484 503
95 89
223 178
5 50
178 223
351 261
473 479
50 95
389 479
473 479
95 50
223 217
434 473
133 179
306 345
50 117
133 217
99 72
133 217
479 436
473 479
133 178
5 89
473 434
505 450
345 261
217 178
5 95
345 351
133 223
473 479
95 117
473 389
133 217
389 434
351 345
5 95
261 345
389 473
479 473
306 338
389 434
17 102
345 351
89 5
89 50
447 480
509 479
464 434
133 217
306 351
217 223
23 95
217 223
479 389
306 351
89 95
178 133
473 479
434 479
306 348
133 201
89 95
345 306
434 389
217 178
178 183
50 41
50 95
473 479
217 133
351 306
351 306
217 133
473 389
148 251
160 202
95 23
95 77
389 457
351 261
356 375
306 351
133 223
473 452
473 388
389 434
89 106
217 223
345 261
473 479
261 345
389 479
95 89
389 434
351 345
89 5
89 47
89 95
89 95
306 351
434 479
434 389
217 133
178 223
89 83
95 92
89 95
261 351
89 50
133 217
306 351
223 178
178 223
89 95
351 261
389 434
235 141
89 5
306 351
5 73
95 5
374 298
479 434
306 345
178 223
473 479
5 95
306 351
5 93
479 473
345 261
178 217
133 223
5 89
217 178
389 479
217 138
217 223
89 5
89 95
5 89
133 178
133 223
178 217
89 95
473 479
473 479
178 223
479 473
345 351
345 351
5 89
306 351
223 217
288 330
345 351
261 345
89 95
389 431
5 89
345 351
95 89
217 223
5 95
50 89
50 10
217 211
178 223
345 351
145 249
89 71
192 188
89 50
351 306
345 261
479 389
178 138
479 467
345 351
50 95
178 150
434 432
217 178
261 306
217 223
223 178
351 345
261 345
465 426
473 434
389 479
261 351
50 95
434 467
389 434
217 133
434 479
89 23
389 431
479 389
217 223
434 389
95 89
223 133
50 95
345 351
306 351
389 473
223 217
246 193
5 95
223 217
223 217
50 123
473 479
473 479
306 351
306 351
434 479
473 479
479 431
261 345
143 211
389 402
261 303
261 307
261 351
351 306
479 434
479 389
5 95
434 479
345 306
306 345
473 389
345 351
351 306
223 178
345 351
223 217
434 479
89 50
306 351
351 274
223 217
306 351
351 348
5 80
389 434
5 95
261 329
89 95
223 217
223 217
434 479
95 91
306 351
345 306
89 5
95 89
223 217
321 310
178 217
178 217
306 351
306 351
473 479
345 351
89 5
479 389
217 210
223 142
89 95
298 307
178 223
434 479
473 479
306 345
351 345
178 217
133 170
5 89
222 133
345 306
217 178
389 479
178 217
217 133
95 89
217 178
434 473
217 223
95 89
223 217
217 223
351 345
261 351
351 345
95 89
389 473
50 95
479 389
217 223
484 503
217 178
261 351
351 306
306 345
345 351
20 121
133 223
351 345
89 95
17 12
5 95
389 434
178 223
217 178
473 479
89 50
351 270
178 133
217 223
345 351
306 351
480 418
5 50
89 94
223 133
434 479
217 133
217 178
217 223
306 351
261 306
89 95
89 95
178 212
178 217
50 95
345 351
178 223
20 8
345 351
95 89
363 269
473 434
50 5
223 217
261 351
50 95
223 133
223 133
223 151
389 473
389 434
351 270
389 479
473 479
170 250
345 351
261 351
306 351
217 178
320 318
306 261
306 261
473 389
217 248
217 223
261 351
434 479
217 223
479 473
389 479
261 351
473 479
95 89
217 223
351 261
217 223
50 51
261 361
351 345
162 239
306 351
345 351
479 473
479 473
434 402
473 434
133 223
345 261
345 351
95 23
89 95
261 354
95 5
178 229
217 223
351 261
95 5
95 5
389 479
351 350
434 466
217 206
191 170
389 434
261 351
479 389
5 95
95 50
345 261
95 50
50 5
345 351
89 95
351 306
182 175
50 95
345 306
389 479
448 389
217 133
89 95
345 351
89 95
294 310
473 479
223 217
223 151
351 326
217 223
89 95
217 223
5 73
89 50
89 95
95 50
434 479
223 133
473 389
50 95
95 89
442 497
473 479
389 479
5 23
50 95
142 209
217 223
217 133
89 95
261 329
253 187
133 223
95 50
223 217
89 50
50 95
434 479
217 223
89 95
217 133
345 261
261 366
434 479
389 434
223 178
389 455
223 217
306 261
20 8
434 479
178 223
133 217
5 50
133 223
319 376
473 479
50 95
434 410
473 479
306 351
479 434
178 170
434 479
479 389
389 479
351 292
479 434
306 345
389 479
479 473
473 434
223 133
473 389
261 306
50 5
434 479
50 95
491 397
227 166
261 329
434 479
5 95
389 473
434 479
217 178
133 217
479 473
261 329
389 479
345 351
50 89
89 95
434 479
306 351
261 345
50 89
261 345
306 351
434 389
178 199
473 389
345 351
50 84
89 122
50 120
178 133
89 95
351 279
434 479
438 434
223 178
89 95
306 351
133 223
509 479
89 50
223 133
95 89
389 434
351 345
389 429
345 351
164 178
345 351
89 95
89 95
89 95
345 306
178 179
50 95
473 479
434 393
351 345
479 389
345 351
133 223
50 89
479 473
223 133
351 335
479 450
473 434
261 351
261 351
345 306
389 479
5 89
389 434
479 473
89 95
89 95
500 473
50 95
50 5
389 479
261 351
89 50
356 310
345 261
473 479
425 485
306 351
261 345
345 306
178 223
306 351
133 223
434 389
223 217
351 306
261 290
261 351
42 51
483 391
345 306
297 300
50 95
223 133
223 178
479 398
223 133
389 479
261 363
473 434
351 345
5 50
133 223
89 95
434 479
223 133
223 224
479 434
133 217
95 50
261 345
345 339
95 89
89 95
389 434
479 434
398 465
473 434
178 223
262 350
95 5
89 95
350 347
389 431
217 201
217 178
179 142
473 389
345 351
479 398
95 89
306 351
50 89
133 223
351 345
479 389
473 434
89 50
81 64
473 434
345 261
306 351
473 479
434 479
345 306
479 473
335 339
261 306
507 503
473 479
223 217
178 223
479 473
178 223
434 479
5 50
217 178
133 223
261 351
479 473
345 351
389 488
217 223
351 345
473 389
89 46
5 95
345 351
473 434
5 89
133 138
306 345
50 95
351 306
5 50
217 223
50 105
178 146
68 15
434 473
95 47
345 351
223 217
95 83
351 261
389 473
5 89
89 95
217 178
479 473
5 73
434 479
81 64
95 89
95 5
261 329
306 351
133 223
345 351
473 389
121 83
479 434
95 89
351 339
95 50
223 133
389 434
351 261
5 95
217 133
223 178
182 167
95 50
50 95
425 480
473 479
223 217
345 358
479 473
389 473
306 351
192 148
217 223
5 28
389 479
95 89
345 351
351 345
95 50
345 351
217 178
223 151
89 5
223 219
50 95
261 303
434 473
50 95
389 479
473 434
217 178
351 273
306 280
223 133
89 95
479 434
351 345
434 479
389 473
345 351
479 434
345 351
95 89
217 223
5 50
434 479
306 351
217 222
276 320
306 351
141 246
473 479
479 473
223 133
50 95
479 434
261 306
89 95
217 178
473 479
133 178
351 270
271 335
178 217
5 95
351 270
217 178
351 345
223 217
345 351
261 306
473 434
89 95
261 351
363 269
473 389
351 261
50 98
217 223
223 178
345 327
178 223
217 178
345 306
133 223
381 299
345 351
50 95
241 186
133 223
306 261
217 250
178 223
479 473
50 95
473 400
319 376
434 479
306 351
351 345
70 42
479 389
345 306
89 50
133 223
473 479
345 351
261 306
217 133
261 345
479 473
246 193
228 182
306 351
217 182
479 434
473 434
351 276
5 110
473 479
351 345
89 5
426 495
133 226
389 447
276 264
479 473
434 479
223 217
345 351
351 306
452 398
50 89
459 473
223 217
473 479
5 89
306 261
133 178
345 261
345 306
389 457
479 473
178 223
217 178
479 473
473 479
479 466
5 50
133 187
345 306
133 223
5 50
217 133
389 459
50 5
306 345
261 351
479 434
89 95
473 479
473 434
502 397
89 95
261 279
182 167
479 473
217 146
261 329
28 89
351 345
306 345
345 306
473 479
178 223
261 345
217 223
351 306
133 217
345 351
95 83
351 345
178 133
95 1
473 479
479 473
217 223
178 133
50 95
306 351
261 345
89 95
217 133
223 178
473 479
50 95
148 192
473 479
345 261
473 434
434 393
79 121
5 47
178 251
89 95
389 434
473 479
224 135
434 479
95 89
95 89
5 50
389 431
50 20
434 479
223 178
389 473
261 351
345 351
479 473
223 142
89 95
32 74
133 223
50 95
95 5
473 479
162 223
50 89
95 89
306 351
50 95
133 178
434 479
178 223
133 221
133 185
223 217
473 479
223 178
473 479
345 306
95 50
95 89
345 351
473 389
95 89
351 306
261 306
217 180
217 223
95 89
89 50
473 389
351 279
217 223
479 389
434 479
479 473
351 333
351 306
351 270
351 345
473 434
351 279
223 178
133 178
178 223
434 473
5 73
261 351
473 479
351 345
297 312
345 261
389 469
148 192
169 196
389 386
306 351
351 279
345 351
261 351
473 389
473 479
261 306
389 479
434 473
434 479
133 223
345 351
143 162
345 351
306 351
404 490
479 389
217 133
162 164
261 351
306 351
306 312
95 89
473 479
50 89
351 306
178 223
345 351
89 95
223 217
276 264
473 389
351 345
351 261
434 479
473 479
133 191
217 178
193 199
182 206
241 186
178 223
89 95
223 217
306 351
351 345
434 389
351 345
434 389
178 223
434 473
5 95
95 89
473 479
89 95
178 217
473 479
351 306
50 95
95 14
479 493
434 479
178 223
345 306
89 5
89 95
178 223
217 223
389 473
345 306
217 178
434 389
306 345
223 133
223 217
389 434
95 89
223 217
345 351
223 217
473 389
217 223
133 217
434 386
389 473
5 95
223 178
473 479
217 223
5 95
345 306
261 306
434 389
178 133
473 462
178 211
307 300
223 217
339 271
345 306
306 273
473 389
217 178
95 50
345 351
473 414
473 479
345 306
473 389
379 261
121 17
261 306
276 264
345 274
223 217
345 351
95 89
345 351
89 5
345 351
389 479
261 306
351 345
50 5
223 217
473 389
389 503
223 133
306 351
89 95
261 351
95 31
5 71
50 95
83 106
389 479
89 95
223 178
223 226
169 133
133 223
217 223
133 178
223 178
223 178
217 206
223 217
480 496
479 473
5 89
473 389
178 223
5 95
351 261
306 345
50 95
133 217
223 133
261 351
89 50
178 147
217 223
89 5
89 5
473 389
345 351
351 261
389 479
363 269
351 345
473 434
217 178
298 307
261 351
223 133
389 434
217 223
473 479
473 479
5 95
351 261
473 479
121 84
217 223
306 261
223 133
351 345
50 89
217 223
50 45
351 261
133 175
276 264
351 306
351 327
133 207
261 345
217 163
95 89
473 434
50 89
5 47
42 51
50 95
351 350
217 223
351 261
389 473
95 89
95 5
89 50
223 178
351 345
473 479
473 479
345 351
473 479
351 345
95 50
133 223
345 351
306 351
217 223
369 314
479 473
351 345
50 95
306 261
95 5
5 18
89 95
133 217
223 217
217 223
89 50
223 217
5 95
5 65
389 479
50 7
223 217
473 389
306 261
249 196
473 434
351 345
473 479
473 479
345 351
261 306
351 306
473 434
133 223
345 351
217 133
223 133
345 351
178 223
434 389
306 345
351 345
50 5
351 306
178 217
89 95
261 351
351 345
473 479
89 95
479 426
89 5
351 306
95 5
345 256
351 345
345 298
100 119
89 95
17 16
178 217
389 426
434 389
473 434
271 339
434 479
389 434
192 212
473 479
217 151
178 223
434 479
310 339
389 467
479 389
217 133
89 95
217 133
95 50
89 5
434 479
261 306
345 261
178 217
351 306
50 89
345 261
133 251
345 351
95 89
95 50
89 50
217 202
95 89
484 398
5 73
133 251
261 351
95 5
217 223
491 397
345 261
306 345
351 345
345 261
315 319
223 133
217 133
261 270
217 223
217 178
479 389
223 178
223 178
479 473
89 95
345 306
223 133
178 133
178 133
306 351
17 26
502 449
261 351
5 50
178 217
217 133
89 95
434 473
191 207
95 50
217 223
89 50
261 306
89 95
306 351
89 95
306 345
473 479
389 479
345 261
345 351
274 306
479 473
223 138
95 50
345 306
217 223
217 178
312 261
473 389
479 389
434 508
217 133
345 351
478 505
351 345
179 239
223 217
473 479
96 16
389 434
345 351
50 95
95 91
89 95
345 351
434 479
345 351
133 223
345 306
89 95
89 95
491 403
345 351
133 217
434 402
434 479
178 223
261 345
473 479
306 351
89 5
479 473
5 50
217 133
217 201
473 479
261 345
178 223
306 351
5 95
345 351
217 223
479 407
95 5
389 479
345 351
133 178
351 345
15 34
192 142
217 223
223 217
345 351
479 434
89 95
5 95
306 351
351 345
50 89
89 54
261 306
223 217
473 434
178 241
434 479
50 5
178 223
351 345
473 479
351 306
345 261
473 434
95 89
449 398
434 473
133 217
223 173
217 223
351 345
145 163
217 223
50 5
50 95
261 306
217 212
473 479
178 217
351 345
389 473
345 351
351 345
196 143
50 95
473 479
389 457
426 435
389 431
479 473
89 95
473 479
5 96
306 336
473 479
217 133
473 479
89 50
447 463
479 407
351 261
133 217
50 29
50 95
217 223
89 95
217 247
345 351
95 89
473 479
217 223
95 89
217 223
89 95
479 473
306 345
261 303
479 473
5 77
351 279
351 345
133 223
133 175
434 479
306 351
223 217
345 261
473 479
479 473
133 178
95 5
261 345
351 306
473 479
345 261
351 345
261 351
133 178
473 389
434 479
345 332
434 479
133 201
261 373
434 505
5 95
95 89
50 89
178 133
434 389
479 473
473 407
95 89
178 223
95 89
473 479
133 223
95 50
351 345
434 479
442 497
95 5
261 345
473 479
89 5
89 5
261 303
95 89
479 493
95 89
434 479
473 434
479 434
306 261
261 306
223 217
389 473
473 479
345 351
5 50
389 434
50 95
89 95
5 89
479 473
345 351
401 406
133 178
89 95
306 261
345 351
345 306
223 146
217 133
5 95
217 178
89 95
345 261
5 89
261 306
434 479
306 351
345 351
434 479
89 95
473 479
345 351
217 178
217 172
5 50
223 217
473 389
261 351
50 72
5 95
483 416
133 227
133 177
178 177
95 89
223 151
5 47
178 223
479 434
178 217
217 178
389 403
345 306
473 479
479 509
434 479
473 479
479 389
50 95
95 50
95 89
217 223
306 261
89 95
50 95
434 473
351 345
20 8
473 479
479 434
473 434
89 95
133 223
217 133
345 340
473 479
473 389
223 217
479 473
306 333
133 201
473 479
95 5
345 306
50 95
306 351
351 378
89 95
133 190
345 351
389 434
261 329
217 178
351 345
434 389
133 178
217 178
473 434
133 223
217 223
133 223
217 223
223 151
89 95
345 351
351 306
133 217
95 23
261 345
274 261
133 178
217 133
217 223
89 95
261 306
178 217
503 389
389 473
389 479
473 479
223 217
480 449
479 473
345 351
345 270
434 389
217 223
17 124
434 440
351 261
356 375
479 473
223 133
377 354
479 434
5 89
95 89
217 223
479 434
473 479
345 261
133 217
217 178
351 306
426 465
484 503
223 133
261 351
345 351
434 479
473 479
345 351
479 389
434 473
89 95
434 479
306 351
473 479
89 95
351 345
389 502
479 434
426 435
5 95
434 479
133 223
223 133
50 89
5 50
5 95
249 251
447 463
434 389
133 223
306 351
5 89
479 407
345 351
95 50
89 95
345 306
89 50
479 473
223 178
509 482
389 473
117 17
479 407
351 261
95 89
217 205
345 351
14 100
133 217
479 473
63 96
223 217
178 223
261 351
261 351
261 345
351 345
389 473
473 479
389 434
351 327
473 479
89 50
479 473
223 142
306 345
389 473
95 50
389 473
345 351
223 208
351 270
351 345
351 261
473 434
473 479
178 223
381 339
89 95
261 351
217 223
479 434
434 479
217 223
479 473
479 434
479 473
320 361
89 50
261 345
434 479
479 398
217 178
261 306
178 223
217 223
54 50
50 95
473 479
5 50
178 223
482 431
351 279
178 223
95 89
434 451
306 317
95 89
473 434
479 473
345 379
479 473
473 479
217 178
345 261
434 479
50 95
217 223
223 151
95 5
306 351
223 217
261 351
345 351
223 217
473 479
133 223
351 345
454 426
133 217
389 479
50 95
261 351
50 95
223 217
473 434
351 345
217 223
345 351
133 217
261 304
95 89
425 490
473 434
5 73
306 351
345 351
217 133
351 345
217 223
479 473
5 50
178 217
89 50
178 223
133 178
306 345
389 473
473 434
350 304
223 175
223 217
95 89
270 351
249 207
223 142
345 351
223 133
345 261
276 264
133 223
389 431
95 89
479 434
473 434
217 223
434 479
351 345
389 479
306 345
261 351
479 467
473 479
203 217
223 217
217 178
223 178
95 89
479 389
89 50
217 223
345 351
345 261
5 122
479 473
178 133
345 351
479 473
217 223
479 473
95 89
5 89
89 95
473 479
95 89
345 261
351 345
389 431
479 473
345 306
89 5
345 306
178 244
435 448
50 95
345 327
473 479
50 89
351 261
50 95
223 133
217 133
473 479
217 178
345 266
178 223
389 431
479 389
345 315
389 434
95 5
217 142
345 261
345 351
89 95
355 338
306 345
473 410
276 320
345 351
345 351
95 89
95 14
306 351
473 479
133 178
434 479
95 89
345 261
89 50
473 446
306 351
50 78
351 306
261 276
479 398
351 345
479 473
95 89
133 178
133 175
434 389
217 212
223 217
479 473
479 473
5 95
345 351
89 95
223 133
182 130
178 223
479 389
473 479
95 50
223 217
50 95
5 95
389 479
261 345
178 133
473 479
479 473
261 351
95 89
345 351
178 133
95 57
178 223
133 178
479 422
89 95
479 473
297 335
5 89
142 209
5 63
389 473
479 389
362 326
479 434
5 47
217 223
89 95
473 434
133 178
89 50
89 95
473 479
95 5
89 5
345 306
345 351
261 345
89 110
306 351
50 95
89 84
223 217
350 320
447 504
217 223
345 274
351 345
345 351
261 306
95 10
351 345
89 5
217 223
306 264
223 217
95 5
473 479
89 95
50 95
223 178
217 133
345 261
50 89
261 351
473 425
223 133
473 479
95 89
473 479
261 351
89 5
434 473
5 50
50 5
223 133
473 389
270 337
351 308
473 434
479 422
479 389
345 375
389 434
479 410
89 95
223 217
223 217
314 339
178 217
345 351
50 89
217 205
434 479
483 497
345 351
473 434
223 142
261 306
473 434
351 345
89 95
223 217
95 89
217 223
193 254
182 142
434 418
434 479
178 133
276 320
217 223
5 50
261 306
95 89
178 223
473 464
95 89
50 5
50 95
133 223
20 64
95 89
223 178
5 47
438 432
345 288
261 351
473 479
351 261
473 434
89 95
345 351
274 345
473 459
351 261
404 392
89 5
111 14
473 479
479 389
217 223
133 223
223 217
20 64
178 133
95 89
133 178
345 261
479 434
223 128
389 479
345 351
351 339
473 479
434 454
217 178
306 351
223 217
50 95
345 261
178 190
306 351
473 479
319 337
473 434
5 95
5 89
217 133
50 95
345 373
473 434
351 345
392 448
223 133
473 389
434 473
5 95
50 123
95 89
345 306
351 270
261 345
50 5
178 174
479 434
169 146
50 95
351 306
381 351
418 399
223 133
95 46
89 5
509 443
228 182
479 434
479 473
133 217
351 270
89 95
133 223
179 233
217 133
50 89
269 363
479 473
345 351
306 351
50 5
223 217
50 95
345 261
227 211
479 473
345 351
89 5
50 95
5 95
345 351
89 95
473 479
20 8
351 345
133 175
351 279
5 89
261 303
479 473
32 74
89 95
223 217
217 223
89 5
479 473
320 315
133 223
434 479
310 381
89 95
143 211
448 404
178 133
478 406
261 351
389 457
389 434
473 490
217 133
133 205
448 392
473 389
89 5
50 95
345 306
351 261
217 223
217 223
473 479
345 351
345 351
479 473
95 89
389 473
95 89
306 351
169 198
306 351
95 23
479 434
479 434
434 479
178 167
178 223
473 479
473 479
95 5
217 178
217 223
223 133
95 50
5 95
50 95
306 345
479 473
479 473
261 274
389 479
223 217
351 345
473 479
473 434
351 261
42 51
89 5
345 351
351 345
473 479
438 404
473 434
95 23
345 351
5 50
345 261
389 479
324 297
479 389
223 133
479 389
223 178
133 186
345 351
479 432
473 479
345 351
178 202
95 89
50 5
228 142
389 473
351 345
473 434
95 50
133 248
306 351
133 178
133 223
307 274
350 352
261 351
473 479
345 306
479 473
473 479
479 473
186 205
133 223
345 306
223 178
178 237
5 89
261 345
217 223
306 351
389 479
179 151
306 272
261 303
479 434
202 228
389 438
434 479
65 5
89 50
89 59
178 217
345 261
133 178
5 95
249 182
178 205
223 217
473 479
223 178
217 178
50 89
434 508
345 261
434 410
306 345
178 223
345 261
95 89
479 466
345 351
351 306
389 479
345 351
89 95
389 479
217 251
479 389
404 448
5 89
133 223
389 479
345 351
479 434
356 375
351 345
5 64
389 473
345 351
217 133
261 329
178 133
389 473
345 365
351 306
113 58
351 261
217 223
345 351
5 50
351 261
95 89
5 89
217 178
351 261
133 178
479 473
217 178
473 491
473 479
89 95
133 201
473 479
473 414
479 434
345 351
345 351
345 264
345 306
89 95
217 223
89 50
178 223
473 434
5 95
95 5
434 389
217 133
473 479
479 407
223 178
473 389
95 89
473 479
345 351
119 20
133 217
479 473
425 452
133 217
223 206
261 351
133 223
345 306
473 481
389 473
50 76
178 223
217 223
223 253
261 351
217 223
223 178
95 50
345 261
217 223
479 473
89 95
178 223
89 95
261 345
217 223
479 434
95 89
351 261
89 5
473 479
89 50
178 217
223 178
5 89
95 5
473 479
133 223
178 223
5 116
217 223
273 306
217 223
306 261
297 324
178 223
351 345
479 434
374 321
473 479
345 351
217 223
89 95
5 95
261 306
261 329
434 473
217 223
261 270
178 223
479 473
473 449
345 367
217 223
89 95
389 434
345 306
480 408
226 248
351 345
5 95
95 102
50 95
223 133
345 351
178 217
351 345
50 95
50 94
63 79
191 224
178 223
389 479
223 133
89 50
223 217
217 223
223 133
95 20
473 479
473 499
5 95
351 345
434 479
50 95
217 223
351 354
89 95
306 261
345 306
5 89
95 50
351 345
345 261
217 223
217 178
223 133
223 133
261 351
89 95
306 351
217 223
479 389
50 95
113 58
434 389
217 178
5 95
89 95
5 119
223 133
479 389
217 223
480 507
473 389
345 351
89 50
389 399
223 217
425 467
50 95
227 150
345 351
434 473
133 178
89 50
306 351
95 50
434 479
5 89
434 479
261 351
217 223
223 133
217 223
473 479
95 5
89 95
261 306
261 351
480 494
473 479
473 479
381 335
5 89
345 351
217 223
345 351
5 95
480 455
217 133
351 345
434 479
434 479
345 306
297 324
178 133
178 223
217 133
217 201
345 287
261 331
484 503
351 345
473 500
434 473
50 95
95 89
389 434
178 223
345 351
345 273
345 306
223 133
479 473
473 389
50 95
89 95
89 95
5 95
5 89
345 351
50 5
473 434
473 479
452 496
95 89
217 196
118 42
389 434
389 479
479 473
133 223
351 345
5 89
95 89
479 494
178 223
217 176
261 329
473 479
89 95
89 95
95 50
223 133
473 479
95 89
89 50
389 479
70 94
178 223
345 261
113 58
479 434
89 115
95 89
217 223
41 58
89 95
434 479
217 133
345 303
89 95
434 389
223 217
351 345
89 50
5 0
133 211
253 143
95 50
178 145
133 217
178 217
5 76
473 389
434 386
351 261
217 133
345 306
223 178
351 261
351 345
89 95
89 95
217 133
434 389
89 5
306 261
399 418
89 95
473 479
479 473
223 217
89 95
351 306
223 217
306 345
389 473
473 389
389 479
306 345
133 223
297 324
261 351
389 479
50 95
217 223
479 389
345 351
345 261
473 434
351 345
50 95
95 5
133 157
261 345
95 89
479 389
389 479
223 133
89 95
217 223
273 356
473 429
434 479
351 345
95 89
95 50
350 320
217 225
345 351
261 345
223 217
133 223
479 500
178 217
223 133
217 223
351 345
89 95
473 479
389 479
345 261
351 345
351 378
217 223
479 473
217 223
389 473
261 351
99 79
345 306
223 178
306 351
133 178
389 478
5 50
434 479
479 434
345 351
50 94
89 95
479 389
389 479
89 95
389 431
473 479
5 89
191 209
389 479
479 473
95 23
89 95
89 50
50 95
351 345
224 136
351 261
50 95
389 479
223 151
389 479
217 133
479 473
223 178
377 306
217 178
473 479
479 407
306 271
5 95
223 217
479 434
217 223
217 178
261 351
217 133
351 306
434 401
178 133
95 89
345 261
50 95
50 89
261 314
473 402
479 473
306 351
50 95
473 479
217 223
50 17
5 50
89 95
95 89
89 5
223 217
5 89
261 377
261 351
223 217
479 434
389 479
217 223
133 217
89 95
211 207
399 463
351 327
306 351
5 95
351 261
261 345
479 473
178 133
479 473
473 434
217 223
473 479
306 351
479 473
473 479
389 479
89 95
345 261
89 50
89 78
479 389
95 89
217 133
249 200
479 473
50 95
223 217
178 223
223 217
473 479
479 389
223 178
95 42
351 345
351 345
351 345
473 479
133 223
217 178
434 414
345 351
89 95
133 178
351 345
89 95
434 479
389 479
89 95
217 224
223 217
89 95
142 209
351 345
261 345
434 479
50 113
345 351
473 386
95 89
473 434
217 223
133 223
178 223
223 217
5 50
434 473
5 75
178 223
223 217
351 306
479 473
473 434
389 473
133 203
351 345
223 217
479 473
223 217
473 479
178 223
261 351
473 479
223 217
178 133
306 298
434 479
306 261
223 151
89 5
133 223
261 351
95 50
345 351
473 479
63 96
434 479
434 404
95 89
261 306
223 178
95 50
223 217
473 479
217 178
217 223
5 95
345 306
133 217
217 223
351 306
217 178
320 262
95 89
217 250
351 270
345 351
217 223
261 345
479 398
217 178
261 351
50 89
170 209
217 178
178 185
351 345
473 462
178 223
479 473
95 50
351 345
178 223
223 145
351 379
95 96
89 95
473 479
306 261
306 261
178 177
473 479
389 473
96 41
345 306
351 279
217 238
389 479
434 473
89 95
434 470
345 351
363 269
473 479
217 223
133 175
89 115
125 95
345 261
345 351
217 223
473 494
193 190
261 306
306 326
95 50
306 351
89 95
448 508
351 345
133 146
223 178
5 95
479 473
389 479
133 175
50 95
5 95
273 284
473 479
133 223
178 217
178 223
89 102
345 351
389 431
473 479
345 351
351 306
261 306
261 351
95 5
95 50
186 241
479 473
351 345
345 298
306 345
473 447
447 463
434 389
434 473
178 199
473 389
484 503
409 389
133 223
473 389
306 321
479 389
434 473
345 261
434 479
473 479
133 223
217 128
89 95
307 256
389 479
133 217
223 142
345 306
217 133
178 211
434 479
5 95
479 473
89 95
89 95
178 223
223 133
95 89
178 223
306 351
89 5
5 50
89 50
178 133
261 306
306 351
473 479
320 296
5 95
223 133
479 473
479 434
5 89
261 351
473 479
50 5
5 50
479 473
434 479
345 284
5 89
434 458
50 5
133 223
434 389
178 133
223 178
95 5
351 345
261 351
449 455
217 223
169 207
389 505
389 473
223 217
133 178
261 306
261 345
178 217
473 479
473 479
306 278
345 351
217 223
133 178
345 351
133 223
271 335
306 351
50 95
306 345
434 403
345 351
306 351
479 473
217 133
89 95
5 17
5 89
473 434
223 217
89 95
389 473
223 217
217 133
354 262
178 223
425 452
50 95
306 351
473 434
217 133
434 479
95 89
389 448
223 210
434 479
270 356
89 95
89 5
473 479
178 133
479 473
434 479
261 351
306 351
261 345
217 178
5 50
217 133
345 351
345 351
5 95
95 89
133 217
217 178
223 217
473 479
351 261
345 261
389 473
217 223
223 133
95 89
473 389
434 479
217 223
351 345
95 89
306 287
178 217
351 345
351 345
306 351
345 261
5 73
261 345
389 434
5 50
389 473
306 295
89 95
351 270
217 223
5 81
223 217
196 169
50 95
145 207
491 473
345 351
5 95
5 89
345 306
178 133
178 223
133 217
479 434
217 178
389 479
217 178
479 473
133 201
448 435
351 306
389 479
178 166
479 440
345 351
479 473
473 479
178 217
345 351
95 50
223 217
351 306
345 261
434 479
178 223
89 95
351 345
89 5
297 305
50 95
306 345
448 399
479 473
473 434
5 95
217 212
479 501
306 351
473 434
89 95
479 434
89 95
306 351
95 89
50 89
473 434
145 226
223 217
50 89
217 223
89 95
5 95
50 95
345 261
95 5
473 389
5 95
223 178
306 351
17 83
89 5
345 261
351 306
261 351
217 178
479 407
5 41
160 202
389 479
217 223
479 452
261 351
479 473
479 499
389 434
223 217
480 410
223 149
473 479
389 473
479 473
50 49
351 306
89 95
133 223
217 223
306 335
389 458
223 217
261 306
89 95
261 306
345 306
89 95
434 479
351 306
89 5
261 351
351 306
15 83
425 439
351 345
223 133
133 178
434 500
351 345
261 297
479 407
5 89
367 277
351 306
434 431
133 217
133 217
261 306
345 306
95 50
223 217
133 178
351 261
95 50
223 210
178 223
479 473
223 217
75 89
95 89
178 217
351 261
480 472
217 133
217 223
473 434
95 89
133 217
50 92
483 504
261 345
351 307
473 479
5 89
89 95
89 23
479 398
306 351
434 473
217 162
479 434
389 442
133 217
89 5
89 95
306 295
95 89
178 223
5 89
50 95
389 473
389 434
182 161
351 345
95 89
50 95
438 508
261 351
434 473
217 223
223 133
434 479
473 389
345 351
253 223
345 351
89 95
50 89
473 434
95 23
261 306
355 286
89 5
95 89
479 430
306 302
178 223
95 89
178 223
479 398
95 50
479 389
479 473
89 95
306 351
89 95
217 133
223 217
50 95
217 223
355 305
479 434
345 351
89 50
89 95
217 223
306 273
261 351
261 329
217 133
306 351
223 217
473 389
389 457
479 473
434 389
319 306
351 261
178 133
473 491
351 345
50 89
89 95
178 223
479 473
473 389
95 5
217 178
223 217
434 479
178 217
345 351
50 95
306 351
217 223
133 178
95 5
351 276
479 389
473 389
133 178
351 374
345 261
133 240
89 5
89 95
217 223
178 133
306 341
89 94
473 479
95 89
95 26
351 261
133 223
389 479
89 95
217 178
351 345
345 351
89 95
473 434
95 89
133 162
306 345
351 335
217 223
330 339
223 178
351 345
351 345
169 248
217 133
170 179
95 5
473 389
217 133
389 478
5 89
509 434
217 223
95 39
95 89
223 217
389 440
95 5
479 418
89 50
133 223
473 479
249 210
473 479
479 473
261 306
223 217
351 306
95 5
89 95
89 95
479 493
89 95
89 95
95 89
95 20
465 426
50 95
5 95
50 95
389 457
345 351
95 89
50 95
133 223
389 479
389 457
95 89
95 89
351 261
351 345
217 223
473 479
89 83
89 95
89 95
191 248
351 345
306 345
261 345
5 89
473 479
345 351
95 89
217 223
217 133
50 5
306 261
479 407
95 89
178 223
479 473
434 479
351 345
351 345
178 223
473 389
345 351
389 479
416 458
217 223
5 50
261 351
351 345
389 431
306 261
145 194
345 351
94 26
434 392
479 394
89 95
479 473
228 142
89 95
345 351
178 217
223 178
261 260
389 434
89 121
473 479
50 89
217 178
223 217
351 355
473 479
261 345
306 351
50 5
223 217
217 178
178 223
345 306
223 217
249 131
217 223
351 306
306 351
95 50
217 175
351 345
217 223
89 50
133 223
473 434
345 351
306 345
473 479
479 389
306 367
5 95
89 5
223 217
95 89
306 345
479 389
217 191
223 217
345 351
95 89
133 178
50 95
473 479
261 345
223 217
217 223
89 82
5 95
95 89
95 89
473 434
473 479
261 306
473 479
261 351
434 389
389 473
223 178
223 217
261 351
253 246
480 496
5 95
223 178
89 95
306 259
434 389
50 89
217 178
178 223
217 136
473 461
473 479
217 178
133 178
434 473
170 162
473 479
89 50
5 95
351 270
389 434
217 133
297 334
434 479
434 479
217 178
351 345
479 473
50 89
306 351
178 223
89 50
306 351
479 473
479 389
142 209
473 431
434 479
133 223
95 14
345 261
223 217
271 335
389 479
389 473
473 479
178 133
178 223
482 401
5 74
50 71
479 473
306 351
345 261
297 302
345 351
434 479
351 345
133 223
479 473
133 217
389 473
473 479
434 390
324 270
89 50
389 431
217 223
473 389
193 227
345 351
217 223
95 89
306 351
306 345
310 339
5 95
133 178
434 479
217 223
345 351
89 50
178 223
178 223
50 70
473 479
5 95
261 351
434 479
434 479
95 89
351 306
389 470
89 50
473 434
434 389
89 95
50 95
356 375
473 479
133 175
351 345
389 497
5 125
473 434
434 479
133 178
306 351
261 351
425 452
178 223
95 89
261 351
261 351
367 270
473 479
473 479
59 63
345 351
89 118
192 148
178 223
434 400
306 351
223 178
389 473
51 42
261 351
345 351
217 178
389 473
351 279
5 89
473 479
89 50
479 448
479 434
479 438
473 479
50 95
217 133
345 351
5 73
89 42
448 508
50 95
345 335
133 223
261 351
351 270
89 95
50 89
217 223
261 351
217 136
261 351
89 9
89 95
223 217
473 479
223 217
434 415
389 473
133 178
178 208
270 337
473 389
351 295
133 217
50 65
478 436
50 95
111 34
89 16
473 479
223 253
345 351
217 223
5 89
178 133
389 473
223 217
261 306
95 89
89 5
261 345
351 345
261 351
389 479
306 261
50 5
276 320
389 434
479 389
479 502
345 351
5 95
223 131
434 473
89 5
5 89
447 480
434 479
389 457
89 50
95 89
306 351
89 95
362 335
434 389
217 223
50 115
50 95
345 306
261 306
89 95
249 202
50 95
51 100
345 351
217 223
95 23
389 473
5 95
473 434
479 481
306 261
178 170
351 261
217 133
479 473
89 95
5 47
89 95
434 479
89 95
182 162
345 351
89 95
345 261
5 95
345 351
95 14
178 223
133 223
5 26
14 68
50 5
89 95
223 178
223 217
217 223
479 473
345 351
479 434
178 223
345 351
261 306
345 298
89 95
133 201
351 345
389 473
223 217
178 170
306 351
479 407
345 351
345 261
89 50
351 279
479 473
473 434
217 223
434 389
473 479
345 306
223 211
473 479
95 83
133 217
5 89
434 479
261 345
217 223
95 89
276 320
89 28
95 89
351 261
351 345
399 418
95 89
217 133
351 306
351 279
223 133
345 351
479 389
217 178
20 8
5 95
178 223
479 389
223 175
5 13
473 479
297 326
351 274
223 142
89 95
95 89
298 333
5 89
224 238
389 457
473 389
434 483
89 95
223 148
479 473
5 117
479 473
306 351
95 89
83 5
133 217
89 95
95 50
223 207
223 178
133 223
351 279
95 89
5 95
434 389
447 480
473 479
261 351
345 351
479 434
345 351
89 18
458 404
95 89
223 133
17 125
223 217
20 8
306 345
473 389
95 52
89 16
217 133
217 133
5 89
389 479
217 223
345 306
271 339
89 99
89 95
178 223
125 99
261 351
351 345
473 479
261 345
351 345
306 351
497 442
389 473
261 306
223 133
133 217
178 223
479 398
227 178
178 223
345 306
50 95
389 434
345 351
95 5
223 250
95 89
473 479
178 223
434 479
389 431
345 351
389 479
95 89
473 479
223 133
434 389
389 431
217 178
89 95
306 351
217 223
217 178
89 5
479 494
223 151
217 133
351 261
345 306
261 306
217 133
351 306
223 217
133 178
473 479
351 345
389 434
223 133
473 479
434 479
217 223
50 95
434 479
217 223
217 223
351 261
389 457
133 223
473 479
351 345
5 95
473 389
434 389
306 351
89 50
50 95
345 351
5 95
479 473
217 223
351 261
133 223
223 217
223 133
133 217
473 389
178 133
306 345
434 479
351 345
5 50
479 434
345 351
434 479
223 133
89 95
95 89
274 306
217 223
217 133
169 221
178 133
217 223
345 306
345 351
479 473
389 473
479 389
306 351
425 467
479 473
261 306
473 434
479 398
351 306
64 83
89 95
351 298
5 73
306 351
479 413
434 473
479 473
404 448
473 389
345 312
133 178
345 351
306 351
389 434
178 223
223 217
178 223
169 196
434 479
389 473
345 306
434 479
217 223
95 50
389 473
261 351
223 217
479 389
178 223
434 479
306 372
50 17
345 351
95 125
95 50
5 50
106 95
217 178
351 261
95 89
50 95
95 78
223 142
473 479
345 351
345 306
50 95
133 223
50 95
89 95
306 351
63 120
223 217
479 389
217 178
345 261
95 89
345 351
479 434
95 89
41 15
217 223
351 345
473 479
95 89
261 306
50 89
95 50
5 95
473 434
261 303
89 95
133 223
479 473
217 223
223 151
261 269
479 476
95 89
217 223
351 306
178 217
473 479
95 89
345 351
434 507
473 479
50 95
223 217
479 473
389 431
217 133
217 164
479 434
223 221
50 5
473 434
178 223
95 5
351 261
217 178
351 345
306 351
217 178
89 95
306 261
351 345
217 178
398 465
306 351
351 378
95 89
389 426
261 351
217 223
50 5
89 95
50 89
95 89
479 434
217 223
351 345
223 178
50 95
473 434
5 47
434 473
50 95
473 434
89 95
223 217
178 223
306 351
473 434
345 351
345 351
473 434
389 434
178 217
434 497
306 351
89 97
434 479
95 5
479 398
178 223
50 95
473 479
178 217
480 431
217 223
345 306
142 209
351 345
479 434
306 351
261 345
217 223
306 351
473 434
89 95
434 479
133 223
389 434
479 407
217 223
434 473
178 133
223 178
95 14
479 473
473 389
479 473
351 345
261 351
389 479
345 351
223 217
5 95
401 509
306 351
473 389
479 473
350 270
223 217
434 479
314 369
261 345
351 306
89 95
480 403
133 201
438 389
217 178
223 244
223 178
246 170
133 223
178 223
434 479
345 306
389 432
95 89
345 351
178 223
178 223
223 217
89 5
473 479
217 178
345 351
261 345
5 56
178 223
479 434
5 50
95 89
178 145
351 333
196 143
473 479
223 178
261 351
261 351
89 95
95 23
479 473
261 332
50 95
276 264
133 217
479 473
178 233
479 473
389 479
95 89
249 214
178 223
434 479
434 479
5 95
345 351
5 95
473 479
310 266
389 479
148 136
20 64
89 118
389 434
89 95
217 223
50 89
41 116
479 473
178 217
479 450
5 95
351 261
345 351
473 400
479 389
389 434
15 79
217 223
473 389
182 190
5 89
389 473
58 77
261 345
5 73
89 95
261 351
473 479
345 351
178 223
170 226
473 479
473 479
50 95
89 95
473 479
95 89
345 351
473 479
89 5
345 306
89 95
5 95
479 389
483 497
306 308
178 217
50 95
351 345
261 351
217 133
473 479
89 95
351 340
351 345
473 389
223 141
351 306
473 479
223 217
89 95
217 223
362 354
50 95
217 223
89 95
473 394
479 389
345 351
335 310
5 89
178 193
223 142
217 223
217 178
351 308
217 220
345 351
107 13
434 473
473 479
306 345
89 50
479 434
345 351
50 95
351 274
20 8
89 5
50 95
473 479
95 89
473 389
306 345
473 479
473 479
223 217
367 298
473 479
473 434
133 178
352 288
381 261
271 290
5 73
261 351
434 479
473 389
473 479
345 351
89 50
95 14
351 306
217 178
479 434
389 473
133 178
389 479
223 217
89 38
50 95
223 133
50 95
217 223
261 351
261 345
133 217
50 89
5 89
345 351
223 142
223 133
345 351
133 217
306 345
228 247
5 95
217 223
479 434
473 479
345 351
50 95
389 455
178 223
217 223
50 95
479 407
223 178
351 270
223 217
434 473
351 279
89 5
434 479
217 133
89 50
223 133
95 5
479 473
345 351
133 223
89 5
351 306
217 223
5 56
178 217
34 5
5 23
434 479
95 50
351 345
473 434
217 133
223 151
178 133
473 479
5 50
479 473
355 280
345 369
389 479
89 5
50 95
95 89
5 50
261 351
389 457
345 351
95 5
351 279
89 5
261 351
89 116
5 50
351 345
434 479
473 479
298 354
5 50
351 306
389 479
345 351
217 223
306 289
306 351
261 306
345 261
133 223
479 473
306 351
434 389
351 261
5 50
448 501
89 50
473 434
50 109
306 288
345 351
479 473
389 479
479 434
306 291
479 434
50 89
473 479
89 95
345 351
399 418
50 95
389 479
306 345
89 95
5 50
217 223
434 479
389 502
223 217
217 133
306 345
345 351
217 161
479 434
438 481
473 479
89 5
345 351
89 95
434 473
20 8
479 473
89 95
246 170
345 351
261 351
89 95
178 138
352 258
50 89
89 95
401 479
133 223
95 5
434 441
389 473
253 244
223 178
261 306
351 306
217 178
178 185
223 217
345 306
217 223
89 5
473 434
169 151
351 345
479 473
223 217
217 169
261 306
223 217
217 128
473 479
306 273
345 351
133 223
50 89
273 367
217 133
178 223
473 434
217 227
261 351
223 178
223 178
473 479
345 351
345 351
473 479
212 178
89 95
89 95
389 473
217 178
89 95
261 351
50 95
345 351
51 5
223 217
95 89
306 351
5 30
178 223
125 95
217 187
89 50
473 434
351 306
50 5
226 179
389 434
473 479
133 178
261 345
351 261
345 351
5 95
178 223
479 473
5 89
473 479
95 89
473 479
434 479
504 389
178 223
345 351
389 473
479 473
89 95
473 479
5 75
261 345
50 95
473 479
217 178
178 223
434 473
389 479
345 332
273 360
5 50
473 434
217 223
5 95
217 223
133 175
473 479
5 95
51 1
479 434
345 351
401 434
434 473
375 276
351 345
261 310
473 479
5 50
389 473
306 351
217 178
473 479
223 178
351 345
473 479
442 459
178 223
345 351
64 80
389 479
479 434
169 196
5 50
178 237
345 351
217 168
345 351
473 434
223 217
217 223
223 178
345 351
306 351
5 95
241 186
89 95
473 479
351 345
351 345
306 310
223 133
89 50
434 479
306 351
345 351
351 261
434 479
133 223
178 223
351 345
50 89
261 351
351 349
473 479
133 201
389 479
345 351
89 5
389 473
473 389
351 279
95 89
217 223
345 306
178 225
5 89
5 89
217 223
217 223
306 351
217 178
145 166
50 55
178 134
217 178
351 345
306 261
95 14
217 133
345 351
223 217
351 306
434 479
306 351
434 473
223 217
345 261
473 389
479 434
479 389
133 178
473 389
95 89
306 351
434 479
479 389
351 345
50 91
345 351
95 89
306 351
345 306
5 89
133 223
389 434
261 351
217 223
5 95
133 223
479 434
306 351
179 133
50 95
50 95
241 133
355 350
178 223
345 270
473 389
89 5
68 41
95 5
261 306
142 223
58 41
335 352
178 217
261 351
178 223
306 288
345 351
345 351
217 223
473 479
133 217
5 95
345 351
473 389
241 186
345 351
50 5
261 329
89 95
89 95
64 83
178 223
473 479
89 95
306 351
5 106
5 83
217 133
89 95
89 95
179 228
479 473
479 389
479 473
306 351
217 223
473 389
95 50
345 351
217 178
351 345
178 223
479 473
217 178
438 433
223 178
306 351
217 223
351 306
306 351
345 351
473 389
217 142
345 379
89 95
95 89
473 479
345 306
178 217
50 5
389 457
345 351
178 223
345 306
452 399
50 95
261 329
17 127
50 5
479 439
479 473
5 0
217 223
473 434
217 223
133 223
95 89
95 89
223 178
95 5
261 329
223 217
261 351
89 50
217 178
95 89
351 261
435 501
479 407
217 154
261 306
389 404
345 351
223 217
479 434
89 5
223 132
261 351
389 473
50 95
479 473
95 50
5 73
261 303
5 73
351 261
217 223
223 133
345 351
217 223
95 50
473 479
261 345
133 223
399 418
306 261
345 261
5 73
351 261
217 184
99 106
434 479
178 223
306 345
345 351
123 119
5 89
381 276
217 223
133 223
473 479
241 186
473 479
95 50
178 133
89 95
89 95
351 345
223 217
261 351
351 345
125 17
435 467
5 51
89 95
345 351
271 290
178 223
479 473
217 211
503 483
50 5
178 217
89 95
223 217
434 473
479 389
178 227
306 320
89 95
95 89
261 345
479 473
217 223
178 223
473 419
479 473
217 223
222 204
89 95
351 345
178 223
249 148
217 223
223 217
89 95
89 95
223 217
306 351
20 64
473 479
89 50
434 479
5 95
479 473
389 473
434 479
389 431
42 51
261 378
217 223
261 345
133 217
15 41
121 0
217 223
178 217
217 133
473 479
434 425
95 30
479 407
95 113
306 373
434 479
89 95
351 345
5 50
473 479
217 223
399 418
5 50
133 223
434 479
351 306
434 473
133 178
223 142
5 123
223 217
345 351
473 434
223 142
351 345
435 426
297 363
345 274
217 223
473 479
345 306
345 351
133 154
389 479
261 345
345 351
473 479
217 178
306 373
389 473
479 434
50 5
178 223
217 223
356 375
479 434
351 306
345 306
351 345
89 5
345 351
271 290
50 89
178 223
473 389
133 223
306 351
345 261
133 217
223 217
223 178
5 95
95 89
306 273
223 217
345 261
5 68
434 479
306 351
480 506
473 414
479 414
389 476
307 358
95 50
217 223
50 5
89 95
5 89
345 334
479 473
473 434
5 73
389 473
89 95
426 435
217 223
351 345
306 345
473 479
479 434
261 345
133 128
15 83
434 473
222 195
473 462
179 230
351 345
223 217
5 119
351 345
50 5
306 351
133 175
89 50
351 345
389 479
479 473
50 68
277 306
223 217
74 32
223 217
261 351
89 95
223 227
89 95
95 75
345 350
478 391
133 223
473 479
261 363
5 50
217 223
389 479
261 285
217 223
217 178
434 479
95 50
89 50
261 306
473 389
95 89
89 95
223 217
345 351
89 95
178 223
473 479
473 479
345 306
50 95
261 351
5 50
89 95
306 257
89 50
89 0
306 345
15 83
273 292
345 306
351 261
169 208
50 7
261 306
447 504
178 133
473 479
479 389
223 133
261 345
89 95
217 223
89 5
473 479
89 50
434 389
223 211
351 279
467 463
95 14
351 306
473 389
133 223
389 434
473 479
351 306
95 50
389 406
133 222
306 351
448 495
121 120
5 89
306 351
50 5
434 473
261 351
434 479
217 223
89 95
306 345
261 306
276 320
389 473
5 95
434 389
133 223
345 351
223 178
345 261
271 339
5 95
351 345
335 339
50 5
50 95
95 84
351 261
389 473
5 73
95 89
95 89
261 310
479 389
133 223
217 223
119 20
5 89
345 351
50 95
362 261
434 479
223 178
479 389
351 261
89 95
438 448
473 434
95 89
345 351
345 351
95 89
261 345
50 95
95 89
345 351
306 351
345 261
261 345
473 479
345 306
145 247
178 223
261 351
95 36
95 89
345 351
479 398
89 95
438 449
351 345
133 201
389 479
351 345
473 479
5 50
5 95
217 191
399 467
473 479
125 126
463 479
89 95
306 261
306 351
178 199
89 95
345 351
345 351
297 282
95 50
253 240
50 5
381 336
217 178
345 261
479 467
345 351
389 479
473 408
345 351
89 50
178 146
434 479
89 95
473 479
217 223
479 389
99 5
306 261
178 159
95 46
5 95
345 351
95 89
306 269
95 5
217 178
483 425
95 123
217 223
217 133
5 73
192 224
479 473
306 261
50 95
89 95
217 178
223 142
479 473
223 217
276 264
389 479
351 345
217 223
133 217
89 5
351 345
345 351
345 351
227 190
133 223
306 351
473 434
178 223
434 479
95 89
89 95
473 434
345 351
434 473
89 95
223 142
223 217
345 351
178 133
217 133
95 5
479 473
217 223
217 223
505 397
473 478
89 5
89 95
217 223
473 434
95 50
351 345
345 306
95 89
50 5
434 479
217 223
217 223
479 473
479 473
473 434
351 306
89 95
434 413
473 479
479 473
473 479
50 5
261 345
389 479
479 473
306 261
89 95
473 434
389 479
261 351
223 174
351 273
351 261
399 418
351 297
95 50
473 479
479 473
351 345
306 345
345 351
389 434
133 178
50 91
5 95
345 306
351 345
345 351
479 473
345 351
178 217
223 178
178 217
217 133
223 217
89 50
95 89
50 95
223 178
306 351
133 217
306 338
345 351
178 223
217 178
178 223
95 5
261 351
345 306
5 95
