512 10000
479 473
95 89
5 95
178 223
223 217
345 351
178 223
314 335
261 351
20 64
50 95
345 261
350 335
133 223
223 217
178 133
253 187
178 133
345 261
261 306
178 223
5 95
345 351
54 59
351 345
5 95
95 5
425 407
217 223
5 95
389 479
5 109
223 217
89 95
261 345
133 151
473 479
133 178
178 223
261 345
5 89
345 351
261 306
434 473
217 223
50 89
261 379
473 389
50 95
89 95
261 345
434 389
178 133
345 351
217 220
389 473
261 351
479 389
133 223
306 345
89 50
5 50
89 95
434 389
345 351
50 95
178 223
224 250
95 89
95 89
345 351
5 95
50 95
473 479
95 89
95 50
479 434
223 191
351 335
50 89
261 351
351 266
89 95
89 95
133 178
178 223
133 223
426 435
261 329
217 223
473 476
306 261
95 50
345 261
306 345
89 5
89 50
473 434
257 306
351 261
473 389
473 434
261 351
95 89
89 39
473 479
223 133
133 178
95 50
95 50
434 491
178 217
389 479
217 223
89 83
223 217
345 351
223 133
434 389
351 270
473 479
306 345
133 178
50 95
434 479
479 473
389 434
345 269
50 5
223 142
306 351
351 306
389 479
95 50
306 351
377 280
473 389
261 303
50 95
50 95
223 151
217 223
345 306
217 223
95 5
261 351
389 479
223 217
89 95
434 429
89 50
479 434
351 340
473 479
479 473
355 307
50 89
95 89
50 24
217 133
133 223
335 310
133 178
345 306
306 351
434 479
89 95
351 324
345 331
306 345
217 178
351 345
306 336
178 223
306 261
345 351
178 133
50 95
473 434
473 479
261 351
351 260
5 50
389 510
178 223
479 389
178 223
42 98
89 95
434 404
306 373
217 223
89 95
178 170
351 345
306 363
473 434
345 261
89 77
223 133
345 261
404 448
473 434
298 333
479 473
434 479
89 95
95 50
473 434
5 89
5 89
217 223
345 306
217 223
351 306
74 99
217 223
389 479
479 473
479 473
479 434
50 5
223 217
434 479
306 351
217 223
89 95
404 392
351 261
261 306
217 223
351 345
223 147
389 414
345 351
479 389
50 89
95 50
89 50
261 345
178 133
351 345
178 217
50 95
95 23
89 50
223 237
223 142
345 306
133 223
50 5
89 5
473 434
223 178
89 95
306 351
217 223
89 95
345 351
217 223
345 351
5 95
351 306
133 243
65 82
351 261
434 479
261 345
473 479
223 217
434 479
89 5
345 261
89 77
178 247
5 20
50 5
434 479
306 351
345 261
473 434
479 467
143 211
89 50
17 107
223 133
261 306
50 89
479 473
473 435
95 89
50 95
5 47
479 473
473 479
89 95
89 81
217 223
261 345
479 473
389 434
89 95
217 223
261 345
345 351
186 241
351 261
89 74
223 133
133 223
178 223
89 95
223 217
89 50
452 399
355 259
306 351
133 223
306 351
95 89
434 473
306 351
389 509
434 479
217 133
89 95
5 95
191 248
133 223
345 351
306 351
50 5
217 223
434 479
217 223
306 351
479 473
345 351
473 444
133 223
178 217
217 223
352 356
479 473
479 473
345 351
389 463
178 223
351 261
473 479
41 68
217 223
217 133
479 473
50 51
63 32
133 223
95 89
217 223
50 89
95 50
479 434
345 351
217 223
497 442
345 351
473 479
345 261
351 306
246 141
345 261
89 95
89 95
95 89
502 449
227 226
345 351
351 345
389 479
479 473
473 389
345 351
133 166
351 345
133 223
5 95
345 351
5 95
351 365
223 217
133 178
223 217
95 50
483 423
479 389
217 133
95 101
401 395
479 409
389 434
419 479
351 345
345 351
479 434
345 351
479 389
473 477
307 298
95 5
306 345
133 223
479 473
261 306
261 306
223 178
345 351
434 473
178 223
178 217
306 372
223 133
351 261
153 228
484 503
133 223
306 351
133 175
217 223
479 434
5 1
5 95
217 160
479 450
217 133
473 479
89 5
89 95
217 223
345 351
479 473
324 271
89 95
306 351
479 473
389 479
217 178
89 95
261 345
389 434
95 89
50 65
389 463
473 434
223 178
95 50
133 178
89 5
148 136
178 223
473 479
306 351
389 444
133 223
5 50
5 95
95 89
345 351
345 351
473 479
345 351
306 351
5 111
306 261
452 425
261 306
345 261
95 89
479 389
473 434
178 217
306 351
345 261
5 47
217 223
479 389
345 351
345 274
473 434
330 355
479 434
434 389
217 223
89 5
261 351
169 196
5 95
306 351
178 243
434 473
223 149
473 479
351 279
345 261
345 351
351 261
217 133
89 50
345 261
100 14
345 351
479 434
95 5
345 351
178 246
217 223
95 50
389 479
94 91
96 6
89 95
306 351
5 50
178 223
5 50
473 479
89 95
95 5
434 479
479 434
434 479
306 345
95 89
473 434
473 389
89 50
217 223
217 133
95 5
351 345
345 306
479 473
95 50
178 217
345 351
261 306
473 479
50 57
261 345
434 479
133 223
434 479
345 261
389 479
306 351
473 479
473 479
473 479
178 223
95 89
95 5
217 223
306 351
473 434
217 223
89 95
50 95
306 351
473 415
95 77
223 178
178 217
217 133
261 351
351 340
223 217
89 107
345 306
89 5
356 310
217 223
95 89
217 178
50 95
261 345
473 479
389 473
389 479
217 250
89 95
20 64
5 95
351 306
306 261
95 89
351 261
375 355
178 223
473 479
306 351
261 345
5 50
223 178
178 223
479 389
133 217
345 306
217 223
89 95
217 223
50 95
223 178
178 133
306 345
5 89
50 79
473 479
434 473
345 261
50 89
89 95
178 223
95 5
479 434
89 50
224 132
345 261
217 223
95 50
192 181
351 345
89 95
473 479
50 65
217 223
345 351
473 479
306 351
345 351
345 301
5 89
148 192
5 95
178 223
223 217
374 269
217 173
217 223
5 29
351 306
399 418
478 502
223 217
351 261
217 223
351 345
89 95
217 223
306 351
41 83
96 30
473 479
434 479
320 339
95 14
5 14
89 95
223 178
89 50
5 95
473 389
223 217
479 475
89 50
434 473
345 261
178 147
351 270
434 473
68 15
351 345
345 351
389 473
473 479
351 261
479 467
473 479
178 223
345 261
95 89
133 217
133 142
5 95
479 389
271 290
434 410
223 217
434 479
389 479
307 356
306 345
297 360
389 457
473 479
95 5
351 345
345 306
178 133
351 306
434 477
5 95
5 50
345 306
217 223
345 306
223 217
228 142
473 479
50 95
351 345
5 95
217 223
261 306
345 351
473 434
345 306
178 223
223 178
223 217
434 401
345 351
345 351
479 434
95 89
351 261
479 473
434 479
389 479
479 389
178 133
50 95
306 351
95 50
473 434
345 261
89 95
133 217
473 479
473 479
261 351
352 288
261 303
217 223
306 261
50 89
345 288
306 351
89 95
473 479
351 261
363 269
345 351
479 441
352 257
401 423
133 223
351 345
5 95
217 223
178 223
261 345
89 124
434 478
473 479
473 391
345 352
89 95
351 270
50 95
261 345
50 95
351 339
217 223
389 479
89 95
473 479
473 479
133 175
133 142
261 351
217 223
95 89
95 89
217 223
5 95
178 223
351 306
261 345
217 178
249 200
351 345
452 399
434 479
133 223
479 473
5 50
136 192
95 89
95 89
89 95
261 333
389 490
306 351
473 479
389 434
306 261
261 329
345 335
473 434
473 479
217 223
89 5
479 389
89 95
345 351
351 345
351 345
133 217
50 89
234 223
479 477
473 479
133 223
389 473
345 351
389 385
310 276
95 89
261 351
351 345
217 178
95 89
473 479
389 431
479 434
50 29
5 50
345 306
389 479
306 370
473 479
351 345
178 217
223 178
473 389
434 473
479 389
5 95
50 95
261 351
473 389
217 176
261 351
178 223
223 133
473 479
178 223
261 298
345 351
133 217
452 398
473 479
133 237
50 95
345 306
217 223
223 217
89 95
113 74
95 5
217 223
223 178
306 345
345 261
345 306
306 345
351 345
261 351
145 133
223 133
89 95
5 89
95 5
473 434
345 351
306 261
473 476
89 95
473 389
5 89
89 95
89 25
275 261
89 50
89 95
479 407
223 178
223 146
345 351
473 389
479 392
473 434
50 89
306 351
345 351
425 452
434 410
261 339
89 95
473 479
351 306
178 133
261 351
389 491
5 95
389 434
178 223
89 95
345 351
377 308
351 279
473 389
479 389
5 73
133 178
217 223
95 5
473 479
473 389
95 5
217 223
178 223
345 261
261 379
5 95
473 479
223 217
473 479
479 473
261 345
5 95
89 50
473 479
223 178
145 225
217 178
479 473
497 454
89 63
389 479
223 133
473 389
50 95
178 223
473 434
89 50
351 345
89 95
479 473
223 178
345 351
473 479
473 479
223 217
479 473
133 217
41 38
5 50
345 351
473 389
217 223
434 504
50 5
261 306
345 351
345 341
50 95
217 223
479 434
351 306
473 479
479 473
345 351
217 223
89 95
50 89
473 389
217 223
479 389
434 389
351 306
241 186
223 178
223 173
306 354
473 478
50 89
170 179
95 5
89 95
479 473
223 217
479 473
351 290
133 209
479 434
95 50
389 479
95 89
479 398
5 123
345 306
32 74
473 479
261 345
111 42
479 434
223 133
434 417
434 479
5 50
306 351
306 345
351 360
89 95
5 95
133 217
50 5
50 95
47 5
178 217
389 434
89 95
217 223
89 95
261 310
306 345
306 345
95 50
5 50
50 5
479 434
253 161
351 345
306 351
178 223
351 345
306 309
351 345
473 389
345 261
247 227
89 95
223 217
95 50
196 143
479 434
217 223
95 50
479 473
374 321
178 223
50 5
351 345
389 473
95 5
389 473
95 89
473 389
95 50
261 351
223 178
261 345
478 511
133 223
133 223
89 0
5 89
5 95
133 223
345 351
217 223
217 178
95 50
345 351
351 345
50 95
345 313
83 106
306 261
473 434
95 50
345 351
5 95
389 479
5 13
473 479
217 178
50 123
217 169
133 223
50 89
389 434
345 351
345 351
133 223
479 473
89 95
95 50
473 389
217 178
473 389
5 95
89 95
351 261
351 261
133 196
89 95
223 178
217 178
261 345
479 473
479 434
223 133
5 95
223 217
178 133
223 133
479 473
133 217
5 95
223 217
473 434
89 95
306 351
345 261
434 473
223 142
133 223
434 497
434 484
5 89
223 151
351 345
345 351
321 382
306 278
345 351
191 224
89 95
217 178
261 306
224 192
95 50
473 479
261 351
473 479
95 5
89 50
473 479
50 45
217 223
223 244
95 89
223 217
261 306
133 178
223 178
434 508
235 141
95 89
95 89
351 345
306 351
479 473
23 95
95 89
170 179
261 351
306 345
434 479
95 89
5 50
473 479
89 5
178 223
351 261
89 5
261 306
434 389
351 369
306 351
133 223
178 223
479 434
306 373
345 351
389 473
95 5
95 50
133 217
306 351
89 5
50 95
169 200
223 178
50 5
63 120
95 89
133 217
261 351
345 351
223 217
217 223
50 95
479 434
217 223
95 5
133 223
479 455
434 389
223 251
223 217
351 345
345 351
345 261
133 178
89 50
50 95
223 133
479 473
345 270
434 473
178 223
95 89
89 5
89 95
217 223
306 351
95 50
479 389
89 95
306 345
50 89
261 345
89 95
389 479
95 89
50 95
345 351
217 223
473 389
217 133
261 306
133 217
89 95
178 223
42 5
479 473
261 351
251 247
389 455
5 50
389 479
95 50
389 434
351 345
217 223
217 223
217 178
223 217
223 178
95 89
223 178
5 95
434 479
351 320
479 434
50 111
473 479
89 5
434 478
401 442
89 75
95 89
95 89
306 351
306 261
261 345
217 133
217 223
261 306
473 389
351 306
389 434
89 50
261 351
223 133
345 351
89 95
261 351
345 351
89 95
389 434
178 244
133 201
261 310
473 479
345 306
5 34
95 1
434 452
95 23
389 479
178 223
351 345
351 345
479 473
217 223
5 50
217 223
306 345
89 95
217 178
356 270
345 351
5 50
5 80
351 306
261 306
217 223
345 351
5 117
345 306
178 223
389 473
479 434
389 479
320 350
178 133
223 142
389 473
217 223
217 223
64 116
98 89
306 351
89 50
473 479
136 222
473 479
389 457
133 217
345 351
473 479
133 201
89 95
95 50
217 133
434 479
345 351
465 426
89 5
217 223
351 345
306 351
223 217
473 479
50 89
5 95
223 142
389 431
223 151
5 95
95 89
217 223
306 351
261 345
89 95
479 473
345 270
389 479
261 329
473 479
473 479
89 95
89 48
133 178
133 217
217 223
217 223
121 112
381 336
95 118
398 465
217 223
473 479
434 479
95 50
345 351
434 479
479 434
389 479
473 479
95 38
5 89
479 473
95 5
261 306
434 479
473 434
345 261
473 389
50 95
479 434
89 95
133 223
434 389
351 378
5 89
95 50
473 434
50 95
217 223
351 345
178 217
178 223
351 363
480 466
217 223
389 479
50 5
89 5
389 476
434 479
261 329
89 95
50 118
351 345
479 407
351 345
178 223
95 89
351 261
178 223
50 43
369 314
306 351
479 473
473 479
261 306
50 95
345 351
306 285
89 95
473 389
178 223
434 414
95 50
95 89
261 345
99 107
217 178
345 351
473 479
345 261
345 306
89 95
345 261
95 14
389 473
223 178
95 5
217 178
261 345
217 223
223 217
178 223
5 50
351 345
217 223
351 306
351 345
217 212
50 95
95 89
178 217
217 223
133 246
133 223
345 306
95 89
95 50
345 261
351 306
345 351
345 351
89 95
434 479
178 223
133 178
351 335
89 95
345 351
217 223
217 223
434 473
178 133
95 89
50 95
261 306
345 351
306 316
95 89
389 392
94 117
5 50
306 339
473 434
217 223
50 95
473 479
345 351
351 345
473 434
178 217
50 89
345 261
479 473
223 178
63 120
479 473
217 132
434 479
434 479
306 339
95 46
89 95
473 479
434 479
479 389
479 389
479 473
223 151
306 351
473 434
95 5
261 345
473 479
351 320
479 392
480 390
351 299
133 178
351 261
223 178
178 223
5 95
473 438
95 50
345 351
95 89
479 473
351 261
217 223
479 473
95 89
345 350
473 479
5 95
345 351
223 133
5 89
478 394
178 133
434 479
389 473
95 50
217 223
89 5
178 223
178 223
133 248
351 345
306 351
5 95
5 73
473 434
95 5
50 97
89 50
261 351
261 351
50 95
83 95
434 452
306 270
306 351
217 223
473 462
133 178
473 434
351 345
345 351
479 473
178 223
345 261
351 345
345 261
223 211
217 133
217 178
479 456
306 351
178 217
345 351
217 178
434 389
133 180
473 434
261 303
217 134
217 223
307 338
261 335
473 428
473 479
351 261
89 95
223 217
434 479
345 351
217 178
483 499
479 473
345 351
473 479
14 100
473 389
273 351
178 223
345 351
89 95
351 294
223 133
261 306
133 196
345 351
178 223
306 261
178 223
50 18
89 50
434 479
178 217
73 5
54 88
434 479
160 202
404 448
223 178
473 479
227 177
178 191
50 95
473 479
389 473
217 223
89 5
64 83
345 351
351 345
434 479
473 434
479 434
345 306
345 306
223 217
178 223
345 306
345 351
479 434
345 351
133 131
306 374
351 345
479 434
95 50
125 118
345 306
434 479
351 345
345 351
223 217
178 133
95 89
509 491
217 178
261 345
223 133
95 5
145 168
306 351
89 95
345 351
473 479
473 479
306 261
223 151
253 198
351 261
351 306
351 322
223 133
89 5
345 351
434 420
389 467
223 133
351 261
171 217
113 58
223 227
89 50
479 434
261 345
351 345
306 257
434 389
5 89
374 321
389 431
479 398
351 345
178 217
389 479
15 79
50 95
473 415
89 95
350 309
223 178
345 351
351 345
95 70
223 133
89 95
473 479
399 463
95 89
89 20
217 223
224 154
89 95
143 207
223 217
178 217
389 479
473 434
95 5
351 261
133 223
345 351
438 449
345 351
217 223
223 151
434 389
133 223
133 217
178 228
95 89
148 136
434 473
217 133
473 434
133 223
89 95
306 345
351 261
95 76
351 306
389 473
479 507
41 100
434 473
89 95
50 95
178 217
389 426
5 89
153 234
223 128
196 143
95 23
356 375
306 367
223 217
345 351
473 434
95 50
223 211
261 303
306 351
133 223
5 95
345 351
434 475
178 223
261 351
133 178
5 89
438 475
5 95
5 95
95 50
89 5
473 479
89 50
178 217
389 473
217 223
217 137
434 389
479 434
178 217
133 217
306 345
89 95
95 50
178 217
479 434
389 392
351 276
389 479
320 269
95 89
178 133
479 473
95 89
89 95
261 351
89 95
306 351
5 50
95 5
479 473
479 389
5 95
434 389
223 133
261 306
351 345
352 271
182 245
389 479
179 198
345 351
345 306
434 479
473 479
306 332
169 223
483 457
306 351
442 459
217 223
223 217
479 473
306 351
223 151
416 458
306 289
479 434
452 398
5 95
89 50
5 95
389 434
133 178
223 133
223 217
133 223
95 89
95 50
217 178
306 261
307 379
352 350
133 178
89 72
5 95
249 129
261 345
351 261
223 217
89 95
133 223
133 217
479 473
306 351
434 479
89 50
434 479
95 65
479 473
473 479
178 149
389 479
389 434
345 351
133 223
223 178
345 351
345 351
133 201
223 207
261 345
209 145
223 217
5 95
479 434
345 351
345 306
89 95
5 89
352 330
217 178
223 217
95 5
345 306
95 39
479 434
351 276
50 89
178 223
223 217
479 473
50 95
434 479
5 73
479 434
375 290
351 261
133 148
178 223
345 351
479 473
324 297
50 89
350 339
434 479
217 133
133 241
389 473
473 479
217 223
223 133
50 95
89 5
5 47
479 473
306 282
434 473
345 261
306 351
50 95
89 81
50 95
389 434
345 351
398 467
473 389
479 473
89 5
223 133
95 50
217 223
473 479
217 223
178 217
345 351
5 50
178 223
473 467
345 351
345 351
473 479
473 389
306 351
351 306
473 479
133 223
306 351
389 434
345 304
178 223
89 95
47 98
178 223
217 133
89 95
133 246
479 434
95 50
434 425
89 95
95 89
473 434
261 306
389 473
479 389
89 5
306 357
50 89
479 473
133 223
473 479
217 223
95 102
178 217
5 95
351 345
223 217
95 89
297 276
95 50
223 217
223 133
473 479
435 447
345 351
261 268
479 434
479 389
178 223
178 217
89 95
50 89
351 379
89 95
89 95
133 142
345 306
51 42
473 479
505 402
261 306
351 306
223 217
5 95
389 479
434 473
402 434
223 158
389 482
5 50
351 261
89 42
89 95
95 50
473 479
89 50
345 322
351 345
351 261
306 378
473 491
261 345
351 295
345 306
223 178
261 351
89 95
13 106
351 261
306 345
217 223
389 479
351 345
351 345
479 389
217 178
217 223
133 223
95 77
473 479
89 5
479 389
223 217
5 95
89 95
473 479
473 479
351 261
217 223
351 345
261 345
89 95
178 217
479 407
95 89
89 95
223 217
473 395
261 345
223 217
95 50
217 178
133 178
81 42
50 84
133 148
389 457
50 38
95 89
434 479
345 338
223 217
89 95
479 473
351 345
50 89
20 64
64 24
5 89
479 434
133 217
389 434
351 345
351 328
95 89
89 48
479 473
345 261
89 101
178 217
479 473
100 119
89 119
217 178
89 95
306 345
133 223
133 217
345 351
5 95
50 95
95 41
418 463
261 351
351 304
351 345
306 351
479 473
217 178
178 177
261 306
217 223
178 223
89 50
434 401
133 217
447 504
133 223
479 389
89 50
5 95
217 133
389 431
223 133
50 95
448 482
217 223
5 95
261 306
217 223
223 178
223 178
351 279
217 178
50 95
223 153
434 479
95 50
306 261
50 89
401 507
389 473
95 5
479 473
479 389
89 50
178 223
223 217
351 355
178 223
95 89
89 95
65 18
133 223
89 95
178 223
95 89
306 345
5 50
118 42
310 339
95 89
345 351
217 133
434 479
345 351
223 178
261 306
50 109
133 223
89 47
345 351
261 345
50 95
223 217
473 479
306 345
351 261
261 345
217 223
306 371
345 367
133 223
178 217
217 223
217 178
270 351
89 95
473 434
217 178
306 351
345 351
505 507
217 223
345 351
223 178
178 223
178 217
223 178
133 175
136 192
95 89
217 223
351 345
133 223
5 95
133 191
356 375
351 345
89 5
479 389
5 89
351 345
126 50
473 434
89 5
345 351
345 351
345 265
473 459
89 95
345 351
389 479
5 50
261 351
345 351
5 89
178 223
479 473
345 351
345 339
5 21
473 434
351 321
89 95
95 89
5 95
178 223
434 479
95 23
5 95
345 351
351 345
95 5
345 261
261 351
261 349
5 89
217 223
81 5
217 229
95 50
351 345
5 95
50 86
351 345
479 463
297 324
223 217
306 261
434 479
96 83
389 473
479 434
50 95
178 217
223 178
223 212
345 351
351 261
64 94
50 95
351 345
89 95
5 95
479 434
50 116
345 351
473 479
89 50
50 89
479 389
473 434
434 479
479 389
143 211
95 89
89 95
479 434
133 201
217 223
434 479
217 223
253 208
223 217
5 89
479 434
89 95
306 345
473 389
89 95
95 5
473 491
345 351
434 479
306 351
5 95
434 507
261 345
125 70
351 371
351 306
178 223
479 389
50 5
89 5
479 473
345 261
63 120
261 372
351 345
434 404
253 219
473 434
41 2
473 479
261 351
133 223
351 279
389 479
133 178
95 89
50 89
133 175
434 479
178 223
389 473
89 95
389 426
434 479
50 95
133 217
178 133
89 5
351 345
5 48
261 351
473 479
217 223
5 89
89 5
306 345
223 178
351 261
133 217
217 178
479 434
119 99
261 351
133 223
351 303
41 23
89 95
89 95
434 479
223 217
434 479
5 89
345 360
345 306
217 223
434 479
351 306
434 499
306 351
389 479
223 217
434 479
306 345
306 351
50 5
178 223
133 178
389 479
479 473
223 151
89 95
5 50
345 351
217 131
192 249
217 223
50 95
351 345
89 5
473 389
217 178
351 340
389 479
133 148
345 351
473 479
133 223
497 463
5 89
223 133
389 479
261 303
345 351
217 223
351 261
306 261
473 479
50 5
479 473
345 351
133 223
306 351
89 95
473 479
217 223
223 217
473 479
351 302
170 222
64 122
320 286
217 178
473 389
345 351
89 5
473 434
169 159
95 89
345 371
5 95
345 261
121 92
217 223
479 389
306 351
389 390
479 473
351 270
434 479
479 434
223 217
50 95
223 178
261 351
351 333
217 133
217 223
5 47
241 186
223 133
95 83
473 389
178 217
217 223
217 223
74 100
479 434
473 479
95 89
95 89
178 223
247 251
178 223
261 329
434 473
5 95
95 5
95 50
479 389
306 330
351 345
306 261
5 50
473 434
345 261
217 223
473 479
261 351
133 178
479 473
479 389
345 306
306 351
389 473
223 217
389 479
479 473
217 223
345 351
89 95
479 473
473 479
345 274
351 345
479 389
290 266
89 5
306 273
261 345
5 89
479 434
473 479
345 347
473 479
5 95
351 345
89 8
89 95
473 479
50 95
50 95
217 223
217 133
473 434
479 473
193 133
473 479
434 389
89 95
178 223
89 95
389 434
95 89
89 5
133 223
178 223
479 473
50 95
473 389
261 351
223 217
473 479
178 176
434 479
345 351
217 223
306 351
89 95
261 315
89 95
89 50
5 50
95 89
50 89
228 247
50 17
479 473
479 473
389 479
351 306
217 223
217 223
306 261
5 95
133 217
351 345
89 95
95 89
178 151
261 345
89 50
479 473
389 434
217 223
217 223
351 306
351 306
473 479
306 324
306 261
217 223
473 467
95 5
89 95
473 434
319 352
261 351
473 434
50 89
95 89
5 50
50 89
142 228
133 223
306 345
345 306
50 52
473 479
217 223
261 303
5 50
473 479
434 400
178 223
351 339
223 217
223 217
222 189
133 158
50 5
345 306
223 217
89 5
389 434
50 95
95 50
217 133
217 133
345 261
217 223
50 95
473 479
217 223
306 261
473 479
345 351
223 142
217 223
100 119
389 473
217 133
95 89
148 192
50 94
434 442
133 217
89 95
89 5
345 306
261 351
50 95
389 479
306 351
223 178
217 178
217 133
89 95
50 89
217 133
389 479
434 479
261 351
261 306
178 223
479 389
473 500
217 133
479 473
50 95
223 178
223 133
5 89
133 217
223 217
473 479
50 89
479 389
217 223
473 434
306 286
5 95
217 223
479 473
89 50
261 306
351 345
95 89
473 479
178 217
479 434
95 89
473 434
89 95
217 133
425 428
15 34
345 351
261 351
42 81
261 351
239 142
5 89
50 95
89 95
223 204
345 261
479 473
479 507
479 389
217 235
479 473
389 465
473 479
434 479
434 389
178 223
351 345
178 223
133 223
50 95
479 434
178 223
5 89
389 479
133 223
306 261
479 434
473 389
95 89
377 311
479 473
307 374
89 95
5 73
223 133
434 479
345 306
133 217
217 223
479 434
5 95
389 434
473 479
133 178
178 217
89 95
50 95
217 223
261 345
223 178
479 389
217 223
5 73
223 178
5 89
473 479
261 326
223 217
217 133
479 434
223 217
389 479
50 95
381 351
351 261
223 217
95 93
223 178
261 306
246 193
223 133
223 129
473 479
223 217
306 351
351 306
95 5
223 151
133 223
50 5
175 133
483 428
217 223
178 223
89 95
217 223
306 345
479 473
479 473
5 89
351 345
89 95
261 351
473 480
217 133
473 389
473 434
345 261
50 5
434 479
345 306
431 389
473 479
479 473
5 89
351 261
133 217
89 95
89 95
89 95
217 174
434 384
223 178
351 345
54 42
473 434
479 473
223 217
351 345
473 389
95 89
351 306
133 223
223 151
89 95
5 89
217 223
95 50
345 351
479 473
223 166
351 345
479 388
473 479
89 95
351 306
351 276
479 473
306 285
479 473
89 95
345 351
351 345
351 306
473 479
351 345
306 345
217 133
479 473
178 217
5 89
95 89
389 507
306 351
89 95
178 223
178 203
50 95
178 217
389 479
479 473
389 458
345 306
351 345
217 223
223 178
95 50
5 89
95 89
178 217
473 479
217 133
351 355
389 434
95 5
273 323
89 95
133 246
223 221
351 308
178 223
306 351
217 223
5 95
50 2
5 67
217 223
351 261
89 95
479 434
133 223
5 95
351 345
223 217
479 473
479 389
345 351
95 89
95 89
95 89
95 89
50 5
223 133
95 5
95 50
306 351
133 175
89 99
306 261
95 5
261 351
473 479
95 89
306 351
89 95
178 133
345 306
306 351
5 89
351 306
306 351
217 178
50 95
345 351
261 345
89 95
5 50
50 19
345 351
50 89
89 95
345 351
89 50
449 435
473 479
223 158
223 217
345 261
351 264
89 50
389 479
356 270
434 479
89 50
95 89
345 351
351 378
133 223
490 479
479 473
89 95
473 479
306 351
345 261
351 345
351 345
345 351
5 83
223 178
95 50
217 223
50 95
389 479
261 306
14 89
351 366
306 351
261 345
133 202
261 340
217 223
5 89
50 95
306 351
89 50
50 83
350 276
434 473
95 99
178 223
89 95
345 351
217 178
50 95
479 389
5 89
351 345
434 479
95 5
434 491
5 89
261 351
473 434
95 89
217 223
5 99
473 434
64 118
133 175
345 351
89 95
178 223
434 389
345 351
95 89
133 217
95 50
50 2
434 389
5 89
306 351
389 479
479 473
223 178
89 95
473 479
306 313
479 389
389 473
261 345
306 351
479 434
50 95
217 223
479 473
95 50
473 434
381 374
50 5
261 279
261 294
479 434
473 479
50 123
261 351
351 261
89 95
351 302
217 160
217 223
479 434
95 89
95 18
345 351
473 479
261 306
217 223
351 261
345 261
473 479
223 217
5 89
217 223
389 479
133 175
89 50
89 5
479 402
345 306
133 217
345 351
345 261
307 292
223 217
473 479
351 312
473 479
261 345
345 306
389 473
95 89
473 479
95 89
345 354
473 479
223 217
89 95
351 261
50 5
261 345
95 5
473 389
5 50
89 95
178 133
473 476
261 351
217 178
389 479
473 389
306 351
89 95
351 282
434 479
345 261
345 351
178 175
306 351
271 335
178 133
261 345
15 34
136 222
89 95
217 133
133 217
345 351
479 473
5 50
217 223
351 345
5 89
479 473
434 479
473 434
306 345
191 248
95 5
95 66
306 345
473 434
345 306
473 479
95 89
70 106
89 95
223 217
50 95
351 306
473 479
261 345
502 397
261 345
479 478
133 223
345 351
261 351
89 95
434 385
5 95
133 223
345 306
133 217
89 95
351 345
89 95
95 89
479 486
89 50
223 204
95 89
217 223
345 351
479 389
473 434
89 95
479 463
261 351
473 479
479 434
345 371
217 223
374 269
217 223
434 473
306 285
223 217
479 407
178 217
345 261
434 482
89 95
50 95
434 473
50 95
133 223
223 142
434 389
223 133
261 311
95 89
345 261
351 345
123 119
324 271
89 95
223 217
217 223
389 410
434 389
223 217
261 345
273 351
351 345
351 381
306 351
50 95
223 178
133 217
50 95
178 217
5 95
133 223
473 479
5 95
133 180
223 178
345 351
351 320
217 223
434 479
434 479
434 479
434 449
345 306
345 276
50 89
178 223
89 95
337 298
479 473
345 351
389 473
133 143
479 473
5 95
473 479
473 389
434 479
5 95
479 434
479 434
50 89
473 479
217 223
223 178
65 1
479 473
479 434
351 306
5 89
306 345
95 23
178 223
351 306
345 261
479 389
473 479
351 270
351 306
217 133
261 351
345 351
473 479
448 467
68 15
351 345
95 89
261 345
217 223
434 479
89 5
389 434
89 95
473 479
89 94
95 50
345 261
479 473
345 351
95 50
345 351
217 221
50 95
306 285
95 5
306 345
95 50
319 298
473 479
89 95
95 50
95 23
434 479
217 223
345 275
306 261
89 5
217 223
5 68
217 156
345 351
223 178
5 95
217 223
345 351
351 345
223 217
389 434
20 64
217 178
345 351
473 479
217 133
261 351
223 133
434 473
50 5
261 351
95 5
178 223
133 148
95 122
133 217
434 447
217 178
351 306
479 434
473 479
89 95
50 95
217 223
473 479
479 473
379 375
89 95
89 95
434 458
89 5
473 479
89 95
306 261
178 223
89 50
351 345
351 279
351 261
345 351
426 435
95 89
217 223
306 261
345 351
217 178
223 133
434 479
178 133
223 178
351 270
89 95
5 95
434 470
178 199
434 389
133 178
228 182
50 95
133 223
5 89
217 223
374 269
83 106
196 169
434 479
479 473
345 351
351 306
345 351
89 95
133 223
306 261
217 223
95 71
454 434
261 345
306 351
133 201
223 217
217 133
217 173
261 306
479 473
351 306
473 479
389 502
479 473
217 223
5 113
41 68
351 345
351 345
223 178
5 95
306 351
5 76
473 434
306 351
95 89
345 351
178 253
217 178
50 60
434 479
178 223
95 50
89 5
351 365
5 81
217 223
351 261
178 223
95 89
96 98
217 223
50 95
389 479
306 345
89 5
217 223
95 89
473 389
223 217
345 351
434 479
306 351
473 479
479 389
89 5
95 14
345 351
50 95
217 223
178 223
178 217
473 434
95 89
89 95
178 217
175 250
133 223
50 95
261 303
223 217
351 306
479 473
217 128
473 389
178 223
217 133
223 205
178 223
389 434
261 345
345 351
227 186
479 473
95 5
133 223
217 223
223 203
133 223
178 190
351 261
261 306
133 223
345 306
223 184
5 89
351 322
473 479
5 95
95 5
217 133
217 184
484 503
65 110
178 133
351 345
5 89
479 473
345 351
223 217
345 261
178 247
178 182
306 294
306 261
133 175
178 156
351 345
345 306
223 133
434 389
261 303
50 89
178 223
350 260
223 217
223 217
479 473
95 89
480 403
217 223
89 95
261 351
125 73
351 306
351 345
50 95
133 217
223 217
89 5
375 355
479 473
50 95
223 133
345 351
345 351
95 5
351 345
447 504
133 176
175 148
306 261
133 223
50 95
345 306
479 389
345 351
345 351
196 142
133 223
473 434
351 345
479 473
479 490
351 306
95 5
217 222
351 345
345 291
81 13
306 261
479 473
223 133
473 479
345 351
178 217
306 351
434 389
479 473
95 50
217 178
345 351
434 389
479 473
434 479
345 286
95 50
261 351
133 201
345 261
261 351
217 133
95 47
473 479
95 5
133 201
217 133
5 89
261 351
479 473
261 351
345 351
89 95
5 50
89 5
345 351
434 407
479 398
479 445
389 479
351 261
389 431
217 223
297 292
345 351
351 261
473 479
350 270
89 95
434 473
306 304
89 95
434 389
479 434
345 306
217 223
345 351
89 5
178 223
345 351
89 111
50 19
95 89
389 478
223 133
178 133
351 345
223 217
217 178
89 95
345 261
217 223
389 479
50 89
326 345
89 95
479 434
345 351
261 329
473 479
473 479
89 95
89 124
89 50
89 95
434 479
5 50
389 465
217 178
178 129
217 223
473 479
169 228
133 178
178 133
345 306
261 351
434 473
95 89
217 223
178 217
351 353
389 434
143 207
389 473
178 217
5 95
223 178
473 434
434 473
345 351
434 473
434 473
41 68
389 479
89 5
95 23
479 389
50 95
192 140
95 5
345 351
473 389
351 345
178 217
479 407
170 133
306 351
345 306
345 351
434 479
95 5
345 306
351 284
5 95
50 95
345 351
178 145
261 351
345 306
143 151
89 95
271 339
223 178
217 223
217 223
5 50
389 434
345 351
191 248
95 89
217 178
95 89
434 473
95 89
261 366
351 306
434 479
50 5
89 5
95 89
314 333
89 95
479 434
352 354
217 223
50 95
95 50
207 249
95 50
89 50
133 223
50 5
95 89
434 493
89 95
381 277
479 407
479 473
458 484
223 217
178 244
389 479
479 473
178 217
178 133
133 217
50 5
473 479
306 351
50 5
345 306
351 261
133 217
133 178
435 436
351 261
473 434
5 106
473 434
89 95
345 351
306 351
345 351
434 479
261 339
434 479
217 223
479 507
473 394
434 479
223 178
89 95
226 145
389 479
261 345
351 345
326 298
223 178
89 92
473 479
5 50
89 95
89 14
223 217
345 351
223 133
133 178
350 368
261 329
351 345
95 89
434 479
95 89
473 479
479 434
63 79
261 379
438 458
95 89
223 178
473 479
133 223
89 95
473 389
217 223
434 389
351 336
178 223
351 306
89 107
473 479
253 219
95 125
223 133
345 261
351 345
142 209
89 5
223 178
261 329
223 133
306 345
89 95
241 186
389 431
319 376
217 223
261 381
178 223
310 358
133 178
223 133
89 5
133 217
351 345
351 345
261 329
223 217
5 95
41 96
5 95
339 351
133 223
389 473
479 398
178 217
306 345
326 315
261 345
217 146
345 336
306 351
223 178
434 479
89 95
89 82
196 143
217 223
351 345
133 178
50 61
345 351
95 50
223 133
434 479
345 261
50 89
106 50
178 217
479 473
223 217
223 217
306 351
178 223
95 89
389 479
261 345
389 479
473 434
434 473
473 434
479 389
217 223
214 178
479 431
95 89
133 217
261 345
345 351
209 228
434 479
434 389
351 261
345 351
178 223
306 298
217 178
473 479
217 223
217 223
479 389
89 5
223 178
178 217
50 95
5 89
89 50
319 352
178 217
89 50
389 457
217 223
345 298
261 351
306 345
223 178
182 203
389 479
5 89
473 479
217 223
178 223
434 473
50 95
217 223
133 178
473 389
389 473
473 434
217 178
261 345
178 217
389 473
217 223
306 285
345 351
89 5
178 133
351 345
223 217
351 345
95 14
438 422
438 467
133 241
389 434
95 89
345 306
389 473
178 133
89 5
95 89
223 217
351 345
389 473
178 217
434 473
95 84
473 479
345 351
89 95
89 95
133 175
479 473
261 345
479 389
509 508
306 351
435 460
89 5
261 378
133 201
389 479
351 279
223 133
95 89
223 133
217 223
217 133
434 479
306 261
5 89
345 353
223 178
345 351
50 95
217 223
142 209
434 479
95 5
178 163
89 95
345 351
5 89
345 306
253 223
351 298
89 5
479 434
473 434
89 95
480 502
95 5
223 217
217 178
345 306
95 89
133 227
89 95
434 479
389 479
95 23
208 178
351 345
473 434
271 339
389 473
223 178
345 306
89 5
89 95
434 479
479 473
351 306
351 345
178 223
479 500
479 473
473 479
133 223
345 261
89 5
133 217
217 133
345 336
178 223
178 217
223 217
345 351
89 95
95 89
345 351
479 389
50 30
5 50
95 55
389 479
217 223
345 306
217 133
217 223
89 14
345 351
95 50
479 473
89 5
95 14
351 261
351 279
261 351
397 491
95 50
306 351
479 434
389 509
479 434
89 95
68 15
434 479
50 95
143 207
95 50
89 95
178 242
217 178
178 223
5 95
306 351
95 5
50 89
473 389
351 345
389 479
351 261
178 223
434 477
320 285
133 173
345 261
345 351
473 479
95 23
223 217
223 217
223 133
389 479
50 95
306 345
351 345
133 178
217 223
473 479
509 479
434 467
351 306
217 223
306 345
473 479
133 223
217 178
95 50
389 457
306 300
351 345
89 95
223 217
351 345
479 434
389 434
217 223
89 5
351 306
5 95
89 5
351 345
217 223
89 95
95 89
217 223
434 473
319 352
306 345
351 345
261 345
223 217
345 261
89 5
63 96
479 394
306 351
473 479
217 223
389 473
306 345
434 479
95 89
473 389
5 50
133 178
95 50
479 482
479 494
89 95
89 95
434 479
89 5
178 223
217 223
306 345
89 5
351 345
217 178
473 434
89 95
389 479
217 223
133 223
89 95
473 479
261 298
473 479
223 217
5 50
434 497
89 51
306 345
345 351
345 351
345 306
306 351
89 95
89 82
223 178
217 223
261 351
473 479
89 5
261 351
389 479
473 479
345 351
133 217
50 89
345 351
95 5
50 95
5 95
269 363
217 133
307 323
95 5
89 60
217 223
434 389
178 223
479 389
148 222
473 479
345 351
50 95
223 178
95 47
426 435
51 29
345 261
95 39
223 217
95 50
50 95
345 298
479 407
54 118
345 351
490 479
473 479
223 178
223 217
473 422
95 50
351 345
434 479
434 479
399 463
479 473
473 479
345 261
473 479
473 434
95 123
473 479
95 5
261 306
345 306
306 345
434 445
95 89
89 50
345 351
95 20
217 133
133 223
281 362
473 458
479 473
389 479
89 50
345 306
50 95
50 113
223 178
479 434
434 435
95 89
261 351
89 50
479 384
50 95
261 306
306 330
345 308
377 302
89 5
89 95
89 95
178 223
95 23
473 479
5 95
89 50
50 95
473 479
351 306
89 95
253 202
217 245
133 178
306 351
5 89
261 351
223 217
95 50
479 389
351 345
217 223
276 264
95 5
345 351
345 351
95 89
217 133
473 434
179 254
50 89
133 223
306 351
95 89
217 223
345 351
223 217
479 389
89 83
345 261
223 178
479 434
223 217
345 351
5 50
389 479
479 473
261 351
89 123
479 389
217 223
89 95
473 479
473 434
20 64
89 95
133 223
133 217
306 351
95 50
178 133
217 158
42 55
133 217
95 89
89 50
473 464
217 223
95 89
133 217
133 217
261 344
473 479
95 89
351 306
217 223
133 223
306 345
95 50
345 306
389 479
217 222
306 351
473 434
217 223
345 351
479 389
89 95
434 479
5 95
95 89
345 351
345 261
434 408
178 217
217 223
479 473
217 223
95 89
448 397
178 170
473 479
217 223
261 329
217 178
5 95
5 50
5 89
133 223
345 351
473 389
351 345
389 473
41 68
5 89
228 142
434 425
95 5
133 178
351 261
473 434
50 89
306 277
434 389
473 479
306 276
473 398
119 8
223 142
306 351
389 434
223 217
50 95
351 261
434 479
217 223
270 337
434 479
345 261
217 178
473 479
261 351
5 95
306 351
253 198
223 217
351 345
217 223
306 348
50 95
217 223
5 73
351 345
217 178
217 223
271 339
389 477
351 345
479 434
191 170
223 245
95 89
170 209
479 473
345 306
479 473
50 127
217 223
261 351
178 223
217 223
434 479
241 186
217 223
95 89
261 303
123 119
473 479
95 89
223 217
345 351
306 339
223 217
345 351
261 351
351 345
51 15
351 306
89 95
95 50
95 89
178 174
178 223
217 223
5 95
473 479
345 261
434 473
133 178
178 223
434 389
458 389
95 89
479 410
178 223
261 303
89 95
89 50
479 426
261 351
351 261
306 351
435 463
50 95
89 95
261 351
473 479
434 389
95 89
89 95
89 95
121 88
89 95
223 166
434 389
479 473
5 75
50 95
306 351
5 89
89 95
389 473
217 178
178 133
345 261
389 479
133 223
306 261
113 58
95 5
20 64
345 306
473 479
223 133
306 273
479 389
89 50
351 345
479 473
479 389
223 133
335 310
89 95
473 479
89 95
473 479
345 351
479 414
50 15
404 392
294 306
89 95
151 217
261 351
306 351
473 434
95 89
434 479
261 303
95 5
479 473
95 89
217 223
89 71
89 95
133 223
89 50
95 5
351 306
473 479
133 178
41 86
89 95
5 95
133 223
473 479
223 183
389 479
217 223
345 351
351 345
479 434
217 178
345 261
306 351
223 217
352 331
306 351
438 443
95 5
306 330
306 351
217 178
473 434
473 479
434 389
5 50
223 133
389 479
479 473
479 473
223 217
351 279
351 279
217 178
298 307
50 95
133 131
473 479
133 223
50 98
95 50
89 50
351 306
178 223
345 351
217 142
473 479
375 356
479 430
95 89
483 434
345 351
351 306
223 178
133 217
217 206
351 345
50 119
89 95
345 351
89 95
434 473
89 95
239 198
255 217
178 133
217 178
191 133
50 17
95 89
5 89
473 479
223 133
306 351
345 306
217 223
351 306
345 377
95 89
479 389
389 473
133 169
473 479
351 279
223 178
89 95
434 460
345 306
351 341
50 25
351 261
306 351
217 223
473 479
345 351
5 47
20 8
50 95
133 217
351 345
306 295
178 223
448 393
389 479
479 389
345 351
307 297
345 351
217 223
261 351
223 178
351 345
223 217
479 507
261 351
479 389
133 178
261 351
345 351
5 95
178 129
473 479
479 407
50 95
345 351
133 227
178 223
133 223
178 223
389 479
345 306
94 74
479 389
95 50
5 95
89 50
50 95
217 223
473 389
345 351
223 211
345 351
217 133
345 334
89 50
345 306
473 479
473 479
89 95
95 96
113 58
356 375
389 480
261 351
473 479
345 261
434 479
89 95
133 217
345 261
351 306
505 404
345 261
261 345
95 89
434 389
223 217
479 473
345 261
95 89
351 306
64 110
50 95
434 479
345 351
50 89
345 261
351 345
217 178
217 178
473 479
434 473
351 261
133 178
479 389
95 89
434 479
50 95
217 223
473 507
95 89
306 351
479 434
5 50
223 178
306 336
351 306
389 431
223 133
50 95
223 133
389 473
89 95
434 460
473 479
479 473
223 178
473 434
345 351
389 479
479 473
133 178
345 351
95 50
20 8
223 217
306 345
217 223
473 479
217 223
50 95
193 189
50 102
351 345
217 133
434 389
95 14
351 306
95 5
345 261
505 404
345 351
50 95
223 217
5 50
507 407
261 351
50 5
479 434
89 95
345 261
350 256
389 431
434 473
479 473
345 351
306 354
345 351
36 5
217 145
89 95
434 479
345 351
345 313
178 133
351 264
345 351
434 473
355 291
178 223
473 479
374 269
434 458
89 95
473 434
473 433
389 479
217 223
473 479
290 367
217 223
50 95
217 133
389 473
351 306
479 473
434 479
217 223
306 331
479 398
95 89
217 223
95 5
473 479
473 479
133 178
223 217
5 50
153 234
95 89
507 503
50 5
345 351
223 217
133 217
306 351
217 133
479 389
351 306
389 479
217 178
217 223
307 331
89 50
351 297
345 351
50 5
217 223
5 50
178 223
223 142
95 50
351 345
505 483
306 351
479 473
50 95
178 133
389 434
50 5
345 351
351 259
133 132
133 223
261 351
95 89
404 448
223 142
351 306
133 223
345 306
345 306
479 407
503 483
95 89
473 479
89 50
223 217
50 95
473 479
133 223
217 133
261 351
319 352
95 50
89 95
454 426
95 50
89 95
345 351
223 178
473 389
89 5
5 50
351 345
5 50
351 345
473 479
50 95
261 345
178 166
473 434
217 223
217 223
133 192
133 217
223 217
351 345
95 50
217 178
89 78
261 351
434 473
473 507
89 5
50 89
345 351
217 223
381 323
217 223
89 95
133 217
306 351
434 479
217 178
434 479
389 479
223 151
345 306
307 356
223 217
404 392
223 217
351 345
345 306
345 261
310 292
345 306
473 479
217 223
5 50
473 434
133 217
133 217
5 115
279 351
5 89
89 50
473 479
351 345
95 50
351 261
133 217
345 261
473 434
89 95
389 473
389 479
351 306
5 95
351 345
178 223
95 89
425 467
345 306
479 434
261 374
119 123
473 479
306 345
306 339
434 389
261 351
5 89
479 473
5 95
434 473
345 351
345 351
473 479
89 95
261 363
261 345
50 5
473 479
306 345
5 95
473 466
217 223
223 133
389 479
351 313
345 261
95 50
473 434
54 8
479 473
351 306
479 386
217 223
133 201
261 351
223 217
345 273
223 142
389 473
50 89
95 5
89 5
95 50
479 473
41 0
351 345
261 345
345 351
345 351
217 223
89 17
217 223
94 2
345 261
473 479
345 351
351 306
133 175
50 5
345 351
95 23
50 61
5 95
89 95
217 191
50 89
89 95
473 389
479 389
473 479
473 479
479 434
217 223
345 351
473 434
351 345
50 95
479 434
473 479
479 398
261 290
5 50
500 473
95 89
473 389
434 479
133 223
89 95
217 223
89 50
95 5
223 133
479 434
479 473
479 434
223 188
133 178
133 178
434 399
351 339
5 50
5 89
89 95
5 89
5 73
50 89
479 407
435 389
133 178
68 15
389 473
89 95
351 261
479 473
89 82
217 223
307 339
133 186
351 345
223 217
261 306
217 133
217 223
178 217
50 95
89 50
345 351
473 479
345 351
5 50
434 479
306 345
217 223
223 217
5 95
50 95
352 257
306 312
473 415
473 434
345 261
5 89
5 45
389 434
95 89
217 223
351 345
89 95
178 223
306 345
217 223
306 261
50 95
223 217
389 479
223 217
223 217
133 178
473 479
217 223
434 467
223 217
89 50
479 398
389 434
89 95
217 223
345 351
479 473
434 423
5 95
320 339
351 345
223 133
178 217
125 96
217 223
89 50
448 397
217 223
389 479
95 89
434 479
389 473
355 281
217 178
217 223
133 223
178 223
50 88
473 425
95 14
217 138
192 223
217 223
306 345
178 133
261 312
389 479
223 217
447 504
345 306
351 345
217 175
389 479
95 89
261 351
351 345
345 351
89 95
351 345
479 398
89 95
133 223
381 315
345 351
389 479
473 389
345 351
351 345
389 431
133 201
409 484
261 351
217 223
5 50
95 89
178 223
389 407
223 176
479 389
217 223
434 479
473 434
351 345
345 351
479 434
5 50
223 217
89 5
5 95
505 384
133 178
345 261
223 151
178 217
345 261
95 5
389 479
95 50
434 389
345 306
351 285
434 478
434 479
217 223
473 389
5 95
178 223
345 351
507 389
223 217
223 217
178 223
223 178
306 261
178 223
306 351
479 434
438 467
345 351
217 223
217 178
434 407
95 93
50 95
217 223
337 298
473 479
89 50
95 89
223 133
5 89
95 50
473 479
473 389
50 5
89 39
261 351
217 237
50 95
306 351
479 473
217 223
133 217
223 148
95 5
479 473
191 248
145 223
217 223
178 223
89 95
351 345
351 306
473 389
179 133
457 389
479 434
306 345
345 351
5 89
345 351
345 351
89 68
261 317
434 479
479 434
434 490
89 95
389 477
223 178
389 473
178 223
5 50
133 223
89 95
223 217
479 389
306 351
261 351
345 351
133 178
217 223
473 434
479 473
223 217
351 306
223 133
5 50
479 398
389 479
473 479
133 217
479 473
133 217
261 351
389 461
178 133
50 14
306 351
5 95
217 223
306 351
351 349
95 89
473 500
306 312
223 178
133 223
431 404
404 448
192 211
178 223
178 223
223 133
434 479
345 352
351 306
351 279
133 223
261 306
479 389
89 95
198 187
178 223
89 50
116 120
479 434
351 261
89 95
345 373
473 434
473 479
223 234
351 345
223 217
95 5
178 143
345 351
217 191
389 473
89 95
223 217
89 95
261 351
178 223
95 50
351 261
94 123
89 50
434 458
345 261
95 5
95 5
170 179
261 306
478 464
345 353
434 455
89 95
434 464
345 306
306 351
95 50
217 178
133 175
261 345
95 5
345 351
389 473
434 479
479 499
389 434
224 201
356 310
89 95
351 266
345 351
351 306
178 223
351 355
89 95
473 479
50 95
351 345
217 223
261 351
389 431
95 50
473 479
473 479
95 5
351 345
473 434
133 178
351 345
95 50
95 50
389 434
389 485
223 217
133 201
89 95
434 498
306 345
479 473
5 50
223 217
434 479
217 178
178 217
351 345
95 89
96 79
479 434
351 345
261 345
473 479
389 479
178 133
217 170
217 178
95 89
89 50
345 351
345 306
5 89
379 375
389 473
261 345
345 351
306 351
351 306
479 398
351 345
351 264
345 351
473 434
5 89
217 223
223 217
389 473
389 479
351 301
351 345
217 223
178 223
89 5
425 456
351 345
133 138
374 298
51 5
306 261
178 223
306 351
89 5
479 473
89 50
473 479
133 217
389 434
479 434
306 286
345 261
261 351
50 111
473 479
223 178
223 142
5 95
473 479
351 345
95 5
5 50
389 479
89 95
473 479
479 473
217 223
479 407
217 223
249 148
389 479
89 95
473 481
95 5
223 199
89 95
133 217
389 479
217 223
125 116
50 5
351 261
95 89
50 95
473 434
434 479
178 217
95 89
217 223
133 208
473 479
425 452
473 434
473 479
434 458
50 89
241 202
5 95
351 261
5 50
434 479
178 223
95 5
351 261
217 178
89 95
223 217
95 50
178 223
345 261
434 479
133 217
345 351
133 223
351 261
223 217
89 50
217 223
473 389
351 261
434 479
95 14
479 386
50 95
50 5
479 473
389 479
223 217
50 95
479 389
473 479
345 306
261 306
505 510
178 223
483 470
89 95
351 306
50 89
479 389
261 351
345 261
306 351
95 89
89 95
5 97
389 479
95 89
351 306
178 188
261 351
95 29
95 23
473 479
434 479
133 217
473 432
404 448
50 95
217 223
89 95
473 479
133 217
473 389
351 306
479 434
307 265
351 261
5 73
50 85
306 351
223 217
389 473
217 223
217 186
50 95
95 89
50 95
389 479
261 306
306 351
350 258
89 95
217 223
473 434
479 407
261 329
306 261
473 479
98 17
178 133
133 178
261 306
306 323
95 89
95 50
95 50
425 415
223 217
178 223
223 217
223 217
89 5
95 89
473 479
178 223
345 369
170 179
276 320
89 5
217 133
473 434
217 223
345 351
217 223
351 345
89 50
50 5
261 351
351 345
473 434
217 223
473 434
95 89
50 89
89 95
310 261
345 306
261 351
178 248
479 389
133 201
473 389
351 306
345 351
351 345
494 473
50 95
345 348
207 191
473 479
226 178
217 227
479 473
89 50
345 306
63 120
89 95
217 223
50 95
306 351
89 95
473 479
217 223
479 389
389 401
217 223
345 351
133 178
178 217
345 351
133 223
473 434
261 375
5 95
434 479
50 5
345 351
217 223
5 125
223 133
5 95
351 345
5 95
89 122
5 81
178 133
217 223
133 217
345 351
133 244
345 351
223 133
95 89
434 415
389 434
509 447
95 50
479 473
223 151
89 71
306 351
434 479
178 217
351 306
435 414
478 441
217 223
217 133
261 306
89 50
142 223
479 466
367 326
89 95
290 261
95 50
261 351
261 313
473 479
434 396
217 223
223 178
5 95
434 389
306 351
178 133
473 434
345 351
50 89
223 178
50 95
89 95
223 217
261 351
389 399
79 54
306 261
95 115
434 440
473 389
50 89
133 178
187 207
473 434
345 351
58 113
50 95
133 217
473 479
95 5
89 95
89 50
223 217
133 223
479 473
223 217
261 329
95 50
345 351
50 95
306 261
217 194
479 389
223 133
479 434
473 434
389 473
345 351
479 473
389 461
351 345
96 30
479 398
217 223
217 223
42 121
133 179
223 217
217 133
389 434
351 345
133 217
133 178
89 70
223 142
5 89
133 178
345 306
434 473
50 95
89 95
261 345
473 434
389 479
345 306
389 479
178 133
345 351
89 95
178 223
178 223
434 389
217 223
89 84
223 217
217 223
247 227
389 479
178 223
261 329
95 5
473 479
95 89
479 434
217 178
95 89
345 329
345 306
133 178
133 221
89 95
345 351
217 223
217 202
95 89
223 217
5 89
89 95
95 89
473 479
89 95
389 473
389 473
178 133
223 133
178 217
479 473
345 306
479 450
133 217
479 434
223 217
217 223
345 306
223 133
89 50
261 345
5 89
434 479
5 89
5 95
95 23
306 350
217 223
479 473
473 479
5 95
95 14
133 223
192 209
473 389
434 455
479 462
320 319
442 463
479 389
5 107
261 339
95 5
479 473
306 274
50 95
434 479
179 210
389 416
217 223
178 179
5 95
261 345
261 345
178 148
175 133
473 479
223 142
5 50
345 306
479 407
345 351
306 261
223 133
50 95
89 95
89 5
95 5
217 178
50 95
479 389
223 133
217 223
306 351
5 89
345 306
5 95
473 479
178 145
89 5
95 89
434 479
479 434
389 479
479 389
479 473
95 23
434 389
89 5
404 505
89 95
89 95
223 133
473 434
306 351
479 434
133 201
63 79
178 223
306 278
479 389
389 435
345 351
217 178
434 389
351 306
223 178
473 479
95 89
223 217
51 105
178 223
129 217
351 345
389 479
351 345
95 89
95 5
345 351
306 351
5 95
95 89
223 178
5 89
5 95
95 50
473 479
306 351
217 223
306 261
223 142
479 473
217 178
351 345
306 351
261 306
473 389
133 175
345 261
5 89
377 276
434 479
389 479
306 351
473 467
223 158
223 217
223 217
133 217
261 377
434 402
5 95
89 95
389 479
473 479
223 217
217 190
217 223
217 178
5 89
434 479
326 298
50 82
345 261
217 133
223 217
95 45
89 95
223 217
217 133
95 5
95 89
389 479
306 351
345 335
217 178
389 479
223 157
56 13
351 298
217 223
133 217
217 178
351 306
178 133
133 217
217 223
434 389
223 133
95 23
473 479
273 336
178 191
345 351
89 5
89 50
5 50
306 351
306 351
89 50
50 95
89 95
434 479
5 50
223 178
50 95
143 211
435 452
306 324
328 306
133 217
50 89
351 345
473 479
133 217
434 479
196 143
345 351
389 473
261 351
389 479
217 223
434 473
351 345
89 50
350 314
133 175
95 50
217 223
473 434
473 479
345 306
5 95
473 434
473 479
89 95
473 434
306 351
217 178
217 223
133 217
473 479
178 223
351 270
223 178
95 89
473 479
89 5
261 279
217 213
491 397
434 473
133 178
351 345
133 149
178 217
345 306
50 95
89 5
178 133
473 413
473 479
50 95
223 178
17 65
89 95
89 95
345 351
178 239
178 217
329 261
351 345
345 351
95 89
479 473
89 5
95 23
345 351
223 217
473 479
473 422
95 85
89 50
217 204
479 473
345 334
217 178
351 345
434 479
479 407
478 416
223 178
351 261
473 479
479 473
351 261
217 223
491 397
89 95
223 217
50 14
345 306
345 351
261 345
434 389
5 64
217 223
473 434
351 345
351 261
473 434
5 89
89 95
133 217
479 473
261 351
434 390
95 5
5 73
121 83
351 345
89 5
5 50
389 473
178 244
89 112
223 217
5 50
306 351
473 434
178 223
473 479
479 473
89 95
50 95
223 133
217 133
389 479
261 345
306 351
89 95
473 438
473 389
306 351
351 261
389 457
89 5
261 351
95 110
5 95
351 345
50 95
351 345
261 351
89 95
473 434
217 223
89 71
95 89
479 389
345 306
95 89
345 351
434 479
434 486
261 303
345 351
473 434
345 351
479 407
223 133
89 5
89 50
434 479
89 50
351 261
389 463
375 264
133 223
389 479
5 95
345 351
223 217
298 306
223 178
306 351
351 345
95 18
178 223
217 133
95 5
479 434
89 95
271 339
223 217
479 389
89 95
113 58
434 389
434 384
434 507
50 95
351 261
89 95
95 5
479 434
217 133
89 95
473 479
369 314
223 217
473 479
261 351
133 223
217 178
89 95
89 50
261 351
261 345
217 178
100 119
351 345
473 479
497 425
351 306
351 261
223 178
351 345
434 479
473 479
178 223
389 479
89 95
351 261
133 223
50 91
351 306
217 178
89 5
223 133
351 345
133 223
389 473
95 89
89 50
479 389
223 217
178 147
479 473
178 220
306 351
261 345
178 223
178 175
178 217
473 479
351 345
89 95
473 479
473 479
253 223
50 95
217 170
89 95
95 50
389 434
306 351
223 217
345 306
306 261
479 473
95 5
50 5
345 342
261 306
89 95
95 5
261 269
351 261
50 95
389 473
306 351
434 389
345 351
125 47
50 5
223 217
217 223
217 128
217 223
217 223
95 89
306 345
310 299
89 95
217 178
479 473
434 479
223 133
178 223
178 147
434 389
178 223
389 434
351 261
479 422
345 339
178 223
178 223
89 110
217 223
351 279
223 142
217 133
223 133
473 479
95 89
95 23
473 389
306 351
261 351
89 50
217 223
473 448
473 479
261 351
473 479
178 133
5 89
473 479
95 5
192 211
434 389
143 207
223 178
217 178
50 5
178 223
434 473
434 479
95 89
95 50
345 351
217 223
5 95
223 178
389 479
217 223
217 223
473 389
89 95
261 306
178 133
434 479
89 5
306 292
389 479
133 178
178 186
434 468
473 389
89 95
223 178
434 479
50 17
223 217
223 217
54 83
351 345
148 136
223 133
345 378
50 89
95 0
133 170
352 329
178 251
95 83
337 298
133 223
473 479
89 95
217 178
217 223
473 434
5 95
223 217
473 479
50 89
217 184
351 345
169 235
95 89
473 479
276 320
223 178
389 434
389 473
50 95
345 335
434 389
473 434
479 473
223 178
507 503
50 95
178 133
89 95
95 14
89 95
89 95
95 89
123 95
389 461
479 434
223 178
5 47
223 133
389 434
306 266
217 178
261 345
389 473
351 345
426 435
473 384
473 389
261 345
217 178
351 285
389 388
95 5
345 351
217 223
479 434
473 479
133 223
95 50
261 345
89 95
473 389
345 261
89 95
389 457
89 95
345 261
473 479
89 50
473 389
178 223
95 89
261 351
89 95
261 306
95 89
89 50
95 50
403 480
50 1
223 178
217 160
306 351
389 479
95 38
389 434
389 431
50 95
479 473
133 217
133 223
479 473
223 217
223 178
223 133
345 351
217 223
345 351
217 133
351 306
351 261
217 196
473 479
133 223
95 50
95 89
95 113
261 351
261 351
94 113
473 434
434 389
223 178
5 95
479 459
68 41
473 479
434 389
473 438
351 345
438 403
345 351
50 5
319 335
178 223
351 261
261 306
261 306
223 151
261 329
89 95
479 473
473 389
217 223
95 5
389 457
217 143
241 186
89 95
473 414
434 479
223 217
5 89
223 217
345 351
345 306
434 479
306 301
133 178
50 5
479 434
434 389
5 47
345 351
319 352
434 473
479 473
223 178
223 133
479 473
345 261
217 223
473 479
223 178
434 389
178 223
351 270
89 95
345 326
5 73
401 408
217 223
434 389
351 345
223 178
479 473
389 473
217 223
223 217
5 95
473 479
5 95
351 345
473 479
89 95
473 479
479 407
89 50
89 95
89 95
306 331
133 223
89 95
50 123
5 95
261 351
473 479
32 74
345 351
217 133
345 351
479 473
5 95
95 50
345 298
479 434
345 261
479 423
223 237
351 345
217 223
345 306
351 270
351 345
223 217
178 133
5 95
306 351
479 389
261 345
223 217
217 133
389 479
261 345
50 89
178 217
89 5
50 95
50 95
261 306
89 95
479 434
261 345
223 217
217 223
389 473
479 450
89 109
95 5
50 95
89 95
217 176
50 89
133 178
223 217
178 175
345 261
389 434
509 389
298 307
89 95
351 261
50 110
351 345
50 5
133 223
351 306
345 351
306 345
223 217
434 389
217 223
50 95
261 306
345 351
217 223
217 223
261 351
223 217
5 50
89 95
178 223
479 502
223 217
321 357
178 223
479 434
142 223
351 294
351 345
345 306
50 95
89 50
479 434
95 8
473 434
351 306
473 434
345 351
223 142
261 351
351 345
89 95
5 95
89 50
351 306
434 389
473 479
50 95
345 351
306 261
178 223
509 464
217 223
217 133
345 261
479 473
345 351
89 94
133 223
351 345
345 351
479 473
95 50
5 89
261 345
178 144
253 151
95 50
434 479
217 223
119 20
89 95
89 95
223 178
5 66
345 351
479 434
473 458
345 351
434 479
142 209
95 5
5 34
50 89
479 389
50 95
89 95
133 217
473 426
345 351
435 424
345 306
217 133
95 5
389 473
306 261
89 95
479 502
345 351
217 223
434 498
89 95
5 89
5 95
479 389
95 5
5 50
389 434
473 389
339 271
95 89
345 261
473 434
133 178
5 95
89 95
178 210
473 479
217 223
89 95
133 178
345 351
95 89
261 351
89 117
32 74
50 95
178 223
473 434
89 95
389 431
5 50
473 384
89 95
345 351
5 89
345 351
473 479
389 473
389 479
89 95
345 306
5 30
448 439
505 418
473 479
217 133
223 217
345 302
434 439
223 178
473 479
89 95
473 389
336 306
89 78
351 379
473 479
389 434
5 95
479 473
306 351
5 73
217 133
473 479
351 345
133 178
306 351
59 63
223 178
5 89
223 133
345 362
320 300
95 50
217 223
261 306
95 89
223 133
473 479
89 78
404 392
217 223
89 10
479 389
473 434
178 237
178 223
356 375
434 479
434 389
261 351
133 223
345 351
217 223
50 95
480 481
95 5
479 401
178 171
217 223
50 95
479 389
345 351
217 223
306 261
505 388
133 178
345 351
345 351
217 170
479 450
217 223
345 261
15 79
178 223
351 279
345 351
5 95
50 95
133 178
5 95
345 306
389 479
434 389
389 434
223 217
345 351
434 479
345 351
479 389
217 223
345 324
389 473
178 223
223 178
50 95
178 227
5 95
223 178
434 385
178 223
178 223
5 95
279 339
223 217
351 345
434 479
223 133
261 345
479 434
99 42
217 223
306 340
133 223
5 95
345 261
217 133
217 133
89 95
303 261
345 351
89 95
306 345
479 434
351 345
434 387
89 8
473 434
479 434
178 133
261 351
351 298
178 133
261 306
143 211
397 491
217 223
473 479
351 345
479 473
434 479
434 479
178 223
473 479
261 345
261 306
223 149
95 89
50 83
217 133
5 50
345 351
89 50
217 178
133 217
89 95
50 95
369 314
473 479
479 389
89 95
133 217
473 432
434 479
50 5
223 217
473 479
473 389
363 269
473 479
473 479
389 434
509 388
95 89
479 389
95 5
178 217
434 479
223 142
217 133
133 217
345 351
133 223
479 389
345 351
351 261
345 351
95 89
479 434
89 95
50 95
351 345
65 17
389 473
473 479
133 178
133 137
5 50
351 345
473 389
223 178
473 466
133 223
473 479
389 479
17 21
497 442
217 178
89 95
178 223
261 306
306 355
50 127
434 479
178 133
261 345
473 479
95 5
133 223
178 217
306 351
89 5
434 473
306 351
5 73
306 317
89 0
50 95
479 434
133 178
351 345
426 505
95 89
50 95
223 133
261 345
479 434
473 389
178 223
434 436
306 289
95 50
133 223
345 306
50 45
345 261
50 34
276 264
261 336
133 178
389 479
261 306
473 479
89 95
89 95
133 223
345 351
404 448
389 431
303 354
89 95
306 351
223 217
89 95
351 327
473 479
217 223
95 89
351 306
479 389
389 479
50 5
351 345
261 336
448 404
178 133
473 479
223 178
479 440
479 473
473 479
50 95
306 261
351 306
434 479
261 329
223 217
261 351
89 95
50 95
351 261
89 95
217 223
345 261
50 89
434 473
95 5
434 479
89 50
306 368
345 351
133 178
345 351
345 306
223 151
223 233
473 434
217 133
345 351
89 95
479 434
345 351
434 479
223 217
307 298
217 133
5 50
473 479
473 479
50 84
273 266
178 133
473 432
306 369
479 434
306 351
217 178
389 479
261 345
479 473
50 10
306 261
351 345
95 89
89 5
345 306
351 345
306 261
133 217
345 351
50 89
261 306
133 223
261 373
95 89
473 479
261 345
50 117
351 345
434 388
178 198
401 467
89 50
473 479
479 389
434 479
389 434
389 434
389 479
217 223
223 148
345 261
89 95
479 434
473 434
345 261
217 223
389 479
261 351
178 223
89 95
434 467
95 50
58 79
479 389
191 248
389 479
473 479
345 306
345 371
50 95
479 398
351 345
95 89
345 261
133 223
89 95
133 178
133 223
351 345
276 320
261 351
306 261
119 123
95 20
351 345
133 217
217 223
345 306
345 351
479 434
389 479
261 351
223 217
217 223
434 479
50 95
389 479
5 95
217 223
345 351
473 479
217 133
351 261
389 434
435 436
50 95
351 345
261 345
434 389
5 95
345 306
479 473
5 95
89 83
196 142
339 335
217 223
178 223
217 178
509 393
434 389
479 403
50 5
389 479
306 351
178 223
178 145
89 50
306 351
389 479
133 223
389 473
261 351
389 479
306 321
447 480
89 95
398 465
89 95
345 261
306 261
479 473
89 95
261 351
345 351
345 261
50 95
345 261
133 178
261 351
306 261
473 479
345 351
479 434
5 95
89 95
473 434
306 345
351 345
306 351
133 223
50 95
398 467
473 479
89 5
306 345
345 351
351 261
50 39
261 345
473 479
389 473
217 223
479 473
223 133
261 351
345 351
89 50
89 68
178 217
223 217
345 261
178 223
223 217
306 351
261 345
473 479
169 182
178 223
50 93
89 5
473 389
479 473
306 351
89 95
50 107
440 389
217 223
438 434
178 146
306 345
473 479
345 351
479 473
345 261
133 217
351 306
351 261
143 211
145 249
223 133
223 217
356 375
89 75
89 95
479 407
473 389
217 223
351 345
89 50
50 95
223 178
480 385
473 479
217 223
473 479
434 479
178 223
377 276
217 223
217 223
306 351
473 479
5 73
306 350
310 313
50 118
491 397
133 178
261 345
178 223
404 448
306 351
479 473
473 479
345 306
89 5
217 178
50 95
473 434
217 222
5 63
473 389
223 217
434 479
389 434
479 473
479 389
345 351
435 447
223 171
89 95
351 345
473 479
217 133
473 434
479 389
50 95
389 473
351 345
434 389
351 306
5 95
143 211
89 81
479 389
473 479
345 351
5 95
5 89
223 178
404 392
217 223
89 5
95 83
253 195
5 95
217 178
479 473
133 175
50 95
95 50
473 479
389 431
306 345
447 504
345 306
89 5
42 111
389 416
473 434
434 479
351 261
217 223
5 95
223 217
261 351
228 247
351 306
479 473
95 50
217 223
5 89
261 306
261 345
473 434
223 145
95 71
223 133
5 89
389 479
178 223
351 306
89 50
479 473
351 270
306 351
261 306
389 479
434 473
473 389
217 223
434 479
351 345
217 133
223 178
133 217
50 5
435 393
95 5
473 389
178 223
50 5
351 306
389 479
306 351
223 217
434 389
223 217
89 95
148 136
473 479
306 301
479 473
178 223
465 426
473 434
298 307
497 442
479 494
89 95
89 43
239 198
50 5
141 192
511 434
223 217
133 178
178 223
306 262
5 47
223 217
89 95
178 133
345 306
345 351
5 50
50 95
223 217
133 201
133 217
434 479
345 306
345 351
351 345
261 351
306 351
51 63
356 270
178 217
217 223
217 223
178 223
89 83
217 223
64 84
5 95
89 53
249 172
223 178
223 217
223 217
50 95
345 351
145 223
50 95
473 479
473 434
351 306
261 372
223 217
297 382
345 261
223 217
479 473
89 50
473 388
217 178
261 351
345 351
345 351
479 473
351 261
95 89
217 223
5 95
351 261
217 210
178 223
89 122
404 392
434 479
345 351
133 217
389 434
261 345
133 217
434 479
473 479
351 345
345 351
217 223
261 351
89 95
389 479
473 389
178 223
89 50
345 351
345 351
95 50
479 473
345 347
261 338
223 217
345 351
434 479
217 133
467 490
345 261
351 371
5 73
241 186
345 351
449 467
473 479
95 89
95 14
217 139
5 95
89 95
81 5
479 389
50 95
89 50
178 223
50 16
345 351
89 50
217 178
133 217
223 217
306 261
345 351
217 223
162 235
5 89
89 95
133 223
89 95
473 479
473 389
95 14
95 26
351 345
5 47
223 178
473 479
351 261
479 473
153 249
261 345
196 143
399 467
50 113
306 358
306 345
345 327
50 95
351 261
5 95
50 47
389 479
217 178
473 479
345 306
95 5
50 95
336 306
95 71
434 479
425 426
389 434
95 89
434 457
217 223
473 479
479 473
261 351
205 223
389 457
50 95
356 375
306 345
178 223
345 351
100 119
479 461
223 229
50 95
351 345
68 15
434 479
223 133
25 106
5 89
306 261
351 345
178 217
223 217
473 389
399 467
351 306
133 166
473 389
133 223
479 398
261 351
463 447
50 95
345 351
261 345
261 345
5 48
345 351
50 5
217 223
95 89
223 217
345 351
223 217
261 333
345 351
89 95
337 298
5 50
479 434
133 223
223 217
345 306
345 261
345 261
89 95
351 306
217 223
351 274
401 417
178 223
133 178
223 133
261 351
351 345
389 479
306 261
89 50
480 494
473 434
133 178
223 151
217 223
473 389
5 50
473 446
434 479
479 389
89 5
473 479
389 479
434 506
217 178
389 434
178 223
95 89
434 481
434 479
473 479
217 178
345 261
306 351
345 274
223 133
473 389
50 99
5 50
306 351
345 351
473 479
479 473
50 95
145 219
389 431
217 176
64 94
95 50
261 351
473 479
178 177
217 223
306 317
389 479
95 50
178 217
473 479
479 473
473 479
261 351
89 50
261 306
186 187
497 442
5 95
5 95
473 479
5 95
434 488
95 89
345 351
479 407
351 345
473 479
479 389
389 434
473 479
50 39
473 479
50 95
217 223
89 50
217 232
345 351
133 204
345 351
223 151
261 329
479 389
217 223
351 345
178 223
473 389
306 351
479 398
95 89
351 306
95 50
50 5
121 96
95 5
133 223
89 95
306 351
95 89
345 306
95 5
434 389
351 261
479 473
217 178
306 351
479 434
246 141
133 178
89 95
217 204
223 133
217 133
20 64
434 455
95 50
89 50
345 351
5 95
345 261
345 351
5 95
345 351
5 95
50 95
479 473
217 178
479 473
434 473
95 50
345 306
261 351
425 499
345 351
434 479
306 351
50 95
351 345
261 345
345 351
306 351
306 347
5 92
148 136
473 479
351 345
473 479
389 479
95 89
50 5
50 89
5 89
306 345
431 389
479 473
133 217
223 217
5 50
142 209
89 50
389 473
473 389
389 473
389 473
5 89
178 223
178 212
169 222
479 473
352 335
479 444
178 217
217 178
89 50
345 261
306 351
473 479
89 95
50 122
345 351
434 479
223 217
133 178
479 434
217 223
50 95
95 89
223 217
95 50
178 133
473 479
434 479
389 479
389 479
306 345
95 89
89 5
169 219
217 178
95 5
479 434
497 442
50 95
276 377
178 223
186 241
217 223
345 351
133 217
473 479
434 465
345 261
5 73
473 479
434 479
351 306
89 5
434 389
95 5
223 133
434 389
389 479
136 192
479 494
479 389
223 217
345 351
175 133
178 133
434 389
133 223
89 20
306 261
133 217
89 95
133 217
95 89
345 351
95 50
345 306
306 351
178 133
5 89
479 389
217 223
473 434
133 178
271 290
306 373
133 178
217 223
389 404
479 434
479 473
50 89
389 479
5 50
133 209
89 95
479 473
217 133
178 223
133 223
479 473
95 89
434 479
473 479
217 148
434 479
306 351
5 95
473 479
89 95
479 473
223 178
89 5
95 89
89 95
95 5
479 389
434 479
5 95
351 270
479 389
133 223
261 351
491 397
473 479
223 217
95 93
89 95
434 431
133 223
479 473
473 434
50 5
307 319
351 345
479 473
50 89
253 179
133 178
479 389
178 217
345 351
389 434
261 270
217 223
133 217
473 434
345 306
261 351
178 217
217 223
306 261
217 223
351 345
473 423
178 223
224 141
223 217
334 345
345 351
351 345
490 454
178 223
217 223
473 389
473 479
89 95
178 212
345 260
217 223
217 209
306 345
273 351
351 306
297 326
249 133
479 434
389 434
389 479
95 74
389 479
253 227
306 314
261 306
351 261
133 217
64 94
473 479
89 95
434 500
217 223
434 479
473 479
5 50
223 133
351 345
50 5
479 407
351 345
133 223
41 68
306 345
306 345
479 389
351 306
133 134
389 479
389 479
223 145
89 30
5 95
64 11
217 223
50 95
351 333
473 479
89 50
356 270
217 193
434 389
261 351
223 178
479 389
14 81
95 89
351 379
351 345
351 306
473 479
223 251
473 479
345 261
5 95
133 223
217 223
467 403
241 186
389 473
89 95
345 351
261 329
479 389
345 351
345 351
351 261
50 95
5 95
223 178
89 95
261 345
136 224
345 351
95 5
389 434
261 306
261 306
434 479
223 151
479 434
95 23
345 351
473 389
389 434
95 14
223 133
223 133
217 133
5 95
351 279
223 217
178 223
50 95
133 178
288 330
5 73
261 349
178 223
463 464
351 261
133 217
351 345
89 95
89 95
480 485
89 94
473 414
479 434
217 223
479 389
5 95
434 479
503 392
223 217
50 95
50 95
306 351
261 351
50 71
345 351
145 202
377 375
217 178
473 485
434 473
50 95
381 341
89 95
5 50
473 479
345 261
389 434
306 351
479 407
178 223
351 375
389 479
89 50
178 170
479 473
345 351
217 223
50 95
473 479
95 89
261 351
345 306
389 473
434 473
479 473
50 89
223 217
345 351
50 89
178 223
217 223
89 5
5 89
345 260
345 351
42 94
345 261
434 473
345 261
345 351
479 389
351 261
473 479
261 351
133 223
178 133
50 89
95 89
95 89
89 95
389 457
473 479
261 306
261 351
434 389
5 95
223 178
223 217
473 479
217 178
89 95
339 335
223 217
351 319
223 217
133 176
217 223
223 133
473 479
351 261
478 480
217 223
95 50
261 351
217 178
223 217
351 261
95 50
95 89
133 175
389 434
345 306
217 223
261 306
133 223
178 138
217 178
58 79
217 223
261 287
479 473
479 434
178 223
89 50
306 261
464 389
479 473
434 479
479 407
50 95
345 351
50 95
178 253
217 164
133 178
261 329
217 178
345 261
89 95
434 479
217 223
209 228
178 217
306 351
345 351
89 95
50 89
178 223
473 479
113 51
133 217
473 389
473 389
99 64
95 5
133 223
389 473
217 223
217 223
479 407
217 223
345 375
473 479
345 261
95 89
306 351
261 306
306 351
351 270
345 261
95 5
217 223
217 133
479 434
306 351
89 95
89 50
306 358
389 479
217 223
389 434
217 178
345 351
389 479
50 95
89 50
434 479
217 223
95 89
434 473
217 223
133 217
479 480
261 306
20 121
5 95
217 133
345 306
351 261
434 479
5 73
434 479
473 479
178 217
133 178
223 217
345 351
50 118
345 306
89 95
351 261
95 14
306 351
351 320
217 223
345 348
351 345
351 345
95 50
223 178
434 479
95 89
145 139
223 204
5 95
434 479
178 217
479 434
473 479
351 306
217 223
473 479
95 50
345 261
345 351
95 50
345 306
345 306
351 345
5 73
50 106
5 95
223 133
389 479
345 307
89 95
223 217
473 389
223 211
178 223
217 223
15 83
345 351
345 306
217 133
223 133
95 94
473 479
351 306
223 191
178 229
5 95
434 479
217 223
89 95
479 389
479 457
491 397
389 479
223 251
345 351
133 136
345 351
351 306
95 74
473 389
223 142
50 95
5 50
217 178
434 479
133 217
133 217
319 351
223 217
345 306
95 5
50 5
178 223
345 351
217 223
50 17
89 5
119 99
5 77
5 29
447 480
50 89
351 261
345 351
351 306
5 95
89 95
345 351
479 473
178 217
251 247
133 223
399 467
5 89
95 5
306 351
345 351
434 479
217 223
389 434
223 151
473 389
434 473
306 313
196 143
50 5
89 50
306 351
434 479
389 479
217 229
223 217
473 479
95 50
434 479
133 217
133 223
160 202
5 95
261 306
389 479
345 306
261 345
261 351
95 50
351 264
96 116
133 223
50 95
434 389
217 223
345 351
473 479
351 306
479 473
473 434
351 306
351 345
50 95
261 351
473 479
434 479
473 479
306 351
217 223
89 95
63 68
223 133
50 5
345 351
502 449
434 477
68 15
479 434
89 95
389 479
249 212
42 51
351 345
345 351
50 84
133 178
261 329
473 479
479 389
473 389
434 479
261 306
351 345
64 81
217 235
261 345
217 223
434 479
89 95
351 264
133 178
473 479
223 178
351 270
261 345
89 95
42 51
345 306
5 89
479 434
479 473
133 217
270 335
133 223
345 351
473 389
89 54
479 389
434 467
473 402
133 223
389 479
223 178
89 5
351 275
261 306
178 217
133 175
223 178
434 479
345 306
434 498
223 237
479 389
178 223
15 34
465 426
345 261
389 479
178 223
95 5
351 261
50 89
473 389
307 278
434 418
133 223
479 407
170 179
178 217
5 95
307 335
50 68
345 351
389 434
41 48
133 217
217 188
89 95
89 95
89 5
389 473
290 321
95 89
261 345
434 479
133 223
345 306
50 95
178 223
479 473
473 479
95 89
95 8
178 223
351 266
261 351
64 26
273 335
217 252
89 5
133 223
178 217
95 10
217 133
345 261
351 345
196 143
434 479
50 5
345 351
133 223
434 479
148 136
89 57
503 404
339 271
125 11
261 339
217 223
345 351
13 107
51 21
479 389
306 324
89 95
95 50
192 211
473 479
133 217
217 133
434 473
50 95
5 95
345 306
133 217
261 306
95 5
473 434
89 95
345 306
95 89
473 429
217 223
351 345
351 345
217 223
133 175
50 95
223 217
261 369
178 217
261 351
261 351
434 479
89 5
306 351
473 479
389 467
178 145
50 95
223 217
434 479
261 356
89 95
321 355
479 467
345 306
399 463
306 261
89 95
89 95
345 331
351 345
217 223
89 95
473 498
345 351
261 303
345 306
217 133
50 75
89 95
306 351
5 89
95 50
473 389
473 389
479 473
178 217
223 217
83 15
178 223
223 133
351 333
178 223
217 223
133 223
473 479
345 261
223 149
351 261
345 351
479 473
95 89
217 175
426 478
217 178
5 89
192 214
434 479
133 223
247 251
95 89
434 389
261 345
473 479
507 503
217 223
306 351
345 306
261 321
345 327
306 351
261 306
345 351
217 178
89 95
345 306
89 95
389 434
261 306
5 50
5 50
434 479
345 306
50 118
479 473
217 223
178 223
351 345
133 223
5 50
89 5
133 201
217 223
50 95
133 142
178 223
473 479
223 217
381 334
351 334
434 479
479 473
465 426
50 89
217 223
223 217
473 479
50 95
178 217
434 463
107 13
345 306
95 25
89 95
306 351
50 89
223 178
223 217
345 351
89 50
479 434
5 95
133 223
306 345
351 306
95 89
434 479
223 217
64 50
50 95
389 473
351 345
223 178
345 351
345 306
319 335
484 398
223 217
223 227
42 51
473 434
306 351
169 198
363 335
50 89
223 133
345 351
479 389
479 473
306 261
438 423
95 5
351 345
389 434
473 479
5 73
89 95
217 223
5 95
217 223
473 479
217 223
178 217
223 217
479 389
345 261
95 89
118 42
261 351
57 50
345 351
50 17
89 95
479 473
99 47
306 351
351 345
223 217
223 133
217 223
389 479
50 89
5 50
217 223
351 306
261 351
351 279
217 178
178 223
448 397
479 434
479 473
473 479
178 217
306 279
178 133
473 479
169 137
345 351
95 5
345 351
345 324
479 473
95 5
306 351
389 418
89 114
89 95
133 223
351 345
351 261
479 473
217 224
261 340
89 5
479 473
479 511
223 217
224 232
95 89
345 351
223 217
351 306
473 389
473 479
133 178
95 50
345 351
5 95
50 95
306 351
345 351
345 351
50 95
95 89
351 306
217 223
479 397
479 434
133 223
345 351
217 223
5 89
224 191
50 5
217 176
345 261
89 119
217 223
276 320
345 351
306 268
50 89
217 133
182 180
389 473
261 351
434 479
50 95
473 479
345 272
89 92
50 95
276 320
247 227
351 306
389 473
389 418
223 178
178 217
5 95
95 89
351 345
434 389
473 479
5 95
50 95
345 351
473 434
217 223
351 345
434 497
389 473
479 506
479 389
434 479
306 345
473 479
133 250
261 355
261 351
89 5
473 434
306 261
223 178
223 142
89 95
345 351
5 95
217 223
95 89
261 351
89 50
351 345
345 351
345 351
178 223
95 89
479 473
217 223
217 178
261 345
350 330
261 351
479 434
89 95
5 95
217 133
89 95
50 41
351 345
217 223
89 95
133 217
178 223
261 351
473 479
169 207
5 95
249 240
50 58
345 351
133 178
473 479
389 473
345 351
217 133
351 345
95 5
89 50
351 261
89 95
345 261
217 223
223 207
473 479
151 223
133 223
479 389
95 5
223 217
95 89
133 175
89 95
473 479
223 217
351 306
351 294
89 95
473 479
351 306
89 95
306 351
5 95
133 223
306 261
479 473
217 223
434 389
133 223
223 205
434 479
351 345
133 178
345 261
345 351
345 351
89 95
5 95
434 430
5 95
479 407
389 479
89 95
89 50
351 345
217 178
473 479
351 261
345 306
89 47
217 223
95 89
479 473
434 389
133 178
14 81
306 261
89 5
473 434
178 217
5 95
95 50
479 473
261 351
223 133
261 306
351 270
89 50
5 89
95 89
351 310
479 434
345 351
261 351
389 479
226 145
261 345
351 306
434 479
434 479
389 473
345 366
389 479
89 95
223 217
473 479
125 113
178 223
473 466
50 5
345 351
179 223
345 369
261 351
351 345
217 223
509 389
89 95
107 51
50 95
178 133
178 223
479 398
178 195
389 479
306 345
89 95
465 432
50 95
479 473
478 454
95 89
223 217
345 371
261 351
178 217
261 345
351 345
434 479
178 129
50 95
473 434
345 351
217 223
261 351
14 95
479 398
261 345
351 373
479 447
226 179
261 345
350 266
306 345
473 479
217 223
351 345
345 351
434 401
89 95
479 398
351 286
133 223
89 95
484 398
473 479
351 345
133 223
89 50
223 133
178 223
345 261
479 389
223 151
217 223
345 379
5 120
253 133
473 479
50 95
217 223
473 434
5 89
351 345
306 351
223 142
178 192
5 95
479 473
389 479
89 85
89 95
217 223
389 457
50 89
389 459
351 327
306 261
217 133
306 351
345 261
217 178
261 345
350 284
479 407
473 479
369 314
133 217
479 473
209 192
223 133
261 351
223 133
95 5
389 501
345 351
473 479
479 398
178 133
351 345
178 160
217 223
306 345
223 217
133 217
473 479
345 351
434 479
89 5
5 95
217 223
178 223
389 434
217 133
434 460
223 217
217 223
389 473
434 418
143 207
89 50
479 473
473 479
434 422
261 351
261 351
178 217
95 89
473 434
50 10
217 223
133 217
306 270
95 89
261 345
271 339
223 178
178 223
5 50
345 351
133 217
133 223
434 389
345 351
473 389
178 177
389 479
435 394
351 345
95 89
345 261
5 89
217 170
261 351
345 351
89 95
5 50
479 434
434 479
217 178
133 223
345 351
133 217
125 70
389 473
133 178
509 392
345 310
465 426
306 351
217 133
178 223
479 473
133 151
473 479
473 434
351 279
389 434
306 351
223 133
50 77
89 95
389 431
345 335
434 468
95 50
223 178
306 261
5 89
50 95
217 223
223 178
50 5
351 306
479 473
479 473
434 389
306 351
89 95
345 351
223 133
351 345
434 473
5 89
178 168
89 95
434 479
434 479
306 345
434 511
50 95
133 223
5 95
5 63
89 117
345 351
217 223
217 178
479 473
217 223
276 264
306 345
217 223
345 351
89 50
389 479
217 223
223 185
95 89
178 223
89 95
89 50
223 211
434 467
143 151
223 217
345 261
306 345
261 351
133 201
434 479
389 479
217 223
133 176
345 351
434 479
306 351
223 217
217 178
5 50
306 261
178 223
133 178
345 351
178 246
434 479
310 376
345 351
473 479
479 389
261 351
223 199
473 479
351 306
217 223
249 148
473 389
479 473
473 479
95 89
261 351
306 297
345 351
217 178
50 81
50 95
223 133
133 217
95 89
473 479
389 457
5 95
223 217
217 223
95 5
434 435
479 407
95 92
223 250
133 199
345 306
178 223
306 345
217 178
217 223
351 345
89 95
479 434
306 351
223 178
50 89
429 473
479 473
473 389
473 434
223 133
95 50
261 351
351 306
95 73
5 47
95 5
89 95
178 133
95 89
50 126
223 133
345 351
133 223
306 261
479 398
345 306
207 217
306 295
95 89
306 345
473 434
5 95
261 345
223 178
89 95
217 178
473 479
89 95
306 345
89 95
79 83
345 351
389 479
89 50
345 351
148 136
95 89
95 89
95 5
89 95
223 178
223 217
351 261
50 95
473 456
223 178
50 95
345 338
133 234
95 89
5 73
217 133
95 5
89 5
50 95
133 178
95 5
89 95
51 18
479 473
351 345
479 473
351 345
89 95
223 217
261 332
473 479
5 95
399 467
389 434
95 89
178 217
345 351
479 434
223 217
95 50
178 150
345 351
217 223
178 217
223 217
345 261
95 89
473 434
473 479
89 50
473 479
133 178
89 95
473 389
479 473
217 223
95 5
306 351
434 479
345 351
89 95
217 248
178 223
95 89
404 448
345 261
95 50
431 473
133 223
133 223
95 50
389 479
89 95
50 89
89 5
306 345
479 473
89 50
389 465
479 434
345 306
473 479
261 303
95 89
223 217
473 479
133 182
223 178
89 116
261 351
192 164
5 95
503 507
217 223
306 345
223 133
473 389
351 261
440 389
253 145
95 89
457 389
89 95
217 223
50 109
89 95
133 223
306 321
434 479
479 473
345 351
261 351
345 306
479 398
473 479
389 479
193 211
434 479
50 89
479 473
50 95
95 89
473 479
351 279
473 416
223 189
479 473
473 389
479 473
351 350
133 217
404 392
217 133
306 261
434 479
389 431
351 261
89 50
5 50
95 89
223 147
351 345
133 178
306 351
178 168
178 217
473 427
133 223
133 178
217 178
473 479
141 209
473 494
217 133
89 95
473 479
89 41
351 306
89 50
223 217
95 89
50 95
351 345
351 261
50 95
434 479
89 50
217 223
95 89
479 473
306 351
389 426
50 95
178 223
89 50
351 274
276 261
207 174
473 479
389 473
95 5
377 357
345 351
345 306
178 223
261 351
217 223
434 389
351 306
223 217
351 345
50 60
479 473
389 434
473 479
345 351
217 178
261 306
5 45
89 95
170 179
223 133
434 479
50 95
473 479
345 351
178 223
479 473
345 306
178 223
306 345
473 434
345 351
345 306
133 223
306 351
389 473
479 401
345 351
89 50
345 351
89 95
95 50
50 74
261 306
89 5
178 145
271 290
217 178
479 473
95 89
306 351
425 466
96 28
386 480
241 202
178 223
473 434
473 389
89 5
95 5
306 345
261 351
223 217
306 345
480 505
473 389
345 351
345 351
261 351
389 479
389 473
133 178
217 223
389 434
261 306
389 479
179 164
217 178
223 142
473 434
5 95
95 50
479 473
95 23
479 473
261 351
95 5
95 89
95 50
306 351
298 321
192 162
351 345
473 479
95 50
95 89
479 473
261 337
178 223
89 2
479 473
95 5
89 95
217 223
5 89
50 89
351 345
473 479
479 389
345 261
223 217
479 434
14 81
345 351
50 47
377 322
133 178
89 95
261 345
473 434
448 467
479 434
473 479
345 351
217 178
473 479
479 398
479 473
5 95
5 95
5 95
5 73
345 306
273 281
223 133
50 89
351 306
89 95
306 301
89 95
133 223
15 79
397 491
473 479
178 223
261 306
319 376
389 479
253 240
89 109
89 50
479 473
89 5
479 473
434 473
473 434
89 95
261 306
89 109
217 223
89 95
345 303
261 345
178 223
434 479
345 261
223 142
473 434
345 261
217 223
345 351
479 389
479 389
217 223
5 50
178 211
178 217
345 261
479 473
223 217
5 77
345 351
223 217
261 351
351 345
89 50
447 480
95 5
223 178
261 306
223 145
479 401
351 261
217 223
50 5
89 5
178 223
434 473
473 434
479 473
261 321
133 201
217 178
389 473
223 178
89 95
89 95
448 509
345 351
306 261
425 446
398 465
223 217
351 261
5 95
217 133
95 89
50 95
261 351
345 351
89 95
345 351
306 351
133 217
473 389
479 473
89 95
345 306
95 89
505 391
133 217
261 351
261 306
351 345
473 389
223 194
261 351
434 479
133 246
306 261
5 73
345 351
479 389
50 52
473 434
345 306
5 89
95 50
306 261
178 223
306 351
306 351
473 389
89 21
401 429
473 434
95 71
306 351
178 223
273 306
217 223
223 153
473 479
434 389
50 95
434 389
95 50
279 345
306 351
142 207
217 178
479 473
223 178
51 16
178 133
217 223
5 79
473 389
479 434
95 5
389 473
178 223
473 479
89 95
95 14
217 178
261 345
473 479
89 95
223 217
261 351
95 5
473 415
306 351
95 50
345 351
351 345
261 306
306 351
5 89
473 479
95 5
217 223
5 95
217 178
178 217
133 217
479 473
64 70
389 434
178 223
345 297
249 169
351 331
