512 10000
479 389
50 5
345 306
306 261
473 479
142 209
89 95
479 389
261 306
89 50
5 95
178 223
389 463
306 259
389 479
223 217
351 261
95 23
473 479
50 89
5 95
50 95
345 261
95 5
178 223
223 178
345 306
217 223
223 217
473 479
217 133
473 437
473 479
434 479
223 217
389 467
473 479
133 217
95 91
133 223
434 479
473 434
306 351
351 270
133 223
479 473
399 418
178 223
351 261
351 306
223 133
217 244
223 213
89 95
389 479
351 261
351 306
178 223
479 407
42 98
479 473
345 351
209 192
479 398
479 473
473 434
89 95
50 95
434 397
351 261
50 89
473 479
351 261
95 89
473 434
473 479
389 452
261 351
306 351
479 473
89 50
345 311
95 50
434 479
217 223
351 261
483 413
5 50
345 261
389 434
217 178
473 438
345 351
473 434
178 223
473 479
178 217
50 38
223 146
473 434
50 89
217 178
50 95
389 479
223 178
434 473
217 230
178 223
345 351
94 64
5 89
479 473
345 351
434 479
505 404
345 310
473 479
473 434
473 389
345 351
473 479
217 223
223 194
434 479
133 223
434 389
89 50
389 457
223 217
345 351
5 50
306 345
175 179
479 389
217 223
473 389
217 133
351 345
178 166
95 5
434 479
351 345
473 479
178 144
479 473
50 5
479 389
473 479
5 73
95 5
217 194
389 431
434 389
261 345
261 303
95 5
217 223
95 50
178 223
95 50
261 363
351 261
217 223
434 389
89 123
178 204
217 223
306 261
434 389
473 389
473 479
351 306
217 223
133 223
217 223
89 95
345 351
479 429
95 50
351 261
351 345
50 89
479 434
217 178
351 345
345 351
307 356
50 38
223 178
223 151
479 389
351 261
5 50
217 178
89 95
448 503
389 434
95 30
50 95
191 166
178 175
178 223
217 223
50 5
217 223
345 306
217 223
217 223
345 261
5 95
89 95
473 434
50 95
345 351
473 434
95 89
50 95
345 351
142 162
217 223
351 261
217 223
95 50
217 133
133 136
345 351
473 434
389 479
192 141
434 473
434 473
473 385
261 351
478 459
89 95
223 133
217 223
5 95
345 351
389 431
306 261
89 95
319 376
223 217
191 248
351 345
261 310
133 246
479 389
223 217
178 223
217 133
178 147
479 473
261 351
434 473
223 217
89 95
178 223
217 169
356 375
261 351
473 479
434 473
133 217
479 473
178 223
178 196
217 247
389 479
434 473
178 223
399 467
351 306
50 95
217 223
95 50
473 479
89 95
351 279
473 389
89 95
345 306
261 351
223 217
479 389
479 398
351 281
95 14
479 473
473 389
497 442
95 89
133 217
89 95
217 223
178 213
217 223
345 351
223 133
389 473
345 351
434 499
389 425
404 448
345 371
20 8
89 95
351 345
133 201
133 217
389 479
479 457
95 5
217 223
241 186
473 461
261 266
223 178
261 345
473 479
306 351
95 89
351 336
351 345
223 217
345 351
50 95
434 479
434 479
345 306
89 50
473 414
448 467
217 223
178 217
95 5
306 298
133 175
133 178
133 178
261 351
389 434
351 261
217 223
434 479
351 345
345 351
351 345
249 228
89 5
89 95
223 217
133 202
223 217
479 389
351 270
389 457
89 95
434 479
95 89
261 345
217 223
483 467
133 185
434 479
479 473
50 95
89 95
223 224
351 345
95 89
479 473
345 340
89 5
473 434
351 306
89 95
95 5
306 351
95 50
345 351
89 95
345 351
479 473
223 217
473 479
505 395
306 350
434 398
50 89
479 434
223 151
133 193
479 473
479 480
345 260
64 13
178 212
473 479
178 161
178 136
351 306
345 351
389 434
217 223
89 95
89 5
345 306
217 223
223 178
89 97
351 345
223 151
50 95
217 223
133 201
261 351
404 392
261 351
208 223
217 178
217 223
133 223
217 223
178 201
479 434
81 79
217 178
95 50
133 223
5 95
217 133
95 89
89 95
271 335
223 217
479 473
319 335
89 59
217 223
178 133
5 81
95 89
306 351
473 389
389 392
50 36
50 95
5 95
389 479
5 95
509 485
479 414
261 306
473 389
473 479
434 479
50 95
89 95
223 217
223 151
95 89
223 217
5 95
223 217
479 473
64 106
479 434
479 473
479 473
133 223
217 223
374 321
5 95
473 479
228 247
351 345
217 178
89 50
473 479
228 247
5 50
389 478
434 479
89 50
389 479
434 479
89 95
217 178
178 133
345 351
473 389
50 54
50 95
389 434
143 151
63 96
306 351
389 431
89 5
89 95
228 247
50 95
261 351
89 5
223 142
351 345
223 133
473 434
389 434
351 306
143 162
223 178
223 178
95 5
434 389
261 306
5 95
479 473
434 479
389 479
217 223
178 223
169 196
434 473
89 50
306 351
389 479
479 434
351 345
473 434
178 223
389 479
89 95
192 211
473 507
5 50
5 95
17 34
434 479
345 351
95 89
133 178
345 306
467 490
50 95
133 201
351 261
473 479
50 95
479 434
351 270
434 473
133 217
320 298
89 95
389 438
479 389
389 434
345 261
351 345
217 223
389 479
50 95
505 470
50 89
178 217
306 345
306 345
389 479
50 95
50 89
95 89
89 50
133 217
178 133
95 89
306 351
223 217
473 438
217 223
223 142
479 434
473 479
50 89
89 95
389 479
351 270
345 306
473 479
306 351
50 94
479 473
389 479
133 223
217 178
389 473
89 95
178 246
261 351
133 217
261 345
261 351
351 345
95 89
89 95
223 178
479 389
345 351
89 5
95 89
434 389
63 83
217 178
345 351
223 217
217 223
306 351
261 345
306 351
160 202
306 351
345 261
89 95
50 95
217 133
223 184
95 50
479 389
89 95
434 479
434 473
50 95
89 5
89 76
479 434
261 303
479 389
223 133
178 147
345 351
228 247
191 224
223 133
473 389
345 351
261 345
207 224
95 14
473 479
377 276
345 351
217 133
95 5
345 351
217 223
351 261
473 479
5 50
306 345
345 351
217 178
133 223
223 133
50 79
133 223
434 389
217 223
261 351
5 95
473 479
223 217
351 306
303 276
95 5
434 389
223 133
345 351
223 207
306 345
222 240
133 178
133 223
95 5
95 5
223 217
345 351
217 223
351 336
5 95
345 261
351 261
351 345
350 331
223 217
95 89
95 14
50 89
41 93
404 448
389 479
145 208
351 306
345 351
133 217
5 89
479 407
5 89
5 89
5 38
345 261
345 339
473 389
133 223
95 5
434 473
479 434
217 178
89 5
50 95
89 95
351 270
223 217
217 223
223 178
473 479
95 23
345 351
169 229
143 211
217 223
95 89
50 95
345 351
20 8
133 217
479 447
261 306
133 217
95 89
133 223
223 217
261 351
351 261
217 178
178 223
306 322
281 335
306 366
345 351
89 95
306 324
351 345
89 95
434 479
479 389
345 351
89 50
178 223
473 389
473 479
479 434
473 479
351 270
389 431
217 178
223 133
261 306
473 479
89 95
95 89
261 320
473 389
345 351
5 95
389 431
473 444
95 23
261 319
351 345
306 345
50 116
376 319
89 5
136 192
95 89
479 389
389 434
133 191
133 223
89 95
133 217
261 306
178 166
350 352
478 458
345 306
434 479
217 223
479 398
306 345
95 5
89 50
448 392
89 95
306 345
50 99
297 256
345 261
89 95
351 279
306 345
217 223
425 450
351 306
473 479
217 223
389 398
434 473
217 178
351 345
95 5
217 178
5 89
473 478
473 389
247 251
306 351
217 223
89 95
389 431
133 217
223 151
178 217
345 261
351 306
473 389
345 261
351 298
95 50
374 269
479 473
133 217
5 50
473 479
345 351
345 261
306 345
434 476
473 479
191 248
178 133
479 473
389 479
479 473
389 479
223 217
58 75
473 479
223 148
345 351
389 468
217 246
95 89
95 89
351 261
345 306
50 95
389 473
50 95
261 345
50 5
95 89
298 307
5 95
95 89
5 119
306 261
479 434
217 178
95 89
306 381
95 14
473 479
89 95
133 223
389 457
306 351
223 133
89 95
89 5
392 467
434 479
473 479
95 89
479 389
351 345
261 351
434 479
345 306
479 473
133 178
217 147
223 217
178 217
438 434
473 434
89 95
434 389
345 306
434 473
351 345
89 95
473 479
389 479
223 217
345 351
227 159
95 5
473 414
170 179
95 5
473 479
473 479
306 261
389 473
217 223
473 434
217 166
473 479
389 464
95 50
223 133
89 95
217 225
89 95
95 5
389 479
217 223
401 479
434 479
261 379
389 434
95 5
223 178
306 295
345 306
95 89
5 95
125 126
50 82
479 473
345 258
95 89
306 351
389 434
95 82
281 362
345 306
223 217
479 434
89 95
351 322
479 389
223 217
133 201
178 223
473 479
223 211
118 42
217 223
89 95
133 223
95 50
178 223
89 5
133 223
473 499
473 389
345 351
389 479
306 261
89 95
223 133
192 211
269 320
223 253
434 473
50 95
473 491
345 351
306 261
473 479
178 223
133 223
479 389
178 223
351 279
434 473
306 351
434 457
306 345
5 89
217 178
5 95
434 479
89 50
473 479
389 479
133 175
50 95
473 479
389 431
133 223
350 281
389 479
217 223
89 95
479 473
100 14
217 133
345 261
434 401
473 479
389 434
473 389
389 398
345 351
261 329
306 261
473 479
351 306
261 345
89 95
223 133
50 95
345 351
345 351
473 477
345 351
473 479
389 482
448 388
217 128
89 95
473 434
345 306
351 306
50 89
5 95
95 89
89 95
479 473
217 178
389 463
369 314
473 434
345 351
178 223
261 301
389 479
389 479
133 217
269 363
389 479
178 217
306 345
351 345
223 217
479 434
351 306
217 160
473 479
351 306
307 257
345 306
94 84
95 50
434 389
217 178
458 473
223 145
345 351
345 351
133 178
306 351
479 473
217 178
345 351
479 473
434 389
133 178
479 389
95 23
389 434
479 434
345 351
261 345
95 5
133 157
473 479
178 223
389 473
473 434
434 479
345 306
473 479
50 91
473 479
473 434
345 351
95 50
473 479
95 14
89 50
473 434
223 178
306 345
89 5
404 392
228 142
345 351
95 122
479 407
351 345
351 261
345 306
479 389
89 95
223 178
351 306
133 217
89 50
261 345
473 479
261 345
345 306
434 479
345 372
355 280
479 398
95 8
223 178
306 351
261 351
345 261
306 351
89 95
5 50
345 351
306 261
89 5
119 123
345 261
345 306
217 178
133 223
478 426
223 217
217 223
434 459
178 173
89 95
50 89
434 473
261 351
389 418
345 366
50 5
178 133
473 479
261 306
389 479
389 434
345 351
434 479
345 379
217 178
41 101
389 434
351 345
345 261
345 351
261 351
133 217
345 351
133 223
479 389
223 178
217 223
473 389
434 479
351 345
479 473
113 58
261 372
306 351
95 89
473 434
50 95
56 5
95 30
261 345
345 351
345 351
5 89
306 351
298 276
345 261
5 95
473 389
479 389
345 351
223 217
223 217
479 389
473 479
270 337
479 473
5 50
95 5
143 211
50 5
178 223
351 261
306 351
178 223
434 459
5 95
223 178
223 133
50 5
473 434
345 351
345 351
178 223
89 50
89 50
178 131
261 351
473 389
345 351
5 89
217 223
389 479
5 95
389 431
434 494
479 473
479 473
479 473
5 50
223 178
89 50
389 473
50 89
434 473
479 434
223 217
89 50
345 351
217 223
89 50
133 223
217 223
196 143
434 479
223 207
306 351
89 50
223 217
89 95
345 306
133 250
271 339
95 89
89 50
89 50
351 306
434 479
310 345
89 95
345 351
178 222
479 389
351 261
389 434
223 178
50 89
351 345
473 479
389 434
50 86
89 95
389 473
261 345
89 95
178 133
111 70
89 95
435 447
223 217
217 223
178 217
351 306
345 351
217 178
217 223
473 479
89 5
217 201
178 133
497 442
50 95
434 479
473 479
133 178
345 351
261 260
345 351
473 479
217 223
50 95
89 95
479 398
434 479
479 398
5 68
434 467
479 407
345 351
479 434
133 223
351 345
217 223
133 223
479 473
223 178
178 223
479 389
345 351
5 89
178 223
178 223
223 178
351 345
223 217
83 106
389 457
5 89
389 434
133 217
217 223
351 306
223 217
345 327
5 95
133 175
473 479
133 178
217 178
223 221
434 479
50 95
89 5
5 50
133 223
89 55
479 473
223 178
95 89
473 434
95 89
133 223
351 345
479 389
473 479
320 334
5 95
345 306
479 398
89 5
217 133
89 95
145 170
95 125
389 434
473 434
484 503
473 479
345 261
473 479
178 223
473 479
351 306
89 5
261 351
89 50
261 345
217 223
297 339
473 429
253 162
261 345
95 50
479 434
223 229
479 398
434 389
95 89
89 95
261 342
345 351
434 479
217 223
345 306
178 223
434 479
95 5
50 93
473 479
223 217
389 479
50 89
351 345
50 89
50 95
345 320
345 351
261 303
479 473
50 95
178 223
473 434
389 429
50 89
223 178
178 133
178 223
217 223
306 261
133 217
473 389
95 89
276 320
261 306
217 223
223 133
89 95
223 171
351 306
473 464
223 217
5 113
434 479
223 217
351 345
351 261
345 351
5 89
95 5
178 133
389 479
178 217
5 89
345 351
50 95
389 473
473 479
223 178
389 479
434 389
345 351
479 473
473 434
50 95
217 223
5 47
223 217
58 113
473 479
223 178
178 223
261 351
434 479
142 162
345 351
345 331
133 223
389 490
306 261
133 223
223 133
89 95
223 217
217 133
95 89
345 351
479 473
217 223
223 217
133 217
95 5
434 473
351 345
434 473
253 226
217 223
351 345
133 223
217 223
473 389
261 351
95 5
351 279
50 95
50 5
95 50
5 95
89 50
389 473
178 223
434 410
223 217
223 178
389 479
5 86
50 95
5 95
95 50
89 95
345 261
223 178
178 223
223 133
133 178
473 479
95 5
217 223
191 248
50 5
5 95
95 89
95 50
89 95
249 207
217 223
479 460
217 133
473 434
345 351
479 473
473 479
345 351
89 95
389 461
65 109
217 178
98 50
178 171
434 389
345 351
223 133
133 217
178 223
261 306
5 50
223 217
227 171
5 89
217 178
89 95
223 217
434 389
223 217
89 95
89 5
89 50
89 95
479 473
473 479
281 362
50 123
217 223
473 479
345 306
306 301
89 95
50 95
345 351
389 434
351 345
89 5
217 205
223 178
351 261
223 217
223 178
178 223
473 479
95 5
68 79
351 345
261 306
434 479
479 473
306 345
434 479
5 47
479 473
133 201
351 306
50 95
223 217
345 351
228 142
217 223
223 178
297 347
133 223
89 10
95 5
351 261
351 261
178 217
345 351
434 479
89 50
434 389
217 225
351 345
89 5
345 351
223 217
207 241
223 217
5 95
178 223
351 261
223 178
473 389
261 351
479 389
50 89
345 351
479 473
351 306
207 224
133 217
191 224
223 217
95 89
473 389
217 223
50 89
5 95
89 76
345 306
473 389
345 351
479 434
95 89
351 306
133 223
217 223
351 306
389 473
434 479
389 479
345 351
217 223
223 217
261 306
351 306
479 473
479 434
351 306
345 351
95 5
261 351
89 5
246 170
389 434
5 58
95 82
351 306
223 217
223 178
217 133
178 133
389 479
389 479
223 217
351 261
170 249
217 178
479 434
434 389
89 95
223 217
351 306
50 95
434 389
306 301
473 479
178 223
351 345
223 151
5 95
99 18
178 133
345 351
178 158
479 434
473 479
50 95
64 121
351 345
223 217
479 434
95 50
345 306
479 434
113 58
389 479
217 178
351 306
473 434
345 351
89 95
473 479
217 223
5 95
50 95
133 217
223 178
479 473
351 345
345 351
223 217
217 178
261 351
345 351
389 473
345 351
389 473
5 57
479 473
479 434
261 351
217 205
306 351
261 345
5 89
509 443
473 479
50 14
95 5
479 398
5 50
223 217
261 351
89 95
473 479
306 351
223 191
217 133
217 178
50 95
473 479
351 345
479 467
133 138
306 351
5 95
434 473
89 95
217 133
314 369
133 178
89 95
351 261
133 178
473 389
217 178
345 306
95 89
95 50
178 145
5 95
89 50
345 351
133 217
345 351
261 351
89 95
473 479
473 479
389 473
345 335
345 351
178 223
434 389
95 89
178 223
479 398
95 50
217 223
473 452
217 133
50 96
217 223
95 89
178 223
89 95
217 223
249 166
89 95
345 351
89 50
94 4
95 116
50 95
217 223
133 223
351 345
133 178
133 217
217 178
434 473
50 95
95 89
356 375
479 434
389 479
50 95
434 384
223 217
95 5
95 89
351 306
89 5
473 429
434 473
89 50
351 345
5 89
89 95
5 89
217 171
178 217
217 223
95 5
479 422
133 217
345 351
89 95
89 5
389 504
473 479
434 479
217 223
389 392
326 298
223 217
261 351
479 473
509 430
479 398
389 473
479 473
223 178
389 431
217 133
473 467
473 479
351 306
345 351
351 261
217 223
345 261
351 261
351 306
345 351
5 47
223 178
178 133
133 178
89 95
345 363
5 89
100 119
95 50
389 473
133 139
389 445
178 223
261 345
99 95
223 217
113 89
473 479
89 50
261 345
306 261
95 50
95 89
298 367
145 249
434 406
223 217
434 479
50 95
143 162
377 269
434 389
473 479
5 95
351 345
261 374
50 89
337 269
261 345
133 223
473 479
389 473
5 50
217 223
95 50
473 479
345 306
345 351
217 249
473 479
351 261
389 479
351 345
89 50
351 345
178 223
473 434
351 345
434 479
178 223
217 178
418 449
261 306
133 178
473 434
473 479
223 178
217 223
133 223
473 479
306 351
17 5
178 223
95 50
271 335
261 351
473 459
434 479
409 490
473 434
434 473
480 429
89 95
223 133
95 89
345 353
5 95
89 95
389 479
95 89
89 95
345 306
389 479
133 170
50 95
479 389
434 499
133 223
223 133
133 223
223 247
351 306
479 473
479 407
50 95
89 50
223 217
345 351
473 479
261 351
223 178
261 351
50 95
217 223
351 261
223 133
389 457
473 479
5 95
89 95
389 479
345 261
5 73
473 479
217 223
178 206
473 479
50 95
64 124
50 5
50 95
118 65
434 479
223 178
217 223
95 5
351 345
148 192
5 95
217 223
320 274
133 178
133 217
133 178
438 434
5 73
217 193
479 473
473 479
473 434
217 223
217 223
389 479
345 351
345 261
5 95
351 345
306 345
306 351
226 145
473 479
473 508
261 306
89 5
345 261
5 89
434 404
306 345
345 334
351 306
479 398
223 178
345 306
89 95
389 402
217 223
397 465
473 434
50 35
89 50
95 50
306 261
404 392
434 473
306 261
95 5
345 351
473 479
473 479
223 217
133 223
89 95
345 351
223 217
217 223
480 448
345 351
261 351
434 479
479 473
89 50
95 5
434 479
261 345
223 217
434 389
479 389
217 178
89 46
223 217
484 398
389 479
389 473
143 211
89 95
95 50
5 89
89 95
178 223
389 473
50 120
223 217
5 50
306 261
217 223
89 95
95 89
217 223
178 223
434 479
345 351
217 211
95 5
95 5
223 217
473 479
351 261
5 47
223 217
351 345
89 50
95 89
178 223
133 217
479 473
345 306
306 261
133 223
434 479
133 217
133 217
345 351
389 431
133 223
133 223
217 146
352 317
473 479
310 326
217 223
389 434
345 306
434 473
434 466
133 217
5 95
178 223
306 261
217 178
89 50
434 490
345 351
178 223
223 217
89 95
389 449
5 89
389 479
95 5
306 351
351 261
178 223
434 479
5 95
345 351
306 261
345 351
351 261
345 351
473 389
50 5
351 373
306 261
473 389
89 95
473 479
217 223
389 434
133 178
351 261
345 261
434 476
133 178
261 306
434 479
377 266
345 351
95 89
89 50
217 223
307 298
434 449
479 434
351 345
345 351
447 435
410 473
351 261
133 170
217 223
479 414
57 5
473 479
228 247
473 479
261 351
186 152
5 95
223 133
345 351
298 326
5 73
193 149
95 89
50 95
5 95
261 329
5 89
473 389
351 292
351 345
217 133
379 261
473 479
89 95
178 223
261 303
95 89
479 434
473 434
217 223
5 95
434 479
345 351
223 217
351 306
306 261
345 351
389 479
178 217
306 351
505 386
89 16
95 89
261 351
89 95
217 223
389 479
223 133
434 479
479 389
345 261
89 95
89 5
50 95
5 50
5 50
434 479
5 50
50 95
447 463
95 50
473 479
402 473
509 467
261 345
50 95
50 89
5 89
217 223
217 210
95 57
479 473
345 351
479 473
223 182
351 345
217 178
448 407
434 387
389 479
133 223
473 479
351 261
434 479
473 389
5 18
217 223
178 217
95 5
89 123
306 299
345 261
434 449
133 217
351 345
50 13
17 119
223 217
447 504
351 279
95 50
351 306
389 479
473 479
479 434
351 345
351 306
479 473
89 5
306 301
307 382
5 68
133 223
473 479
5 14
95 29
434 473
125 70
306 261
345 261
261 345
479 473
178 223
63 96
133 223
306 351
389 479
5 47
479 407
64 112
89 95
95 50
217 148
223 178
479 473
479 389
351 306
5 95
434 501
223 191
381 363
273 381
217 223
178 223
345 351
434 497
389 473
217 133
50 95
217 133
217 133
350 338
133 217
306 351
345 351
15 34
473 479
473 479
50 95
63 120
217 131
217 178
261 303
434 473
178 223
5 95
261 329
133 166
319 376
479 434
306 351
351 306
473 479
223 217
434 412
261 345
404 392
178 214
50 5
345 379
89 5
89 16
223 133
473 479
178 223
306 351
223 178
5 50
435 434
217 223
223 178
50 89
217 178
5 95
89 95
217 223
389 500
345 351
306 261
351 345
479 434
473 479
503 404
434 467
5 50
389 479
479 434
217 223
95 5
306 345
89 95
479 434
306 368
133 223
389 473
473 479
50 55
217 178
133 145
306 351
434 479
345 351
89 50
123 119
50 89
345 306
479 473
223 217
217 178
133 178
473 479
389 431
89 95
389 448
479 473
351 345
89 95
351 261
434 473
306 351
479 473
133 217
473 479
89 95
223 217
89 95
473 479
345 261
50 89
351 345
217 178
345 261
5 95
95 89
345 261
389 473
223 217
217 223
327 306
399 463
89 50
5 50
5 89
479 473
143 162
89 95
133 217
473 479
133 223
81 64
223 217
50 60
261 345
89 95
306 351
473 461
448 505
133 217
473 434
223 178
89 50
434 479
178 217
389 473
95 5
430 473
351 306
434 473
89 50
17 28
351 261
479 473
261 351
479 434
133 217
178 223
133 223
50 89
89 50
306 351
133 178
319 288
217 223
434 389
89 24
89 95
351 345
351 345
133 223
133 223
351 306
50 5
95 5
217 180
414 479
50 95
133 217
223 142
434 501
178 223
345 261
389 479
261 345
473 479
89 95
473 434
133 201
5 50
389 509
95 89
178 223
178 217
306 345
306 345
89 50
479 473
479 473
479 473
5 95
95 50
345 351
95 89
351 345
95 89
261 336
351 345
297 365
345 351
473 479
133 223
217 223
483 390
389 479
351 279
228 142
351 306
217 223
261 351
345 351
261 306
351 345
95 89
50 95
133 178
95 50
473 389
434 473
261 345
389 479
306 345
223 133
261 306
178 217
389 407
5 95
209 170
217 223
473 479
217 133
95 89
306 351
50 95
473 434
50 95
217 223
89 123
133 223
389 434
143 207
345 351
50 95
178 223
345 306
473 507
5 95
223 178
50 95
217 223
121 67
223 217
89 95
345 351
261 307
89 95
345 351
261 351
351 261
434 389
434 479
479 434
345 301
5 95
178 217
479 434
351 345
50 95
95 89
133 178
473 479
345 351
261 345
89 95
89 50
479 473
89 5
178 159
434 479
306 345
95 50
217 223
178 217
434 432
133 223
351 345
217 223
261 270
345 371
217 223
389 473
306 351
261 351
217 223
351 306
345 306
89 95
223 217
261 306
50 95
434 479
479 389
473 467
399 418
223 211
351 345
178 223
434 479
217 178
133 223
261 351
345 351
217 223
270 351
306 298
261 351
345 306
89 95
217 223
306 261
351 345
95 50
479 473
223 133
479 473
133 217
351 261
89 5
434 479
261 351
479 473
261 306
89 50
133 178
223 133
89 95
261 351
434 389
178 133
479 398
479 455
178 144
479 434
473 434
89 5
345 306
94 7
434 479
345 351
217 223
133 223
479 473
389 479
178 223
217 223
50 76
95 5
473 434
473 479
434 473
95 89
95 18
306 351
389 434
479 500
223 217
223 217
50 95
5 50
345 351
217 133
5 89
178 223
217 223
54 83
89 50
389 479
434 479
94 13
479 389
89 26
5 73
473 434
389 479
351 306
345 351
89 5
50 45
50 5
217 178
227 134
95 5
389 431
351 279
434 504
217 178
261 345
479 386
223 217
434 479
306 321
479 434
217 223
434 479
479 389
306 351
50 79
473 479
306 351
133 220
223 217
306 351
217 178
5 95
261 334
345 261
133 217
389 434
5 50
345 351
345 351
473 434
217 178
389 434
95 5
261 329
473 479
345 351
351 345
345 306
217 223
389 479
5 50
89 95
345 261
95 50
95 89
50 95
217 223
473 479
133 217
178 223
133 178
95 14
435 500
479 434
95 5
95 50
50 83
261 306
133 178
351 306
223 133
434 473
345 306
479 434
223 217
223 217
389 479
345 351
351 345
217 133
217 223
389 457
5 89
345 306
95 89
178 133
261 345
223 184
479 473
389 434
217 178
479 473
217 223
351 261
133 223
261 345
434 479
95 89
306 351
217 223
5 95
223 217
95 50
217 223
95 5
389 434
306 351
89 95
261 338
223 178
345 288
389 473
261 306
217 221
473 389
434 473
434 479
345 351
89 95
217 223
178 189
95 50
326 298
95 50
89 95
306 351
484 503
235 141
473 491
89 5
434 401
89 95
473 479
133 223
133 217
223 217
5 89
473 479
169 192
479 434
50 95
351 261
261 345
223 199
362 351
217 223
306 261
223 217
217 196
89 50
351 345
217 223
5 110
434 389
178 217
273 336
95 50
419 509
473 479
479 434
434 389
5 57
473 434
95 50
345 351
223 178
223 187
389 459
479 434
162 193
217 133
178 223
63 81
5 95
261 329
261 345
434 473
306 351
389 473
434 393
95 89
5 89
223 151
191 248
389 434
89 31
95 5
95 50
100 119
217 178
223 211
381 335
473 479
381 336
41 56
473 456
217 133
434 419
89 95
389 479
389 434
217 178
217 223
223 133
434 432
178 145
217 223
50 95
64 5
479 473
217 223
345 306
89 95
473 479
89 95
95 76
306 351
217 223
5 50
379 375
95 50
89 95
479 473
209 192
479 407
95 89
223 133
389 479
479 473
50 89
223 217
351 345
133 217
5 50
261 345
96 15
261 351
89 95
473 434
5 89
351 261
306 351
133 223
345 324
89 5
479 389
217 223
434 390
261 351
217 223
89 95
95 14
479 434
434 438
217 223
434 479
133 223
345 261
95 50
217 133
351 345
261 351
473 477
178 241
324 297
217 133
306 351
133 217
89 95
306 351
345 351
50 5
5 120
434 473
5 95
389 473
223 217
479 473
95 89
89 5
351 270
133 217
261 345
479 434
50 95
261 351
389 479
261 306
434 483
261 345
389 473
330 355
473 389
178 223
261 379
5 118
89 50
133 201
121 39
261 306
217 223
473 389
479 452
473 389
434 473
351 345
345 261
253 223
133 217
351 345
479 473
473 479
345 351
223 196
261 345
5 95
89 95
133 175
261 306
68 15
178 223
223 178
351 306
133 224
178 133
50 95
345 319
306 351
209 170
133 217
89 95
89 50
5 89
345 351
5 42
389 479
217 223
89 95
191 224
95 5
217 133
95 89
223 178
345 261
345 261
228 247
389 440
217 223
95 5
5 89
223 133
389 467
479 473
178 223
223 217
478 404
50 89
306 351
345 328
217 223
345 351
89 95
217 178
501 479
306 351
388 479
209 170
95 50
434 389
306 330
50 95
133 223
345 351
89 95
473 389
271 339
178 223
50 95
121 79
345 351
473 479
50 61
473 479
50 95
223 204
249 148
217 178
351 345
434 479
479 434
95 3
479 434
479 473
351 261
89 95
479 493
89 95
261 351
306 345
223 217
95 50
217 223
261 351
351 345
217 178
351 306
223 133
50 95
89 95
473 479
306 316
261 351
426 410
351 345
89 50
89 50
345 351
306 261
178 223
5 95
89 95
50 95
133 223
89 95
351 345
223 217
473 479
479 398
306 345
345 261
223 178
345 261
434 479
50 89
107 13
133 223
121 20
217 223
169 200
434 473
217 223
50 89
5 50
434 389
351 345
434 468
345 351
261 345
261 351
355 375
434 479
223 217
479 434
479 434
95 89
261 351
5 89
434 479
473 479
223 178
473 389
145 253
217 223
479 432
351 261
133 217
345 261
345 378
89 95
5 50
89 95
5 95
95 0
89 50
217 133
288 377
89 50
479 422
223 133
479 473
217 223
89 95
345 306
50 5
217 223
479 473
479 389
434 479
178 223
89 95
133 217
351 306
306 261
50 95
178 223
261 345
89 95
89 95
345 306
95 50
389 479
306 345
479 398
306 378
389 479
473 479
306 345
5 95
192 211
320 292
217 170
351 290
178 223
224 239
389 473
434 479
89 95
178 191
389 473
434 479
389 479
5 64
479 389
473 478
50 89
50 95
217 133
448 412
479 473
5 95
89 50
479 473
261 306
351 306
389 473
217 178
298 307
261 345
50 63
50 95
217 133
178 223
479 389
261 351
434 479
261 351
479 473
389 479
89 50
50 6
95 89
178 217
95 5
261 351
345 351
133 217
434 479
223 217
95 5
5 50
389 473
95 89
345 351
50 5
223 133
133 217
217 223
89 50
434 479
479 434
162 133
178 217
351 345
479 473
217 223
89 5
306 351
5 95
89 95
133 223
473 479
89 95
473 389
479 434
95 5
351 345
473 479
306 335
479 389
217 211
178 223
479 389
352 337
223 133
217 223
5 95
479 434
50 30
479 407
389 479
389 434
473 479
479 434
473 479
95 50
217 223
261 306
95 89
479 473
253 239
306 351
217 178
217 223
50 95
306 345
389 457
434 479
434 440
178 223
133 223
217 133
223 133
306 351
345 351
89 50
351 333
306 345
223 217
217 223
448 434
223 178
256 345
89 5
178 223
355 356
223 147
50 95
5 73
223 178
133 138
351 306
193 253
389 434
95 57
434 497
438 480
351 345
473 479
178 223
94 79
434 479
217 223
228 247
479 473
178 133
178 223
434 389
434 479
473 479
89 57
351 345
223 217
5 89
351 345
178 223
473 479
306 345
479 473
50 80
389 479
479 473
95 5
133 223
479 473
5 50
389 506
89 95
473 479
351 306
89 50
479 473
217 223
119 123
261 351
479 434
89 95
261 351
50 95
223 133
34 111
178 223
95 89
223 133
217 223
89 95
50 89
452 425
50 95
345 351
484 438
351 345
434 389
5 95
133 217
261 345
473 507
239 198
345 351
345 351
95 89
345 351
217 133
223 178
473 479
223 142
5 95
50 89
261 351
223 217
434 473
389 434
434 389
89 50
95 89
89 4
133 175
261 345
473 479
345 351
5 95
89 95
479 389
389 479
217 178
89 5
473 389
306 273
399 467
50 95
109 50
50 95
133 253
434 479
95 50
133 217
479 473
473 497
89 5
345 333
345 306
143 162
5 50
50 5
223 199
389 479
502 449
223 142
133 223
89 95
133 223
345 261
223 227
99 83
133 217
89 5
306 351
345 261
345 261
89 95
345 351
182 228
95 89
5 20
95 50
217 178
223 151
473 434
5 95
143 207
217 223
5 50
217 133
306 261
351 261
345 351
389 479
217 223
95 89
217 128
479 473
133 223
217 223
479 389
479 398
17 75
345 261
479 473
5 89
351 345
89 95
5 89
179 184
223 151
95 89
95 5
80 50
133 217
178 223
345 351
89 95
261 345
133 175
345 351
509 467
434 389
223 178
479 434
261 329
95 50
5 95
261 351
473 434
389 434
178 223
5 50
95 89
345 306
217 223
249 207
306 351
95 50
351 306
223 178
389 445
133 217
89 95
434 473
133 182
133 223
351 345
178 196
261 306
217 223
223 142
95 89
89 5
5 95
89 74
261 260
479 473
217 223
95 86
133 217
351 279
96 121
473 479
50 95
345 261
5 89
5 50
89 95
95 71
50 18
95 50
89 95
217 223
345 306
351 306
223 217
5 95
351 345
50 89
434 479
133 198
13 5
223 178
182 189
133 223
89 95
261 345
5 50
345 351
306 345
479 389
473 389
178 211
479 473
133 217
95 50
63 120
95 50
50 28
133 178
50 95
345 351
178 223
95 89
479 398
351 306
217 186
89 95
217 138
89 95
95 89
178 223
89 95
389 479
479 488
50 95
133 175
95 5
143 207
434 479
5 50
50 95
351 345
321 376
223 133
389 441
389 473
89 95
392 448
217 223
89 95
389 479
345 351
389 479
95 79
479 473
306 351
223 211
434 479
306 279
306 351
64 85
5 95
50 95
89 95
217 223
89 5
89 5
178 223
306 351
5 95
217 223
261 351
217 196
95 5
261 351
89 95
89 95
217 225
178 133
389 479
89 5
479 389
306 261
479 434
95 5
89 95
479 389
89 95
345 351
473 434
479 473
473 434
223 133
89 50
345 261
223 217
50 95
50 89
261 306
261 345
50 17
95 89
217 178
50 5
217 223
261 306
345 351
473 434
50 89
178 146
345 351
223 217
217 223
95 89
95 89
217 223
223 217
479 473
479 434
95 50
479 446
178 253
389 479
178 223
95 50
473 479
178 217
351 306
389 434
473 389
345 306
389 479
89 50
473 479
483 416
50 47
223 217
479 434
448 506
95 89
50 5
95 14
123 119
351 306
5 89
345 351
389 473
434 479
95 50
178 167
351 306
95 23
345 351
261 351
434 479
261 345
345 306
95 89
217 223
434 479
95 14
118 42
50 95
95 45
145 217
133 217
307 298
505 406
89 95
50 95
95 5
389 434
345 351
261 351
217 211
434 479
479 434
473 479
345 306
50 95
196 143
223 217
479 461
217 138
13 107
306 261
217 223
50 5
178 223
217 223
223 141
223 217
178 223
223 133
89 95
217 223
351 345
223 217
434 479
95 89
473 491
351 306
434 477
95 89
223 217
133 217
17 19
5 73
351 345
345 351
345 351
425 452
345 351
473 389
178 217
351 306
261 351
345 351
345 351
473 479
345 340
473 479
271 290
178 182
434 389
473 479
473 389
14 81
434 389
89 95
178 223
133 223
473 479
217 178
389 434
89 50
5 95
479 473
345 351
319 335
95 5
389 434
50 89
95 89
434 479
479 434
251 247
178 174
479 419
217 223
95 50
5 83
89 95
434 479
89 5
306 260
389 473
479 434
306 262
434 479
223 133
89 50
351 275
95 5
95 5
261 303
434 479
17 125
261 351
473 479
89 50
261 327
261 351
479 473
261 351
261 329
95 89
217 223
223 142
89 95
351 345
261 351
479 407
50 89
345 351
95 50
345 351
89 50
401 419
89 84
369 261
351 306
89 5
223 217
95 89
95 50
479 398
106 70
398 479
261 351
50 5
217 223
479 434
89 95
50 95
95 89
224 135
435 440
261 351
5 47
133 175
223 133
89 50
473 434
5 95
5 89
50 95
351 345
479 473
145 170
5 95
473 479
345 351
148 192
473 434
479 434
473 479
351 306
5 95
5 95
379 375
306 351
217 223
345 322
223 217
50 83
434 479
351 345
217 223
5 95
217 223
345 306
473 434
473 434
95 5
95 89
89 95
223 217
178 217
50 95
95 50
178 223
389 457
473 479
89 95
133 178
95 89
217 178
217 223
95 50
473 479
479 473
95 89
345 351
223 133
306 285
297 324
261 306
377 275
473 389
223 178
95 89
5 89
133 217
178 223
389 434
95 89
5 95
434 479
473 389
434 479
223 133
473 479
463 438
261 345
479 434
95 50
473 434
297 324
473 479
479 473
50 89
133 223
223 133
345 351
473 389
89 95
389 479
89 95
351 261
223 178
217 223
306 351
473 389
133 250
434 479
217 223
389 473
345 351
217 223
223 217
223 217
50 95
479 473
89 50
178 217
261 345
319 376
389 479
178 223
434 389
178 217
261 351
479 473
5 95
320 282
345 351
178 223
133 254
473 479
223 217
479 473
345 379
351 261
133 175
89 45
351 261
217 178
261 351
389 479
345 261
261 306
479 473
217 178
50 95
434 479
434 479
95 83
89 95
261 345
217 223
351 279
95 89
306 351
345 351
261 351
345 351
434 479
351 306
178 133
133 217
473 434
389 457
479 473
95 89
223 133
473 479
5 89
473 389
345 351
261 297
473 479
5 50
5 89
217 178
473 506
479 473
351 345
345 351
473 479
345 351
217 223
217 133
89 95
345 351
179 180
351 365
473 479
434 389
223 178
50 17
5 89
217 223
261 345
223 178
306 351
217 133
351 345
389 414
50 5
50 89
223 225
15 83
89 50
95 43
479 473
351 306
50 95
479 473
223 133
223 217
223 212
5 79
178 217
95 122
345 353
133 223
345 306
217 223
306 308
473 389
50 95
345 261
178 223
473 434
42 94
178 223
89 95
434 479
169 153
374 298
5 95
261 351
473 479
133 159
5 3
345 351
178 223
467 399
50 34
351 345
473 389
89 95
261 306
95 5
389 443
89 95
351 345
89 95
306 351
345 351
479 473
95 50
306 282
351 261
473 479
261 351
261 306
217 223
160 202
5 1
89 95
5 95
89 95
217 178
389 479
5 95
306 351
178 130
95 89
5 47
345 351
306 351
473 389
5 50
51 63
89 95
5 73
473 434
389 479
89 95
249 128
223 151
479 473
345 279
297 380
434 479
191 248
89 95
473 479
389 479
352 261
64 110
89 95
345 351
306 351
345 334
261 306
351 345
306 345
223 178
89 57
473 389
217 178
178 151
479 473
95 50
223 178
479 473
345 351
473 434
217 178
89 93
50 95
217 178
434 479
89 95
389 479
54 71
50 95
179 214
434 481
178 223
351 345
381 351
261 319
261 345
95 20
479 473
89 50
217 223
261 306
345 351
217 223
345 371
345 260
306 351
178 223
20 8
89 5
98 47
479 473
479 389
479 473
473 389
261 306
217 203
320 264
479 434
89 95
345 261
473 479
223 217
5 50
133 223
434 479
41 70
223 133
95 50
345 374
50 36
217 223
178 133
306 261
217 223
133 178
261 351
345 351
95 89
473 479
178 133
345 351
473 434
473 479
89 95
479 473
345 261
89 5
261 351
217 178
389 458
389 479
473 389
467 495
89 5
351 345
217 151
133 223
133 217
479 398
418 416
133 178
95 23
89 95
217 178
178 223
345 261
473 479
473 479
89 5
345 306
473 479
276 320
223 217
502 449
345 366
479 407
133 217
345 351
178 217
473 479
89 120
121 57
434 479
89 95
217 133
50 89
479 389
178 223
389 473
389 479
473 479
217 223
217 223
261 345
133 178
434 467
473 434
20 123
89 50
389 479
473 389
217 178
351 266
95 89
261 351
389 479
5 73
50 95
479 473
5 73
133 178
89 95
306 345
217 133
345 351
89 95
306 261
306 282
133 144
178 223
223 133
345 261
351 261
345 351
223 211
351 261
473 434
95 89
178 176
479 389
434 479
261 306
5 89
241 202
217 223
95 50
306 273
50 127
178 198
473 479
271 335
473 479
345 351
217 133
89 95
5 47
389 479
351 345
345 261
5 74
178 235
178 148
345 351
351 345
95 89
178 133
479 473
217 223
5 50
223 178
217 247
217 133
178 217
89 71
50 70
434 479
434 479
223 133
186 241
389 473
351 261
381 280
473 389
217 199
345 261
389 473
351 345
389 473
276 320
68 41
306 351
261 306
89 95
95 89
217 251
306 351
5 89
217 223
479 434
5 95
63 120
434 479
178 223
351 345
351 306
50 89
223 178
143 211
351 333
223 217
50 95
345 357
351 345
89 50
223 217
223 133
178 223
495 454
5 95
389 473
434 389
473 479
178 223
217 223
389 473
89 95
89 95
5 89
223 217
5 95
89 95
223 133
389 479
178 217
389 479
442 463
479 434
217 146
178 223
473 479
473 479
133 223
389 431
89 123
473 479
389 498
434 479
178 133
133 178
133 223
217 207
351 270
345 351
448 504
389 434
345 351
5 50
261 351
351 345
133 223
217 223
217 178
389 479
50 121
50 95
89 50
89 50
5 95
345 351
5 89
95 89
143 207
321 278
307 339
479 473
509 389
345 351
306 351
345 351
345 306
50 95
89 95
351 322
223 217
351 345
479 389
473 389
217 223
345 351
473 479
351 339
389 434
178 223
50 95
261 306
434 463
389 473
89 95
89 95
473 479
133 223
389 479
473 389
473 479
271 339
345 351
389 479
479 398
313 306
50 95
95 50
223 167
377 284
345 306
89 50
434 479
389 473
434 454
89 95
351 306
217 223
217 178
434 479
217 223
50 95
373 351
345 306
389 434
345 306
178 226
479 473
351 261
133 178
95 50
217 146
50 95
89 95
133 223
5 95
89 5
64 1
389 473
434 473
217 223
306 351
95 89
89 95
5 50
473 479
473 479
95 50
89 95
351 261
473 434
345 351
89 95
133 223
95 89
223 217
217 223
306 345
178 223
217 189
223 217
351 306
434 479
339 270
95 89
133 217
50 89
473 434
479 473
133 178
89 50
261 290
223 142
178 223
479 434
473 479
5 95
178 223
50 13
261 351
217 178
351 306
217 223
480 424
345 351
253 151
50 8
345 351
89 95
434 479
479 473
106 25
389 473
479 473
223 211
64 101
209 170
276 362
473 506
41 77
389 479
479 473
179 217
479 473
351 270
345 351
306 351
50 95
133 223
434 473
217 223
261 351
345 306
473 389
217 223
51 83
133 217
223 178
345 351
479 507
479 473
479 389
89 95
389 479
345 306
5 89
217 133
345 351
95 89
217 223
479 389
479 389
133 217
473 434
89 95
479 434
351 261
133 201
50 95
133 217
473 434
89 95
261 351
5 50
223 217
351 306
261 351
89 95
261 351
345 351
276 369
133 145
261 306
178 133
306 351
178 133
389 479
473 479
217 223
345 306
217 223
50 95
345 351
178 223
389 479
89 50
345 261
217 225
261 303
473 479
389 479
473 434
261 306
246 193
223 178
389 434
473 479
479 473
241 186
464 389
465 426
473 479
345 261
434 479
95 5
345 261
351 345
389 479
345 351
261 303
191 224
434 410
89 50
89 5
473 479
345 323
217 133
351 345
50 95
389 457
389 479
217 178
345 351
434 473
473 479
351 270
473 434
89 5
306 351
217 223
89 95
178 129
133 223
95 89
345 351
209 170
434 479
345 351
261 345
389 479
95 50
473 434
89 66
95 89
5 95
89 50
479 398
89 95
351 345
217 223
89 95
389 473
192 190
351 345
473 479
473 479
178 182
223 217
479 473
345 320
345 351
217 223
389 458
434 479
95 23
5 95
178 223
223 133
389 434
345 351
434 473
223 217
223 217
223 217
261 306
434 479
223 178
51 18
89 67
306 351
473 403
479 434
217 178
89 50
473 389
223 178
312 306
434 473
50 5
389 473
479 473
345 306
217 178
178 223
5 75
223 217
223 142
479 473
351 345
133 223
434 476
5 83
89 5
50 5
479 389
351 345
375 379
261 306
351 345
473 479
89 83
178 133
182 203
261 285
50 89
217 223
261 345
435 432
89 119
14 81
345 261
379 375
452 399
143 211
389 457
479 473
217 178
89 5
178 223
434 479
434 479
178 223
473 479
95 50
217 223
351 345
196 143
434 493
306 345
479 473
223 142
217 223
133 223
50 95
50 89
473 479
123 20
89 50
351 279
434 479
89 95
473 479
223 217
217 178
473 479
306 336
89 5
351 345
345 351
261 306
223 151
223 178
178 217
235 141
479 473
351 306
351 306
434 479
261 303
473 479
89 95
298 307
345 306
50 89
95 93
389 479
133 223
217 223
345 351
345 261
345 261
261 306
473 434
434 467
389 473
50 95
479 434
473 479
89 95
89 50
133 223
345 261
217 223
223 178
479 398
473 479
95 50
434 389
509 477
5 89
478 482
434 389
389 473
473 479
5 47
473 434
223 178
434 473
389 434
351 345
95 89
434 473
473 434
479 473
473 434
217 133
389 431
389 479
223 217
473 434
58 113
351 261
100 119
50 95
345 351
217 223
89 95
133 178
345 287
133 178
297 324
345 351
223 133
133 217
261 345
306 345
89 95
133 178
223 217
50 5
133 217
434 479
306 261
297 281
178 133
95 50
223 217
473 479
261 345
223 217
345 291
479 473
276 320
95 89
5 73
389 431
345 351
479 473
345 351
345 288
434 459
133 217
473 479
217 133
223 178
479 473
217 223
271 290
133 223
345 351
479 473
473 389
178 223
95 89
479 473
89 56
479 434
306 351
473 479
473 479
89 95
479 434
95 5
217 223
95 89
351 270
502 449
223 217
89 5
434 389
389 434
389 479
389 413
479 389
306 351
479 389
223 178
217 223
479 389
217 223
261 329
505 425
351 345
133 178
95 50
389 438
223 133
261 351
345 261
89 95
345 351
89 95
261 351
191 248
162 239
5 89
223 157
223 151
264 320
5 95
497 442
133 223
479 394
479 473
351 345
47 5
89 95
389 473
228 179
5 95
95 89
133 187
50 95
5 73
473 434
5 9
178 223
389 479
95 5
5 9
345 280
50 95
223 217
479 434
50 17
479 473
389 434
5 95
95 89
89 95
345 313
345 351
389 473
306 379
479 389
345 351
217 178
223 217
261 351
473 389
261 351
95 50
95 89
95 89
89 95
95 89
473 389
89 95
389 434
261 351
434 490
89 95
473 434
5 50
223 217
389 479
95 89
217 178
95 38
389 479
50 95
261 345
351 306
345 351
95 89
5 89
95 50
217 133
95 5
89 50
5 106
306 351
345 351
95 89
306 351
345 261
217 223
345 306
434 473
479 389
306 261
217 223
196 169
438 486
95 50
389 473
133 223
169 151
345 351
217 223
434 479
50 51
479 473
209 192
306 351
306 345
473 479
473 479
345 351
345 261
217 145
261 319
345 351
345 351
89 95
50 95
479 473
478 428
50 95
473 479
434 473
178 223
89 5
434 404
133 251
217 182
133 223
95 89
5 95
223 178
479 389
345 261
345 351
223 133
95 50
434 479
133 223
345 348
50 82
95 89
95 50
473 479
389 434
95 50
217 223
351 261
375 379
434 397
345 306
351 345
217 223
345 351
223 217
223 217
509 479
306 261
389 479
133 223
217 223
425 419
50 5
50 86
41 71
479 473
217 133
89 95
5 66
473 389
178 133
434 473
306 351
178 223
306 345
89 5
223 217
306 261
479 473
5 73
217 196
345 351
306 345
89 95
389 443
473 414
129 178
434 479
50 95
95 89
261 329
89 95
95 89
95 89
133 217
351 306
261 345
389 434
345 351
473 434
217 178
95 89
473 434
351 366
345 351
223 178
178 223
479 389
223 217
178 223
479 473
479 389
306 261
261 345
345 261
217 178
133 201
133 217
95 50
351 345
133 211
178 217
261 351
223 217
5 95
89 95
473 389
50 48
389 434
50 92
306 351
473 479
345 261
389 473
178 211
5 95
389 473
51 2
479 473
306 351
50 95
178 169
345 261
306 351
223 133
434 479
5 95
306 345
345 351
449 389
473 479
5 73
351 306
89 50
351 261
479 473
261 297
434 511
50 89
306 345
89 95
473 434
479 473
89 95
217 219
351 306
217 223
345 351
217 223
261 351
473 479
479 506
133 223
89 95
351 345
306 261
217 178
473 479
306 351
217 133
133 145
178 211
306 261
351 261
479 473
434 479
217 223
345 298
426 389
314 280
345 351
223 178
5 23
217 178
434 473
133 217
345 306
473 479
95 89
345 351
261 306
473 479
473 479
5 95
95 50
133 175
178 223
223 178
306 351
217 223
5 95
133 223
473 397
345 261
133 170
351 261
473 434
217 223
179 131
345 274
473 479
5 89
473 497
345 351
5 93
351 345
261 306
473 389
473 491
89 77
345 351
261 274
50 95
89 79
377 269
479 473
89 50
473 398
261 351
345 351
479 477
182 211
223 178
89 50
345 327
5 95
51 1
50 21
223 178
178 223
479 506
479 389
51 41
217 223
89 5
434 479
479 473
434 389
145 253
345 351
5 89
178 223
50 95
467 495
351 261
217 178
473 479
50 72
473 479
89 95
434 389
133 178
479 389
5 95
5 50
95 5
473 479
95 50
389 479
306 351
95 89
217 223
99 83
306 351
223 217
473 389
223 217
345 313
89 50
217 178
217 223
463 399
89 5
261 306
89 50
5 50
89 95
217 133
223 217
479 503
473 479
178 133
50 95
351 279
473 434
351 345
434 479
479 434
5 95
306 345
95 89
89 45
5 89
178 217
253 213
5 76
178 133
95 5
223 194
89 50
5 107
306 344
95 125
473 458
5 42
169 151
345 306
261 351
473 479
509 497
50 95
50 95
479 473
95 50
95 50
89 95
217 223
398 452
473 479
95 89
389 449
351 270
261 306
345 351
509 429
261 324
473 404
261 351
133 223
89 50
89 5
133 223
178 148
89 95
298 307
306 351
178 223
217 223
351 279
223 178
345 351
89 99
89 95
389 473
89 95
389 479
95 50
306 345
351 306
50 110
434 479
50 95
306 316
223 217
95 5
50 95
50 95
473 479
223 138
5 50
5 89
89 95
261 351
89 95
5 95
345 351
345 351
5 95
50 95
434 479
306 345
324 271
479 407
5 50
479 407
217 178
89 5
223 178
473 479
89 95
223 133
217 223
479 423
217 223
223 183
310 270
306 304
95 89
143 162
479 473
479 473
50 17
389 434
356 270
345 351
479 473
479 473
389 434
178 217
473 479
217 133
345 261
133 217
434 389
351 345
223 217
223 133
261 351
345 351
351 345
351 261
351 345
306 351
448 470
473 389
50 89
261 351
217 223
473 434
133 201
389 479
178 223
345 351
89 95
5 89
217 133
345 261
351 261
95 50
345 351
473 479
5 50
223 217
261 351
306 345
89 5
5 0
89 50
352 290
434 389
345 351
5 95
223 217
217 133
389 479
217 178
434 389
217 171
133 223
89 95
479 401
473 479
479 434
479 473
123 119
351 345
479 473
479 473
351 270
178 217
89 95
133 223
133 178
5 95
253 198
261 329
217 178
345 351
223 178
473 434
95 50
306 351
133 223
5 50
89 84
89 95
50 13
351 286
143 207
133 178
351 261
261 306
345 351
95 89
351 345
473 434
178 133
473 455
473 389
502 449
261 303
178 223
95 89
434 468
345 351
435 426
178 223
319 352
473 479
217 223
389 479
434 479
217 159
125 24
306 345
223 207
434 461
178 223
473 434
95 89
89 5
5 95
5 95
95 50
434 430
223 217
389 479
345 351
95 23
351 345
473 499
473 389
351 261
50 5
479 473
133 223
351 270
133 217
479 398
351 338
479 473
479 398
345 306
389 473
473 389
95 89
473 479
95 5
473 479
479 434
20 64
434 466
89 95
223 178
434 479
20 123
434 479
5 89
351 345
178 223
217 178
389 473
389 479
345 306
306 261
133 203
50 95
261 340
473 479
261 351
133 208
345 351
95 50
473 479
261 345
17 105
133 201
473 434
133 178
217 223
95 89
479 398
345 261
179 170
473 452
345 351
89 95
473 479
178 158
479 434
217 223
95 89
95 77
345 351
133 223
217 223
133 201
306 369
434 479
89 95
306 351
345 306
473 479
54 16
217 223
473 389
50 95
306 261
238 217
478 500
133 211
89 95
95 89
261 351
89 50
479 434
5 89
345 306
143 162
133 178
345 351
89 50
306 350
89 95
351 306
473 434
89 95
261 306
217 223
63 120
5 50
89 95
217 223
473 479
217 223
434 479
345 351
261 345
95 50
178 133
345 351
345 351
473 479
5 95
261 345
100 119
479 473
389 434
306 338
479 395
290 321
223 133
50 95
473 479
50 95
89 48
434 473
389 434
95 89
345 351
50 95
351 261
89 95
473 479
95 5
223 178
50 5
5 89
96 63
479 445
223 217
217 223
261 351
95 89
217 178
345 351
473 479
223 151
345 351
261 345
5 89
345 306
434 479
223 178
389 431
345 351
95 5
217 223
89 95
89 95
223 217
95 89
223 133
473 434
223 178
5 95
473 389
50 95
95 5
473 479
351 322
95 50
434 413
345 306
351 306
217 223
434 479
351 345
133 178
434 473
217 178
389 479
223 133
345 351
261 345
5 50
479 434
223 178
261 345
479 434
89 95
345 351
345 351
345 351
479 434
50 89
223 133
351 306
389 479
345 306
473 479
389 479
217 223
473 389
17 86
192 146
217 133
479 473
389 473
473 479
479 389
95 50
479 473
223 244
261 345
89 95
133 223
345 351
95 5
345 261
389 479
5 50
5 95
434 479
133 222
306 351
50 95
345 351
223 217
345 351
345 351
217 223
345 256
345 351
50 89
479 467
95 89
261 335
89 95
5 89
173 217
5 65
345 261
320 339
95 89
345 351
473 479
351 345
351 345
223 217
50 95
249 148
345 351
335 336
345 351
178 223
261 351
95 89
133 217
473 389
50 83
319 376
178 217
261 351
223 217
306 261
50 89
389 457
290 270
261 351
306 354
133 178
50 53
89 95
217 151
192 238
434 479
89 50
217 223
217 223
223 178
351 379
345 312
133 175
440 389
50 95
217 178
345 351
473 479
178 145
345 351
143 196
389 479
217 223
5 73
178 223
89 95
319 376
178 217
345 351
351 306
261 306
306 351
5 89
434 479
223 217
479 473
125 95
5 17
434 479
345 351
330 261
50 95
89 95
89 95
351 345
217 133
351 270
89 50
473 479
306 351
307 277
345 351
178 134
89 95
223 178
389 479
345 306
261 351
253 154
95 96
473 389
351 345
345 261
473 479
17 14
217 133
379 307
50 95
89 95
261 279
50 89
89 109
178 217
178 223
95 50
5 50
89 95
217 223
89 95
261 306
351 261
133 211
351 306
434 389
479 434
15 34
50 89
306 351
306 269
434 479
261 351
389 479
217 223
133 178
345 351
228 247
178 133
223 217
133 194
178 223
479 473
89 50
434 473
434 479
89 95
227 137
473 479
217 133
143 151
217 223
504 389
133 223
351 345
89 95
223 151
389 434
71 95
217 207
473 434
479 434
224 133
95 89
261 303
217 223
351 261
169 143
50 95
261 351
473 479
473 479
217 223
50 5
5 95
434 500
479 473
367 326
351 345
306 345
345 351
306 351
505 480
473 479
389 434
217 223
89 50
89 5
351 306
223 217
50 89
50 95
217 133
50 95
473 434
306 351
479 481
306 351
306 339
345 266
473 479
351 261
434 479
217 140
351 306
479 473
351 306
479 434
345 305
351 345
479 434
95 89
223 217
95 89
223 217
306 351
307 298
113 58
434 479
95 82
223 133
50 5
89 5
473 479
345 351
148 192
50 82
310 378
473 479
5 95
351 306
473 389
133 217
473 479
217 178
89 95
310 378
345 351
223 217
271 339
434 501
389 473
178 166
473 389
42 51
351 261
345 351
473 479
473 479
473 434
178 223
223 217
133 217
261 351
223 217
389 473
351 261
74 89
217 133
89 50
306 311
133 223
351 345
217 133
351 261
306 351
95 89
479 473
217 223
182 216
179 133
223 133
217 223
377 281
95 50
473 389
217 223
89 95
178 238
95 23
261 313
484 398
89 95
479 434
178 135
217 223
223 199
50 95
389 434
479 473
479 473
389 455
50 72
463 467
89 50
351 270
345 351
5 95
217 133
223 142
351 345
473 389
223 217
143 207
345 351
389 399
95 89
5 47
434 473
473 434
5 95
217 133
50 95
133 217
95 89
306 351
178 129
473 389
251 223
345 261
473 479
89 95
223 217
89 50
434 389
351 345
479 389
227 211
306 351
306 351
351 345
509 490
223 133
89 5
223 133
345 306
217 133
389 447
217 223
473 434
351 345
479 427
479 389
351 345
389 479
50 57
223 245
345 351
261 351
217 133
5 47
351 306
89 95
261 345
310 380
306 345
306 377
306 351
95 5
351 345
473 479
434 403
217 176
351 345
89 95
434 479
473 479
68 15
306 351
261 345
178 223
473 479
345 351
484 398
306 351
51 18
473 434
133 201
345 351
434 389
89 95
50 95
271 290
389 434
473 389
351 306
223 178
5 83
261 345
133 217
261 306
479 389
473 485
178 223
261 345
223 217
217 211
95 50
50 95
223 133
345 261
306 345
5 39
223 178
473 389
89 50
351 345
223 217
473 441
345 351
89 95
351 345
89 50
178 223
95 89
223 178
479 473
178 223
223 151
434 473
473 389
345 351
479 435
479 473
217 203
178 223
479 434
473 434
479 389
133 223
178 223
434 479
223 217
89 95
217 223
95 89
217 223
133 223
345 375
178 223
473 434
261 345
473 479
95 89
50 89
389 434
50 95
479 434
434 479
50 82
351 261
223 217
5 45
473 479
261 351
351 261
389 434
473 479
217 133
345 351
345 351
389 426
479 434
247 251
50 95
479 434
473 385
223 217
223 178
479 473
479 407
89 95
473 479
479 434
223 142
434 426
5 89
217 133
89 95
133 223
182 178
434 389
479 407
223 217
5 95
389 479
473 479
345 351
473 479
89 5
473 479
95 50
89 50
133 223
345 351
484 458
434 479
434 479
89 50
479 473
473 389
261 306
217 178
95 81
478 422
389 457
64 16
261 306
217 178
178 245
223 178
306 351
223 178
217 223
95 30
95 50
217 223
89 95
217 223
178 223
50 95
54 60
217 223
89 50
95 89
473 434
95 50
389 473
178 223
89 95
473 479
345 351
261 345
178 223
345 351
473 434
223 133
351 261
5 89
217 223
473 479
89 95
89 5
246 193
389 434
89 95
434 479
479 473
223 178
434 479
473 479
345 351
389 431
473 405
473 479
473 479
261 351
473 479
345 351
95 50
89 95
217 178
261 351
95 50
306 351
178 202
261 351
95 23
217 223
261 345
178 223
54 36
351 345
5 95
178 254
41 68
217 178
95 50
306 261
217 223
50 95
434 479
345 351
389 479
345 351
306 351
479 389
261 345
89 5
89 95
261 345
479 389
98 51
261 351
5 95
473 479
217 133
5 89
351 261
261 270
473 479
306 282
89 117
479 434
434 479
89 5
261 306
50 126
217 223
345 351
133 223
473 389
217 138
217 223
473 479
389 473
217 223
223 178
133 223
89 50
345 351
50 95
306 351
217 223
50 95
473 499
310 299
261 306
261 256
389 479
351 261
389 434
50 95
217 223
217 223
89 95
404 392
217 178
217 133
217 223
223 162
133 223
95 50
345 351
178 217
50 95
473 479
246 239
5 89
89 95
434 389
434 473
217 223
399 467
389 434
351 261
89 95
345 351
479 473
89 95
133 223
20 64
345 306
473 479
345 351
351 345
89 95
95 89
404 392
223 217
306 261
434 479
217 223
178 223
473 389
473 479
434 389
89 50
345 261
223 217
345 351
434 479
89 50
96 126
145 148
89 5
95 50
178 221
473 429
389 479
351 279
224 174
50 23
217 223
261 351
178 223
50 95
345 351
261 358
479 467
5 82
223 133
178 223
217 178
473 389
389 479
351 345
389 431
95 89
351 306
345 310
133 178
89 95
50 95
89 50
89 82
261 351
89 5
276 362
473 401
50 95
89 5
95 5
89 95
345 350
217 223
5 89
5 95
374 298
5 81
5 73
89 5
345 298
473 479
306 351
270 356
345 351
89 95
473 434
223 217
351 306
351 306
178 217
217 223
5 89
89 95
89 5
473 477
217 223
89 50
479 389
95 50
89 95
425 390
5 89
389 457
306 351
379 375
351 345
223 178
473 479
434 479
89 5
392 448
50 5
50 5
95 89
217 223
351 261
58 24
389 479
434 479
89 95
89 95
389 434
345 351
50 5
89 95
434 479
434 479
95 89
345 351
306 351
351 306
261 303
351 270
273 326
434 479
473 479
89 95
217 223
473 479
261 306
389 478
389 473
89 95
398 465
389 434
223 217
89 95
345 351
217 178
261 345
479 389
50 95
261 351
125 123
50 115
459 473
133 223
345 351
50 95
223 217
223 217
434 426
217 133
223 133
389 473
64 115
89 95
497 442
351 345
89 50
223 217
95 50
5 89
178 211
95 5
389 479
479 506
345 306
473 438
345 351
345 306
223 133
89 95
95 89
306 345
223 133
352 313
5 89
95 50
89 50
178 133
133 223
217 223
209 228
217 223
389 479
141 249
434 389
479 389
389 473
217 223
95 50
217 178
356 310
217 223
377 335
306 285
95 50
434 389
95 89
389 434
447 480
351 374
217 223
306 351
133 217
89 95
95 89
50 89
473 479
89 20
473 479
5 45
89 95
133 178
320 264
261 303
351 335
473 479
261 351
217 223
345 306
434 479
389 434
223 178
261 306
351 306
345 261
95 5
473 434
479 389
89 95
473 479
473 479
434 479
50 95
306 261
89 50
351 261
89 35
5 89
345 306
178 209
473 479
217 133
473 434
345 351
223 133
5 95
306 351
434 511
351 345
497 442
217 223
306 351
351 345
351 345
479 434
5 95
217 223
133 217
50 57
389 479
345 261
473 434
50 89
217 223
261 351
178 217
306 351
389 479
223 217
473 389
217 223
345 351
473 479
479 473
484 398
223 178
345 306
389 473
5 89
223 217
89 95
306 351
179 198
306 351
345 351
479 473
345 261
473 434
89 95
89 95
261 345
95 50
345 306
191 209
389 434
306 372
401 505
89 50
479 434
178 223
5 95
178 223
398 463
50 95
434 473
223 188
217 223
50 95
479 389
345 306
178 223
95 50
345 306
345 261
223 217
351 306
223 170
133 223
298 307
5 95
223 217
389 479
502 426
217 223
389 473
89 95
434 479
41 68
473 479
95 23
345 306
5 50
89 5
50 95
306 345
351 345
217 252
345 351
89 95
50 5
217 223
217 223
351 345
89 5
261 351
389 479
351 345
5 89
434 511
133 223
479 407
178 217
306 351
351 345
351 306
479 473
5 89
345 351
89 23
473 434
479 389
178 223
89 50
50 95
345 351
479 434
95 23
5 89
345 351
306 351
217 133
217 223
434 389
479 434
479 473
217 223
5 89
178 133
223 217
217 223
409 484
306 345
178 214
217 223
217 223
306 345
95 5
223 217
479 389
217 223
89 5
223 217
261 351
223 217
389 429
351 270
50 5
306 345
133 217
50 95
249 135
89 95
345 351
306 345
303 261
89 5
261 306
271 339
345 351
434 445
351 306
5 89
223 133
389 450
306 261
50 95
351 327
50 89
133 178
389 489
223 217
217 223
351 345
178 233
509 482
107 120
217 223
351 287
261 351
217 178
217 178
351 345
5 89
178 133
5 95
389 473
89 50
217 133
273 277
389 473
473 479
345 351
345 306
5 50
133 223
223 151
389 434
89 50
483 486
5 76
351 261
306 351
89 95
478 395
223 217
479 473
473 479
178 223
5 50
345 351
89 95
473 389
5 95
223 217
217 223
345 261
42 94
228 142
50 95
50 95
261 351
89 95
345 351
479 389
217 178
133 217
95 50
351 270
50 95
5 89
473 479
89 50
351 261
89 50
89 95
95 79
351 345
95 89
351 306
473 479
261 351
345 306
434 473
120 63
89 95
389 479
261 345
178 223
479 473
345 265
389 479
50 99
223 133
133 223
351 345
261 351
223 207
306 345
50 95
306 351
133 223
351 279
389 431
351 306
95 50
223 178
5 95
351 261
389 431
89 95
95 89
261 345
89 95
473 479
5 95
223 178
434 479
479 473
133 223
217 223
217 223
217 223
50 110
5 95
223 217
345 351
389 473
434 473
434 389
89 95
473 434
95 89
389 473
89 95
50 95
473 479
434 479
95 49
389 434
261 345
345 351
15 34
479 473
89 20
95 93
217 178
50 95
503 483
89 5
178 223
270 337
217 223
95 17
89 95
261 351
505 500
261 351
351 261
473 479
95 89
63 96
434 447
217 223
217 223
217 223
217 178
133 247
345 306
222 246
217 178
473 479
223 217
223 217
89 95
345 261
5 95
473 479
50 95
211 234
178 170
89 50
95 89
217 133
345 334
261 351
306 345
89 50
261 345
479 473
306 345
345 351
5 95
345 367
345 306
479 473
5 10
306 345
50 5
306 351
95 50
223 178
345 306
434 507
223 220
434 479
434 479
306 345
95 50
253 180
434 466
345 351
434 397
95 50
5 89
345 351
434 389
133 217
351 345
473 479
473 479
133 178
178 223
479 434
145 163
89 95
217 178
89 95
352 347
345 306
95 5
5 50
473 389
351 345
5 95
351 306
473 479
351 306
261 351
351 345
434 459
217 223
351 276
50 95
133 217
217 223
389 479
261 345
345 351
345 306
389 473
457 463
5 95
473 479
125 13
95 50
133 223
276 320
89 95
217 223
217 244
223 217
473 389
345 351
479 434
345 351
297 324
425 486
5 73
345 351
15 34
306 345
178 217
223 217
389 431
5 89
217 223
261 303
306 345
133 175
89 50
261 306
351 345
89 50
89 95
479 434
50 95
345 261
50 95
434 389
133 223
473 479
5 50
50 44
5 23
217 198
50 5
223 133
479 389
351 319
479 434
345 261
50 95
89 1
479 398
133 223
345 351
425 480
89 95
217 223
95 50
351 368
306 313
351 345
223 217
217 205
479 389
133 201
473 479
345 351
217 223
217 223
306 351
434 389
95 89
306 345
5 50
217 223
389 473
217 223
389 434
324 271
473 462
5 4
389 479
261 332
377 332
5 95
473 434
100 14
191 224
133 178
5 89
95 89
133 217
306 261
217 178
377 337
389 473
223 178
89 95
306 345
223 133
223 217
223 178
5 95
223 217
345 261
434 402
5 89
479 473
306 261
479 389
89 95
479 389
89 5
123 119
217 178
306 351
133 156
345 351
95 50
217 133
261 351
290 367
123 119
479 473
345 306
178 217
5 95
434 389
261 350
178 223
434 479
484 503
434 389
219 192
389 457
95 89
467 490
345 306
345 261
95 12
217 223
261 329
479 473
306 351
95 50
261 306
351 261
345 306
473 389
64 83
223 178
241 202
479 389
389 473
416 458
89 5
345 351
473 434
345 261
479 398
217 133
223 217
306 351
479 389
223 133
473 434
133 178
178 223
389 473
223 217
223 217
434 403
261 371
345 351
479 473
434 479
448 456
217 178
217 133
133 178
345 261
217 223
345 351
351 345
178 223
441 389
389 479
50 95
389 479
5 50
426 435
89 95
351 261
95 50
89 95
306 351
89 50
479 389
89 5
351 345
479 473
345 306
95 5
479 434
473 479
5 95
217 133
473 479
389 479
223 217
95 89
261 345
389 434
434 479
389 457
479 473
306 351
479 473
251 217
223 178
479 434
178 223
5 45
261 345
5 50
211 207
50 95
5 95
345 351
473 434
223 133
95 89
5 95
89 95
89 95
5 50
95 96
50 110
217 133
95 5
261 351
345 351
89 95
434 479
479 473
223 178
473 389
473 479
351 379
479 473
223 217
227 145
434 479
479 473
464 434
345 351
324 271
345 351
217 133
217 178
261 279
473 389
133 217
217 223
5 89
345 351
473 479
89 5
50 82
345 306
276 264
473 434
217 223
95 5
345 351
473 391
5 47
217 223
351 306
217 223
381 351
345 261
133 223
223 217
223 217
133 223
89 95
261 345
223 217
351 261
434 473
223 178
479 407
473 479
438 446
217 223
50 104
389 473
473 479
434 479
389 434
223 217
217 223
389 479
50 95
297 365
345 351
345 264
95 57
95 93
479 473
217 133
479 434
5 79
401 501
261 306
223 178
42 118
217 223
434 479
389 479
479 434
473 479
5 95
217 223
345 351
217 223
223 178
133 223
5 95
98 83
261 312
261 351
319 352
345 351
249 251
95 76
261 306
479 473
50 71
479 438
95 89
95 89
5 95
133 223
5 95
306 351
89 95
64 9
50 95
473 479
5 50
473 479
345 261
261 306
253 226
89 95
223 217
306 315
473 434
5 120
223 217
479 434
351 306
217 223
217 223
345 261
345 335
306 261
95 89
434 389
133 217
89 50
473 479
217 223
389 479
351 261
261 306
351 345
389 457
95 89
178 223
50 95
50 95
418 449
133 223
345 306
89 95
389 457
473 389
95 50
435 426
479 434
434 479
89 5
306 351
89 95
473 389
50 89
178 223
89 5
89 83
473 389
389 479
5 95
95 89
389 479
217 223
5 50
95 5
345 351
182 219
133 178
473 479
324 271
133 223
133 217
479 389
50 5
261 345
479 407
306 345
209 192
89 95
5 95
217 223
95 89
473 479
473 434
217 130
89 95
178 223
473 389
479 389
217 223
479 473
389 479
389 479
351 286
217 223
473 479
351 345
479 389
223 217
345 351
306 345
345 351
89 50
178 217
479 473
133 178
178 217
95 5
133 178
351 345
351 261
389 473
5 89
95 50
178 217
50 89
95 50
345 261
389 473
351 345
473 479
345 351
178 133
89 95
217 211
434 479
306 261
89 95
479 434
5 102
89 95
310 339
351 261
434 479
217 178
479 473
351 345
89 5
310 308
95 89
434 473
217 223
473 479
89 50
178 223
89 95
479 386
50 10
100 119
50 89
95 89
473 479
223 217
261 329
479 389
178 133
178 183
479 473
473 442
89 95
339 362
261 303
389 479
5 50
261 306
178 217
306 351
178 217
178 223
89 95
217 178
223 217
389 473
345 260
434 479
178 217
217 223
95 89
306 351
306 279
389 473
223 211
50 127
271 339
345 351
217 223
223 217
95 89
223 217
473 389
217 223
473 479
345 351
345 306
5 73
345 261
50 89
473 400
479 434
133 223
95 89
351 345
217 223
133 217
50 95
50 95
478 436
178 223
473 389
50 5
50 95
133 223
505 489
473 434
95 79
89 75
479 402
389 457
223 217
133 217
169 253
95 23
434 388
389 479
89 50
223 133
345 351
324 271
50 95
389 479
389 479
89 95
434 389
479 467
306 261
95 5
306 345
217 223
217 223
95 89
217 178
178 223
178 223
345 351
389 434
479 434
345 307
217 133
389 400
473 479
178 223
89 95
50 95
89 95
95 89
479 478
50 89
473 479
351 381
306 342
100 119
217 133
95 5
5 95
5 89
473 389
345 306
435 430
306 345
5 89
95 89
5 95
345 306
217 223
249 196
178 133
178 249
217 223
473 479
479 404
50 95
50 53
473 434
351 261
306 342
95 89
473 479
50 95
479 434
434 473
133 223
261 351
89 95
479 473
217 178
5 95
217 178
89 95
95 89
319 352
217 158
50 95
133 178
375 356
133 251
133 217
133 178
95 89
113 58
223 217
389 479
345 261
223 217
473 479
95 89
345 351
261 367
473 434
473 479
351 306
217 178
345 351
479 473
389 434
133 217
178 223
345 306
345 351
479 389
473 479
223 217
306 261
50 95
96 28
133 178
473 389
217 223
306 351
5 89
473 479
89 95
95 89
223 133
479 389
217 132
50 95
434 473
89 5
389 434
434 493
473 479
89 95
228 182
178 203
434 479
217 223
178 133
306 371
95 50
89 50
95 89
95 83
404 448
473 434
133 223
178 217
217 223
434 389
133 222
261 379
261 276
178 217
389 434
350 281
434 479
217 223
5 95
217 178
95 50
473 389
473 479
89 95
434 422
351 261
261 351
107 120
261 345
401 482
389 479
351 345
345 351
261 351
133 223
389 473
261 345
50 95
223 217
125 79
95 50
479 434
89 95
95 57
389 473
261 306
345 351
261 345
389 479
473 398
89 95
89 95
95 89
505 498
404 448
223 203
345 351
5 50
5 10
125 5
473 479
479 434
193 247
320 304
345 351
473 463
133 223
217 133
434 479
246 141
320 326
479 434
223 217
178 223
223 217
178 223
217 223
473 389
89 118
217 198
479 389
345 351
217 178
217 223
434 389
217 223
473 479
50 5
345 306
223 133
223 133
434 479
473 479
345 351
389 479
217 133
54 55
89 95
351 306
345 351
95 5
473 479
89 95
473 479
50 0
434 473
178 223
95 5
178 223
473 434
217 238
306 351
345 351
473 479
298 350
351 261
133 217
434 479
434 473
95 89
95 89
345 351
89 50
41 70
261 303
217 223
473 389
113 58
89 95
479 473
434 479
306 351
261 351
473 479
473 479
356 375
261 355
389 434
389 504
191 224
223 178
306 351
261 345
473 434
223 217
261 306
217 245
434 389
351 306
345 261
389 473
223 217
223 217
89 95
133 178
95 89
351 279
223 217
178 223
473 389
434 479
50 95
178 223
5 89
89 95
5 95
285 355
95 50
261 345
223 133
473 389
306 369
473 389
426 458
434 479
351 306
473 434
473 434
58 77
223 217
261 351
483 449
351 306
89 95
89 95
223 133
133 223
479 491
217 178
133 217
306 319
261 351
473 389
50 95
434 389
452 399
434 479
50 5
178 223
261 345
223 133
50 0
473 479
479 389
133 223
50 89
389 479
89 95
95 89
306 261
223 178
261 306
473 389
306 351
89 95
133 217
89 95
223 133
473 499
89 5
95 89
133 223
133 223
89 95
50 95
392 449
95 50
306 351
306 351
217 178
473 389
89 50
345 261
95 89
389 473
5 89
261 257
351 345
5 89
434 479
306 351
473 479
306 273
261 329
223 217
314 333
89 5
306 273
479 473
5 50
95 123
89 95
351 261
50 89
223 217
178 223
375 379
479 434
351 261
479 473
389 479
479 473
509 497
223 252
178 133
473 479
465 484
133 217
261 345
89 95
351 256
435 511
261 306
217 133
178 204
223 133
217 139
473 434
89 95
51 7
89 50
217 223
473 479
217 223
306 351
351 274
5 95
95 23
133 178
133 217
50 95
217 178
89 50
320 295
246 170
89 95
261 351
434 479
269 363
5 95
5 95
306 351
351 306
95 50
345 351
377 287
89 95
133 217
473 389
434 479
351 345
473 434
223 142
434 389
89 95
345 351
345 294
356 375
95 50
434 473
50 8
473 479
178 217
223 151
434 461
479 389
345 351
89 95
261 306
306 345
389 434
434 479
261 306
434 473
261 351
217 210
89 95
351 270
5 95
223 217
306 351
306 313
479 389
505 469
345 351
223 245
178 255
479 407
178 223
261 345
178 157
217 223
5 47
178 223
95 5
89 95
479 473
473 479
89 95
5 95
345 306
178 133
95 50
261 351
479 389
345 351
217 223
217 223
50 95
434 479
479 398
306 261
95 50
484 398
401 477
438 413
133 223
50 95
178 158
306 261
389 434
434 475
345 351
89 95
95 84
473 434
306 351
178 223
133 223
345 351
479 473
223 217
217 142
473 479
95 89
223 217
95 5
89 95
133 223
89 95
484 398
89 50
345 351
133 217
89 95
337 320
217 223
89 95
217 178
335 339
473 434
5 95
50 95
434 479
438 484
5 98
89 50
5 95
217 223
351 345
473 389
178 223
95 89
324 271
178 223
279 306
404 392
389 431
404 507
217 133
223 217
178 249
89 95
330 356
133 217
217 223
217 223
503 392
351 345
191 248
223 133
217 133
217 223
261 351
89 95
50 95
223 217
479 473
217 133
345 351
50 95
5 95
261 351
345 351
434 479
473 479
345 351
178 217
223 217
89 95
345 351
223 133
434 389
50 5
217 223
399 467
473 507
133 223
89 50
434 389
473 479
425 417
479 473
389 434
50 78
50 5
5 95
389 479
473 389
217 223
178 191
397 491
345 306
223 133
351 261
89 50
434 479
95 89
95 83
89 95
50 65
89 50
50 5
345 261
351 345
261 345
345 351
345 351
261 306
133 223
178 223
223 178
389 479
178 133
473 479
50 95
434 389
95 89
223 217
261 351
217 223
345 351
89 95
345 261
133 223
217 223
133 158
389 434
479 431
223 178
217 223
473 479
389 434
178 223
473 479
50 5
191 223
473 434
473 479
178 223
217 133
479 407
479 434
89 95
351 261
351 345
223 178
217 223
389 479
306 351
133 223
123 119
389 479
133 178
306 261
217 223
223 217
5 89
473 479
351 379
345 351
389 500
351 261
345 351
473 434
351 345
95 50
223 151
261 303
95 50
310 375
133 140
458 404
178 223
89 95
89 95
223 178
178 213
223 217
473 434
389 479
50 95
473 479
95 50
5 95
473 479
223 217
217 245
345 261
95 89
473 479
434 479
345 306
5 95
261 345
133 179
345 351
89 95
345 351
223 133
434 389
389 466
434 479
133 223
306 345
133 223
89 95
271 290
306 351
479 473
89 95
345 351
89 5
351 345
345 306
434 419
217 178
89 95
434 479
389 434
178 217
178 204
223 217
479 398
178 137
306 351
434 389
276 320
434 389
306 261
509 455
223 178
50 5
389 434
479 473
223 133
50 5
351 345
178 223
306 261
89 95
50 22
217 223
217 178
89 21
228 247
243 217
345 261
389 479
89 38
473 479
14 95
241 186
389 473
473 479
473 389
178 223
5 89
306 351
5 58
345 351
261 273
223 217
389 473
223 217
217 178
89 83
223 217
261 351
473 479
223 217
178 223
51 83
261 306
389 507
479 389
89 95
351 261
434 389
345 351
434 479
434 479
351 276
50 89
217 133
389 479
89 95
196 133
473 479
5 89
178 223
223 178
95 5
345 261
434 507
178 134
217 140
95 119
178 133
89 95
5 107
100 14
389 434
389 479
434 473
50 89
50 89
473 479
261 351
223 178
479 473
479 398
389 434
178 223
479 389
217 178
89 95
261 351
5 47
5 89
479 473
89 50
42 51
89 95
473 479
479 398
484 438
473 479
345 351
306 351
505 391
389 434
50 95
389 479
89 95
223 217
95 5
217 223
351 306
95 89
351 306
50 96
306 351
434 445
473 479
389 479
217 133
223 217
351 345
89 95
442 502
133 223
89 5
345 351
473 479
133 217
89 95
306 345
345 306
89 95
473 434
95 31
479 434
306 345
89 95
479 434
5 89
133 211
434 479
389 457
193 144
398 465
306 351
306 345
89 40
261 345
434 389
217 178
351 261
261 303
223 217
178 217
217 191
261 351
178 145
89 95
238 178
352 351
217 223
178 223
95 89
50 47
223 217
306 261
473 434
351 345
261 347
217 223
261 351
217 133
473 479
50 95
89 71
369 314
345 351
351 345
351 345
217 178
133 217
95 5
389 479
473 494
133 217
178 221
89 50
89 95
389 479
351 306
5 73
133 178
306 274
5 73
223 178
5 89
133 175
473 479
89 50
473 458
345 351
94 66
345 351
217 133
50 95
434 479
95 89
479 389
95 89
495 454
50 95
345 351
133 217
306 351
434 475
434 445
473 389
95 2
479 473
389 479
351 270
89 95
133 217
479 434
223 133
261 351
473 389
89 95
345 261
217 223
479 434
94 64
321 373
503 392
95 5
351 261
95 50
89 50
473 479
178 133
345 351
217 178
442 434
276 320
95 89
178 217
389 479
434 444
261 351
351 306
473 479
345 261
178 133
389 434
434 400
306 342
133 175
95 89
479 473
89 79
5 95
119 123
50 17
5 89
261 351
223 227
434 473
223 217
95 82
54 52
434 389
50 5
479 389
95 14
96 113
178 223
89 95
50 95
5 95
306 285
89 95
306 351
479 491
473 479
351 306
95 23
389 479
217 223
345 351
389 427
41 95
389 431
345 351
89 50
89 63
223 178
389 434
50 95
5 89
89 95
479 473
95 50
133 196
5 50
505 484
479 434
473 479
473 479
345 276
178 223
178 217
95 89
133 208
217 223
345 306
389 431
133 178
192 130
178 227
178 182
345 351
345 351
473 479
306 351
95 5
389 473
389 473
223 217
178 133
178 210
133 201
351 261
217 223
95 89
389 479
148 133
217 208
351 279
345 261
217 178
95 5
351 345
261 351
261 351
434 479
5 95
389 461
89 50
261 345
223 217
89 5
351 306
68 15
389 479
89 95
223 178
351 322
345 306
95 5
479 466
261 306
89 95
95 89
5 95
306 351
5 95
5 95
306 356
467 490
479 473
133 223
473 479
133 178
95 89
50 95
5 95
306 351
345 340
479 389
133 223
217 223
89 95
261 303
178 223
217 133
223 217
434 415
479 434
133 178
217 178
434 479
473 479
434 479
89 95
223 250
64 62
345 306
306 351
133 144
307 312
479 389
89 95
351 256
434 507
178 223
217 206
355 317
389 434
89 95
345 261
223 178
178 223
479 389
89 95
503 484
5 48
95 89
479 434
5 95
261 306
389 479
345 351
5 95
389 434
434 509
5 89
345 351
50 5
261 306
178 223
95 5
389 479
306 351
223 217
473 434
95 50
133 223
298 350
89 78
95 50
389 473
223 217
479 407
351 345
96 3
320 339
217 223
143 207
306 362
351 345
480 426
178 133
306 260
89 95
217 223
217 223
473 479
95 89
5 50
89 95
217 223
217 133
50 127
5 95
223 181
217 223
89 5
345 351
345 351
351 306
217 178
261 351
473 479
473 479
306 261
89 95
217 223
479 473
217 206
261 351
223 178
345 351
223 217
351 345
5 73
389 479
178 223
473 479
261 345
50 70
50 95
89 95
217 223
50 95
389 457
14 95
473 479
133 223
133 188
89 95
479 434
89 95
133 217
95 123
223 133
345 351
351 345
389 479
448 457
223 217
89 50
50 73
261 345
351 306
434 479
479 410
389 434
345 351
5 95
473 479
381 275
345 351
345 261
5 68
217 223
473 479
473 434
217 178
434 479
306 351
479 389
5 50
133 178
306 351
133 217
133 178
473 479
351 306
5 95
5 95
261 351
217 223
217 223
261 306
351 261
217 178
133 223
50 1
89 95
473 479
50 5
50 95
217 223
217 223
351 306
5 97
217 223
89 95
261 351
95 89
434 479
345 351
217 178
351 345
261 345
133 217
473 389
479 473
261 351
5 50
389 473
345 351
479 389
178 182
89 5
89 95
178 217
351 379
261 351
479 389
473 389
50 95
217 223
473 389
389 457
217 223
351 306
133 178
345 279
89 95
389 479
5 89
320 362
473 479
351 279
345 351
94 112
50 5
345 261
345 351
351 279
223 217
473 479
337 298
351 345
95 50
32 74
89 5
345 351
25 74
5 95
345 351
448 433
223 222
5 50
345 306
434 479
89 45
473 479
95 89
217 223
89 5
217 178
345 261
95 5
473 389
223 217
345 351
351 306
306 351
51 3
223 133
223 133
223 237
479 412
306 272
324 271
306 265
50 95
479 434
473 479
89 95
345 313
95 50
133 223
95 5
473 479
89 95
434 427
50 95
261 345
345 261
95 50
425 504
434 479
473 434
50 95
473 389
473 389
89 42
261 306
133 217
473 479
389 434
223 142
89 5
479 473
261 351
41 124
473 479
473 479
473 479
217 223
50 95
345 351
345 351
133 223
95 89
217 178
479 473
345 261
217 223
473 479
314 331
351 306
351 345
345 319
306 261
389 457
217 223
5 50
223 217
473 479
473 479
345 351
473 479
89 95
261 345
217 223
434 389
95 10
89 38
14 81
389 473
217 229
5 50
345 307
224 154
389 479
217 223
89 95
89 95
178 244
133 223
223 217
169 131
473 434
217 178
389 473
306 351
89 95
434 477
95 116
224 204
306 345
345 351
133 217
473 385
95 5
306 345
351 345
223 217
217 223
223 133
178 133
196 143
345 261
261 351
217 223
479 473
345 351
5 89
306 261
95 89
345 351
133 223
351 306
89 38
306 351
178 133
89 95
217 223
434 479
223 133
306 351
217 223
434 479
345 351
95 23
50 95
356 375
306 261
217 133
345 306
261 345
261 306
217 133
473 479
261 351
133 217
148 192
5 20
434 479
5 89
89 95
434 473
50 5
261 303
217 223
5 50
89 95
345 351
89 5
351 345
217 178
89 95
261 351
217 188
182 158
434 479
217 223
345 351
351 345
95 89
261 306
351 345
50 94
426 435
217 133
351 261
5 95
5 95
89 95
434 473
47 95
89 95
223 178
133 217
345 351
223 151
478 481
95 50
351 270
261 306
261 351
261 351
50 95
473 479
178 223
50 95
434 479
217 223
217 223
351 261
345 306
473 389
434 479
473 434
5 89
217 223
389 385
5 95
89 5
473 479
345 351
473 479
95 89
345 351
223 142
261 329
351 261
142 209
133 223
351 327
443 389
95 5
121 70
5 95
89 50
89 95
473 479
306 351
473 434
5 95
434 389
479 473
133 223
223 178
223 238
133 129
351 306
320 356
223 217
89 95
479 473
89 5
345 351
223 151
306 366
217 223
217 223
223 217
50 95
178 223
351 345
261 351
269 261
261 329
89 50
217 133
479 473
217 178
306 351
223 217
89 95
217 184
306 351
479 473
306 345
473 389
125 61
434 467
5 50
479 407
479 473
96 89
479 389
345 306
261 303
473 389
223 243
217 223
473 479
217 223
89 95
89 5
89 50
270 337
297 324
5 50
345 351
479 473
133 178
223 217
389 461
389 434
306 351
345 351
89 95
223 217
223 158
5 95
89 56
89 77
306 345
89 95
434 479
389 475
178 223
89 95
5 50
345 351
306 261
217 223
479 434
89 95
217 223
95 5
223 142
223 207
89 5
345 351
389 479
5 47
133 217
434 387
224 225
345 351
50 5
473 479
479 434
345 351
133 221
479 434
89 95
5 47
223 162
479 473
95 89
217 223
434 473
178 223
217 223
345 351
306 351
473 389
389 455
479 473
223 217
479 434
192 141
467 484
217 223
306 351
217 223
89 50
351 345
133 223
223 217
473 434
479 398
434 473
133 217
50 5
473 389
306 261
89 5
345 306
50 95
148 136
389 479
306 351
178 217
178 223
473 479
306 345
389 479
50 95
261 304
345 351
434 394
178 223
473 389
345 351
89 95
261 351
164 227
351 345
434 473
95 29
95 50
345 351
133 223
473 479
217 133
217 210
50 89
133 217
434 473
389 479
223 192
479 473
223 133
95 5
8 65
95 50
434 479
223 133
261 333
5 10
434 479
133 178
133 223
223 217
261 306
345 351
223 178
306 351
345 306
473 479
178 217
217 223
473 434
389 455
389 479
223 217
351 306
178 223
310 351
5 73
457 473
223 217
133 217
319 376
5 50
223 217
261 345
217 223
217 151
217 223
223 217
271 335
95 89
479 389
178 223
223 133
261 375
482 509
306 351
5 38
389 479
133 217
217 223
351 264
89 95
50 5
95 89
306 361
95 89
89 50
345 295
5 95
473 479
261 307
351 270
178 133
261 351
473 479
351 261
473 479
217 223
479 467
223 133
306 261
479 434
95 89
217 178
351 345
389 479
345 351
89 50
95 5
345 306
89 50
95 89
95 50
95 89
178 217
473 434
389 479
345 351
351 261
306 261
89 95
479 389
345 327
50 95
217 133
434 473
434 479
434 479
473 434
351 306
261 351
217 223
345 374
479 473
381 279
217 223
351 345
5 50
351 345
89 14
223 217
351 345
389 473
217 223
89 5
473 434
5 89
345 261
95 5
345 351
389 479
89 95
351 261
351 261
95 89
217 178
133 217
261 345
89 95
217 223
95 89
438 468
351 279
217 133
50 95
389 431
5 95
198 133
298 307
261 345
273 381
217 223
89 95
484 503
217 223
89 95
89 5
178 145
434 473
389 473
479 473
50 95
89 95
5 95
345 306
89 95
133 151
89 50
425 478
241 223
298 377
345 261
345 261
95 5
306 351
64 80
89 8
217 223
261 351
95 89
89 95
217 223
479 473
217 220
95 5
389 479
351 345
473 479
89 95
389 434
178 133
351 261
217 223
5 50
306 351
34 111
473 479
345 351
345 306
227 198
389 434
306 351
95 89
196 143
434 389
306 351
345 333
351 306
473 479
50 95
223 151
479 438
89 95
95 89
50 95
133 175
89 95
479 389
5 50
133 217
306 303
133 178
89 95
351 345
261 345
351 383
50 43
473 479
351 345
223 133
261 306
133 184
389 479
473 479
434 389
473 479
473 479
95 5
505 467
473 434
178 213
217 178
434 479
217 223
178 223
306 345
223 178
217 133
141 235
89 50
95 89
50 95
261 351
345 351
473 479
217 178
345 353
389 479
217 178
89 95
473 479
389 479
223 151
351 345
95 23
473 479
89 71
5 95
89 95
345 331
351 279
479 473
473 434
306 261
306 351
100 119
50 95
95 5
223 182
473 404
479 473
473 479
473 389
95 50
5 95
64 83
473 389
351 339
95 89
133 223
217 223
217 223
351 261
345 298
89 95
261 351
306 345
473 479
434 479
306 351
389 479
217 223
223 133
434 473
89 95
89 5
306 351
389 479
217 178
434 473
351 345
89 95
223 133
217 239
389 473
345 306
89 95
306 345
479 473
473 479
89 107
389 473
389 443
389 479
473 434
351 345
351 306
217 133
217 178
473 479
377 339
351 331
434 479
473 479
5 50
95 89
89 118
50 71
261 345
5 95
345 351
434 479
345 351
351 261
133 223
381 326
306 339
50 89
217 170
261 286
351 306
63 120
473 479
5 95
95 20
389 473
95 89
217 223
434 462
95 5
133 178
50 89
389 473
351 279
50 95
89 50
89 95
351 270
223 178
345 306
95 5
217 178
345 261
261 345
473 479
5 77
50 95
473 479
502 426
178 223
178 223
345 351
389 479
473 394
261 306
95 50
50 95
345 298
261 345
479 434
50 95
89 95
434 479
217 223
345 351
473 479
235 141
351 298
223 178
178 223
89 95
473 389
434 479
473 434
306 261
479 473
473 479
261 351
223 178
89 77
345 335
306 351
50 89
351 345
133 217
352 366
306 351
306 351
389 479
473 479
351 345
133 230
95 5
473 479
345 351
51 115
306 351
473 479
178 192
223 217
5 85
217 223
351 345
217 223
479 473
306 351
217 223
473 389
345 351
5 95
434 448
94 47
143 211
178 223
89 50
89 95
345 351
