512 10000
351 261
217 133
261 345
479 434
389 457
404 448
95 29
351 345
434 479
261 351
261 351
50 5
217 129
345 351
223 217
473 398
50 95
306 351
223 133
89 95
351 306
223 145
95 23
345 351
95 50
95 5
389 479
223 224
434 480
142 209
352 330
473 479
178 223
261 351
351 373
276 320
217 129
473 479
50 95
217 192
223 142
509 389
217 178
223 178
95 38
191 224
95 89
217 133
89 5
182 184
5 95
223 217
479 434
95 50
50 61
223 217
89 95
99 23
426 435
345 351
5 89
389 473
50 95
133 217
434 473
223 178
351 261
178 223
355 261
89 63
345 304
89 54
345 347
261 339
133 178
473 479
95 89
89 95
133 196
345 351
223 217
50 95
261 329
306 261
95 89
345 261
389 457
434 479
324 271
133 178
178 133
306 302
95 89
306 345
89 95
479 473
351 345
133 223
389 479
89 95
351 306
133 178
375 355
306 351
351 279
95 89
178 217
95 50
95 89
133 223
351 261
89 95
473 479
217 223
89 50
351 332
434 389
473 479
473 479
306 351
345 351
95 89
352 323
351 345
217 223
178 223
133 223
217 223
50 5
479 434
473 479
50 95
435 464
478 454
89 95
345 351
133 175
389 479
50 95
202 148
178 217
178 217
389 434
223 217
389 434
133 223
479 434
389 479
125 98
5 95
345 306
217 223
133 223
345 284
479 473
345 306
217 133
50 95
95 50
345 261
434 410
89 95
89 95
473 479
273 301
95 89
434 479
89 95
95 5
95 123
95 89
133 178
345 351
133 178
133 223
434 479
389 479
345 306
351 345
223 217
95 50
223 142
95 5
217 223
133 223
89 5
51 89
350 267
473 434
50 5
223 178
345 351
223 217
217 223
217 178
425 479
479 473
306 351
223 133
5 89
89 95
178 223
351 279
217 223
223 217
389 479
217 178
479 407
95 50
89 82
50 95
50 95
473 479
306 351
261 306
5 73
125 85
345 351
133 223
434 479
223 217
223 178
345 351
261 303
434 502
178 217
473 479
480 438
133 175
89 95
148 192
223 239
473 479
473 479
479 407
178 223
178 223
473 479
434 479
479 473
261 279
95 5
223 178
95 8
223 217
5 50
351 345
345 306
5 95
473 434
479 473
261 345
217 133
95 89
178 133
178 223
434 389
306 345
306 351
133 178
50 95
320 269
217 223
345 306
479 407
351 345
5 95
89 50
223 217
345 351
95 89
351 345
5 95
479 473
345 351
5 95
434 389
473 479
473 479
351 345
223 133
480 409
133 223
473 434
15 79
345 264
217 223
473 479
89 5
345 351
434 473
351 261
178 223
345 351
306 268
89 50
503 507
389 434
133 223
345 351
261 351
5 95
389 479
133 175
351 261
389 406
473 479
351 261
95 89
95 89
351 306
261 306
178 223
133 223
306 351
479 398
178 217
223 145
473 434
479 407
434 479
50 89
261 306
473 479
95 89
479 389
217 223
351 345
223 217
133 175
389 434
356 375
50 5
473 389
5 73
5 95
5 50
133 223
261 307
125 59
306 310
217 223
133 223
479 434
351 345
148 192
217 223
79 54
5 73
389 479
473 479
351 345
95 42
223 175
223 217
479 407
473 389
351 345
401 398
479 473
95 89
95 50
261 345
345 351
5 50
473 479
306 351
133 251
223 133
94 20
473 389
5 89
351 345
479 389
89 95
351 279
345 351
473 479
50 5
473 479
479 434
223 156
306 339
389 479
351 306
50 95
389 468
5 95
479 494
345 351
351 345
223 149
389 419
345 351
5 95
479 389
133 223
133 223
345 371
389 473
351 345
345 340
345 351
434 479
434 479
345 261
345 351
89 95
223 178
223 217
5 95
89 95
217 133
351 345
80 50
306 351
217 223
434 479
434 479
50 89
345 261
5 95
345 351
345 351
63 120
223 178
89 95
95 14
178 217
473 434
479 434
351 345
50 13
217 223
473 479
389 473
473 479
217 223
473 479
95 5
479 473
89 95
306 351
99 79
351 306
89 95
223 142
223 217
95 89
249 148
473 479
5 50
473 479
217 178
479 389
473 479
50 89
276 264
389 432
389 434
95 89
345 261
389 479
389 434
479 473
217 133
306 345
351 345
473 389
345 336
473 479
434 473
178 223
89 5
89 95
389 479
133 217
95 89
89 95
223 217
261 351
473 479
345 351
95 89
217 133
223 253
223 133
5 89
95 14
473 479
306 373
345 306
223 142
89 95
217 223
479 407
178 217
95 89
345 306
261 306
133 223
125 79
133 217
473 434
217 140
479 473
398 465
99 56
479 473
217 223
389 473
345 261
95 50
196 142
100 14
217 223
95 50
217 223
473 479
465 426
223 142
345 351
50 5
95 89
95 50
95 89
217 223
223 151
351 279
297 279
345 261
473 479
89 95
223 217
50 96
223 133
223 133
95 79
89 95
473 479
434 473
479 473
223 133
178 223
50 119
306 351
345 306
89 73
89 95
95 89
389 482
473 479
223 178
306 261
223 133
434 440
133 223
351 261
389 473
178 148
261 303
351 345
223 217
89 95
261 351
389 479
345 351
5 95
223 133
351 345
479 407
94 35
217 223
217 223
261 351
253 227
50 95
89 42
389 479
178 212
95 5
261 306
389 479
50 95
381 274
5 95
261 351
89 95
261 345
217 178
89 50
479 434
95 89
345 351
434 479
345 351
261 345
345 351
351 306
217 223
5 89
217 223
145 189
389 479
217 160
178 223
95 89
223 217
89 5
479 407
351 352
89 94
169 135
133 217
178 223
389 479
434 479
345 261
217 182
473 389
434 479
50 95
223 217
345 261
434 479
306 345
306 351
473 479
473 479
479 473
5 89
178 133
351 363
389 479
223 142
133 223
389 399
351 306
389 479
389 479
17 83
345 306
351 264
223 142
345 351
351 345
89 95
473 479
345 306
95 50
389 479
5 95
217 175
479 407
473 479
473 389
345 351
473 479
261 351
178 217
345 306
224 167
351 345
178 222
178 217
50 95
473 479
5 23
217 133
133 217
50 95
351 306
345 261
95 89
223 178
306 351
223 142
351 345
473 479
50 89
178 246
201 133
217 178
479 473
479 434
479 473
345 306
5 50
473 479
133 223
89 95
50 95
178 223
479 389
261 351
345 306
50 89
261 345
223 217
89 50
50 95
89 5
223 133
5 95
434 426
345 261
89 5
5 89
5 115
217 133
345 306
306 327
479 454
89 95
473 479
480 494
223 217
50 5
345 306
345 351
223 217
389 434
473 479
95 89
345 306
50 95
217 178
95 5
217 178
351 306
223 217
217 178
352 322
324 270
217 223
479 434
217 223
5 95
133 223
89 117
133 178
434 473
89 95
479 473
133 211
389 394
345 306
5 50
89 95
217 223
95 89
95 89
217 133
261 345
389 479
473 479
89 95
479 407
89 95
434 479
479 389
178 217
223 217
217 178
223 178
351 261
434 479
473 479
253 223
89 5
473 434
434 473
89 94
434 479
473 479
89 95
223 217
178 133
178 223
261 351
479 389
223 133
95 5
223 217
217 223
473 434
89 95
479 389
217 178
253 196
389 384
89 95
89 5
261 306
345 351
345 351
479 461
345 306
261 351
479 473
473 479
95 89
351 345
50 13
106 95
479 434
389 479
133 223
223 178
133 223
50 95
369 314
133 223
217 223
473 434
89 95
89 5
89 95
345 306
261 345
217 223
223 217
178 133
479 389
217 178
95 89
223 217
261 339
223 133
261 303
425 454
389 443
434 473
5 95
434 452
473 479
223 217
89 121
217 133
479 473
217 223
223 217
306 351
389 434
89 95
5 79
306 351
261 351
261 306
89 95
307 319
50 5
345 351
89 95
217 223
50 95
8 64
345 351
479 473
473 479
95 75
345 306
50 95
178 133
378 345
479 473
438 493
95 5
261 306
65 126
452 398
253 223
95 89
434 403
473 479
64 83
374 321
95 23
319 376
434 479
217 178
95 89
89 95
345 351
306 272
95 23
345 351
89 50
479 389
217 223
306 261
5 50
473 389
345 351
217 223
89 82
89 5
261 345
434 477
306 261
351 345
217 223
217 178
5 89
133 178
217 223
89 95
473 479
50 95
434 479
5 73
473 479
473 479
306 351
479 392
473 389
298 354
479 407
479 434
89 50
261 306
389 473
473 479
473 479
351 336
5 95
479 389
306 351
50 95
223 178
306 261
217 223
389 431
345 351
261 306
389 401
389 473
217 133
217 223
133 217
5 83
306 351
133 223
351 261
217 133
133 223
389 407
89 95
50 95
351 306
217 223
473 479
223 178
99 15
95 89
306 351
479 455
479 398
143 207
434 479
261 345
351 345
389 479
223 178
217 223
434 479
95 89
95 50
89 95
95 89
389 479
479 468
389 479
223 217
223 217
223 217
95 5
133 223
306 351
447 480
50 116
306 351
217 223
261 345
434 389
178 217
217 223
217 223
306 288
5 95
95 89
306 290
261 351
389 479
261 306
223 217
351 345
351 347
479 407
473 479
369 314
89 50
261 303
351 345
5 89
345 351
473 389
178 217
345 351
89 95
345 306
223 133
95 89
223 217
479 389
217 223
5 95
434 479
434 480
434 479
5 95
345 261
178 217
133 178
217 178
345 351
345 351
345 351
133 217
178 245
223 178
351 324
473 434
178 223
133 217
5 95
345 351
178 223
178 217
89 95
178 217
217 223
479 407
50 89
89 95
178 133
497 463
345 261
217 223
434 479
70 42
217 223
217 223
306 351
41 68
50 38
217 133
345 306
306 351
473 479
223 133
5 76
133 223
117 50
217 223
191 224
217 223
223 246
182 138
306 351
447 480
351 345
178 217
351 345
351 345
434 473
50 95
473 479
261 345
95 5
479 473
306 351
479 473
473 479
389 457
434 479
217 178
434 479
54 109
89 50
223 178
133 178
473 389
89 5
345 351
306 345
473 389
63 120
306 351
473 479
434 479
17 95
261 351
261 329
50 94
223 133
389 495
89 95
5 95
261 306
89 50
133 217
261 310
404 448
351 345
125 117
479 389
89 95
95 75
351 306
5 50
306 351
217 223
261 345
389 434
473 479
473 434
345 351
95 50
351 261
89 5
217 223
507 434
5 95
133 223
14 100
473 389
473 434
351 340
89 50
345 351
387 473
473 479
89 50
178 223
5 89
89 95
89 95
178 239
351 261
223 142
217 223
345 351
261 345
473 479
473 479
261 306
217 178
89 5
473 507
345 351
261 351
89 95
389 454
178 223
473 499
261 351
133 223
178 223
178 217
434 415
223 178
479 389
351 306
223 217
434 479
389 479
217 178
473 479
89 83
389 473
351 261
389 479
351 306
350 349
389 479
217 223
217 223
356 310
217 223
261 306
345 351
133 223
223 131
389 431
351 261
178 133
217 223
355 329
50 95
89 95
95 89
133 223
5 89
473 479
223 217
217 223
345 306
95 89
89 95
89 62
50 54
434 414
404 392
479 473
389 468
95 5
306 273
434 389
95 50
95 89
95 50
95 5
345 351
374 321
306 345
389 434
479 473
473 434
261 351
345 351
223 217
276 320
473 479
434 473
473 479
95 48
217 178
479 389
261 351
178 133
434 406
223 133
434 469
133 178
89 95
389 473
306 351
133 175
479 407
345 351
473 479
351 279
473 479
89 50
351 306
133 223
473 389
89 95
89 95
345 289
223 133
389 479
5 89
261 345
297 324
345 351
207 208
345 351
389 448
50 95
345 351
178 217
351 261
217 178
5 50
351 345
50 5
178 133
351 345
178 223
306 303
94 3
434 479
389 473
89 95
389 434
133 217
306 327
306 351
473 479
178 223
217 178
95 89
178 223
473 479
50 14
89 95
59 80
473 479
351 261
95 50
345 351
95 89
261 288
133 175
133 178
479 473
261 345
473 479
89 109
89 95
223 217
434 389
217 223
133 223
351 345
89 95
89 95
217 153
351 306
143 162
345 351
473 479
479 389
389 479
133 223
479 473
389 507
50 95
95 5
345 351
95 89
95 5
434 479
50 95
133 178
473 479
502 463
223 178
345 261
261 369
473 407
217 223
356 270
133 223
89 95
178 217
389 479
345 261
306 351
389 479
273 377
345 261
389 434
483 456
227 166
133 217
5 95
95 5
223 178
178 223
217 223
5 107
95 50
261 351
50 5
217 223
217 223
345 312
507 503
178 223
351 345
89 95
178 145
356 375
351 345
479 473
223 217
50 95
479 434
319 352
473 479
89 5
217 223
479 389
345 351
345 351
355 324
89 50
297 333
345 351
261 279
133 201
95 110
473 434
223 133
223 217
89 5
95 50
143 162
473 479
261 351
5 95
479 473
345 351
261 345
89 50
89 50
351 345
306 261
479 473
306 351
351 345
217 223
63 96
434 478
351 285
95 89
5 50
133 223
5 73
178 217
223 217
389 434
133 217
133 217
217 133
261 306
89 95
89 95
306 261
434 467
5 50
473 479
351 306
345 306
352 355
479 473
223 217
178 223
95 5
95 14
473 479
223 217
223 133
223 217
50 89
345 261
89 50
5 95
223 217
345 351
479 389
223 133
261 303
95 50
217 223
217 223
345 351
50 95
249 133
89 95
345 351
345 351
473 479
306 351
261 351
351 345
217 178
352 365
473 479
261 369
351 261
438 467
89 95
95 89
5 95
89 50
89 95
42 51
389 479
389 479
50 93
434 417
5 47
223 217
95 89
95 81
241 186
5 95
5 89
54 89
389 457
133 223
217 223
223 217
89 95
95 89
261 333
351 281
434 479
306 351
178 223
95 5
95 5
345 306
473 434
306 339
217 178
306 335
89 95
217 133
178 223
223 217
5 95
473 479
345 351
5 95
133 217
473 389
389 486
89 95
223 133
473 479
5 50
434 479
479 426
223 142
306 351
223 217
306 351
95 89
217 223
306 351
473 479
94 97
89 95
434 389
434 479
473 479
479 473
479 473
217 223
351 345
351 261
100 54
51 17
479 473
50 95
71 50
89 50
261 345
306 351
223 178
95 89
351 306
389 473
434 507
178 223
89 74
178 223
473 434
223 128
133 158
479 473
178 223
389 479
223 217
479 473
389 479
434 402
133 223
345 351
434 479
217 223
479 389
133 217
479 434
351 306
51 56
217 133
345 351
484 503
223 217
479 473
473 479
133 178
50 89
473 434
351 345
192 222
345 351
95 89
178 133
479 473
389 473
89 56
473 416
473 479
434 473
261 345
5 95
5 50
491 397
227 206
345 351
389 434
345 351
217 133
178 223
133 217
89 50
95 5
389 473
503 404
178 217
351 345
143 162
345 306
473 434
50 95
351 366
217 178
351 345
95 89
483 467
133 223
50 0
223 217
148 234
351 345
217 133
345 351
389 479
95 76
89 50
217 223
95 5
261 351
473 479
95 89
355 259
345 351
351 345
473 389
223 217
479 389
434 385
479 473
223 178
345 319
351 306
133 223
5 89
133 223
345 327
434 479
479 473
479 389
483 475
95 5
345 351
95 5
306 351
389 418
217 133
95 5
389 479
95 89
89 95
217 178
434 473
261 351
95 89
178 223
95 89
351 306
89 95
89 5
473 479
5 95
345 261
271 290
473 434
178 223
178 217
89 95
473 434
160 202
261 345
217 223
169 245
434 389
438 389
479 473
89 95
217 178
223 133
95 50
50 95
306 345
479 403
95 89
133 223
434 466
217 178
261 351
95 89
389 473
217 223
473 479
89 101
479 473
351 345
473 479
178 223
178 223
217 178
345 261
345 351
89 5
389 434
351 345
95 80
217 223
178 192
434 479
261 303
479 434
351 345
351 327
306 345
50 82
50 95
434 389
50 60
479 389
133 217
50 95
5 89
95 89
351 345
351 306
5 89
306 374
223 133
389 434
95 89
223 217
89 50
133 178
223 217
306 378
5 95
5 89
306 351
473 479
217 223
479 446
89 95
217 168
479 473
217 133
223 217
217 223
473 479
306 351
507 389
306 261
89 50
223 245
223 192
133 223
473 479
479 473
217 244
479 434
479 493
95 5
479 473
319 376
217 178
178 211
95 89
473 479
217 178
479 434
178 223
351 306
473 479
5 95
50 89
261 306
345 306
389 479
5 89
253 224
89 95
434 479
473 479
434 409
434 415
217 223
5 50
261 345
434 479
319 376
217 178
217 133
95 8
95 89
89 95
345 306
351 345
295 306
5 89
473 396
345 351
178 223
50 95
89 95
351 345
351 261
223 178
133 178
178 223
479 389
345 306
95 50
434 479
50 89
345 282
95 89
178 223
351 345
345 351
217 178
306 351
223 133
345 351
473 389
223 133
473 479
95 89
473 479
479 473
473 479
5 95
479 407
95 89
223 178
178 223
479 434
178 217
217 223
434 479
434 473
426 435
5 89
178 223
89 95
89 95
473 434
160 202
389 479
89 95
261 345
50 95
389 479
5 95
351 306
50 95
434 473
217 178
473 479
133 178
479 440
217 133
5 95
95 89
479 434
351 336
133 178
178 223
345 351
473 434
473 479
141 235
351 345
178 133
227 226
217 223
89 95
389 434
217 223
319 352
223 178
306 345
479 385
306 261
136 192
345 351
434 479
178 207
345 351
5 89
89 95
351 345
389 473
50 52
223 166
345 351
479 431
473 479
345 351
178 217
89 95
389 457
217 223
351 345
261 263
351 345
261 306
89 95
133 223
261 337
448 399
261 351
217 223
178 133
133 217
306 351
389 479
95 89
479 473
351 345
178 223
5 95
389 479
223 142
345 319
306 351
89 95
217 178
479 389
389 479
50 4
178 223
345 351
434 479
95 93
5 89
133 243
434 511
434 473
223 178
133 217
178 223
473 479
50 95
133 182
389 473
133 148
50 89
261 345
351 270
217 175
434 479
50 119
261 351
89 68
345 331
89 5
223 178
352 300
473 389
473 479
505 470
89 5
5 95
89 95
113 58
223 151
223 178
133 217
133 223
479 434
89 95
217 133
5 95
389 473
223 142
389 434
479 473
178 223
50 5
178 223
89 95
223 133
217 202
89 95
467 399
479 389
95 50
389 427
5 11
223 178
228 142
306 351
178 223
351 306
479 434
345 261
223 217
217 178
217 133
306 351
89 95
89 5
261 259
133 178
261 345
345 306
223 178
223 217
5 95
217 223
95 5
217 178
351 345
479 434
133 223
479 473
50 95
89 50
261 345
434 479
434 389
389 479
95 5
479 473
178 223
479 420
473 479
178 133
473 479
95 66
345 266
351 345
351 345
434 389
351 345
389 419
345 304
351 306
345 306
178 217
306 261
100 119
351 345
473 389
217 223
5 95
351 345
306 350
133 217
261 345
473 479
95 50
217 223
434 473
223 151
178 223
306 351
89 95
345 351
479 473
479 387
351 306
89 50
434 431
351 345
50 89
479 434
306 345
389 479
217 223
479 434
217 178
95 89
217 178
483 501
178 161
217 178
5 95
89 5
434 389
473 389
345 261
5 82
217 223
434 389
351 261
434 479
345 365
261 306
442 497
351 345
95 50
473 479
89 95
351 345
306 345
95 50
479 473
223 178
178 133
178 223
473 479
479 434
89 95
95 77
178 133
241 186
95 89
223 217
345 351
389 434
217 133
345 341
133 211
40 64
217 223
89 95
351 345
89 50
389 479
351 345
298 307
345 261
345 351
479 434
306 295
89 95
479 434
345 351
95 5
434 479
261 306
5 82
50 57
473 479
306 286
345 351
389 479
217 223
345 371
479 473
479 389
89 95
133 217
5 95
51 42
95 89
217 223
473 479
133 178
5 89
5 89
473 434
473 479
473 479
345 261
178 223
178 193
261 351
473 434
473 479
351 345
473 479
95 89
223 217
217 223
178 223
89 5
50 5
505 437
345 351
217 223
345 351
89 95
217 178
95 50
95 89
306 351
89 95
89 95
306 351
473 479
435 426
89 95
351 306
5 95
178 223
50 95
133 178
89 95
95 50
95 89
217 223
261 351
178 223
217 251
479 434
50 95
389 479
434 389
95 50
351 345
261 379
345 261
435 424
89 45
5 50
50 95
89 5
120 116
306 351
178 223
133 223
89 95
288 330
133 223
162 142
389 473
95 89
89 95
351 345
5 89
271 339
89 95
89 5
95 89
50 95
389 473
95 50
89 50
217 223
89 95
133 201
99 51
89 78
178 223
95 50
351 345
217 133
95 50
178 223
95 10
351 306
389 479
89 95
479 434
89 95
95 117
345 351
95 89
133 178
479 473
217 223
95 89
351 345
473 479
389 447
473 389
473 479
434 389
351 279
133 217
133 223
133 251
217 223
352 373
95 89
434 479
217 133
479 473
133 223
143 162
178 223
95 89
89 95
50 95
50 95
133 217
306 345
89 50
50 57
261 306
473 479
261 345
306 351
50 45
479 398
50 5
50 95
479 389
42 51
217 223
5 14
50 53
5 95
178 147
217 223
320 339
89 5
95 89
5 95
223 133
133 223
479 389
5 50
389 434
133 201
351 306
217 223
389 473
95 5
89 94
5 50
351 345
223 133
389 457
50 95
95 5
261 351
345 261
95 89
95 50
434 473
89 95
223 133
345 351
32 13
178 223
356 375
217 223
479 422
473 479
50 14
95 50
261 345
217 223
351 345
345 295
345 351
345 306
345 261
306 333
261 351
351 306
345 351
261 329
473 434
5 47
5 95
434 479
223 217
306 339
133 201
351 261
89 50
479 407
217 133
261 345
345 351
479 473
297 280
89 95
133 178
434 479
95 89
306 261
50 89
473 476
434 479
95 5
434 401
345 261
178 217
5 95
478 483
89 95
261 345
217 223
473 389
434 479
473 434
217 223
479 473
479 473
261 306
178 158
434 389
89 95
479 434
479 398
41 31
351 261
350 377
178 199
95 16
473 479
306 377
50 5
5 50
5 95
261 351
5 95
89 95
505 397
351 279
133 208
89 5
434 479
5 89
223 217
306 351
5 95
178 223
178 133
223 217
434 394
473 434
473 479
89 95
434 479
50 95
178 217
133 217
95 89
192 141
133 153
133 223
125 95
306 351
345 306
178 223
345 351
224 220
133 223
473 479
479 389
434 479
261 351
479 389
5 89
133 178
89 95
95 89
306 271
217 223
223 217
95 5
89 95
271 290
89 95
473 434
479 473
401 495
50 95
5 95
5 74
434 473
178 133
351 261
345 261
345 261
50 95
178 223
95 20
479 389
217 223
306 345
345 351
217 223
297 361
261 306
217 223
217 178
223 178
95 89
89 95
95 89
217 223
223 217
89 95
89 50
95 50
217 223
217 223
89 78
5 95
473 389
389 479
89 50
351 345
345 351
479 389
479 434
5 68
434 479
306 351
89 95
351 345
479 407
479 473
178 223
351 261
5 89
261 306
89 95
5 107
95 89
133 217
89 50
217 223
50 89
95 50
306 345
261 345
351 306
389 479
50 110
5 50
479 473
50 5
282 261
223 217
107 13
217 178
95 89
95 89
89 115
5 89
50 89
261 351
306 351
434 389
95 50
223 217
502 449
351 345
217 131
351 273
479 473
345 351
223 133
389 434
473 386
389 479
434 479
479 473
95 50
389 479
434 479
133 223
133 217
369 314
306 351
89 5
351 345
223 178
94 113
133 247
261 306
351 306
133 210
345 306
261 306
133 199
5 89
351 345
50 23
389 434
95 89
50 5
89 95
434 479
345 306
217 133
5 47
389 479
345 351
473 485
223 185
89 95
5 89
178 223
95 50
389 479
306 351
306 351
95 50
50 89
479 473
306 345
5 110
479 389
261 306
434 479
434 479
473 434
479 389
95 89
95 110
50 89
351 345
95 89
306 261
399 467
89 95
479 473
434 473
465 397
217 223
95 89
89 50
95 23
479 434
356 375
306 351
480 404
89 95
479 389
178 133
389 473
5 89
89 50
5 95
434 429
389 473
133 208
306 345
5 95
479 389
5 95
306 351
502 426
434 479
473 434
223 151
261 256
223 133
63 5
95 5
133 223
50 95
271 290
223 133
345 351
89 50
89 5
473 479
89 50
89 95
133 217
306 351
169 145
434 479
473 479
389 473
307 378
95 20
223 217
345 351
473 479
306 351
473 389
217 223
479 389
217 235
261 351
223 178
389 473
89 50
389 391
178 250
479 473
223 133
345 351
434 479
50 20
455 434
89 50
351 345
89 95
351 345
473 479
473 466
479 473
217 223
223 217
223 178
89 95
223 167
133 223
223 178
484 398
351 270
50 95
191 248
178 223
473 479
479 434
217 178
50 95
479 473
381 306
50 122
95 89
241 186
217 223
345 351
495 454
351 345
473 479
389 479
465 426
473 479
306 351
345 306
223 136
473 479
345 351
50 95
50 89
133 217
448 417
261 345
5 95
223 217
89 95
261 306
5 50
434 473
50 5
351 306
261 351
345 351
95 89
261 351
95 94
434 479
261 345
95 89
249 205
473 434
351 345
389 457
217 223
319 352
351 345
480 476
473 479
5 50
217 223
306 351
389 473
389 479
5 89
178 223
345 351
133 178
479 473
473 479
89 50
345 264
89 5
375 276
5 95
389 479
479 434
345 351
434 479
473 434
5 50
208 217
345 351
261 351
434 479
178 223
473 479
95 89
351 345
226 253
473 434
473 479
133 223
479 494
89 95
345 351
306 345
178 223
473 479
5 95
50 89
5 95
217 223
217 223
5 95
223 229
389 479
345 351
351 345
89 85
50 95
5 89
389 473
89 5
389 479
261 351
5 89
473 479
178 223
223 178
473 479
5 95
345 351
345 306
351 285
261 345
434 479
261 351
473 457
179 172
5 95
95 23
479 473
95 89
479 455
345 351
479 473
179 170
223 217
223 217
479 434
50 93
345 351
345 351
95 89
473 469
217 223
50 5
178 223
50 95
337 270
389 431
473 438
95 50
479 458
217 133
345 373
223 142
68 15
133 151
217 223
479 463
351 345
89 95
178 223
222 243
351 306
345 261
389 434
133 223
351 366
306 345
473 434
208 253
345 351
345 351
133 178
473 434
95 50
95 116
223 178
178 223
95 89
50 89
5 94
473 479
178 238
217 178
483 457
261 374
217 223
178 223
178 217
95 89
306 351
389 434
178 223
223 217
389 479
401 441
89 95
297 324
217 223
5 89
389 473
89 50
473 434
434 479
133 217
178 133
50 95
434 479
89 50
355 327
217 223
351 306
306 351
89 95
426 398
223 142
50 95
223 133
479 473
50 95
389 404
217 223
89 95
178 223
261 345
375 379
133 178
133 223
142 209
351 261
5 95
389 434
217 223
479 400
217 223
5 50
351 306
389 431
261 351
223 142
473 434
41 70
351 345
217 178
89 50
133 223
345 306
217 178
217 223
306 351
345 261
473 479
178 133
345 351
345 261
434 389
5 95
434 404
95 89
5 50
50 5
479 473
223 217
261 345
191 248
5 95
306 351
479 389
448 386
217 133
473 467
479 478
145 166
345 351
217 178
50 5
345 351
133 217
345 351
42 51
434 389
306 351
50 102
389 497
217 223
473 479
261 345
89 107
178 217
473 389
50 95
89 95
95 89
479 434
5 89
434 401
89 50
345 351
479 389
217 223
64 83
50 95
178 217
133 178
223 142
178 223
434 479
89 95
473 479
389 473
479 398
222 211
479 473
95 50
389 473
479 473
50 83
50 95
223 146
356 270
345 351
89 50
133 223
217 133
463 438
369 314
351 261
223 133
113 58
95 50
457 389
223 217
50 5
223 133
479 473
479 401
389 473
345 306
389 479
479 477
434 473
196 143
389 479
306 345
306 351
479 434
95 5
89 5
133 223
345 261
306 351
178 217
473 389
438 434
119 99
351 261
51 124
473 479
217 223
261 351
306 351
133 223
345 351
434 473
345 351
509 454
479 434
351 345
178 223
95 5
95 89
5 50
473 479
95 50
89 95
345 351
351 306
5 50
473 434
479 473
89 75
89 5
399 463
89 50
133 144
345 351
5 89
473 479
473 479
223 217
196 143
223 221
306 351
50 95
89 95
345 351
261 345
434 479
223 217
133 178
345 351
473 479
95 89
434 479
306 309
509 470
479 434
479 389
473 389
223 217
95 14
261 351
89 50
261 306
473 479
375 356
351 345
223 217
217 223
351 306
178 223
473 389
133 223
261 351
351 345
133 201
345 270
133 223
389 434
351 279
345 294
89 5
89 50
345 306
345 351
336 381
217 223
261 274
5 47
95 89
306 345
50 95
217 223
51 42
89 50
50 95
217 223
389 447
398 389
217 133
389 479
434 479
261 351
95 89
479 434
89 102
479 473
217 223
351 261
223 217
389 479
178 142
261 303
479 389
5 76
133 217
89 95
261 351
133 175
479 473
389 473
217 223
350 290
50 95
389 457
89 50
345 331
178 223
479 473
345 261
223 217
217 223
89 5
473 479
95 89
5 89
95 5
95 50
50 75
222 175
261 306
217 223
50 5
217 223
95 5
345 365
389 479
95 89
473 434
178 133
473 479
306 351
94 35
306 351
473 479
89 95
178 223
312 261
178 217
223 217
50 95
261 306
306 351
217 223
50 5
351 345
261 345
89 95
479 434
434 479
89 95
83 89
89 95
345 302
477 479
94 114
5 95
223 217
217 133
473 479
261 351
389 479
89 95
351 345
178 143
217 136
473 434
434 479
50 110
479 434
381 265
434 433
235 141
217 178
449 510
479 434
5 89
217 178
89 50
178 217
351 306
89 95
89 5
261 351
479 442
306 351
223 217
133 223
50 95
89 95
89 23
223 178
178 133
95 89
217 178
473 479
178 223
50 95
479 398
473 479
178 223
95 5
389 414
178 166
389 473
473 479
89 5
479 473
473 479
50 89
345 306
89 95
491 397
178 223
351 261
261 351
89 95
473 479
351 261
351 306
217 223
217 223
95 89
133 223
389 434
223 133
345 264
133 188
447 480
261 351
345 351
196 143
95 89
479 434
261 319
345 351
473 434
223 217
89 75
5 89
389 479
89 95
95 5
89 95
89 95
345 351
479 434
178 223
434 479
473 434
473 434
143 207
50 95
50 1
89 45
261 351
50 95
95 89
95 89
320 262
223 217
89 95
217 133
261 345
473 479
89 5
389 434
178 223
223 133
50 125
473 479
5 95
473 434
434 479
217 223
473 389
261 306
133 223
448 385
227 164
473 479
306 351
345 351
223 244
306 351
473 479
89 20
178 189
133 212
389 479
133 217
95 89
5 89
133 223
133 217
217 223
306 345
217 223
89 95
217 178
95 5
133 251
306 351
351 332
15 34
473 434
133 149
5 89
352 311
319 288
89 80
306 351
345 261
351 345
473 434
261 351
473 479
217 223
479 434
473 479
223 133
473 479
5 95
217 223
434 389
389 473
261 306
89 95
89 95
351 345
178 223
178 217
89 50
95 5
217 178
217 223
473 434
89 50
95 89
217 223
434 479
389 473
473 434
434 479
89 50
434 479
5 95
389 479
351 345
223 217
217 206
306 351
217 178
89 99
351 306
479 473
473 389
351 340
473 434
15 79
345 351
133 200
479 473
452 399
178 162
95 50
261 351
5 119
133 223
95 5
178 223
306 351
479 407
306 351
5 96
170 179
345 351
345 351
473 434
351 345
89 95
50 95
345 351
178 223
479 434
89 50
345 351
223 133
223 217
351 345
217 133
261 379
399 418
5 89
95 5
345 351
89 95
261 351
320 303
306 351
5 50
351 345
96 71
434 479
434 479
125 65
50 95
133 217
479 434
95 5
89 95
351 281
479 473
473 389
89 20
133 223
306 377
306 374
178 217
434 479
351 345
351 306
5 89
473 426
95 50
509 394
484 398
89 5
345 351
261 351
473 389
321 280
479 434
89 5
89 80
389 473
307 298
217 223
351 345
50 95
5 50
5 89
261 329
217 223
89 95
345 351
479 473
89 95
345 351
345 351
133 223
89 95
351 345
223 217
345 351
306 351
95 89
306 351
306 345
473 479
345 306
133 223
89 95
64 83
217 223
15 83
306 345
306 339
306 351
345 351
217 178
479 434
178 133
217 178
217 223
434 479
5 95
89 95
95 50
217 178
89 95
473 434
473 479
217 223
351 345
217 133
217 223
50 95
389 473
479 473
374 298
479 389
223 217
473 434
95 23
351 261
178 223
217 178
228 179
473 467
133 253
479 466
89 50
473 479
133 217
306 282
479 434
345 351
434 479
473 479
434 479
50 89
223 178
335 339
479 473
306 345
351 345
434 389
351 261
261 345
95 89
479 389
5 50
95 89
473 434
434 479
89 95
389 479
377 276
89 50
223 217
465 426
133 217
50 95
261 351
50 5
473 479
89 5
351 345
253 223
133 204
473 479
217 223
389 479
95 89
306 261
345 261
351 306
479 456
345 351
306 351
41 24
95 5
434 479
217 223
89 95
473 479
479 473
345 351
389 479
345 261
434 479
178 223
178 168
20 8
217 223
217 178
479 473
179 240
217 223
89 50
89 95
217 223
479 434
351 261
389 473
473 479
178 223
178 223
261 306
178 217
473 389
306 351
223 217
448 431
217 223
223 142
50 89
50 95
351 345
473 479
217 178
50 95
434 389
434 479
473 479
89 5
306 351
50 95
434 473
191 207
473 434
473 389
404 448
362 326
351 261
178 169
389 434
434 426
5 89
217 167
345 261
217 223
473 479
306 351
95 5
345 351
5 95
217 223
89 5
479 473
389 473
473 486
336 306
351 345
50 5
178 223
479 407
89 95
89 93
473 479
389 434
89 95
133 201
473 466
241 211
345 351
133 192
452 399
434 479
223 133
261 306
409 479
261 351
5 73
5 95
217 223
434 415
5 95
217 138
324 297
133 223
351 345
145 149
217 223
217 131
50 114
473 508
473 479
479 434
95 89
261 329
89 50
261 306
89 5
434 400
479 473
479 473
473 479
261 306
95 50
133 223
133 223
261 351
95 14
95 112
434 473
345 351
238 217
479 473
5 95
345 303
5 50
303 261
223 217
5 95
479 389
306 351
473 389
306 351
50 84
178 223
145 159
223 133
95 50
217 133
223 201
95 5
351 345
479 434
473 478
217 223
351 306
389 479
41 38
447 480
95 81
50 95
217 133
473 479
50 95
95 89
261 279
217 178
222 153
178 133
223 178
217 210
351 306
217 223
351 261
95 89
15 34
133 178
89 95
351 261
217 133
5 89
64 28
50 95
119 123
178 217
452 399
351 261
306 316
367 298
178 223
345 351
89 50
89 50
345 351
345 351
178 217
133 145
473 479
5 89
434 456
5 18
89 93
306 351
389 473
95 5
178 223
5 47
271 339
50 95
89 79
351 345
473 479
133 223
473 479
5 95
133 223
261 345
306 351
473 479
479 473
203 217
351 345
351 276
473 457
217 223
306 261
223 133
5 95
473 479
50 95
320 324
234 198
351 345
479 434
345 351
133 217
389 479
253 208
473 479
351 261
95 50
473 434
434 479
95 14
133 178
389 479
217 223
223 133
217 223
178 223
170 179
217 178
5 35
89 95
479 473
261 306
306 345
217 223
217 223
145 223
228 247
133 178
178 217
345 351
95 89
217 133
5 95
473 479
389 473
95 23
479 473
345 351
479 473
479 389
389 479
261 345
133 223
95 89
434 479
261 329
473 479
351 270
5 89
345 351
479 473
50 89
473 479
178 217
89 95
479 473
89 95
68 15
479 473
133 223
133 217
133 178
217 223
306 351
89 95
389 479
5 18
389 479
479 443
434 479
5 73
89 95
95 50
89 95
306 351
261 306
5 95
178 243
306 345
306 345
434 389
271 339
306 351
434 479
143 207
5 73
5 95
5 28
345 306
133 223
217 223
351 345
133 178
345 268
178 223
351 332
306 351
50 89
217 178
50 95
223 133
223 217
479 447
389 483
217 223
473 479
89 95
89 95
133 175
306 309
95 50
145 253
345 351
479 485
306 369
484 438
306 351
479 473
178 223
389 504
473 479
389 479
133 178
473 479
473 434
261 351
351 261
434 506
434 479
434 479
389 434
306 351
261 351
89 5
217 223
65 126
473 479
389 434
133 223
345 357
95 89
217 223
89 50
479 407
89 50
89 5
41 33
133 223
448 403
95 89
217 178
434 389
20 8
473 479
345 351
389 479
434 473
389 431
479 473
217 223
223 217
345 351
178 223
217 175
479 473
50 89
345 261
223 178
133 217
50 120
89 95
133 217
217 223
306 351
473 479
95 89
217 223
351 261
473 479
473 385
178 217
217 191
89 95
95 5
434 479
479 434
491 397
223 178
89 95
223 178
50 89
182 178
473 384
351 345
178 223
479 389
133 217
345 351
89 95
222 162
217 223
223 178
351 345
217 223
503 463
389 434
434 477
178 223
434 479
345 351
223 178
261 345
473 479
5 95
5 81
479 389
479 389
95 14
89 50
261 345
217 223
351 345
345 261
217 178
306 348
345 351
192 136
479 407
314 331
345 306
261 329
351 345
196 142
434 463
345 306
345 261
217 223
217 178
479 434
223 198
95 50
351 279
217 238
261 351
217 223
89 95
253 226
351 345
223 217
50 95
261 351
223 178
473 479
50 5
5 50
473 479
389 434
222 187
351 261
89 95
133 175
95 50
95 50
473 479
473 479
89 116
95 89
345 261
473 479
473 434
217 178
151 223
217 223
223 133
306 351
434 479
5 89
50 56
345 351
223 217
217 133
89 95
50 89
473 479
389 479
5 50
345 306
345 261
217 178
389 473
95 50
224 202
306 289
133 217
389 457
479 473
95 89
351 345
473 389
217 133
473 479
261 378
351 261
271 339
479 434
434 479
389 479
434 479
133 223
389 473
326 298
306 351
89 95
351 345
479 389
389 434
345 351
404 448
178 184
223 178
473 479
89 95
89 95
223 217
217 223
473 443
5 89
345 351
5 73
89 95
133 217
273 263
473 434
473 479
223 217
345 306
389 473
50 95
89 5
345 261
95 74
125 80
479 473
178 246
306 319
89 50
89 95
404 392
351 345
389 479
434 389
100 119
351 345
389 479
89 95
217 223
434 404
95 52
261 331
306 345
479 434
434 479
389 434
479 473
178 219
223 178
223 217
89 95
50 89
479 473
89 95
95 89
89 5
261 351
434 473
434 496
351 261
5 89
345 261
89 95
479 389
434 479
473 497
434 479
434 479
345 351
473 434
95 50
351 261
223 217
434 479
217 223
345 351
50 5
473 389
133 223
473 434
473 434
95 99
389 479
351 345
50 95
351 345
217 223
95 89
389 434
434 389
217 223
306 327
345 351
306 345
89 47
94 56
133 178
345 334
5 95
479 473
345 351
351 345
351 345
145 134
351 345
434 479
261 345
351 270
133 223
389 479
50 89
223 145
50 95
178 220
223 217
345 270
261 306
339 367
5 95
89 5
178 187
14 83
133 178
389 434
261 306
133 221
473 479
426 435
261 351
351 270
224 152
276 264
54 114
345 306
217 154
473 479
261 351
89 50
50 95
5 50
223 178
473 389
95 50
50 95
389 479
223 217
89 95
223 217
50 95
479 473
261 306
261 345
351 274
217 178
89 5
50 95
217 223
95 42
223 142
95 5
50 95
261 298
222 149
351 279
389 473
217 178
15 79
479 473
95 89
89 50
217 178
50 95
217 133
89 98
345 261
345 351
351 306
310 335
95 50
351 261
50 89
261 345
5 89
89 95
434 479
142 223
217 178
345 306
50 17
95 14
217 223
217 223
89 50
133 223
416 458
133 223
479 473
473 479
89 95
5 95
89 95
89 50
178 223
50 95
306 351
95 89
133 217
345 351
261 345
306 261
434 401
261 306
223 133
345 351
223 217
95 50
479 473
479 389
479 473
345 261
95 50
133 178
217 222
89 95
178 217
148 249
217 178
351 306
479 473
50 89
389 473
351 306
351 345
261 345
473 479
479 389
473 479
434 479
473 434
178 133
389 479
473 434
50 89
276 377
473 479
223 217
95 89
133 223
399 467
133 223
89 95
5 89
351 306
145 189
306 351
217 178
345 306
89 95
434 479
473 479
273 294
133 217
345 351
473 429
351 345
473 434
271 339
345 351
345 351
345 351
479 434
479 398
479 473
178 182
133 223
351 261
178 223
178 223
345 351
379 351
261 306
479 473
389 417
345 261
89 71
389 473
89 95
351 345
389 473
261 306
89 95
306 351
261 323
5 73
95 89
50 95
345 351
217 223
389 402
351 345
223 178
89 95
479 434
89 50
217 178
473 479
479 473
5 17
89 95
89 5
434 389
479 389
434 479
351 345
217 223
133 178
223 133
99 56
345 351
473 389
473 479
178 133
89 95
351 270
217 178
89 95
351 345
351 261
434 479
133 223
145 208
261 345
217 223
223 133
133 217
5 95
473 479
345 306
5 95
425 432
95 89
217 178
389 479
133 178
178 223
217 200
113 58
306 378
434 479
261 351
345 276
217 133
50 95
306 351
178 217
503 484
345 302
345 261
89 95
89 5
217 223
221 217
95 89
505 404
473 389
227 214
223 178
345 306
306 345
270 351
345 306
89 5
217 223
473 479
473 416
217 223
397 491
223 178
178 208
479 389
351 306
95 89
217 178
178 217
345 351
345 261
505 442
473 479
306 345
223 178
178 133
223 178
217 223
5 50
142 209
389 426
223 153
178 166
404 507
95 89
223 217
5 47
217 147
223 217
306 351
345 279
473 479
89 95
345 351
389 473
178 223
473 434
473 434
50 95
389 479
479 473
479 473
15 34
473 389
50 113
178 217
217 178
389 473
473 479
178 223
217 223
50 20
473 479
133 223
434 473
479 389
345 351
217 133
50 95
345 307
473 479
95 89
479 434
261 345
306 351
345 351
95 89
261 351
89 50
345 351
261 351
434 479
389 473
50 42
5 89
345 351
473 400
95 38
479 473
50 5
95 5
479 389
473 479
217 178
479 394
381 326
5 73
133 201
217 223
352 265
351 306
95 122
473 479
178 223
50 5
223 217
345 351
345 351
351 306
479 426
217 178
160 207
89 95
89 5
178 223
473 389
178 223
351 306
345 351
389 479
89 50
473 434
434 473
178 180
50 95
222 173
133 238
491 397
223 133
389 473
133 175
223 217
95 89
217 178
434 479
217 223
306 351
434 479
426 389
89 95
217 223
306 351
5 50
351 270
217 171
15 83
473 479
345 306
133 223
261 329
223 178
377 345
95 5
95 50
473 479
89 5
345 351
261 345
5 95
50 95
58 59
133 175
223 133
178 217
351 345
351 279
434 455
434 479
473 434
465 448
351 261
479 389
306 351
89 113
148 249
345 276
95 82
89 95
473 389
178 245
217 223
5 89
74 100
438 393
351 306
345 351
50 89
95 93
133 178
95 5
306 345
473 434
133 244
5 95
473 389
223 178
434 479
95 89
217 223
223 178
178 217
178 170
479 473
479 503
473 434
473 434
434 422
401 509
261 351
217 223
133 178
95 89
5 89
217 223
479 389
479 434
133 199
89 95
223 133
178 223
306 345
89 95
473 479
345 351
345 351
217 223
217 223
217 132
178 223
95 89
261 324
345 351
5 89
50 89
306 261
50 89
261 351
389 457
223 128
50 95
345 261
434 479
223 178
261 303
95 14
479 473
223 217
479 473
223 217
5 89
133 217
125 70
223 178
351 261
434 479
50 95
133 251
351 345
351 261
345 351
351 306
217 178
479 473
434 479
261 345
95 89
473 389
261 351
50 95
434 444
196 143
479 473
217 238
5 95
89 95
434 389
133 163
345 306
217 223
186 152
345 306
351 345
306 272
95 50
223 142
345 351
95 89
345 306
351 345
5 89
473 434
217 178
434 479
223 178
95 89
178 223
473 434
351 345
217 223
223 178
473 385
89 95
95 50
89 95
192 211
479 473
17 91
389 494
217 223
175 133
217 178
5 50
95 38
89 50
178 205
473 479
434 490
261 351
217 223
389 479
345 351
5 89
14 81
223 217
261 303
480 497
217 223
253 207
306 351
178 223
345 351
345 351
345 351
276 264
261 353
249 252
5 95
479 434
447 504
223 217
201 133
89 95
50 83
473 479
351 345
89 95
434 389
217 223
89 95
5 48
345 351
306 351
95 89
261 351
345 351
351 306
5 73
217 223
351 374
473 479
479 434
89 95
95 89
217 223
95 14
133 178
133 223
50 95
337 269
389 434
5 50
89 50
261 351
178 223
479 473
401 423
178 217
223 217
96 60
217 133
306 311
261 345
473 434
389 479
217 223
480 462
356 375
217 173
95 5
345 351
8 64
223 142
483 459
95 5
479 389
345 351
306 261
142 209
351 261
306 304
178 203
5 89
133 217
345 351
319 376
479 407
133 178
178 223
133 175
89 92
178 223
345 306
434 479
95 89
5 95
223 151
389 479
89 95
95 50
133 178
113 58
133 217
479 473
473 479
261 306
345 258
50 95
15 83
479 473
345 306
306 351
223 142
473 479
223 133
434 401
5 102
89 95
223 142
95 50
261 329
223 217
178 217
95 89
5 89
351 261
50 95
434 398
50 5
95 23
217 223
223 217
133 217
95 89
191 224
389 434
133 178
306 303
89 95
50 89
95 89
351 306
473 479
95 50
217 223
223 217
95 50
178 223
345 306
118 13
223 235
217 178
50 95
345 351
178 223
95 89
345 351
434 479
133 223
389 473
345 351
389 479
434 433
389 473
351 345
223 217
345 351
345 306
345 351
50 5
389 479
133 223
95 89
389 473
306 351
351 345
351 261
261 351
125 70
473 415
192 222
50 95
473 434
217 223
389 473
345 351
351 261
351 345
479 389
473 479
89 78
178 223
217 133
50 5
178 223
434 473
95 89
89 95
345 351
179 229
5 95
434 479
261 345
345 351
5 95
133 192
473 479
261 306
222 243
95 89
473 434
217 223
374 269
178 223
133 191
351 306
345 261
217 133
5 50
5 89
133 178
473 479
389 412
89 95
434 479
217 223
351 259
223 217
50 89
261 306
50 3
89 50
345 261
350 363
217 178
306 345
223 217
389 473
473 434
434 473
434 389
143 162
389 479
95 89
336 306
223 133
479 389
95 14
345 306
479 473
345 306
261 351
306 261
345 351
479 389
345 351
473 479
217 223
479 473
389 434
389 434
5 95
95 89
479 473
351 345
89 95
479 473
223 217
479 473
178 217
261 329
5 50
345 351
223 133
479 473
178 217
50 5
89 95
389 473
50 95
351 345
452 425
5 95
95 89
434 479
389 479
351 345
217 223
261 345
50 5
95 89
345 351
217 223
345 306
389 479
345 351
473 434
306 351
389 473
479 473
306 351
217 223
389 479
95 89
178 133
473 434
68 15
473 434
5 89
351 345
389 441
473 434
178 223
178 217
473 479
89 83
89 95
351 319
95 5
306 351
192 242
473 389
169 206
345 261
178 133
306 261
434 473
95 89
310 355
89 10
434 473
306 351
223 178
89 95
389 479
473 392
217 223
89 95
224 228
351 306
178 223
5 95
479 473
223 133
479 473
479 398
345 342
133 201
133 217
50 89
89 95
89 95
345 306
261 329
271 290
389 479
389 473
351 279
5 89
223 217
50 95
473 389
89 95
217 223
223 217
217 178
89 50
178 223
351 345
178 223
89 95
89 95
217 178
50 89
50 95
479 473
345 306
95 5
389 473
434 479
50 89
133 217
217 223
217 133
351 345
479 473
95 14
217 185
473 389
89 5
351 306
5 50
355 285
223 178
399 418
351 345
351 261
306 351
473 434
479 389
473 479
15 79
89 95
473 387
89 95
20 64
351 345
345 306
178 223
434 479
89 95
65 94
389 479
89 50
479 389
479 434
50 5
345 351
345 306
434 479
374 269
89 95
89 18
89 95
133 223
95 5
95 89
473 389
261 345
223 217
223 178
261 306
345 351
399 418
351 306
345 351
434 473
261 306
89 95
473 462
345 351
389 434
5 112
351 312
261 345
223 217
5 50
217 223
306 351
484 398
223 151
89 95
95 89
351 345
217 223
306 261
217 133
345 261
261 351
95 50
50 95
351 345
51 63
178 223
351 345
479 473
99 86
389 499
89 50
178 223
178 133
223 217
178 217
223 178
351 261
89 95
50 17
89 95
389 434
473 389
223 178
5 89
50 95
473 389
178 223
217 178
261 286
310 300
434 479
217 208
223 217
306 345
5 95
133 223
95 89
50 95
50 29
345 351
89 50
133 217
389 479
178 217
261 351
178 222
50 14
261 303
261 303
217 223
95 89
261 351
50 5
261 306
306 345
223 251
261 371
448 392
473 479
473 479
434 389
345 351
50 5
95 89
473 434
479 473
389 479
479 473
425 416
479 389
345 351
89 50
95 50
95 8
473 479
473 479
345 256
479 473
89 95
473 434
261 351
95 5
17 98
95 5
473 479
389 473
351 345
261 339
351 345
178 223
89 95
241 186
217 223
100 14
95 89
95 89
5 50
5 95
217 133
351 261
479 447
473 479
479 389
479 389
89 95
345 351
479 434
345 351
306 351
345 351
217 178
389 473
351 319
89 50
473 479
479 434
222 238
306 351
223 133
479 473
125 72
217 133
89 50
89 95
217 133
50 106
479 389
351 345
261 351
351 345
217 223
345 351
479 473
133 217
217 223
89 50
178 244
345 376
473 479
95 30
473 479
5 95
355 261
5 95
50 95
389 431
95 89
217 178
434 389
261 351
95 89
351 259
217 133
178 223
217 178
261 351
261 351
253 208
473 434
133 223
351 379
306 345
223 151
434 479
306 351
389 473
223 133
473 434
56 5
479 473
89 95
89 50
473 479
473 434
217 223
479 407
351 345
319 298
89 95
345 303
217 223
217 223
223 178
178 217
306 351
89 50
351 345
50 95
217 223
217 223
319 352
89 19
89 50
5 50
345 351
319 376
121 17
20 64
473 434
306 261
306 263
133 175
351 345
95 8
473 479
479 473
389 479
345 261
345 351
345 306
473 434
479 491
473 479
473 479
95 50
50 95
223 178
306 261
306 351
223 207
479 473
217 223
133 223
95 23
306 351
89 95
434 479
351 261
394 434
389 460
473 479
95 89
479 473
434 479
100 14
217 178
473 434
306 351
217 223
217 223
95 50
217 223
89 50
223 184
89 5
89 95
473 479
50 95
133 217
404 448
389 473
89 50
50 5
89 95
178 133
186 205
217 128
261 351
479 389
178 223
351 306
479 434
473 479
5 95
261 351
217 211
434 479
434 479
17 98
479 434
133 223
345 261
306 351
95 89
426 465
178 223
351 348
95 5
169 196
89 95
479 473
434 477
223 178
133 217
41 68
178 133
261 345
473 479
5 89
133 217
217 223
351 308
89 14
303 356
473 479
434 479
479 473
261 345
473 431
223 142
479 434
351 306
306 351
473 466
50 102
479 389
351 345
473 479
179 199
133 166
473 479
261 351
217 223
121 31
479 434
389 434
223 217
89 95
479 473
306 259
217 223
351 261
351 261
95 50
473 389
5 50
50 89
89 95
473 434
217 223
345 351
178 223
479 389
261 351
133 178
345 306
95 89
351 261
217 178
473 479
95 5
473 434
95 89
89 95
351 345
50 121
133 217
351 345
473 479
95 89
351 306
458 389
133 178
50 95
389 479
306 259
345 351
50 89
261 345
473 479
89 95
345 306
217 223
473 479
178 217
223 217
217 223
133 223
473 434
133 178
351 345
345 351
345 351
5 54
426 495
345 331
310 261
479 389
133 223
217 178
50 89
178 223
95 89
169 196
473 434
74 20
306 300
479 434
261 351
178 217
178 223
217 223
351 274
306 352
217 223
63 96
345 351
133 223
178 223
306 351
50 95
50 95
345 306
217 148
261 351
89 95
351 276
217 223
50 95
217 223
95 89
95 89
434 473
345 351
306 351
95 89
351 345
306 351
5 92
223 178
473 479
89 95
217 133
389 398
95 5
507 509
261 303
345 351
217 223
473 434
223 178
217 223
345 351
479 434
261 345
389 479
479 434
351 319
273 303
473 434
217 245
50 89
143 207
473 479
95 50
345 351
95 89
217 223
95 89
217 223
95 89
434 400
95 84
217 223
217 223
178 223
479 398
479 389
351 345
178 223
376 298
434 473
217 223
448 452
95 50
223 217
178 223
351 306
306 351
389 479
178 223
261 351
95 14
95 89
473 479
95 50
479 389
261 345
133 178
89 95
351 345
162 193
50 94
95 89
479 407
5 95
133 223
261 351
473 479
5 95
5 1
351 261
95 63
89 50
389 434
178 223
5 89
351 345
389 473
50 95
217 223
178 223
217 133
261 345
178 217
351 270
389 440
473 479
389 479
345 306
306 261
351 379
223 178
13 107
306 351
473 434
178 223
133 217
50 30
345 306
399 463
95 89
261 306
351 306
351 261
217 223
434 505
306 341
351 345
89 0
352 287
434 479
217 223
479 429
89 95
217 223
5 42
261 353
5 95
397 491
389 466
261 351
89 5
89 95
389 434
324 271
345 351
95 104
351 261
5 79
5 89
261 306
89 95
50 95
306 261
178 217
479 473
434 479
273 324
223 217
50 89
58 77
89 95
133 217
217 178
389 479
133 217
95 28
351 261
5 73
223 151
434 479
95 89
89 95
223 133
389 473
89 50
401 485
217 133
345 261
15 83
389 434
306 355
178 223
95 50
479 434
306 340
178 223
178 223
223 217
89 95
345 351
5 50
217 178
479 407
223 217
50 95
133 222
133 223
178 133
95 50
479 389
473 479
389 473
95 89
389 431
351 345
113 79
479 389
434 473
306 351
351 345
473 501
509 390
351 261
389 473
389 479
133 244
50 121
217 178
50 95
95 5
351 345
50 21
345 351
178 133
345 351
434 479
351 345
434 479
434 479
89 95
345 351
192 211
217 223
345 351
473 479
473 479
345 351
95 89
223 133
261 306
479 473
473 479
479 434
133 251
5 95
345 351
351 345
5 73
473 479
345 319
89 95
95 50
389 473
50 60
95 89
306 345
89 5
194 223
345 351
434 429
217 223
473 479
50 89
479 407
217 136
133 223
95 89
223 217
217 178
217 223
50 95
261 345
306 351
50 95
473 479
89 95
473 434
351 306
389 479
89 95
223 178
17 1
473 387
191 179
306 348
89 30
306 349
217 178
369 314
306 331
261 351
351 306
434 479
473 479
261 303
5 89
351 345
389 457
389 473
217 223
170 250
434 479
261 345
192 136
95 5
133 223
351 345
50 29
217 223
389 460
89 50
223 182
50 89
89 50
345 351
479 473
479 434
434 479
345 351
389 434
473 479
50 95
473 452
217 223
178 223
133 128
89 50
217 223
223 217
89 95
133 178
89 50
89 95
89 95
178 223
223 178
351 335
50 5
95 50
351 261
89 95
223 178
153 133
50 89
479 389
178 223
473 434
178 217
223 178
345 351
479 473
345 351
473 389
89 95
351 306
306 261
223 133
351 306
223 138
5 89
434 479
217 223
351 279
95 50
473 479
261 315
389 500
261 306
479 389
118 13
178 223
374 298
50 120
389 479
133 223
434 427
345 306
50 89
261 345
223 178
479 473
273 261
434 479
95 50
261 351
113 58
217 151
217 178
217 133
95 14
89 95
345 351
95 89
345 351
351 345
89 95
479 473
509 510
306 351
217 223
5 95
5 95
223 217
5 89
20 8
217 223
434 479
223 246
345 380
351 306
261 351
217 223
389 398
95 5
389 431
473 479
479 398
479 473
479 473
133 217
5 50
54 83
133 178
217 246
89 95
50 95
89 95
178 223
58 113
217 223
351 306
178 227
306 286
133 223
434 481
89 5
389 398
434 479
351 345
502 449
306 351
473 479
95 14
389 473
389 434
89 50
95 89
95 89
389 479
133 223
345 306
178 223
434 479
5 66
351 270
479 434
473 479
473 479
178 223
133 175
363 376
345 351
217 178
345 351
479 473
223 151
143 162
352 339
351 345
217 128
217 223
473 479
5 89
89 50
473 479
389 479
5 95
50 65
389 434
217 223
5 50
389 434
217 223
345 261
133 198
345 256
89 95
261 303
5 95
306 261
89 95
351 279
223 217
345 351
310 308
434 479
351 306
479 473
473 479
389 479
479 434
473 389
479 473
253 198
389 434
50 95
306 351
223 217
133 175
345 351
351 345
15 34
479 434
5 47
89 127
217 223
41 15
89 95
351 306
261 351
345 261
223 217
192 207
133 223
50 95
434 479
261 345
223 185
89 95
351 306
306 261
223 217
351 345
5 95
473 479
5 95
479 473
50 5
89 5
306 345
89 50
306 351
351 345
345 351
89 95
261 306
95 50
261 316
5 95
434 473
217 133
434 479
261 306
89 95
89 95
5 95
298 376
473 460
145 178
223 178
217 223
473 434
345 351
351 279
389 473
351 345
306 261
89 5
223 217
306 294
182 130
95 50
473 479
178 223
95 5
178 133
345 351
345 351
95 50
434 473
345 351
217 223
249 130
95 5
261 286
389 500
95 50
228 247
261 306
473 479
89 50
345 314
223 217
223 130
473 479
50 89
89 95
89 95
351 261
473 479
350 335
479 389
473 479
217 178
223 178
178 223
5 113
261 345
435 501
95 89
50 5
99 84
479 413
223 178
345 351
479 434
223 217
351 306
345 261
50 95
217 223
235 141
261 351
223 217
479 473
133 175
345 351
434 479
95 50
223 217
217 223
95 5
133 223
345 351
399 463
223 217
5 95
100 119
480 439
345 351
193 219
95 84
5 89
223 178
479 434
217 178
223 133
425 499
95 89
356 375
479 434
345 306
473 479
89 50
473 479
234 198
217 223
389 479
306 345
217 178
478 426
223 151
5 95
261 306
374 269
345 351
133 178
345 351
351 345
345 351
5 50
193 139
178 223
89 95
345 306
351 306
261 345
438 496
351 345
223 178
178 223
324 271
261 351
95 5
351 345
351 345
217 158
434 452
95 89
223 143
223 217
89 95
351 345
345 351
261 303
503 479
50 95
95 5
345 261
261 345
89 50
89 95
473 479
50 95
473 479
95 50
479 473
351 306
182 211
479 473
89 95
351 345
89 5
95 89
261 351
479 473
17 118
95 5
261 351
473 434
217 223
95 89
217 223
473 398
306 261
473 389
389 434
473 434
89 95
5 95
426 478
95 50
473 479
217 178
459 473
306 351
133 217
350 296
217 178
89 95
223 217
401 413
261 345
50 83
5 81
217 223
351 306
133 223
223 217
217 223
479 467
133 151
15 79
345 349
473 479
217 223
5 50
389 384
261 351
351 345
5 95
434 435
345 351
479 473
434 479
261 290
89 95
345 351
479 478
95 89
113 58
473 434
306 351
434 473
217 223
389 503
89 5
95 89
351 345
223 133
473 479
89 50
473 389
389 479
5 89
306 322
345 351
351 345
351 261
95 5
217 223
345 306
434 479
223 217
261 351
473 479
306 261
178 158
434 479
306 351
89 95
223 178
479 473
50 70
261 345
95 89
133 217
261 345
351 345
95 89
261 345
217 178
345 306
473 479
89 50
473 389
217 133
306 261
345 261
217 223
345 351
479 434
50 110
133 223
261 306
5 89
389 434
217 133
479 434
133 217
217 223
89 95
324 271
95 14
473 389
345 261
95 50
261 351
121 102
509 403
479 473
434 479
473 479
473 479
50 19
217 133
223 178
479 434
145 195
345 351
95 50
479 434
50 44
89 95
5 50
50 95
479 434
15 79
133 178
217 178
297 329
351 345
306 351
434 479
133 223
351 261
479 473
95 89
473 438
434 473
5 30
217 223
389 473
351 306
95 5
351 270
351 279
479 473
306 351
261 371
223 178
434 479
351 306
89 95
351 261
178 223
133 223
227 228
306 345
5 89
133 217
89 95
89 50
449 402
306 351
345 261
345 261
178 223
473 479
351 261
261 351
306 345
223 217
217 223
306 345
217 133
473 479
50 95
133 211
89 95
217 223
351 306
351 345
5 50
434 479
434 447
217 133
389 479
5 89
217 223
89 95
223 133
95 5
89 50
351 345
133 178
479 473
306 351
223 178
217 178
223 217
351 345
320 339
95 50
217 223
5 89
50 28
345 261
473 479
223 217
89 95
434 479
217 223
306 351
351 345
389 479
89 78
223 217
351 345
389 409
5 50
178 223
5 95
95 89
261 345
425 475
5 95
5 95
89 95
345 351
217 223
479 473
479 407
345 306
479 434
217 178
95 89
217 133
133 223
351 306
223 133
217 133
217 223
89 5
148 192
5 47
473 479
503 483
217 223
133 217
5 89
345 306
223 133
95 50
95 50
89 50
95 5
5 95
306 351
133 223
261 351
479 473
261 329
89 5
306 261
178 223
178 223
434 479
434 448
351 303
479 473
473 479
345 351
479 389
95 89
217 223
89 95
306 351
434 494
479 473
345 306
473 389
339 362
473 434
178 223
223 217
5 89
434 473
478 408
192 222
75 89
95 5
447 463
345 351
479 473
270 337
261 339
473 479
351 345
89 95
306 345
178 217
306 345
306 273
89 5
306 345
95 50
389 479
509 401
5 95
473 434
89 95
345 351
434 389
473 463
434 389
223 217
261 371
89 50
5 73
178 223
224 205
389 485
89 5
223 133
389 479
50 38
89 50
223 217
345 351
356 375
223 217
480 502
351 294
473 484
50 95
95 89
187 253
217 178
376 319
479 473
399 467
95 89
389 457
178 217
389 429
261 306
389 479
473 389
389 457
95 89
89 50
321 268
473 394
351 282
50 95
261 345
50 95
192 243
223 217
351 345
217 223
345 333
133 178
217 129
89 95
351 306
261 351
50 89
351 306
345 306
169 240
345 349
306 351
217 223
479 473
133 223
473 479
217 223
479 434
89 95
261 345
389 479
479 473
217 223
351 345
50 7
5 95
354 381
133 159
473 479
306 379
95 5
504 500
178 217
261 345
235 141
217 223
479 434
389 479
473 389
473 479
351 261
434 479
434 479
223 217
351 261
89 78
479 389
217 223
351 345
434 389
351 261
261 329
89 8
95 89
178 133
306 351
50 39
89 95
306 345
89 95
50 95
447 504
345 306
306 345
89 95
389 426
178 133
217 223
223 217
217 133
473 493
261 294
178 217
389 479
345 351
479 473
5 50
479 473
5 89
178 223
307 382
345 351
95 89
133 178
345 351
89 116
479 434
473 389
223 217
223 178
473 479
261 351
178 223
479 389
389 484
178 223
95 89
133 223
345 356
5 75
389 494
133 178
434 479
389 434
95 89
351 306
217 223
479 473
217 223
217 223
133 217
351 261
479 473
345 351
217 223
5 95
5 47
178 223
314 339
5 47
479 473
345 351
345 306
89 95
345 351
351 306
276 320
95 50
95 5
473 479
442 398
89 95
217 178
217 223
113 58
345 351
50 89
178 223
351 345
217 178
50 104
351 261
178 223
261 351
473 434
217 223
306 351
89 95
89 95
133 151
89 95
473 479
473 389
319 376
89 5
95 5
389 434
434 479
95 89
89 95
133 223
5 89
20 64
89 50
217 223
389 473
479 473
89 60
473 434
473 479
217 133
434 436
473 434
223 178
50 95
351 306
306 345
473 389
479 473
89 95
306 345
473 479
389 479
89 95
479 434
345 351
389 473
217 223
223 217
217 223
473 434
217 223
223 178
345 306
217 223
261 351
217 144
133 178
473 389
89 95
5 89
345 351
345 351
95 89
479 385
434 452
351 306
133 223
273 320
95 50
223 217
389 479
5 89
306 351
479 434
479 434
89 50
479 434
483 389
217 223
345 351
89 95
473 479
345 306
217 223
473 479
374 321
89 95
143 211
217 223
223 217
50 92
389 473
261 351
178 223
89 95
223 217
473 479
50 61
377 312
345 351
273 370
20 64
89 95
351 345
5 118
261 277
5 50
389 434
217 223
434 479
223 178
89 95
133 217
479 434
261 349
389 479
50 95
64 8
473 502
473 479
434 389
133 178
479 473
261 303
473 491
217 223
133 178
217 178
306 354
479 473
178 253
133 217
351 270
133 223
479 389
345 351
95 89
223 178
41 99
479 407
133 175
351 345
133 223
306 351
95 14
351 306
223 217
133 223
345 351
50 5
473 479
479 473
306 351
217 223
95 5
89 95
95 89
217 223
351 345
351 345
473 479
448 467
223 178
502 397
306 351
345 351
95 89
89 95
345 351
89 95
217 223
133 223
133 147
345 261
345 351
50 95
306 351
95 50
95 89
89 95
345 306
133 146
345 351
261 351
5 89
217 178
95 5
89 117
133 175
351 306
306 311
95 89
50 95
351 279
271 339
209 170
473 434
345 351
351 345
345 351
50 9
95 50
217 223
479 473
478 437
178 223
479 473
261 351
95 50
473 389
479 398
479 473
389 473
351 279
133 201
95 89
217 178
434 473
251 247
351 345
271 335
473 479
345 351
261 345
217 223
479 431
217 133
89 50
399 418
345 351
178 217
306 345
478 479
261 351
50 95
306 261
89 95
5 89
473 434
5 89
310 296
5 89
133 178
41 68
95 5
345 351
217 223
351 345
306 351
479 407
95 89
479 389
351 345
345 306
95 89
473 479
133 178
339 367
473 479
479 434
89 95
261 306
178 217
95 5
261 306
223 217
95 89
351 306
89 50
217 223
345 351
95 5
217 133
217 178
389 479
95 5
217 223
5 46
95 57
389 434
223 178
178 174
473 389
94 56
217 178
133 217
479 473
47 96
434 479
261 306
306 351
133 223
178 217
95 5
95 89
261 351
217 237
479 434
479 434
89 95
89 71
217 196
95 89
473 479
473 479
133 178
133 217
133 201
178 223
50 17
389 479
133 178
351 345
351 327
178 223
345 261
399 418
345 334
345 306
261 351
223 133
306 351
5 95
191 224
389 473
95 50
175 223
50 95
351 345
95 5
479 434
89 5
223 133
50 5
5 51
306 345
5 50
178 158
89 95
95 50
261 286
434 473
89 95
153 202
351 279
473 479
89 95
261 306
50 95
89 95
434 473
89 95
50 72
217 178
95 23
473 479
217 223
182 208
261 345
389 479
89 5
217 133
95 50
351 279
491 484
223 217
473 479
479 389
261 345
389 479
95 89
345 351
5 89
217 223
473 479
434 396
223 178
473 389
479 434
95 36
106 95
345 351
99 18
50 95
217 223
178 133
479 434
345 351
89 95
95 50
217 223
133 223
345 351
217 133
351 306
479 461
223 133
345 351
223 217
133 223
306 345
96 44
261 306
297 304
50 89
345 306
227 184
351 310
261 345
5 50
223 178
479 473
389 479
178 223
345 351
217 223
479 389
345 351
479 473
306 351
83 106
345 351
351 261
434 479
95 5
261 306
351 261
89 95
473 389
217 223
345 306
306 261
89 95
434 479
479 389
351 306
5 80
345 351
178 223
306 261
479 473
50 5
95 89
133 223
217 178
434 389
434 479
473 479
389 479
5 95
95 89
497 442
89 95
401 479
89 50
133 178
339 362
50 95
95 89
133 223
89 5
217 178
5 95
223 133
178 246
178 223
217 202
351 345
345 351
345 351
306 351
389 479
473 479
217 183
261 329
434 389
178 217
434 479
306 345
473 479
217 223
178 217
473 434
95 50
223 217
434 479
351 279
169 163
345 306
223 217
133 175
351 306
89 95
95 5
261 345
133 158
306 345
223 133
5 95
473 479
89 50
479 389
479 473
345 261
479 473
473 479
351 261
473 479
223 142
434 473
345 351
192 136
473 479
89 50
178 223
434 479
223 133
217 178
178 223
89 5
434 479
473 479
345 351
389 479
351 345
389 434
95 5
261 351
345 306
306 351
223 133
89 95
217 173
95 5
89 95
89 95
217 223
89 95
401 509
261 351
473 479
351 261
253 226
389 473
479 434
133 223
89 4
5 95
193 211
351 345
133 217
50 89
389 479
50 95
261 306
47 98
89 50
345 351
389 457
249 228
5 89
89 95
351 345
95 89
133 217
223 217
223 167
345 351
479 473
473 479
217 178
50 5
133 223
434 389
345 261
473 403
351 327
351 337
217 223
178 223
20 8
261 351
217 178
178 223
89 95
50 5
223 133
89 50
434 482
223 151
50 95
497 442
261 306
95 5
261 345
389 473
89 50
223 217
345 351
95 14
473 434
345 306
223 217
351 345
473 479
345 351
89 95
434 479
434 444
223 217
473 479
148 192
455 473
89 5
345 351
351 286
351 258
133 217
345 261
306 351
345 351
217 178
473 479
223 217
434 473
261 351
133 217
473 479
223 217
434 479
5 89
50 71
345 365
217 133
473 434
345 261
389 473
345 351
223 178
95 14
95 89
178 187
473 434
261 345
345 351
223 133
50 95
398 465
261 279
95 50
217 178
224 253
479 407
89 95
479 434
473 479
89 50
389 473
100 14
5 50
351 306
217 223
351 270
306 351
351 261
89 95
217 223
351 345
479 434
389 479
261 345
306 299
473 479
306 351
389 473
345 306
217 223
217 223
217 223
389 479
473 479
178 133
95 89
345 351
473 479
509 464
479 473
261 265
401 451
261 306
351 306
217 223
434 473
351 282
351 306
217 223
89 50
217 178
223 178
178 188
217 223
306 276
345 261
223 244
389 473
89 95
217 223
351 345
345 351
345 313
178 223
178 223
89 95
50 5
389 479
50 89
261 306
351 345
306 351
261 351
345 261
50 5
351 345
95 50
89 95
50 89
178 223
217 223
89 95
479 389
178 133
351 322
217 174
473 389
434 479
389 479
389 473
133 178
95 89
133 201
306 331
50 5
479 434
288 330
223 217
50 51
95 89
217 223
473 479
473 389
261 351
89 50
223 151
217 223
133 223
426 435
389 479
479 407
217 133
345 369
490 454
89 95
178 223
389 473
50 5
345 351
389 434
178 223
434 479
434 479
133 217
345 351
95 50
345 261
261 351
434 389
5 89
479 407
326 315
306 345
473 479
223 178
89 95
169 188
217 223
389 434
217 178
261 351
223 133
351 345
5 95
479 389
235 141
434 502
473 479
261 345
479 389
345 261
389 473
5 89
306 286
133 223
5 89
89 5
345 351
389 479
50 17
389 499
5 89
50 5
50 97
345 351
223 217
89 50
306 351
95 50
133 217
306 345
96 82
351 270
473 389
89 95
217 223
223 151
223 178
345 351
89 95
223 217
223 142
95 89
217 223
133 223
473 434
434 479
133 178
5 50
345 351
473 389
473 479
389 473
95 5
479 473
89 95
5 47
5 94
351 345
223 217
223 178
89 92
351 284
178 223
389 488
89 50
271 335
95 89
5 95
389 434
351 306
89 95
217 223
473 479
133 223
345 306
345 351
306 307
223 217
89 50
89 95
434 479
434 389
217 223
345 351
50 95
434 413
351 345
261 345
89 95
223 170
389 458
94 118
223 178
5 95
217 223
389 479
217 223
133 178
50 95
389 457
479 473
95 50
143 162
479 473
345 306
178 146
389 473
89 95
133 217
306 310
223 217
253 192
473 479
351 335
320 350
89 95
133 128
133 223
223 217
435 447
50 5
345 351
133 201
434 479
89 50
89 95
473 479
95 5
434 499
5 89
89 5
434 473
133 223
133 223
261 306
261 351
50 5
208 179
434 479
345 351
5 50
89 50
223 178
306 351
83 5
50 17
178 217
389 479
306 278
178 223
434 389
479 473
345 340
133 217
95 5
95 93
345 379
89 50
89 50
434 473
217 223
95 38
389 479
223 247
178 217
351 261
479 434
306 351
345 351
416 458
217 223
345 306
95 122
389 473
473 434
95 23
5 95
89 50
473 389
261 351
192 139
89 95
473 434
473 479
217 133
261 345
133 178
434 387
89 95
133 223
473 389
473 434
306 345
503 507
89 95
89 50
479 473
89 95
473 479
89 95
178 223
473 479
306 383
434 479
351 261
5 76
133 217
5 13
473 479
345 351
479 473
95 50
95 89
217 223
223 178
297 342
479 389
145 208
473 479
5 89
389 434
306 351
351 261
5 89
345 351
473 434
217 223
479 434
479 389
178 128
297 274
223 217
223 217
351 345
50 5
223 178
473 479
64 94
96 18
345 351
351 345
261 351
95 23
5 95
5 95
345 351
473 479
434 506
89 71
351 261
95 89
473 479
434 479
261 345
351 306
217 131
113 58
479 434
50 89
89 95
389 479
345 286
351 345
351 345
217 133
479 473
351 261
89 95
178 217
434 473
351 345
389 402
351 345
5 95
377 291
345 261
5 95
261 351
479 473
89 95
133 223
261 303
345 351
217 223
133 178
310 339
217 223
217 223
261 270
434 389
222 170
178 217
306 345
121 57
217 223
261 303
223 217
95 5
345 306
434 473
50 5
217 223
223 133
217 178
473 479
89 95
209 141
434 401
479 473
306 351
389 473
389 479
473 434
351 345
89 95
89 95
50 123
217 133
479 500
351 345
133 178
133 223
261 351
351 261
354 273
217 223
351 279
223 217
389 479
306 351
473 479
95 50
473 407
133 223
479 389
191 207
306 298
351 306
133 223
89 95
89 36
95 89
298 307
356 375
178 217
223 217
178 133
89 95
50 95
351 345
389 479
95 5
89 50
306 339
404 448
5 89
389 473
95 14
351 345
261 351
279 297
89 95
434 389
479 473
448 478
389 461
473 434
351 306
95 110
351 306
223 217
434 479
484 503
95 5
306 345
351 261
351 261
351 306
448 478
95 89
89 95
5 50
223 228
217 235
50 95
100 54
351 345
95 89
350 355
178 133
51 16
50 34
345 306
89 50
351 367
479 434
345 351
89 50
5 95
261 378
133 223
89 95
261 351
89 50
449 402
217 178
345 351
5 89
434 394
479 389
89 5
50 93
89 125
473 479
223 217
261 333
217 223
89 95
178 223
351 261
95 5
5 95
389 434
261 351
434 473
89 95
89 95
217 223
133 223
133 223
479 473
133 178
473 479
178 133
179 196
217 223
113 58
95 89
50 95
178 217
223 217
261 351
261 351
133 217
473 479
261 306
345 261
345 306
217 223
389 457
473 438
473 479
306 345
306 351
89 95
95 3
479 473
389 473
479 473
479 434
89 95
479 473
261 351
473 389
89 50
95 89
223 235
50 95
89 95
351 345
434 479
223 251
133 223
345 306
95 5
223 217
389 473
345 261
50 36
306 261
473 479
178 223
223 217
178 223
473 434
192 249
217 223
5 89
217 178
434 479
217 178
223 217
217 223
5 95
50 95
473 479
345 261
345 351
227 154
345 351
345 351
345 267
41 23
89 85
223 178
261 351
389 414
473 464
217 223
351 261
473 389
261 351
389 479
345 306
473 479
473 479
95 5
178 223
89 95
345 257
261 351
345 378
223 133
381 261
479 473
89 50
133 223
473 389
306 351
223 178
95 23
473 479
178 133
434 468
217 223
345 351
479 389
435 484
306 297
178 223
95 89
351 306
345 261
447 426
95 89
351 261
473 479
217 133
389 479
133 223
351 333
5 95
389 457
351 345
217 223
473 434
345 351
479 434
434 479
434 479
434 501
217 178
95 50
223 217
389 479
479 458
223 217
89 5
261 351
217 178
50 5
50 95
261 351
350 327
389 473
345 337
89 5
351 306
133 217
473 434
261 374
217 223
351 345
217 223
306 261
178 217
5 50
178 223
223 217
217 178
178 223
345 351
306 345
473 479
261 345
276 320
95 89
217 133
223 217
178 217
217 223
345 261
345 351
178 217
217 133
345 351
223 133
186 187
217 223
389 434
351 261
434 389
351 345
20 8
133 178
473 413
89 5
479 473
133 178
89 123
5 10
217 178
261 351
345 261
193 128
89 4
5 95
389 479
50 95
479 389
95 50
479 389
345 351
435 398
345 351
479 398
178 217
223 217
345 351
473 479
261 351
434 479
121 42
434 389
434 389
434 473
351 374
99 38
213 217
389 473
223 145
298 307
473 434
473 479
389 491
479 473
178 128
261 345
191 248
345 351
133 223
89 95
351 306
434 479
270 337
434 479
89 95
50 43
223 217
351 345
223 133
479 389
89 50
223 133
95 33
223 133
223 178
223 151
133 223
479 473
223 217
217 223
479 473
473 479
217 223
217 223
434 473
389 473
95 89
217 223
434 479
479 473
178 223
298 377
223 142
479 389
479 407
5 89
89 95
50 95
473 479
479 473
306 345
473 479
89 95
178 223
306 351
261 351
306 345
217 178
319 352
345 351
473 434
5 89
479 434
178 223
434 479
223 151
217 178
89 95
89 5
50 95
473 479
261 351
509 438
50 95
306 281
178 223
306 351
5 50
479 473
351 306
479 473
89 95
178 223
389 479
5 95
261 345
5 95
217 178
479 407
389 479
95 50
89 95
95 89
95 89
434 452
5 89
473 479
145 204
345 261
133 223
95 54
261 329
133 223
223 133
389 473
223 133
261 351
223 217
89 5
50 95
50 5
473 479
89 50
473 389
479 434
452 425
473 389
95 89
133 223
5 95
89 5
473 489
5 95
50 5
351 306
178 223
473 479
217 178
306 351
345 351
473 398
223 133
473 479
95 117
50 95
178 245
95 89
96 31
434 444
261 306
389 479
178 223
89 95
473 434
223 178
351 345
178 223
178 223
223 217
217 173
95 50
306 261
319 352
434 479
473 479
5 50
178 217
95 89
113 58
271 339
434 389
479 473
345 351
473 389
5 50
351 261
89 94
89 5
89 50
473 389
351 270
434 473
345 261
434 473
89 32
178 180
89 78
217 178
479 434
133 223
379 375
434 459
473 404
434 479
339 362
352 296
479 389
351 345
95 50
473 434
217 223
378 345
5 121
217 239
351 345
217 223
223 217
89 95
479 473
5 47
50 89
261 345
261 351
389 479
261 306
354 307
223 178
306 261
473 479
389 431
351 345
223 178
345 351
89 95
95 50
217 223
5 50
345 351
345 306
434 473
50 95
5 95
95 89
479 434
217 223
217 223
89 5
50 95
5 95
434 389
345 261
223 178
186 241
223 178
223 217
5 89
389 434
148 192
223 178
473 434
473 434
479 398
50 95
89 95
345 306
434 479
133 170
306 345
65 50
479 389
389 473
223 217
217 223
217 178
223 151
178 142
473 434
178 223
389 434
306 351
261 329
479 473
89 50
479 473
351 345
96 35
473 479
95 5
271 335
306 351
351 345
389 457
434 479
133 223
306 351
345 306
64 94
381 338
473 389
350 337
223 217
182 150
89 95
479 429
14 81
306 351
113 58
95 50
89 95
306 357
89 95
224 168
89 95
89 95
345 351
133 223
306 349
133 223
479 473
5 73
178 223
306 268
50 95
351 345
345 351
89 95
473 467
95 5
223 178
50 95
261 297
473 389
217 223
351 345
223 133
434 479
223 217
306 257
484 503
351 345
178 223
479 473
473 479
261 351
306 345
95 109
478 500
473 479
133 217
5 74
473 434
89 95
217 133
89 50
178 159
89 95
223 133
306 335
223 133
351 345
89 50
345 380
95 23
95 89
95 5
351 261
89 95
89 95
306 351
89 95
351 345
261 306
89 71
223 178
306 275
169 133
351 306
223 147
389 479
479 473
95 5
217 223
351 306
223 217
345 351
217 178
50 95
261 332
306 261
389 479
473 479
479 473
227 204
5 95
434 473
479 473
217 133
217 252
345 351
50 95
217 223
5 73
434 459
217 223
5 89
223 217
306 261
434 479
95 50
345 351
223 217
351 306
473 434
479 434
50 5
351 345
41 70
351 297
389 479
479 473
319 376
473 479
345 306
95 89
389 434
434 389
345 306
345 351
217 178
209 228
389 473
261 329
345 261
351 345
306 351
217 223
345 261
5 116
95 89
479 473
479 434
133 178
434 389
89 95
306 261
345 331
217 252
50 95
473 479
148 192
50 89
434 473
261 306
50 65
223 217
261 351
95 122
389 473
5 89
389 431
473 479
473 479
89 95
95 89
50 95
95 5
479 389
95 50
473 434
434 431
89 50
217 211
479 434
479 473
5 95
217 178
95 89
178 133
178 223
389 479
345 261
89 95
217 199
389 434
5 95
5 63
345 261
5 50
261 329
389 479
5 89
261 351
351 345
505 461
223 217
345 272
276 320
306 355
434 479
217 223
351 324
95 89
473 507
50 95
133 223
473 479
479 443
345 351
479 473
217 223
217 223
473 469
261 306
89 95
345 366
95 89
473 479
389 434
345 351
320 312
217 223
50 61
94 58
261 306
345 351
479 398
89 95
345 351
89 95
389 422
217 223
401 482
345 351
473 434
15 83
89 95
5 50
50 95
345 351
89 50
306 351
95 89
261 345
217 133
95 14
351 345
434 479
15 83
223 217
223 151
223 133
351 345
306 331
5 95
89 95
89 95
178 217
50 5
261 345
5 95
95 50
473 389
306 351
479 467
389 479
351 345
95 89
473 479
434 473
306 294
351 282
479 434
351 270
178 223
133 223
89 97
50 95
479 501
345 351
89 95
95 23
351 261
133 188
178 223
389 479
389 473
89 95
95 4
306 351
261 351
434 385
89 95
261 351
170 179
345 306
95 50
217 223
217 223
5 95
89 95
351 261
434 479
351 345
89 5
178 223
50 95
389 473
133 178
479 389
89 95
261 345
50 95
389 473
133 223
89 67
389 479
217 133
479 434
479 389
479 434
5 89
306 261
261 351
306 261
223 133
223 178
5 95
500 389
89 95
133 223
89 95
261 351
479 389
223 133
479 449
89 95
178 184
479 473
217 178
178 217
389 473
5 84
95 89
306 261
178 217
223 217
50 95
345 261
473 479
473 434
473 479
345 306
5 94
351 261
95 110
217 178
217 173
217 133
50 95
473 479
484 398
320 310
223 178
473 479
89 95
223 217
95 89
351 261
345 306
273 356
479 389
261 351
479 434
50 95
389 443
389 479
345 261
223 209
473 479
306 261
261 345
345 306
217 223
178 217
50 5
50 39
473 479
133 223
306 261
306 351
261 329
306 261
89 5
261 351
306 345
479 389
217 223
351 306
351 306
345 306
473 479
434 473
306 351
217 211
473 434
389 479
306 261
223 178
426 478
20 64
345 351
351 345
227 235
306 351
389 479
389 473
434 479
178 217
431 389
89 95
389 479
261 345
133 223
306 345
351 345
351 306
345 351
479 473
95 89
50 11
345 306
217 173
95 89
95 89
223 217
502 426
95 89
50 89
351 345
345 306
389 431
89 50
217 133
133 184
223 217
133 223
89 95
217 223
473 434
50 95
351 261
89 123
389 479
5 95
217 223
223 133
434 412
223 178
5 95
473 479
351 345
389 479
473 506
355 329
345 306
178 223
473 479
95 50
351 306
223 133
5 73
351 261
399 418
5 95
345 351
306 351
389 441
178 223
389 479
5 95
133 223
50 95
217 223
143 162
351 345
5 95
345 351
96 50
306 261
473 479
261 351
223 133
5 50
89 95
95 50
106 95
133 201
306 351
217 223
89 95
89 95
389 479
261 351
473 434
351 345
261 311
479 473
389 467
133 223
5 95
345 351
89 50
50 89
484 503
223 133
89 95
306 345
217 223
217 223
261 306
178 223
345 261
473 479
306 261
178 180
95 89
5 50
479 473
479 473
306 317
95 5
434 479
133 223
306 361
89 5
50 95
191 248
261 306
89 5
5 89
95 79
351 345
223 178
133 178
179 184
434 389
95 89
473 389
473 479
434 389
473 479
479 398
473 479
217 133
473 434
345 306
95 79
217 133
306 351
479 473
434 479
50 5
5 95
217 133
306 351
50 95
95 89
261 351
217 223
261 351
434 479
389 434
389 479
217 158
217 133
50 95
133 217
473 443
223 217
351 345
217 223
5 89
306 345
389 473
473 434
473 479
345 306
223 145
20 64
223 178
479 473
473 434
479 389
89 95
306 261
217 223
351 345
306 351
425 485
223 217
89 50
479 434
479 434
133 223
179 208
50 5
133 217
89 50
5 50
345 356
133 223
389 425
89 95
389 457
5 89
473 479
5 73
89 95
223 133
401 464
306 351
306 351
5 50
509 493
261 351
89 95
473 479
89 95
473 479
351 306
473 434
217 223
95 43
261 347
473 479
345 351
217 251
217 223
345 351
89 95
345 306
223 217
133 217
89 95
479 389
473 479
133 223
389 473
89 79
217 133
217 223
306 351
473 459
133 223
345 261
389 479
271 290
5 50
306 351
89 95
178 223
351 270
217 223
306 257
261 303
345 351
434 473
261 351
234 226
217 178
435 467
89 5
306 351
5 86
434 389
223 217
351 345
356 375
133 178
95 50
217 223
306 351
223 178
261 298
389 473
345 351
434 389
178 223
217 223
389 479
217 178
473 479
473 479
473 479
89 28
50 20
95 50
251 247
345 350
261 306
306 326
178 251
345 351
133 201
351 261
5 50
178 133
479 434
217 133
389 479
479 434
473 479
5 8
133 217
399 467
95 89
95 89
95 89
306 351
50 89
306 351
5 50
473 479
351 338
133 196
223 178
5 100
95 14
217 223
271 339
389 479
345 351
217 223
345 351
345 351
217 223
133 178
223 217
351 306
5 89
473 434
217 136
479 434
89 95
223 178
208 178
306 351
95 89
297 324
351 345
223 133
389 473
479 389
473 434
50 95
5 95
345 351
89 50
479 467
95 5
5 73
89 95
404 392
434 479
5 50
41 122
217 223
5 50
306 351
217 223
89 50
473 479
223 217
5 89
479 473
89 95
89 95
425 399
217 158
306 317
89 95
217 133
217 178
217 223
133 223
89 95
351 261
50 89
351 261
351 345
479 407
434 389
345 351
473 389
473 449
389 473
479 473
473 479
473 434
89 95
89 95
217 223
63 79
473 479
307 310
434 479
178 133
95 5
89 95
399 418
479 473
223 178
95 89
389 479
50 95
473 434
351 345
133 223
50 89
351 306
89 95
271 339
345 351
261 351
473 479
434 473
351 345
351 306
473 479
178 223
434 473
95 89
306 371
217 178
50 95
217 178
15 83
89 95
356 270
95 5
95 89
5 50
178 223
217 223
434 479
50 30
178 223
351 330
473 479
178 217
217 185
178 210
351 345
345 351
133 223
217 223
306 351
459 473
89 95
217 223
217 133
217 223
261 345
345 351
5 59
178 237
178 217
389 457
217 223
351 345
5 95
261 306
261 345
5 89
389 473
95 89
95 50
351 261
306 353
434 479
351 261
223 178
351 306
306 351
77 89
306 261
50 95
473 479
473 479
217 223
473 434
223 217
345 351
389 434
89 95
306 261
345 351
95 14
217 208
50 95
50 95
389 468
351 345
95 50
133 223
351 306
142 228
261 327
261 329
50 95
25 79
276 264
261 351
345 351
223 217
133 223
178 211
345 351
434 479
223 142
434 473
434 479
351 306
389 434
345 351
95 89
351 257
307 318
246 141
89 95
351 345
133 202
50 89
95 89
505 464
133 223
497 442
5 50
50 95
473 389
95 50
217 178
310 347
306 351
148 136
479 434
95 123
50 13
5 50
261 345
50 95
473 468
95 50
217 178
389 483
95 50
178 217
217 223
178 223
261 345
223 217
89 95
95 89
434 479
261 345
133 217
178 199
389 434
50 120
217 178
178 223
89 95
351 306
351 261
89 95
351 345
351 276
50 89
133 223
133 217
434 479
473 479
473 434
133 223
389 479
50 26
89 5
217 223
389 479
479 473
351 345
217 223
95 50
5 95
223 133
5 89
310 289
434 479
434 473
217 223
178 223
479 473
473 434
241 186
434 479
5 95
95 5
133 223
479 473
473 479
89 50
352 319
89 95
169 196
178 223
261 351
89 95
223 217
351 261
351 345
473 479
217 223
479 389
306 287
223 217
50 95
306 351
178 223
473 479
50 95
217 223
479 434
95 50
223 217
434 479
89 50
142 209
473 479
223 133
50 95
133 222
169 196
50 95
217 223
401 509
95 117
89 95
95 50
223 142
133 223
223 178
479 493
479 398
5 95
473 434
351 345
473 479
50 89
223 133
95 50
50 13
5 50
389 479
351 345
50 95
89 95
351 353
89 5
133 178
389 473
217 128
50 95
345 306
50 5
345 261
178 162
89 95
271 335
434 479
217 223
223 217
50 89
479 473
473 479
89 50
351 261
223 178
306 333
178 133
434 479
363 335
5 95
223 178
351 279
351 294
95 50
345 351
351 306
223 147
306 351
50 95
186 187
345 306
345 261
389 434
217 133
133 217
434 479
271 339
389 479
178 147
5 89
351 345
479 398
389 434
50 89
479 473
95 5
89 50
351 345
223 133
473 479
261 306
288 330
89 95
389 473
224 176
473 479
133 212
351 345
434 473
64 76
223 217
50 5
148 192
89 95
89 95
479 457
95 14
434 473
261 306
473 434
133 175
345 351
217 223
5 30
50 88
111 70
223 217
306 351
345 261
306 274
351 261
96 0
89 50
223 178
479 389
217 223
479 434
133 223
345 351
434 439
434 479
217 223
217 223
306 261
89 95
473 434
351 306
217 178
89 5
389 479
89 95
95 89
345 306
223 217
434 479
345 351
50 89
95 50
217 178
95 50
223 133
351 345
306 289
95 14
89 83
217 178
169 133
261 355
217 178
89 47
50 5
261 303
434 479
133 223
363 345
89 95
133 223
178 223
306 351
479 473
473 434
306 351
89 95
133 217
473 479
95 50
434 392
389 473
447 504
345 261
479 473
434 479
223 217
223 178
434 479
217 248
345 351
389 434
434 389
5 50
306 351
5 73
389 479
217 223
479 389
389 426
50 95
345 351
434 404
351 345
345 351
223 133
178 174
345 306
261 345
261 345
95 10
5 50
223 178
89 95
89 5
351 286
479 473
133 217
133 178
351 345
261 329
479 434
473 389
351 345
217 223
345 351
345 306
5 95
473 479
95 5
434 479
95 115
351 261
223 178
89 95
473 479
306 351
351 279
389 479
479 473
345 351
479 497
50 95
473 479
178 223
479 432
5 89
179 228
145 140
95 89
89 95
389 473
50 89
261 351
95 89
178 223
217 178
50 89
5 0
345 351
217 142
389 458
179 212
182 152
89 95
479 434
434 389
434 479
261 345
479 473
473 479
89 95
50 65
306 278
5 94
89 95
297 324
479 402
509 416
345 351
479 473
389 479
133 217
50 95
306 351
473 389
223 178
306 273
228 142
133 217
389 479
223 151
345 306
133 201
133 178
381 337
