512 10000
89 95
261 345
434 473
306 284
50 95
351 261
377 363
217 151
51 63
133 158
479 434
95 89
89 95
89 77
89 95
95 5
50 95
5 95
217 133
133 209
15 34
89 95
479 434
178 223
479 389
261 351
217 223
479 389
345 351
261 345
89 50
351 345
261 345
133 178
369 335
306 261
351 282
306 261
473 434
89 95
362 261
345 351
306 351
50 89
95 50
473 479
434 479
389 434
133 191
345 261
133 223
306 351
345 351
351 345
479 473
306 317
89 95
473 479
217 170
351 261
345 366
178 133
95 5
473 479
473 479
345 351
217 223
20 8
223 217
345 351
479 473
345 261
223 217
473 389
50 95
479 434
351 306
178 217
5 50
217 138
351 363
261 321
5 89
223 178
95 5
261 345
217 223
133 223
351 306
89 95
95 50
133 178
89 50
306 335
434 460
345 351
89 95
217 223
95 89
178 223
434 404
261 266
5 89
223 217
95 89
351 261
345 351
389 473
351 345
217 223
133 223
345 375
89 95
145 198
95 14
133 217
95 89
345 351
133 223
5 95
351 306
473 479
89 5
351 345
306 261
223 217
479 473
217 223
351 345
345 306
345 351
345 261
50 5
95 89
306 345
198 170
178 217
434 480
89 50
5 95
306 351
434 479
479 434
389 434
389 473
223 178
133 223
389 479
178 223
351 261
306 351
50 89
89 5
50 89
479 473
223 170
223 217
178 223
5 95
434 389
95 5
351 279
306 351
5 50
178 133
261 341
217 133
261 306
345 351
345 261
223 217
261 345
435 429
178 217
345 306
89 95
351 345
5 89
389 473
217 223
133 217
434 479
178 133
89 95
217 223
345 306
449 414
50 89
434 473
434 473
479 473
306 351
217 223
178 223
351 270
217 178
178 205
479 389
306 261
345 351
95 117
89 95
223 178
479 473
261 351
223 217
479 473
5 95
89 50
473 434
345 351
389 498
89 123
95 5
434 479
5 95
64 83
89 95
223 217
355 301
479 473
389 479
306 351
178 223
223 178
50 5
271 335
306 351
89 95
223 217
351 261
50 95
398 465
89 5
351 378
5 95
345 374
306 351
50 95
345 327
389 479
389 479
217 178
95 23
95 89
95 18
99 22
307 335
473 479
217 223
479 389
223 217
5 95
178 223
351 306
345 351
133 217
178 133
345 351
479 473
389 479
345 351
5 47
89 5
473 434
223 217
473 479
473 479
345 351
95 93
479 407
389 479
89 50
345 351
261 351
473 479
223 217
223 217
434 475
169 129
50 24
345 276
95 14
89 95
473 506
5 89
217 220
95 50
178 217
306 314
95 14
473 479
178 170
351 261
89 95
217 223
89 20
217 133
223 133
473 479
479 473
223 178
95 23
261 351
133 217
261 345
389 479
389 497
351 306
113 58
95 89
351 345
68 15
479 473
5 95
95 8
217 223
50 66
178 217
345 306
178 217
50 7
351 345
306 345
479 434
95 89
261 345
178 223
434 479
389 479
479 434
95 89
434 414
389 486
479 473
473 389
217 178
351 261
217 178
479 389
223 178
217 223
5 95
223 217
133 178
223 133
50 95
473 479
217 133
261 332
345 261
306 345
434 389
217 223
345 306
133 178
434 473
447 463
5 127
389 465
223 217
217 223
89 5
306 322
306 261
94 121
389 479
133 223
479 389
345 306
389 473
95 89
217 223
68 41
345 340
223 151
389 434
95 89
217 178
434 501
50 95
5 50
133 223
89 95
178 133
217 178
306 362
261 351
133 223
473 434
89 95
479 407
223 217
145 136
217 163
345 306
50 10
5 50
434 389
89 73
133 223
306 345
345 351
261 351
473 392
306 351
95 5
217 178
223 133
306 345
95 5
95 73
89 95
473 434
306 351
89 95
217 223
345 351
89 95
178 133
261 306
351 345
479 473
479 389
5 89
389 434
5 89
351 366
89 95
217 201
15 79
306 351
351 345
178 223
261 306
50 89
389 479
89 95
89 50
351 345
473 434
389 473
95 50
125 114
50 95
306 345
89 17
473 479
345 261
95 50
15 79
479 389
217 133
89 95
178 223
351 306
473 479
89 5
95 89
15 34
389 473
307 298
228 207
502 426
473 479
306 351
479 434
351 345
473 479
473 389
217 223
473 479
89 95
64 12
217 223
473 479
345 351
223 217
479 473
217 223
133 223
89 107
479 389
473 479
217 223
351 261
261 303
217 223
479 473
5 89
217 178
217 223
306 345
261 306
223 217
95 127
345 306
261 312
389 473
345 261
217 223
133 251
223 178
178 223
306 261
479 473
479 389
473 479
345 261
261 345
89 95
89 95
89 5
473 479
217 223
351 270
473 479
306 345
217 178
473 434
217 223
223 133
306 351
89 95
89 5
89 112
95 20
133 217
223 217
479 473
5 89
479 473
5 95
223 178
50 95
473 434
133 223
133 217
345 351
54 83
178 223
479 434
261 306
479 473
261 351
89 95
217 223
89 95
345 261
89 95
217 223
261 351
178 223
50 85
89 95
345 351
50 89
217 223
351 261
389 473
473 479
89 29
473 479
473 479
306 261
434 473
345 261
505 404
217 133
351 327
50 95
473 479
217 223
89 95
133 223
434 479
50 83
504 473
479 389
345 351
434 479
223 151
351 306
473 479
345 306
351 306
473 479
345 351
223 133
95 89
74 100
223 217
223 217
261 350
261 351
89 95
133 223
253 248
217 210
217 167
50 95
95 89
345 331
473 389
473 479
479 473
223 217
89 95
217 133
351 261
473 479
178 223
217 178
178 250
89 95
351 345
434 440
5 95
50 89
479 402
217 223
223 217
50 95
217 223
95 14
223 217
133 223
389 431
95 89
345 351
509 482
50 89
89 95
217 223
351 345
95 14
223 178
389 473
473 479
223 151
178 223
223 178
473 479
434 479
389 443
389 479
95 89
223 178
261 351
95 50
345 351
217 223
345 351
473 479
434 479
223 133
389 479
5 14
50 89
95 8
223 142
351 306
389 431
50 127
89 50
389 434
89 95
223 217
465 426
178 217
217 223
345 261
389 479
389 418
94 100
178 162
89 95
345 351
89 5
50 95
479 389
133 217
306 351
473 434
389 497
473 479
133 223
5 95
5 50
25 95
223 142
306 351
479 481
479 473
389 434
306 351
351 345
50 95
434 499
95 50
479 473
473 479
351 261
95 89
434 389
473 389
249 172
351 261
223 178
217 178
5 95
133 178
306 345
473 434
345 351
5 50
389 431
217 223
434 389
5 89
345 306
50 95
223 217
217 133
223 217
223 178
434 479
434 479
223 217
223 133
217 223
70 42
95 5
50 95
5 50
133 217
217 133
351 345
50 95
339 335
389 479
133 178
133 217
479 473
133 223
223 217
89 95
306 345
261 303
306 351
261 345
306 351
133 178
479 389
89 5
89 95
473 479
345 351
133 144
14 81
345 351
178 146
133 223
223 217
50 95
389 479
217 204
133 223
41 68
389 473
25 106
95 14
223 178
345 261
351 345
5 50
389 434
223 178
217 178
479 473
345 351
473 479
133 217
473 434
479 473
133 217
307 381
345 351
479 473
479 473
261 351
89 75
223 133
351 261
345 351
345 351
351 306
479 473
223 142
345 350
434 473
217 178
95 50
351 345
473 479
223 217
351 345
389 479
178 217
479 389
434 479
223 201
133 223
306 345
5 95
306 351
351 345
217 178
217 223
306 351
261 329
133 217
223 178
133 160
223 217
479 473
345 351
479 434
191 248
345 306
473 476
351 276
95 89
345 270
351 294
89 95
95 50
223 133
89 109
473 434
389 479
5 113
434 389
133 223
479 473
479 389
479 473
50 5
473 447
178 217
217 223
345 351
306 345
351 335
261 351
473 479
5 95
223 217
473 434
65 34
217 223
133 253
50 95
178 217
133 178
178 217
217 223
345 351
89 95
41 73
95 5
389 407
434 439
223 217
306 261
389 479
89 95
95 5
345 306
351 345
261 345
306 261
89 95
345 351
192 238
345 351
95 5
5 95
89 95
50 95
95 89
223 142
398 484
178 223
434 473
178 223
95 5
389 479
5 95
223 133
50 89
217 223
178 223
473 479
351 345
5 70
351 327
479 434
434 479
479 485
217 133
41 68
178 217
50 95
434 479
169 196
473 479
434 502
223 133
345 331
5 1
351 261
467 399
95 14
345 306
95 89
145 239
178 133
50 12
473 479
351 306
5 95
345 351
345 261
95 5
223 133
310 338
217 223
261 351
133 223
217 222
89 5
50 95
5 89
399 463
95 89
473 486
217 223
217 223
473 479
345 351
89 95
223 133
434 389
223 133
178 223
217 223
473 479
5 95
351 345
217 223
473 479
217 133
145 223
5 50
345 351
473 479
306 351
95 5
5 95
261 303
345 306
473 479
351 261
223 217
261 351
133 209
223 217
95 17
89 5
223 178
479 473
351 261
345 351
5 50
345 351
389 479
89 95
434 389
89 95
345 306
261 345
345 306
261 351
473 479
261 351
261 306
217 227
223 178
473 479
434 442
89 80
473 479
306 345
479 473
480 467
118 65
473 389
89 95
345 351
223 133
473 479
133 217
50 95
5 85
473 479
345 351
479 434
306 351
89 50
95 23
261 345
178 217
5 89
217 133
217 160
345 261
479 473
50 5
479 389
351 345
351 261
50 95
217 223
363 269
50 95
223 178
223 142
95 5
345 306
223 217
306 345
306 351
351 345
479 434
223 217
434 479
473 434
345 351
345 351
95 89
89 95
345 261
217 178
95 5
50 95
50 95
223 133
99 79
223 183
5 89
434 479
217 133
217 223
345 351
351 345
345 261
473 479
133 217
169 196
261 282
5 47
89 95
435 440
389 479
95 50
133 201
133 178
89 95
223 178
5 120
345 306
133 178
473 434
186 207
95 68
376 339
473 479
95 89
178 157
133 246
223 211
479 434
133 223
434 473
261 306
50 116
178 223
473 479
89 95
89 5
133 217
479 434
133 178
479 473
133 223
434 479
425 420
223 133
479 460
345 261
217 178
434 389
133 178
89 95
479 389
95 119
223 178
261 351
95 68
89 18
89 33
479 473
345 351
351 306
389 479
178 216
178 223
389 434
345 306
473 479
217 176
389 479
351 345
89 95
217 133
95 17
50 89
50 95
473 479
217 133
473 479
217 223
50 95
89 95
351 345
355 273
5 95
473 389
50 95
351 345
223 217
345 351
50 5
223 178
434 473
345 351
133 223
178 223
50 95
351 345
351 261
351 279
473 479
345 261
217 133
217 223
345 351
89 50
217 223
345 351
345 351
89 95
306 351
261 345
351 261
345 351
217 223
479 473
95 50
217 221
89 95
95 89
306 261
89 95
133 223
473 479
351 345
217 223
178 223
351 333
95 50
351 331
34 111
178 133
473 479
473 389
178 223
95 89
345 261
479 434
345 351
345 351
306 351
473 434
389 506
95 23
434 401
389 434
473 479
345 306
351 281
345 351
434 479
351 261
479 434
389 473
351 306
217 223
50 95
89 95
473 434
306 351
178 223
89 95
306 351
345 351
178 185
89 5
217 223
217 133
389 434
389 499
473 479
223 151
306 261
89 5
482 467
95 23
389 473
89 95
133 223
351 374
479 473
95 50
178 217
473 479
89 5
223 217
473 389
479 473
306 261
473 434
178 223
223 217
133 223
351 261
223 250
479 473
351 306
306 351
217 223
224 250
223 217
479 473
89 50
89 50
306 340
473 434
89 5
95 18
217 178
473 479
345 351
95 50
389 479
5 89
345 261
89 91
351 306
178 223
89 95
89 50
95 50
95 5
95 89
50 95
351 345
434 406
276 362
50 89
306 340
89 95
473 389
178 217
89 95
133 223
178 223
306 287
479 417
306 351
95 5
95 89
351 306
345 363
50 95
223 217
473 479
389 479
217 223
351 261
261 345
473 434
434 479
95 89
434 479
50 95
320 339
64 83
50 95
389 473
389 473
377 332
306 324
351 261
345 306
217 223
217 178
89 95
389 496
261 345
54 50
143 151
389 473
223 151
217 223
50 5
89 50
133 223
306 262
345 306
133 223
345 351
473 434
217 160
261 345
223 217
95 89
89 50
479 389
95 89
223 199
479 473
217 223
306 351
454 463
345 339
223 217
95 50
473 479
434 497
389 434
473 389
434 479
434 479
223 205
479 473
473 434
351 345
434 479
351 345
217 223
434 473
351 306
351 306
345 351
479 467
107 13
351 306
306 257
473 389
479 434
133 223
5 95
473 479
345 351
261 306
261 306
89 95
306 351
89 5
50 12
473 479
133 217
345 261
89 95
261 351
473 479
223 133
178 223
217 223
345 351
479 473
89 95
5 89
95 5
223 217
473 434
95 5
89 5
345 351
306 351
509 488
89 122
261 345
95 123
95 89
306 287
5 50
133 217
389 473
351 345
345 264
223 178
95 50
89 50
68 15
14 81
473 457
133 223
434 467
217 223
223 217
306 351
133 217
89 7
217 178
95 89
479 473
178 223
133 178
95 5
223 178
178 223
223 178
80 96
54 52
217 223
276 264
434 479
133 194
438 481
178 223
434 473
95 89
345 298
261 351
217 223
345 351
133 223
351 345
217 158
345 351
345 351
434 479
434 426
178 211
473 389
15 79
50 95
133 217
89 50
345 351
306 351
261 306
5 95
479 461
95 89
479 434
5 89
345 306
351 345
351 306
15 83
95 50
306 261
217 223
89 95
123 119
217 223
95 50
95 10
473 479
217 223
389 431
473 479
345 351
351 282
89 95
473 479
5 47
479 473
95 89
50 117
331 345
306 358
50 95
133 217
50 95
95 23
479 473
217 220
5 89
345 351
345 351
479 473
306 286
497 467
479 455
50 5
217 223
178 223
434 473
425 410
217 200
434 479
345 261
351 306
217 223
223 207
95 89
306 345
345 351
95 89
217 178
473 389
50 20
178 223
261 351
473 479
223 133
473 479
178 133
434 428
345 286
89 95
345 306
89 95
95 50
389 496
223 178
178 223
505 467
345 351
89 115
133 223
50 95
473 434
434 473
306 351
261 345
306 261
473 434
95 50
223 251
217 223
217 133
50 95
351 345
5 47
50 95
223 178
389 477
133 217
345 348
217 223
345 306
351 345
34 111
479 434
261 306
297 324
345 351
217 223
479 389
95 89
64 45
434 479
133 217
89 95
345 306
434 479
351 345
434 479
217 223
473 479
89 123
133 223
473 412
89 5
261 351
473 479
473 479
5 13
345 306
95 5
223 217
217 178
273 376
473 479
479 434
50 95
89 71
345 261
473 479
473 389
95 50
223 217
223 178
95 89
95 50
473 389
389 479
351 345
89 95
434 479
509 449
133 178
133 178
389 479
351 327
479 434
434 479
261 351
345 351
133 223
473 479
50 89
389 479
133 175
133 223
389 457
261 345
217 178
89 5
223 142
345 306
389 473
434 389
89 95
389 479
111 42
351 306
389 473
5 89
5 95
473 479
50 54
217 223
217 223
434 479
217 223
434 479
95 89
306 351
426 435
217 133
473 479
223 217
253 223
223 178
473 479
89 95
351 327
345 306
261 351
351 261
473 435
223 151
89 50
178 217
473 479
5 95
89 95
479 434
217 178
473 480
178 223
5 95
352 314
95 50
178 138
89 120
351 345
473 479
89 95
5 95
89 50
50 95
178 133
54 18
479 398
479 407
8 94
178 223
89 95
5 95
217 223
50 95
95 89
217 223
434 479
345 351
351 345
434 473
389 473
89 95
68 14
89 95
217 133
306 298
351 261
50 95
479 473
5 89
223 133
434 473
389 457
351 345
178 223
133 223
479 434
389 479
95 5
95 5
351 261
148 251
479 434
473 479
133 201
389 431
434 479
241 133
95 89
89 5
89 50
223 161
434 478
473 389
473 389
63 120
351 270
95 5
473 430
389 479
89 95
5 2
223 217
217 223
133 223
509 464
345 351
178 133
473 389
5 95
306 351
89 5
306 351
306 262
273 336
345 351
217 223
5 95
178 217
479 473
389 434
217 133
223 217
434 425
448 467
89 95
50 95
345 306
434 389
133 176
133 223
473 479
223 217
345 306
479 407
306 351
217 223
479 473
95 50
223 217
473 479
306 373
223 151
306 351
95 50
133 175
345 306
95 50
50 95
5 95
345 351
178 133
434 479
170 179
178 217
306 351
217 144
473 434
479 389
389 479
261 323
178 133
479 434
50 95
89 50
89 95
345 306
389 431
50 5
261 379
178 217
261 351
479 389
345 351
434 389
479 473
223 151
345 351
479 473
479 407
306 261
345 306
89 43
133 178
5 95
227 162
223 142
223 217
434 433
178 253
178 221
345 351
345 312
389 473
133 223
227 156
5 73
306 351
306 351
479 389
50 95
217 178
306 351
351 345
389 479
89 110
345 306
133 223
473 389
223 217
89 95
50 13
345 351
306 351
479 473
479 473
50 95
217 133
178 223
178 223
217 178
473 434
306 261
351 261
345 261
120 116
306 351
178 133
306 351
143 162
261 303
178 223
217 223
217 133
169 151
473 479
89 95
217 133
95 5
223 217
473 479
223 217
5 89
223 217
80 50
389 434
133 178
351 322
473 434
95 5
223 133
261 351
479 447
261 361
473 385
217 223
389 473
345 351
170 179
94 84
95 93
261 273
351 261
5 71
50 5
95 5
479 473
473 479
133 223
319 352
217 223
345 351
479 473
89 101
473 479
434 479
223 133
306 347
50 95
217 223
479 398
217 133
306 351
306 313
223 133
351 345
479 473
223 178
95 89
479 398
473 434
113 58
381 323
351 345
479 473
473 479
223 217
473 479
473 389
306 261
479 473
89 95
351 261
479 511
434 479
351 261
473 479
479 434
351 261
345 261
95 5
345 351
345 351
50 95
223 217
434 479
50 95
178 217
434 479
351 306
345 261
345 351
345 261
297 324
89 95
95 89
261 306
178 223
133 223
5 89
133 223
89 5
89 70
473 384
479 473
297 355
389 479
133 223
133 178
345 306
95 50
473 479
178 133
5 95
389 479
5 13
351 306
351 306
50 13
95 89
89 95
5 95
261 345
178 223
345 351
426 435
178 133
345 351
345 351
5 95
133 223
217 223
133 217
133 217
89 95
473 479
217 223
5 89
50 123
223 217
178 217
95 14
505 436
473 389
95 89
389 434
261 306
217 223
95 23
306 378
297 315
345 351
224 245
95 89
178 217
434 479
473 434
217 201
389 473
261 345
178 223
479 401
271 335
306 351
95 77
89 95
95 50
345 351
288 330
306 345
133 151
89 95
50 95
5 13
261 351
217 223
223 178
89 5
89 95
389 479
345 306
389 479
306 351
306 351
261 351
89 95
261 329
217 223
351 306
405 435
473 479
351 345
217 133
95 14
434 479
306 351
133 208
306 351
217 255
217 133
5 89
261 345
217 223
345 306
479 389
434 473
217 223
223 178
178 217
473 389
217 223
133 217
306 351
345 306
351 306
133 217
95 14
223 133
351 345
500 434
133 223
95 89
178 217
345 306
95 89
178 223
5 95
223 217
50 89
479 434
217 223
95 5
133 223
223 133
223 178
178 166
351 345
223 178
50 95
473 479
169 238
351 306
223 178
217 133
306 345
223 133
205 223
345 351
389 431
345 339
351 306
50 89
473 479
89 95
142 228
434 479
223 142
434 473
170 179
479 434
50 95
389 473
223 178
434 479
389 473
345 351
89 30
89 95
178 223
217 133
95 89
473 479
479 426
345 351
223 217
95 89
223 217
50 95
434 479
389 414
509 419
133 178
145 221
434 479
50 5
50 5
434 479
223 178
473 479
479 389
306 345
473 479
261 351
133 142
133 223
89 5
50 95
261 345
479 389
217 178
443 473
473 389
473 434
351 345
50 95
5 50
133 223
389 502
473 479
196 169
345 351
94 59
186 217
5 50
351 261
261 351
133 233
351 306
389 473
95 89
473 479
306 345
434 479
5 89
95 89
5 95
473 389
351 345
95 5
178 133
95 50
351 345
50 95
473 479
217 223
217 223
261 351
89 95
95 89
473 479
345 351
306 351
217 223
89 95
223 217
351 261
133 178
89 95
389 434
306 261
452 425
95 94
473 434
462 473
473 389
473 467
435 403
99 104
389 479
89 5
389 479
217 178
306 351
345 351
473 434
89 122
227 247
89 95
50 1
434 479
351 350
89 50
133 178
351 270
89 95
5 95
5 89
89 95
95 25
89 24
217 223
473 479
473 389
473 479
479 473
95 89
223 217
351 306
99 126
479 389
17 18
95 99
95 50
217 250
479 434
89 95
337 298
345 351
473 479
95 89
479 434
133 217
351 345
217 223
95 89
217 178
434 479
223 133
351 306
68 15
434 479
306 351
434 413
217 133
223 217
89 95
5 50
389 479
133 223
261 345
473 479
95 89
217 223
148 192
434 407
351 345
217 133
473 479
178 223
89 95
249 145
351 306
306 350
479 473
473 389
345 306
89 95
351 345
351 306
473 479
5 95
310 356
178 223
192 156
95 50
89 50
351 261
89 95
479 407
89 5
478 413
479 473
41 68
217 178
345 351
89 95
89 95
217 223
217 223
217 223
5 89
479 389
271 335
89 95
306 327
345 351
351 345
479 473
479 473
434 389
95 5
306 351
389 434
306 352
95 89
351 261
351 365
479 389
133 175
473 479
351 279
351 345
178 131
89 95
351 306
306 263
223 217
479 389
319 376
351 306
389 473
133 223
351 306
89 95
50 5
479 414
369 314
351 306
89 50
217 223
479 434
100 14
473 479
89 95
5 50
133 217
479 473
345 351
261 345
5 95
5 95
444 425
113 58
306 351
273 306
217 178
345 306
89 95
217 223
217 223
345 306
89 95
435 463
345 351
351 261
5 89
5 89
50 89
434 479
95 50
473 479
479 473
261 345
5 89
178 223
95 89
434 473
95 89
178 223
479 434
404 448
50 95
217 223
479 473
192 248
434 479
479 473
497 442
261 345
473 479
479 473
261 345
345 261
95 89
50 5
224 149
191 170
217 223
223 217
50 5
345 351
434 479
306 351
434 467
306 351
479 473
133 148
319 376
178 133
389 479
306 351
473 389
89 95
223 217
434 479
479 500
409 490
479 434
345 306
351 345
113 58
261 306
480 410
5 89
217 223
89 95
479 398
351 306
5 30
217 178
89 5
345 331
297 324
473 434
389 407
345 351
89 5
50 91
89 50
89 50
217 178
125 89
434 479
217 223
261 345
345 351
217 223
345 351
306 345
448 392
5 95
50 95
435 505
479 389
345 351
261 306
217 239
217 178
133 178
261 351
345 351
479 446
89 95
192 206
389 479
89 95
261 337
89 95
50 8
89 50
5 95
389 473
223 217
95 89
398 465
54 105
389 434
217 223
261 344
223 166
133 217
389 486
434 479
261 351
345 261
351 306
217 223
223 217
223 133
377 361
89 50
133 223
95 89
345 351
141 235
223 178
95 23
217 223
369 314
306 345
223 178
479 434
345 351
95 5
217 223
306 261
479 491
479 434
345 351
345 351
95 89
473 441
345 351
217 170
196 169
95 50
217 133
123 119
479 434
473 389
223 217
133 223
356 310
320 276
5 50
89 50
133 223
133 201
261 345
95 50
271 290
306 351
223 178
95 50
217 223
434 479
223 133
473 443
473 434
217 223
95 89
178 133
5 89
448 400
345 315
434 427
345 351
89 50
434 479
217 223
95 89
345 351
50 95
89 50
479 389
217 223
15 83
50 95
473 425
217 169
479 389
223 217
169 226
306 345
217 133
223 178
178 223
5 89
483 449
434 479
473 479
479 473
241 186
345 351
434 479
261 351
95 89
217 223
5 95
345 261
5 95
306 261
41 92
223 204
50 95
479 473
50 122
306 261
133 223
351 345
345 351
95 50
306 261
345 351
480 470
434 473
217 178
217 223
306 351
271 290
178 223
89 95
223 133
133 178
178 223
434 479
217 223
442 497
217 178
217 133
223 238
473 434
389 467
345 351
5 46
133 223
179 211
261 351
50 95
389 457
345 351
479 473
5 89
351 306
306 351
479 398
50 89
217 223
89 95
89 95
479 407
246 170
95 89
89 95
178 223
473 479
261 345
273 266
89 95
217 223
223 178
479 426
5 89
223 178
89 50
223 178
479 473
89 70
479 389
217 223
351 261
473 479
389 467
434 414
351 345
89 50
345 351
133 217
351 306
473 479
178 223
389 479
133 193
351 345
434 473
95 97
473 434
223 217
473 434
223 217
473 479
479 434
351 345
389 473
217 223
479 434
217 223
217 223
89 95
345 306
223 211
389 457
434 479
345 351
178 223
351 345
217 133
217 223
217 178
217 223
306 371
479 473
89 95
345 367
223 133
95 23
434 493
473 434
473 467
479 473
261 351
89 50
473 389
89 95
178 133
389 479
89 5
89 95
473 479
479 450
5 89
89 95
249 248
261 351
217 133
217 223
5 95
351 345
310 371
119 123
345 351
306 345
178 217
434 479
435 442
438 395
479 434
351 306
89 95
217 178
178 217
223 133
479 389
95 89
345 266
479 473
261 351
217 178
17 19
50 5
50 5
178 223
479 468
473 434
89 95
95 5
133 227
345 261
192 211
89 50
306 351
5 89
95 89
50 89
223 133
89 50
479 473
89 50
178 223
306 351
473 434
306 261
178 241
178 223
223 133
306 351
89 95
95 14
50 60
5 95
89 95
217 211
306 351
389 479
345 306
389 434
306 351
133 158
345 351
473 479
434 479
5 95
133 178
473 479
89 95
473 479
389 479
217 223
95 50
142 133
306 345
345 351
5 47
345 306
351 261
217 223
351 306
345 351
89 95
438 389
479 434
133 223
345 351
133 217
50 10
473 479
345 351
223 178
89 50
479 473
178 183
54 10
473 479
345 306
351 306
306 351
50 89
223 151
389 434
50 117
473 389
95 23
473 449
389 479
351 345
479 389
306 351
434 479
261 351
217 223
217 178
95 89
50 5
5 50
345 351
217 178
223 217
434 479
241 133
223 178
306 351
434 473
89 50
473 479
133 223
89 5
50 95
89 95
133 178
223 217
178 223
133 217
261 345
473 479
145 251
351 345
50 80
473 479
261 351
438 434
389 434
223 178
473 389
473 434
223 133
351 286
345 351
50 95
434 389
351 345
306 351
217 223
480 446
89 95
223 217
50 30
5 50
192 211
133 201
389 473
95 5
133 217
178 223
50 89
306 351
473 479
50 95
95 89
389 479
223 178
261 306
473 434
217 223
178 142
217 178
351 345
223 142
434 473
217 223
297 295
319 335
217 133
248 244
352 291
95 50
133 217
345 377
491 397
217 223
50 95
89 5
133 223
351 306
345 351
50 95
479 473
217 133
222 207
389 479
473 452
479 389
89 5
306 351
217 133
95 89
337 319
89 50
276 320
217 178
95 5
89 5
473 434
133 217
479 473
261 351
217 178
148 192
89 110
223 217
81 42
351 315
217 223
89 42
5 95
389 473
89 95
434 479
434 401
5 95
261 345
217 223
89 42
217 133
351 345
345 351
351 306
434 473
473 479
217 133
217 178
217 178
5 95
389 479
5 47
345 351
5 95
223 217
133 217
89 5
434 389
217 223
178 223
95 89
261 351
447 504
89 95
345 351
479 473
434 479
375 261
89 95
95 89
217 223
389 473
261 329
133 178
479 398
351 345
473 479
261 345
95 89
133 211
389 490
217 178
223 178
479 473
389 443
89 95
217 223
351 345
5 73
306 269
50 95
133 142
217 223
473 389
351 306
107 13
350 272
389 479
95 50
178 204
249 210
473 434
448 392
345 351
148 136
217 223
223 133
178 133
89 5
306 345
5 114
5 95
95 50
473 479
217 203
345 261
261 345
5 95
178 217
95 123
473 479
389 479
223 217
473 479
473 389
389 479
223 153
306 345
473 389
261 351
50 95
50 95
351 261
133 217
306 366
345 351
345 351
479 434
50 5
473 479
50 5
473 479
306 351
89 50
345 332
95 89
261 351
89 95
389 479
261 303
89 95
50 24
479 466
223 178
50 95
473 479
261 303
261 351
89 95
261 303
351 335
345 306
50 23
217 223
434 480
5 89
125 95
227 216
389 457
434 479
389 434
89 95
89 95
306 351
351 259
479 473
95 14
95 50
306 351
89 50
50 95
473 479
389 479
479 473
389 434
95 89
473 434
193 227
50 95
398 465
107 13
178 223
95 89
133 211
5 95
306 357
345 351
389 473
345 351
261 345
479 473
479 473
95 17
178 223
50 89
89 95
89 95
473 457
133 162
95 89
479 473
473 478
89 95
261 358
345 306
217 223
50 5
133 178
345 351
5 89
95 89
261 345
178 223
89 95
178 217
89 95
434 479
217 178
473 387
448 493
479 434
473 479
479 473
95 89
95 89
50 17
223 133
217 223
434 389
5 95
5 79
50 95
434 479
345 306
89 95
50 95
261 345
306 351
223 133
50 95
5 73
351 261
50 89
434 473
89 50
95 89
473 479
133 223
389 479
261 306
5 89
95 89
298 307
178 223
473 479
178 223
223 203
5 47
435 465
345 351
350 321
89 50
89 95
389 431
133 223
217 178
50 95
351 345
121 26
58 75
178 223
83 5
473 389
389 473
351 261
223 151
389 473
217 133
345 351
217 223
5 95
217 229
95 89
261 306
5 95
5 125
345 351
5 38
261 351
95 89
306 351
479 389
133 223
217 133
473 389
434 455
479 389
434 389
351 345
95 57
345 261
351 306
351 306
389 479
351 285
89 35
217 223
50 95
479 473
89 114
261 306
306 285
50 95
306 351
479 473
223 217
345 261
5 89
261 345
217 223
350 375
351 345
133 223
5 50
95 89
345 306
345 351
133 223
95 89
95 89
50 95
133 144
345 351
261 345
479 473
50 5
479 434
404 463
95 50
434 470
261 351
473 493
479 389
133 223
133 223
473 389
5 50
345 351
5 95
434 473
389 479
473 479
223 151
306 351
191 248
351 261
434 389
222 129
434 479
434 479
261 306
473 479
217 178
447 463
479 389
217 223
473 479
217 223
473 434
345 306
217 133
306 351
217 223
89 5
95 50
479 389
217 223
223 217
133 217
217 223
50 95
473 443
227 142
223 179
223 133
473 479
223 217
484 503
351 306
5 89
479 473
95 96
217 223
434 389
479 389
478 394
434 479
178 217
306 383
473 434
473 479
345 351
5 95
50 95
133 178
179 191
133 223
125 95
447 416
54 89
389 479
89 95
351 339
351 261
96 32
389 449
133 178
438 454
345 261
473 479
306 351
141 209
351 306
5 95
50 95
223 217
355 280
217 178
217 223
306 261
50 95
261 317
133 217
217 223
50 89
89 95
261 345
434 389
306 261
89 95
5 89
217 223
345 351
306 351
192 157
50 5
389 473
389 501
473 479
261 306
58 113
389 457
345 266
473 479
133 217
389 479
345 351
95 5
89 50
389 479
473 479
178 210
217 133
178 223
223 217
223 212
89 5
217 223
133 217
50 89
261 306
261 350
89 95
64 58
261 351
351 301
217 223
5 89
50 95
306 351
434 473
276 320
473 434
5 95
473 479
447 504
5 50
178 223
261 345
223 133
473 434
345 351
217 223
306 345
5 47
178 223
389 473
89 95
389 396
306 351
5 50
133 223
261 351
95 89
217 223
261 351
434 389
178 223
217 223
223 178
95 89
89 50
95 101
179 145
217 223
95 89
217 178
89 50
133 217
345 351
473 434
133 217
133 223
133 217
5 30
261 351
95 89
133 223
178 223
473 479
133 201
133 223
434 390
306 351
50 5
261 351
351 261
261 349
389 479
345 306
178 157
351 345
133 217
389 434
133 201
223 217
145 178
351 345
182 234
473 389
473 486
89 95
223 151
113 58
217 223
217 223
178 217
89 95
14 81
95 89
351 306
479 473
223 217
95 89
389 473
389 473
345 306
178 188
95 50
5 89
89 5
434 479
473 389
261 351
5 95
50 95
178 223
89 5
479 434
178 223
89 50
133 246
479 434
479 473
351 306
389 473
50 5
434 473
473 479
169 143
178 223
306 351
479 398
89 95
345 351
345 306
473 389
5 95
374 269
351 345
95 5
89 95
89 80
331 345
306 351
479 434
321 336
345 306
306 261
5 95
463 467
32 74
223 217
306 349
50 5
270 337
261 306
95 89
345 351
473 479
261 290
261 339
273 281
345 351
351 306
89 5
399 467
5 89
479 473
306 351
223 133
484 398
209 228
169 202
345 351
223 178
345 351
89 48
345 351
50 5
473 389
261 306
479 473
50 95
473 434
89 95
473 389
178 223
321 302
345 351
217 212
209 228
345 261
345 266
473 479
345 351
133 175
89 5
345 353
351 270
217 223
473 479
473 389
473 479
133 248
389 473
133 223
133 223
479 473
133 223
196 217
95 89
473 479
389 434
89 95
473 389
345 351
178 223
95 5
89 95
473 434
217 133
477 473
389 431
434 457
306 351
5 89
345 261
217 223
95 5
434 473
389 473
345 351
399 467
133 201
50 95
217 223
178 223
351 306
217 223
351 345
217 223
217 223
261 355
473 434
50 95
142 209
497 442
434 479
473 479
217 223
217 223
223 178
352 260
335 339
306 351
479 389
223 178
5 50
217 223
5 50
434 389
95 14
178 223
351 306
473 479
133 178
89 5
479 434
223 217
5 73
345 306
479 473
261 306
306 345
5 95
178 133
473 479
217 223
89 50
473 479
89 95
5 95
64 83
473 479
438 395
389 434
89 74
89 5
217 133
64 85
133 217
89 95
89 95
178 133
178 223
5 50
351 306
473 389
345 351
5 73
473 479
95 89
261 345
89 95
473 434
217 223
434 479
306 351
261 345
125 59
50 95
363 269
389 479
306 351
473 479
178 217
306 345
50 95
479 473
345 351
473 479
133 178
355 261
306 310
223 178
261 306
223 129
434 479
351 345
89 95
89 50
350 366
178 133
261 351
5 95
345 351
261 306
261 298
473 479
5 95
217 133
478 506
133 223
345 306
89 95
178 223
5 95
133 178
389 479
5 50
473 479
434 479
351 306
345 319
95 29
133 223
345 306
479 473
51 79
389 434
480 464
89 5
217 223
95 89
178 223
89 91
389 479
351 345
306 262
178 223
217 223
133 186
89 95
345 351
434 479
434 473
133 217
473 434
5 47
133 223
89 95
389 480
223 217
222 198
133 223
217 223
89 95
89 5
133 217
50 95
223 133
95 50
434 479
178 223
473 479
345 351
351 345
319 352
479 398
223 217
345 261
95 50
95 89
217 223
345 351
5 95
41 70
178 223
351 306
345 306
434 479
50 94
182 132
306 351
345 351
306 309
473 433
306 351
473 479
50 79
178 217
473 479
389 479
434 473
261 351
5 95
416 458
89 95
261 303
223 133
434 384
345 351
89 41
362 261
5 89
89 95
50 89
479 434
351 352
217 223
473 481
178 223
473 479
473 389
261 345
89 50
351 333
351 345
479 473
217 133
434 479
345 261
473 479
351 345
306 351
198 207
261 303
306 261
351 345
351 279
95 89
261 351
5 89
223 133
89 95
223 217
95 50
345 261
389 479
178 223
351 345
133 223
50 5
89 95
217 178
306 345
261 345
345 351
306 351
355 363
217 178
345 261
261 329
95 5
217 178
473 479
246 193
401 422
434 389
434 389
351 306
217 224
351 345
5 95
306 261
448 467
89 95
178 217
345 351
261 351
217 223
178 217
223 178
217 133
223 217
50 53
389 479
345 351
261 351
217 179
89 50
273 291
42 5
261 329
178 211
351 261
473 479
345 351
434 479
306 349
345 351
217 223
345 306
345 351
223 178
89 95
473 479
178 223
227 211
479 473
345 351
223 217
223 133
50 95
306 261
389 434
351 345
133 223
217 223
217 223
306 351
178 133
5 95
345 351
389 473
95 42
5 50
178 217
473 479
473 465
351 306
351 279
223 178
50 95
145 173
223 217
50 66
345 351
95 17
89 95
351 345
89 5
345 306
345 351
434 479
133 223
324 297
223 217
444 473
345 306
473 479
223 133
133 217
479 434
479 473
50 95
5 95
14 81
434 494
5 50
133 175
473 479
473 389
473 479
223 217
479 502
434 389
5 73
473 460
95 89
133 223
434 479
89 95
389 434
306 339
473 479
273 261
5 89
345 306
425 419
5 50
389 479
178 217
223 217
473 434
306 261
355 350
363 269
50 95
389 434
5 89
50 95
376 298
217 223
178 133
223 178
95 89
133 223
217 223
479 389
223 178
217 223
306 365
217 223
479 434
473 479
351 261
434 389
345 351
345 351
95 89
351 345
351 261
228 247
217 223
345 351
345 282
345 373
95 89
345 306
389 434
5 95
479 462
223 217
345 351
223 217
89 5
473 434
434 479
261 351
473 479
261 351
479 461
50 95
217 151
434 473
223 178
133 175
217 178
345 261
95 38
5 95
298 307
434 389
95 89
351 306
479 389
351 270
351 345
50 95
223 217
95 89
217 223
178 223
345 351
479 389
389 434
345 306
345 351
89 95
217 223
217 223
389 479
223 178
95 5
178 217
89 50
306 312
306 261
217 178
479 389
434 389
223 133
473 434
306 275
95 89
434 479
473 479
178 181
261 329
178 133
178 217
95 51
89 95
473 479
50 5
95 89
479 483
217 223
434 389
351 261
217 178
345 351
261 351
223 217
95 5
389 434
179 170
321 265
217 178
95 50
89 95
95 50
133 211
95 14
133 178
345 351
95 89
351 306
479 389
182 133
223 178
217 178
438 445
261 345
192 141
223 133
95 89
217 223
345 351
89 5
261 345
434 414
345 351
133 223
5 81
5 50
223 178
434 406
89 5
178 223
217 223
223 217
345 351
95 50
178 217
178 217
473 434
351 319
306 351
473 479
5 89
389 473
95 31
473 389
261 301
41 23
217 223
434 479
89 95
89 95
434 479
345 351
331 345
351 345
223 204
473 394
306 351
5 89
261 306
351 279
58 54
89 95
473 389
125 92
223 173
89 95
351 345
95 89
133 223
223 217
178 223
217 133
389 479
223 217
345 306
89 95
473 479
479 389
89 95
95 14
178 223
479 398
306 261
473 479
5 95
306 337
217 223
351 261
479 509
133 217
479 389
473 434
89 95
178 223
178 196
479 434
389 479
345 351
95 89
95 89
251 247
89 50
50 95
306 351
5 95
178 133
479 473
95 50
50 95
389 473
217 223
89 95
50 26
95 89
5 89
95 89
345 351
95 82
223 217
178 223
95 89
95 14
223 217
345 351
89 95
389 434
217 223
5 50
473 434
223 217
89 95
345 261
473 434
351 345
178 217
89 50
307 298
345 351
89 95
89 95
217 223
217 223
178 223
217 223
217 223
261 345
345 351
95 89
479 473
95 50
251 133
306 345
223 153
479 389
434 473
5 50
473 389
89 95
178 223
389 479
217 133
5 95
50 57
89 95
89 10
89 5
5 17
89 50
89 95
217 223
89 95
95 5
479 407
223 133
96 79
306 351
223 178
178 225
217 223
351 322
89 5
479 434
133 201
351 345
223 133
223 217
389 479
50 95
89 75
50 95
479 473
345 351
473 479
351 345
434 402
479 398
95 84
434 479
223 217
170 209
473 479
473 434
89 95
434 479
479 473
178 223
473 479
95 89
217 223
434 455
217 146
5 89
178 217
389 479
89 95
178 133
223 217
306 379
133 223
133 246
217 223
473 434
434 479
389 479
217 223
20 50
192 245
345 306
479 389
389 473
246 217
223 217
473 479
479 389
345 261
306 351
473 434
399 463
133 223
217 178
345 306
434 479
50 89
89 95
50 95
479 434
345 351
5 95
217 223
389 434
95 5
89 95
306 261
389 479
95 89
89 95
479 434
95 89
89 5
223 204
50 89
50 95
479 434
261 306
434 504
345 351
217 223
133 201
389 434
434 479
479 483
345 351
89 95
5 50
223 151
473 479
95 50
389 473
95 8
261 351
41 115
178 133
306 319
479 434
351 306
473 479
89 5
434 479
261 351
217 223
5 95
261 307
50 89
50 89
473 479
479 434
95 89
217 133
89 5
351 270
133 217
434 479
95 89
223 133
133 223
89 95
50 89
261 345
473 434
345 351
133 223
89 95
217 223
351 345
223 178
351 345
223 217
473 479
448 397
306 345
133 223
345 351
95 50
434 479
223 151
133 217
5 50
479 389
261 345
5 89
261 303
50 109
133 178
345 351
217 223
306 379
389 404
223 217
217 178
307 336
440 467
5 13
89 5
479 434
389 479
217 223
473 479
95 5
95 5
351 306
95 89
50 95
345 268
217 223
217 209
306 351
479 389
434 473
223 217
5 95
89 50
89 95
473 479
320 302
434 485
306 321
95 89
473 479
306 261
389 479
89 95
5 89
479 389
95 89
473 467
89 5
145 226
89 95
178 217
133 223
351 345
5 95
351 327
434 479
89 5
95 84
479 389
133 223
148 136
261 298
217 223
217 178
261 345
351 306
50 95
178 223
133 180
434 468
505 508
5 89
351 345
434 479
217 223
89 95
95 89
5 95
306 345
389 434
351 345
133 223
345 351
389 479
345 351
5 95
306 373
306 351
351 345
95 14
479 473
50 95
434 473
89 50
473 479
473 389
434 479
5 89
351 374
473 452
133 223
217 209
182 146
345 261
473 434
389 434
178 223
5 95
95 5
389 452
95 91
389 479
50 98
345 351
178 217
223 217
345 351
50 89
89 95
89 95
398 465
5 89
95 14
5 89
345 306
434 393
389 457
398 465
345 351
50 89
5 95
473 420
217 133
434 479
281 362
479 389
473 479
223 133
261 345
434 479
196 169
222 140
345 306
389 473
133 223
345 351
217 228
133 217
505 467
95 89
217 148
50 95
5 73
261 351
345 358
50 115
133 178
95 118
217 133
351 345
50 7
223 217
95 50
223 133
223 178
261 337
89 95
473 479
306 351
50 95
351 306
306 351
479 426
217 223
95 50
178 145
351 270
5 95
473 479
345 351
434 473
50 95
133 217
389 479
178 145
50 95
217 223
473 479
223 133
133 178
351 306
434 503
389 473
223 248
473 434
223 217
351 345
306 324
473 389
217 158
217 223
389 473
261 351
434 473
133 201
89 115
261 352
434 473
178 223
434 430
89 95
95 89
217 178
95 5
345 351
389 448
217 133
70 94
89 95
345 351
319 376
479 473
50 95
345 351
89 95
64 52
217 133
479 389
351 345
217 223
89 50
345 351
95 89
484 398
5 95
133 217
217 223
351 261
261 345
473 434
89 95
95 89
133 201
345 261
345 351
473 479
95 5
133 158
5 89
306 357
345 351
223 178
178 223
50 5
351 345
178 223
434 473
178 133
306 351
95 17
89 50
351 261
479 434
89 50
479 441
223 217
315 336
14 81
434 479
276 320
306 351
389 473
5 50
223 217
89 50
351 345
5 3
178 217
223 217
434 479
89 95
223 133
261 351
89 50
217 178
5 47
217 223
389 434
306 351
217 206
473 434
89 95
5 50
133 217
271 339
351 276
473 434
179 133
223 133
345 333
50 5
145 131
89 95
95 5
89 5
264 261
89 5
261 351
50 5
345 351
473 434
50 89
473 479
479 473
261 345
297 326
89 95
345 257
261 351
217 223
479 434
133 223
261 351
178 211
199 217
306 345
351 270
89 95
345 351
345 306
42 81
479 389
345 306
261 351
100 119
83 15
434 477
434 389
178 223
479 434
306 351
95 89
178 223
479 434
389 457
345 306
306 351
223 145
5 95
306 345
479 473
223 217
217 178
196 143
95 50
306 261
345 351
89 50
89 95
133 217
95 117
345 351
223 217
133 223
389 479
261 351
217 133
246 141
217 220
89 50
223 142
350 381
306 261
223 211
389 434
479 473
89 50
480 394
345 306
223 133
389 473
345 261
223 217
306 351
50 95
479 407
89 45
351 345
89 5
223 217
5 95
95 5
178 233
261 345
223 178
479 389
95 14
217 133
434 479
306 348
89 95
345 351
434 479
217 223
319 376
351 345
351 306
306 351
473 502
50 5
178 133
473 479
438 464
223 178
473 479
389 479
351 306
133 146
217 178
473 479
389 434
223 142
133 160
95 89
356 375
178 223
5 50
133 223
345 351
217 223
133 217
345 351
479 389
473 389
473 479
479 425
217 223
95 79
89 5
50 17
5 95
89 95
351 345
133 178
351 345
473 507
178 223
261 306
389 434
89 50
261 335
133 222
89 50
351 345
50 5
95 50
89 95
95 89
306 345
345 351
95 89
345 336
434 479
5 89
223 196
223 217
102 95
196 143
404 505
271 290
351 345
434 473
95 50
15 79
223 217
89 95
178 223
261 306
5 89
5 50
178 223
261 306
223 217
5 89
178 249
51 89
306 351
178 216
95 89
89 95
345 306
473 479
89 95
434 479
306 351
473 434
89 126
217 173
223 217
89 116
351 306
89 95
249 211
95 89
95 10
434 479
89 81
473 495
5 47
95 79
398 479
223 178
133 178
351 345
473 479
345 351
345 351
473 434
178 133
434 479
50 66
473 479
178 223
306 284
351 261
345 306
223 142
95 23
178 217
261 306
434 479
178 133
473 479
95 89
50 64
178 145
351 261
223 178
401 464
95 89
345 351
352 306
178 223
261 372
178 223
389 473
133 178
389 479
351 345
345 261
306 351
133 238
479 463
261 345
351 345
95 89
133 201
50 95
5 95
178 180
89 114
345 339
14 81
306 261
133 217
217 206
351 306
223 179
89 95
95 5
17 6
217 133
479 389
5 47
306 351
389 473
351 306
434 473
178 188
306 351
89 50
217 223
223 217
217 223
178 223
261 306
425 407
50 9
223 217
261 329
217 175
95 89
223 217
217 178
345 310
20 64
217 223
434 389
178 223
473 479
217 223
306 351
178 133
5 89
5 89
223 151
223 142
178 223
133 217
389 434
473 434
345 351
389 457
425 451
306 261
178 223
89 50
95 14
217 178
95 50
217 223
345 351
389 434
178 223
480 396
89 95
345 351
133 217
345 351
217 223
351 306
217 223
479 434
261 345
223 217
223 133
133 223
50 95
5 50
345 351
345 351
479 434
351 345
95 89
479 389
217 178
223 220
389 434
345 261
178 133
479 473
261 303
223 217
89 95
345 261
345 351
50 95
217 223
351 261
217 178
389 473
89 5
345 351
223 217
351 306
351 340
178 223
479 434
5 47
217 223
89 95
473 479
133 178
89 5
473 434
95 89
270 337
5 95
345 351
306 351
89 95
413 479
95 50
133 223
223 178
345 351
261 351
389 479
99 35
95 50
178 217
473 479
345 311
217 223
345 351
223 178
178 223
5 89
217 178
473 389
351 345
95 89
95 93
5 119
261 345
5 50
95 83
170 179
178 223
41 106
389 426
473 384
217 223
133 223
306 345
133 175
95 89
95 89
223 217
306 351
306 351
351 306
178 223
351 306
133 223
95 50
217 223
473 434
133 223
261 351
15 79
345 351
95 5
261 345
223 178
479 473
351 345
261 345
479 434
50 5
223 178
178 196
5 95
261 349
217 223
178 223
217 223
389 479
479 434
389 479
345 306
50 95
89 50
217 223
351 345
509 506
5 47
5 47
479 473
217 223
89 95
345 351
310 371
89 95
479 434
434 479
261 345
133 217
479 473
63 120
473 479
224 234
95 5
261 351
276 264
178 223
434 389
351 345
89 5
351 261
133 223
95 5
473 479
217 223
345 351
306 351
58 0
434 473
473 479
133 178
89 95
178 223
434 473
507 479
261 351
95 5
89 95
473 479
345 351
306 351
261 351
89 50
133 175
273 336
473 389
306 351
345 327
306 351
178 133
473 479
5 50
351 369
148 136
5 47
5 73
491 397
5 95
223 217
89 95
306 314
95 89
133 223
434 473
435 430
178 217
345 261
89 95
89 18
178 133
89 95
89 95
261 270
89 95
389 434
448 470
434 479
89 95
217 223
178 198
473 479
434 479
251 247
389 431
389 479
345 351
50 95
133 223
389 431
345 351
306 282
5 89
178 249
50 95
223 133
261 351
89 50
479 389
217 223
50 102
434 479
479 434
133 186
50 5
261 344
345 351
178 223
178 223
389 479
95 89
345 351
345 351
345 351
95 14
217 223
351 261
479 434
345 306
217 178
434 473
95 50
389 473
473 479
89 50
89 95
345 351
345 306
5 50
306 345
95 23
261 348
89 95
479 389
479 473
217 133
473 507
473 479
89 95
473 479
389 399
261 351
479 473
431 404
95 5
389 479
89 95
401 438
345 351
351 274
133 178
95 89
178 172
448 467
25 100
261 351
434 389
5 89
217 223
95 5
89 5
473 479
133 217
473 479
345 306
148 136
186 241
351 279
310 371
95 50
223 178
95 50
217 223
95 89
479 473
50 95
404 490
351 306
306 345
217 133
473 389
133 223
261 345
121 101
345 261
345 355
95 50
50 89
261 306
89 5
95 89
473 479
5 89
479 473
345 261
306 351
473 479
226 179
377 261
352 334
306 351
473 479
261 306
473 479
473 479
345 351
473 389
178 223
217 133
89 50
95 50
217 223
5 95
320 339
261 351
148 192
217 223
95 50
217 223
479 473
50 95
89 95
434 479
271 339
261 351
95 89
261 349
389 434
351 345
50 113
473 479
473 479
345 306
473 398
50 95
434 473
223 217
223 217
352 272
351 306
345 351
345 306
351 279
261 345
223 178
306 351
5 95
50 95
479 473
217 133
351 270
434 479
51 86
89 95
223 178
473 479
223 217
95 14
89 95
479 434
345 261
479 473
473 479
306 351
351 345
345 351
389 497
509 479
331 261
473 479
50 95
125 83
473 479
345 261
389 479
345 261
223 217
226 178
223 178
434 473
50 95
306 351
434 479
95 89
217 223
217 223
345 306
5 95
351 345
479 473
351 378
89 126
5 95
5 95
20 8
479 434
434 479
479 434
223 178
178 223
379 375
389 479
178 217
434 473
178 133
217 223
95 50
345 378
351 345
351 261
473 479
95 89
223 217
351 345
261 270
223 217
89 95
178 223
389 434
479 473
95 5
479 389
351 270
351 306
434 473
89 95
50 95
479 434
95 93
473 479
89 95
473 479
133 223
479 473
389 473
434 479
473 479
133 223
261 351
473 434
95 89
223 133
8 119
473 434
261 351
345 351
345 306
89 95
473 479
306 345
89 50
479 473
178 153
389 479
473 434
351 274
389 434
479 434
479 434
59 70
50 91
182 153
261 329
306 261
389 479
217 133
217 223
351 345
473 479
306 351
306 351
222 209
5 89
217 223
473 434
95 89
473 479
345 351
434 479
89 95
95 14
178 217
95 89
306 351
5 107
434 439
95 5
473 389
389 401
223 217
5 95
306 265
217 223
89 95
223 133
89 50
389 479
261 306
133 251
217 223
479 434
223 217
389 457
351 345
127 95
217 133
345 261
133 239
223 178
223 133
133 217
95 89
434 479
345 351
5 50
306 351
217 178
274 350
217 223
306 351
473 479
438 386
351 345
25 106
217 223
217 133
95 89
89 50
217 178
217 223
306 276
217 223
434 479
217 178
217 178
178 223
351 345
89 16
5 89
320 332
178 223
434 389
89 95
345 351
178 196
351 261
345 351
351 303
345 351
345 306
473 479
389 479
5 89
100 119
223 178
223 178
178 145
345 306
89 95
473 479
479 473
5 89
223 178
14 121
133 223
50 5
89 30
345 306
89 95
473 479
95 89
169 196
434 479
217 178
345 261
50 95
217 223
479 389
178 223
133 217
148 192
261 351
89 50
389 479
473 479
217 223
345 306
223 145
178 223
178 249
178 222
94 89
223 217
95 89
133 217
479 473
178 223
306 351
479 473
178 223
50 95
345 351
133 223
404 392
306 351
351 345
50 95
217 223
345 279
479 473
261 306
345 351
227 244
5 47
345 335
351 258
351 306
473 479
217 223
89 95
63 96
89 5
95 89
133 178
89 95
351 306
389 479
133 178
306 351
473 479
351 345
261 303
50 95
89 95
261 351
479 434
95 50
133 223
479 473
473 479
217 178
345 351
217 223
261 268
434 389
50 95
473 479
351 345
306 345
202 228
217 133
178 223
50 2
479 473
389 442
217 223
434 479
95 50
89 95
89 95
223 151
89 95
95 89
5 47
261 345
473 479
217 205
479 389
217 178
54 83
145 242
434 473
223 217
351 345
434 389
473 434
261 373
133 178
261 345
95 89
217 133
178 223
306 348
178 223
473 479
434 509
95 89
306 351
178 145
217 133
178 217
50 5
178 223
178 217
290 367
95 50
479 389
351 361
261 351
50 89
261 306
5 89
434 479
345 261
479 434
389 473
473 402
223 151
306 351
351 345
351 345
89 95
50 95
50 95
50 95
217 223
222 170
133 178
5 89
223 217
178 223
133 178
89 95
217 178
306 345
261 345
261 307
351 345
276 320
345 351
89 95
95 89
223 178
95 5
217 133
345 351
389 479
434 479
223 133
434 479
389 410
306 350
217 178
223 133
479 473
89 95
17 1
223 133
479 473
50 5
201 133
261 345
5 54
133 217
261 351
345 351
473 389
389 479
54 99
178 133
351 306
223 133
306 351
389 457
479 473
223 178
95 5
479 434
351 306
306 351
351 261
133 178
473 479
95 5
223 133
89 50
434 479
89 95
479 473
217 223
89 95
497 442
217 223
217 178
473 479
351 261
473 479
479 473
351 306
261 345
389 473
351 345
5 89
89 95
178 223
217 223
345 351
306 351
133 201
345 366
351 345
473 455
50 95
345 351
351 345
500 434
89 5
473 434
50 89
178 223
95 89
89 30
95 5
54 101
223 217
217 223
178 223
261 329
473 479
345 351
478 466
5 89
276 320
89 50
89 50
345 351
389 393
223 142
306 261
306 261
249 193
261 351
95 50
89 5
133 217
479 473
434 473
50 95
351 306
89 95
351 261
89 84
473 479
389 479
178 223
217 223
89 95
95 5
351 273
89 95
434 479
217 178
5 95
217 133
113 58
351 261
473 434
95 5
261 351
389 431
223 217
434 479
351 345
473 479
50 5
389 473
5 95
217 178
473 479
434 495
89 95
479 503
473 434
217 129
95 89
223 133
473 389
95 5
89 50
223 217
473 479
50 123
473 479
479 473
68 15
351 345
95 5
345 351
479 473
178 221
261 306
351 261
345 351
306 351
389 479
217 178
178 133
133 217
133 217
133 178
261 345
178 180
223 151
434 389
473 434
95 89
351 261
64 19
351 345
434 479
479 477
179 186
345 351
217 223
50 100
389 479
479 473
351 306
89 95
50 95
261 304
223 217
345 351
5 51
178 223
95 89
351 261
473 479
389 479
217 223
473 479
345 351
473 479
473 479
479 434
479 389
95 5
479 426
133 223
306 351
434 473
223 217
50 95
95 5
306 345
351 261
95 122
261 306
350 259
95 50
473 434
473 434
473 479
261 345
479 434
89 5
217 178
306 351
217 178
170 222
133 178
479 407
217 178
5 79
351 345
261 329
17 98
5 89
479 473
306 351
261 345
479 473
306 345
217 223
223 217
355 274
345 351
345 351
133 223
89 5
497 442
217 223
479 434
351 261
434 403
223 133
479 389
89 95
223 133
223 178
217 133
452 399
217 133
345 261
314 369
178 217
217 178
479 473
50 5
479 434
217 173
133 178
345 351
208 178
223 178
479 473
178 133
479 398
50 95
261 345
351 261
217 223
50 95
89 95
261 351
389 501
261 303
389 473
89 95
5 95
95 89
434 479
50 95
217 223
434 479
178 223
389 499
100 119
89 95
50 89
351 345
5 95
306 345
42 111
306 351
50 95
178 217
5 89
351 345
133 178
50 5
223 133
217 223
5 95
96 40
223 217
223 133
434 479
223 178
473 395
306 351
434 458
223 217
217 223
479 398
479 389
95 89
178 223
50 95
479 473
133 217
473 434
479 473
223 178
345 351
473 479
377 267
473 434
89 78
217 178
182 166
351 345
454 490
345 351
473 479
351 345
345 261
351 306
223 225
50 116
389 479
434 479
50 127
473 434
5 95
345 351
141 235
345 356
473 389
479 434
345 261
217 223
54 50
261 369
217 133
133 212
473 389
89 95
217 178
133 223
351 345
5 95
473 479
95 50
351 306
345 306
351 306
473 479
473 479
133 217
178 223
345 351
191 209
178 223
434 479
345 351
473 434
261 329
389 473
434 473
217 223
223 182
223 178
170 226
100 119
473 479
223 133
217 158
261 345
389 473
178 223
345 306
345 348
351 261
179 154
473 479
473 479
133 178
217 223
261 351
351 270
479 434
95 14
351 318
345 351
50 95
306 351
345 351
89 95
351 345
5 116
479 473
223 217
473 479
306 261
479 407
54 85
95 5
389 479
209 182
345 351
5 75
223 217
479 389
351 345
89 95
217 223
389 479
95 89
217 178
133 175
133 223
261 345
50 95
389 457
306 261
178 217
261 351
133 217
389 479
473 434
217 223
261 306
261 351
223 217
479 434
5 95
389 434
223 151
401 393
133 223
217 133
389 473
217 133
479 434
306 261
479 473
351 345
261 329
95 89
473 434
473 438
479 455
389 479
434 465
345 306
434 479
133 217
351 306
121 20
217 133
261 345
217 223
306 261
434 511
89 95
217 223
5 95
223 202
50 95
261 354
345 351
351 345
345 306
434 389
217 223
223 217
345 261
41 49
473 479
20 123
178 182
261 306
223 217
434 389
351 261
89 50
217 223
89 95
133 173
89 95
434 479
217 133
223 217
50 95
178 192
133 178
479 473
223 178
261 345
351 279
178 223
473 479
306 351
351 261
389 434
223 133
50 33
89 95
5 95
306 261
223 217
207 224
351 306
473 479
345 351
434 479
50 5
479 473
479 389
133 178
389 425
95 83
306 345
95 89
473 434
345 302
223 217
479 434
223 133
95 89
261 331
261 351
50 5
178 225
351 306
50 95
345 351
351 306
41 117
389 431
389 434
133 178
434 479
223 157
89 95
179 230
345 334
351 345
89 95
479 473
367 298
89 98
351 345
306 261
306 355
178 223
345 351
473 479
50 95
95 89
345 351
351 345
345 351
345 351
306 261
223 217
473 479
5 42
473 479
261 345
351 345
50 23
223 217
50 92
345 306
217 223
133 223
89 95
178 223
223 217
89 95
50 95
261 351
89 95
306 351
345 351
351 261
442 459
5 95
83 106
178 205
502 397
223 217
50 10
95 50
223 217
223 133
434 479
54 46
306 345
246 170
178 133
434 479
345 351
479 434
217 178
473 479
196 142
89 95
217 223
133 223
178 223
178 217
345 351
389 434
389 473
50 76
351 345
54 119
89 117
434 441
89 95
479 434
350 278
95 50
345 351
223 217
345 351
351 261
351 345
217 178
217 223
473 479
95 50
306 316
89 95
89 79
345 351
125 98
345 351
389 479
306 351
389 457
217 223
217 178
50 43
473 389
345 351
223 217
434 479
479 389
473 434
336 306
89 95
389 473
217 223
89 95
473 479
191 248
223 217
389 479
50 95
319 335
261 329
95 5
217 223
351 261
217 178
107 13
217 178
95 50
479 473
479 434
133 178
89 95
217 133
89 95
473 434
5 95
5 20
133 217
217 133
352 295
473 434
479 466
5 73
5 95
473 479
389 479
89 5
345 351
261 306
217 223
351 322
261 345
217 133
345 306
217 223
479 389
50 28
223 232
434 389
5 89
473 402
50 89
178 141
178 223
223 217
306 351
389 483
389 434
223 217
306 345
133 178
345 351
473 479
223 217
217 178
473 479
217 223
377 280
89 95
178 223
5 73
178 223
389 479
261 345
217 133
89 5
223 217
5 117
133 136
434 479
261 351
351 270
345 351
133 217
473 479
223 133
389 441
217 133
217 223
223 217
50 83
234 223
389 468
351 345
178 138
389 473
89 5
217 223
178 133
133 217
306 345
479 389
5 89
473 434
95 14
345 351
89 5
50 95
314 315
389 479
389 479
479 434
345 258
479 473
89 95
50 95
89 5
178 173
306 345
5 95
89 95
261 351
217 178
473 479
261 345
223 178
473 479
345 271
434 479
345 306
479 434
473 479
217 223
178 223
434 412
217 223
351 345
434 389
223 178
178 223
479 473
5 89
89 119
223 217
473 389
217 178
5 89
223 217
345 351
95 23
473 479
352 313
479 398
217 178
389 473
261 345
133 223
5 95
95 5
95 89
223 206
351 345
352 315
89 95
389 457
473 479
5 126
217 223
217 178
389 434
89 5
5 95
95 5
261 332
473 479
261 345
479 473
178 223
452 399
133 223
479 473
389 473
89 95
5 73
178 223
351 345
223 217
89 95
95 50
473 479
178 138
89 95
306 351
479 473
306 345
125 120
473 479
89 5
473 434
178 223
5 50
50 60
223 217
50 95
479 473
473 507
217 223
345 306
434 479
345 351
509 479
276 379
473 389
5 47
223 175
261 351
261 351
223 132
473 479
50 115
479 455
192 191
351 345
217 246
261 345
351 324
306 345
133 223
223 217
345 351
473 479
389 434
351 345
473 479
226 178
223 178
95 89
473 389
223 178
473 479
261 322
473 479
351 345
351 371
223 217
351 345
306 345
351 345
261 345
223 217
95 23
434 389
223 146
434 464
345 351
351 345
223 133
89 50
170 148
389 479
217 133
178 233
351 345
345 306
95 5
331 306
479 389
143 162
479 473
217 223
223 217
15 79
249 213
479 389
217 223
435 407
89 95
434 483
95 23
217 133
306 351
95 5
89 73
434 479
5 95
89 95
434 473
345 261
389 473
223 151
479 469
5 123
5 79
261 306
479 434
473 479
178 223
345 351
389 434
345 306
377 324
89 5
345 351
473 479
351 339
345 270
223 178
133 178
434 389
223 133
133 186
473 479
227 254
509 436
89 95
95 89
479 473
5 50
133 223
438 469
479 389
5 50
223 178
89 95
217 223
89 5
473 389
178 223
381 318
89 5
473 434
351 306
50 43
434 479
223 217
473 479
473 479
217 194
473 479
95 50
345 351
5 95
217 223
217 133
306 285
89 95
473 479
192 133
133 178
434 479
479 398
479 407
454 426
95 89
351 345
42 51
89 50
217 133
95 89
5 89
389 473
351 261
261 258
223 217
345 351
178 223
306 351
473 479
434 479
473 434
217 133
217 223
473 389
351 345
133 217
133 217
351 345
178 223
50 95
178 223
133 223
50 95
261 345
479 473
389 479
345 261
479 473
50 89
5 95
473 434
217 223
133 178
473 479
261 351
50 95
345 351
89 94
345 261
89 50
354 273
434 389
434 479
351 345
228 142
351 261
345 351
434 479
473 389
217 223
182 212
345 380
224 152
133 223
5 50
479 473
351 345
89 50
389 473
297 324
345 351
479 389
5 89
473 479
345 351
81 42
246 239
89 95
356 375
142 209
217 223
261 351
133 223
479 473
133 175
345 351
89 50
223 217
5 50
223 208
217 181
223 217
89 95
95 89
345 351
261 351
389 479
345 306
297 367
95 89
89 75
113 58
89 95
389 479
95 5
479 398
89 95
261 306
223 217
306 351
217 223
5 86
306 345
345 306
178 246
306 261
121 125
261 345
217 178
50 95
95 89
5 73
89 5
50 95
261 345
222 220
5 63
261 351
434 473
479 389
351 306
351 345
50 89
479 407
95 50
5 95
223 217
89 95
473 479
217 138
95 89
89 111
223 217
133 245
192 211
351 345
89 5
95 5
223 217
223 220
479 473
5 95
217 128
89 53
223 217
345 294
89 50
217 223
434 479
217 223
351 345
133 178
345 351
377 290
473 389
438 483
321 332
351 345
320 278
479 467
223 133
434 461
306 345
145 226
345 261
178 223
89 80
217 223
479 507
261 291
473 479
351 261
479 473
345 351
389 434
351 306
389 479
479 389
345 351
50 95
447 504
178 223
434 479
133 217
14 81
484 503
217 223
223 217
228 142
306 351
345 351
306 345
217 178
345 297
434 479
401 501
95 50
5 95
5 95
50 23
89 95
95 5
452 398
306 351
374 321
473 479
479 473
95 89
306 351
228 247
434 389
89 70
473 479
89 5
479 473
223 178
5 50
178 223
261 351
351 345
261 345
473 431
434 479
345 351
50 89
473 479
217 223
351 345
473 434
473 479
473 479
434 473
89 5
345 351
95 89
178 223
351 345
217 223
479 473
345 261
351 345
377 276
223 201
345 351
95 5
306 351
178 251
473 434
217 223
261 345
89 95
95 89
223 217
217 223
479 473
345 351
223 178
434 479
50 95
351 261
389 404
351 306
5 89
178 223
217 223
345 351
50 89
169 207
351 345
223 217
5 50
73 5
261 351
95 89
217 178
479 473
434 479
306 261
247 251
389 473
473 479
473 479
479 434
479 473
479 473
133 223
169 129
89 95
95 89
473 389
473 479
473 434
50 95
217 223
89 95
479 434
89 5
95 89
178 223
434 389
223 178
50 95
13 64
479 434
479 389
89 95
306 345
465 448
133 175
178 202
351 261
345 261
5 95
217 178
345 351
351 306
345 306
404 448
121 38
261 306
50 89
89 95
345 351
89 50
89 95
261 345
95 89
389 434
479 473
89 50
473 481
95 29
5 50
389 473
223 178
133 175
261 306
479 473
133 217
473 479
399 463
133 217
178 223
235 170
217 178
95 89
96 63
89 95
351 306
351 345
389 479
479 434
473 479
261 351
479 389
50 95
389 479
389 431
217 178
345 351
389 479
306 337
50 5
261 306
345 351
306 372
217 133
345 351
389 434
133 223
261 345
473 479
133 217
351 261
351 306
95 14
223 217
473 479
389 479
345 351
479 434
389 473
479 483
351 345
5 89
223 178
389 479
434 479
50 5
133 217
217 223
133 223
50 95
345 261
223 217
133 223
345 351
261 303
351 261
95 89
345 351
133 223
133 223
178 223
89 95
345 351
351 345
473 434
351 261
50 89
5 50
306 349
223 133
345 351
389 395
143 207
89 95
479 387
345 351
389 431
63 120
351 285
345 302
133 149
186 241
89 5
217 223
178 223
223 133
389 479
473 434
261 345
479 434
351 345
223 217
178 238
389 431
95 89
223 133
95 89
479 398
473 389
306 351
389 473
473 410
434 452
479 467
345 261
307 298
473 416
345 351
133 217
473 434
389 454
306 351
473 479
5 89
351 261
345 351
241 211
434 479
473 479
89 95
95 89
89 5
89 95
389 457
89 95
95 34
89 95
223 203
351 345
345 306
434 477
5 125
434 479
434 479
95 50
351 306
133 217
434 479
178 223
261 306
351 306
68 15
449 482
473 479
345 351
473 479
5 95
50 89
133 242
217 223
178 217
89 95
447 480
351 348
95 50
89 95
89 95
314 369
223 133
217 223
217 178
95 25
479 389
95 89
89 5
306 351
389 434
89 95
89 95
223 178
89 5
133 208
89 50
178 223
297 335
95 89
351 345
473 434
345 351
479 473
217 223
261 345
89 5
133 223
434 473
473 479
89 95
479 398
133 178
217 133
217 133
479 473
223 138
5 95
306 345
434 479
64 28
89 92
50 89
473 479
133 223
345 351
50 95
5 50
479 473
50 95
95 5
473 389
306 351
473 389
178 223
5 89
95 89
345 372
473 479
217 191
5 50
89 95
473 479
217 133
95 89
217 133
479 455
217 223
89 95
351 279
121 29
389 473
351 261
479 389
50 95
182 227
217 223
89 95
50 95
217 223
50 89
351 261
473 388
121 20
5 95
89 95
306 351
186 187
351 345
261 345
50 95
473 479
217 223
389 479
434 473
50 95
95 89
50 89
389 479
222 173
473 479
345 351
306 353
479 434
133 178
178 223
50 89
351 261
434 479
351 345
345 351
473 389
345 351
217 178
436 473
345 351
389 434
5 50
89 5
381 354
351 345
95 5
95 101
345 351
425 452
351 345
95 5
178 217
50 89
217 234
351 261
479 473
178 223
435 479
389 479
479 434
95 89
2 121
133 223
473 434
217 178
345 351
473 479
306 345
389 473
389 479
217 178
95 50
178 223
95 50
89 95
473 479
217 178
473 479
217 227
217 178
89 95
351 345
65 114
223 151
95 89
223 178
217 223
89 4
50 89
431 389
5 89
178 223
224 217
178 212
351 306
95 5
50 5
306 351
50 89
217 223
133 176
306 365
389 479
95 14
473 479
306 345
479 473
479 473
273 322
5 89
223 217
5 89
178 223
133 223
473 434
473 434
473 479
351 345
89 5
217 223
89 95
345 351
479 473
261 351
473 479
345 351
345 351
68 41
473 479
223 161
473 434
345 351
223 178
473 389
389 479
50 95
217 223
196 142
473 479
89 95
223 217
5 89
223 180
89 95
351 345
217 223
438 414
404 392
133 223
345 306
434 473
89 5
306 261
50 95
345 306
473 389
178 145
479 473
5 89
261 306
345 351
89 5
306 351
434 479
5 89
95 89
89 95
133 217
473 479
95 3
306 351
217 223
459 473
111 70
479 473
351 345
89 50
133 178
133 217
133 217
89 50
320 370
351 345
68 41
133 217
434 479
377 309
50 5
434 479
434 479
207 211
89 95
95 5
95 50
479 407
223 217
50 17
217 178
434 508
473 479
95 89
95 14
133 223
5 89
89 95
351 306
5 74
503 507
389 463
178 217
217 133
217 167
89 95
133 223
473 479
351 261
223 217
261 351
5 89
345 351
389 479
473 479
351 345
95 89
192 170
89 95
223 217
399 418
473 479
217 178
89 95
50 5
217 175
95 50
345 351
273 336
223 142
89 83
5 89
261 351
389 434
389 434
351 270
47 20
351 345
23 89
89 95
434 479
479 473
178 223
217 223
389 479
217 133
89 5
306 345
89 50
473 479
5 95
479 459
473 434
217 255
261 306
202 160
95 5
312 351
89 95
306 351
351 345
133 201
89 95
473 479
50 95
447 480
223 217
223 204
178 223
95 89
306 351
261 351
5 83
345 306
434 479
389 479
345 306
306 351
178 217
345 352
217 223
133 178
133 216
5 95
351 306
306 261
479 434
133 201
473 389
89 50
345 351
473 479
223 217
50 95
95 5
217 223
306 351
223 178
89 95
51 55
89 78
261 345
217 199
223 175
345 261
351 345
223 217
50 95
217 223
351 306
306 275
261 303
306 367
261 374
306 261
351 345
473 479
41 55
95 89
223 217
178 133
95 89
50 5
217 198
217 133
479 473
261 345
351 268
389 473
217 178
473 434
79 15
223 133
351 270
95 89
17 34
479 473
50 5
5 95
351 294
5 95
389 473
473 479
89 5
351 345
479 473
479 434
95 50
223 222
345 261
351 345
133 178
50 95
261 345
223 217
95 5
95 67
50 17
473 434
473 389
479 473
89 5
50 5
178 133
288 330
389 479
351 374
89 95
473 479
89 95
223 217
223 217
473 479
178 223
345 306
389 448
133 205
89 95
345 351
261 351
5 73
5 89
95 89
473 479
217 223
261 282
178 217
217 133
434 479
351 261
113 58
217 223
5 89
389 479
178 223
133 223
133 201
95 89
178 223
95 5
217 223
306 351
473 434
217 178
95 89
95 116
178 223
133 217
389 479
434 407
473 479
207 211
217 223
473 401
306 351
192 234
89 50
306 345
434 499
261 351
5 95
227 176
217 223
5 95
306 345
473 434
473 479
178 223
217 178
133 223
389 414
223 217
223 178
345 371
345 351
479 389
5 95
479 407
479 389
217 178
5 81
89 50
54 70
479 407
217 223
351 270
95 5
5 50
351 306
223 217
223 133
223 172
217 223
345 351
223 133
50 89
50 95
434 389
5 95
89 95
473 479
223 133
95 89
223 133
351 345
95 50
381 315
133 178
261 351
479 434
223 178
479 389
50 95
89 5
133 217
389 479
261 373
223 178
345 351
473 389
89 50
217 178
261 345
178 217
50 95
261 306
217 223
89 95
351 345
50 95
345 261
89 68
223 217
473 479
118 65
345 351
223 133
479 434
351 261
223 178
133 217
100 14
151 223
223 170
434 479
5 95
351 306
297 324
389 479
95 99
95 5
95 89
479 422
351 306
133 223
95 89
223 217
351 345
95 50
223 133
261 345
351 345
89 95
178 223
479 458
434 433
351 261
447 504
95 50
223 158
217 223
306 345
434 389
473 389
133 157
306 351
89 95
306 345
133 217
50 95
389 473
217 223
434 389
261 306
425 508
179 181
217 138
479 473
223 133
178 223
345 351
223 151
5 70
434 412
351 345
345 351
434 479
50 5
95 89
217 223
345 351
223 217
217 223
50 95
351 345
434 389
143 207
351 345
261 306
178 223
351 345
95 89
434 479
95 50
389 479
261 351
89 95
89 5
223 217
95 89
178 217
50 95
345 306
50 95
5 95
479 389
345 306
271 339
5 89
331 345
178 217
217 178
434 389
473 479
223 178
434 479
89 50
251 247
81 42
217 223
306 345
223 133
133 151
223 191
217 223
217 223
306 351
89 95
133 178
473 479
261 306
133 178
473 479
223 217
217 223
479 473
345 351
434 443
143 211
351 308
196 169
133 223
473 479
306 351
479 434
298 307
89 95
5 54
217 223
351 306
223 217
217 223
95 23
89 95
133 223
306 261
473 479
479 389
473 479
261 351
223 217
50 5
473 483
89 56
95 58
217 223
434 389
473 427
217 223
223 178
42 94
473 434
345 306
133 217
319 376
351 306
399 418
5 95
399 418
133 223
374 306
178 223
95 5
345 351
223 217
473 389
389 479
434 511
217 133
261 306
95 14
479 398
351 261
473 434
345 306
306 351
473 389
133 178
473 454
473 479
261 306
50 54
133 223
89 5
89 95
434 479
389 473
479 434
261 329
217 130
50 95
261 345
479 473
178 142
178 217
345 351
178 223
95 89
50 5
434 479
5 50
473 479
389 434
95 89
479 389
50 17
473 479
223 133
223 217
306 345
389 479
351 345
133 217
351 345
345 351
217 182
217 133
473 434
479 473
89 5
50 5
89 5
223 133
223 217
95 5
345 351
95 50
261 306
389 473
435 447
473 481
217 223
95 89
351 261
261 351
217 223
345 351
181 227
5 50
178 223
42 51
345 351
209 170
261 351
89 95
89 95
50 89
95 23
227 202
217 178
89 95
95 5
223 217
5 95
89 95
261 351
50 95
276 320
479 473
178 171
389 407
89 95
351 345
89 95
133 217
306 351
473 490
473 479
223 142
217 196
473 479
479 473
479 473
223 217
351 261
217 178
223 217
5 95
261 351
95 50
178 133
133 178
95 89
50 89
83 106
377 369
355 261
217 178
196 169
479 434
223 230
223 133
223 217
261 306
95 63
261 345
89 18
89 95
223 217
89 95
223 217
217 223
133 223
473 479
133 223
306 351
133 223
351 306
389 473
89 95
223 133
111 5
434 479
351 306
473 479
271 335
89 116
345 306
89 95
473 479
94 28
133 241
345 351
479 473
133 170
217 223
5 89
389 479
223 217
473 479
223 217
345 306
389 473
345 339
389 479
351 261
133 223
95 14
473 479
217 223
95 89
223 217
473 479
345 351
133 178
434 479
306 374
64 94
479 473
345 351
223 217
306 353
133 223
95 89
133 223
89 95
479 389
223 178
217 223
50 5
261 351
133 178
473 479
306 345
217 223
351 261
351 306
50 95
473 479
345 378
473 448
95 89
89 5
217 223
217 223
434 473
217 223
217 223
223 133
434 389
89 5
178 217
5 89
89 95
351 345
89 95
351 306
89 95
217 223
345 351
89 95
178 217
261 351
50 95
178 223
89 50
89 95
178 223
133 223
345 351
191 207
479 407
261 345
133 223
261 306
434 418
89 119
89 95
434 479
473 479
473 434
479 473
169 183
351 379
178 242
479 473
367 298
473 479
434 473
351 345
473 386
223 178
345 261
479 473
178 253
389 479
223 217
14 81
345 351
217 223
479 473
479 389
178 223
217 136
345 275
345 261
217 223
261 306
345 303
473 479
253 223
473 434
217 178
345 306
434 473
473 460
89 95
121 49
479 473
133 175
355 265
5 50
473 479
217 223
95 89
473 479
473 479
479 473
50 95
488 473
89 95
217 223
99 11
217 178
306 303
5 89
133 217
345 306
223 133
95 89
473 434
473 479
473 434
261 351
473 434
217 223
473 389
223 142
306 376
5 89
89 50
473 389
89 95
5 95
351 345
89 50
223 217
64 9
5 95
223 217
217 223
50 89
479 434
89 95
389 473
223 151
95 17
351 261
306 351
107 13
434 389
89 95
95 89
345 351
89 95
261 351
50 95
121 116
473 479
434 479
345 351
479 463
5 117
473 479
473 479
479 434
306 351
351 310
5 89
434 389
345 306
389 479
5 95
479 473
345 306
178 133
434 389
434 479
217 178
310 358
473 479
5 89
389 473
345 261
5 50
5 113
261 351
95 26
95 23
473 434
133 217
389 473
95 89
113 58
178 223
95 89
89 95
223 217
178 217
389 473
65 73
473 479
133 223
473 479
479 389
306 351
270 261
473 479
89 95
473 434
261 326
306 383
351 306
178 223
192 211
389 418
89 50
89 50
89 50
223 217
345 351
133 178
473 479
261 329
133 217
261 310
5 95
89 95
5 50
473 479
89 95
217 223
452 425
473 434
345 261
345 351
345 351
223 217
223 217
306 351
133 217
63 96
351 306
345 371
5 50
5 89
223 133
479 473
223 217
50 5
178 151
434 479
510 401
50 95
345 363
133 217
217 178
473 434
351 345
217 144
133 178
345 351
133 217
345 306
5 89
217 223
389 479
351 345
479 434
261 351
94 83
89 95
479 473
178 223
473 479
306 345
133 223
217 178
306 351
223 217
133 223
351 270
434 473
5 95
178 223
479 473
479 473
223 217
50 95
182 172
345 351
261 306
244 178
89 95
133 178
208 178
5 95
51 63
217 223
261 303
389 457
377 260
95 89
223 217
217 223
178 223
89 50
5 71
95 5
143 207
50 127
356 335
306 351
217 178
389 479
473 479
178 223
345 261
5 47
351 345
261 329
95 5
178 223
95 89
223 217
50 95
389 479
434 479
479 473
89 95
351 345
217 133
223 178
389 473
479 473
178 217
141 192
345 351
223 217
306 351
178 214
5 50
479 473
479 434
473 434
89 44
89 95
217 242
223 178
473 434
261 351
50 5
434 473
89 95
345 351
434 473
479 434
89 5
479 473
261 345
434 479
351 345
50 89
178 223
217 199
473 434
479 434
473 479
95 89
223 217
434 479
217 223
223 217
345 351
5 95
89 26
345 351
306 351
95 64
479 401
15 83
345 351
178 217
95 89
223 178
389 457
479 389
479 473
223 217
389 479
473 479
434 417
196 169
89 50
223 142
50 5
217 133
89 95
89 95
473 479
310 258
95 89
5 89
389 479
351 345
178 217
310 345
191 248
345 351
89 95
473 479
5 50
95 89
479 473
5 89
223 178
178 217
482 463
473 479
351 345
473 434
50 95
434 389
89 95
473 507
351 345
89 95
5 50
351 306
75 83
434 389
434 479
217 191
473 434
223 217
345 351
89 95
351 345
345 306
178 148
306 351
479 473
351 261
345 306
89 5
351 306
351 345
389 473
217 223
345 351
351 274
434 389
89 50
217 223
217 179
178 217
306 261
479 473
217 223
261 374
50 120
133 178
306 303
89 95
217 223
351 345
389 457
223 217
133 221
95 89
389 473
345 261
434 479
89 5
345 261
479 389
95 50
261 351
95 38
389 459
351 379
217 178
345 261
389 509
311 381
50 89
261 351
434 479
434 431
95 50
261 306
133 223
306 305
184 133
5 95
89 56
95 89
473 479
479 473
223 178
89 95
95 5
479 434
217 179
473 479
270 337
42 111
89 5
473 434
217 223
182 164
261 351
345 351
89 95
345 333
217 223
399 467
50 89
363 269
95 89
95 50
434 473
261 363
95 23
473 479
133 223
5 92
217 178
217 159
178 185
389 473
479 389
261 345
434 473
345 351
95 89
389 479
95 89
425 393
217 223
89 95
389 479
95 5
50 95
89 50
95 89
473 479
389 479
42 51
50 95
345 351
133 217
473 479
5 95
389 479
217 223
89 95
145 133
178 223
351 306
389 473
434 479
261 351
217 223
351 345
223 133
178 223
179 184
478 466
217 223
89 95
133 217
178 133
217 223
479 473
389 457
306 261
276 264
5 50
345 351
89 95
345 351
217 178
133 223
261 306
125 95
95 50
345 351
473 479
351 345
217 133
133 223
434 473
345 351
473 479
226 157
223 208
351 345
217 178
345 261
479 473
434 473
351 306
89 5
345 351
351 306
345 280
5 89
345 261
306 351
479 434
95 50
217 178
89 95
473 479
223 142
5 95
473 479
50 95
95 14
434 389
217 178
473 434
473 479
5 48
389 473
479 473
345 351
350 257
95 50
89 50
178 223
473 479
223 133
5 95
479 389
95 89
25 106
345 351
253 133
133 223
389 434
123 14
217 223
479 473
261 345
351 345
223 133
389 434
89 95
351 306
473 495
178 133
89 95
50 95
133 217
261 351
217 223
345 306
133 175
369 314
169 143
17 80
247 148
473 389
95 89
306 305
178 223
95 89
5 95
389 479
178 217
479 389
473 479
223 217
473 479
319 376
89 95
473 479
223 217
217 178
50 95
473 426
345 261
345 261
5 89
434 479
479 434
217 133
95 89
217 223
89 5
479 389
50 95
5 95
261 312
306 351
261 345
89 95
89 50
314 369
143 151
479 429
133 217
217 142
42 94
217 133
89 95
261 351
223 217
223 151
345 306
434 414
345 351
133 217
133 217
479 389
434 389
5 89
95 89
95 5
178 223
217 223
217 175
345 261
217 199
5 89
170 179
473 385
306 261
133 178
223 178
479 389
178 217
345 351
345 351
223 217
479 434
234 223
261 351
5 95
389 431
217 223
89 50
133 204
321 314
217 223
133 223
89 95
178 150
89 95
95 89
434 473
473 434
351 349
50 5
345 351
89 95
89 95
178 133
351 306
448 467
345 306
95 83
389 479
89 5
95 89
351 345
89 95
261 345
95 12
80 5
223 217
345 351
50 89
479 473
306 351
351 270
217 223
217 136
133 223
223 217
306 351
95 50
89 95
178 217
50 95
261 351
479 389
434 473
479 389
306 351
381 277
5 95
178 223
473 479
89 50
178 223
217 223
50 89
5 95
351 306
217 140
345 351
5 95
41 68
89 5
133 178
89 95
273 366
133 217
306 345
228 247
434 447
306 351
352 306
95 50
306 345
434 473
345 351
133 223
345 378
76 95
178 133
89 95
133 178
217 178
479 389
50 89
479 473
261 345
89 95
217 178
434 479
307 335
143 211
217 223
345 306
95 89
64 1
5 89
345 306
95 89
261 351
223 217
125 76
178 217
89 50
389 479
389 434
223 217
217 133
182 232
351 345
479 506
50 61
223 133
223 175
479 473
345 351
89 50
345 351
389 479
217 223
479 397
261 329
351 345
89 50
434 479
133 178
306 351
179 167
351 374
351 345
434 483
389 479
95 50
306 351
473 479
261 306
217 223
223 217
479 389
95 50
345 351
479 434
89 95
434 473
50 95
479 389
217 133
425 452
217 223
89 95
41 9
95 50
50 89
473 389
5 50
192 132
217 244
50 95
261 345
89 50
479 473
473 479
261 306
306 345
223 217
345 361
89 95
217 203
479 473
345 261
473 479
351 306
178 191
5 89
178 217
479 441
95 50
479 389
345 351
133 223
345 351
473 479
223 178
133 178
345 306
5 113
345 351
50 38
68 15
473 434
133 223
89 50
306 317
335 339
217 223
227 223
133 223
345 351
133 223
223 133
389 479
178 217
261 306
223 178
261 306
89 95
89 95
306 345
95 89
133 201
89 50
434 389
479 434
479 473
178 133
133 223
479 434
209 170
479 473
133 223
306 345
345 351
345 351
345 261
473 389
351 345
335 319
133 217
345 351
306 345
217 178
473 479
345 261
473 479
345 261
217 212
434 479
261 306
345 261
434 479
217 223
89 95
223 133
345 351
434 473
389 473
306 351
50 89
434 479
345 306
479 389
217 178
479 407
479 434
306 351
389 473
89 5
261 303
351 345
178 250
217 178
434 473
217 178
473 479
389 479
89 95
345 351
89 95
15 83
89 95
473 434
217 223
479 389
89 94
223 217
345 351
178 223
473 389
261 329
389 473
351 345
434 479
223 217
50 95
89 95
473 389
389 457
89 95
223 178
345 306
473 394
374 321
178 133
345 306
209 192
133 217
389 473
217 223
89 95
473 434
217 133
389 437
345 306
389 479
434 479
363 269
473 479
223 217
133 223
479 473
125 24
473 479
217 223
434 479
473 479
217 223
434 479
447 504
95 89
389 434
89 20
41 15
178 133
89 95
345 306
399 463
50 95
217 212
217 223
351 345
389 479
351 345
217 240
261 306
473 479
345 351
89 95
345 351
217 223
217 223
223 250
89 95
133 223
89 50
345 351
261 270
178 223
389 422
484 503
223 128
479 434
223 178
345 351
479 392
125 95
217 178
345 351
223 217
191 248
50 5
351 345
473 479
217 178
389 473
479 473
133 223
479 434
133 223
58 113
5 95
389 477
20 121
345 261
133 223
89 50
133 217
217 178
95 89
479 473
50 16
178 133
217 223
345 351
95 89
133 156
345 351
5 89
473 434
473 434
133 217
473 479
473 389
307 335
89 95
5 47
426 435
178 223
89 95
261 306
89 50
217 223
89 59
89 81
95 89
473 480
473 389
389 479
473 389
434 479
95 5
5 95
5 95
133 217
345 306
473 479
50 5
434 389
5 95
479 473
306 351
473 479
351 306
133 223
178 217
479 473
261 306
345 306
345 279
133 223
351 306
178 223
351 345
261 345
434 479
95 89
473 434
95 89
345 351
473 479
217 223
434 389
133 178
306 351
261 306
434 389
133 217
89 50
389 479
133 217
246 149
479 473
50 121
473 479
345 351
217 223
50 95
479 473
389 473
345 351
473 479
351 261
473 479
133 217
133 223
89 95
223 133
351 345
50 95
306 351
473 479
89 95
89 20
261 351
473 434
479 473
95 5
434 479
473 479
95 89
345 306
479 434
261 351
223 158
306 351
89 50
473 479
50 95
5 50
351 261
389 398
479 434
178 223
306 345
345 351
95 5
351 327
479 473
261 345
473 479
306 353
50 5
306 261
473 385
389 473
5 73
473 479
473 479
473 479
89 50
95 89
345 306
479 473
133 175
217 223
351 335
473 389
479 473
473 479
473 479
178 217
345 306
351 261
133 201
261 306
473 434
261 351
143 211
434 473
95 50
133 217
473 479
50 95
95 89
133 178
418 398
473 479
133 223
50 89
314 335
64 94
223 178
473 479
479 473
5 50
178 223
351 306
479 483
223 187
89 50
217 133
345 306
217 133
261 345
95 50
133 223
261 345
479 407
95 5
5 50
351 261
5 89
133 217
5 105
41 47
389 425
89 95
306 345
15 79
217 223
473 479
217 178
345 261
434 389
473 479
217 223
479 473
95 66
217 133
133 217
279 351
261 351
306 332
223 133
473 479
89 95
351 292
217 133
401 396
351 345
217 178
217 142
95 5
223 217
5 95
223 178
133 223
389 479
351 279
479 473
50 95
223 217
306 345
351 279
351 306
261 351
345 351
95 89
426 435
290 306
473 426
89 50
5 89
223 217
473 479
351 345
95 5
261 351
89 95
119 123
178 159
345 351
479 473
95 14
223 217
217 178
81 13
89 95
479 434
5 47
351 306
223 217
478 439
95 50
217 223
95 89
389 479
133 223
389 473
473 479
217 223
99 5
223 210
491 397
89 95
95 50
351 345
217 211
435 436
95 50
389 434
261 306
89 95
133 201
351 345
306 351
306 314
351 306
306 345
89 5
223 217
389 434
223 178
483 486
351 345
133 223
50 95
345 306
63 79
473 479
223 217
345 261
473 402
352 259
306 345
148 136
306 351
345 351
345 351
95 5
217 223
95 89
50 125
479 473
217 223
50 95
178 223
89 50
223 178
351 286
473 479
217 178
306 327
399 418
473 426
306 351
261 306
473 479
89 95
133 162
89 5
376 339
345 351
5 89
345 274
133 217
89 95
217 223
479 473
261 345
217 223
261 351
178 223
217 223
351 345
473 479
479 389
369 314
306 264
178 251
479 473
389 479
351 261
217 185
178 217
345 306
306 351
345 351
306 261
473 479
351 306
178 223
223 217
345 351
50 95
50 95
95 14
217 179
217 223
389 431
351 270
434 401
95 89
217 238
473 479
95 106
89 95
479 407
89 5
5 95
217 223
434 479
479 457
473 479
355 262
217 223
89 95
95 89
50 95
345 261
473 479
473 479
473 479
95 89
389 473
178 133
178 217
473 434
223 178
89 95
434 473
89 95
434 479
95 14
89 95
351 345
473 434
351 261
89 5
217 223
217 245
389 479
95 89
179 246
89 5
217 223
217 223
306 261
351 345
351 261
178 223
479 389
479 473
178 217
261 351
217 223
5 20
306 345
5 89
345 261
178 133
217 223
356 375
217 223
345 306
89 50
473 389
133 223
95 89
473 479
133 178
351 345
345 349
306 345
217 223
227 147
261 351
345 261
217 178
5 95
178 223
89 50
50 95
345 261
351 306
217 133
345 351
479 473
261 303
345 351
434 473
89 78
223 151
178 223
148 136
473 479
217 212
351 345
473 479
351 279
5 89
89 95
95 5
95 89
94 96
473 479
178 223
261 345
89 95
389 473
89 95
473 479
479 434
217 223
50 95
351 345
306 351
133 223
223 133
442 497
178 223
54 80
133 223
217 178
473 479
217 223
345 351
178 223
223 217
178 223
351 345
261 351
5 95
389 479
389 434
50 95
473 434
261 306
133 223
89 10
133 217
89 95
473 467
217 223
351 261
434 455
95 89
95 47
247 133
89 5
89 95
345 351
345 351
351 306
479 473
479 434
351 261
261 351
50 95
95 89
479 402
217 133
261 306
50 5
217 223
89 95
89 95
479 473
345 306
178 223
434 479
306 310
473 389
217 223
473 434
434 481
261 351
509 478
223 217
434 473
217 223
389 473
409 479
178 133
5 89
89 95
473 434
