512 10000
473 479
89 50
89 95
106 95
246 141
351 345
389 479
89 95
217 248
217 178
95 50
473 398
217 178
473 479
479 473
89 95
95 23
217 133
223 178
217 178
345 351
50 64
345 306
50 95
473 479
89 5
434 479
5 89
178 223
434 480
345 269
178 133
369 335
401 490
89 95
217 182
345 310
306 261
178 223
345 306
89 5
50 5
306 261
434 389
389 479
217 223
133 223
217 178
89 50
5 95
89 95
479 473
5 89
118 13
261 374
351 261
89 95
473 479
95 89
223 217
133 223
345 259
178 217
178 133
351 306
133 178
95 50
217 178
217 223
261 351
473 479
351 261
178 217
178 129
345 261
5 6
345 306
178 133
5 95
223 178
473 462
345 339
479 473
178 223
50 95
217 133
434 479
270 356
178 217
89 95
389 479
223 217
434 479
473 389
95 89
178 223
345 351
89 95
50 89
89 50
479 407
345 351
133 178
50 95
217 223
217 223
434 479
389 434
345 351
89 111
89 95
351 306
223 133
329 261
375 355
223 178
473 479
223 217
223 170
306 261
473 434
509 479
345 261
351 306
389 479
306 351
473 479
434 479
345 306
389 461
389 434
89 95
196 143
133 201
351 345
345 261
5 47
5 95
306 375
178 133
479 389
473 479
418 401
89 95
50 95
89 50
261 345
478 501
261 329
479 473
217 178
389 401
133 223
95 89
479 434
345 323
95 5
479 423
217 223
133 178
377 276
473 502
89 95
351 261
307 356
345 310
473 479
479 434
306 345
5 104
133 223
217 223
345 351
473 479
228 142
479 473
306 351
351 345
404 448
306 345
133 217
351 279
345 306
479 473
345 329
223 217
306 351
223 140
223 178
479 438
223 178
217 203
434 389
276 320
223 133
89 95
89 95
89 5
434 473
121 83
434 389
50 89
15 34
473 479
473 479
50 89
479 407
404 392
133 217
217 223
464 434
473 479
478 398
94 123
217 223
434 479
345 306
306 273
133 223
310 279
50 95
95 50
261 351
133 238
133 223
133 217
389 434
133 223
261 306
89 5
95 89
401 388
351 306
351 306
261 351
217 223
434 507
217 131
89 95
178 223
50 57
389 400
473 434
217 178
178 223
345 379
217 223
434 389
473 427
434 389
389 434
89 95
223 142
217 178
434 446
345 306
351 374
95 89
178 223
377 324
178 145
50 48
223 217
217 223
345 261
222 136
261 351
95 89
351 279
223 142
5 89
89 5
276 320
223 217
473 389
479 434
473 479
261 351
95 14
95 50
389 473
261 303
50 95
351 345
479 389
473 479
479 473
351 306
5 89
5 0
223 178
50 89
89 95
479 426
223 151
473 389
133 193
345 351
50 5
434 415
337 356
398 479
133 223
89 95
217 178
351 336
351 345
133 223
217 133
186 203
217 246
95 5
17 80
261 306
261 351
249 181
484 398
217 223
217 251
89 5
5 95
106 83
473 440
434 479
223 217
351 345
351 306
5 89
89 95
306 351
217 223
345 351
217 178
351 306
217 223
217 178
217 223
435 442
5 95
351 345
95 50
217 178
89 95
261 327
89 95
95 50
351 345
345 351
223 217
345 351
473 491
50 89
217 223
55 89
351 306
5 18
89 95
89 95
83 65
223 219
473 479
89 95
479 473
178 223
345 351
217 223
178 223
148 192
89 5
434 389
473 389
223 178
89 95
276 320
178 223
479 389
133 223
345 351
217 223
306 351
89 95
89 50
241 186
345 351
479 473
89 95
351 306
306 261
351 261
345 351
89 95
479 473
95 89
351 306
100 14
438 505
5 82
261 351
351 270
89 95
217 133
95 5
351 306
345 351
50 89
50 95
306 345
473 434
89 95
345 306
95 89
178 223
223 178
434 389
217 178
389 434
95 89
223 133
223 217
223 178
389 431
479 473
223 217
261 351
345 351
351 313
223 217
178 217
5 50
389 431
345 261
89 95
217 223
223 217
5 95
223 217
50 89
345 351
217 133
217 223
89 95
479 473
95 5
345 306
89 95
89 5
351 261
320 298
133 223
217 223
178 203
5 95
95 89
434 479
351 345
479 434
473 479
261 351
306 351
178 251
351 378
133 178
345 310
95 50
351 345
351 261
345 261
217 223
434 415
479 389
479 434
223 227
193 225
345 351
479 473
89 50
270 351
389 473
339 270
223 217
50 18
89 95
345 306
351 345
5 50
345 261
479 434
479 434
306 351
434 479
95 50
235 141
306 270
473 479
389 473
89 95
89 50
479 467
95 89
223 178
133 178
261 345
5 47
95 89
389 473
479 473
261 351
217 223
89 50
351 306
223 142
95 5
89 95
133 223
306 351
479 389
89 95
95 14
89 50
434 478
261 351
217 178
306 351
5 89
473 389
434 431
345 261
95 50
401 403
306 351
306 351
50 95
217 223
306 351
479 398
217 223
261 351
133 201
223 217
223 217
473 399
223 217
178 223
95 14
178 217
68 15
479 473
345 351
345 306
5 89
223 217
479 473
473 467
95 89
89 5
95 89
217 223
217 178
345 351
298 306
50 5
473 463
217 178
389 457
223 133
50 89
89 5
345 351
178 153
351 256
389 457
5 89
389 479
261 303
261 329
473 434
217 223
351 345
389 479
261 351
95 5
389 431
217 223
351 345
178 226
5 95
5 95
345 351
89 50
223 211
306 351
89 50
473 479
89 50
389 473
363 377
217 223
5 95
133 178
479 434
145 253
133 206
351 345
345 351
223 253
389 473
345 351
178 223
351 345
351 261
345 261
217 223
345 306
178 133
351 345
389 473
217 223
178 223
479 389
178 162
345 261
479 467
389 434
217 223
351 306
178 217
217 205
5 95
50 5
345 351
217 223
217 178
261 351
261 351
89 95
5 47
133 223
351 261
306 351
50 120
89 95
89 50
306 351
5 112
306 294
217 223
324 297
95 50
95 83
479 473
434 479
351 383
473 389
217 223
473 479
178 217
133 223
279 351
479 434
351 261
389 398
178 217
479 434
479 389
89 95
479 434
133 223
434 493
217 178
479 473
217 223
95 89
281 362
473 434
306 334
217 133
223 217
201 133
479 473
5 89
178 223
479 473
345 351
434 479
223 133
479 473
351 261
89 100
473 479
345 351
479 434
473 434
50 5
363 269
389 473
351 306
339 345
345 351
217 223
434 473
217 223
178 133
95 89
217 223
389 479
306 351
261 306
223 133
345 261
217 178
89 50
473 479
89 5
50 5
50 95
217 178
479 473
178 222
217 223
89 50
351 345
217 223
95 5
261 351
178 223
345 306
434 479
217 223
261 351
89 95
351 261
178 223
398 465
261 329
5 95
223 217
351 261
389 479
178 133
5 95
479 434
223 217
14 81
89 95
89 95
261 351
306 351
473 389
217 133
89 95
479 473
389 479
479 473
473 434
389 479
261 306
50 95
217 223
345 351
434 389
261 351
217 223
473 389
479 434
389 434
5 95
89 95
179 140
351 279
473 479
217 133
50 95
479 473
178 223
345 351
345 351
5 73
217 178
307 300
473 479
479 434
95 50
351 345
89 50
389 431
389 434
89 82
95 123
223 133
345 306
223 217
351 345
223 133
261 351
95 89
389 479
178 217
5 89
178 223
473 479
143 211
89 95
261 351
479 434
434 473
89 95
434 479
50 89
306 345
42 51
50 121
5 89
223 133
5 95
95 50
223 178
217 133
89 50
351 261
479 389
306 351
389 479
133 223
5 89
89 50
133 158
95 18
389 479
133 217
434 479
479 434
306 351
389 473
473 434
389 434
89 95
389 473
434 389
473 434
133 223
345 351
217 133
261 351
50 100
41 113
99 85
345 261
133 223
434 479
473 479
95 89
95 50
253 133
355 295
217 133
64 43
479 473
389 473
261 351
5 14
95 79
95 50
345 351
261 351
95 89
351 345
133 175
473 479
434 479
345 261
89 95
467 495
50 95
479 434
95 50
479 389
306 351
5 14
478 503
479 473
345 261
133 227
306 351
261 351
223 217
217 133
217 223
473 434
133 217
217 221
345 261
345 261
223 217
345 306
178 223
479 473
389 479
473 434
89 95
351 306
95 74
261 351
434 479
223 205
223 217
479 389
345 351
133 223
89 5
479 473
473 479
434 479
473 389
50 89
50 5
178 223
351 345
89 50
89 95
223 205
345 261
389 479
50 95
434 479
223 133
345 261
425 505
133 159
223 178
50 47
479 389
133 175
306 351
5 30
95 23
217 223
133 223
345 351
345 306
297 324
133 223
261 345
50 95
95 50
50 5
473 479
5 95
351 261
345 351
106 70
5 95
479 473
473 389
345 351
473 479
306 351
133 153
306 273
479 473
201 133
389 473
479 401
345 261
389 509
452 425
306 351
50 95
89 95
261 351
89 110
217 223
95 59
434 389
434 389
217 178
389 479
306 294
351 261
50 89
473 479
425 422
306 308
89 95
473 479
217 223
5 57
351 345
217 223
306 351
351 332
479 473
261 345
178 223
133 178
64 63
351 261
95 5
223 178
5 95
223 178
223 217
351 306
178 220
178 150
95 89
5 50
223 178
133 151
217 178
351 261
95 89
95 5
50 95
389 479
95 89
351 261
351 306
306 345
95 50
223 217
223 178
223 178
434 473
58 75
351 345
223 217
217 133
479 407
50 57
352 381
261 367
5 50
89 85
89 50
5 50
434 479
89 50
434 473
261 345
389 479
50 95
95 89
95 89
50 95
306 351
89 50
447 426
133 217
306 261
5 50
95 50
479 434
345 351
89 75
217 223
89 50
473 434
223 178
223 217
5 95
473 389
473 389
223 217
345 351
217 223
479 434
89 5
223 217
261 345
133 223
398 465
217 178
391 473
473 389
217 223
50 66
5 95
351 261
351 306
473 479
351 306
479 473
5 54
5 89
178 133
223 217
389 434
217 233
95 50
95 89
434 479
345 351
479 422
434 389
50 5
223 217
143 162
89 50
473 389
217 223
5 73
351 345
217 178
89 95
351 261
223 133
5 18
20 64
217 223
389 473
473 479
217 223
345 351
473 479
178 133
223 217
261 306
473 479
217 223
473 434
345 351
178 212
345 372
351 345
351 345
81 42
434 389
509 470
249 178
95 5
5 95
351 320
5 89
89 95
261 306
434 479
473 479
143 162
133 223
223 151
133 223
95 50
389 466
389 479
50 95
5 50
345 306
223 178
217 133
223 178
261 306
345 306
479 473
473 389
95 97
217 223
434 477
58 113
434 479
5 95
473 479
217 223
95 5
479 434
143 207
217 223
345 351
223 217
389 479
306 351
217 223
133 186
95 5
351 379
89 117
223 217
89 50
479 389
5 73
479 473
306 351
241 186
217 223
261 310
351 306
345 331
223 245
345 291
50 95
473 479
133 223
351 261
473 479
96 50
479 481
479 473
95 50
133 223
473 479
5 89
473 389
261 351
473 389
389 502
223 133
306 351
434 389
223 133
351 306
448 505
89 95
389 434
75 89
223 221
306 261
5 95
351 345
217 178
95 89
473 440
351 261
306 351
217 212
345 306
389 479
351 345
345 323
389 479
89 50
217 178
434 479
479 389
217 208
217 133
389 479
434 473
89 50
351 279
434 449
89 3
89 50
89 95
50 5
389 434
479 473
5 50
178 207
223 133
89 95
223 142
351 339
186 241
5 50
89 95
5 98
473 389
389 425
133 223
345 306
5 95
434 479
345 351
345 339
479 407
95 89
223 178
89 95
479 434
5 50
351 345
479 473
479 398
345 351
345 351
351 306
434 425
50 71
95 83
306 345
473 404
50 95
351 345
478 505
345 351
223 229
479 473
50 85
178 223
223 217
178 223
306 351
223 217
425 467
434 479
5 89
133 202
217 172
434 473
133 211
95 5
473 479
434 479
89 95
351 345
306 351
178 223
389 435
5 52
473 394
89 95
389 434
95 14
223 160
50 95
223 133
389 473
307 355
95 5
434 385
217 133
434 389
89 95
178 217
473 479
5 89
479 434
381 341
217 223
133 178
351 345
434 389
479 473
306 345
306 351
133 245
50 89
217 224
217 178
95 89
50 24
5 50
261 306
473 434
182 217
351 261
351 306
95 89
5 50
479 473
217 178
5 95
217 178
479 434
261 345
89 95
192 206
89 50
389 479
345 261
125 68
306 376
223 151
297 271
223 178
178 134
261 324
50 95
261 351
5 73
64 36
133 223
50 26
389 479
434 479
306 345
133 217
418 495
217 133
389 473
345 327
217 223
351 279
479 473
133 223
351 345
306 345
89 5
351 306
178 133
100 63
217 223
479 473
54 88
345 351
351 261
178 137
473 479
473 479
261 329
345 351
178 217
345 261
5 95
261 351
178 217
89 95
178 217
89 95
306 261
351 306
351 306
217 178
345 351
81 42
223 142
479 407
89 95
479 434
89 95
351 345
473 479
95 89
261 350
89 5
95 89
434 479
331 369
89 5
133 223
345 351
261 345
217 224
381 350
50 95
261 345
178 217
133 223
98 17
336 306
473 479
50 15
479 473
473 479
345 351
483 500
50 115
261 351
178 223
345 351
345 351
261 351
345 351
345 351
261 279
448 410
389 486
374 321
261 351
89 70
178 133
178 133
473 434
351 345
5 95
479 473
345 351
95 71
143 162
178 223
389 479
306 261
5 73
89 95
306 351
434 389
95 5
5 95
389 479
50 95
223 217
389 473
476 473
50 95
83 106
306 351
95 89
479 434
253 145
473 389
479 389
345 351
217 188
5 95
223 133
479 389
217 223
389 477
95 89
50 95
249 237
89 95
473 507
351 345
473 479
95 89
479 473
178 133
351 345
5 95
5 68
89 5
133 223
479 389
5 95
178 223
223 217
389 479
50 113
95 89
389 434
217 223
50 95
434 389
223 180
50 89
345 351
89 95
473 479
306 351
473 479
217 178
95 89
389 479
178 223
217 178
345 351
351 261
389 432
217 178
50 95
389 479
89 95
351 306
223 178
261 329
89 95
217 178
306 345
473 479
434 476
473 389
50 95
223 217
389 434
479 473
217 178
434 479
89 50
95 50
217 178
307 281
434 467
345 351
434 479
345 261
434 479
223 133
217 223
223 139
178 223
133 223
223 133
223 151
217 223
223 217
345 351
223 199
369 314
479 389
345 351
5 47
479 434
351 306
178 223
389 455
89 95
261 351
223 151
479 473
89 50
95 89
95 83
306 351
50 95
50 95
473 389
345 306
217 223
217 223
95 5
95 89
217 223
95 50
351 306
217 178
133 223
5 95
95 5
434 479
345 297
479 473
399 418
223 151
434 479
50 95
50 95
217 223
479 434
89 50
178 217
89 95
217 178
389 473
178 217
345 351
5 89
479 473
351 345
223 217
217 223
217 223
5 95
434 479
50 95
351 307
5 50
345 351
345 351
345 351
133 217
133 223
223 217
89 95
178 133
261 351
133 223
178 187
261 345
217 223
351 261
133 223
95 14
345 351
95 5
434 473
434 479
345 351
479 473
217 223
223 217
178 223
217 223
261 345
345 306
306 351
434 479
95 50
306 316
118 95
345 261
96 85
133 229
434 479
351 345
217 133
89 95
133 223
217 223
50 4
479 473
15 83
306 351
5 50
389 473
306 352
306 269
389 434
434 479
306 301
345 351
178 217
133 217
125 70
261 345
351 345
479 434
5 54
351 306
448 385
345 351
133 217
345 351
95 89
389 479
133 223
133 217
345 351
345 329
434 389
473 434
133 217
389 434
89 95
261 366
345 304
351 306
178 223
261 306
178 133
5 95
223 151
261 329
89 113
133 223
261 351
306 351
473 479
306 261
178 133
133 217
50 95
389 479
389 473
351 345
473 434
5 95
351 261
223 178
473 479
261 306
261 345
261 351
133 217
217 223
306 351
479 389
50 5
217 178
223 217
473 479
473 479
223 133
479 473
479 434
345 351
261 306
223 178
473 422
306 383
89 50
351 261
89 95
473 434
133 223
95 89
345 332
389 434
89 95
33 64
89 95
345 351
223 211
89 50
345 351
473 479
217 223
50 95
351 306
434 389
95 23
473 389
434 400
133 223
95 5
95 50
50 5
217 157
223 217
473 479
217 196
345 351
479 473
434 396
89 95
5 50
389 399
479 389
217 223
89 95
133 223
95 14
50 5
89 50
5 95
95 5
217 203
95 89
306 261
434 479
351 306
306 351
223 217
50 95
209 170
473 434
89 50
178 133
133 223
5 50
95 5
217 223
14 81
5 50
42 81
95 89
178 145
345 261
312 261
261 351
434 473
89 79
223 217
95 89
297 324
223 133
351 306
133 178
479 434
434 389
473 479
95 50
473 479
306 345
434 479
351 306
404 448
473 414
217 223
133 217
178 223
479 473
133 179
389 479
261 351
95 50
223 217
479 407
5 95
5 1
223 251
95 14
261 351
351 306
178 223
133 217
351 264
473 389
95 50
261 345
50 95
306 345
479 473
217 133
434 479
345 261
351 345
389 473
351 345
5 89
89 5
133 223
261 345
223 133
425 463
223 178
351 270
351 279
473 389
223 217
351 345
95 5
261 306
298 276
89 95
193 211
345 306
473 389
339 275
345 366
351 345
389 473
50 94
345 351
473 389
345 336
5 95
351 270
306 351
89 95
89 50
89 95
473 479
345 261
223 142
351 306
89 95
217 223
223 133
479 389
351 261
345 351
217 166
473 389
479 473
95 50
217 133
50 89
133 178
178 217
351 270
133 217
473 479
479 434
133 223
89 95
379 375
178 217
50 6
89 117
5 50
261 345
5 95
95 89
434 479
5 89
5 95
223 133
217 223
89 95
479 434
351 270
178 223
306 351
217 223
5 50
223 217
95 89
351 306
5 95
345 351
223 217
5 89
217 239
261 306
217 178
95 89
223 178
434 479
217 205
389 479
479 434
473 479
133 223
434 479
223 142
223 217
178 133
261 351
223 217
345 351
306 345
5 89
306 375
473 495
20 64
224 205
345 351
345 351
345 379
217 223
95 89
389 479
479 473
133 223
89 50
50 95
223 133
133 223
351 261
217 223
345 261
351 261
483 503
223 133
479 473
5 89
479 434
133 223
479 407
89 95
89 95
389 473
345 306
95 99
271 339
345 351
434 479
89 95
5 95
133 223
50 89
389 442
5 95
178 217
479 473
434 473
473 479
448 451
261 351
178 223
50 95
217 178
351 345
223 243
351 270
133 217
454 426
50 89
479 434
50 5
217 223
261 351
389 479
389 479
401 420
89 95
133 223
5 73
351 306
50 95
178 223
95 89
345 351
434 473
217 133
473 479
89 95
223 133
89 50
50 95
178 246
217 133
434 459
95 17
345 286
217 223
479 476
133 128
479 473
473 479
133 223
89 50
5 50
351 345
133 201
261 314
261 306
95 50
389 473
95 63
217 178
5 89
479 389
261 351
389 473
306 317
95 50
479 473
351 261
473 479
473 479
5 89
479 500
434 479
5 95
431 434
345 306
89 95
398 479
389 434
178 167
479 434
5 73
5 95
223 178
89 83
389 479
276 264
351 279
261 306
351 261
50 95
223 178
95 89
345 351
505 442
473 479
89 95
448 436
261 351
473 434
178 223
89 95
217 223
217 223
351 279
434 479
473 479
133 223
434 473
95 89
50 95
70 42
351 345
389 479
479 473
389 473
473 479
95 89
5 50
95 89
351 345
95 5
351 345
261 351
133 223
306 345
224 129
89 95
434 473
473 479
5 82
345 351
217 239
306 261
434 479
276 264
389 473
5 95
351 261
223 217
345 306
50 5
50 95
5 50
434 457
217 223
473 389
434 479
479 398
345 351
5 50
223 133
473 479
345 351
306 276
473 479
351 261
400 473
89 95
133 223
5 50
345 351
473 479
306 351
306 261
351 306
178 158
64 98
133 178
217 223
389 434
434 479
217 133
5 89
89 95
479 473
133 223
95 89
434 479
345 351
50 89
473 479
306 261
473 434
223 217
89 95
95 89
50 17
95 89
479 473
480 389
89 94
345 351
133 223
479 389
351 345
479 473
345 351
74 100
442 420
95 23
217 223
95 89
5 50
401 497
133 132
261 306
345 351
50 95
217 133
99 45
351 345
351 345
434 473
261 306
179 242
351 345
89 95
473 479
217 223
351 345
217 223
473 434
389 473
473 389
479 434
473 389
345 351
473 479
434 479
223 145
178 217
261 345
178 217
261 333
434 401
351 345
351 345
95 14
479 473
95 5
306 345
50 86
306 351
261 351
261 306
50 95
50 5
473 479
473 479
351 345
133 223
473 479
133 223
345 261
345 351
434 389
479 473
217 223
473 479
389 479
306 351
434 473
217 133
473 479
5 89
95 89
351 261
389 479
65 34
345 351
95 50
261 314
345 351
351 261
95 89
217 223
434 389
5 7
89 50
241 211
5 84
50 118
473 389
217 133
434 404
261 345
389 473
178 217
217 223
5 89
473 389
217 133
241 186
479 389
217 223
351 261
351 261
389 399
345 322
389 473
89 95
133 223
345 382
95 89
50 95
261 286
133 217
217 133
473 479
425 464
133 178
434 466
89 95
345 351
5 95
345 351
50 89
306 351
5 57
50 95
306 351
5 95
217 223
133 223
246 193
89 95
5 95
74 100
5 95
89 5
473 479
345 306
306 345
133 217
170 179
65 98
50 89
479 473
95 89
178 133
223 133
434 479
351 345
345 351
95 50
95 50
351 306
223 151
345 261
473 479
473 479
178 223
95 50
151 223
479 473
351 279
178 217
345 351
89 50
434 479
270 337
178 223
434 479
389 479
473 479
434 424
273 354
133 201
389 473
223 217
5 94
223 217
479 434
306 351
473 479
223 217
178 223
434 479
290 321
133 241
95 89
345 306
261 306
50 95
345 351
351 261
5 15
306 345
191 224
178 223
479 434
89 95
261 264
178 223
217 223
345 351
89 50
89 95
389 479
5 73
223 217
50 95
217 223
89 95
345 351
223 217
50 95
473 389
133 217
473 479
223 133
351 345
306 345
89 95
472 479
434 479
50 5
99 79
351 345
261 303
306 261
261 351
345 351
306 333
345 351
479 434
89 95
306 351
473 479
389 479
426 483
50 95
351 306
345 351
178 223
178 223
473 479
133 178
478 417
444 509
261 345
434 479
246 193
434 479
235 141
217 133
95 89
261 330
178 210
217 223
89 95
306 351
355 365
351 306
345 351
345 351
217 178
89 14
223 217
261 306
434 479
223 217
261 306
434 394
351 345
479 434
133 217
473 479
89 95
223 217
473 389
95 50
133 217
223 217
95 89
345 306
217 223
306 276
479 473
351 261
306 351
281 330
306 345
89 18
5 89
121 83
50 95
89 95
345 351
473 389
89 50
306 353
389 473
389 473
178 217
89 95
246 193
217 133
50 95
351 279
217 223
389 431
261 345
473 479
297 324
217 223
345 351
434 473
223 217
217 223
223 133
95 50
389 473
479 407
351 345
223 217
5 39
89 5
178 202
5 50
261 351
333 351
133 217
306 351
473 479
351 345
178 223
479 473
89 5
133 217
473 479
480 389
261 345
306 351
261 351
217 133
95 50
261 351
261 345
310 261
223 133
133 223
261 351
473 479
351 274
473 479
447 504
178 191
306 351
473 479
465 397
434 389
306 351
178 156
5 95
50 89
217 223
337 298
133 178
473 432
345 351
479 473
479 389
389 479
95 89
389 473
351 345
473 479
95 5
351 261
261 306
217 223
345 261
95 50
473 479
473 434
95 89
389 434
363 269
217 223
434 479
217 223
178 223
95 50
50 95
389 457
306 351
261 329
50 95
389 434
479 473
95 50
133 223
473 479
389 473
5 89
389 479
133 151
95 89
223 178
389 457
479 434
389 434
473 479
217 223
473 479
345 261
5 95
351 345
306 313
223 217
95 89
249 177
50 95
178 223
89 50
223 217
434 398
148 192
95 50
178 223
179 176
95 14
178 223
178 133
351 345
351 261
306 345
217 223
178 223
133 170
95 89
345 351
473 389
95 94
261 351
351 345
389 473
345 351
89 5
473 479
95 89
298 367
356 270
438 472
89 68
473 479
434 479
178 223
50 95
5 73
261 351
95 89
306 351
217 158
473 389
223 217
89 95
389 473
479 434
351 306
306 351
473 389
345 261
5 71
261 306
50 5
89 95
324 269
223 250
473 389
178 133
178 133
473 479
223 133
223 148
89 95
389 473
306 351
434 479
223 217
95 14
217 223
306 351
217 223
345 351
89 50
223 253
217 193
473 479
479 425
434 473
473 479
479 389
133 223
473 479
345 351
351 345
223 133
261 303
50 77
473 479
351 306
355 300
89 95
223 178
223 217
389 468
89 95
217 178
473 479
479 473
217 223
389 479
133 195
389 473
50 45
217 223
473 479
345 351
133 217
351 261
89 95
223 133
133 178
434 479
473 479
261 351
95 23
217 178
89 50
223 133
217 178
306 261
345 261
381 296
351 261
89 95
473 479
89 95
50 95
95 89
223 182
136 133
178 145
95 89
178 223
261 351
319 376
223 217
133 217
479 407
345 261
20 64
89 79
306 351
473 434
473 479
261 345
178 223
479 389
5 116
50 95
345 351
434 479
95 89
50 95
319 376
217 178
95 89
351 261
479 434
479 473
473 479
306 351
178 133
473 434
479 473
235 141
217 223
89 95
434 479
434 479
5 95
89 95
217 223
95 5
95 50
389 473
178 217
473 479
217 223
5 89
261 345
473 479
5 89
351 270
261 306
351 345
479 434
133 178
306 351
389 473
50 95
95 89
351 345
473 479
351 261
223 178
473 479
217 178
434 414
217 178
351 261
223 178
473 434
89 95
473 462
217 133
473 434
389 479
20 8
14 95
217 145
351 261
95 89
306 351
426 389
95 5
434 479
5 95
345 351
169 195
261 351
133 223
434 479
89 50
95 115
389 434
89 95
223 220
351 327
133 250
179 170
345 306
178 223
345 351
89 50
345 351
89 95
389 434
95 89
345 351
217 129
5 50
479 473
434 479
178 176
217 223
118 42
95 5
217 156
5 95
261 329
505 484
89 5
50 89
351 379
351 261
95 23
306 351
133 162
207 250
89 50
217 223
5 95
223 217
306 351
95 82
306 351
479 434
133 217
261 351
478 510
5 89
484 398
89 95
434 403
217 223
351 345
50 102
351 270
479 434
5 50
261 351
479 473
223 178
434 479
223 133
5 95
20 64
351 261
89 95
306 345
5 29
473 479
217 223
377 339
133 217
95 89
178 217
473 479
434 479
261 306
345 366
389 473
345 315
5 89
47 5
345 351
306 351
223 217
89 50
345 306
345 261
133 223
20 64
473 389
178 133
473 443
473 479
5 50
89 10
434 479
389 506
95 5
351 345
467 484
50 95
473 389
50 89
434 479
434 473
351 345
297 324
249 255
5 95
434 479
217 223
306 324
389 473
133 178
434 479
351 345
398 465
261 303
473 479
95 5
50 17
193 194
389 434
178 141
473 389
178 217
133 223
178 133
351 345
434 479
448 397
473 479
223 133
479 473
178 223
217 223
133 223
223 217
20 64
434 479
473 399
223 217
345 351
217 223
434 479
351 261
133 223
479 389
217 222
41 109
217 133
133 138
179 143
306 345
337 320
479 473
217 223
89 95
491 403
95 14
50 95
217 211
351 345
89 95
50 5
473 479
351 261
434 473
473 389
448 483
89 50
351 345
56 5
89 50
133 217
306 351
473 434
95 5
217 223
95 89
178 223
89 95
351 345
310 306
223 133
306 261
261 297
261 351
306 351
306 351
479 434
345 351
217 223
306 351
223 178
434 389
50 95
473 419
345 351
306 351
89 95
228 142
133 217
89 78
95 5
434 449
95 30
261 329
479 473
345 350
473 479
345 306
133 178
351 345
223 217
178 217
95 14
89 95
95 5
434 458
207 211
473 479
480 505
351 345
473 479
89 95
473 479
133 217
270 337
345 351
89 95
143 162
89 95
261 279
389 473
374 321
369 314
306 305
473 479
473 434
479 473
473 479
178 133
479 434
479 434
5 89
473 402
217 133
95 5
345 351
345 335
345 351
473 389
261 351
369 314
217 223
306 303
473 434
351 306
345 351
261 351
178 223
50 89
249 146
133 223
345 351
473 479
297 284
217 223
479 434
178 145
223 217
473 452
50 95
5 89
345 362
473 434
217 223
95 50
178 223
89 95
223 217
473 479
261 306
178 223
217 223
345 261
389 473
169 209
473 479
434 479
389 479
217 223
178 133
178 217
473 389
50 95
434 473
89 5
434 479
479 473
479 473
133 225
434 479
306 351
351 345
473 479
479 434
479 389
389 473
261 322
479 473
89 95
448 413
473 389
178 217
133 208
479 434
479 434
217 223
133 217
389 473
351 306
223 178
178 223
217 223
345 351
95 50
389 479
389 434
306 351
34 65
95 47
389 473
50 46
434 479
113 58
434 473
89 95
253 166
217 178
5 89
479 473
50 95
473 447
217 223
351 261
178 147
133 136
50 89
223 178
389 473
251 151
497 442
50 95
351 345
473 479
505 456
5 50
479 434
95 5
50 71
473 476
261 345
50 5
345 351
217 191
5 95
345 307
95 50
50 95
223 217
434 389
50 89
345 261
473 479
351 379
350 308
261 351
223 221
473 479
479 429
178 223
217 223
178 223
479 473
306 351
217 178
425 452
95 89
217 178
50 95
351 261
473 440
306 357
351 256
351 261
473 479
473 424
389 479
148 192
89 95
479 473
351 345
223 217
133 246
351 345
223 178
479 401
89 95
192 237
5 89
473 434
320 329
351 261
89 95
473 479
89 95
95 5
241 202
217 178
217 133
217 133
89 95
479 473
473 479
345 261
5 47
306 351
50 5
89 95
351 345
351 345
217 146
473 388
261 306
306 351
178 217
89 50
306 351
217 243
178 133
356 375
89 95
345 351
473 479
306 351
133 223
345 351
434 479
20 8
148 192
89 5
389 442
125 59
5 50
95 89
434 479
345 261
509 476
217 223
261 306
473 479
389 479
89 95
306 351
89 5
479 473
473 479
217 205
345 351
178 223
434 505
234 223
473 479
223 211
479 384
479 473
345 306
345 338
95 89
473 389
345 351
178 223
351 340
369 314
178 223
5 107
5 95
261 345
217 223
389 473
306 351
389 473
50 95
95 89
351 270
306 261
261 351
217 133
5 95
95 89
389 479
434 389
351 345
389 479
217 133
434 473
473 434
261 303
389 479
50 5
389 473
434 479
89 95
261 345
345 351
306 351
217 223
99 52
5 89
217 223
133 223
306 345
351 345
95 89
217 223
5 89
479 473
399 463
133 217
345 351
345 332
89 95
434 509
5 51
351 345
351 345
217 223
389 479
434 473
351 261
306 351
306 351
306 261
5 95
479 473
89 95
89 95
217 223
473 462
50 113
479 473
389 433
133 223
345 261
95 50
479 473
89 95
50 95
345 351
50 35
95 89
50 89
261 351
479 389
5 89
5 95
261 351
5 95
223 178
217 223
20 64
178 212
473 416
389 434
5 89
351 345
89 50
345 261
473 479
178 223
479 473
389 479
473 479
434 479
81 64
217 223
479 434
217 223
434 473
351 345
217 223
133 223
345 261
89 95
217 223
89 95
89 95
223 217
89 95
452 399
95 89
502 449
223 217
95 14
217 223
404 448
178 145
261 304
89 42
351 306
178 223
351 261
223 207
306 351
306 345
223 217
434 496
261 351
473 389
345 261
261 306
473 389
89 95
196 142
351 345
100 119
95 89
479 398
261 329
54 4
223 217
223 133
95 50
223 217
178 223
479 434
223 217
261 351
95 89
261 303
389 473
473 479
473 499
178 217
217 178
351 345
68 15
223 217
223 178
434 384
479 473
178 223
133 217
434 389
351 345
95 5
217 182
217 178
473 479
401 479
95 5
434 389
473 434
479 434
434 468
310 271
178 173
434 509
389 479
345 306
223 217
351 306
351 345
89 95
261 306
95 50
5 47
479 389
217 178
479 473
473 479
345 261
273 261
261 351
261 303
473 479
479 473
306 351
473 389
345 261
473 479
50 89
196 169
50 52
178 223
5 89
217 223
50 95
345 306
473 386
217 133
307 258
5 95
5 89
89 42
95 14
479 473
50 89
217 223
351 270
473 479
306 351
261 351
217 133
50 89
389 473
50 95
178 223
288 330
178 167
351 261
473 479
389 431
434 479
223 217
223 142
50 127
217 223
95 89
345 261
178 133
351 345
5 89
473 479
50 124
306 351
95 89
178 223
217 178
192 241
89 95
89 83
306 351
306 332
345 351
351 261
306 275
89 50
5 89
95 89
345 351
473 479
223 133
95 50
479 389
479 407
434 479
345 351
473 434
5 95
5 68
217 133
217 223
95 89
133 223
351 373
178 133
5 95
95 5
351 261
479 473
89 95
399 467
351 321
217 223
473 389
133 223
50 107
276 264
434 473
473 434
217 180
473 434
434 458
223 217
479 407
306 331
389 479
389 479
133 253
5 77
133 178
217 223
89 50
89 95
217 160
306 348
389 392
178 223
306 308
133 223
5 95
473 479
50 51
345 261
379 375
89 48
261 306
389 450
156 145
89 95
253 240
50 95
5 50
111 79
217 178
5 73
95 89
178 150
389 473
479 473
261 345
89 95
89 30
89 95
217 223
223 217
50 5
145 164
223 217
261 351
473 434
95 23
89 5
5 95
133 211
178 133
133 223
345 294
389 479
17 55
95 5
133 175
479 473
389 434
223 191
473 392
223 133
389 483
50 95
95 89
95 45
473 479
196 142
239 198
89 5
425 452
95 14
89 47
89 50
479 473
306 351
217 223
178 223
356 270
473 426
351 306
416 458
89 95
434 479
217 178
133 223
192 210
50 5
345 351
351 335
178 223
479 389
261 351
345 351
434 479
89 95
5 95
89 95
306 345
434 479
178 223
426 389
345 261
345 351
133 223
479 473
261 345
306 351
217 235
191 224
306 370
64 61
261 351
95 23
178 139
392 404
479 473
217 223
223 217
89 95
50 89
479 473
217 223
351 345
261 351
217 178
345 351
95 59
351 345
217 133
89 5
89 95
217 223
479 407
133 223
5 50
50 95
306 351
133 223
434 505
306 351
217 223
389 507
479 473
479 473
101 65
223 217
473 479
178 217
330 356
5 95
95 93
5 95
50 5
345 261
261 351
351 306
389 479
345 306
389 479
5 95
223 217
89 56
50 95
389 465
345 351
345 306
297 363
389 479
345 351
479 473
404 507
223 217
261 351
261 351
223 217
389 457
351 345
261 345
5 89
178 223
389 478
389 434
389 434
479 434
89 95
306 261
89 95
227 140
178 133
473 479
5 95
479 407
217 223
223 133
464 434
217 223
89 50
89 95
217 223
261 351
217 223
351 270
306 351
473 479
345 351
223 133
50 113
306 351
389 479
5 95
306 351
5 95
5 95
351 279
389 434
178 133
178 133
345 351
306 351
434 479
50 85
178 158
473 434
209 170
426 435
261 351
434 479
479 473
479 389
351 319
211 239
261 345
345 351
306 351
345 351
345 351
479 389
261 351
345 351
345 351
178 223
345 351
473 479
345 306
351 261
133 217
95 89
345 351
479 473
50 5
89 95
5 89
351 345
399 467
434 479
484 398
389 431
502 426
5 95
473 479
95 89
89 95
192 255
351 261
434 389
479 398
351 279
261 345
389 473
95 89
443 464
473 479
479 402
5 89
95 5
434 479
351 345
89 5
95 89
223 193
438 485
89 95
434 480
217 178
178 217
178 133
41 70
261 351
306 351
502 426
89 95
434 389
479 473
89 95
5 73
345 351
306 351
95 50
306 351
434 479
473 479
473 408
306 317
479 473
95 5
217 133
223 217
95 50
261 351
133 178
178 217
5 47
95 50
351 261
479 473
261 326
95 10
479 434
345 351
5 95
95 89
5 89
434 479
351 306
95 89
351 348
133 217
261 351
247 148
389 434
473 389
95 50
306 261
389 479
479 434
217 223
50 95
223 142
89 95
438 496
270 337
479 473
178 199
133 178
351 261
389 434
351 345
223 217
351 345
217 223
178 223
434 479
223 133
223 220
306 351
5 89
479 473
223 217
473 434
14 81
261 329
306 351
345 261
464 509
178 217
345 351
306 330
223 217
223 221
186 241
473 434
223 178
351 345
95 89
5 95
89 95
223 133
345 306
389 479
217 223
345 306
223 217
306 351
95 5
89 5
345 351
473 434
5 95
95 89
479 434
473 479
434 479
217 178
345 351
306 351
345 351
479 389
363 377
95 89
473 479
434 479
473 491
50 95
473 479
178 221
261 306
217 223
351 261
50 89
345 351
89 95
223 217
5 91
217 223
217 178
217 223
223 217
434 389
5 95
356 270
351 287
133 217
345 261
351 345
345 351
89 95
89 95
351 345
133 223
133 150
351 345
89 95
95 89
473 434
261 351
351 306
223 217
223 133
217 178
306 351
223 217
217 133
95 89
389 458
223 217
222 153
133 178
369 383
133 223
133 178
217 133
434 479
479 434
5 89
351 345
143 162
351 345
217 223
479 398
178 223
389 479
351 306
5 95
404 392
89 95
89 95
345 306
5 50
89 95
5 73
345 261
50 5
89 5
345 306
133 223
178 223
235 141
133 223
89 50
178 193
5 95
306 345
89 95
389 434
434 479
261 351
125 80
217 223
351 345
345 306
351 261
217 223
351 261
351 294
95 5
50 89
5 95
345 351
261 351
479 473
5 50
351 261
217 223
95 50
217 178
217 223
351 345
490 479
178 217
271 339
434 473
398 484
50 95
217 133
319 376
89 95
5 95
479 499
89 83
351 345
479 473
261 351
89 95
351 256
345 306
270 356
223 217
50 95
473 389
217 178
306 329
345 351
434 473
217 223
345 351
89 50
434 389
99 83
479 434
473 389
217 223
351 345
448 467
223 178
217 223
223 178
89 5
217 133
261 345
473 431
217 223
223 217
491 397
345 351
95 42
89 5
223 151
50 10
389 434
479 434
351 372
217 178
223 133
434 473
95 89
351 270
50 5
89 95
345 351
389 479
397 467
133 223
479 473
95 5
50 89
253 198
217 223
217 223
401 410
473 479
434 479
217 178
345 351
345 351
324 271
217 223
223 138
273 381
217 223
217 152
178 133
89 50
351 345
50 17
473 479
95 89
345 261
217 223
345 310
50 89
473 496
95 5
5 89
473 479
261 351
95 89
178 133
261 345
89 50
223 178
345 306
89 95
223 133
270 337
345 371
473 479
50 74
306 351
345 351
50 17
345 351
143 207
223 217
217 223
389 413
133 223
473 434
217 223
261 345
178 133
5 73
217 133
434 479
473 479
217 178
473 467
223 217
473 434
95 89
351 298
389 457
89 95
217 223
473 479
473 389
473 479
217 133
473 479
389 473
389 473
217 223
133 130
95 89
434 389
345 351
5 95
490 479
239 198
378 351
5 89
95 12
389 434
351 261
345 351
133 223
306 351
50 95
473 479
479 473
473 479
261 351
223 178
89 98
345 351
178 223
389 479
351 345
479 407
95 50
389 479
170 179
479 473
261 351
223 178
473 479
89 95
5 2
89 50
178 223
5 50
5 50
95 50
306 261
89 95
261 351
389 431
95 5
473 479
50 95
133 223
369 314
479 473
345 351
261 351
351 261
89 50
345 306
217 178
473 479
345 351
5 99
95 17
351 345
89 60
345 351
473 434
95 5
223 133
389 434
479 473
345 351
178 133
345 351
389 434
50 95
133 244
351 261
473 479
50 89
95 89
335 310
434 389
50 95
217 133
434 389
217 223
351 345
473 434
133 208
473 479
95 5
306 345
351 345
89 95
178 223
345 351
223 178
479 473
89 95
473 389
434 473
15 79
89 95
306 351
345 351
389 479
261 351
345 303
389 434
51 62
345 351
345 351
306 351
261 306
133 217
351 261
178 212
223 170
286 345
89 50
89 95
306 351
89 95
223 133
473 389
89 95
389 479
473 479
223 217
89 5
125 17
223 178
509 464
5 95
63 120
473 479
223 178
95 50
217 204
434 501
473 435
178 223
473 436
345 351
217 223
434 389
89 95
389 434
249 211
351 345
473 479
95 89
89 5
89 95
351 345
306 351
345 351
345 351
89 5
434 479
351 306
178 156
217 223
434 479
217 223
223 178
5 50
89 95
178 217
178 223
389 479
312 261
389 479
345 351
50 89
306 351
178 223
5 89
345 261
223 178
479 434
473 389
479 434
13 107
345 306
399 463
89 95
479 473
95 89
178 223
473 434
95 89
261 260
133 217
178 223
178 223
473 479
261 274
351 261
261 351
473 479
113 58
479 398
217 133
389 434
479 437
351 345
473 389
223 217
5 50
178 223
217 178
223 217
479 389
345 351
351 306
271 335
261 345
473 434
379 375
217 223
434 479
363 269
261 332
95 50
345 351
389 479
271 290
473 479
217 223
89 5
89 95
89 50
473 479
133 178
434 479
473 389
389 479
89 95
68 15
473 434
217 133
261 351
350 299
473 479
351 345
89 105
479 465
389 479
389 434
270 356
89 50
151 223
89 3
271 290
25 106
306 351
351 270
133 146
5 73
473 479
89 95
473 389
178 133
345 351
50 5
217 178
50 49
389 434
345 351
217 223
50 33
133 223
306 345
89 95
434 479
481 479
473 479
356 375
389 457
306 351
351 345
5 89
479 434
223 133
217 223
178 223
473 389
217 163
389 473
217 210
148 136
95 89
89 5
306 335
95 89
326 315
345 306
401 488
143 207
389 479
217 223
223 142
50 95
434 389
351 261
95 50
479 398
345 303
89 95
50 95
32 74
217 223
223 217
50 95
95 23
473 479
89 95
50 5
133 223
50 95
223 133
89 95
133 175
345 261
389 506
223 217
297 279
306 261
479 473
217 206
345 351
479 473
89 95
261 351
223 139
261 303
389 473
217 184
89 42
479 389
351 261
133 223
261 333
473 479
217 133
351 279
479 389
178 223
217 223
217 223
351 345
351 345
217 223
434 479
217 201
434 479
217 223
223 178
345 306
434 469
178 133
223 217
306 351
178 223
351 270
306 351
217 223
479 473
276 320
217 178
306 351
121 67
89 95
479 389
95 89
261 345
223 217
178 223
5 95
5 95
133 217
142 223
351 355
345 261
261 306
351 306
178 217
118 13
223 217
223 133
261 303
178 141
95 5
345 309
217 223
434 479
509 386
479 389
178 141
95 14
479 473
434 479
345 351
389 479
95 79
217 223
95 50
473 479
5 89
434 479
133 223
169 196
133 217
89 95
178 223
434 479
345 351
479 389
217 223
473 479
351 345
23 95
261 345
479 434
306 345
306 351
89 95
479 434
217 133
502 449
50 89
351 261
50 95
178 238
261 351
473 387
217 244
306 345
473 402
480 495
89 95
473 479
434 406
345 351
479 434
351 345
217 223
479 389
83 95
223 217
95 23
473 462
351 345
120 116
5 95
223 217
89 95
306 351
95 89
261 329
306 351
261 351
89 95
217 223
389 457
217 223
95 50
217 223
217 223
438 422
89 95
223 217
473 460
261 351
351 345
479 473
217 223
351 345
389 393
434 479
479 473
89 50
5 50
89 5
434 479
223 217
351 306
169 242
399 463
217 178
479 389
217 178
133 223
345 306
389 434
345 284
217 221
95 50
434 473
50 95
345 351
345 261
473 479
297 334
307 275
217 223
228 202
261 351
217 178
479 407
261 319
94 24
261 303
95 89
306 351
5 50
297 279
306 261
350 323
345 306
83 79
473 479
178 223
351 274
389 473
235 141
434 506
345 261
217 178
434 401
133 223
389 473
473 389
351 345
217 223
351 261
178 217
438 412
345 261
345 374
363 269
133 217
95 89
434 473
473 413
351 345
479 473
479 473
261 351
473 479
434 473
351 306
306 351
89 50
345 351
217 178
389 393
95 50
178 188
217 178
217 223
479 407
217 223
351 261
345 351
389 479
351 338
178 223
351 261
89 5
50 95
473 434
113 74
389 479
133 223
351 345
351 345
89 50
351 306
95 89
479 389
345 261
479 389
223 178
89 95
5 73
50 107
306 315
345 305
473 479
306 351
478 463
50 95
5 95
478 404
389 473
133 223
89 95
223 142
5 73
473 479
178 204
95 89
351 306
89 5
95 50
222 180
261 351
223 246
217 223
95 83
89 50
345 351
479 434
223 217
89 95
479 473
178 223
223 151
479 473
223 178
434 415
389 434
246 193
345 380
50 89
217 223
473 479
434 473
479 407
145 253
50 95
217 223
351 345
345 261
89 95
95 5
95 50
133 217
5 50
345 351
351 372
89 95
95 89
178 145
95 89
473 434
217 223
306 351
95 89
223 217
261 351
50 89
473 462
434 473
89 95
217 223
178 223
89 73
306 351
434 473
306 372
5 95
217 178
41 101
217 223
217 178
479 473
217 223
249 138
354 307
5 95
217 208
50 5
5 50
89 95
223 133
479 389
438 508
178 223
89 95
434 479
473 479
434 479
217 133
63 96
389 479
345 351
223 217
89 50
217 178
217 133
5 95
261 306
217 223
479 473
178 217
5 95
133 217
217 178
89 95
479 410
178 128
217 133
473 479
68 15
246 170
261 345
5 89
351 345
261 351
306 351
473 389
178 133
389 479
473 434
389 479
473 479
95 116
95 89
261 351
473 479
217 133
217 178
95 89
434 473
473 389
345 351
5 50
89 50
473 389
223 212
434 479
217 223
473 479
217 223
479 434
389 434
473 469
345 306
345 351
351 261
133 217
89 95
133 201
89 115
217 223
89 95
223 151
479 434
50 93
5 95
351 261
125 95
345 306
143 207
479 473
217 133
479 434
15 79
298 307
351 339
473 434
141 209
473 479
228 179
5 89
345 351
50 89
319 335
261 306
306 351
50 95
473 479
89 95
306 351
473 434
50 5
351 261
217 223
89 95
306 261
351 345
479 473
217 178
351 333
5 95
306 270
217 223
261 345
17 6
389 473
95 89
351 306
89 95
217 133
345 261
178 223
133 217
389 479
89 95
351 345
281 330
473 479
351 261
273 381
351 345
479 392
50 89
50 95
133 178
95 89
89 5
223 212
345 351
223 178
50 5
473 479
351 345
434 479
345 351
473 479
345 326
5 50
100 119
317 307
217 223
447 504
473 479
473 479
473 434
434 479
389 479
217 223
223 217
95 50
351 345
50 102
5 95
319 352
479 473
217 223
51 80
95 89
473 434
351 306
178 223
89 95
133 175
261 306
133 217
345 351
5 89
89 5
389 479
217 223
473 434
434 479
217 133
95 50
375 355
217 223
351 345
404 448
389 434
479 473
5 89
217 223
217 148
50 95
217 251
479 434
306 261
351 345
95 5
95 5
223 217
223 217
89 50
345 306
178 223
351 270
261 306
356 375
5 89
95 89
434 473
495 454
217 178
261 345
351 345
261 351
223 217
210 192
389 473
306 345
345 351
217 178
217 223
351 261
17 95
434 384
133 136
178 186
217 246
89 5
473 479
473 479
95 89
473 479
479 473
345 351
89 95
223 178
178 223
95 89
217 178
389 473
50 95
479 389
217 133
95 89
434 479
95 50
94 20
50 89
434 473
434 479
351 279
345 351
5 73
479 473
223 217
145 232
5 95
95 50
217 133
473 434
178 223
351 345
479 473
345 351
178 223
345 306
133 223
5 89
50 95
473 435
217 223
479 473
50 95
50 95
479 473
473 434
95 5
345 351
345 351
223 133
5 95
351 261
434 389
178 222
133 178
261 351
89 95
217 205
217 133
261 345
473 479
5 95
389 434
5 95
389 473
351 306
306 345
50 89
133 201
178 223
261 351
223 217
479 407
261 345
435 491
217 146
261 345
133 224
217 178
81 42
217 223
434 479
89 3
89 5
389 479
345 365
279 351
133 175
133 223
351 306
89 95
399 467
351 306
448 509
479 473
479 473
5 95
345 351
217 223
89 95
89 95
89 5
345 351
351 345
473 389
223 133
306 266
345 351
345 351
178 217
95 50
133 175
89 50
261 306
345 329
223 184
345 351
193 208
89 95
479 389
50 95
133 223
133 175
345 351
217 178
50 95
389 473
434 479
345 261
95 5
217 223
434 428
217 178
345 351
95 50
351 306
5 95
345 306
50 95
217 223
5 95
389 473
50 95
345 261
217 223
438 456
345 351
217 179
95 89
479 434
223 217
399 407
50 123
178 217
133 201
95 89
178 223
133 223
5 89
261 306
345 351
345 339
473 479
473 479
345 351
306 351
95 50
20 8
89 95
479 389
479 473
473 479
95 89
217 223
345 306
217 223
345 351
178 223
355 365
479 473
306 379
50 125
473 479
133 195
217 223
217 223
133 223
389 479
389 479
281 362
20 8
473 479
479 434
434 473
89 5
95 5
399 418
306 351
434 479
306 351
351 345
64 83
223 217
351 345
351 345
448 478
95 89
50 5
434 389
306 345
351 366
5 89
261 306
261 262
95 23
89 95
306 261
389 479
351 345
95 50
473 434
434 389
473 389
223 178
50 86
389 457
50 5
473 479
217 176
351 306
306 351
345 351
479 473
314 312
479 473
227 233
223 217
479 434
389 479
5 95
89 5
473 479
345 261
345 351
89 95
217 169
345 351
479 473
217 223
389 479
479 473
479 473
473 479
345 351
217 223
95 5
261 351
223 133
351 306
434 389
351 345
5 89
389 479
479 477
133 223
133 178
345 351
473 434
306 351
89 95
95 5
223 217
50 95
89 95
5 89
249 211
217 133
261 351
223 217
434 389
95 89
95 97
434 479
223 178
89 95
479 398
261 351
50 95
89 95
345 306
345 351
473 479
89 50
473 479
479 473
217 178
217 223
473 423
434 473
389 473
389 473
389 434
389 431
351 281
473 389
356 307
133 178
473 458
223 240
345 351
479 434
345 351
351 345
345 351
473 479
223 217
473 434
345 351
306 351
306 351
217 223
50 89
95 50
473 479
50 89
351 345
479 473
345 306
133 178
133 223
89 95
495 398
178 133
345 351
223 133
345 351
15 34
95 89
306 261
95 50
223 133
223 217
89 95
434 473
434 479
95 5
95 89
473 479
217 223
389 479
178 217
479 473
351 306
351 345
434 479
389 457
178 223
345 261
261 306
434 479
178 204
473 389
345 351
473 479
473 479
223 217
434 446
473 479
473 479
306 261
89 95
89 5
5 95
479 473
473 479
223 133
345 351
345 351
217 210
178 223
178 132
178 223
261 351
345 261
306 345
389 434
217 133
5 95
351 345
345 351
479 473
89 76
351 345
50 95
473 479
89 95
473 389
479 473
473 389
217 133
479 434
479 473
345 351
58 77
389 461
95 50
479 434
434 473
89 50
389 479
307 333
217 223
217 133
223 217
261 348
509 437
5 18
473 479
351 322
434 479
95 89
5 95
50 89
217 178
261 351
133 223
345 261
351 345
261 351
434 401
50 95
351 345
345 261
20 64
95 50
178 192
473 479
50 91
223 178
133 169
261 345
217 223
306 345
389 479
95 5
473 389
351 345
434 479
345 351
178 217
217 133
217 178
351 306
389 402
5 50
5 34
473 479
89 95
389 435
345 351
479 407
473 479
217 223
191 224
479 473
192 234
89 95
217 133
473 434
473 389
479 473
345 261
306 345
261 332
95 89
351 261
351 345
306 349
5 95
261 351
95 38
473 479
389 434
5 95
89 50
473 389
50 95
217 178
261 345
389 431
389 434
133 178
5 89
223 217
223 178
434 479
95 0
473 389
351 270
473 389
351 345
125 95
178 217
223 217
352 330
95 50
217 178
178 196
217 212
217 229
479 434
345 306
306 261
306 257
335 351
20 8
95 5
89 50
89 95
5 89
217 223
473 389
306 261
479 473
50 95
473 479
5 50
404 505
345 351
351 306
217 223
261 351
351 345
345 351
345 351
502 426
434 398
217 223
223 133
473 479
95 5
5 95
133 217
273 304
473 479
223 178
306 351
95 50
479 473
5 95
389 479
389 479
95 5
223 133
89 95
473 479
434 500
223 194
479 389
261 306
95 89
223 133
479 473
473 479
345 306
89 66
50 127
196 143
5 89
217 133
178 223
479 434
465 426
473 479
41 68
505 467
261 273
95 50
89 5
178 176
89 50
217 223
133 223
345 268
479 473
5 95
227 186
434 473
351 345
217 223
178 133
95 14
133 223
95 50
473 479
345 351
306 345
50 95
217 133
345 351
473 479
479 434
5 89
473 479
351 261
223 217
473 479
5 50
89 50
217 223
5 16
261 306
50 95
306 345
95 89
95 5
345 351
434 473
389 473
261 351
5 89
479 407
473 479
306 295
434 423
95 89
95 89
50 89
178 133
89 50
50 5
89 5
217 133
473 479
217 223
95 89
217 178
95 14
223 217
217 178
228 142
261 351
345 351
95 23
473 389
434 402
89 5
306 351
223 217
473 479
345 351
479 434
434 479
89 50
89 95
479 473
345 306
473 398
389 434
178 223
223 217
5 50
178 223
479 473
133 178
133 217
178 223
89 30
351 339
297 279
261 306
178 222
95 50
5 47
473 479
178 223
479 403
133 217
223 217
479 389
351 345
5 95
473 479
473 479
217 223
434 479
133 217
351 312
306 351
473 434
351 345
345 306
434 479
223 133
473 479
473 479
191 224
479 473
50 58
95 50
133 201
473 434
416 458
306 339
473 431
434 479
217 133
345 306
345 261
217 223
306 345
223 178
389 431
95 94
345 351
351 345
261 306
306 261
178 223
473 434
89 95
178 223
50 95
351 279
479 434
95 5
261 306
473 483
473 479
473 479
306 261
50 5
95 89
95 50
389 479
345 351
351 279
351 345
351 322
95 50
223 178
95 89
261 351
473 507
479 398
223 133
389 479
434 473
389 479
306 351
89 5
5 95
389 479
351 261
306 321
95 5
170 179
479 459
261 351
178 223
223 217
345 276
351 306
473 389
505 434
473 479
447 480
133 217
351 345
223 133
351 345
306 351
473 434
89 95
351 345
473 479
196 169
89 95
89 50
345 351
345 334
345 306
269 363
479 473
89 95
351 345
351 261
473 479
133 178
345 306
473 479
473 434
217 133
89 50
178 223
270 337
119 100
434 394
178 133
505 407
473 479
89 95
356 375
89 95
345 261
473 479
434 479
217 223
89 5
261 306
345 351
133 178
5 89
217 178
95 0
389 479
389 479
217 223
479 389
50 95
306 267
434 423
95 89
434 389
351 306
133 223
479 435
89 95
133 223
223 178
389 479
133 224
95 89
479 473
217 223
389 434
95 89
351 345
50 89
79 54
434 479
217 223
401 509
351 345
389 479
223 178
95 50
351 345
95 115
89 5
178 217
89 95
473 479
345 365
143 162
479 434
133 128
389 434
100 119
223 133
89 95
217 223
95 5
345 351
345 306
217 226
95 50
223 217
306 345
345 351
89 50
178 167
178 223
217 133
306 345
217 223
5 89
95 89
217 173
331 345
143 211
89 95
345 351
223 133
217 223
178 217
5 95
473 479
95 89
95 5
223 217
345 337
389 473
261 306
351 381
95 89
479 473
95 89
95 50
351 345
261 351
389 434
89 95
95 89
261 303
223 217
223 178
376 372
389 473
95 89
217 223
89 0
479 473
473 479
479 401
473 479
306 351
223 133
351 345
434 473
50 95
133 223
351 345
223 133
89 95
223 178
217 223
89 95
479 389
89 50
345 351
306 340
261 351
434 478
133 178
95 50
178 223
473 479
63 120
479 473
89 95
217 223
363 269
217 223
223 133
223 217
261 345
95 89
261 366
89 50
253 191
178 249
5 73
261 351
217 133
261 329
223 217
345 351
178 133
89 95
479 434
345 261
389 473
133 178
217 223
351 279
473 479
389 479
389 479
217 223
434 413
217 223
479 473
133 217
261 345
276 320
473 434
473 479
223 217
307 298
217 223
389 434
89 95
389 461
351 345
261 351
351 261
50 95
5 73
89 95
217 223
389 473
89 95
306 276
217 180
50 95
389 390
479 473
95 50
261 345
473 479
479 473
306 345
133 223
178 223
89 95
345 351
479 434
261 351
345 351
473 434
133 217
479 434
301 261
434 479
473 479
479 389
5 95
217 223
89 95
89 5
95 14
178 223
345 348
182 211
178 223
217 223
345 306
145 178
125 70
261 345
5 6
50 95
351 345
223 217
345 351
89 95
306 261
178 217
434 479
261 306
389 473
223 217
345 351
217 223
345 276
95 89
5 95
351 345
345 306
479 434
217 223
178 223
473 479
178 217
381 280
217 223
473 479
89 95
479 473
434 389
223 133
50 95
217 223
89 5
306 269
178 217
97 95
95 50
351 261
223 178
434 504
223 133
434 479
261 351
261 351
89 95
473 389
473 434
261 351
178 223
5 89
89 95
5 63
217 223
5 89
223 142
178 223
452 399
5 84
217 133
306 345
95 5
5 95
89 95
345 306
95 89
95 50
479 452
5 95
50 5
473 389
89 95
223 217
217 133
5 47
351 345
389 434
125 17
389 479
479 473
345 351
223 133
345 351
389 479
50 71
217 223
479 473
345 356
351 261
479 403
473 479
479 473
447 504
5 116
351 345
473 389
5 73
178 223
389 479
217 178
89 95
217 223
479 473
178 223
389 457
65 25
434 479
133 223
399 463
351 261
345 320
191 248
479 389
473 479
178 133
217 223
133 223
217 223
479 389
473 389
479 473
41 107
389 473
389 431
89 10
261 306
217 223
351 312
351 306
89 54
223 178
5 95
89 95
473 434
479 480
306 351
479 434
374 269
217 129
95 89
50 123
306 351
473 434
389 431
434 479
192 222
178 223
50 89
351 345
50 95
306 351
389 473
351 306
95 50
217 178
434 479
223 133
223 133
223 217
223 217
89 95
223 211
223 133
473 434
351 306
261 306
306 351
133 217
5 47
133 178
95 23
5 95
50 89
133 178
178 133
434 479
473 389
89 95
473 434
133 223
261 329
178 223
191 224
133 223
345 298
50 98
178 223
473 479
345 351
217 223
5 47
479 434
50 48
178 223
223 178
479 389
261 298
42 94
41 81
479 398
479 434
223 178
217 223
434 389
479 389
479 398
217 223
89 95
89 95
345 351
351 345
473 479
351 279
217 178
434 409
434 473
306 351
351 345
99 104
95 5
217 223
95 89
217 223
479 389
178 223
50 95
223 217
351 345
89 95
178 223
434 473
148 192
223 217
89 95
95 89
345 351
352 320
95 5
50 95
217 223
17 95
95 5
473 479
345 351
217 223
50 118
345 351
47 5
80 50
479 473
217 223
389 473
261 345
345 351
133 223
261 351
94 118
306 345
303 261
351 270
89 5
473 389
345 261
306 351
192 208
89 95
5 95
133 178
89 95
297 324
351 345
178 223
178 145
89 42
351 306
351 345
89 95
389 434
223 217
509 445
217 223
50 5
217 223
89 95
5 47
223 217
89 84
217 178
389 473
473 389
473 434
217 178
217 223
306 351
345 261
473 394
95 89
217 133
50 95
345 261
223 178
223 217
351 306
479 473
306 345
217 223
223 133
5 50
178 223
217 223
434 389
389 479
473 479
95 89
50 89
306 345
95 89
5 47
50 95
170 179
133 217
261 345
217 178
306 351
95 5
473 479
389 479
178 223
5 50
178 133
434 479
351 345
223 133
389 479
473 479
217 133
223 131
223 217
345 270
5 89
351 345
389 434
434 436
133 178
50 95
89 5
89 95
89 95
351 345
223 217
133 217
434 459
178 223
223 217
95 89
261 345
473 479
178 217
389 457
345 351
389 479
473 389
261 306
95 89
178 223
389 473
217 178
473 401
351 345
479 389
351 279
434 479
479 389
89 95
351 306
95 89
95 23
89 83
261 351
351 306
306 351
50 95
133 223
306 379
261 306
306 345
217 223
178 133
261 306
89 82
89 95
50 95
479 398
473 479
434 389
178 144
217 223
89 95
261 306
89 50
434 479
133 217
306 372
351 355
209 170
345 351
403 435
306 351
389 479
473 389
306 345
473 434
473 389
50 45
345 315
473 479
479 389
345 351
178 223
223 133
306 345
389 434
89 95
178 181
217 178
473 434
351 306
95 89
434 473
306 351
241 178
473 434
223 217
223 169
307 336
50 89
345 351
5 50
133 223
345 351
261 345
389 479
95 89
345 306
389 473
261 351
473 479
306 351
261 259
473 434
351 306
50 123
89 95
223 151
473 389
217 223
95 5
345 351
5 89
345 351
345 351
351 345
178 240
306 351
473 401
345 351
5 73
133 178
351 345
345 351
5 95
217 178
20 8
312 261
50 5
473 479
306 345
473 479
89 95
178 223
217 151
389 401
473 434
89 50
473 479
217 133
89 5
133 178
217 223
50 95
178 223
50 95
89 95
306 351
389 479
261 306
351 345
473 479
95 89
95 5
223 133
306 351
32 74
89 95
261 306
434 473
479 473
261 368
434 414
473 389
68 15
473 479
217 178
217 223
95 50
89 10
473 479
479 473
217 223
133 178
95 50
306 351
133 178
54 30
133 217
50 5
5 95
497 442
50 95
479 473
351 279
306 351
133 163
320 339
223 133
306 351
20 123
345 351
479 473
5 91
217 134
143 207
399 467
178 133
80 64
178 223
133 250
95 89
95 89
17 4
145 212
434 479
479 473
178 221
351 279
479 473
479 473
217 223
133 223
133 223
479 407
389 473
345 294
217 223
479 473
89 95
473 389
351 261
95 89
261 345
434 473
223 217
434 441
217 223
479 473
54 7
473 479
306 261
351 345
5 89
217 223
307 317
351 261
261 345
5 30
345 334
389 473
261 329
261 351
5 47
404 392
261 351
479 385
95 5
223 217
434 389
217 178
178 140
223 205
133 178
345 351
473 443
95 39
473 479
89 50
502 397
89 50
178 223
434 479
479 434
5 30
434 479
217 223
479 473
50 31
178 133
261 351
133 217
434 389
217 223
95 89
217 223
345 306
473 479
479 473
223 217
473 479
5 34
351 261
351 279
473 479
473 479
178 223
217 178
143 207
306 351
389 431
473 434
473 479
306 345
473 479
223 133
50 95
306 310
89 95
95 5
89 78
95 89
178 136
133 223
178 223
306 351
351 345
178 133
345 306
473 434
89 95
54 127
351 306
95 14
223 217
133 178
261 351
217 223
473 434
169 198
178 223
95 50
306 351
473 479
133 217
217 223
95 8
89 50
473 479
306 263
5 89
473 479
345 306
434 479
345 306
473 479
223 217
389 479
133 223
133 178
89 42
95 89
306 351
261 351
306 351
223 217
345 344
434 431
473 434
5 95
479 473
95 89
351 319
217 178
425 452
306 351
351 261
191 207
5 95
479 489
351 345
217 223
345 351
389 464
89 95
89 95
389 473
89 95
133 178
223 133
261 345
434 479
345 351
217 223
306 351
207 211
217 178
5 50
178 217
95 89
473 479
261 351
310 374
142 133
95 89
473 389
50 95
345 351
448 484
473 425
145 208
223 133
434 473
306 345
89 5
401 464
479 473
50 95
133 158
351 345
241 211
434 479
479 407
50 5
217 223
89 1
505 463
217 223
479 473
345 351
261 345
345 351
345 307
351 345
41 73
95 89
217 223
479 434
50 5
479 384
392 448
473 479
306 273
473 479
95 89
478 441
434 479
473 479
133 201
223 133
434 479
303 261
434 473
95 89
5 89
50 95
484 503
89 95
202 228
345 351
217 133
261 306
345 351
20 121
68 89
133 223
178 223
345 351
95 89
434 479
434 479
5 95
434 401
345 306
95 50
389 479
351 345
452 399
178 217
473 434
133 251
389 434
223 211
479 384
350 371
95 50
389 473
95 89
389 481
345 339
89 95
473 479
345 351
133 178
5 95
5 42
389 473
345 351
50 95
95 50
351 345
473 479
351 345
389 434
473 447
133 217
95 5
89 95
351 345
306 351
89 5
50 95
351 261
89 95
217 223
178 133
261 306
479 473
217 178
306 256
223 142
261 306
178 223
434 479
50 95
345 351
351 345
5 26
5 95
249 174
345 351
473 479
473 479
345 351
306 351
223 217
5 95
473 389
306 345
223 178
133 175
345 306
50 5
479 389
351 345
351 345
479 473
223 217
351 256
223 142
133 217
5 95
306 351
434 479
507 503
50 95
20 64
306 358
389 473
133 178
5 89
178 202
351 345
479 389
95 5
5 75
345 351
473 479
178 133
223 151
479 389
491 397
217 178
186 241
133 223
89 5
389 479
306 375
5 71
345 351
479 473
261 351
89 95
5 95
89 50
434 479
434 389
473 479
479 389
217 223
89 72
473 479
479 481
217 223
479 434
223 178
5 95
217 223
133 227
473 479
351 345
89 95
473 389
224 241
217 178
306 261
89 50
186 241
223 183
345 351
186 211
389 434
306 273
479 507
68 15
345 261
5 95
5 59
389 431
345 351
389 479
89 95
142 209
89 5
5 89
217 178
223 217
217 178
89 95
479 434
89 95
434 491
50 14
95 89
479 389
345 351
5 32
261 351
306 351
351 345
133 223
217 223
345 351
345 306
261 306
306 261
5 89
217 223
89 95
479 473
345 351
95 89
479 389
479 434
479 389
306 351
217 211
389 473
178 217
89 50
434 479
351 345
178 223
389 434
351 286
50 89
5 95
389 479
89 95
434 389
434 479
217 223
133 223
306 345
479 473
223 133
5 50
223 133
351 306
89 95
50 95
434 479
261 345
217 223
261 351
473 389
389 473
479 448
306 376
178 133
50 95
89 5
473 479
345 351
95 89
217 178
95 5
89 95
217 223
319 376
94 116
223 217
345 261
223 133
83 79
89 95
178 223
351 345
473 479
95 5
261 351
473 389
95 50
95 5
306 351
434 401
95 89
169 245
434 479
50 47
5 89
217 223
261 351
473 479
217 133
351 319
389 479
389 479
178 217
217 195
479 473
473 479
89 50
438 467
479 473
95 50
217 223
217 223
50 95
389 434
479 389
217 223
261 345
89 95
473 389
5 50
306 300
351 306
389 434
95 89
89 95
89 95
345 351
297 326
217 223
389 442
261 303
479 473
223 133
261 371
5 89
178 223
306 259
345 351
351 261
351 279
473 479
479 478
217 223
482 434
479 473
447 426
178 223
95 5
473 434
217 223
253 132
223 217
473 479
5 89
223 217
434 479
351 306
5 89
217 223
89 95
473 389
473 479
95 89
389 479
96 95
389 434
223 217
5 89
434 473
223 207
178 223
217 223
217 223
434 479
95 14
479 404
389 473
17 4
479 389
473 434
389 434
351 345
217 223
345 349
95 5
479 434
479 389
351 335
89 5
217 178
389 434
351 270
345 351
261 351
223 178
479 434
223 133
223 217
389 479
345 351
351 261
261 290
351 345
89 5
178 223
434 479
133 223
478 416
50 95
50 89
89 5
50 89
217 178
479 434
50 89
217 223
389 434
95 89
473 479
107 120
351 261
345 351
345 351
261 303
5 89
479 473
479 398
473 434
389 432
178 223
178 223
345 306
351 345
306 345
133 223
50 89
89 5
191 248
261 351
345 351
298 337
345 351
133 217
404 448
223 178
89 46
345 261
351 345
502 426
479 434
389 473
217 178
479 434
95 5
434 479
473 434
434 479
133 235
95 89
95 77
261 345
351 322
473 457
261 345
389 479
5 95
434 389
89 50
434 479
434 494
345 351
479 473
479 389
223 178
479 473
479 389
434 397
479 389
306 345
389 479
473 434
434 473
246 170
479 389
389 479
133 136
217 133
5 89
89 50
479 473
261 351
217 133
351 306
95 50
178 223
345 351
389 431
473 479
389 491
5 50
389 462
178 223
389 434
217 133
345 261
473 479
89 95
345 332
95 50
261 306
89 95
351 261
95 23
50 83
95 89
389 479
89 95
95 5
95 89
179 133
473 417
148 192
261 351
95 50
473 479
261 303
306 259
133 178
223 133
95 89
345 351
89 95
89 95
473 389
95 5
223 178
5 94
95 89
95 5
297 328
223 169
345 351
261 345
473 479
133 217
306 345
217 179
479 473
227 135
306 351
261 351
89 0
473 389
178 223
389 434
389 473
223 191
89 95
50 5
435 499
89 95
178 223
133 223
351 261
95 14
389 431
345 351
261 351
133 253
261 306
351 345
345 351
96 95
133 178
89 95
223 217
389 431
345 351
20 8
50 48
434 385
133 217
227 221
178 223
251 247
306 345
178 162
389 473
351 306
217 191
50 95
306 345
223 217
89 95
297 331
479 473
306 351
404 448
479 398
345 351
473 479
133 217
5 95
133 178
261 351
473 479
351 345
345 264
389 434
217 133
5 95
50 5
217 133
479 434
273 279
473 434
479 473
178 133
50 97
178 223
223 178
217 223
133 217
306 278
351 306
351 279
133 223
473 479
261 351
5 50
217 223
5 95
223 217
261 345
351 279
389 457
261 351
133 223
345 351
389 479
178 179
345 261
434 473
95 89
345 351
345 298
351 261
191 224
50 95
261 351
479 434
261 345
89 95
217 223
5 25
351 306
217 223
89 123
351 345
133 178
223 178
479 473
306 351
95 89
401 387
50 95
50 17
217 223
89 50
351 306
473 434
345 351
217 178
217 133
345 351
473 389
95 89
5 89
50 95
5 89
479 473
261 351
95 50
89 95
345 261
306 351
133 217
473 399
50 95
351 345
178 217
169 135
178 133
50 89
178 223
345 261
119 20
261 345
306 351
261 273
473 389
133 151
223 217
306 351
217 223
261 351
223 133
261 351
261 345
345 306
479 473
249 200
473 479
178 223
89 95
178 223
5 15
95 89
223 133
351 299
479 473
345 351
261 351
479 389
479 434
217 223
434 501
89 50
473 434
223 133
50 95
389 479
217 223
351 363
217 133
95 5
217 223
133 151
261 345
345 351
473 479
217 133
345 351
351 261
306 351
89 102
473 434
89 95
50 95
223 178
217 223
192 211
89 95
223 178
95 5
306 261
217 223
95 50
345 351
479 434
223 217
89 95
261 329
345 261
351 306
89 50
223 133
351 345
306 345
89 95
223 178
95 50
95 89
473 479
345 351
89 50
217 178
345 351
389 434
434 430
306 351
473 479
479 473
95 50
5 95
306 351
479 389
389 457
133 175
95 5
434 466
479 473
473 434
306 345
345 351
223 217
306 273
95 89
473 389
261 351
89 95
345 351
479 434
479 398
95 89
389 480
89 95
50 95
223 217
473 479
223 217
479 473
306 342
473 479
389 479
251 247
5 4
261 345
89 95
178 217
345 351
351 322
389 457
351 345
223 217
217 202
473 479
50 5
479 459
50 95
345 261
351 279
223 133
345 306
351 261
261 306
5 50
261 351
50 95
217 223
50 89
306 351
473 479
133 223
479 389
89 95
89 50
133 223
217 223
89 50
95 89
178 217
261 351
217 223
479 473
89 50
178 223
398 465
89 5
95 5
5 89
306 351
50 95
491 397
50 95
306 261
50 95
306 351
345 351
473 479
50 95
351 306
345 356
50 95
178 133
306 354
178 187
50 89
479 434
351 306
345 351
217 178
5 95
434 473
345 351
95 89
345 351
5 89
178 223
351 261
434 477
363 275
473 479
223 217
133 217
50 89
312 261
95 23
479 389
345 351
473 389
223 217
178 133
217 178
89 95
351 345
89 5
217 170
306 351
479 473
14 5
345 306
223 133
345 351
95 50
473 479
217 223
345 306
50 82
434 479
95 5
217 223
479 473
434 479
306 351
389 473
306 345
217 133
306 339
223 133
95 89
95 5
217 223
223 199
235 147
473 419
217 223
95 89
261 345
345 351
50 95
89 5
50 95
89 50
89 95
351 345
20 8
473 479
95 50
351 306
473 479
50 95
479 483
351 306
95 89
95 89
223 133
479 473
133 223
306 351
217 223
389 401
50 95
89 5
473 389
261 306
217 178
89 95
95 89
479 473
306 261
261 330
223 217
389 475
351 306
5 95
5 14
95 89
75 5
261 351
5 81
479 473
306 351
345 306
389 479
133 223
261 345
310 288
473 479
95 89
95 5
89 110
351 306
473 479
345 351
345 351
133 217
95 89
223 178
89 95
479 473
50 95
89 95
89 95
479 473
95 83
345 306
306 351
95 5
351 306
89 5
479 389
331 335
473 479
5 95
89 95
217 223
473 479
416 442
217 133
178 223
217 223
434 473
95 89
389 479
223 217
479 473
125 99
133 223
178 223
447 504
389 479
5 89
5 50
261 329
261 306
99 116
89 95
306 351
389 481
241 153
473 479
5 50
479 389
5 95
479 389
89 119
223 133
479 389
50 95
5 50
351 259
345 351
95 5
473 479
345 351
306 351
178 223
261 369
208 133
223 178
434 473
133 223
345 351
89 95
223 133
89 5
351 261
217 160
261 351
261 345
479 434
335 339
473 434
434 479
434 404
89 50
217 178
5 89
345 351
89 95
479 389
133 223
95 5
50 5
473 479
473 479
479 473
389 434
5 50
509 404
389 473
223 217
306 271
217 178
169 157
217 132
389 434
133 217
351 345
95 50
473 479
5 89
374 321
178 133
473 479
473 479
89 95
473 479
345 351
5 95
50 95
217 178
133 223
473 479
223 178
261 351
345 351
178 145
479 473
89 95
50 89
389 479
89 95
434 397
95 89
473 479
306 351
89 95
217 223
261 345
5 47
434 389
217 203
50 95
223 245
178 223
345 351
217 178
89 50
479 447
89 122
351 310
345 306
89 95
95 89
425 452
345 351
223 217
351 279
479 434
261 331
133 223
95 5
351 345
133 223
178 133
15 79
261 351
345 351
434 479
186 211
377 321
89 10
306 269
178 223
217 223
351 306
351 345
351 345
434 479
345 351
345 306
351 261
345 351
479 473
345 351
217 223
89 95
306 297
306 351
479 389
479 457
261 345
473 479
345 351
345 306
89 50
306 351
5 50
345 351
351 270
479 473
306 351
389 434
271 290
95 50
95 50
464 478
261 330
261 345
5 95
306 321
5 95
473 479
479 407
479 473
178 223
89 95
95 89
261 373
473 479
95 89
51 21
217 178
89 95
306 377
434 424
50 95
217 223
223 217
306 351
345 351
217 223
389 479
434 394
473 434
261 329
217 223
133 223
345 306
306 351
5 89
89 95
479 389
223 217
223 133
148 192
320 366
95 89
95 14
389 457
148 223
479 473
5 95
223 217
5 95
306 351
89 95
133 217
473 479
50 95
479 473
217 133
345 351
479 398
5 95
217 223
473 479
133 223
178 217
448 467
351 345
5 47
271 339
261 329
473 389
95 89
5 95
133 223
178 223
261 282
95 89
184 219
89 95
448 442
389 479
479 389
89 95
133 178
5 95
484 503
351 345
473 479
434 389
389 473
133 223
223 217
89 95
5 89
5 58
448 438
178 138
217 223
89 50
306 273
473 479
5 73
345 257
261 345
95 5
479 389
50 95
178 223
389 479
345 261
178 223
95 5
473 479
479 473
217 178
5 89
500 505
389 457
473 389
434 473
345 351
178 145
89 95
133 175
95 89
297 324
306 351
434 479
253 214
223 157
5 89
442 459
223 178
351 306
217 223
178 223
448 467
306 351
5 95
5 50
89 50
145 148
473 434
89 50
95 12
50 95
133 178
351 345
133 223
89 95
389 473
434 473
133 178
133 223
479 389
389 473
483 414
345 306
50 83
351 261
89 5
89 95
434 479
223 178
389 457
217 223
50 95
95 50
133 217
5 95
261 351
133 223
434 400
63 96
217 223
463 467
178 223
95 89
89 95
479 473
261 351
351 295
479 473
95 89
434 499
479 473
306 379
345 261
89 5
89 50
50 89
133 223
223 178
5 95
502 397
345 351
351 345
14 81
345 351
345 351
473 479
473 389
479 473
217 227
217 178
261 306
5 95
434 389
50 96
5 50
345 335
345 351
178 223
345 261
306 351
223 217
223 151
479 401
89 5
473 389
89 95
235 141
133 223
479 473
473 479
261 345
217 178
178 223
5 59
5 50
425 495
261 351
351 306
223 217
217 223
89 14
345 351
306 269
345 351
95 50
345 306
244 133
351 306
345 306
178 135
479 473
217 178
223 133
434 497
389 434
95 89
351 306
306 351
351 306
5 89
389 473
5 73
345 351
351 306
133 178
223 178
223 217
5 50
306 351
479 473
351 345
502 397
95 50
401 486
473 479
261 345
217 157
217 133
401 481
50 23
89 20
306 351
345 351
345 297
5 95
178 185
479 473
178 223
223 178
345 306
351 345
81 64
95 89
50 95
95 50
217 178
434 473
89 95
345 351
434 389
95 89
113 79
306 261
217 133
217 181
89 95
89 83
133 223
479 389
223 178
479 473
306 328
473 479
434 479
345 306
434 389
95 89
5 89
253 152
307 315
389 473
133 253
351 261
434 389
89 95
5 95
261 351
217 223
473 434
479 473
50 95
261 329
95 89
345 351
217 223
217 223
473 479
50 95
178 133
261 351
261 351
89 95
261 345
89 95
50 100
345 351
178 223
65 71
223 217
133 223
261 345
389 473
178 223
389 479
223 217
95 38
217 223
479 389
261 351
89 95
306 278
178 133
261 306
351 270
178 159
217 223
217 223
217 223
479 473
217 223
351 306
351 279
178 208
220 133
261 351
217 223
345 351
345 351
473 462
261 351
223 217
473 434
89 50
306 345
95 5
5 71
261 345
95 5
217 178
356 270
345 306
479 434
5 89
435 511
95 5
217 173
261 351
217 223
473 479
480 444
178 223
306 345
5 95
389 473
205 178
89 95
306 262
217 178
351 261
345 306
178 253
479 398
95 89
95 23
25 74
351 345
473 478
223 217
355 366
473 479
89 95
473 479
351 341
95 50
261 351
349 306
133 217
178 133
389 479
276 320
234 198
473 479
473 479
345 261
5 95
479 389
434 479
50 5
389 473
89 95
89 50
434 473
381 354
345 351
351 261
89 95
217 223
389 479
306 345
261 351
50 45
133 217
217 133
133 223
345 306
351 345
389 473
223 217
345 261
217 230
178 223
434 479
223 178
119 123
133 217
473 479
389 441
479 389
223 133
217 133
261 270
89 5
345 261
217 178
306 351
217 223
133 178
89 95
95 5
5 89
222 246
473 389
345 351
473 479
434 479
125 77
434 479
479 473
5 95
178 188
178 223
95 89
223 133
479 473
261 306
352 273
261 351
345 306
345 351
178 223
133 223
306 261
389 473
351 306
89 95
389 459
217 178
89 5
345 306
473 479
5 95
121 83
345 351
89 5
389 434
389 434
479 398
434 479
345 351
142 209
217 223
217 178
434 389
473 479
133 178
306 345
95 89
133 178
389 479
351 368
351 261
351 275
389 473
351 261
306 351
95 50
345 306
345 351
217 133
416 442
479 473
261 315
223 217
223 133
261 351
345 261
50 89
434 479
345 351
217 223
223 217
345 351
425 385
306 351
94 79
178 175
217 223
217 227
434 389
217 223
5 89
5 89
5 47
50 5
178 238
345 261
389 434
479 434
473 479
95 89
389 434
133 217
89 5
5 95
133 178
95 5
178 249
389 479
479 389
261 345
473 479
434 479
50 95
351 306
178 133
306 261
89 50
217 133
133 178
351 306
434 479
473 479
217 223
345 351
345 306
261 306
306 345
249 234
64 79
178 223
178 223
306 351
261 336
351 306
178 133
473 479
51 111
473 479
74 99
479 473
5 34
5 89
351 345
217 178
351 345
351 261
217 133
306 340
351 345
223 178
479 389
389 479
261 306
178 223
223 170
473 479
223 133
95 5
178 151
345 351
479 473
50 31
89 95
178 223
389 434
389 434
133 217
345 261
89 50
169 217
81 42
133 178
426 482
473 479
5 89
15 79
473 479
223 217
95 89
178 223
89 95
480 447
217 223
89 95
389 479
223 217
351 306
217 223
351 327
178 151
217 235
89 95
89 95
89 95
389 434
389 434
261 306
473 479
319 376
345 351
434 389
345 306
306 351
5 95
217 178
509 435
306 351
178 223
434 439
270 337
89 106
95 89
389 434
345 306
389 473
351 345
276 379
89 95
473 479
217 203
5 95
217 223
473 479
223 178
223 151
261 306
223 217
95 89
473 479
89 5
345 369
351 306
133 223
178 217
217 223
473 479
473 479
89 78
389 479
434 479
479 434
89 106
89 95
217 223
473 434
192 141
345 306
95 50
473 479
479 473
473 479
345 351
223 217
473 479
479 473
345 351
133 178
133 223
178 133
351 345
223 217
95 89
178 217
351 296
217 223
345 306
217 223
261 351
480 488
345 261
351 270
50 5
5 89
223 199
479 407
95 89
434 479
223 211
89 95
223 217
473 389
389 479
261 345
89 95
142 209
223 217
261 351
64 15
217 223
351 345
133 178
50 95
95 5
217 133
89 50
5 73
479 473
95 89
434 389
95 89
133 223
351 261
50 95
345 351
217 223
133 217
217 223
95 5
50 89
133 223
434 479
223 133
345 351
75 89
351 345
89 5
479 389
479 473
5 95
89 5
223 217
473 479
473 479
178 223
479 389
389 461
351 261
261 351
95 50
223 133
497 442
89 95
89 95
389 473
261 351
434 389
261 351
95 5
247 227
223 133
64 99
89 95
478 489
50 95
479 473
143 169
345 331
223 217
89 95
89 95
261 351
95 89
217 174
351 345
351 345
223 178
351 306
261 345
217 223
261 345
178 191
479 473
89 50
351 279
473 479
89 2
5 50
5 89
95 89
217 223
345 351
170 179
5 50
20 8
50 95
306 351
5 89
178 223
351 345
50 107
217 178
89 95
133 217
261 351
247 189
351 345
306 351
345 351
473 479
434 473
479 473
479 473
351 306
133 223
217 223
345 351
5 89
345 306
148 192
217 223
310 320
434 479
345 351
89 95
50 16
17 5
473 479
351 306
95 89
351 306
261 345
89 95
261 345
345 261
95 50
89 50
178 223
50 89
50 95
50 89
223 217
434 389
351 345
473 479
217 133
389 434
479 434
261 345
178 205
297 295
5 95
50 95
133 223
217 223
473 434
389 457
434 479
306 261
223 217
434 479
306 345
94 102
369 314
178 223
473 479
306 351
89 95
473 479
95 50
306 294
223 178
479 434
261 306
479 434
96 81
261 345
345 351
223 133
223 178
133 223
389 479
95 50
95 89
345 261
306 351
95 89
95 110
261 345
217 178
345 351
89 17
345 351
261 345
261 316
261 272
454 426
133 217
89 95
133 178
479 473
5 83
351 345
95 5
345 351
479 494
351 306
217 223
389 431
5 50
351 345
95 5
473 389
434 502
261 345
5 89
306 351
351 345
473 479
217 178
89 95
306 351
306 261
351 306
223 217
217 152
473 479
217 223
434 479
50 95
399 463
50 95
223 217
479 458
178 223
479 473
479 473
479 501
434 406
306 351
50 95
217 223
389 473
345 351
351 345
5 47
223 142
5 50
95 14
345 270
95 89
351 261
223 133
96 12
217 223
217 223
95 50
306 351
133 217
505 460
133 223
143 162
5 95
223 133
178 223
223 217
178 213
434 479
351 345
479 473
178 133
434 389
178 252
351 261
217 223
345 351
434 479
473 479
306 351
345 338
133 240
434 473
178 223
434 389
288 330
89 95
95 89
95 10
95 20
5 66
217 178
89 95
473 479
133 223
306 351
345 351
351 345
217 223
89 5
479 473
479 434
217 223
95 89
217 142
345 351
223 133
479 473
73 5
473 479
133 223
186 207
351 306
351 306
479 434
133 206
89 50
479 398
223 178
89 95
217 223
217 223
479 473
249 214
133 223
5 95
306 332
389 473
261 351
89 5
473 389
306 351
50 95
217 223
89 95
217 223
351 306
261 351
351 310
89 95
89 95
89 5
345 261
89 95
5 95
50 5
223 178
435 405
196 143
217 223
89 95
351 306
473 506
50 95
223 217
133 223
261 345
351 345
95 14
223 217
217 223
95 89
261 306
473 389
479 473
217 223
389 473
95 23
345 351
434 473
345 351
473 479
261 345
58 113
5 73
217 223
223 133
178 223
133 175
5 47
50 52
345 351
434 479
473 479
89 95
473 479
389 479
5 95
345 306
95 5
352 380
345 261
430 389
479 434
479 473
89 95
261 351
351 345
95 65
389 479
217 212
345 351
473 479
178 223
479 389
89 95
434 473
217 223
50 95
89 5
345 306
261 369
261 345
133 178
479 394
473 389
351 261
345 351
89 5
50 5
133 217
217 223
217 223
5 89
223 217
178 208
473 479
133 223
64 83
95 89
473 479
95 89
89 95
261 351
306 351
479 473
473 479
306 351
473 479
389 479
5 14
223 178
261 306
389 479
217 223
217 178
217 223
5 92
217 133
5 47
5 50
434 479
306 376
217 178
217 223
95 23
479 508
89 50
479 389
89 5
306 351
95 50
50 95
479 493
133 223
89 5
389 500
95 89
351 345
223 217
306 261
389 457
345 261
473 479
5 95
217 133
5 89
217 223
479 507
5 47
369 314
351 345
389 473
434 479
5 89
351 306
398 465
89 10
261 351
217 178
223 217
306 345
261 345
479 434
89 95
133 175
479 473
351 345
345 332
345 351
473 479
479 389
54 105
217 223
5 89
479 473
261 351
345 351
434 479
345 351
351 306
223 145
178 223
345 261
133 223
133 217
5 50
261 351
261 351
345 306
217 178
89 95
345 351
389 473
50 95
95 39
479 434
89 5
479 389
178 223
479 434
5 50
133 178
217 223
95 5
5 95
89 95
306 351
223 178
217 133
133 217
345 351
261 345
434 479
434 479
434 473
261 306
223 217
50 95
89 95
479 389
351 279
261 329
94 114
95 50
351 345
345 351
223 217
479 473
261 306
306 351
351 345
89 5
473 452
133 217
89 5
434 479
261 345
345 351
479 434
351 345
95 89
351 270
217 133
133 223
107 120
345 306
217 223
306 351
345 261
345 351
217 133
5 50
351 345
50 5
133 178
89 16
479 401
276 320
217 133
473 434
217 178
345 306
261 378
479 435
5 42
345 351
261 351
447 480
50 95
473 479
306 261
178 133
345 351
5 95
434 479
434 389
217 223
217 178
355 323
95 5
143 207
89 5
178 133
95 89
261 306
351 306
307 275
89 95
217 223
351 261
223 133
223 217
434 479
217 206
479 389
345 261
306 345
217 202
345 351
434 479
89 95
217 178
5 95
345 309
345 351
95 89
217 223
217 223
479 467
345 351
217 223
261 345
434 479
473 398
473 434
345 351
89 95
345 363
389 434
351 261
345 261
133 223
345 306
223 148
249 133
351 366
438 467
5 95
389 479
509 395
50 89
312 269
345 306
434 479
345 351
170 239
217 223
351 270
261 351
261 351
178 223
473 479
345 351
64 94
448 467
261 345
217 133
306 261
261 351
217 223
223 217
89 95
5 89
271 339
89 95
345 281
89 95
95 89
351 345
351 345
113 58
261 345
5 89
5 95
261 329
345 351
473 479
479 389
89 95
50 95
479 440
473 479
89 95
389 434
50 95
89 5
89 5
178 217
133 241
307 322
479 473
448 483
5 95
345 306
89 63
473 389
345 351
223 202
178 133
133 202
178 223
479 434
89 95
133 223
473 434
434 479
345 306
5 89
434 479
389 479
5 95
50 5
50 68
434 447
306 345
217 178
345 261
223 178
337 298
261 351
50 23
479 473
345 351
479 473
5 47
351 345
50 5
434 479
89 95
345 351
473 479
178 217
95 50
95 73
473 479
389 434
430 448
261 351
160 202
133 217
133 223
95 89
133 223
223 133
95 50
223 178
178 133
434 479
473 389
345 261
473 479
89 95
389 473
50 5
369 314
261 351
351 306
351 279
89 5
306 330
389 473
271 290
261 351
306 351
273 338
65 34
95 50
13 81
351 345
389 473
223 217
345 351
307 312
261 273
178 223
261 306
95 5
261 351
389 479
178 133
479 493
217 223
5 89
473 434
50 110
473 434
5 89
223 133
89 95
223 142
223 156
434 389
473 479
473 479
473 389
351 256
479 473
133 217
95 5
89 50
389 434
261 351
133 178
217 223
261 345
217 223
473 434
50 95
95 50
182 161
50 95
479 389
95 89
89 95
261 308
306 351
389 434
479 389
482 434
5 89
473 479
89 95
178 223
351 345
217 223
345 261
89 95
389 479
50 95
217 223
473 434
89 95
133 223
473 479
261 351
95 89
5 47
473 434
377 337
125 70
351 345
89 95
345 351
351 279
473 479
133 223
261 351
473 434
484 503
306 261
479 473
404 392
5 95
479 434
50 61
133 217
5 50
434 479
5 89
479 473
5 95
351 306
351 279
261 345
345 306
217 223
89 95
133 223
50 121
434 479
178 223
223 133
434 473
434 503
95 89
473 479
50 95
5 92
217 223
217 178
345 362
434 479
217 223
473 479
89 50
389 463
50 95
479 434
89 50
89 95
178 223
473 389
351 345
133 217
217 223
217 223
178 173
434 479
84 89
473 434
345 351
65 97
95 5
434 389
432 505
178 217
434 479
389 434
133 217
50 95
479 434
345 261
351 375
217 223
473 479
95 89
473 434
345 306
351 261
60 50
217 223
178 217
345 306
95 89
217 146
50 6
434 479
178 217
5 50
133 223
306 351
5 89
345 351
351 345
217 223
50 15
95 89
94 50
217 223
261 352
95 5
178 217
473 389
89 95
281 362
217 178
222 133
95 89
50 95
389 434
345 306
133 251
5 89
50 95
434 479
473 434
478 445
50 5
217 178
345 351
223 217
473 446
178 217
479 407
434 389
351 261
89 50
107 13
479 434
223 178
217 178
345 351
178 223
89 85
351 306
133 223
261 303
351 345
306 351
434 479
133 250
261 351
345 379
345 261
434 473
306 345
50 95
479 389
196 169
5 116
50 5
89 5
223 217
306 351
95 50
306 351
223 133
178 223
351 306
345 351
345 351
261 351
442 491
351 345
223 217
389 434
99 75
223 178
178 204
473 434
5 95
306 351
89 50
95 89
473 479
95 89
169 181
223 178
89 95
434 479
473 389
5 89
95 89
351 345
434 479
473 398
345 306
100 54
249 250
89 95
345 261
261 303
345 310
217 178
217 223
434 438
50 95
50 95
261 351
223 178
223 178
192 211
416 505
434 479
95 89
330 356
55 96
479 434
89 95
