512 10000
217 223
89 5
217 223
401 478
178 133
95 89
223 133
5 50
217 223
89 95
261 351
192 163
89 95
5 50
434 479
345 351
434 389
434 479
217 223
96 32
217 223
50 89
306 351
95 5
223 217
473 479
389 479
261 345
297 257
479 434
5 50
95 5
50 76
351 306
94 83
133 249
473 479
95 89
473 434
473 479
473 479
223 217
479 389
389 425
306 351
178 133
89 50
217 178
217 223
178 223
223 178
389 501
133 173
89 50
345 351
95 89
89 5
207 211
136 193
473 434
434 443
223 217
473 479
479 398
223 217
50 89
345 351
133 186
345 351
50 5
95 89
389 500
217 178
239 142
5 95
50 95
178 217
89 95
261 351
345 351
434 479
345 351
5 50
50 95
261 345
95 89
351 261
351 306
345 351
89 50
479 473
389 431
473 479
50 5
306 351
345 351
148 192
178 223
479 473
5 95
133 223
479 389
5 50
345 306
50 5
505 442
217 223
95 89
434 502
473 479
261 353
217 223
178 223
473 479
217 133
261 345
306 351
479 387
434 473
351 261
479 473
434 479
5 50
227 139
222 243
479 434
473 401
223 142
479 429
5 95
389 434
306 351
89 45
345 351
5 94
306 261
50 95
345 338
306 351
351 366
223 133
345 261
306 351
306 282
89 5
50 84
306 351
89 95
345 351
261 351
178 244
178 220
217 243
270 337
133 223
345 261
89 109
261 306
345 306
306 345
306 324
89 95
223 178
345 306
438 507
217 178
217 223
133 175
95 5
479 407
5 89
223 217
389 434
389 404
345 351
217 223
479 473
345 351
479 434
434 452
133 178
95 89
133 217
178 223
95 5
89 5
95 5
261 351
89 5
223 217
261 338
89 95
95 5
261 372
389 479
178 217
223 217
389 434
473 479
473 437
20 8
434 500
261 351
95 89
345 351
479 493
473 467
404 448
217 223
8 64
389 479
479 465
473 479
178 223
217 223
261 351
133 178
223 133
306 351
389 457
473 479
389 479
5 89
5 50
389 479
89 95
217 164
389 431
89 95
473 479
50 95
217 223
133 178
345 261
345 306
133 217
261 345
50 95
473 479
222 216
473 389
223 217
261 351
217 223
95 5
217 133
178 223
50 95
473 479
479 473
351 345
223 250
50 89
306 261
351 345
351 306
479 473
351 345
306 261
95 23
473 467
306 351
473 479
345 351
133 223
95 14
345 351
133 223
95 50
95 5
351 279
473 499
479 473
133 223
473 434
345 351
389 434
5 73
345 306
351 345
217 223
306 261
50 5
345 351
351 345
351 345
89 95
50 89
351 306
381 345
95 89
223 217
217 178
89 95
351 261
223 217
121 93
434 473
178 223
95 89
261 379
351 345
473 479
473 479
50 89
5 50
261 367
345 351
434 389
351 306
217 223
345 306
389 431
479 389
389 479
479 389
223 149
479 473
224 182
217 178
133 175
351 261
41 68
389 479
473 434
133 223
351 345
50 36
345 351
434 473
345 351
217 178
473 479
381 258
479 473
434 479
89 95
95 5
261 351
178 217
217 223
261 310
389 479
434 389
228 247
351 306
345 351
345 351
95 89
50 89
345 351
351 345
473 479
217 133
51 55
434 473
133 223
217 133
434 384
223 178
14 81
89 95
473 479
133 178
351 306
434 401
473 479
306 261
223 133
133 148
133 178
345 351
89 5
351 261
89 5
479 434
217 224
306 261
50 95
351 345
178 223
303 261
133 251
217 133
261 306
306 351
261 351
463 467
217 223
261 345
95 89
306 381
95 89
223 178
178 223
345 351
182 178
95 50
178 223
133 217
306 351
479 502
95 5
133 201
95 89
178 223
435 490
473 479
345 351
345 306
298 307
100 119
217 223
306 351
50 95
473 479
217 136
345 351
223 217
389 434
223 133
345 351
434 389
479 473
89 95
89 95
479 473
121 125
434 459
345 351
473 479
50 95
473 479
261 270
217 223
479 473
217 223
89 5
133 178
217 133
95 50
50 1
389 479
434 479
345 351
178 133
479 389
434 479
95 50
479 473
89 50
479 438
133 223
434 479
5 50
345 306
261 306
223 217
217 223
306 351
261 303
389 479
133 223
89 95
217 223
434 389
50 95
217 223
217 223
345 351
5 95
178 223
483 405
64 40
434 479
345 351
217 223
351 261
306 261
434 437
351 345
223 217
345 306
217 223
374 269
89 95
351 261
351 345
479 407
434 479
351 345
217 178
351 345
389 434
223 217
345 351
351 306
95 89
178 223
261 351
509 479
50 5
50 95
473 434
389 434
223 178
473 479
306 261
434 432
345 261
306 289
89 5
178 133
479 434
479 434
217 223
473 434
95 5
15 79
345 351
89 50
261 306
306 351
20 64
345 351
223 217
178 223
351 355
351 345
95 89
89 5
480 412
479 473
389 473
178 223
345 351
351 261
345 306
351 306
261 273
5 95
306 351
261 345
345 351
261 351
389 434
479 434
178 223
217 223
345 351
345 351
217 223
351 261
306 351
404 448
434 479
389 479
261 351
223 133
473 479
345 351
473 479
223 199
345 330
133 217
89 95
306 351
89 95
473 389
50 89
351 270
479 434
351 345
178 223
434 479
223 207
479 434
95 89
156 178
351 261
50 74
345 366
50 95
89 95
479 398
473 479
307 340
178 133
89 95
434 478
261 351
345 351
95 50
217 223
89 95
434 479
217 133
133 217
223 217
89 95
178 217
5 50
89 50
261 351
345 261
217 223
473 479
479 434
389 434
473 407
351 306
351 279
223 178
95 23
473 479
5 89
217 223
89 95
89 5
351 332
261 351
389 479
389 434
351 306
473 479
473 434
89 95
351 345
389 473
345 351
345 306
95 89
404 448
95 5
5 95
434 435
479 389
473 479
351 345
217 223
223 217
223 133
473 479
47 94
261 306
89 95
223 178
473 479
5 95
351 345
351 345
89 95
5 89
89 95
351 345
89 95
345 351
434 459
473 479
178 133
351 345
389 479
345 351
350 291
34 14
217 133
217 133
345 351
89 95
473 479
276 377
170 179
178 223
473 389
306 345
95 89
473 389
351 335
473 389
261 345
95 5
345 351
241 186
479 473
89 95
211 249
261 351
389 480
5 3
479 473
479 434
217 223
389 473
351 345
217 223
50 17
261 351
389 463
473 479
479 387
223 217
389 401
479 473
217 178
479 507
217 178
89 50
355 330
178 239
217 133
223 217
95 89
223 217
473 479
261 306
261 306
479 473
217 223
95 89
319 352
491 397
50 5
306 351
178 133
223 133
89 95
479 434
148 192
217 178
5 95
178 223
223 217
50 89
389 473
345 351
351 345
261 306
351 261
223 133
389 479
178 170
389 479
306 351
389 501
306 351
306 345
50 95
89 95
50 89
306 351
326 298
89 95
133 178
269 363
398 465
217 223
50 5
345 351
261 351
306 351
473 479
261 351
95 89
89 95
133 217
306 275
473 466
133 210
89 95
479 473
484 435
351 306
434 479
217 203
50 95
277 307
95 89
217 178
178 223
320 257
217 223
351 261
473 389
95 50
306 261
351 322
261 307
261 329
50 99
473 434
351 345
345 351
351 306
479 473
377 259
95 83
89 95
95 50
5 89
306 351
345 306
307 299
479 473
351 327
89 50
345 306
217 223
95 5
297 361
434 473
89 95
345 351
473 479
306 351
345 351
345 351
89 50
335 310
310 355
89 48
345 351
306 351
50 89
133 178
178 217
133 178
345 261
178 217
217 133
306 351
306 345
50 5
133 217
178 217
50 5
133 223
261 345
351 261
217 128
113 58
389 479
89 95
389 479
89 95
351 345
41 70
389 434
306 351
473 479
133 217
217 133
473 479
261 351
223 133
223 133
479 466
133 223
223 178
95 50
5 95
351 345
50 95
261 345
50 5
217 223
473 386
223 217
95 5
95 5
223 142
261 351
261 306
178 203
50 5
51 42
223 217
352 273
5 95
473 434
50 95
178 133
223 217
217 223
192 141
89 95
217 223
50 89
89 50
99 89
261 351
217 222
479 434
261 345
473 389
217 223
345 351
133 145
202 227
217 223
261 298
223 217
89 5
95 23
345 351
479 473
345 351
345 351
133 223
345 351
473 479
178 223
306 351
306 326
351 261
479 434
217 223
50 89
5 95
89 95
306 351
479 473
223 142
217 223
89 95
351 261
434 479
223 142
339 367
473 479
345 275
345 351
133 217
89 95
217 223
306 351
351 273
223 178
351 345
223 217
345 351
281 306
70 42
479 389
473 479
473 434
473 434
223 178
95 89
351 332
178 223
133 178
95 89
271 335
306 351
389 473
351 261
95 50
434 402
50 95
133 217
223 178
473 479
473 389
389 479
473 434
345 306
261 345
306 351
389 431
89 5
404 448
261 351
223 178
434 473
351 261
5 89
306 351
178 223
345 351
261 351
473 434
5 16
68 95
217 223
351 306
223 178
50 95
389 479
89 95
217 223
217 133
351 345
223 217
389 434
5 50
5 47
223 145
345 351
217 223
483 452
306 312
505 393
5 89
50 5
261 351
89 5
63 96
434 460
223 211
473 479
5 50
351 306
479 389
217 223
351 345
217 178
50 95
479 389
95 5
50 39
345 306
223 133
345 351
217 223
345 261
351 345
217 223
261 351
5 95
345 261
5 95
50 89
95 50
261 351
50 5
298 339
345 351
89 95
89 64
345 261
178 133
345 351
345 351
133 217
64 97
448 401
479 434
389 473
351 345
209 170
89 95
217 223
434 479
95 89
5 95
473 479
223 133
479 389
473 479
351 313
479 473
345 351
223 202
217 133
479 434
389 473
223 133
217 223
89 50
121 53
473 389
345 298
89 95
182 238
351 345
89 95
223 178
217 170
345 351
448 399
351 270
178 223
227 147
223 178
351 261
261 345
89 95
133 178
217 178
89 57
217 223
95 50
345 351
434 389
5 86
217 138
133 217
169 196
50 95
351 345
345 351
50 95
345 306
345 351
133 178
479 473
95 5
345 351
351 261
95 23
351 282
345 351
345 306
234 223
89 95
473 479
434 389
351 306
479 473
223 217
50 95
217 133
389 434
345 351
178 223
217 178
345 261
434 479
389 434
351 345
479 452
95 50
133 217
345 351
50 89
223 229
473 479
345 351
473 389
351 319
223 217
345 351
261 345
351 345
389 434
479 398
509 464
89 5
351 306
5 89
261 345
178 217
389 473
96 89
345 351
63 120
261 345
345 351
306 301
95 50
479 389
133 223
473 479
217 223
95 5
389 479
217 178
50 5
473 434
479 473
434 467
89 95
50 95
306 351
434 479
389 434
473 479
95 89
306 345
80 17
217 223
178 223
89 95
479 398
178 223
63 107
473 389
133 223
228 142
261 351
95 122
178 223
89 95
351 306
217 178
89 95
50 95
51 20
50 95
351 261
473 389
217 223
89 50
261 274
479 473
89 95
223 178
223 142
345 351
473 491
351 261
5 94
51 78
223 217
50 95
473 479
89 95
223 133
389 473
50 5
223 217
479 389
89 95
50 95
351 345
345 351
178 133
479 473
298 307
95 50
50 89
133 178
261 351
473 479
473 507
223 178
261 351
73 5
351 306
223 178
473 479
50 95
95 89
306 351
95 89
473 407
133 217
306 351
434 459
473 434
217 178
5 95
223 217
345 351
217 223
297 313
217 223
351 306
345 351
223 217
351 306
133 217
217 251
261 351
306 261
89 5
389 434
399 463
389 454
261 351
261 351
389 473
434 479
473 441
5 50
95 5
178 230
5 50
178 217
133 217
473 479
63 79
261 351
217 178
50 95
89 5
50 89
434 479
389 479
473 479
473 479
5 83
345 351
434 479
434 401
479 473
345 351
217 223
217 178
434 389
473 434
351 345
473 479
95 5
479 398
434 473
95 89
223 178
223 217
351 306
434 478
479 473
261 345
389 479
50 62
50 95
434 473
217 223
217 223
261 351
95 72
50 95
345 287
223 151
223 217
261 376
5 89
345 351
223 133
5 3
345 351
389 479
261 351
434 479
89 95
351 306
479 473
89 5
133 223
50 89
447 504
133 223
480 481
68 15
479 434
113 50
479 473
261 306
178 223
306 351
261 345
169 255
133 173
89 95
50 95
351 345
345 351
125 89
483 448
217 223
473 434
389 479
389 457
345 351
50 95
479 389
473 389
389 401
479 389
89 95
95 50
133 223
89 95
389 473
345 306
345 306
50 95
479 473
261 351
434 479
479 473
2 89
223 178
95 89
217 178
479 473
50 95
50 95
89 50
351 261
345 351
89 50
345 351
389 387
345 339
133 217
306 261
217 223
306 363
337 356
434 479
217 133
223 138
217 178
389 473
473 389
306 351
217 223
95 89
223 178
223 217
345 351
479 473
389 473
98 50
217 223
345 307
479 389
434 479
381 377
178 217
217 178
261 294
375 276
434 389
306 351
297 271
479 473
89 50
15 83
479 389
89 50
351 345
118 65
261 366
479 473
182 207
389 479
351 279
186 205
217 223
142 209
479 434
473 384
217 239
479 473
351 345
133 223
178 223
434 479
223 217
434 479
50 89
478 486
473 389
473 479
178 223
351 345
345 306
133 217
473 389
223 133
95 5
351 345
463 438
479 434
345 348
223 212
479 473
217 223
223 217
223 133
178 223
351 345
5 95
178 217
473 434
223 217
178 223
95 50
473 434
5 89
217 223
217 178
178 191
326 367
434 479
5 95
434 479
389 457
89 63
479 473
345 351
217 223
223 133
479 407
89 50
5 89
473 479
307 322
310 367
473 434
89 95
41 35
217 223
261 351
389 473
306 351
389 479
5 95
133 217
223 217
217 133
178 145
261 329
123 119
5 89
345 313
217 223
351 261
50 95
479 389
345 351
50 89
223 217
261 345
133 178
351 345
217 178
306 345
178 223
89 95
473 479
484 503
133 223
89 50
479 434
89 95
479 389
191 224
5 73
351 345
479 387
306 351
133 178
261 345
345 351
306 351
178 223
345 351
95 50
389 491
95 89
223 217
351 261
133 223
50 5
133 178
434 473
133 217
89 95
5 50
434 479
434 469
191 248
223 178
351 306
434 479
306 345
310 361
261 306
178 217
261 270
95 89
345 351
473 434
351 345
345 261
118 42
473 479
389 479
5 95
217 133
306 351
351 301
50 95
479 473
5 95
479 389
434 389
89 95
217 178
434 414
217 223
95 89
261 306
89 50
434 455
5 89
217 223
276 264
89 95
217 138
133 223
133 178
306 345
50 89
351 261
473 479
261 345
247 227
345 351
351 345
345 306
118 65
223 217
217 194
223 217
306 351
5 73
389 473
306 284
473 479
89 95
223 142
345 351
223 133
133 217
345 351
223 217
261 365
223 133
345 351
58 24
89 50
345 351
217 133
95 89
223 133
83 95
473 389
351 345
217 133
217 178
133 223
479 389
217 158
5 50
89 101
351 306
178 223
381 285
89 5
306 261
89 95
261 306
434 473
473 389
351 268
345 351
434 473
351 270
5 95
63 96
345 351
473 479
306 351
217 133
5 95
89 50
223 178
217 133
389 473
351 306
133 138
5 89
389 434
217 178
95 124
389 434
345 351
261 306
50 95
351 261
95 21
95 89
178 223
479 473
497 442
178 223
95 89
351 306
50 89
351 273
434 473
223 178
306 351
479 473
473 479
351 301
217 167
389 479
217 133
223 145
133 169
345 261
95 50
223 217
351 278
89 50
345 331
389 412
479 473
261 351
125 93
351 261
306 351
473 434
351 371
351 306
223 217
351 345
473 389
89 50
253 153
351 345
217 178
178 217
345 351
479 407
223 133
95 50
473 479
95 5
223 133
261 306
95 14
345 351
345 351
434 479
473 389
70 42
473 479
479 434
89 5
306 351
389 473
217 178
261 351
217 223
50 95
306 351
351 261
223 217
306 351
223 217
133 223
217 223
217 223
306 345
306 261
479 434
5 95
217 223
5 89
473 479
95 5
473 479
217 223
479 473
223 133
50 95
223 178
434 389
351 270
217 133
345 351
479 434
223 178
345 331
479 473
473 445
217 223
434 389
479 473
473 426
473 434
89 5
345 351
178 223
473 479
351 261
261 315
95 5
5 95
223 217
89 95
89 24
217 223
208 133
178 223
178 217
50 95
5 50
95 89
351 279
223 217
434 479
178 229
473 479
217 223
306 345
50 89
306 351
89 95
351 345
351 306
89 95
479 434
306 351
261 351
223 133
473 434
133 175
434 479
217 133
434 467
89 5
223 142
89 5
389 473
89 95
133 201
261 303
191 248
223 178
217 223
89 50
434 479
351 345
5 64
502 426
473 479
95 50
389 479
95 89
50 95
178 166
479 434
133 239
223 142
133 217
473 434
223 217
356 375
345 351
178 186
479 473
261 351
473 479
50 5
178 133
133 178
5 95
222 169
351 345
473 434
223 142
63 96
290 367
345 351
473 479
261 345
89 95
5 95
95 50
95 23
89 5
261 351
133 208
479 473
434 479
389 434
261 351
351 345
473 479
178 223
306 345
434 389
89 95
479 463
133 217
351 345
434 465
89 95
223 217
389 479
479 389
261 345
95 89
89 57
345 351
389 479
434 389
261 290
5 95
178 223
133 223
473 434
89 50
473 479
261 306
133 223
217 223
345 261
5 73
89 95
261 345
50 95
89 95
473 434
217 223
191 248
5 48
479 434
217 133
178 223
345 261
89 95
50 85
473 479
217 133
351 306
345 306
306 351
389 434
306 351
389 434
89 95
473 479
351 345
133 217
345 362
351 306
89 95
133 223
306 319
473 479
51 42
389 431
95 5
178 133
478 463
89 95
351 261
217 182
133 153
306 351
89 95
217 133
306 351
473 479
95 50
89 95
345 335
217 223
95 89
94 85
5 95
473 434
178 223
345 379
306 345
351 345
5 95
434 479
351 345
306 345
434 414
89 95
50 5
389 434
434 473
223 217
15 34
89 95
473 479
351 313
425 472
5 50
217 212
217 223
89 95
5 95
217 223
345 351
50 95
89 5
95 5
133 178
241 186
95 50
89 66
89 5
345 351
209 170
5 95
89 95
5 47
217 178
345 261
261 301
89 95
374 298
50 89
5 95
89 95
307 298
351 345
473 434
345 351
5 50
351 306
145 136
479 473
223 178
223 178
133 245
374 269
306 351
479 387
178 223
50 46
217 133
345 261
434 473
217 223
89 95
478 500
95 23
345 351
351 345
217 223
479 473
389 457
95 5
270 337
223 178
345 351
89 95
306 345
351 345
351 345
473 434
434 479
50 95
217 142
389 479
223 178
217 178
89 95
178 217
178 217
264 276
479 495
261 345
306 351
5 50
507 503
178 223
351 345
389 457
133 175
133 217
89 105
276 264
345 351
447 504
351 261
434 479
473 479
434 389
223 133
435 396
261 351
473 479
345 351
306 282
95 50
95 89
64 20
261 306
473 479
306 345
223 217
95 5
133 223
273 353
89 95
261 351
473 464
261 306
95 50
389 434
351 261
5 95
223 217
42 51
306 282
223 217
223 178
95 5
95 5
217 223
223 178
89 95
377 378
389 473
160 202
473 479
479 473
95 89
473 479
50 95
261 345
89 95
217 223
192 173
68 15
50 95
434 507
479 434
306 345
95 89
261 351
389 479
345 351
95 5
89 95
434 479
217 223
95 5
89 50
217 177
389 473
345 306
217 223
89 95
261 345
351 306
95 50
479 473
223 178
133 223
345 306
479 434
389 479
15 83
95 50
473 479
89 75
178 133
434 389
217 223
389 479
261 345
473 434
133 132
261 351
389 473
434 479
95 50
89 79
133 217
261 306
261 345
345 351
34 20
223 217
434 479
217 223
223 217
15 94
5 95
473 434
89 5
351 345
351 261
89 95
306 261
473 479
217 223
389 479
306 351
253 250
151 223
89 95
50 95
351 345
95 89
351 261
473 479
178 223
351 345
306 351
351 306
50 95
473 479
261 282
178 223
261 351
330 276
473 479
89 50
389 479
217 223
434 479
178 223
95 50
261 300
217 178
223 217
5 10
50 5
369 314
389 479
178 136
434 479
223 217
473 434
178 223
89 95
89 95
473 384
95 5
89 5
178 133
473 434
473 479
434 473
217 223
5 89
223 211
89 95
178 223
5 50
89 95
20 64
95 89
217 178
261 351
95 50
389 434
434 479
89 5
50 89
223 217
479 473
170 133
95 89
389 479
261 351
306 345
352 320
89 95
217 133
223 151
345 261
133 217
473 479
89 5
473 434
5 89
306 351
217 223
50 30
351 372
50 95
178 131
345 351
345 351
351 261
223 217
191 207
89 95
178 223
89 95
223 217
89 95
345 351
133 223
223 142
261 306
345 351
351 261
434 389
89 5
95 89
345 357
306 330
434 389
479 398
261 306
479 434
178 223
473 434
389 438
345 351
178 251
345 351
473 430
306 261
389 479
473 434
473 479
223 178
473 479
50 13
345 306
426 435
95 5
223 133
473 479
306 351
479 473
133 240
345 351
5 95
261 306
473 389
246 224
95 50
5 50
5 89
5 89
5 95
345 351
389 479
95 14
473 479
473 479
345 306
217 198
345 261
223 138
223 151
434 389
434 479
345 351
306 351
473 479
345 351
434 473
389 479
217 223
5 46
89 50
223 178
434 389
351 345
89 99
89 95
389 434
261 345
50 95
389 502
50 5
217 133
389 473
389 473
389 479
89 50
133 223
50 95
217 133
89 5
95 5
351 331
306 351
351 306
217 223
223 217
479 389
133 217
345 351
50 14
95 14
261 345
143 211
434 479
5 89
95 50
50 127
217 133
50 95
217 225
261 273
89 95
473 389
178 133
178 226
89 50
434 473
345 306
479 434
178 223
473 389
223 178
51 63
95 5
217 223
351 345
473 479
217 223
133 178
306 298
306 321
217 133
217 223
306 351
223 142
389 391
89 95
297 279
345 351
479 389
261 351
50 95
223 178
95 89
178 223
186 207
351 261
306 335
351 261
217 223
178 223
223 133
75 89
345 306
95 89
223 133
5 95
217 133
217 223
479 463
306 261
479 459
369 314
306 261
306 351
5 95
404 448
473 479
473 479
473 479
389 479
389 479
133 223
223 217
178 223
89 95
351 261
133 223
306 351
345 351
95 5
178 223
473 434
404 448
479 473
389 434
5 89
50 5
392 449
217 223
270 261
345 351
223 217
89 95
178 223
351 345
89 95
473 479
95 89
389 479
89 50
473 434
288 330
223 217
95 5
223 217
223 151
217 223
54 65
223 178
306 351
223 217
389 473
133 223
89 95
368 345
389 406
133 217
473 389
351 279
217 206
178 133
50 95
217 223
89 95
223 217
89 95
5 89
389 470
89 50
133 223
351 306
95 42
95 14
479 473
178 252
345 306
89 95
389 473
89 122
133 223
50 89
217 223
473 479
95 50
217 133
5 95
133 217
178 180
479 389
351 306
345 261
473 479
89 123
407 467
5 95
351 345
473 475
440 389
217 223
479 389
89 95
434 479
5 89
473 479
50 95
89 50
95 89
95 89
223 178
95 23
261 345
50 95
223 178
473 434
351 306
473 479
50 89
178 223
345 335
473 389
89 95
133 217
178 206
133 217
178 217
133 209
261 345
133 191
345 306
95 5
473 479
507 503
345 351
473 479
217 223
479 473
50 95
351 261
473 389
39 5
89 95
345 351
306 351
351 297
473 479
351 306
133 217
50 89
351 306
95 89
50 95
228 247
375 355
133 223
95 89
434 473
389 434
95 50
306 351
434 479
5 50
351 306
261 369
473 479
217 223
223 145
5 10
434 389
178 136
133 178
345 261
50 95
351 345
95 89
223 217
473 479
479 473
479 473
479 407
345 351
89 95
473 389
95 89
345 351
473 479
95 125
178 133
473 479
5 95
261 276
389 434
473 434
389 431
434 479
121 13
89 95
169 198
223 178
261 345
345 351
479 473
95 89
133 217
434 479
89 106
351 261
133 217
261 351
184 133
5 95
351 261
223 178
89 95
217 133
473 479
95 50
434 473
223 178
5 95
223 133
389 468
5 73
89 95
306 276
95 89
89 95
261 351
223 178
473 479
345 351
15 34
389 479
479 473
404 448
223 217
345 351
95 50
473 479
217 233
345 351
479 473
351 261
178 251
133 223
389 473
351 306
345 351
345 351
95 50
351 345
89 95
178 219
479 389
473 389
389 473
261 306
133 253
261 345
178 223
95 50
178 220
64 113
5 95
178 223
261 351
178 133
351 269
479 434
399 418
50 95
223 178
434 479
217 178
389 434
89 95
351 261
345 268
306 351
223 178
389 461
223 217
351 345
478 432
345 351
345 306
261 329
479 473
345 306
133 223
351 261
217 178
261 351
478 477
479 389
473 479
89 95
5 63
178 133
434 479
50 5
89 95
473 479
50 95
133 223
217 223
217 223
89 60
298 307
223 204
223 217
306 345
223 133
479 389
50 5
5 73
217 223
479 473
306 349
473 479
345 270
467 482
473 479
345 261
133 223
351 345
261 351
133 178
479 434
223 142
217 133
178 223
223 178
5 95
473 389
223 217
89 95
5 95
95 18
434 479
95 89
5 95
479 434
178 223
479 389
473 479
345 351
345 351
473 479
95 14
95 5
389 434
95 89
261 351
389 473
473 479
261 351
217 223
404 507
306 345
50 5
95 23
95 120
5 89
345 351
223 133
355 317
479 434
389 479
389 479
351 345
479 389
434 389
51 33
95 89
351 306
223 217
217 223
351 306
345 351
89 118
133 178
5 89
50 89
50 95
389 479
319 355
345 306
351 261
473 389
133 217
217 223
306 270
223 217
297 302
89 95
389 434
261 306
17 33
434 458
479 473
479 473
479 473
473 479
95 50
222 207
276 264
351 306
89 95
222 198
5 50
133 223
5 95
217 223
223 217
217 178
223 250
389 434
217 223
50 95
351 345
306 345
5 89
479 473
434 479
133 223
89 95
473 479
5 89
89 95
89 50
178 223
89 50
389 479
389 434
50 95
89 95
345 351
89 5
217 223
89 5
178 223
389 473
217 178
89 95
223 217
89 50
261 351
42 51
223 178
178 223
50 5
223 133
95 89
253 223
178 223
223 133
5 50
249 154
217 178
345 261
133 217
345 351
389 473
473 479
261 345
95 89
50 5
89 50
133 223
345 351
434 389
98 50
479 434
5 50
5 95
95 5
306 261
217 223
389 479
467 389
505 404
261 345
95 5
351 345
345 351
473 434
389 434
223 133
351 345
479 398
169 196
217 223
479 473
345 339
217 223
351 306
178 223
306 348
223 142
89 50
223 178
479 434
261 345
95 83
133 223
351 261
5 89
345 351
95 50
306 345
479 434
89 95
389 431
479 473
50 89
351 345
5 89
306 351
473 479
345 261
95 89
473 479
192 233
89 95
473 479
223 217
50 121
99 55
133 217
178 223
345 351
178 223
345 262
217 223
306 351
89 5
5 47
345 351
223 217
351 310
389 479
473 479
217 223
89 50
5 50
276 320
89 95
389 468
133 178
306 327
473 389
473 479
473 477
351 306
261 306
345 351
473 389
133 178
89 74
89 95
389 434
159 223
217 223
351 345
223 133
223 217
133 250
306 351
95 89
351 270
223 178
261 306
217 223
95 89
223 217
351 306
133 217
223 217
434 479
389 479
261 345
95 89
5 89
261 345
351 306
223 133
95 89
479 434
479 473
351 345
261 288
89 95
182 246
473 389
351 306
133 135
479 473
5 89
223 142
473 479
217 181
473 434
479 473
276 320
261 306
389 479
217 133
89 95
345 351
351 345
217 223
89 95
479 473
434 455
306 351
217 178
89 94
15 34
434 425
50 95
89 95
351 345
479 407
133 223
50 63
479 473
89 95
351 261
178 217
345 351
89 95
345 306
217 223
473 434
434 479
133 157
50 5
223 133
217 178
345 306
223 133
223 138
178 223
473 479
473 479
217 223
223 217
261 351
345 351
178 133
5 95
5 47
479 473
178 133
133 175
345 306
50 89
178 223
261 345
473 434
351 306
389 473
178 217
479 389
345 351
5 95
351 345
5 95
51 117
345 261
89 95
95 89
89 82
89 95
473 389
121 89
479 460
345 351
223 217
64 13
473 434
479 434
261 351
473 434
389 479
389 479
89 95
314 331
345 306
389 431
95 89
345 261
223 178
64 8
217 223
298 307
345 351
473 434
133 217
133 223
261 345
479 473
479 434
178 239
89 50
351 345
306 261
473 479
434 473
261 306
261 306
217 223
217 178
389 479
178 223
133 223
448 413
5 50
479 434
434 479
50 95
5 95
473 479
434 479
217 223
261 306
125 101
479 434
351 306
217 242
223 217
223 217
473 479
89 5
95 89
473 434
133 223
426 435
217 223
306 345
389 434
178 223
50 95
479 389
20 64
178 133
89 95
473 479
133 223
50 95
178 223
182 186
5 89
447 480
95 89
351 306
217 133
473 479
479 434
351 306
223 133
351 261
89 5
89 50
389 479
261 345
95 8
473 479
261 306
89 95
261 351
483 480
351 306
389 434
5 95
217 178
345 306
217 178
351 261
351 261
133 217
89 95
50 5
389 434
50 95
345 306
5 47
217 235
223 178
479 407
50 95
133 223
223 151
434 389
473 479
5 89
50 95
133 223
345 306
223 217
345 351
133 217
133 223
121 125
306 261
306 345
247 251
89 5
133 223
448 414
473 479
479 473
223 217
51 79
50 86
133 223
50 89
223 133
50 89
473 434
95 50
178 217
133 217
473 479
473 479
89 5
479 473
479 389
217 178
389 404
261 351
389 479
5 95
261 306
217 223
261 351
148 133
133 217
95 89
223 133
178 223
261 266
89 95
473 431
345 351
182 138
351 345
306 345
306 351
389 434
351 345
345 351
217 223
217 223
473 389
50 95
473 479
95 89
89 5
50 94
89 95
95 50
89 5
217 223
89 95
133 217
345 281
5 34
223 217
20 8
89 95
479 389
479 467
261 340
479 473
133 223
178 223
434 479
89 95
217 223
434 473
261 351
473 434
434 479
95 50
356 375
5 95
89 95
473 434
223 217
133 217
473 479
5 89
95 89
217 133
5 89
223 217
192 243
50 95
133 223
261 345
241 133
89 95
306 351
217 139
89 95
389 479
217 151
434 479
473 434
133 223
434 473
434 477
178 133
351 261
261 351
223 217
398 479
217 178
345 320
345 351
434 479
89 95
5 50
479 389
351 345
479 473
217 223
133 217
473 389
434 479
351 306
89 95
306 351
217 244
326 315
5 89
473 479
261 351
306 351
5 50
133 223
479 473
351 345
5 75
5 95
133 217
89 95
107 83
345 351
50 83
345 306
389 508
479 473
223 178
133 223
479 473
389 479
345 351
179 188
5 99
95 5
111 70
95 89
479 473
95 1
473 479
473 434
351 345
306 345
306 295
345 351
178 188
479 407
473 434
89 14
345 351
345 306
133 223
473 479
261 351
389 473
351 345
178 223
5 73
473 434
51 105
351 261
479 414
473 479
89 95
261 351
261 329
133 223
261 345
217 223
95 89
217 133
95 5
95 5
261 351
95 5
351 261
473 479
133 175
178 225
306 351
223 133
473 479
345 306
5 50
89 16
473 434
434 479
473 479
434 479
217 223
351 306
89 95
473 434
473 479
351 306
89 44
345 306
306 261
50 95
351 306
345 266
50 47
148 192
404 448
473 434
89 5
434 479
133 178
389 473
345 306
351 261
306 351
335 352
107 13
434 444
217 223
389 461
95 5
50 38
345 372
223 217
261 375
261 368
351 306
192 179
223 146
133 223
473 479
217 178
351 261
479 473
74 100
389 473
389 473
217 223
89 50
95 89
223 217
345 306
178 223
345 351
95 30
404 448
356 270
389 479
89 50
479 473
89 95
389 473
434 473
5 89
381 304
223 178
473 479
458 484
473 479
217 133
133 223
178 133
217 223
434 479
89 5
15 83
351 279
223 217
217 223
179 220
473 479
217 238
58 24
178 223
434 389
89 95
306 261
95 89
351 345
479 473
261 306
89 4
50 95
133 223
286 350
306 376
223 217
99 17
381 324
133 217
389 473
95 89
389 479
95 89
178 133
95 89
223 178
306 345
133 178
351 345
223 178
473 479
345 351
95 84
351 261
5 50
95 5
351 306
479 434
5 95
473 479
434 479
473 479
351 306
95 89
306 351
89 50
133 223
473 479
95 89
473 434
95 89
473 434
473 479
389 479
217 223
217 178
178 223
306 351
5 95
306 351
223 217
133 223
345 351
345 351
473 479
5 89
89 5
389 473
217 223
473 434
306 345
306 351
223 178
223 170
217 223
217 223
223 217
261 351
50 89
50 95
178 217
389 434
345 306
217 223
261 306
261 351
95 50
473 389
389 434
133 223
473 479
351 363
5 50
389 479
345 351
89 95
479 473
369 314
5 50
223 178
473 479
178 223
351 306
479 434
223 217
434 470
89 95
473 479
306 279
389 479
178 223
473 402
50 89
133 223
223 207
65 79
89 95
434 479
350 276
345 351
217 178
178 133
5 89
473 396
261 351
389 434
89 50
351 345
5 75
89 95
133 201
223 217
314 369
89 5
345 261
351 306
95 89
306 351
217 223
479 394
217 223
34 119
261 345
389 434
479 473
473 479
345 351
178 217
217 223
64 13
217 223
217 223
5 89
479 389
95 5
479 434
89 5
434 468
351 358
345 351
178 133
5 89
89 5
473 434
89 95
473 389
217 223
345 351
217 223
5 50
95 50
345 351
345 351
306 339
351 306
89 95
473 479
95 89
223 217
73 5
223 217
442 473
458 484
351 345
217 148
345 327
5 95
355 276
261 313
434 479
261 351
473 414
276 320
223 133
50 95
389 479
178 223
345 351
95 89
389 457
178 147
5 95
5 50
261 329
351 345
306 351
223 151
178 133
345 373
223 217
351 306
473 389
479 434
389 479
306 351
95 5
306 351
351 345
133 175
351 383
434 479
253 211
351 306
5 89
306 351
89 5
217 223
145 170
89 95
345 351
217 133
223 142
261 352
345 306
133 223
479 407
217 223
473 479
345 261
351 306
261 306
89 95
5 95
223 217
473 479
351 261
351 306
261 345
223 217
133 223
479 473
95 5
345 351
133 223
50 19
345 351
351 345
306 351
223 133
345 351
261 279
217 133
345 351
389 479
178 223
89 26
5 79
178 223
217 133
89 50
502 449
223 133
434 479
351 261
217 133
50 89
95 50
345 351
223 217
178 217
133 217
434 479
351 345
223 133
178 223
133 223
479 473
473 479
89 95
223 133
389 473
5 89
50 95
54 22
434 473
351 261
434 473
345 351
191 145
261 306
89 50
223 183
178 223
345 351
253 207
89 5
434 389
95 5
473 434
479 389
178 223
178 223
345 351
95 25
178 217
345 261
50 95
351 270
95 50
345 351
17 101
89 95
178 249
95 89
95 5
89 5
345 351
261 351
389 473
261 303
473 479
20 123
178 223
217 178
217 177
261 303
345 261
473 479
95 89
479 434
306 337
351 261
345 261
95 50
375 379
434 389
178 223
306 351
261 369
5 89
297 324
306 345
217 178
479 398
479 473
345 261
5 50
133 217
473 462
50 20
178 253
95 50
89 50
217 223
178 133
351 345
479 389
5 50
434 479
434 389
389 473
306 351
306 345
345 351
351 345
306 379
389 479
351 261
133 178
89 5
5 89
217 178
95 14
473 389
261 345
253 243
479 434
434 479
89 5
351 345
270 337
345 261
133 223
389 473
5 89
50 95
389 479
351 345
351 270
178 223
261 306
345 351
351 313
133 223
133 223
133 217
261 301
50 89
217 133
261 351
479 473
479 473
223 133
133 217
217 223
50 95
178 182
95 89
5 95
95 50
217 223
479 473
345 351
479 455
95 89
261 306
5 47
217 178
351 306
217 223
133 217
217 178
95 23
95 23
261 345
217 178
349 306
303 351
5 95
261 351
389 479
89 95
473 434
178 223
217 133
223 133
276 261
133 212
5 89
473 479
50 95
389 479
473 479
434 479
434 479
5 95
217 178
473 479
473 434
95 89
261 345
133 145
434 473
133 223
438 434
345 261
223 217
479 442
345 306
351 261
261 345
473 479
261 330
178 217
89 95
217 195
89 95
473 434
345 351
50 122
345 261
95 89
345 303
95 50
479 389
480 494
479 473
95 50
5 89
479 473
345 306
89 50
89 95
50 5
261 351
89 71
217 178
95 89
89 95
434 389
89 50
261 351
434 473
5 79
95 5
217 223
50 89
261 345
50 55
217 133
478 393
50 89
223 217
217 223
217 223
389 479
223 133
133 234
133 169
345 261
389 469
178 217
89 95
345 351
261 345
89 95
479 473
89 95
42 51
320 341
345 327
50 16
15 34
473 389
5 73
345 351
178 217
178 217
5 99
133 178
89 95
15 83
479 473
89 95
13 89
133 217
434 473
50 89
133 217
389 479
389 401
473 479
389 479
89 91
319 376
13 107
434 479
389 473
389 479
133 217
89 95
223 178
89 95
249 225
345 351
89 5
217 223
261 306
50 5
306 261
50 63
345 261
298 307
297 324
479 434
89 50
401 479
95 89
133 178
5 73
351 345
223 133
95 14
95 14
95 89
89 50
89 95
462 473
345 351
217 178
5 95
345 272
479 434
345 261
345 306
351 345
434 473
434 479
5 95
133 223
217 173
261 306
89 95
133 223
133 175
133 223
223 217
50 95
479 473
95 89
351 345
261 351
249 162
473 479
479 389
5 95
473 479
5 89
261 345
223 133
271 290
178 217
5 50
54 61
473 434
5 89
306 351
431 425
351 261
89 5
345 306
473 479
473 479
345 351
95 89
271 339
211 207
345 351
434 479
351 345
50 83
223 182
95 50
389 479
133 178
434 473
434 473
89 95
223 217
95 14
345 351
473 479
351 306
306 351
95 5
261 306
89 5
479 473
261 306
434 479
133 142
479 434
217 133
473 479
133 217
473 479
473 389
217 223
434 422
5 89
473 479
217 223
178 223
50 95
261 290
133 223
89 95
345 351
452 398
434 473
345 351
65 9
473 434
434 425
5 89
261 306
261 306
50 95
484 398
178 223
217 223
178 223
479 473
217 178
351 373
133 135
261 329
479 434
253 154
434 479
345 351
454 386
89 95
95 89
351 345
345 351
261 306
434 479
133 217
261 345
261 306
434 473
434 389
351 345
5 95
217 223
479 455
392 404
50 61
217 223
351 306
389 479
223 133
83 14
217 223
261 306
479 389
249 239
351 345
351 306
95 89
50 95
133 178
479 473
389 473
50 95
321 365
223 217
351 261
479 460
217 144
5 89
50 89
306 352
133 223
479 452
133 178
389 479
223 178
89 95
351 345
133 222
306 351
178 223
434 479
306 351
345 351
217 178
133 223
473 479
306 345
306 351
351 306
345 261
89 109
223 178
479 473
50 89
351 345
95 5
479 434
217 223
95 5
345 351
345 306
351 345
133 186
89 5
351 261
50 95
121 98
89 95
404 392
217 128
351 345
217 223
5 89
351 345
217 223
178 133
217 223
473 389
89 95
178 217
15 83
479 473
223 178
14 100
5 95
473 434
479 434
479 434
223 133
389 479
351 345
133 223
50 95
351 345
389 473
509 479
351 261
178 223
95 5
351 306
345 351
223 178
89 95
351 345
95 5
178 223
223 217
169 196
389 479
133 223
473 434
479 389
389 479
223 178
95 89
345 351
306 351
133 223
479 473
351 345
42 51
95 89
345 351
351 261
389 434
479 473
389 479
389 434
345 261
95 45
5 95
178 217
479 389
5 95
133 223
479 389
473 479
89 5
389 479
5 50
89 95
160 202
351 345
217 223
50 5
89 127
217 178
217 223
261 345
223 133
434 389
389 434
351 345
345 351
145 169
178 133
125 30
345 351
473 479
89 95
5 89
217 223
479 434
351 306
351 306
217 223
217 223
352 333
5 50
217 223
217 223
351 306
345 261
345 261
95 89
434 389
89 95
473 434
434 473
133 178
261 306
89 95
389 473
467 490
5 95
89 5
479 473
345 351
141 133
473 479
345 306
51 29
345 351
270 337
351 345
479 402
434 479
95 50
434 479
473 434
223 178
133 217
351 270
50 95
261 345
143 211
133 217
50 5
345 351
217 160
438 481
473 479
50 89
133 178
133 223
217 223
50 5
389 479
310 358
5 50
89 95
5 12
50 5
345 306
345 333
95 83
479 473
217 203
351 306
89 95
89 95
473 479
479 473
178 243
434 467
217 223
426 505
133 217
95 89
345 351
434 473
251 247
83 106
133 217
434 496
5 89
351 261
95 50
217 178
351 345
389 479
133 223
50 43
389 479
217 133
50 95
89 95
89 5
479 434
261 351
351 279
5 89
434 479
249 153
89 95
389 457
5 95
217 223
182 224
50 5
178 223
89 95
389 473
5 50
345 261
89 43
50 95
95 50
89 95
434 438
473 434
113 58
261 351
95 14
133 250
223 245
351 273
95 89
223 178
479 389
178 133
345 351
95 89
217 133
350 297
223 151
473 479
217 223
89 95
306 351
306 370
261 303
178 198
217 223
95 89
473 479
345 351
178 223
249 254
389 473
178 133
95 23
223 178
95 89
89 95
434 473
389 431
217 223
345 351
434 479
261 345
345 351
389 500
5 89
217 223
5 95
217 133
89 95
434 479
95 50
50 5
89 95
223 217
479 473
479 389
261 351
95 50
89 45
89 50
473 447
89 95
345 351
479 407
5 89
389 457
223 133
217 133
223 217
5 95
133 223
95 89
434 479
351 261
5 50
434 473
133 201
223 178
434 479
345 351
261 369
50 104
306 351
473 479
345 351
434 449
306 351
5 51
95 5
95 89
345 351
479 473
345 306
473 389
95 23
261 345
345 306
133 223
447 463
50 95
345 332
178 223
351 279
217 223
89 50
50 95
133 178
351 345
434 479
479 473
133 178
223 178
389 479
223 217
479 389
479 473
479 414
479 473
89 59
89 5
66 95
5 73
351 306
479 467
217 192
389 479
178 223
479 473
261 306
89 50
50 95
95 78
95 23
5 95
479 473
389 479
223 217
345 351
473 389
434 473
89 95
473 479
89 95
217 223
217 178
479 398
223 217
5 95
50 86
50 116
95 89
306 262
473 479
178 211
223 217
178 217
479 473
217 182
50 74
89 5
133 223
178 133
473 425
89 5
178 133
223 217
479 389
133 217
89 95
95 5
217 178
389 473
271 335
479 389
223 133
5 95
434 479
50 95
89 5
217 133
478 463
217 220
261 329
217 223
345 307
223 217
261 345
95 89
351 306
261 351
133 223
261 306
178 217
345 351
133 223
217 223
133 217
192 141
133 184
223 133
5 95
261 306
89 95
223 154
223 178
261 351
389 473
479 473
351 345
100 119
389 473
50 95
133 201
434 476
345 379
389 479
434 473
217 223
5 73
351 306
217 223
389 434
351 330
389 479
178 211
178 133
217 223
473 404
50 95
261 351
178 223
261 306
479 473
5 95
133 223
178 133
345 351
440 389
434 473
50 95
95 71
178 217
217 223
249 235
389 479
306 351
434 389
5 95
345 351
217 223
473 479
50 30
434 479
351 261
479 473
95 89
479 389
95 89
133 217
178 223
5 95
169 162
306 345
345 351
64 96
50 95
50 95
473 479
217 178
5 95
217 223
479 473
484 398
345 261
217 223
223 217
473 479
345 261
479 434
50 95
306 351
473 479
479 465
389 479
95 89
89 95
223 238
306 345
351 279
217 223
345 351
389 434
223 217
217 133
217 223
389 473
217 223
434 498
473 455
351 345
217 178
50 95
479 389
345 351
5 95
306 312
337 320
434 389
345 351
261 306
473 479
50 95
479 473
434 479
89 95
223 178
95 17
479 389
95 23
217 193
473 479
89 95
223 178
345 351
89 75
306 351
351 261
345 261
473 479
351 261
5 101
95 23
178 133
223 217
217 223
351 294
217 223
89 5
321 355
434 473
178 223
479 473
223 133
473 457
217 223
133 228
345 351
5 89
389 418
217 223
223 178
50 86
223 217
89 50
434 387
178 223
223 133
306 345
223 217
178 223
271 290
223 217
261 351
479 473
95 89
355 291
89 95
261 351
389 473
345 306
133 178
434 479
223 217
178 223
50 95
89 95
306 287
89 95
50 89
50 89
345 351
261 339
217 223
345 351
389 479
50 89
99 74
261 351
351 261
89 95
345 351
434 479
217 178
479 389
217 223
306 299
345 351
306 351
89 95
479 389
178 223
223 178
473 434
223 217
479 473
133 238
479 389
479 389
5 43
345 351
223 178
249 139
479 434
50 118
473 434
473 479
351 357
306 371
223 133
50 89
351 306
473 479
306 351
306 345
389 479
50 95
217 223
345 273
434 389
345 351
89 95
261 351
479 434
389 473
217 223
345 261
50 95
5 65
479 473
178 223
121 118
95 5
261 351
479 434
345 351
217 133
223 178
178 223
89 95
473 479
473 416
50 95
95 5
479 434
473 434
345 306
133 206
50 95
479 389
223 217
479 496
319 376
50 95
89 95
306 329
223 142
306 261
89 5
306 351
89 95
107 13
95 50
434 473
95 5
261 306
389 457
41 68
223 178
50 5
261 351
5 89
306 261
133 223
217 223
434 479
351 345
479 473
133 146
479 407
345 351
223 240
389 431
434 479
89 95
223 217
217 178
434 479
217 133
503 404
95 50
217 133
479 473
5 95
178 193
50 95
217 178
345 261
5 89
253 208
89 50
223 133
473 479
351 345
345 306
5 95
479 434
351 345
217 223
89 95
479 440
133 223
345 306
50 89
95 89
306 317
133 178
223 217
201 133
399 418
223 178
351 350
50 20
473 479
223 217
351 350
389 473
50 95
345 306
217 223
133 223
95 89
345 351
345 351
345 351
306 345
389 473
351 261
345 351
351 261
223 217
434 479
89 5
223 133
217 208
241 141
89 95
479 473
217 223
479 473
133 217
473 479
95 50
345 261
345 351
178 223
178 217
217 178
261 345
89 95
5 95
223 238
351 345
89 95
434 479
217 223
50 95
89 50
89 95
89 95
345 351
306 345
217 178
351 345
261 351
404 448
217 178
133 223
345 351
95 5
50 95
261 345
479 407
261 264
217 178
95 50
5 50
345 306
434 479
178 223
95 5
178 223
479 407
306 351
89 95
133 217
261 345
228 247
133 178
306 351
479 434
261 303
261 351
223 178
133 223
351 345
133 175
351 261
261 345
223 199
89 100
223 217
306 351
89 50
490 479
217 223
89 5
351 345
473 497
5 89
345 261
217 223
95 50
89 95
345 351
306 261
261 345
389 473
261 314
5 50
217 223
473 479
95 97
479 473
50 5
133 217
89 95
434 473
276 320
345 351
479 434
345 351
351 345
83 19
351 345
355 298
5 95
5 95
473 479
217 223
473 479
345 351
345 307
95 23
345 351
503 507
434 445
351 345
434 479
345 351
141 223
306 351
306 351
345 351
178 145
223 133
5 50
345 351
89 95
89 5
95 50
192 222
223 217
473 434
179 255
479 473
351 261
223 217
345 351
351 345
217 163
479 431
306 261
351 306
223 217
345 351
50 5
95 5
298 307
50 95
479 473
473 479
479 473
261 345
133 201
217 223
50 89
473 434
261 345
178 223
95 74
479 473
452 399
217 223
89 95
133 223
50 95
143 162
227 249
479 407
89 95
223 217
351 310
89 50
434 479
5 73
64 42
351 345
223 133
306 351
351 345
5 118
217 223
434 479
490 454
133 142
473 389
479 389
178 223
345 351
434 473
178 133
356 270
479 434
217 223
473 479
306 351
306 317
223 178
345 351
261 351
95 89
217 146
261 351
261 306
434 479
497 460
89 5
389 473
5 89
478 447
345 261
473 404
89 95
473 479
217 223
261 351
133 223
217 223
178 244
426 407
217 223
89 95
473 479
89 50
95 89
133 196
50 95
178 182
324 271
223 217
452 399
223 217
306 303
345 351
307 288
404 448
133 223
434 473
133 151
95 89
434 401
121 68
306 351
50 95
345 261
306 351
345 306
133 217
479 389
261 351
473 434
298 307
306 351
389 457
133 217
345 351
351 270
223 222
345 261
261 303
23 83
351 270
351 306
473 479
351 261
389 398
20 64
50 95
434 397
5 123
95 89
306 351
345 351
351 306
89 95
50 95
5 89
15 79
178 223
89 50
227 235
217 223
89 95
479 473
473 434
261 303
89 95
479 473
50 95
223 217
434 473
261 351
217 223
223 133
345 306
479 473
351 345
50 89
306 351
351 345
389 479
261 351
50 95
178 133
330 306
473 435
89 95
89 95
479 473
479 473
5 73
50 95
389 434
178 200
223 178
95 50
345 351
217 223
223 158
473 479
50 5
479 389
133 178
434 401
217 223
217 223
193 158
89 95
306 264
473 479
351 345
261 306
95 7
133 223
479 473
89 5
121 33
178 133
389 479
473 479
389 434
179 199
95 89
434 479
133 217
217 133
473 434
306 345
473 434
89 5
89 50
463 438
345 306
217 133
133 223
178 223
217 223
473 479
434 479
345 339
351 264
95 89
261 306
345 306
217 223
306 345
217 223
345 351
50 106
178 170
223 217
473 462
133 223
473 494
217 223
345 351
89 95
434 473
473 434
5 95
345 351
479 473
473 479
217 223
345 351
345 351
223 217
217 223
345 351
217 223
89 95
306 351
95 50
50 89
192 148
479 473
345 351
473 479
473 479
479 473
178 223
480 426
434 473
89 76
479 473
473 479
223 178
133 223
434 484
178 223
434 479
345 261
217 223
217 223
351 287
389 457
345 351
133 223
261 306
5 95
261 351
217 223
351 306
389 479
389 434
51 120
473 434
217 223
479 434
63 96
5 95
473 479
224 205
50 95
95 89
217 223
133 178
5 47
95 23
217 223
95 89
5 89
178 223
351 261
95 89
217 223
281 330
223 133
133 178
95 50
50 95
89 95
89 95
223 178
473 479
479 473
95 89
223 217
507 503
5 95
95 14
473 479
473 479
261 306
148 136
133 217
5 89
473 479
306 351
253 232
434 479
261 351
261 345
178 223
261 351
95 50
223 151
50 95
224 185
223 153
223 217
217 178
95 89
434 479
479 389
473 436
389 457
89 95
133 203
473 389
389 434
345 351
5 95
351 306
434 473
473 479
351 306
306 345
345 351
95 8
217 223
473 479
217 223
89 95
434 479
223 178
95 50
473 434
389 473
473 479
89 50
50 95
178 223
50 89
351 345
473 479
217 223
261 345
95 89
68 15
178 223
479 434
89 95
5 89
306 345
95 89
95 5
479 473
345 256
473 429
178 223
217 223
261 351
5 89
479 404
133 217
5 95
133 223
473 479
95 5
95 71
345 351
95 89
217 223
473 479
89 50
335 352
389 507
261 306
261 351
223 133
95 50
479 389
223 211
178 223
345 306
95 50
217 133
351 345
133 223
223 133
345 351
133 223
251 247
169 194
217 223
434 479
389 479
473 479
345 351
5 89
261 276
5 47
217 223
306 261
5 50
351 345
352 287
89 5
50 107
5 59
434 406
89 50
217 131
345 285
261 297
223 217
261 351
389 473
351 345
345 351
473 479
133 178
50 40
261 351
95 5
5 89
50 93
89 95
95 89
50 95
50 95
89 95
217 223
95 5
178 223
351 306
473 434
95 23
345 306
306 351
473 479
223 133
89 95
95 89
217 223
345 351
473 434
249 214
50 122
89 95
5 89
261 351
178 133
351 306
5 95
89 95
434 511
178 223
5 50
217 223
133 217
389 479
50 17
133 178
345 340
95 5
351 345
241 186
178 217
50 123
50 95
41 91
50 22
351 261
50 95
351 261
217 201
223 178
320 264
89 19
351 261
89 16
89 50
5 89
473 479
133 178
217 178
95 23
306 261
50 89
133 217
95 50
306 300
351 281
389 434
473 434
95 50
389 473
473 494
389 479
58 56
345 351
345 351
351 345
306 261
125 95
473 479
345 351
306 351
261 351
223 217
217 223
261 303
473 479
345 351
217 247
89 95
223 217
345 351
133 223
89 95
217 133
345 351
351 261
89 95
345 306
178 223
434 389
5 50
89 95
178 223
345 351
351 306
345 351
50 95
473 434
479 389
223 178
95 89
133 178
178 160
389 473
473 389
401 460
261 306
473 434
89 95
95 50
95 23
345 306
345 276
351 270
479 434
261 351
50 95
345 351
345 351
473 479
401 409
479 407
50 124
261 345
261 351
306 351
5 50
479 473
434 389
351 306
351 279
217 223
89 95
345 306
5 50
389 479
434 389
261 351
241 151
306 351
217 223
434 425
5 95
350 273
50 14
223 217
17 98
306 351
5 95
345 351
223 217
345 351
473 389
217 178
479 473
178 223
306 351
479 493
223 217
5 50
261 351
351 306
473 401
50 12
89 95
217 223
473 434
223 217
217 223
89 5
133 217
389 479
50 5
23 95
133 162
351 345
50 122
50 102
345 351
261 345
345 351
133 223
89 95
95 50
133 178
345 351
377 317
473 479
50 40
261 303
434 479
473 479
68 15
345 306
369 330
95 5
223 133
50 95
345 351
345 351
473 389
133 223
389 473
306 351
479 473
246 193
89 95
306 345
223 217
223 217
473 479
261 345
473 479
306 351
89 95
473 434
5 89
389 479
261 351
222 254
473 434
89 95
351 261
95 5
473 479
217 133
95 89
89 95
345 306
351 261
473 434
298 350
479 434
249 245
389 473
223 217
5 89
95 89
261 345
95 89
310 335
473 479
95 89
261 271
345 351
351 336
389 473
89 95
133 217
133 217
95 5
89 5
306 351
89 5
473 389
89 50
479 473
95 50
351 345
217 223
473 415
389 479
133 217
95 89
89 94
351 345
473 434
178 223
345 351
89 49
473 479
95 117
223 217
473 404
95 50
479 468
89 5
479 473
89 50
50 89
217 133
479 473
345 261
217 223
281 362
178 223
351 270
5 89
178 223
261 329
223 217
89 95
178 223
389 473
261 351
276 320
178 134
217 223
223 174
351 345
306 351
133 223
5 95
95 5
351 345
95 89
223 217
345 351
434 501
473 479
223 217
178 217
5 95
473 479
95 50
178 223
89 5
95 38
95 89
473 479
50 5
89 95
351 345
133 201
89 95
434 479
389 479
351 345
389 434
178 223
217 223
178 223
89 50
89 5
178 223
473 479
345 351
345 351
223 217
217 223
89 95
261 329
434 479
351 306
434 473
89 95
345 306
345 306
95 5
345 351
261 345
95 5
434 479
217 223
217 178
479 473
223 178
473 434
217 223
178 223
89 42
479 473
434 479
434 479
434 479
50 95
68 41
223 178
223 133
223 178
473 457
351 306
223 178
95 89
223 178
142 223
345 350
217 223
479 473
223 133
223 217
89 95
306 345
50 95
473 389
89 5
89 5
479 434
217 178
345 351
478 462
125 4
345 351
351 345
50 95
65 110
389 434
133 223
345 261
261 306
479 473
133 223
261 351
50 54
473 434
345 351
286 345
306 351
351 270
5 95
479 448
178 223
479 473
217 223
473 389
133 223
306 351
95 5
5 89
95 89
223 151
217 178
345 351
217 177
223 151
223 178
306 334
5 95
345 306
351 327
95 89
434 479
345 351
345 351
178 154
89 50
345 351
351 345
5 28
473 479
217 133
211 207
345 351
345 261
479 389
223 217
223 142
223 217
246 193
351 261
89 95
217 223
50 5
133 154
503 507
479 473
50 95
389 434
351 261
345 351
50 89
217 223
389 473
95 50
389 434
345 351
389 479
223 178
223 142
434 479
89 95
479 473
351 279
409 458
89 50
89 95
479 473
121 5
95 50
5 95
473 389
473 479
89 95
479 473
261 351
306 261
261 345
479 473
223 217
479 511
5 95
345 306
351 345
178 223
261 345
306 308
345 351
345 306
50 5
5 89
473 434
89 95
95 50
217 178
234 223
306 351
306 351
261 351
306 261
178 223
447 504
352 382
399 463
133 217
178 217
351 378
261 345
178 223
5 95
261 366
473 389
261 351
50 8
261 306
95 5
95 14
261 329
133 205
249 226
95 89
434 479
50 95
261 351
223 133
133 223
217 223
306 351
223 178
5 50
479 389
223 217
273 349
223 133
473 479
345 351
95 89
351 345
178 217
473 479
306 351
345 351
95 89
133 158
178 142
479 473
389 479
473 479
389 473
5 95
95 50
345 351
345 351
345 351
95 5
389 443
261 351
223 217
434 473
479 473
479 473
261 351
271 339
217 223
95 89
50 95
89 95
306 351
217 223
223 217
345 351
261 345
5 50
223 178
217 133
389 431
434 473
479 389
133 223
5 89
345 351
178 217
261 306
178 223
345 306
261 306
223 217
217 223
479 407
351 345
5 50
178 217
351 345
345 351
50 89
217 223
50 95
306 301
133 223
389 431
50 95
223 178
89 95
64 83
50 5
223 217
473 479
306 351
389 435
5 95
479 473
89 95
178 223
223 217
217 223
207 182
89 95
473 434
217 178
473 468
434 479
133 201
217 223
95 50
297 296
479 473
261 345
5 95
89 95
89 109
473 389
217 223
261 345
133 217
473 479
95 50
314 331
95 89
434 479
306 351
473 389
345 357
143 211
389 511
345 261
374 321
389 473
217 223
490 454
479 389
345 351
5 95
133 217
351 261
89 95
479 473
345 351
223 217
217 223
473 479
345 306
345 351
261 345
389 479
178 223
473 389
345 306
89 95
351 345
261 306
479 389
434 479
319 376
389 434
345 351
306 351
133 223
306 287
306 351
473 434
217 189
473 479
95 89
223 217
217 223
389 400
345 351
217 223
196 142
399 418
389 479
345 306
186 211
50 89
297 287
95 89
345 351
473 389
351 306
133 201
178 223
89 95
217 223
351 306
502 434
473 479
473 479
479 407
64 16
473 479
351 306
345 351
5 50
89 95
351 345
389 473
89 95
479 434
5 50
5 50
434 482
473 479
178 223
479 389
479 476
479 434
447 480
345 351
389 473
89 95
89 95
133 217
306 351
351 261
178 214
337 320
306 261
389 473
389 434
89 50
345 261
50 95
217 223
5 89
217 223
95 89
351 345
223 133
223 217
95 89
89 95
479 473
5 89
223 133
345 351
355 303
473 434
389 457
345 306
217 223
479 398
389 434
351 345
133 240
89 95
223 217
345 351
95 50
89 95
389 457
95 50
306 351
133 217
217 223
345 351
306 351
50 95
89 5
389 473
351 345
89 5
306 351
473 479
307 356
223 132
389 490
351 345
479 473
217 178
89 5
89 65
133 251
279 351
473 479
261 306
479 407
133 217
5 106
479 473
473 479
345 351
345 351
473 389
261 303
473 497
389 479
178 223
261 279
41 120
223 133
389 473
389 473
345 351
389 434
345 351
351 345
5 95
479 434
434 389
473 430
351 345
223 178
223 217
89 95
133 199
434 476
431 404
345 306
95 5
5 50
178 223
217 223
473 389
261 286
434 389
473 434
389 434
89 50
473 434
345 351
351 345
223 217
473 479
95 89
217 223
345 351
434 389
178 217
351 345
389 479
133 178
261 306
479 473
89 115
89 5
350 326
306 261
89 5
389 434
217 178
217 178
434 470
217 223
261 303
261 306
217 178
133 223
345 306
89 95
473 479
95 78
217 142
223 217
95 89
345 306
479 389
473 479
473 499
95 50
95 89
133 144
351 345
95 5
345 351
473 434
133 175
261 306
434 389
473 479
473 506
89 95
217 204
217 223
133 223
217 133
89 111
89 95
473 479
473 479
479 434
479 434
133 223
5 34
89 95
217 223
217 223
351 319
473 479
89 50
223 217
351 345
473 479
389 434
479 473
351 261
497 442
89 95
217 223
351 345
345 351
345 351
178 217
217 223
5 95
178 255
5 95
89 95
133 223
95 89
434 473
351 306
389 499
434 473
50 95
217 223
473 479
509 463
351 345
5 95
223 217
217 178
345 351
95 89
261 345
261 345
217 133
89 95
50 110
306 351
297 259
389 442
5 95
89 95
169 250
351 345
228 247
217 223
95 47
89 95
89 95
95 89
89 5
307 336
345 351
306 351
5 50
473 466
223 178
217 223
479 473
351 306
123 119
95 79
223 217
261 345
50 95
345 339
389 479
261 351
217 223
345 351
50 95
223 217
51 39
50 95
50 95
89 50
65 38
217 223
95 5
473 479
178 223
217 178
95 89
89 5
89 95
95 89
261 351
89 50
133 201
434 479
389 473
434 389
473 418
95 89
217 223
50 95
473 479
345 351
473 434
351 345
473 479
434 479
95 89
5 50
479 389
351 306
133 223
50 5
223 178
345 306
345 351
89 50
306 351
50 94
434 469
217 207
5 89
89 95
479 407
223 133
50 95
345 351
223 217
434 473
133 223
261 306
89 95
473 479
50 95
398 465
217 223
351 345
217 223
223 217
217 223
178 223
223 142
473 479
509 438
178 182
473 479
434 479
479 389
479 389
479 389
133 223
95 88
133 217
345 351
178 223
223 217
143 207
192 162
434 473
389 479
5 89
261 369
389 447
50 95
5 89
345 355
306 351
217 178
478 475
434 389
479 473
398 465
217 223
178 223
50 89
178 223
5 47
261 329
389 479
345 351
306 351
448 392
223 244
178 223
351 306
375 379
5 89
351 345
89 95
479 473
434 491
153 207
95 102
261 306
345 351
89 5
479 434
339 335
434 467
473 479
345 261
50 83
89 95
95 89
178 171
306 261
5 64
224 178
50 95
133 175
345 351
95 5
223 133
89 95
95 89
351 345
95 89
89 5
133 178
473 389
479 473
89 95
217 223
89 123
398 465
50 17
89 95
95 50
5 95
5 83
479 473
389 434
389 479
223 133
50 5
306 261
217 223
5 14
89 95
473 389
253 226
351 345
434 479
50 95
473 434
345 326
246 178
143 162
261 345
345 261
479 434
121 20
261 351
351 345
95 5
473 479
473 479
89 95
179 147
479 473
95 50
434 479
89 50
479 434
89 95
479 401
473 479
345 306
434 473
345 351
217 178
345 261
95 89
389 479
479 384
306 351
389 473
434 479
217 133
178 217
389 479
50 95
95 89
89 95
89 95
223 178
473 479
345 306
217 223
178 223
351 276
351 335
89 5
434 389
389 473
261 351
261 303
5 89
5 126
389 479
261 351
89 95
133 223
5 89
95 50
306 351
479 455
95 89
41 16
95 89
5 89
389 479
261 256
223 178
95 107
95 5
509 443
95 50
64 94
50 89
95 89
345 351
473 479
261 306
345 306
193 179
306 261
192 211
95 89
95 89
473 479
350 281
50 89
345 351
89 50
261 345
89 95
89 5
345 306
345 351
345 351
89 95
169 196
345 306
217 223
133 223
261 351
223 151
50 45
351 306
50 89
89 5
434 497
95 89
178 223
261 345
50 102
351 279
389 479
223 133
178 223
179 191
337 356
306 345
473 479
425 451
345 261
223 158
5 95
5 89
95 89
223 217
133 178
148 192
389 473
306 257
306 309
261 351
434 479
133 223
345 351
50 89
497 442
223 217
89 95
5 73
217 223
389 483
448 460
5 89
351 345
89 95
351 306
217 227
217 178
345 306
95 89
5 95
178 223
107 13
50 5
434 479
178 223
345 261
178 223
5 95
389 479
363 330
345 365
261 345
351 261
389 479
345 351
434 479
50 91
261 351
133 217
50 5
89 78
473 434
50 89
261 306
5 95
345 306
473 479
217 238
434 479
345 351
223 217
217 223
473 479
351 345
320 291
50 89
473 479
217 223
5 89
217 173
345 306
5 95
89 95
50 95
473 470
434 440
473 389
217 223
351 345
434 479
217 178
473 434
217 223
434 473
345 306
473 434
351 261
178 223
261 306
345 351
217 223
178 167
89 50
389 473
5 95
178 223
83 14
479 506
50 89
351 306
5 89
223 133
434 479
241 186
89 50
261 345
89 95
273 315
351 349
345 351
5 22
345 351
95 50
434 479
479 434
223 217
5 47
5 50
306 345
478 457
95 50
345 351
345 261
95 5
473 434
50 55
133 217
261 306
133 175
133 145
50 5
95 89
50 95
50 95
5 95
473 434
261 351
89 5
89 95
261 345
389 473
191 248
473 434
306 351
389 479
95 89
345 351
473 434
89 50
434 479
479 389
217 223
5 73
473 389
473 389
479 389
351 327
345 306
479 473
95 50
389 431
50 30
473 479
362 351
345 306
50 89
306 351
473 479
253 207
473 479
479 473
434 467
133 240
5 89
5 95
473 434
5 95
434 389
345 351
217 178
217 223
389 479
95 89
345 351
217 223
345 347
345 333
89 5
479 389
50 63
389 479
178 217
306 261
345 351
217 223
89 5
473 479
261 351
223 178
351 279
351 279
261 351
89 50
478 420
89 95
434 479
133 178
351 349
178 217
473 479
389 479
479 473
473 389
473 434
345 351
133 223
345 351
479 434
473 479
50 95
306 257
434 479
223 217
473 479
479 434
351 345
50 95
306 351
261 372
5 82
473 479
473 479
50 95
434 479
473 479
434 479
223 178
178 148
261 306
89 30
389 473
261 303
95 89
95 89
473 479
351 345
95 5
89 95
261 329
89 95
261 307
50 5
178 138
223 178
133 217
133 223
178 145
473 479
473 479
261 270
389 479
389 479
217 223
5 95
217 223
89 95
178 223
345 351
473 479
217 223
217 223
261 303
261 351
479 473
50 123
223 151
306 345
95 89
479 389
491 397
479 434
479 434
223 217
479 434
95 82
351 353
434 479
479 473
217 133
351 345
223 133
217 202
345 351
217 223
345 336
261 351
5 89
217 178
473 479
351 295
178 133
133 217
261 306
363 269
261 351
133 217
50 104
473 479
434 479
133 191
351 270
223 250
473 479
5 95
473 479
133 178
17 97
217 178
217 223
217 223
17 15
473 479
217 133
217 178
473 479
217 223
178 223
178 223
351 345
178 133
223 178
89 5
473 479
473 479
351 261
5 71
178 223
50 33
95 50
389 479
261 351
5 95
145 162
5 89
89 95
95 89
479 473
50 95
217 223
178 217
50 95
15 79
133 223
345 351
89 5
50 89
473 479
479 473
223 142
133 201
5 50
434 479
133 178
89 5
89 93
479 473
351 345
345 306
351 345
89 50
65 26
95 76
389 473
50 95
479 426
89 50
133 223
473 438
89 95
217 223
434 479
389 473
345 351
479 389
351 306
351 345
5 95
133 223
434 479
5 95
351 274
89 95
95 89
227 195
95 89
434 479
434 479
95 89
351 345
223 217
473 434
133 217
50 95
479 389
89 95
473 491
217 178
217 223
68 15
389 479
473 479
178 217
133 178
314 280
217 223
89 50
89 95
473 479
89 83
306 261
473 479
345 258
89 5
178 133
5 95
95 66
133 201
178 217
95 50
398 465
345 351
306 345
5 50
89 95
345 351
389 434
345 351
95 89
276 264
50 95
50 91
473 479
89 95
345 264
223 178
345 261
89 95
89 50
345 351
207 211
434 394
89 50
50 95
473 396
95 89
178 223
479 473
178 133
479 407
217 133
306 351
434 389
89 50
119 20
345 351
89 95
95 5
143 162
133 217
178 223
306 351
306 351
479 473
473 479
178 223
389 434
217 223
261 345
223 178
89 115
473 479
434 420
345 351
473 479
5 95
345 306
389 431
217 178
223 178
434 479
95 5
345 261
89 5
5 50
345 368
95 50
223 133
345 261
170 209
133 223
273 379
473 479
178 133
479 507
217 223
473 479
217 223
89 95
89 95
306 261
473 434
89 50
182 249
479 389
345 261
217 133
473 479
89 95
178 234
434 473
133 220
5 95
95 89
479 473
178 223
479 389
223 217
89 50
178 238
217 223
5 89
178 133
217 223
217 133
261 351
351 345
479 473
50 95
389 479
95 89
5 89
473 479
345 303
473 389
434 389
389 434
217 223
350 319
50 95
261 345
178 217
5 89
434 479
89 95
473 479
133 217
89 95
389 473
345 351
89 95
345 261
479 473
261 345
89 68
473 479
15 34
351 345
479 434
351 345
246 193
143 211
389 473
473 479
97 89
345 306
345 261
178 223
345 351
178 217
223 217
479 473
306 351
276 362
389 486
217 133
345 261
89 77
389 434
5 95
473 434
389 479
50 95
473 479
217 223
5 47
434 389
340 261
178 223
223 178
351 345
479 389
217 133
473 384
95 122
5 89
5 89
345 351
217 178
434 473
345 351
5 47
217 223
351 261
217 223
5 95
133 217
345 351
381 350
95 89
473 434
133 178
345 351
473 440
223 178
345 261
95 5
95 89
306 261
351 345
479 473
473 479
50 95
479 473
95 50
479 473
306 351
217 223
217 178
479 398
89 50
351 345
89 95
95 89
95 50
223 217
89 50
261 345
5 89
89 50
473 479
133 223
5 95
133 178
133 217
351 261
133 178
50 5
100 119
306 351
5 95
306 351
217 223
351 261
223 217
479 473
473 479
217 178
5 95
89 50
345 351
133 145
95 89
351 345
473 479
473 479
50 74
178 223
89 95
50 95
133 223
422 434
50 95
5 89
119 123
345 351
389 431
223 217
133 223
473 434
473 479
217 223
89 50
217 223
306 351
118 13
389 473
345 351
217 178
389 473
345 351
351 345
389 479
473 504
223 202
356 375
306 351
217 178
63 79
345 261
261 318
95 122
273 272
217 223
434 389
479 389
345 351
398 479
50 95
479 389
133 223
50 5
95 71
133 217
5 50
178 133
261 351
261 351
473 434
50 95
64 57
473 479
473 434
217 223
217 223
217 178
389 479
345 306
306 345
261 306
351 273
5 50
473 434
434 479
226 211
133 217
261 306
50 95
5 8
473 491
389 479
351 345
351 290
50 95
306 351
89 95
261 306
389 457
351 303
217 133
89 50
345 351
473 479
306 351
217 178
479 473
5 89
434 473
5 95
50 95
261 351
354 339
479 398
95 5
5 89
345 261
217 223
133 201
479 473
89 95
473 479
217 178
345 351
95 89
473 389
89 95
217 200
217 133
345 261
345 351
169 238
345 351
133 223
345 351
479 434
434 414
374 269
223 246
351 306
217 223
345 351
351 261
345 306
306 351
169 196
178 145
401 509
178 223
345 351
261 351
351 261
434 479
389 479
89 95
5 95
133 178
389 473
223 217
345 351
217 223
223 217
345 351
5 89
50 95
351 345
345 351
143 162
389 473
479 434
95 89
479 473
351 290
223 132
5 52
478 431
351 306
80 51
434 479
351 345
223 133
345 351
345 351
178 133
479 389
479 398
178 223
306 351
473 479
41 22
502 426
479 414
479 473
50 89
170 179
89 123
306 351
89 50
261 351
473 479
50 20
50 95
95 5
133 223
261 351
473 389
223 217
345 306
50 5
89 95
178 250
306 345
261 298
261 320
89 5
306 345
133 178
89 95
479 385
298 307
351 306
306 261
473 434
89 50
261 345
345 351
345 351
306 261
5 95
65 93
351 306
434 389
5 95
345 351
223 133
5 56
217 178
351 345
223 184
89 95
5 50
473 479
217 223
5 89
434 501
178 217
95 89
473 479
50 95
89 95
133 217
389 434
170 179
479 473
5 95
389 434
351 345
473 479
345 351
89 95
473 479
223 133
351 270
261 345
345 306
15 41
351 345
345 351
306 262
95 50
50 5
50 95
434 473
5 23
111 42
473 479
473 434
223 151
261 374
306 383
479 434
261 350
261 345
261 351
223 217
223 178
133 223
89 50
217 178
473 479
434 473
133 191
133 217
345 306
63 96
479 473
479 407
217 223
5 89
479 407
223 217
5 95
351 286
479 409
473 479
306 351
5 95
473 479
345 274
351 345
345 373
473 479
178 223
434 389
178 223
5 29
217 223
306 351
479 434
223 217
133 223
217 223
351 334
63 79
306 351
351 345
389 473
5 73
479 473
50 95
479 389
89 83
133 223
389 473
473 479
95 50
178 133
223 217
223 178
217 222
434 479
261 345
89 50
223 178
497 442
261 306
473 479
261 306
133 217
479 473
178 242
5 57
351 306
389 473
133 223
434 479
319 352
89 95
5 89
50 95
133 223
95 89
89 5
351 279
261 351
89 83
351 261
345 351
345 351
479 434
96 50
434 479
133 223
473 434
306 351
223 178
345 261
473 479
223 133
133 178
95 5
217 223
5 50
50 95
351 345
133 246
178 219
473 506
306 351
261 345
473 479
351 306
223 217
5 95
178 223
261 351
389 506
351 261
95 89
434 479
178 133
345 351
217 178
133 178
351 345
306 351
355 365
217 223
89 95
434 479
89 38
89 5
351 345
223 217
434 501
479 389
345 261
345 306
207 182
473 434
345 351
95 89
261 351
261 345
434 389
261 329
473 479
389 434
473 389
133 178
178 175
223 151
319 376
389 479
479 476
479 473
363 269
95 23
479 389
351 345
223 178
389 473
473 479
479 407
89 95
473 389
319 352
217 133
389 434
50 99
261 306
133 201
223 178
5 107
473 479
95 89
479 473
261 306
389 473
261 329
89 78
389 473
133 178
133 223
306 351
351 339
479 476
95 5
217 223
133 223
5 89
217 133
5 95
118 5
345 351
345 351
345 351
479 473
355 310
50 95
217 223
479 426
261 345
50 5
5 95
223 142
178 223
89 50
351 335
351 306
224 210
473 434
297 332
217 178
89 50
196 169
20 64
473 479
95 89
389 467
271 339
5 51
479 434
345 261
509 447
89 95
223 217
133 160
351 306
95 14
223 217
351 345
178 223
89 95
217 223
473 479
389 434
5 95
5 89
133 217
306 351
5 95
351 306
5 95
351 345
50 95
479 389
389 473
389 479
473 479
192 141
306 351
89 95
223 217
473 434
351 306
351 345
345 351
473 463
473 479
261 345
5 95
133 178
261 351
345 351
306 351
479 473
89 50
345 351
223 217
178 223
89 95
95 88
345 351
78 89
306 351
345 351
473 479
223 199
479 434
95 83
306 351
89 95
95 50
217 178
5 95
89 5
5 73
261 345
434 473
306 294
389 479
473 479
479 476
440 473
133 201
89 5
223 178
223 217
178 203
217 178
89 95
178 217
389 473
473 435
89 95
448 472
351 345
5 122
261 351
261 345
5 89
133 223
5 95
133 187
217 223
261 345
89 95
389 425
5 47
345 306
95 89
217 223
398 465
217 133
178 223
479 473
473 479
298 345
223 196
178 223
32 74
178 217
50 5
50 95
5 89
479 434
223 217
306 345
479 434
89 50
306 345
345 306
389 434
133 217
133 217
473 466
389 407
5 95
217 223
89 50
217 223
351 345
351 345
95 14
351 345
473 389
351 345
223 217
89 95
363 269
5 95
479 473
217 223
5 76
473 452
89 50
473 479
5 89
223 217
217 223
479 389
217 223
5 95
133 207
95 89
473 479
479 389
89 50
434 479
89 5
79 83
89 95
113 58
351 345
261 351
273 351
434 473
178 170
5 86
473 479
306 351
25 106
418 495
217 178
261 351
217 223
473 434
479 434
89 95
389 479
50 89
50 95
351 345
178 193
198 170
5 95
89 110
50 5
133 223
389 473
306 261
133 217
479 434
389 479
306 261
249 237
223 217
223 133
125 110
479 429
223 133
5 95
345 351
480 481
473 479
5 95
5 73
351 349
261 345
273 336
89 95
133 223
95 89
217 223
261 303
479 473
345 355
223 178
89 95
351 381
389 457
217 250
473 434
95 89
351 294
178 240
217 178
447 480
223 178
17 54
306 351
50 93
41 76
50 95
5 95
89 5
479 434
473 479
133 217
217 223
95 89
133 217
345 368
89 50
473 479
473 479
178 228
351 345
89 50
178 223
50 114
89 95
217 223
217 212
389 479
133 223
351 306
89 95
306 345
223 217
473 434
389 473
5 50
133 207
50 89
479 467
479 473
261 351
434 479
351 333
95 23
217 212
351 345
74 100
345 351
217 223
178 217
345 351
434 479
133 175
50 39
95 5
454 426
223 133
217 223
217 178
345 351
95 71
351 345
319 335
261 351
351 261
306 261
306 271
133 243
223 217
389 479
345 306
345 306
351 345
89 50
133 175
389 434
479 389
223 178
351 306
345 306
261 351
479 473
5 73
478 470
473 479
381 340
261 351
89 50
473 389
89 5
351 261
223 217
345 351
473 479
50 95
351 345
133 217
351 345
5 50
95 89
178 223
473 389
261 306
351 261
473 479
217 223
306 261
95 89
479 473
5 95
351 261
345 351
217 223
5 95
261 345
434 479
133 223
261 329
389 479
270 351
473 479
345 351
89 95
473 389
351 345
223 217
473 389
473 451
50 5
389 473
223 151
217 223
261 306
178 223
351 306
434 479
217 223
351 345
351 345
217 133
89 50
89 95
191 224
261 351
223 217
261 345
473 479
217 223
50 5
345 306
89 95
133 217
95 5
223 133
479 473
239 198
484 438
479 467
351 261
142 133
351 345
306 351
261 351
261 351
217 223
479 434
351 345
223 178
136 192
5 95
473 389
261 345
479 473
261 351
306 351
50 117
351 306
217 223
345 306
345 351
479 473
351 306
217 223
473 479
217 223
89 5
389 473
217 133
345 261
133 223
223 217
345 351
434 479
327 345
345 306
217 211
178 217
389 434
133 217
402 479
83 106
389 479
5 89
351 345
89 95
345 351
89 95
389 479
473 479
345 261
217 178
479 473
217 223
404 448
223 146
217 223
89 95
306 378
50 95
261 345
473 479
434 479
473 479
473 479
389 457
345 261
217 223
217 178
89 50
389 473
50 89
217 223
345 351
345 351
306 261
95 5
95 5
479 389
434 479
479 473
473 434
339 362
223 217
95 89
5 89
473 434
389 479
95 5
479 473
89 95
355 280
5 95
434 479
345 261
217 223
133 223
351 345
306 258
89 95
89 95
50 5
345 351
223 133
479 389
89 50
479 389
89 38
89 95
478 404
133 175
178 133
223 178
434 479
434 389
5 95
217 223
351 333
473 434
473 479
345 341
351 345
89 5
223 178
306 351
271 339
434 389
306 351
306 351
434 479
100 119
306 351
345 351
89 95
351 345
133 175
306 351
178 217
434 389
261 345
89 50
223 217
178 223
345 351
217 133
95 5
389 473
310 337
89 50
217 223
217 223
473 479
473 479
133 217
306 273
217 223
178 133
389 479
89 50
217 223
95 50
95 89
5 73
330 356
5 95
223 133
306 351
261 351
217 223
479 414
473 479
351 345
479 473
223 133
178 214
121 9
434 473
261 351
473 417
228 247
217 223
479 434
473 389
351 306
223 133
473 434
389 473
89 5
95 14
223 217
51 63
89 75
306 351
473 479
473 479
306 351
133 223
345 261
178 217
217 223
389 479
95 89
479 473
306 351
217 178
223 175
351 306
345 351
89 50
178 133
133 178
89 95
223 133
306 351
345 306
351 345
217 133
351 261
389 473
89 95
89 95
50 64
261 351
50 5
217 223
306 351
89 95
479 473
473 389
50 89
50 5
133 223
297 308
351 345
223 217
217 223
351 345
345 261
223 133
479 434
345 351
133 217
345 351
389 434
95 89
95 89
261 351
89 5
336 365
434 479
217 204
290 261
133 178
351 306
5 95
345 261
345 351
473 389
5 95
89 95
261 281
351 345
95 89
133 175
89 95
467 463
5 112
217 222
351 345
473 479
345 351
434 389
223 217
217 223
473 479
178 233
133 217
178 149
89 95
345 351
434 479
261 345
5 95
5 73
261 351
5 89
351 345
89 95
95 38
473 479
217 223
434 389
95 14
473 479
89 97
217 178
211 239
351 261
223 217
473 479
95 89
479 473
351 261
223 217
51 18
95 50
306 379
404 505
143 162
484 503
50 89
89 95
479 473
377 339
261 351
306 261
217 223
298 307
473 479
223 151
345 351
217 178
95 89
95 11
217 223
345 306
434 441
223 217
306 331
133 178
95 5
5 95
178 133
473 479
5 95
89 95
473 389
95 89
434 473
89 76
306 303
447 504
261 320
178 223
192 222
50 95
345 351
217 178
479 473
449 479
223 217
479 473
369 314
352 289
345 306
491 448
479 389
95 5
306 351
95 89
95 89
223 217
95 89
261 306
95 50
351 306
96 83
217 133
95 50
178 223
473 479
389 434
389 479
351 261
473 479
89 50
178 223
345 306
178 133
473 479
479 473
261 351
345 351
448 467
467 497
473 479
425 509
438 429
473 479
89 5
389 434
345 306
178 251
5 95
95 14
351 345
389 473
89 95
345 351
50 110
473 479
389 473
351 345
5 50
50 95
479 473
223 217
50 5
434 479
217 223
442 497
434 389
50 95
95 89
89 19
345 261
223 178
473 479
89 95
389 434
5 89
89 95
479 389
345 351
306 351
89 95
473 389
223 194
479 434
223 217
261 345
345 351
178 167
345 351
261 339
473 434
434 479
306 351
217 223
5 95
261 351
5 73
50 95
389 434
133 141
217 133
345 351
223 217
473 479
89 50
345 306
473 434
50 95
89 95
246 170
345 261
479 473
89 5
217 178
306 351
89 95
345 306
261 345
306 261
223 133
434 473
261 351
95 50
345 351
306 351
389 479
227 244
261 357
5 47
133 202
223 178
434 402
50 95
217 222
89 5
5 95
217 223
5 89
50 89
143 162
119 8
473 479
133 217
217 223
330 273
290 321
351 261
434 447
351 306
473 479
50 88
95 89
479 434
351 345
50 97
306 356
345 259
5 95
223 217
178 133
434 500
351 345
389 479
389 479
473 389
50 95
389 479
64 72
473 479
95 5
389 479
413 473
479 434
89 95
178 217
89 95
95 50
351 261
473 389
351 261
389 473
351 306
223 178
223 178
434 389
345 351
50 95
479 473
345 351
5 89
223 128
95 115
261 351
133 223
351 345
434 473
389 404
306 345
473 479
306 261
345 261
223 217
351 345
217 133
5 86
473 457
473 479
133 223
306 303
434 483
5 95
351 261
473 479
89 50
217 223
389 434
306 351
399 418
434 447
473 479
351 306
345 351
261 351
95 89
5 89
217 133
217 223
217 178
50 95
95 50
95 89
479 473
473 494
306 345
133 217
89 5
351 306
479 473
273 381
479 434
223 133
5 89
5 95
223 129
389 479
479 389
217 178
497 442
217 223
249 141
178 223
133 223
89 95
217 223
223 178
351 345
473 479
5 89
217 133
345 303
95 50
133 201
5 95
50 95
306 345
473 434
50 95
473 389
389 479
217 223
473 389
89 116
89 50
217 223
89 5
223 133
191 248
95 50
50 89
434 415
223 199
89 95
50 95
89 95
306 351
320 339
50 5
345 312
345 351
5 89
178 217
5 95
95 89
5 95
345 351
133 223
178 223
223 217
389 479
217 141
479 473
473 479
133 217
217 223
178 223
473 389
473 479
217 205
95 50
5 95
133 223
95 89
351 279
261 351
351 261
95 5
178 223
345 351
351 345
478 406
479 473
345 351
479 473
473 450
434 473
434 479
217 133
345 351
473 434
389 434
479 398
223 217
351 345
223 178
320 339
178 133
345 306
64 118
473 479
473 479
95 23
479 434
345 351
133 185
133 217
479 509
95 5
345 261
509 479
416 458
5 47
89 95
89 95
5 95
178 223
5 95
351 306
145 184
50 95
389 473
306 351
479 473
261 349
5 89
479 473
473 479
319 352
369 314
306 351
345 351
479 434
434 389
479 389
345 261
89 95
479 434
351 261
345 351
398 465
5 73
479 468
89 50
89 95
345 353
434 473
81 14
50 5
389 457
351 345
473 479
246 141
479 483
223 217
261 306
178 133
351 261
223 217
89 95
305 381
178 133
473 434
351 306
434 479
345 351
261 351
479 473
223 217
401 446
479 455
65 118
89 95
50 95
95 13
178 158
473 434
133 182
345 351
223 178
351 279
434 479
95 5
50 56
389 479
95 50
479 389
473 389
217 178
435 413
95 89
217 223
95 5
217 225
178 223
261 306
151 223
261 351
479 434
50 96
217 178
261 345
89 95
434 479
306 351
95 89
95 89
133 223
50 89
351 335
434 473
389 457
178 223
217 133
434 479
89 95
306 351
261 303
89 50
178 133
377 257
473 479
5 95
223 217
306 363
389 463
345 351
351 345
473 479
95 89
246 193
479 473
389 479
345 351
319 376
217 178
261 345
473 479
51 107
89 95
479 473
95 5
217 223
223 151
223 217
5 117
434 479
223 217
50 89
95 105
351 306
351 378
345 306
223 178
351 279
217 178
89 95
89 19
5 89
399 418
133 211
133 217
479 473
345 351
261 345
351 270
345 351
217 142
42 51
89 93
223 178
133 138
169 250
473 434
133 223
133 223
479 473
5 122
434 499
345 332
473 389
261 354
133 178
409 490
306 351
50 95
473 434
320 326
479 473
5 95
227 173
178 223
389 434
261 351
223 178
351 261
217 223
351 345
89 95
479 407
351 306
89 95
95 5
5 89
89 50
133 223
306 354
223 217
95 50
261 345
217 178
434 479
133 217
351 345
89 50
404 448
133 223
89 5
473 479
479 389
306 273
89 95
473 479
306 354
5 89
377 261
345 351
133 223
223 217
95 89
5 89
297 331
434 473
217 223
345 351
178 223
473 479
95 89
261 319
217 178
479 473
473 479
5 95
479 473
345 334
379 381
434 479
261 306
217 223
223 217
404 448
223 217
133 223
261 345
479 473
389 457
50 5
345 351
217 178
133 251
50 95
217 223
351 345
306 345
217 178
479 391
89 101
473 479
434 479
50 63
89 5
306 345
434 479
133 223
95 23
345 351
389 479
217 133
89 95
345 306
479 398
217 223
261 345
217 223
133 223
434 473
50 97
217 178
473 434
347 381
223 217
509 420
223 217
473 479
398 465
473 389
351 345
345 351
479 473
389 434
95 14
95 5
89 118
223 217
473 479
345 351
89 95
5 89
5 50
351 306
479 473
306 351
89 50
473 479
5 95
223 133
50 5
351 379
399 467
479 440
223 178
133 217
133 178
89 5
95 5
89 5
351 306
217 133
133 217
306 351
389 434
389 434
306 351
178 223
89 95
351 345
351 379
351 332
89 50
64 83
217 223
345 306
345 351
306 261
345 261
479 434
473 479
89 95
89 5
89 50
473 479
95 89
505 404
223 251
261 306
434 479
89 95
217 223
473 479
63 120
89 50
223 217
434 479
351 270
434 479
100 14
434 479
389 479
389 463
389 434
351 261
89 71
89 127
133 223
306 351
273 381
217 223
345 306
178 217
217 235
479 473
89 5
351 261
89 95
217 223
217 203
479 389
473 434
5 63
351 345
5 50
473 389
434 389
223 178
178 223
50 95
345 306
133 169
351 345
261 345
479 473
224 192
389 457
89 50
5 122
473 389
89 5
95 89
261 351
5 94
50 89
223 178
89 95
434 479
491 397
178 223
223 178
473 479
217 133
89 5
227 205
389 479
217 234
89 95
133 169
217 223
351 345
479 461
50 95
193 162
217 223
473 486
133 217
479 407
133 151
89 95
89 95
473 434
351 279
473 414
133 178
223 217
113 5
95 89
351 306
473 479
89 95
351 261
356 270
95 89
223 151
351 345
95 29
345 351
479 473
50 59
5 95
89 95
261 382
178 223
133 217
89 95
223 133
223 217
306 261
345 351
133 132
217 223
133 175
217 211
345 332
479 473
473 434
89 78
434 473
223 133
306 351
89 50
178 223
89 50
50 95
261 351
345 351
389 473
351 306
133 223
89 95
50 95
351 345
50 89
5 68
473 479
351 306
473 434
178 223
351 270
345 261
345 334
351 379
351 345
89 95
223 217
133 217
479 389
473 479
145 137
389 434
178 223
217 185
148 192
133 223
89 95
223 133
223 133
345 351
224 151
223 217
479 398
217 133
479 434
178 223
345 351
5 50
261 351
479 473
473 434
217 223
133 217
95 5
133 223
351 261
345 273
5 89
178 158
89 95
133 212
223 217
50 5
261 351
50 89
306 345
89 95
178 133
261 345
345 351
223 178
479 473
95 50
261 306
89 95
261 306
389 473
223 178
261 345
178 223
125 117
217 223
50 17
351 261
473 479
345 351
345 351
95 89
89 95
306 351
89 95
217 178
178 223
473 479
306 351
351 379
345 261
217 223
133 178
345 351
473 479
217 223
89 95
434 479
133 178
389 504
306 345
261 345
389 434
306 303
95 5
479 473
345 261
389 473
479 389
211 192
306 351
434 442
133 178
217 223
306 261
50 89
389 434
143 211
389 434
178 133
223 178
479 473
223 217
217 223
5 95
389 457
5 95
306 351
111 42
351 261
345 355
95 89
95 89
133 223
306 351
89 95
351 345
473 434
261 345
389 484
509 479
179 136
447 465
133 223
89 95
89 48
50 89
434 394
473 479
223 217
133 201
351 345
89 95
479 473
479 389
89 122
351 306
345 351
345 261
479 389
345 261
5 95
377 309
479 473
95 5
217 223
351 261
223 133
95 125
306 345
345 306
351 345
345 351
389 418
5 73
95 5
133 223
133 201
479 473
191 223
434 488
479 473
351 345
479 473
217 178
5 50
306 351
217 223
178 223
389 434
50 95
345 261
473 479
89 95
434 479
479 473
351 309
434 407
95 89
345 306
217 208
178 223
479 491
351 306
345 351
133 217
306 345
223 217
276 320
345 261
133 223
227 228
133 201
95 89
261 351
345 306
261 306
345 351
473 434
95 5
473 479
479 473
217 178
479 473
381 348
261 345
479 473
119 20
473 479
306 261
217 223
473 434
95 5
473 479
95 89
473 479
479 434
351 345
89 50
345 351
223 217
217 213
89 5
133 224
223 217
351 279
479 463
89 95
473 479
50 95
306 261
345 351
345 310
479 407
89 95
434 401
95 5
95 50
473 455
95 10
5 89
89 95
434 479
133 217
95 89
178 217
133 245
217 223
178 217
345 351
5 50
351 306
351 345
89 5
95 50
50 95
473 441
345 261
95 14
351 345
223 217
89 95
351 306
89 50
479 473
345 306
95 89
223 217
479 473
42 51
89 95
473 389
345 306
448 458
351 345
351 345
192 239
133 178
222 233
345 351
389 479
217 223
389 431
54 78
351 345
473 479
133 217
217 178
351 261
182 138
345 351
473 479
5 89
389 479
