512 10000
217 223
350 354
448 478
434 479
261 306
306 345
64 83
473 479
121 83
389 479
223 178
133 217
223 133
95 125
217 178
351 261
473 434
377 334
473 479
89 95
261 351
89 95
217 133
479 473
261 351
261 351
473 389
389 473
351 345
217 133
217 223
89 18
261 351
434 479
133 217
479 389
306 351
5 95
5 89
126 121
5 95
50 47
217 223
351 306
178 223
389 479
479 434
306 351
261 351
50 5
89 78
351 345
351 345
306 351
351 345
389 479
479 473
306 345
5 50
306 303
5 95
89 50
473 434
217 193
351 345
351 345
479 389
217 223
133 217
473 479
95 89
217 223
389 479
89 95
145 203
217 223
320 288
223 217
50 89
479 389
178 223
5 95
223 217
89 95
133 178
95 89
479 389
223 178
479 473
261 351
261 351
50 5
5 89
306 381
345 351
345 351
457 389
261 345
217 133
389 479
133 206
133 223
434 389
479 434
261 345
351 345
217 223
473 427
479 389
438 463
306 351
89 56
223 178
133 186
479 434
50 95
261 351
473 479
351 276
89 5
473 506
95 14
223 217
89 73
306 351
345 294
479 449
217 223
95 89
89 50
479 398
479 434
50 95
479 407
95 50
351 345
389 404
133 178
479 389
320 339
178 169
473 479
479 473
389 431
351 345
133 212
223 217
178 133
79 83
89 95
389 479
178 217
89 50
434 473
217 223
223 151
389 434
389 434
217 223
434 389
345 351
345 351
351 345
389 479
223 217
479 434
133 178
345 351
5 50
50 95
345 261
217 223
389 479
479 389
133 217
479 434
473 389
389 479
473 479
479 473
273 279
389 473
5 50
345 351
261 374
217 178
133 178
95 14
50 39
351 345
351 330
217 151
179 230
381 290
345 351
223 217
479 473
473 479
198 239
5 50
50 95
473 479
329 261
434 479
95 50
95 14
223 146
473 479
5 106
434 403
345 306
261 351
479 434
223 217
389 431
223 217
217 133
95 89
479 434
178 217
389 473
89 95
345 306
223 217
345 351
217 133
217 133
306 315
479 434
351 306
83 106
261 306
473 479
351 345
223 217
68 14
345 261
89 50
217 178
178 223
95 89
223 217
479 434
479 434
479 473
479 434
217 223
473 479
223 185
345 306
113 74
306 351
217 223
89 50
178 217
95 50
50 95
89 50
50 95
5 95
217 133
351 345
95 42
473 479
133 223
473 479
89 50
119 20
473 504
434 389
345 306
351 279
345 351
5 95
434 479
345 351
95 50
95 89
345 351
473 389
473 434
261 345
434 445
50 95
5 95
89 3
473 479
389 434
223 178
261 310
261 340
133 211
345 351
95 89
217 223
261 345
345 306
223 178
345 351
95 89
89 95
178 252
223 217
178 223
5 89
178 192
351 345
351 345
473 479
473 479
345 324
95 50
178 133
217 133
345 351
50 5
89 95
217 178
223 217
223 178
50 95
223 217
5 89
5 95
473 479
434 431
217 223
351 261
261 351
345 306
89 5
306 259
473 407
89 95
351 261
351 306
434 479
95 5
133 223
89 95
345 351
479 473
95 50
345 306
479 473
306 351
479 389
345 306
50 95
479 389
351 345
178 170
50 89
473 479
5 50
223 178
389 479
473 434
389 473
89 95
473 479
217 223
217 133
473 479
479 389
389 434
351 345
434 479
261 351
50 95
401 386
95 89
473 479
473 389
133 178
5 89
89 50
389 479
434 473
5 50
473 432
178 223
5 89
473 434
133 223
389 434
95 89
351 306
351 345
345 306
178 133
345 261
178 217
249 211
95 89
351 345
217 178
479 434
95 89
479 389
217 152
351 345
345 306
223 178
345 351
89 5
473 479
217 133
95 50
261 345
95 89
473 389
473 479
345 351
345 306
345 306
179 249
310 305
473 477
217 223
479 434
261 351
389 473
345 261
133 217
89 95
478 497
89 95
306 261
261 351
473 479
345 351
89 50
217 178
389 434
479 398
345 347
50 95
178 223
473 479
461 389
89 95
223 217
345 351
95 14
223 133
178 241
89 95
351 380
314 339
223 178
479 473
345 351
389 473
345 351
479 434
479 389
438 498
178 223
178 200
89 50
479 389
351 345
345 306
351 286
479 473
179 207
217 223
89 95
473 479
306 261
89 95
5 16
434 479
223 217
261 306
89 95
81 13
223 251
153 228
145 250
169 222
473 434
345 351
473 493
217 223
473 479
345 261
133 178
345 261
261 329
50 5
261 351
50 95
209 170
89 95
217 223
389 479
434 479
223 133
5 47
223 217
345 261
217 223
95 89
133 178
95 5
89 5
306 351
217 133
89 95
479 473
306 351
261 351
217 133
89 95
345 351
434 473
223 178
507 503
223 217
479 434
5 95
473 479
306 302
133 217
217 223
434 445
473 479
89 95
95 5
473 479
133 217
5 89
473 479
223 133
89 93
5 95
351 306
133 223
345 351
473 434
89 95
389 479
276 320
133 223
434 479
351 310
389 479
434 479
351 270
345 323
89 95
5 50
223 133
298 307
95 50
95 89
133 143
133 223
306 345
434 479
178 223
502 449
5 123
5 115
389 473
50 76
95 89
479 473
217 223
306 358
217 223
50 5
133 223
473 479
345 351
133 178
170 179
389 457
5 95
217 133
306 345
351 330
345 351
20 8
473 403
217 178
95 38
434 479
133 178
473 479
389 479
351 345
50 83
95 89
306 351
223 178
5 50
217 223
345 351
345 261
89 95
95 89
473 479
473 479
50 89
473 479
133 223
345 351
351 345
261 345
473 461
178 217
345 351
89 95
434 479
50 95
223 217
223 217
351 345
89 50
479 434
95 89
89 5
133 217
89 95
223 133
351 345
473 389
89 5
479 389
351 306
5 50
89 95
217 223
434 479
261 351
389 479
241 186
473 476
351 306
89 50
473 434
479 473
95 89
5 95
217 251
95 89
217 174
133 201
234 223
50 52
209 170
306 345
95 5
345 261
473 479
473 479
345 351
345 351
95 89
89 61
50 89
121 65
223 217
5 95
217 178
261 306
223 217
473 479
479 473
50 95
434 473
306 261
389 400
178 223
345 351
389 473
5 50
261 351
133 223
50 5
345 261
133 217
223 217
50 95
473 479
345 306
479 407
479 473
271 335
89 95
217 133
351 311
223 217
95 89
95 82
345 306
306 379
473 389
434 479
217 178
367 326
191 248
50 95
133 223
89 50
178 217
261 351
95 50
217 133
473 454
5 50
178 223
89 95
89 5
217 133
434 479
479 473
223 217
223 217
5 95
89 95
133 223
89 5
95 5
50 29
351 304
89 95
217 223
434 479
503 507
5 95
389 434
261 295
217 178
351 306
345 351
351 345
217 223
351 306
187 198
345 279
479 473
133 178
345 306
5 50
434 394
345 351
223 178
217 133
351 345
306 270
89 95
217 223
217 133
223 133
434 479
351 306
95 23
473 434
345 351
89 95
95 5
223 178
473 389
95 89
401 508
473 389
473 479
306 351
133 196
452 399
217 223
148 192
404 392
217 223
95 5
217 223
50 89
178 223
223 133
306 345
217 223
276 320
434 473
217 223
389 473
261 306
89 95
261 351
95 89
345 261
217 223
261 303
326 362
89 95
479 434
178 223
434 473
434 479
473 479
89 50
389 444
351 345
473 434
434 479
351 306
473 434
223 217
95 5
178 223
389 473
473 389
306 351
434 490
434 401
306 345
473 479
223 178
479 389
351 345
89 95
95 5
261 351
479 434
345 351
389 479
434 403
345 351
217 223
223 217
389 479
217 133
133 217
178 217
447 504
54 45
473 479
5 89
351 306
345 306
217 221
261 351
345 351
89 95
351 261
89 50
351 306
133 223
178 133
51 63
473 389
345 306
223 131
345 351
345 306
434 479
89 95
434 479
89 95
389 479
345 351
178 129
223 178
351 261
345 261
345 351
345 351
217 223
95 50
50 89
345 351
479 473
473 461
217 223
345 351
89 5
178 217
473 479
306 351
389 434
479 389
89 95
50 95
169 196
479 434
223 217
223 217
89 95
145 253
178 217
89 95
479 473
95 89
217 223
389 479
50 95
434 505
223 217
345 261
178 133
434 479
89 5
389 434
223 217
261 329
223 133
479 473
5 71
5 95
306 261
217 178
178 133
261 367
261 362
464 389
434 479
50 63
89 83
473 479
261 318
389 479
479 389
261 351
178 223
473 479
306 351
89 95
50 95
434 473
351 261
217 133
261 306
89 47
345 351
50 95
389 473
95 89
178 223
461 434
479 473
89 95
473 389
389 473
404 448
434 479
89 5
50 95
478 401
133 223
351 306
351 345
345 327
50 95
345 351
479 434
473 479
217 223
345 261
434 479
89 95
352 323
95 111
389 479
223 178
479 473
351 306
434 473
351 261
479 434
133 217
95 5
351 345
434 479
125 95
306 294
306 345
217 223
479 434
345 351
217 133
306 379
473 434
89 95
335 336
246 170
178 170
64 81
306 351
50 5
89 23
179 224
389 461
207 182
217 223
479 389
434 408
345 351
399 463
261 351
351 261
50 5
389 479
178 223
178 223
505 434
217 133
217 223
223 178
473 434
89 95
178 223
389 479
345 351
217 223
389 491
89 95
473 389
435 426
217 223
89 95
473 479
473 434
50 95
306 261
473 434
345 306
133 184
89 95
479 473
95 5
337 320
178 217
89 95
473 414
95 89
178 131
389 483
133 223
50 89
95 23
95 50
351 345
389 479
261 345
351 345
345 306
261 345
50 89
389 479
473 389
217 133
95 89
89 95
133 217
178 217
178 223
345 261
50 5
345 261
345 306
223 151
50 5
5 50
473 479
389 501
95 5
434 410
473 434
89 95
345 306
389 434
50 20
123 119
95 89
223 178
434 479
473 384
217 223
89 95
434 470
217 223
345 306
50 95
479 473
224 161
306 345
306 261
89 95
479 473
15 79
50 95
351 290
143 211
223 217
217 223
389 479
178 223
217 223
178 202
407 479
145 208
5 95
89 95
399 467
178 217
133 223
261 290
261 345
50 95
50 95
345 351
345 261
399 463
50 95
351 261
178 223
473 479
223 166
261 351
479 473
50 89
261 355
261 351
345 351
178 223
223 178
89 95
89 95
5 50
479 434
50 1
95 25
306 351
345 306
95 89
5 73
178 217
479 473
473 479
479 429
351 306
217 178
505 507
479 398
95 89
473 479
95 50
14 100
389 479
473 434
389 479
217 223
339 362
389 447
389 479
479 473
449 483
473 479
306 345
351 306
223 217
95 89
434 430
345 261
133 217
5 85
345 351
473 479
351 345
133 219
345 351
223 178
217 171
50 5
306 351
5 73
479 434
345 261
473 479
389 473
89 5
261 351
217 170
133 223
479 434
473 389
351 310
95 123
345 351
5 89
50 5
261 345
306 304
217 178
228 247
178 167
479 473
89 95
358 306
5 95
217 223
107 13
223 166
345 351
345 261
345 306
345 351
178 159
473 434
50 95
345 351
261 345
345 307
217 223
351 302
178 223
95 89
381 351
473 479
261 306
5 89
50 83
306 351
434 479
345 306
351 327
351 261
178 223
473 479
273 309
179 170
249 145
389 473
345 351
133 175
473 426
54 21
306 331
223 178
483 436
298 307
95 5
351 345
389 459
434 438
217 243
95 89
479 473
259 345
217 223
95 89
178 214
89 95
5 73
133 178
133 223
50 5
345 306
95 5
473 479
306 351
95 50
345 351
261 345
351 345
217 223
473 479
473 389
399 463
306 261
434 473
223 133
223 133
217 178
89 95
223 178
473 394
345 261
89 95
351 345
261 306
133 175
95 89
509 510
479 473
50 5
5 95
345 351
261 345
345 351
89 95
261 306
5 89
217 178
217 223
89 95
5 95
217 133
223 178
217 223
473 479
389 479
89 95
389 473
345 351
100 14
479 389
345 351
217 223
217 133
89 50
306 351
223 178
89 5
351 261
95 50
178 223
65 57
479 389
473 479
89 30
217 178
345 261
473 479
306 351
261 303
434 389
473 434
50 95
133 217
473 389
345 261
473 479
306 345
479 407
178 226
54 63
178 223
89 5
434 461
217 223
217 223
434 479
261 306
89 5
261 306
217 211
223 217
178 223
398 465
434 389
223 133
50 95
306 351
89 50
261 345
351 273
351 306
89 95
217 223
434 479
133 217
351 261
89 95
306 351
89 74
217 223
345 351
5 38
223 178
473 479
89 95
479 473
261 345
89 5
345 306
261 351
434 389
369 314
345 351
223 217
95 89
479 410
306 271
223 217
261 303
261 351
389 479
223 217
261 351
306 261
89 95
351 270
223 178
50 95
50 5
351 345
89 116
223 178
223 217
5 95
306 351
89 50
345 261
345 351
223 217
479 422
5 95
178 223
398 479
5 95
133 207
133 251
345 351
133 223
473 434
345 351
306 351
89 95
261 345
89 95
178 217
223 178
170 249
95 89
479 389
389 434
351 306
351 345
89 95
473 434
473 389
217 133
473 389
261 351
89 41
247 227
89 95
351 345
473 434
133 178
351 345
178 222
192 247
345 306
95 89
95 50
95 5
389 473
479 389
473 479
133 217
261 345
345 351
345 261
217 223
473 479
5 89
457 389
217 133
89 95
217 178
434 389
89 95
345 261
5 89
50 5
50 89
95 89
434 423
434 479
89 5
95 50
261 351
89 5
447 463
95 89
306 269
473 479
351 264
351 345
479 475
217 223
473 479
261 351
473 479
217 223
389 479
458 484
345 351
261 306
217 223
170 179
217 223
389 479
95 5
345 261
178 133
473 434
473 455
345 351
479 473
223 132
217 178
95 83
223 217
434 479
50 95
351 264
223 142
473 434
95 5
473 479
113 58
351 261
223 151
389 507
95 18
217 223
306 351
95 50
217 223
345 306
434 473
351 345
133 211
217 178
473 479
479 476
434 479
50 95
100 119
351 327
95 89
473 479
5 95
89 95
121 118
217 133
351 345
434 430
5 95
133 217
248 235
217 143
223 217
473 479
5 98
345 261
345 351
178 217
223 151
306 345
95 23
89 95
473 479
345 351
447 504
95 5
133 175
95 50
5 50
89 50
351 345
133 217
351 345
261 345
217 178
306 261
377 294
479 473
223 217
479 445
217 223
434 479
434 479
223 133
133 175
95 81
89 95
50 95
351 306
306 326
306 351
89 95
389 473
473 479
178 239
217 138
5 89
479 434
217 223
479 389
217 223
95 50
5 95
473 434
425 454
133 223
5 95
351 327
50 95
261 329
306 285
89 50
50 89
50 15
473 494
217 223
351 345
217 133
345 351
473 479
261 351
17 23
261 345
100 119
473 479
483 463
261 351
389 479
351 310
479 473
473 389
50 95
306 309
5 95
479 407
89 95
479 473
261 306
133 201
261 306
434 479
479 473
50 95
217 133
5 95
345 261
95 5
434 467
217 223
89 95
50 43
133 217
133 217
434 479
223 133
306 351
345 261
345 351
476 434
95 89
217 178
223 217
89 95
178 217
178 223
50 89
95 89
217 178
89 50
223 217
50 89
473 479
434 473
178 133
479 473
217 193
223 178
50 102
5 95
95 50
89 50
351 306
473 434
178 251
479 389
5 89
473 479
261 351
434 483
95 89
345 351
473 389
223 217
473 479
306 351
217 178
473 479
89 95
5 50
253 138
5 95
178 200
89 50
345 306
473 434
217 223
272 345
351 355
261 355
50 95
345 306
223 217
217 251
217 159
399 467
351 261
217 142
50 123
261 345
192 189
223 133
5 95
261 351
345 351
95 50
5 123
477 434
95 89
222 248
95 89
479 394
306 287
34 65
345 306
217 223
331 345
95 5
217 247
473 479
217 223
89 95
95 89
5 95
5 73
473 508
306 261
133 178
479 473
217 178
479 434
306 269
89 95
351 261
50 95
306 345
261 306
479 434
133 223
351 306
434 479
345 378
306 351
261 351
389 457
133 217
479 473
133 217
345 306
95 23
217 223
15 34
389 457
95 5
345 351
345 351
479 473
217 223
261 306
50 1
345 306
479 481
351 345
479 389
178 223
345 351
89 125
434 479
473 479
182 227
160 202
389 479
306 345
142 209
479 389
351 345
50 5
223 133
89 95
345 261
51 36
217 223
434 479
351 261
434 463
434 479
95 5
133 217
345 298
333 345
223 217
89 95
479 507
95 50
121 124
345 261
5 50
434 479
454 426
306 345
434 394
479 473
505 424
50 95
89 95
217 178
95 89
345 261
192 141
178 223
345 351
182 222
306 351
89 50
479 473
479 446
276 264
351 310
473 463
345 306
89 95
473 479
351 345
50 5
178 238
95 89
133 223
178 223
345 261
50 11
50 89
133 243
89 5
261 345
217 223
95 50
217 223
351 261
261 345
306 345
434 479
89 95
473 479
223 178
473 434
434 479
217 223
389 473
217 178
95 89
217 223
89 5
479 434
217 133
389 434
50 95
5 89
306 351
89 5
133 223
89 5
479 473
178 133
95 23
89 5
5 89
261 306
217 223
50 95
17 5
306 351
473 389
306 275
306 351
351 306
479 473
217 223
95 5
479 473
50 5
345 351
351 345
5 95
314 369
217 245
223 151
223 217
5 95
50 42
133 217
473 434
5 95
261 264
429 434
479 473
345 351
178 243
473 467
5 89
253 223
217 223
345 306
63 79
95 89
5 95
133 194
479 473
217 223
50 95
5 95
223 217
351 306
473 479
5 58
133 178
389 434
289 381
141 235
473 479
345 306
306 351
434 479
5 95
345 261
425 407
217 223
434 473
100 5
276 320
306 351
351 345
223 217
473 479
426 465
473 479
389 414
133 223
345 351
473 467
133 178
120 94
179 211
223 199
345 261
409 490
223 217
473 434
389 473
473 479
345 306
389 461
324 297
434 401
351 345
178 223
389 434
217 223
89 95
50 89
479 473
89 95
89 5
306 351
64 8
50 89
479 473
217 223
89 95
351 348
306 351
307 256
217 223
89 5
345 351
178 223
89 95
178 140
271 335
351 345
345 351
95 50
217 159
178 223
223 217
95 50
193 162
79 83
484 398
261 351
217 223
473 434
217 223
223 133
50 95
63 96
425 399
89 95
89 95
351 306
178 223
261 345
306 351
5 50
89 50
217 223
95 89
95 35
217 130
351 345
89 95
261 303
261 351
509 456
479 434
447 504
479 407
377 331
89 95
261 351
473 389
5 95
89 95
261 306
217 133
50 95
133 223
95 5
217 178
89 50
89 95
389 479
473 434
434 479
351 306
95 5
178 217
434 459
89 5
241 186
223 217
345 351
217 133
5 89
51 25
50 95
217 133
89 5
479 434
217 223
261 351
15 79
434 389
5 89
434 436
271 339
389 473
89 50
95 14
261 330
351 345
363 269
345 306
5 95
434 473
306 261
351 279
217 133
261 351
434 473
217 223
217 223
217 223
479 389
261 351
306 344
89 50
133 223
217 223
434 479
389 431
345 306
223 191
217 223
484 503
306 351
306 261
95 89
89 50
389 434
89 78
95 23
217 223
5 95
178 223
345 351
178 217
178 217
437 434
479 473
319 335
5 47
306 351
95 89
479 473
306 345
479 389
473 479
89 5
5 73
133 217
95 89
345 351
351 306
223 133
434 479
345 306
89 95
41 76
473 479
434 389
223 217
434 479
434 473
261 351
479 434
345 306
89 95
95 50
389 439
473 479
345 306
351 306
95 50
133 234
438 434
479 468
473 501
335 310
5 89
261 351
306 351
5 95
495 454
89 5
434 473
223 133
434 473
95 50
95 5
473 434
5 50
223 217
89 95
434 479
217 223
178 223
95 50
434 479
223 192
479 389
5 95
345 351
389 479
95 5
345 312
223 217
153 234
389 473
434 389
310 375
50 95
261 351
389 479
389 431
5 123
217 223
345 351
217 178
95 89
133 223
89 95
217 223
133 227
223 178
133 201
5 50
434 473
389 434
133 221
434 473
479 434
306 351
479 473
473 479
306 345
5 95
389 473
192 222
217 178
153 223
261 351
5 50
479 473
447 504
178 223
50 95
473 479
178 223
178 223
351 345
473 479
389 444
95 111
217 129
351 261
89 14
223 151
345 351
178 223
306 261
133 178
178 133
473 479
473 479
261 369
473 479
223 178
223 217
95 23
217 133
133 217
389 457
351 345
217 223
223 133
473 389
261 351
178 223
306 261
50 95
89 83
351 261
434 473
50 17
223 151
95 50
473 479
351 327
502 426
350 326
306 351
95 89
223 212
50 0
95 89
223 142
89 50
345 351
95 89
306 351
89 95
261 329
473 479
178 133
223 178
479 434
223 178
170 222
217 223
389 479
389 473
473 479
133 136
95 31
473 434
434 424
434 473
473 389
473 434
261 351
479 473
50 5
473 434
261 345
345 261
89 95
306 351
50 95
95 5
426 389
217 244
261 351
306 261
473 507
479 473
50 89
217 223
50 5
95 89
351 261
345 351
89 50
50 5
5 50
113 58
133 217
345 351
345 351
306 351
351 306
50 21
479 434
89 95
351 261
345 351
401 464
473 404
50 89
223 217
178 133
89 71
89 95
178 133
95 23
223 217
217 223
5 89
50 95
434 501
389 479
345 261
351 345
223 178
95 5
133 223
473 389
389 479
5 95
5 77
389 434
389 481
50 89
345 306
223 133
261 345
306 351
473 479
351 345
5 17
473 407
217 223
95 23
306 345
434 473
345 358
306 351
133 223
89 95
345 306
169 136
217 188
503 483
261 307
351 345
345 351
345 261
479 434
95 5
95 89
133 223
89 5
95 5
483 429
89 95
217 223
435 495
306 351
95 10
389 479
133 223
217 133
217 223
345 353
89 50
20 64
217 178
352 272
178 217
133 198
261 306
50 95
63 120
196 142
473 479
351 345
351 345
133 169
89 50
351 270
50 95
178 223
442 467
479 434
479 473
389 505
306 351
479 473
479 473
479 473
358 351
89 95
89 50
95 50
261 345
389 433
5 89
389 479
89 95
345 351
217 178
389 434
178 223
473 389
345 351
389 479
5 95
5 50
50 4
217 223
223 133
223 178
479 389
5 73
345 351
217 178
479 473
178 133
89 35
479 473
479 473
217 223
389 479
178 223
223 217
345 351
261 306
5 95
306 345
89 95
479 398
473 479
345 351
223 133
290 270
261 319
95 50
483 463
345 306
95 50
178 223
178 217
217 178
345 351
223 217
306 345
223 217
473 479
50 95
89 95
473 479
178 166
196 169
306 351
89 95
345 351
345 351
434 482
503 392
479 409
345 351
351 270
223 178
217 178
351 306
17 125
217 223
261 351
434 473
434 479
345 351
43 50
50 95
306 341
479 389
133 217
89 5
389 434
306 261
351 261
389 479
89 95
389 479
369 314
178 223
95 5
434 479
5 95
261 306
345 306
442 497
217 133
345 351
473 389
217 223
351 261
345 351
473 434
473 479
217 151
217 178
479 434
217 178
50 5
95 50
217 223
223 217
223 148
389 434
89 95
133 223
178 217
261 345
345 306
261 351
95 5
351 345
345 306
351 345
5 89
306 351
223 133
217 142
345 351
191 211
351 279
217 178
473 434
473 434
89 20
123 119
217 182
223 178
178 217
246 223
89 50
479 389
351 266
50 89
50 95
94 5
217 133
306 270
50 95
434 506
50 89
89 95
89 95
89 95
306 351
178 223
345 351
473 479
479 389
479 473
473 425
479 499
217 133
89 22
178 223
223 217
434 479
473 479
95 89
479 407
95 83
351 261
261 303
356 375
223 178
95 89
351 270
473 479
479 434
89 95
5 50
5 89
261 351
133 217
178 223
89 50
178 223
479 444
306 351
95 5
479 434
178 145
133 223
89 95
95 89
345 351
223 178
473 479
217 133
68 14
217 178
261 301
261 345
479 434
479 389
95 89
217 223
89 95
217 223
223 217
217 178
351 345
223 178
473 479
345 351
217 223
345 351
479 434
5 73
389 479
133 178
473 389
345 351
89 32
351 298
50 95
5 89
133 223
89 50
351 306
217 223
50 95
261 351
345 351
351 298
5 107
89 50
95 23
306 291
32 74
89 50
345 327
178 131
261 345
261 378
389 434
389 457
217 178
95 14
5 63
434 479
95 89
178 133
95 89
261 348
434 463
89 95
95 89
95 89
473 479
473 479
351 261
222 192
133 223
319 378
426 435
217 223
479 473
178 133
89 5
223 178
381 319
345 306
479 473
306 351
306 351
345 351
50 95
89 95
434 479
351 345
273 309
261 351
89 50
223 178
217 223
178 223
50 30
345 351
50 5
217 223
389 434
345 371
50 5
223 217
509 443
389 479
306 351
50 95
351 261
345 306
74 100
351 372
473 434
99 118
42 111
217 133
95 89
306 345
261 367
217 247
479 473
434 427
351 256
223 217
217 133
351 261
89 95
217 223
5 50
89 4
133 222
479 434
389 479
351 261
261 351
389 473
223 217
89 83
133 223
223 178
351 345
89 50
345 351
217 178
473 494
479 473
479 473
434 473
434 479
345 351
89 95
351 345
241 186
217 133
89 95
223 227
473 389
5 89
217 223
178 217
261 373
479 389
351 306
113 58
95 89
434 479
345 351
95 50
64 83
178 217
196 169
89 95
479 434
5 95
306 287
178 133
273 381
217 145
89 95
217 178
223 178
121 9
351 261
217 223
89 50
89 50
434 444
261 306
261 351
89 95
434 479
473 389
351 261
50 5
217 133
50 5
306 273
5 50
351 306
133 247
5 50
473 434
351 345
223 217
178 223
480 457
182 133
95 89
479 384
345 375
351 381
306 351
217 223
261 351
178 133
178 133
95 5
479 473
434 479
479 473
434 473
479 441
95 89
351 261
95 89
351 306
345 270
345 351
95 50
355 370
297 307
223 217
89 95
95 50
50 95
50 24
133 223
50 89
434 479
473 389
473 479
89 5
89 5
5 95
351 306
495 426
320 308
223 251
133 217
473 479
473 493
389 473
5 89
345 306
351 279
306 351
217 223
178 223
89 95
223 217
50 95
480 491
50 5
50 89
389 473
261 345
479 389
434 479
5 95
5 95
217 223
247 136
355 323
345 306
345 306
473 434
306 261
473 389
473 479
345 306
473 434
96 104
89 95
345 306
143 162
473 479
89 95
50 95
473 389
389 434
479 473
479 473
5 95
345 351
306 351
5 89
89 95
345 351
223 178
479 473
89 25
5 95
345 351
223 133
5 95
345 260
5 95
345 351
261 345
50 6
50 95
178 223
483 510
306 339
133 178
223 178
223 217
5 95
479 473
306 351
306 351
95 5
95 50
5 95
148 192
479 500
5 95
223 217
89 95
50 17
89 50
217 178
473 479
89 95
389 479
133 203
479 434
473 389
89 95
133 223
473 479
478 387
89 95
217 223
222 240
351 345
251 247
95 5
345 261
261 351
217 133
389 438
50 89
95 50
351 345
479 389
435 389
223 133
95 89
178 223
345 373
306 261
351 345
473 479
133 223
89 50
133 223
223 207
306 345
434 479
5 95
223 217
345 351
351 261
389 473
261 306
50 95
42 94
261 303
217 223
479 473
320 279
95 89
89 95
95 89
50 95
261 306
217 223
5 65
5 89
389 473
434 479
178 223
479 473
223 217
473 479
217 133
89 5
473 486
345 261
89 5
223 133
5 95
217 223
345 261
89 50
89 95
145 139
223 217
345 351
5 50
133 217
351 345
217 223
306 351
249 148
217 133
306 351
217 223
217 133
223 217
345 351
345 306
89 5
297 279
306 351
95 89
339 367
217 223
473 434
5 89
345 351
351 306
95 89
389 479
223 217
217 170
351 345
473 479
50 89
217 223
473 479
223 217
95 89
306 345
389 434
389 434
381 351
178 217
223 133
133 217
345 351
178 223
345 351
276 351
310 339
306 260
50 95
345 261
178 217
261 306
434 401
50 95
261 345
217 178
217 178
223 133
345 351
133 178
170 179
345 306
217 223
290 270
217 223
479 473
5 95
95 5
95 50
217 147
223 217
345 351
345 298
345 351
95 50
143 211
95 50
178 223
465 426
345 261
178 251
95 89
89 95
223 133
217 223
89 50
351 332
351 306
63 79
223 217
223 217
434 473
479 473
223 178
50 95
50 89
479 473
434 479
479 473
351 345
5 89
307 298
261 351
95 89
89 50
50 7
133 223
217 223
223 133
95 89
261 306
389 479
306 351
352 265
20 8
133 178
351 345
480 406
89 95
95 38
223 178
434 479
306 345
50 95
473 479
125 94
223 178
350 348
350 277
452 399
5 95
306 351
306 345
223 217
50 3
389 451
389 479
133 223
217 223
5 89
261 362
271 290
89 76
345 326
306 351
95 89
351 345
178 223
404 507
95 5
345 351
217 223
217 223
223 217
223 217
473 430
95 94
217 223
192 213
345 306
133 178
133 178
351 340
473 479
5 95
217 178
306 345
217 223
345 306
442 459
345 308
89 5
345 261
345 261
479 473
133 223
351 306
50 5
389 482
50 95
345 333
306 351
217 178
5 95
473 479
389 479
89 95
261 351
95 89
351 306
345 361
351 306
479 434
306 261
178 223
178 133
473 434
89 95
133 217
50 116
473 479
89 50
351 345
345 351
170 179
178 223
389 479
217 223
89 5
89 95
345 261
247 251
479 473
223 133
5 89
63 81
261 303
479 434
178 223
5 50
261 306
217 133
389 479
306 330
261 351
479 434
89 95
345 351
351 261
345 351
345 351
345 306
223 133
434 479
345 306
345 306
479 398
261 351
345 351
377 278
351 345
479 389
434 479
223 178
95 89
389 473
351 345
478 422
479 389
50 95
473 389
399 418
473 434
5 95
133 221
261 351
345 261
261 306
133 178
479 473
223 217
345 351
95 5
217 223
473 398
182 178
89 95
345 351
223 142
95 5
178 217
345 354
95 89
473 479
5 89
452 425
351 306
345 351
270 356
473 479
389 479
351 345
261 345
50 95
351 279
95 50
374 321
261 351
89 95
261 324
95 5
434 479
473 479
133 217
50 95
223 217
351 261
89 5
473 479
434 479
261 306
345 351
5 89
351 297
264 320
434 476
89 95
89 95
434 473
89 95
345 306
217 133
217 146
479 473
345 351
50 5
95 50
95 89
389 457
217 157
351 345
389 473
217 178
479 473
345 261
133 223
307 319
473 479
133 212
479 473
389 473
345 351
95 89
345 339
306 309
217 178
473 479
351 345
223 142
473 434
5 50
306 351
261 306
5 95
89 95
5 89
178 217
261 351
345 351
351 261
5 89
133 217
479 473
345 306
217 247
324 271
473 479
95 89
306 329
5 95
5 50
50 95
217 178
473 479
389 407
133 217
345 351
473 479
351 261
434 479
217 178
306 261
5 50
133 217
473 389
95 89
64 83
351 306
223 217
479 473
5 50
306 351
50 89
345 306
479 389
345 351
473 505
351 345
351 261
223 217
50 5
89 95
479 473
434 473
479 407
381 354
351 345
351 345
89 91
50 95
345 306
351 261
95 89
5 95
223 178
351 306
5 95
473 479
479 434
89 95
306 345
351 261
5 89
223 217
345 306
479 434
306 261
473 434
95 14
345 261
345 351
95 5
217 223
261 351
217 178
351 270
345 351
479 434
133 223
217 178
473 434
473 479
178 217
473 479
217 223
95 50
133 223
64 21
345 261
89 50
50 89
345 261
133 223
261 306
89 50
50 6
479 473
479 473
473 434
345 351
145 185
178 133
95 5
89 95
95 5
50 95
50 5
479 389
473 479
217 223
479 434
5 95
217 227
473 479
345 351
223 217
473 479
5 50
217 229
351 335
217 223
345 351
217 223
89 95
306 351
351 261
5 50
5 95
261 329
345 301
306 351
452 425
306 351
473 479
223 217
351 306
95 89
223 178
178 223
217 223
479 398
473 479
5 89
89 50
178 223
178 253
389 479
479 434
381 304
217 223
306 351
217 223
50 52
434 479
178 133
434 479
217 223
89 5
89 95
473 479
5 89
479 434
223 178
89 79
95 102
434 507
345 351
217 223
434 389
324 271
351 306
345 351
95 14
261 351
89 99
345 306
345 351
479 389
223 133
389 473
223 178
89 123
5 95
95 23
223 217
95 50
133 217
89 50
473 389
50 101
351 345
479 389
389 479
381 349
345 351
345 351
50 5
479 410
89 95
389 431
351 306
479 389
306 261
351 306
434 479
217 223
223 217
306 351
50 95
434 479
95 50
133 217
50 95
389 473
95 50
306 351
306 303
345 313
448 466
345 351
5 95
345 351
89 50
389 479
434 473
217 223
223 217
479 473
479 434
345 261
95 14
345 351
50 95
50 95
217 133
363 269
50 89
306 351
217 223
479 473
89 95
351 345
478 389
65 16
479 473
223 133
261 306
223 178
473 479
5 89
133 223
223 133
479 434
133 185
434 479
479 389
89 95
50 95
89 95
389 479
479 473
223 133
178 217
95 5
192 136
345 351
133 223
389 473
479 434
479 389
50 89
89 95
178 223
133 205
434 479
345 372
306 351
473 434
178 223
345 351
178 223
5 89
95 89
217 223
217 223
178 133
434 473
505 426
217 178
351 335
306 351
223 217
306 351
89 5
479 473
223 217
89 95
306 261
217 223
345 351
94 109
473 479
306 351
223 217
89 56
345 261
261 351
261 306
434 479
95 41
133 217
351 345
389 473
223 133
217 178
178 133
223 217
479 473
434 473
223 178
389 479
50 95
473 479
178 223
319 376
479 473
306 351
306 351
223 151
261 345
89 50
95 5
223 217
335 339
261 306
95 14
345 351
389 479
261 351
89 95
389 473
479 473
345 351
95 50
345 329
473 389
95 5
50 52
95 5
89 5
50 95
133 178
89 95
434 473
389 457
89 95
261 345
223 178
351 345
306 261
95 50
479 434
217 223
89 95
261 351
5 95
133 223
306 351
351 345
389 431
473 479
50 106
5 115
345 306
223 133
178 223
217 133
89 95
351 347
505 399
389 479
50 95
50 5
89 95
5 73
308 306
217 223
89 95
261 351
479 473
389 479
505 409
345 351
345 351
89 50
447 504
133 201
345 306
306 261
217 223
133 153
351 261
50 17
5 89
89 95
95 5
223 142
479 473
479 389
306 351
389 479
89 95
479 473
351 261
133 223
133 217
473 479
306 261
89 50
261 351
345 261
355 311
351 357
473 479
404 448
178 223
261 351
473 478
261 306
89 95
473 404
479 489
223 178
351 306
355 318
434 479
89 59
95 5
261 270
473 479
217 178
261 351
434 479
261 274
473 434
133 223
479 473
217 246
95 50
473 434
95 89
319 376
50 95
261 306
434 473
351 345
178 223
307 379
434 479
306 345
99 34
178 187
434 473
351 379
473 449
351 261
178 217
261 306
133 223
473 479
479 434
217 178
345 351
89 78
350 322
345 351
434 479
351 345
261 306
339 271
223 142
345 351
133 223
434 479
50 95
133 217
389 438
473 479
223 133
351 306
89 5
95 50
217 221
261 351
217 178
306 345
261 351
479 473
223 178
306 261
306 261
217 223
217 133
434 479
345 261
447 426
5 95
217 168
133 142
261 303
434 479
345 351
473 479
345 261
402 389
50 81
398 389
473 479
223 217
178 223
434 473
479 389
217 223
170 179
223 217
434 479
345 306
217 178
434 468
178 182
351 345
133 138
351 274
223 217
362 339
50 95
89 95
223 217
389 434
5 50
89 95
345 351
50 31
351 261
95 50
351 374
473 479
5 89
479 506
95 50
306 351
434 444
261 306
261 351
479 473
95 89
389 434
351 345
345 351
389 479
345 351
89 95
473 389
306 351
271 335
473 479
95 47
133 178
389 434
261 351
89 95
434 479
217 223
345 351
89 50
473 479
223 217
89 5
223 255
95 5
223 217
95 50
223 133
178 223
133 217
178 223
50 51
178 223
345 306
95 89
50 89
345 351
306 351
223 217
345 351
345 351
223 133
473 434
434 389
306 261
89 95
434 473
217 223
223 133
50 89
217 176
89 95
89 95
306 351
217 223
5 123
79 19
351 279
473 479
261 351
89 50
345 351
50 95
473 479
389 479
351 345
5 47
479 389
306 351
249 191
50 95
5 95
133 217
306 351
217 223
345 351
479 407
223 151
217 223
261 306
351 306
306 261
89 5
345 306
89 5
95 89
89 95
320 339
479 407
473 434
306 351
473 479
217 178
89 5
50 42
89 95
5 89
345 351
50 89
217 223
473 434
297 351
241 186
217 178
351 306
434 479
473 479
95 50
351 261
95 89
473 479
95 5
95 89
95 89
261 306
307 280
89 95
345 351
306 351
261 351
133 179
178 223
246 170
355 382
473 389
509 403
479 473
95 50
89 5
178 223
389 473
345 306
133 223
473 389
41 68
473 479
261 345
473 389
223 217
95 89
473 479
89 50
95 5
473 479
473 434
95 89
389 473
89 50
95 89
5 22
306 305
217 133
473 434
133 178
434 479
133 217
389 434
473 434
5 50
473 479
345 351
434 402
5 89
261 306
306 351
5 89
133 223
389 473
389 434
217 223
17 7
223 217
473 479
351 256
473 434
351 345
5 50
89 95
95 89
223 238
345 351
389 434
345 261
95 23
479 473
217 223
223 151
50 95
479 473
261 351
217 223
217 223
345 351
261 351
50 95
351 345
234 226
50 95
50 64
175 148
389 434
223 241
389 434
217 223
389 473
182 166
223 217
95 50
5 95
50 95
89 5
434 479
351 345
5 89
434 460
473 479
389 473
473 389
345 351
54 81
434 437
351 345
217 223
223 217
118 13
473 479
217 223
345 351
50 95
50 95
223 142
473 479
261 351
217 178
217 223
434 414
5 89
434 389
95 89
479 473
351 261
217 178
95 50
479 434
479 434
306 351
50 95
473 389
89 23
479 473
223 217
217 178
434 479
89 50
434 473
89 95
223 217
223 178
351 270
223 178
351 345
261 345
133 217
89 5
89 95
479 473
345 351
473 434
351 345
89 95
89 5
217 223
47 20
434 458
345 351
133 217
89 95
217 223
178 133
479 473
223 178
479 389
345 261
217 178
25 74
473 479
434 478
217 178
261 306
223 178
355 373
509 427
178 133
95 50
261 351
89 50
448 475
381 330
389 473
5 73
217 223
5 50
351 345
261 329
217 223
50 3
178 223
223 217
89 50
89 53
351 308
434 479
345 306
473 479
473 479
89 5
133 223
89 47
223 217
306 295
479 473
473 479
345 257
223 151
351 261
89 95
223 178
95 123
95 89
178 223
351 345
479 434
345 351
217 223
223 217
186 241
345 306
345 351
95 89
473 434
95 89
217 133
50 95
261 351
217 223
389 461
89 123
223 250
479 389
46 121
50 95
261 345
351 261
306 345
223 217
169 143
434 489
5 89
50 89
89 5
178 223
198 170
351 345
5 50
345 351
389 479
261 345
223 217
479 389
345 261
95 0
434 389
345 306
399 463
95 89
351 261
50 95
473 479
50 66
351 261
249 140
217 178
223 151
217 223
345 261
389 479
223 217
261 306
473 479
473 434
50 5
89 95
473 434
434 467
89 50
223 217
223 178
178 133
89 95
473 434
95 89
389 473
133 223
479 434
89 95
133 201
5 89
389 479
389 473
223 133
95 89
306 351
5 47
125 121
178 133
261 345
178 133
95 5
32 74
133 178
479 389
95 5
479 473
261 345
217 223
351 279
306 294
217 138
351 345
50 33
434 479
351 345
356 270
351 345
306 273
50 95
143 211
473 394
473 479
345 306
50 89
95 5
5 95
223 217
473 479
5 50
478 438
223 183
223 133
351 345
89 50
95 14
217 223
261 351
479 434
95 89
261 351
95 50
133 246
345 351
95 89
5 89
261 351
217 223
479 473
178 217
261 345
479 473
178 223
377 316
50 95
351 261
217 223
50 86
41 75
473 434
223 133
5 47
223 178
345 351
345 261
50 95
479 422
89 50
306 261
479 389
389 457
5 47
276 377
261 306
479 473
50 95
306 345
217 223
50 95
95 89
89 50
89 50
217 133
223 133
217 223
133 223
178 185
306 351
261 306
89 30
223 178
389 434
20 8
389 410
473 479
5 95
473 479
345 351
351 345
473 389
123 119
306 351
64 40
217 178
473 479
224 135
5 47
345 261
133 223
351 345
345 306
217 223
133 177
389 431
479 389
89 95
473 479
89 95
434 473
217 176
133 223
133 217
389 457
434 433
381 304
178 133
89 16
68 15
89 95
345 261
479 473
478 449
217 223
389 479
409 490
345 351
351 345
89 50
351 345
307 315
434 479
95 66
223 199
89 95
473 479
50 95
473 434
223 142
270 337
389 473
5 14
473 479
5 95
89 95
351 345
133 191
223 178
479 491
345 351
345 261
223 133
479 407
89 95
5 95
261 303
217 223
306 303
95 89
345 306
217 178
434 479
95 89
351 345
479 389
345 351
223 133
223 133
95 14
434 473
306 351
5 95
389 479
217 223
89 95
345 306
5 48
89 95
345 351
217 223
107 121
306 289
217 223
50 95
306 345
434 479
217 178
306 351
389 479
217 223
261 345
5 95
217 223
50 95
217 133
351 345
389 431
5 50
473 479
133 223
50 95
223 133
473 479
133 223
351 270
178 223
5 89
178 223
473 434
479 434
351 345
434 485
223 133
345 351
473 479
223 178
306 351
95 89
89 95
434 389
479 434
345 351
434 473
5 95
133 217
345 351
351 306
479 389
133 207
435 510
479 434
118 42
133 223
217 223
89 95
5 95
89 95
479 434
20 121
95 89
217 223
133 170
478 389
5 89
345 351
261 306
79 54
89 95
89 95
95 20
351 261
473 479
404 392
479 473
389 473
351 336
249 142
217 133
133 217
223 217
473 479
50 95
95 50
178 223
351 366
351 261
351 306
463 484
5 89
345 351
434 479
261 303
95 50
217 178
95 50
5 63
473 479
389 473
345 351
271 335
217 178
95 89
223 217
5 95
223 217
306 351
479 473
133 178
223 217
95 17
345 351
95 120
50 95
125 5
50 5
389 479
502 397
306 261
133 217
345 351
223 217
217 223
479 434
463 399
217 223
381 369
345 306
473 479
89 50
50 20
63 79
223 217
351 338
217 133
95 50
261 345
389 479
95 50
223 133
434 479
473 389
89 50
223 133
133 223
324 271
434 473
261 290
479 473
345 261
473 479
5 73
50 75
473 479
351 275
217 178
217 133
261 303
179 208
217 133
473 479
95 89
479 434
434 389
95 83
261 297
389 434
217 223
479 473
133 217
389 502
479 389
306 345
178 171
473 479
261 345
479 407
389 473
178 133
95 89
217 223
345 261
352 315
345 351
306 351
434 479
223 243
479 473
178 223
351 345
223 217
217 178
473 479
89 5
509 495
217 223
306 351
306 345
306 351
479 434
473 479
89 5
217 223
351 261
389 479
389 473
351 345
17 125
89 50
50 95
217 223
306 345
351 345
217 223
89 97
5 89
479 434
223 133
306 351
351 306
479 473
217 223
351 306
223 133
89 95
89 95
223 201
306 351
473 479
223 217
389 457
473 434
178 223
345 261
217 178
89 95
50 95
479 473
133 178
50 95
223 133
50 5
217 223
51 82
389 479
5 50
5 50
345 351
217 223
217 223
479 473
217 223
50 113
133 223
178 223
345 306
95 50
217 178
345 351
479 483
217 178
247 148
133 223
306 303
217 178
345 351
306 351
95 50
133 203
95 83
223 178
178 223
479 473
306 349
389 479
89 95
5 89
5 95
89 81
217 223
217 223
223 217
345 261
434 479
20 64
351 345
5 95
50 95
479 434
133 178
306 335
81 42
133 178
351 345
389 479
95 89
345 306
95 50
434 479
223 217
479 473
95 23
89 5
473 389
473 434
223 178
345 351
217 223
89 95
217 223
133 223
345 351
89 5
95 5
89 95
345 351
178 223
345 306
425 400
133 223
14 81
95 89
306 351
479 434
434 389
351 261
133 223
306 345
306 351
217 223
50 95
306 345
133 217
89 95
306 335
133 223
351 270
178 234
50 89
223 217
178 217
397 478
95 5
345 351
217 223
125 70
217 133
5 50
50 95
434 479
133 178
217 142
351 306
479 434
434 479
306 351
345 350
89 95
306 351
95 89
95 23
5 121
143 162
217 223
217 223
148 192
95 5
473 389
473 479
148 136
434 441
261 314
89 95
479 389
374 269
473 479
133 217
261 351
89 95
389 473
351 306
381 383
223 178
351 345
345 351
377 277
306 261
89 95
5 95
351 345
89 95
5 89
89 95
95 23
351 261
217 178
473 389
345 351
473 477
479 439
479 423
5 73
479 473
54 83
345 306
320 339
261 306
351 270
473 479
473 479
351 345
434 473
473 479
89 95
89 95
389 479
261 351
50 89
479 473
95 50
178 133
64 91
389 434
223 142
345 261
261 306
223 133
351 303
326 298
473 479
217 133
178 217
95 89
306 333
261 351
223 133
479 434
351 306
89 5
434 479
241 186
223 178
217 234
351 261
95 89
479 473
133 223
223 217
473 434
351 345
178 217
479 389
50 95
261 351
89 5
479 473
351 345
95 23
50 5
89 95
223 133
89 95
479 384
133 223
50 95
434 469
473 479
351 270
351 261
5 73
351 345
89 79
345 351
473 434
223 178
261 351
89 95
351 270
89 95
479 389
473 434
306 351
473 479
50 47
89 50
217 178
479 473
89 95
169 129
345 310
50 93
205 133
95 5
351 306
345 261
223 217
306 298
89 95
351 345
50 95
434 389
89 95
389 479
473 479
89 50
89 95
479 459
89 50
479 389
261 339
473 389
306 351
351 345
261 329
50 5
261 345
479 473
51 75
223 217
178 223
97 95
345 351
479 434
473 389
89 5
345 351
199 223
389 434
5 95
389 479
95 89
89 95
217 223
223 142
261 351
95 89
473 434
133 223
473 389
5 47
89 95
50 95
217 223
473 479
50 95
351 345
345 306
89 95
223 217
217 223
434 462
479 407
89 95
345 351
351 345
95 23
306 261
345 351
217 223
223 217
5 95
306 351
217 178
95 14
50 95
95 55
345 351
95 125
5 95
351 355
133 223
261 345
95 50
479 434
479 473
89 5
217 178
351 345
479 389
473 479
345 351
217 223
133 223
434 493
434 412
89 95
306 344
217 133
89 95
473 479
434 473
306 296
5 111
473 479
217 223
473 479
223 133
133 223
217 201
89 95
58 59
479 398
479 431
351 345
223 170
217 133
473 479
434 479
351 345
351 261
479 473
473 389
479 473
217 178
95 89
473 389
95 50
178 223
217 223
434 430
223 217
434 479
345 306
434 479
434 479
351 261
223 251
306 351
223 151
95 5
261 306
217 133
178 133
448 502
351 345
306 345
133 178
41 66
345 351
473 479
473 479
133 217
306 261
217 223
50 5
479 389
64 120
345 306
223 178
479 473
223 133
95 5
473 502
434 478
95 89
261 345
178 133
223 178
95 89
50 95
473 479
306 320
50 89
261 351
89 95
345 351
351 345
217 133
178 223
95 50
473 479
223 217
95 23
479 395
473 479
261 351
261 260
133 223
389 434
434 473
389 479
89 95
389 407
178 217
223 217
261 312
50 95
306 319
345 306
89 95
473 479
389 434
306 345
223 178
261 351
50 95
133 217
89 95
345 351
89 95
306 345
306 351
223 217
261 345
89 95
89 95
389 462
473 434
351 306
392 449
495 454
261 351
223 217
217 193
479 496
473 434
345 351
217 133
89 95
345 351
479 402
473 389
480 483
479 473
133 178
389 479
95 5
89 5
306 345
345 306
473 479
95 5
261 351
223 146
473 479
178 223
217 235
345 306
169 196
133 223
89 95
345 351
217 223
479 389
493 473
95 89
345 351
261 351
473 479
389 431
217 178
473 434
473 479
389 473
193 162
89 95
434 479
50 95
345 351
95 89
389 479
95 50
473 389
479 473
479 473
5 89
479 389
50 95
95 89
99 16
5 95
345 306
306 284
434 479
479 407
389 434
217 178
479 389
345 351
89 95
17 43
473 389
89 95
89 5
133 223
389 457
473 389
261 306
473 389
223 142
389 473
5 89
306 351
473 479
351 345
351 306
479 398
389 479
89 95
217 133
467 463
351 345
223 217
5 20
345 351
50 89
223 133
95 38
5 95
224 178
5 95
217 223
89 95
217 133
143 211
223 217
50 95
389 473
479 434
217 133
50 95
473 479
178 217
217 178
89 95
89 50
5 91
217 223
434 473
473 434
261 306
64 48
351 345
95 89
178 217
306 351
5 95
320 276
217 178
95 89
217 201
89 50
261 351
89 95
178 223
306 261
434 473
42 111
89 5
89 95
89 50
434 479
133 217
345 351
351 345
223 133
133 223
345 292
434 479
50 89
479 389
434 389
351 345
351 345
89 95
351 281
321 306
479 434
89 5
473 479
223 178
345 351
479 405
434 389
217 223
223 142
89 95
345 351
434 479
50 95
479 473
223 217
133 223
261 351
217 223
473 479
89 95
345 306
89 50
479 473
217 133
5 89
223 133
351 261
50 95
434 473
473 479
95 50
351 261
473 479
170 209
89 95
389 504
133 223
473 479
389 473
217 223
389 434
95 89
306 345
178 223
351 261
345 319
217 178
389 479
345 375
178 223
351 306
5 95
223 210
89 95
434 479
479 389
345 351
261 351
223 217
479 392
133 217
434 479
5 73
178 223
389 479
351 345
351 335
473 479
473 479
217 223
261 345
5 26
175 133
345 351
479 473
473 434
133 223
479 434
223 217
473 479
306 351
310 274
473 434
133 223
351 345
217 178
95 5
89 95
133 217
389 473
89 95
261 306
261 351
261 351
321 380
133 217
89 5
351 345
479 473
133 217
351 261
473 479
95 89
345 351
473 479
5 105
5 89
261 351
261 351
89 95
306 351
351 345
479 434
389 479
473 479
389 479
434 404
479 389
355 313
178 157
434 479
473 479
473 479
473 479
479 407
434 473
351 306
223 217
223 133
351 270
217 223
389 457
223 133
479 507
95 89
89 57
95 89
95 89
89 95
95 89
223 204
389 502
217 223
351 306
389 473
178 144
95 89
5 95
473 499
473 479
217 223
209 170
133 223
345 261
223 217
178 153
479 389
89 8
399 418
261 329
345 353
426 465
89 95
5 50
223 178
473 479
434 404
351 306
479 434
178 223
261 351
223 142
389 410
89 95
351 345
306 351
261 345
351 306
473 498
217 223
345 306
5 95
175 148
320 339
306 372
314 339
345 306
50 95
133 223
271 339
484 503
133 217
145 140
95 5
345 351
389 431
473 479
5 73
95 5
89 50
426 389
5 95
95 5
306 345
479 389
473 402
89 95
223 133
5 4
345 261
5 89
133 201
133 223
50 89
389 473
345 351
223 217
434 479
89 95
178 223
95 123
133 229
345 351
5 50
434 390
345 351
351 345
479 473
50 56
217 223
398 465
95 89
434 479
95 50
345 261
389 479
345 351
95 23
217 223
217 187
351 345
247 136
178 223
434 479
345 351
261 351
479 389
89 95
217 194
178 223
95 89
178 223
324 271
389 479
223 217
95 23
351 261
217 133
369 314
89 95
434 389
307 261
434 389
434 473
217 133
434 418
223 133
5 89
95 89
217 133
5 0
5 95
217 223
351 345
217 178
89 95
479 473
479 389
351 306
223 178
418 503
95 89
479 477
473 479
50 89
273 336
89 79
223 217
351 345
89 95
5 47
261 282
473 434
5 50
306 261
247 217
5 89
401 497
345 306
217 133
261 351
217 178
178 133
345 351
345 306
261 306
95 5
351 345
479 389
345 351
345 261
217 178
217 133
5 60
261 351
351 345
133 158
261 345
434 389
389 473
306 338
306 351
50 5
217 223
89 95
345 306
345 306
89 95
50 95
193 227
345 351
133 201
50 6
351 261
473 479
217 223
351 306
478 502
351 261
351 279
50 20
5 89
479 473
261 306
434 479
434 456
261 303
89 95
261 351
345 351
345 351
95 60
473 434
389 473
223 178
5 89
217 223
306 351
473 479
351 306
261 306
223 178
345 306
89 5
473 436
192 148
306 351
223 133
217 223
479 389
479 434
345 306
50 95
95 89
89 95
217 244
89 95
58 5
345 306
345 351
345 368
89 95
223 178
89 5
217 178
178 133
339 362
351 270
345 351
479 473
377 276
479 473
223 217
133 217
95 89
473 479
178 223
319 352
351 345
89 5
89 95
389 479
306 345
434 479
217 223
133 178
223 217
133 217
473 479
253 187
95 50
253 171
306 345
89 50
261 351
89 95
350 287
389 430
479 434
389 479
89 95
5 95
261 281
95 89
217 223
5 50
89 95
89 95
51 60
217 223
389 479
223 133
473 479
89 5
351 345
473 435
95 79
345 351
261 351
223 151
479 473
351 261
389 479
133 217
389 479
389 434
473 434
261 345
178 133
479 407
345 261
473 479
351 270
345 261
389 431
178 223
178 200
434 389
224 148
351 306
345 351
306 351
133 223
50 56
178 223
133 217
217 223
249 194
434 460
178 133
223 217
89 95
448 467
473 479
351 261
223 217
133 223
389 479
261 345
217 133
178 223
473 389
473 434
345 261
434 479
479 434
217 223
223 178
473 479
95 89
133 223
178 223
95 89
473 479
345 351
351 279
223 178
217 223
217 178
351 261
389 479
473 479
401 472
273 329
41 99
434 479
351 261
223 217
217 178
389 479
217 222
169 245
95 5
178 223
118 13
351 276
345 327
178 223
351 345
217 223
95 89
95 89
434 479
351 279
345 351
217 178
217 223
479 389
223 178
345 261
89 95
345 261
351 345
434 479
306 351
223 178
473 389
306 261
5 50
95 89
5 50
479 476
473 479
261 306
389 434
89 50
5 50
434 464
50 95
133 178
50 30
479 389
89 5
351 345
133 217
345 351
50 89
479 478
331 345
345 351
133 175
351 345
350 316
434 479
473 479
261 351
479 434
5 50
54 64
89 5
261 306
351 345
89 50
479 389
217 133
261 306
499 479
89 95
389 479
261 345
217 223
63 96
306 355
178 223
473 389
89 50
217 223
473 410
95 89
50 95
306 351
178 223
89 95
217 133
345 351
434 479
351 261
261 351
479 461
178 223
261 345
89 95
345 351
479 434
89 50
479 407
95 50
389 479
89 95
217 223
95 89
434 387
50 89
479 389
223 149
89 95
261 306
351 279
89 95
306 351
178 217
473 479
473 479
326 298
5 50
133 217
217 223
389 479
217 223
345 351
473 389
479 473
473 434
351 261
217 223
133 223
13 64
434 389
217 133
306 351
50 89
5 95
351 345
473 479
89 50
5 50
473 434
306 351
270 337
223 178
223 217
261 351
345 351
345 351
345 315
95 83
434 473
217 223
89 95
217 223
479 434
434 479
95 14
20 64
89 50
133 217
89 96
426 435
223 217
89 76
473 479
5 95
479 402
178 142
217 178
89 56
133 178
89 95
306 351
89 95
5 95
217 223
473 479
473 434
217 133
100 14
89 95
217 223
217 223
473 434
351 279
261 351
223 217
345 351
434 479
345 351
5 95
345 261
345 351
306 275
473 389
217 223
58 83
345 351
261 351
223 217
306 261
217 178
133 201
398 433
5 89
479 473
355 314
345 351
351 261
64 16
89 95
5 95
473 479
306 285
306 303
50 89
50 89
351 270
345 306
133 178
351 345
217 223
261 306
479 473
261 345
479 389
473 479
345 351
89 95
95 89
389 479
479 389
473 434
351 345
473 434
95 5
89 50
434 410
297 279
89 95
178 217
479 473
89 50
95 14
479 473
389 473
473 479
50 89
95 50
473 434
473 479
96 83
178 217
5 89
95 50
351 261
306 351
89 5
95 82
454 426
89 95
479 473
223 178
473 434
351 306
389 473
217 223
434 479
345 333
223 238
169 198
217 223
351 279
434 479
217 223
389 479
473 389
178 223
95 50
434 404
95 89
473 389
261 345
5 50
41 40
222 224
345 312
89 50
50 89
133 217
217 223
5 17
223 217
169 133
434 479
315 326
473 479
5 95
50 52
133 223
389 473
217 223
345 335
223 217
479 392
345 261
223 217
95 89
217 223
42 51
345 351
89 50
345 306
234 223
479 473
217 133
223 133
223 217
261 306
345 302
479 398
217 133
479 473
389 431
178 133
389 479
217 223
345 321
95 89
217 223
217 223
95 50
89 115
389 434
95 50
434 479
133 178
351 378
389 473
224 184
51 5
133 223
473 479
345 351
64 68
179 164
326 261
261 351
50 95
479 389
5 89
351 339
261 351
389 479
351 270
223 217
217 178
473 389
479 473
345 351
351 306
50 95
217 223
217 133
479 398
95 89
306 351
345 351
223 133
89 50
479 501
95 50
5 95
50 95
95 89
246 223
425 476
345 261
223 217
95 50
345 351
479 473
306 365
133 223
345 351
389 479
95 50
351 345
223 133
306 351
434 479
389 479
306 351
217 133
306 351
345 351
351 306
217 223
95 23
345 306
95 89
224 248
178 223
178 223
389 434
95 50
64 35
89 0
355 294
5 95
223 178
479 473
473 479
306 275
133 223
95 89
5 89
306 351
351 345
89 50
306 270
306 261
306 351
223 178
95 5
473 434
5 95
473 479
223 133
50 5
95 14
5 89
133 217
389 479
223 217
345 306
434 473
89 95
473 479
434 473
306 351
330 355
50 95
217 223
434 469
143 162
381 259
345 306
89 95
389 473
95 5
351 345
351 345
473 434
217 223
178 251
95 50
306 261
223 217
345 351
306 345
306 351
434 479
217 223
434 473
50 95
217 223
89 5
345 351
50 5
89 95
273 290
345 351
389 473
306 351
389 479
95 89
351 261
217 178
473 479
95 86
345 351
261 306
479 398
434 479
50 95
223 133
389 473
473 479
389 434
223 178
297 321
389 479
351 345
345 351
351 345
50 95
479 389
491 484
50 5
217 182
89 95
133 217
345 261
89 95
50 95
95 5
345 261
217 178
217 133
89 50
50 95
448 467
351 306
143 211
261 306
306 345
389 473
351 345
178 223
133 162
473 479
479 476
261 311
95 89
306 282
261 306
261 345
223 217
89 95
434 401
148 249
89 95
133 223
89 5
261 351
351 345
89 5
95 42
351 345
345 351
479 463
351 306
217 223
473 479
15 83
261 353
179 132
89 5
133 223
434 479
89 95
5 50
217 223
345 351
202 148
479 389
89 95
434 479
261 351
178 230
479 473
351 345
345 351
389 479
351 261
133 223
261 306
95 23
434 479
261 351
223 133
448 467
5 89
345 351
89 50
89 95
473 434
217 223
351 345
473 479
217 223
389 478
478 477
89 95
306 351
95 5
133 223
306 261
89 95
473 434
345 351
217 178
296 321
351 261
223 178
434 479
79 63
434 479
50 93
306 351
306 351
5 95
297 324
5 95
261 351
479 473
223 178
351 306
351 306
217 178
473 479
473 479
345 306
479 473
133 217
5 95
89 95
223 178
306 275
345 306
389 473
178 133
479 398
223 133
223 178
133 217
50 115
434 389
261 345
5 95
89 5
50 5
223 176
217 223
389 479
350 335
217 133
473 479
351 345
50 89
261 345
306 261
345 306
479 473
5 50
178 154
345 351
479 473
217 223
95 89
479 434
351 306
50 5
473 389
217 178
133 217
434 479
473 389
178 223
133 223
178 217
261 351
89 95
473 455
95 50
5 95
50 95
389 479
473 506
217 178
306 345
192 211
217 223
389 457
217 184
89 95
89 5
96 121
345 351
95 89
442 461
223 217
434 479
11 17
479 473
389 479
5 95
324 297
50 64
345 351
223 217
434 389
133 223
351 345
389 479
223 178
217 223
217 223
479 473
5 95
306 261
404 448
178 223
351 345
389 479
95 50
217 223
479 473
223 175
217 223
434 479
223 178
479 473
95 89
345 351
473 479
50 95
133 175
133 223
479 389
434 473
261 306
217 223
345 351
306 351
89 95
223 217
217 144
223 178
261 256
133 178
473 479
178 223
217 223
133 178
399 418
223 217
217 195
5 95
261 351
89 95
473 389
133 223
389 435
89 95
473 479
5 89
5 95
89 50
178 223
345 306
50 5
497 442
89 50
473 479
473 389
209 170
276 264
50 95
50 89
89 95
306 351
133 178
320 337
261 306
452 425
178 133
89 95
473 479
89 83
389 479
389 434
217 223
306 351
5 50
145 253
5 95
50 89
223 142
95 5
5 89
133 217
50 5
50 89
89 95
306 345
479 389
473 479
306 379
306 345
133 175
95 23
89 50
228 247
473 434
89 95
5 95
473 479
217 223
473 479
217 178
178 223
223 173
345 351
217 178
276 377
479 473
389 479
479 434
345 351
389 479
389 479
89 5
261 306
223 151
223 178
95 5
228 247
473 479
169 251
351 306
50 95
89 50
271 335
479 389
434 473
223 178
473 479
217 223
5 51
178 181
270 337
473 479
5 50
223 217
89 95
479 467
306 351
217 223
217 132
479 434
50 95
497 442
223 178
178 223
473 389
95 50
306 345
351 345
50 95
473 434
178 181
434 479
95 50
50 59
223 178
54 75
50 95
479 452
217 223
351 270
389 479
351 278
133 167
217 223
178 223
479 473
95 23
95 50
95 50
351 345
479 473
89 95
89 95
389 434
5 89
389 473
509 473
473 479
306 351
473 434
95 17
479 440
404 392
15 34
50 59
434 479
23 95
345 306
217 133
479 389
345 261
345 351
306 350
178 133
473 434
95 23
306 351
345 261
89 74
483 480
95 83
389 473
307 309
50 5
479 434
121 3
473 479
68 15
389 479
89 95
217 223
95 89
473 479
50 95
473 479
95 89
217 133
434 479
50 5
473 479
399 418
306 261
479 464
473 479
89 95
473 479
217 223
95 89
273 330
345 351
192 210
50 93
217 223
217 223
5 84
95 50
32 74
228 247
217 223
479 473
473 434
306 351
89 50
89 95
434 479
178 223
95 89
217 223
50 112
479 407
351 345
479 473
473 479
261 351
89 95
479 389
5 80
345 351
345 351
351 345
363 269
89 84
297 271
217 223
5 95
434 508
178 132
389 473
381 336
389 473
473 434
5 89
473 479
217 223
434 414
217 223
89 95
228 142
178 248
473 479
426 413
178 223
89 95
5 73
306 351
298 307
223 133
473 434
407 479
261 351
94 120
223 133
389 473
223 217
223 151
479 473
178 223
5 89
351 261
50 95
389 479
351 345
133 223
345 327
271 290
89 95
261 351
479 473
95 89
50 101
351 266
473 389
389 401
465 426
473 479
217 133
351 261
418 495
345 351
434 479
217 178
89 95
479 473
434 437
473 479
389 479
223 217
89 95
389 479
50 5
50 95
217 223
223 221
217 133
473 479
89 95
389 473
95 5
473 398
351 355
178 223
345 269
389 479
5 95
473 479
50 95
89 95
217 223
133 223
50 95
473 434
261 340
217 178
89 50
89 77
306 351
479 473
434 389
217 223
217 133
473 479
223 217
351 345
217 223
54 32
261 345
473 389
217 133
473 479
133 217
345 294
261 345
479 473
389 434
5 95
95 23
223 225
5 95
345 351
95 50
89 95
389 479
479 473
5 95
5 89
223 217
389 434
479 473
425 467
473 479
306 332
217 223
95 5
473 479
133 217
50 95
345 351
434 479
89 5
89 95
217 178
223 133
389 479
345 306
223 151
479 389
473 479
479 473
89 5
50 95
473 434
434 479
133 178
111 79
89 95
351 345
89 95
89 95
473 434
133 217
223 217
50 95
5 92
100 119
389 479
217 223
261 336
222 232
217 133
389 479
5 89
89 95
223 178
479 454
479 434
345 351
479 473
473 479
434 479
228 142
223 185
89 50
261 351
133 163
473 479
217 178
473 479
5 89
89 95
389 434
133 223
217 223
123 119
178 223
95 50
479 473
351 261
217 133
351 345
178 131
389 479
178 223
5 89
89 50
479 389
223 151
434 479
434 473
389 473
351 261
345 351
133 188
50 5
217 223
217 223
306 351
345 351
5 95
434 473
345 351
261 351
261 345
434 479
389 431
89 50
223 133
133 178
297 296
133 212
217 223
479 389
223 217
89 95
133 178
479 422
133 175
5 83
473 434
345 351
148 136
389 461
217 223
223 217
133 178
133 223
95 50
217 243
479 394
345 351
479 473
271 290
434 479
95 89
345 306
89 95
5 50
217 223
95 5
351 261
217 223
434 389
473 479
89 50
473 479
261 351
5 89
133 204
473 479
133 223
223 178
50 95
306 261
351 279
261 345
473 479
5 73
306 351
473 479
345 351
133 217
473 500
50 95
133 217
351 279
306 345
223 133
351 261
133 223
89 50
223 217
389 473
50 89
223 151
480 488
473 436
95 89
306 345
89 95
133 178
178 223
473 479
223 151
306 351
479 467
434 479
389 444
479 434
178 223
473 481
389 479
133 175
509 479
473 479
473 479
473 479
223 217
223 207
223 178
473 507
89 95
209 170
50 95
133 223
479 473
261 351
143 207
133 223
89 95
223 217
223 217
133 217
133 223
89 95
217 151
473 459
351 279
133 217
50 95
351 261
389 479
261 352
351 261
261 351
389 479
133 142
89 73
351 261
223 151
50 5
217 223
5 50
217 223
223 217
89 95
89 50
473 389
399 467
351 261
351 345
306 351
389 410
217 223
89 95
473 479
89 95
89 95
479 389
479 434
434 479
479 473
345 351
133 178
5 89
345 351
95 50
5 89
95 89
351 345
217 223
497 442
306 345
217 133
345 351
479 438
389 473
133 223
345 351
15 34
473 479
89 5
95 50
306 351
8 5
306 316
89 95
479 389
217 223
261 306
345 351
389 473
389 479
5 20
473 479
431 413
478 412
89 95
434 473
89 50
261 306
271 290
473 479
217 133
217 250
133 223
473 479
89 95
95 5
389 473
133 179
223 217
5 95
5 95
389 473
89 95
351 345
5 95
5 47
389 479
389 479
473 389
473 479
389 434
133 178
95 14
133 223
345 351
479 473
95 89
261 351
217 178
351 279
345 351
223 217
351 345
95 50
479 473
133 223
434 422
473 479
473 479
5 47
217 223
351 345
95 89
5 68
473 479
5 95
351 306
217 223
217 223
479 434
239 142
345 351
169 196
351 261
389 479
345 351
217 246
212 182
479 473
50 95
351 276
479 473
89 50
5 95
473 479
95 71
133 204
95 14
133 201
196 143
261 345
473 389
473 479
261 329
479 434
89 50
178 223
175 226
434 479
306 351
306 261
261 329
389 483
479 473
473 479
377 271
473 479
223 178
223 217
434 473
479 434
339 367
473 479
473 502
89 50
223 217
479 473
223 133
389 434
217 223
178 223
434 389
89 50
95 50
473 501
217 223
261 351
178 133
217 178
351 345
351 270
217 178
345 351
345 306
223 217
261 351
223 178
351 345
42 51
223 217
50 95
5 83
479 473
89 95
389 479
404 505
351 270
5 95
133 201
324 271
223 151
345 351
261 351
5 89
374 269
389 434
223 133
217 223
261 351
223 178
261 306
306 351
261 369
89 95
178 217
89 95
217 223
5 95
217 128
479 434
178 217
401 482
473 389
100 54
351 306
434 479
89 95
434 473
479 473
351 345
50 95
389 473
217 223
95 50
335 319
479 434
5 23
434 473
95 50
89 95
133 223
351 345
222 133
223 217
5 50
89 99
306 381
5 89
351 322
434 473
217 223
217 223
416 458
50 95
133 223
95 5
223 217
178 201
261 345
89 95
89 5
473 389
389 479
345 351
223 217
217 133
89 95
434 479
389 473
479 389
261 351
178 223
345 379
473 434
89 95
345 333
479 434
473 479
50 99
113 58
5 89
178 133
351 345
133 223
351 306
89 50
5 95
389 434
345 261
217 178
223 133
389 434
351 261
473 389
434 479
261 351
50 95
95 89
374 321
223 178
473 479
306 335
217 178
434 479
223 217
473 479
217 223
217 178
389 479
178 223
133 211
50 89
261 345
89 95
389 479
217 133
426 465
261 351
217 223
473 389
89 50
89 95
480 476
479 434
261 351
261 351
50 95
479 473
217 223
223 151
5 95
473 479
297 324
223 176
473 479
401 451
223 142
502 426
306 351
473 479
443 389
389 479
133 217
223 217
438 482
217 223
479 434
5 89
89 95
223 217
5 89
178 170
217 223
473 389
50 89
261 306
89 5
179 189
261 306
306 351
479 473
133 223
389 473
345 351
345 261
223 217
345 306
478 389
345 261
434 479
434 479
178 138
89 95
434 473
89 95
505 391
217 223
217 223
223 164
89 54
178 217
223 133
223 133
479 473
479 473
389 473
89 50
133 201
389 479
133 223
89 95
223 217
306 264
345 351
345 351
89 5
133 223
95 89
222 175
5 73
345 351
223 217
50 89
89 50
345 371
345 372
345 306
345 261
178 223
261 306
133 175
261 345
50 95
261 345
223 217
434 479
50 64
473 479
133 223
217 178
5 95
217 223
389 479
5 50
89 95
473 479
50 15
351 306
473 479
253 223
306 351
479 398
223 178
389 434
434 479
473 434
389 473
217 178
479 434
307 369
89 95
473 389
95 89
223 217
133 217
306 351
41 75
473 479
483 412
133 223
178 213
351 261
345 261
217 223
261 345
133 223
34 14
217 223
509 481
473 479
148 192
345 306
223 217
5 89
217 199
5 50
178 187
479 473
217 220
89 95
351 345
89 95
89 95
261 351
196 143
5 95
95 89
89 14
89 95
345 351
473 479
447 480
133 178
5 89
345 306
217 223
89 5
261 306
479 389
479 473
389 479
192 136
389 473
389 507
306 351
133 223
223 133
217 223
479 389
306 323
142 223
261 351
89 95
435 416
479 450
434 479
95 50
217 223
389 479
306 345
169 198
5 50
389 479
95 23
223 217
89 95
95 89
14 81
479 473
5 95
473 466
223 217
89 95
473 479
261 345
479 473
350 323
178 223
178 217
434 473
351 261
473 479
5 50
89 95
217 178
89 95
133 182
351 269
217 133
479 434
50 89
351 261
351 270
217 178
223 217
306 261
95 89
434 389
345 261
89 95
217 223
95 89
89 5
479 389
389 479
133 178
345 351
401 485
345 351
473 479
434 473
89 95
248 244
89 95
74 32
224 158
5 50
89 5
178 217
351 306
434 473
434 431
479 434
345 351
442 473
345 351
223 217
89 95
223 151
178 217
95 89
5 95
479 473
351 261
398 465
345 306
351 261
473 434
249 148
479 473
389 479
434 473
473 479
5 95
96 7
261 351
434 479
345 306
473 479
133 178
217 223
319 352
306 336
479 473
434 473
351 306
223 217
217 223
306 273
479 434
223 217
217 223
345 351
5 105
95 5
473 479
133 203
5 95
5 23
261 351
217 223
261 351
473 413
351 345
345 351
434 473
133 178
223 133
434 437
153 234
261 306
179 235
473 390
217 178
306 351
479 434
5 50
223 133
50 89
479 473
223 178
261 279
479 473
5 50
306 351
223 154
351 327
133 223
389 434
217 223
89 50
89 5
473 479
261 351
5 95
223 217
89 95
217 158
160 202
389 479
50 95
178 223
389 479
95 5
5 89
434 473
381 378
261 351
89 95
5 58
95 5
389 479
89 5
95 89
306 351
345 261
178 223
473 479
50 95
479 473
509 476
479 473
306 345
50 55
389 479
345 350
434 479
5 89
345 351
434 473
89 95
473 479
50 95
95 89
389 388
351 261
479 473
89 95
351 345
473 413
217 133
479 473
473 479
320 316
351 279
473 434
143 211
473 434
479 389
306 351
95 89
434 432
389 473
473 479
261 345
50 95
261 345
345 351
261 345
95 89
426 482
89 95
434 473
473 479
479 507
50 95
473 479
261 345
89 5
89 95
95 12
5 29
5 95
95 89
345 261
306 261
5 89
351 345
434 479
345 306
5 14
473 429
351 345
217 223
479 389
345 351
95 89
473 479
5 89
89 50
95 89
95 50
89 95
5 95
5 50
223 151
473 479
95 89
178 223
479 395
217 223
273 281
50 95
434 473
479 434
473 462
133 217
261 306
95 20
345 306
143 162
95 50
389 434
95 50
50 8
217 223
351 306
50 95
95 89
50 5
5 95
476 473
345 261
95 89
178 133
95 14
241 186
345 261
50 95
440 389
223 217
89 95
217 178
473 434
223 235
217 212
281 362
351 345
479 473
261 351
217 211
89 95
479 458
5 50
50 5
89 50
95 50
178 217
133 217
178 223
178 223
217 133
17 79
479 434
95 89
217 178
63 32
95 123
217 223
389 473
95 123
223 217
261 351
217 251
261 345
261 303
95 89
345 306
261 303
192 211
50 5
217 223
434 389
473 479
351 345
89 95
320 350
479 468
351 345
133 223
351 270
178 223
479 434
345 351
434 479
178 133
389 479
95 23
351 345
473 479
473 479
133 217
89 95
345 306
375 379
345 351
351 337
178 223
5 89
50 89
133 178
389 479
345 351
473 479
261 329
217 178
306 261
223 217
434 479
473 479
223 133
223 205
345 351
345 306
351 306
222 238
65 99
5 50
261 306
351 345
98 125
50 95
345 351
351 306
133 217
473 479
89 50
434 479
297 366
178 133
5 50
479 384
217 223
217 223
95 50
306 351
241 223
306 351
95 50
345 261
217 223
389 434
351 306
95 89
223 217
473 434
5 95
89 95
345 306
345 351
352 321
351 261
223 178
473 479
95 89
389 473
125 59
261 329
479 473
434 389
223 178
133 178
99 2
389 479
223 217
473 434
473 434
89 95
133 217
479 440
345 351
223 217
351 345
434 479
473 479
389 490
223 217
351 306
5 50
217 178
345 266
351 345
50 95
473 389
89 95
178 223
345 351
95 89
95 50
306 261
351 306
434 479
306 351
389 479
133 223
306 351
223 178
473 429
95 89
351 258
95 5
480 473
261 306
95 89
434 479
261 351
50 5
223 217
223 217
143 211
223 133
217 178
306 351
306 261
345 261
95 50
223 178
389 479
89 95
351 345
223 133
434 479
178 223
5 89
434 479
389 455
50 41
223 178
217 223
389 479
351 345
473 389
345 351
306 351
345 261
434 479
345 351
434 389
96 41
148 192
133 223
434 389
351 349
5 95
5 23
50 95
261 345
89 50
351 345
356 310
50 116
50 95
217 223
95 5
434 473
479 473
192 196
179 207
434 479
217 223
95 50
95 89
89 107
77 89
389 479
345 351
345 351
223 217
261 286
473 479
223 217
148 247
374 321
479 398
351 306
95 89
389 479
261 345
306 351
217 223
389 479
473 479
434 479
473 434
223 217
50 114
345 261
447 463
389 434
89 95
479 459
345 351
178 156
449 467
261 306
473 479
345 351
89 95
434 479
261 351
345 351
95 89
95 89
89 95
178 223
345 351
5 73
133 217
5 89
345 351
133 223
345 351
473 479
473 434
133 223
95 89
5 95
50 95
89 50
178 223
345 351
217 178
261 351
479 389
479 398
473 426
351 345
306 351
351 261
217 223
306 351
89 95
479 473
5 95
178 223
345 351
389 434
473 434
351 306
434 473
95 5
434 479
434 473
389 479
95 74
473 479
389 479
306 351
5 95
261 380
246 141
351 345
389 412
133 223
473 434
178 223
351 321
345 306
20 8
473 479
261 333
95 89
306 351
51 63
473 479
345 261
389 479
223 217
217 223
178 217
473 479
178 223
434 479
261 345
306 351
473 434
89 83
479 389
351 279
95 89
95 89
261 345
95 50
345 351
345 351
136 192
261 345
217 223
95 5
261 345
217 133
479 473
261 306
178 223
345 306
249 219
217 178
473 479
178 133
5 95
50 95
306 347
306 351
95 14
89 5
178 223
473 479
89 95
306 345
133 223
435 404
133 223
389 479
217 223
178 223
434 425
345 261
434 479
169 166
133 242
389 434
89 95
235 141
89 95
133 223
50 95
217 142
261 351
5 91
261 345
479 473
5 95
223 217
64 84
479 389
223 133
234 211
89 95
50 95
345 351
223 217
345 261
389 473
5 50
473 479
345 261
223 217
178 223
435 393
351 306
89 5
95 89
89 95
148 251
351 279
479 407
479 473
89 95
479 389
217 133
389 479
261 345
434 479
95 50
133 223
50 95
178 133
479 389
133 217
133 223
217 223
434 389
223 133
95 5
345 351
306 345
223 151
5 89
95 5
261 351
351 345
434 473
5 89
345 351
217 133
345 334
479 473
5 47
133 223
351 345
478 494
497 442
217 133
345 351
281 330
223 133
479 473
345 306
178 133
178 223
306 268
223 217
351 345
473 389
223 217
261 345
399 418
95 89
351 306
5 50
50 11
223 133
389 479
133 178
345 351
479 473
389 434
345 288
5 50
473 479
133 175
473 479
217 178
89 97
89 50
473 479
217 223
133 223
479 458
434 479
389 457
261 345
434 473
306 351
434 479
434 479
89 14
345 351
50 95
50 5
261 306
5 89
389 473
306 261
306 261
178 223
95 89
434 473
306 261
15 34
345 377
306 261
473 479
178 223
479 434
95 89
89 95
133 223
133 201
178 223
95 50
253 202
479 389
345 306
389 457
473 479
223 133
389 479
479 434
95 89
178 217
306 345
217 223
217 223
479 434
261 351
351 279
89 71
95 89
5 95
479 389
133 223
50 19
261 329
50 95
95 5
350 266
217 223
261 351
223 178
345 351
95 11
389 452
89 95
479 389
89 95
479 473
217 223
434 509
217 223
50 89
223 217
223 217
95 89
473 434
401 509
95 79
350 326
389 473
479 389
133 240
223 217
178 223
473 479
307 356
5 95
5 95
389 473
223 178
178 223
473 479
217 223
178 223
95 89
261 351
351 261
351 345
351 337
223 178
178 223
89 5
217 235
223 133
95 89
381 326
133 178
217 223
89 95
434 473
434 479
223 151
217 223
345 306
5 50
261 351
345 351
95 50
89 95
64 112
306 351
95 89
178 217
217 246
259 345
345 261
223 217
89 29
473 413
89 83
261 306
217 223
261 351
345 306
89 63
50 5
345 351
345 351
50 95
434 473
178 223
351 261
351 261
89 95
223 191
434 479
178 223
192 211
434 473
95 89
351 306
223 133
261 345
473 434
473 389
89 5
306 351
351 345
434 414
5 47
479 473
434 496
351 345
133 223
223 133
369 314
261 306
345 351
178 138
479 473
389 479
178 223
89 95
351 345
223 217
50 5
261 351
473 479
50 95
217 223
223 217
5 95
89 95
95 89
479 473
178 223
5 89
473 434
100 119
133 217
89 95
351 261
192 211
306 351
217 223
50 107
261 329
479 473
178 223
473 431
435 510
217 223
50 89
95 89
5 47
5 95
345 306
434 479
217 223
306 294
261 301
217 223
178 145
89 95
95 50
178 223
95 89
95 50
223 142
479 407
95 50
217 223
473 479
449 456
290 270
320 365
473 479
121 31
118 65
261 271
345 261
133 217
63 96
434 473
345 261
89 12
473 479
479 434
223 178
5 95
89 95
434 473
351 345
133 178
178 133
89 95
50 5
261 351
133 178
89 95
320 313
217 223
217 133
89 95
345 351
89 95
345 261
351 306
223 151
89 95
288 330
217 223
351 306
217 133
306 351
223 178
133 217
345 306
95 5
261 381
479 473
169 196
217 133
351 261
89 50
89 95
345 351
145 185
473 434
50 84
217 223
89 95
217 223
389 434
95 89
479 473
182 152
479 434
217 130
178 150
5 95
434 437
479 434
50 95
389 434
133 217
133 223
196 143
223 151
223 133
217 133
107 13
261 345
89 95
89 5
306 351
389 465
217 223
306 261
217 178
345 374
54 83
473 389
345 351
89 5
434 479
217 223
5 95
217 223
479 434
434 479
306 335
389 473
479 407
345 351
345 261
50 89
345 351
351 306
95 89
473 479
223 151
319 335
223 178
307 263
95 50
223 203
89 95
479 434
306 335
133 178
5 4
389 473
223 217
345 261
351 345
178 223
95 89
261 351
95 5
223 133
89 95
351 306
261 306
473 479
389 479
350 340
5 89
5 95
223 217
355 308
345 351
473 457
434 479
351 306
478 481
351 270
261 340
473 479
345 351
95 89
217 223
306 351
473 479
182 178
89 95
217 178
345 261
306 351
95 50
89 95
186 207
345 351
133 223
217 223
95 50
178 223
227 138
345 351
389 479
434 479
217 178
133 223
345 351
5 89
389 473
178 133
223 142
89 95
89 95
95 89
345 351
434 479
502 426
178 223
113 30
389 479
223 178
351 306
133 223
345 261
95 89
217 223
389 479
345 351
345 351
473 479
50 5
50 89
261 351
434 473
95 5
310 379
473 479
273 282
479 434
389 473
89 5
89 95
306 323
178 223
345 351
133 223
351 345
345 351
5 95
223 217
345 306
261 306
261 351
306 345
223 217
223 217
89 5
223 217
178 217
448 466
389 479
223 178
217 223
89 95
307 269
434 479
95 89
345 351
133 217
345 306
89 95
345 351
50 89
89 95
5 95
5 95
306 351
50 5
473 389
223 142
89 95
182 179
217 223
473 479
351 261
41 46
50 95
95 63
50 107
345 351
261 306
345 351
95 50
351 345
217 223
345 351
354 368
223 217
389 434
306 345
50 5
50 95
389 473
479 473
473 434
133 217
89 95
389 473
89 95
345 306
178 223
345 351
473 479
223 217
337 298
351 306
89 95
223 217
223 217
351 372
345 261
217 178
261 351
473 479
89 50
223 178
345 334
434 479
95 50
223 178
389 434
261 351
351 345
479 434
473 389
5 50
389 434
434 389
5 89
479 389
5 50
306 351
178 223
178 223
306 351
5 30
389 479
473 389
95 89
345 306
351 306
473 479
345 306
5 95
345 351
261 351
178 161
345 306
89 95
261 345
223 217
217 223
89 50
351 345
89 95
473 479
133 217
479 473
95 14
89 95
223 178
223 211
473 479
473 434
89 95
223 133
473 434
89 5
479 434
479 389
95 5
473 479
95 66
145 208
434 479
89 95
5 120
95 92
389 479
261 351
148 192
362 351
479 467
5 95
191 224
261 351
223 133
179 162
306 351
89 95
473 479
306 351
217 223
89 5
56 5
479 398
178 238
473 479
217 133
192 211
261 351
381 351
178 223
133 223
50 95
345 306
89 95
5 95
434 401
351 345
95 89
50 97
261 345
194 217
95 77
351 261
89 55
133 223
5 95
95 50
89 50
223 133
169 158
389 479
217 223
473 479
217 223
389 479
217 133
217 178
178 223
50 95
223 217
473 479
217 178
89 95
223 217
178 223
223 221
473 479
178 217
223 133
133 217
217 133
178 217
479 389
50 95
351 345
345 266
473 479
351 345
473 479
50 95
389 434
434 479
351 345
95 50
389 479
389 479
5 89
306 261
223 178
89 95
351 345
89 50
5 95
50 89
351 261
217 223
89 95
217 133
479 473
95 50
345 351
217 178
479 392
351 345
89 50
434 400
249 148
351 345
473 434
223 210
50 95
261 351
95 5
95 5
434 479
223 133
306 351
89 95
95 89
95 89
50 89
217 133
133 223
89 50
345 351
170 209
50 95
95 50
89 95
95 89
217 223
89 95
389 479
351 345
345 351
345 351
351 345
89 95
434 479
223 133
351 306
479 473
351 279
306 261
223 217
223 217
479 389
307 297
217 133
223 133
223 153
95 5
96 33
473 389
345 351
89 95
389 473
95 5
389 479
95 89
50 95
89 95
261 351
89 95
473 479
389 457
20 8
89 95
389 473
133 178
223 151
133 178
223 145
261 351
223 222
223 217
345 351
223 217
89 5
306 339
473 479
257 306
345 351
345 351
95 89
50 5
473 479
235 141
351 306
89 95
217 223
89 95
89 5
389 479
5 95
95 5
434 389
50 89
178 133
217 178
434 479
473 434
95 28
389 479
50 95
50 95
95 50
5 95
89 95
434 479
479 473
89 95
345 351
95 89
223 178
145 244
473 479
479 407
345 351
261 345
473 479
473 389
223 217
95 50
178 217
223 133
345 351
50 42
223 146
434 479
306 333
389 473
178 133
95 89
345 301
95 50
473 479
5 50
345 306
261 378
178 217
5 95
178 146
5 89
479 473
223 133
479 389
351 331
351 282
473 479
306 261
178 154
401 510
217 223
223 133
473 434
89 50
434 479
351 306
473 479
223 178
5 50
473 434
50 5
95 89
473 479
345 351
351 306
434 497
223 142
345 351
217 178
95 89
389 479
306 351
479 407
345 351
50 95
89 65
89 95
217 223
306 351
50 95
491 403
509 510
228 250
426 435
345 351
223 142
473 434
434 479
306 261
178 217
5 95
479 389
351 345
434 479
223 217
89 95
50 95
261 351
217 160
473 389
473 389
434 473
223 178
5 95
95 89
5 95
223 217
345 351
89 50
178 143
5 89
434 479
306 261
223 217
351 261
50 95
389 479
217 223
404 448
261 351
261 285
89 95
95 50
345 261
345 331
89 5
434 479
479 389
434 389
502 449
217 178
479 434
133 201
178 217
351 345
442 408
434 401
306 345
95 89
479 473
133 217
5 95
5 50
50 95
133 223
473 479
89 95
345 351
434 473
306 351
5 95
505 419
95 5
261 306
479 402
479 473
217 223
473 479
223 133
89 95
345 351
95 25
345 378
389 473
20 64
95 5
148 136
217 223
95 14
223 217
5 95
473 458
95 5
345 306
434 389
473 479
217 223
169 240
95 89
345 306
89 95
473 389
217 133
133 212
473 434
223 244
473 479
133 173
148 192
95 89
479 434
133 223
178 223
351 345
89 95
389 473
89 10
434 454
434 479
351 345
351 306
389 479
217 223
50 17
479 486
241 186
377 260
389 473
223 217
50 5
89 95
345 351
50 95
223 217
217 178
473 479
479 473
5 95
223 153
89 95
5 95
479 449
479 434
261 351
89 50
351 345
473 479
217 223
261 351
223 217
434 479
223 217
133 201
434 479
95 89
133 223
223 217
217 132
389 434
95 5
89 95
479 473
178 198
217 223
5 15
217 178
319 335
217 223
111 42
389 434
345 351
261 341
345 351
306 340
351 261
425 473
306 351
143 162
17 38
89 95
314 333
223 217
261 345
306 268
345 330
473 479
434 479
261 345
5 95
434 396
178 171
502 449
434 479
50 95
182 207
13 118
5 95
17 13
389 434
434 473
345 383
223 133
217 246
95 20
434 473
223 217
133 178
261 351
389 434
223 217
479 473
223 217
473 434
434 502
306 345
133 223
276 320
434 479
89 50
397 491
133 178
473 479
306 261
306 351
351 306
345 298
345 306
217 223
217 223
473 479
223 217
5 89
306 262
50 5
217 133
434 473
5 82
473 389
389 478
261 351
217 178
133 201
95 89
50 1
99 92
95 89
479 473
306 351
89 95
223 133
95 89
389 479
5 50
345 351
223 178
217 223
473 479
479 473
95 5
95 89
497 442
351 306
223 217
5 89
95 89
473 479
345 351
479 413
182 201
89 50
389 457
473 479
306 351
95 5
389 473
89 95
389 457
133 217
50 95
434 389
217 133
95 50
178 133
89 95
95 5
133 178
473 479
345 286
50 123
389 434
306 351
89 95
95 89
50 20
89 95
89 95
5 95
479 473
389 479
351 345
306 307
426 389
5 95
473 479
306 345
473 434
345 351
95 50
217 223
217 133
351 261
351 345
345 306
223 151
217 152
389 434
50 95
261 306
479 473
5 95
261 345
345 351
217 229
434 473
50 5
473 465
95 89
434 479
151 223
389 473
223 212
228 247
133 217
5 95
473 479
434 479
217 133
217 223
261 345
217 223
5 89
345 351
89 50
95 89
351 285
217 178
217 223
5 50
473 479
261 345
223 217
50 5
434 479
261 351
351 345
473 389
351 345
217 178
473 434
224 207
345 351
169 131
95 50
261 306
389 457
473 434
89 95
479 389
389 479
217 178
351 279
133 223
217 133
261 329
479 447
351 306
5 89
50 38
178 133
217 223
217 178
306 351
223 145
217 133
217 223
223 178
223 178
217 133
95 97
95 89
217 223
479 434
5 95
473 434
95 89
95 89
223 133
217 223
223 217
223 201
345 334
89 5
89 95
479 473
217 178
473 479
345 351
389 431
51 100
50 95
479 477
223 217
473 434
351 306
75 113
89 95
133 223
121 66
5 95
351 279
351 345
223 217
89 50
351 345
473 389
389 479
389 479
50 17
5 95
5 83
434 394
217 223
217 133
89 95
133 217
345 351
261 306
483 450
178 217
89 95
345 284
473 434
217 223
479 473
479 473
217 170
351 345
306 351
223 133
351 345
95 89
389 434
217 223
479 398
50 46
345 261
95 89
389 434
473 479
306 351
479 473
306 351
133 223
95 5
223 133
223 217
95 93
178 217
89 95
306 345
306 351
89 5
306 351
178 250
473 479
89 50
261 355
345 351
345 351
51 79
345 351
20 8
178 223
223 153
133 178
223 217
133 223
434 389
5 89
261 351
261 345
178 223
261 345
389 479
479 434
223 217
425 388
478 508
89 95
95 23
217 223
434 437
89 50
95 50
345 351
133 217
434 473
89 95
306 351
345 351
178 217
306 351
89 95
482 422
351 261
306 353
223 133
89 5
5 95
389 479
479 473
133 201
306 305
434 479
389 418
479 389
434 479
94 1
389 473
89 50
5 123
307 358
351 345
133 178
89 95
345 351
223 142
223 217
89 95
50 95
261 329
306 351
345 351
50 89
217 133
479 473
5 50
223 217
473 455
178 223
473 479
133 175
223 217
479 389
351 270
133 178
223 178
473 479
479 473
447 504
434 464
434 479
50 95
345 261
178 223
261 303
148 136
223 133
482 401
306 351
473 479
217 249
50 95
50 5
473 479
345 306
5 47
143 207
381 315
479 473
473 479
178 217
473 389
473 479
210 223
261 345
389 479
389 473
217 223
133 223
345 306
345 306
178 217
223 142
50 95
306 351
95 89
389 473
351 345
5 95
89 5
217 178
223 133
5 122
50 95
217 223
95 50
133 217
389 479
473 434
261 306
178 142
306 261
50 102
217 223
434 472
389 479
95 89
351 345
5 89
389 479
178 133
473 434
95 89
434 479
351 345
306 273
345 261
89 3
306 261
345 351
99 85
351 261
178 223
306 345
345 306
345 351
351 345
479 407
133 223
95 50
261 345
351 345
89 95
