512 10000
5 95
89 26
133 223
64 46
217 201
178 211
479 389
434 396
261 342
50 48
345 306
89 50
217 223
95 5
95 89
306 351
473 434
95 50
335 339
217 223
133 223
434 389
50 82
389 473
389 479
434 422
306 351
345 306
473 479
89 50
479 473
95 89
95 89
133 223
473 479
223 217
473 479
178 246
95 50
223 142
5 47
297 370
434 389
217 223
178 223
479 473
479 473
223 217
223 133
434 479
479 389
479 473
261 351
351 345
345 351
389 434
261 345
5 95
339 362
89 64
337 269
473 434
479 434
89 5
50 5
345 351
473 479
345 351
217 133
509 485
89 95
345 306
306 351
178 223
351 306
345 351
351 306
261 351
345 351
389 473
217 178
351 306
345 351
50 95
351 306
41 59
89 95
5 89
473 389
89 5
345 351
261 351
223 217
89 5
89 95
434 479
89 95
50 95
351 279
348 306
217 133
389 434
351 345
133 217
389 479
306 351
217 223
345 351
345 351
89 50
351 279
306 351
261 306
133 223
434 479
434 479
223 226
483 461
479 473
5 73
473 389
345 351
261 351
351 345
133 178
217 223
261 351
133 255
345 261
473 479
89 50
473 389
223 217
473 434
479 473
479 473
351 261
89 50
345 351
133 223
389 431
261 278
479 473
217 230
473 389
473 389
306 345
473 434
119 100
434 511
389 473
389 434
89 95
261 351
95 50
261 345
50 95
473 485
375 276
95 5
389 385
50 89
473 408
345 261
50 78
133 223
351 261
89 50
473 479
89 50
170 179
480 406
389 479
261 351
217 178
351 261
223 133
89 73
479 407
133 217
133 217
434 401
351 306
389 457
178 223
95 89
434 473
89 92
389 434
261 345
178 133
223 178
345 306
223 178
217 223
133 217
389 473
351 306
223 178
133 178
89 95
50 17
217 178
434 473
50 95
217 223
473 434
50 127
351 383
261 306
479 473
89 77
473 479
95 50
89 95
389 473
217 246
217 133
345 306
389 473
479 473
389 473
345 351
89 95
89 95
178 133
434 479
50 113
351 261
306 351
133 171
5 47
5 80
345 351
217 223
50 56
504 389
178 217
389 434
178 223
351 345
89 50
133 178
89 72
306 345
479 434
95 89
217 133
434 389
178 223
473 479
473 389
261 345
473 479
89 5
491 397
434 389
389 479
351 345
89 95
178 146
345 286
217 223
306 345
50 5
479 473
345 314
389 473
217 223
217 178
178 223
133 178
434 479
95 89
438 412
5 100
261 307
50 127
95 89
261 306
50 89
389 473
95 89
223 217
473 389
89 5
261 351
473 479
306 345
223 133
351 261
351 261
89 50
345 351
217 133
425 437
178 223
345 351
178 199
5 95
434 484
50 39
473 479
473 398
351 345
178 133
271 339
479 473
41 99
133 217
133 223
217 178
89 95
507 389
261 345
389 494
473 479
142 191
345 351
473 479
5 50
479 460
434 507
389 479
306 351
479 473
223 217
479 389
217 223
95 89
261 329
143 207
95 25
473 479
5 89
389 434
133 217
95 5
434 479
50 89
178 223
270 337
473 479
306 351
345 351
473 479
389 473
95 25
351 261
89 118
306 351
345 306
345 351
306 351
473 434
223 133
95 5
217 223
217 223
95 50
351 306
261 351
351 345
50 22
223 217
389 473
178 223
133 217
399 467
434 479
404 505
351 306
261 329
306 345
63 79
223 151
473 479
89 42
345 378
269 363
178 151
5 104
223 178
345 351
473 389
178 142
350 357
473 479
479 473
89 95
95 89
345 367
434 473
351 345
5 50
217 223
5 50
133 195
50 5
223 178
5 89
351 261
50 95
179 208
345 351
345 306
306 261
271 335
473 434
50 5
434 398
217 133
89 95
479 473
351 261
125 124
217 198
217 178
89 95
223 178
217 133
297 313
133 178
89 95
363 269
217 178
473 479
217 223
479 473
363 261
306 351
351 306
389 479
345 261
307 319
89 5
434 389
480 501
345 272
479 475
223 178
223 217
434 479
261 351
217 223
479 389
261 351
473 461
351 345
401 464
473 389
473 479
89 63
217 223
473 434
479 398
133 217
434 473
178 180
389 479
223 217
351 345
351 279
223 133
303 306
50 89
133 201
50 5
125 95
473 434
434 479
95 5
89 95
89 50
261 351
223 217
217 220
217 187
435 486
399 467
356 375
89 5
306 351
50 94
434 500
235 141
473 479
223 217
389 482
351 345
182 253
223 178
261 303
389 479
345 351
89 50
345 351
351 345
345 351
223 217
479 389
261 306
5 95
51 56
434 473
178 133
178 217
345 306
306 261
473 434
217 223
217 178
95 118
345 351
345 303
5 51
345 353
223 158
178 223
434 415
306 351
217 223
89 95
50 116
217 146
298 337
89 5
473 479
261 306
345 261
351 345
434 473
217 223
473 389
89 50
479 389
389 457
133 223
479 473
95 71
345 351
345 351
434 473
95 77
306 288
178 223
223 178
389 479
261 351
89 95
345 351
217 223
434 479
217 133
261 306
50 95
345 261
306 351
261 345
178 223
95 50
473 478
473 479
95 89
89 5
261 351
95 89
227 193
434 479
271 290
217 178
473 479
434 479
351 279
351 345
473 434
261 345
178 223
95 89
89 95
133 223
345 351
63 120
178 174
345 351
217 223
452 399
217 138
143 207
345 261
473 434
345 372
95 50
5 95
223 217
89 5
223 133
306 351
89 95
473 479
89 50
306 261
389 494
133 223
217 223
95 89
479 434
479 473
479 389
178 217
50 102
169 143
345 313
50 89
335 310
223 217
479 389
5 89
89 50
89 95
434 479
89 95
473 479
133 138
89 95
223 219
50 39
217 178
50 95
351 306
479 473
369 316
351 306
351 261
345 351
50 95
345 351
217 178
351 261
178 217
50 102
345 332
178 217
99 96
479 389
351 306
473 479
133 175
133 217
345 272
95 23
178 159
89 9
148 136
95 50
217 223
95 89
95 89
351 306
95 89
389 434
217 223
89 95
473 434
178 217
261 351
479 473
473 389
306 345
425 452
351 338
434 479
89 5
434 479
355 294
217 178
50 95
351 261
89 95
94 84
217 133
345 261
351 306
217 133
479 434
217 251
217 223
95 50
479 434
89 50
345 261
351 345
261 345
479 473
50 95
133 223
473 463
89 50
473 479
89 50
434 479
480 459
261 351
345 351
89 95
389 431
50 85
306 351
345 351
223 133
89 50
217 251
133 178
95 8
95 23
89 5
345 306
217 223
345 304
434 479
297 358
479 473
178 223
434 387
381 340
223 178
345 351
261 306
223 178
345 351
50 5
94 92
473 479
50 95
95 50
434 479
473 434
434 479
217 207
5 95
345 351
223 151
479 434
95 5
133 203
473 479
217 223
50 89
434 479
389 473
178 223
479 409
95 89
345 306
223 217
217 133
351 261
473 434
178 133
89 95
217 223
5 50
345 306
473 479
389 479
95 49
479 434
223 217
179 151
89 5
89 95
89 10
473 479
425 407
479 473
473 389
434 479
473 503
217 178
351 261
133 178
217 178
89 5
483 385
50 95
261 306
345 261
389 479
223 217
473 479
473 479
5 95
178 223
434 418
261 345
479 430
345 261
351 345
246 170
345 306
479 473
351 345
5 95
479 473
473 388
479 473
95 14
351 379
50 95
345 351
261 351
351 345
319 376
389 473
5 95
425 503
306 351
89 5
473 479
223 217
133 223
389 473
434 432
261 351
473 479
261 345
434 479
203 217
345 351
223 178
5 50
306 345
95 89
223 217
50 95
178 245
345 351
261 333
89 95
89 3
89 20
95 50
261 351
133 178
345 306
133 212
223 217
133 156
95 18
306 286
434 479
223 133
345 261
479 473
389 479
473 479
345 351
490 482
479 473
89 95
8 94
5 50
479 473
5 89
351 261
89 5
133 201
473 479
95 89
434 389
345 351
95 89
404 392
89 5
217 133
345 307
5 95
95 89
89 95
389 479
479 473
389 479
50 61
133 178
310 306
178 223
261 345
50 89
381 351
473 389
479 473
473 463
306 345
63 96
389 434
389 473
306 351
95 80
401 464
306 351
89 5
345 261
217 133
479 473
398 465
351 261
95 89
345 306
178 133
345 261
217 178
345 351
217 223
306 269
473 479
217 223
89 14
89 50
473 479
178 223
306 351
133 223
63 120
223 133
217 223
509 430
5 95
306 351
141 235
95 14
434 473
473 434
178 133
95 89
95 5
89 95
434 479
351 261
5 89
217 178
89 95
434 473
473 389
473 479
133 132
89 16
306 345
89 95
95 50
473 479
473 479
95 50
345 351
253 174
95 14
50 95
89 5
261 303
434 473
479 389
95 45
89 95
89 95
389 434
95 89
345 351
473 479
473 498
178 223
217 133
50 113
345 351
389 479
345 351
377 335
217 178
89 5
306 351
133 223
389 447
434 479
5 118
89 95
345 351
351 345
95 89
434 479
478 505
351 381
389 473
223 133
133 223
261 351
5 89
473 479
473 414
467 483
473 479
345 351
217 223
473 479
351 261
20 8
438 462
389 479
345 306
89 95
345 351
389 479
217 178
133 182
223 133
479 434
223 142
178 217
217 223
389 479
223 133
351 335
89 95
351 345
351 261
345 261
95 89
217 223
479 473
133 223
505 404
261 351
51 42
306 258
223 178
217 223
217 133
306 351
345 306
434 479
217 223
261 256
473 479
261 351
434 479
351 345
5 95
223 133
145 208
473 389
351 261
95 5
217 223
178 133
473 416
50 95
50 89
95 5
345 351
479 389
434 478
89 95
345 351
473 479
306 351
133 223
217 132
184 133
473 479
89 95
497 442
89 95
261 345
324 271
50 95
223 142
479 473
223 217
133 217
111 70
345 351
352 259
345 354
306 345
473 479
306 351
5 73
133 178
434 479
95 89
89 5
473 407
178 223
345 357
306 340
217 133
95 82
351 345
133 217
50 95
473 500
434 467
434 473
389 473
351 270
473 479
350 278
297 336
178 223
473 479
473 434
133 223
306 351
50 95
345 351
217 223
133 223
306 345
479 473
434 484
89 95
434 500
345 351
345 306
5 89
345 351
178 217
389 473
89 95
345 351
306 351
89 5
345 351
473 479
479 434
434 473
351 261
389 473
5 89
217 223
261 351
352 264
351 345
261 345
217 229
306 269
95 89
217 133
434 389
389 434
473 434
50 79
479 389
351 261
95 50
133 223
467 490
178 146
217 133
178 223
261 351
306 345
345 351
223 133
351 340
95 14
345 351
89 95
473 479
261 351
223 217
89 50
89 50
95 89
95 71
479 392
434 389
399 463
217 223
217 133
434 479
133 217
389 434
178 217
479 473
133 223
345 351
223 217
89 95
261 351
261 351
306 351
217 223
5 50
89 5
434 479
261 303
345 261
5 95
95 5
345 351
389 431
473 479
95 5
434 479
434 485
473 479
345 306
473 479
89 50
74 100
217 223
345 306
217 133
434 479
50 95
351 306
89 50
356 375
178 223
473 479
223 151
261 306
306 351
351 345
261 345
434 479
479 473
351 306
223 158
479 434
133 217
261 351
464 509
178 217
389 434
306 351
178 223
434 473
5 95
351 270
223 178
389 473
484 503
261 304
95 89
89 95
473 434
479 473
297 271
473 479
217 223
473 479
223 245
306 351
223 145
50 95
217 223
89 5
95 50
261 351
178 223
89 95
5 83
345 306
389 473
125 54
89 95
89 95
89 5
89 95
389 479
345 351
223 133
479 473
133 217
178 217
479 473
217 178
351 297
89 95
434 479
389 431
217 223
95 89
448 439
306 351
217 223
133 217
89 95
392 478
5 73
479 434
351 345
133 175
434 479
261 351
133 178
178 223
50 95
217 223
306 351
89 5
351 345
473 389
351 345
89 95
133 217
5 89
89 95
89 95
381 337
217 133
217 223
345 261
217 223
479 389
473 389
345 351
473 434
473 389
89 95
345 351
473 479
217 178
178 217
345 261
148 192
95 89
223 217
95 50
223 217
479 473
223 178
261 351
50 95
473 389
479 434
178 129
95 14
95 5
217 223
306 345
133 217
345 306
95 89
389 457
241 186
178 223
297 324
434 473
389 434
389 473
178 205
345 351
217 223
479 473
312 261
306 258
96 115
50 89
95 50
473 434
178 223
223 217
310 378
95 83
345 306
478 434
351 261
89 95
95 50
351 306
89 5
345 351
192 211
473 479
217 178
434 473
306 323
261 345
434 473
5 89
345 351
89 5
217 223
50 95
434 389
253 226
434 429
50 42
261 345
434 473
389 457
217 178
223 217
178 209
89 50
133 223
306 351
261 351
217 178
95 5
434 479
223 178
95 89
351 345
89 50
306 351
5 50
389 479
217 156
5 50
473 434
223 182
178 223
261 351
217 223
217 223
479 389
223 170
434 389
223 210
351 345
345 351
217 178
473 479
178 223
473 479
95 89
479 389
89 95
89 95
363 269
389 473
345 261
95 89
473 434
217 178
133 217
345 329
133 217
178 217
473 479
473 479
119 20
223 217
246 193
345 264
133 178
89 5
89 95
351 345
351 345
345 351
389 479
95 89
389 473
479 434
50 95
261 351
345 261
95 50
479 473
389 434
95 50
306 374
434 473
351 345
133 217
217 178
217 223
95 25
479 407
261 345
261 345
178 217
178 135
133 178
223 178
50 95
261 351
479 434
434 473
351 306
89 25
5 95
473 389
345 351
479 407
95 50
473 409
345 351
381 295
479 389
17 48
434 479
434 479
473 434
50 89
345 351
223 253
178 133
89 56
217 136
389 434
351 345
120 116
345 351
5 95
50 5
223 217
50 95
473 479
253 187
223 178
261 345
95 89
228 142
345 327
479 473
95 89
473 479
58 79
133 223
133 223
5 50
133 217
50 89
473 389
133 217
261 347
389 434
89 115
473 434
217 223
95 5
95 89
473 496
50 22
479 473
345 306
89 50
95 5
261 329
50 95
473 479
125 53
345 351
217 178
442 408
89 52
479 473
434 479
133 178
133 138
473 479
351 306
306 351
306 351
351 306
5 95
473 389
261 345
133 223
89 50
345 351
479 434
434 389
351 306
261 351
50 95
351 345
351 306
178 217
345 351
306 351
217 223
306 351
217 133
178 223
50 89
143 162
95 89
89 85
261 303
178 223
306 261
95 89
473 479
345 351
217 223
89 50
89 95
345 351
473 479
306 351
95 89
389 473
178 223
345 351
89 95
479 473
261 345
178 223
345 279
217 223
434 389
89 5
473 479
389 434
217 223
223 178
178 223
261 351
345 351
434 479
345 351
434 479
473 479
416 458
95 50
89 5
223 217
15 83
389 479
434 389
389 479
389 479
479 500
95 89
223 217
178 223
473 479
345 380
345 351
473 434
473 479
261 345
133 223
351 345
306 300
178 133
89 95
389 473
351 306
95 50
89 50
351 345
479 473
345 351
434 479
261 351
389 459
261 330
89 5
351 366
95 89
178 223
89 5
223 217
473 479
217 133
434 479
133 217
5 107
217 223
345 261
5 89
473 479
223 178
217 223
50 95
479 389
50 95
310 339
434 479
434 479
217 178
133 217
217 223
133 223
389 473
223 217
261 334
223 133
95 50
50 95
89 5
95 89
89 5
118 65
95 14
473 479
261 376
345 261
95 5
178 189
223 217
473 479
345 351
479 434
89 95
217 223
133 223
306 351
217 223
89 50
381 335
434 455
89 95
479 473
473 479
351 270
351 306
50 95
223 238
345 306
479 389
223 169
306 351
434 401
351 345
479 473
389 479
50 95
5 95
223 194
479 473
217 178
50 95
89 95
345 351
473 479
89 95
351 345
133 178
217 178
178 167
95 5
133 223
389 479
345 331
261 351
178 175
434 479
50 95
217 178
345 306
452 425
223 151
5 50
217 223
89 50
306 261
133 178
479 402
89 95
389 438
25 100
89 95
261 306
306 342
479 434
345 351
306 351
111 42
473 389
290 271
351 261
425 452
89 95
389 502
5 95
217 223
261 351
223 217
345 351
351 261
473 389
217 212
306 261
389 479
89 95
434 389
389 431
223 178
473 479
389 473
479 398
306 261
5 95
473 479
217 223
50 89
178 133
95 89
273 381
89 5
144 178
482 434
133 223
50 95
5 89
89 5
41 38
223 178
95 50
94 53
223 217
223 133
50 95
178 223
345 351
306 264
351 366
89 95
261 372
178 223
178 223
504 500
133 223
473 389
397 448
479 389
479 434
217 223
479 434
473 479
479 434
389 473
319 315
479 473
345 351
351 306
473 434
223 217
345 351
505 497
479 473
261 351
320 348
479 407
178 133
271 335
5 89
389 473
447 504
389 479
306 345
479 434
50 122
182 219
473 389
389 473
51 68
228 247
223 178
89 95
89 95
95 23
479 434
95 5
306 351
345 261
5 95
217 223
89 95
473 479
345 351
217 224
217 133
434 473
345 351
473 434
306 351
217 223
133 243
89 23
223 217
50 95
270 337
345 351
389 479
261 306
345 339
95 89
95 50
306 351
133 175
479 473
351 345
399 452
351 261
306 345
389 479
247 251
261 351
89 5
261 303
452 399
479 402
479 473
178 217
261 327
479 473
306 261
89 95
389 479
479 473
223 133
50 86
135 249
261 351
345 351
473 479
473 483
306 351
479 434
95 89
473 479
479 473
306 351
345 306
389 473
64 78
261 345
217 223
473 479
5 50
345 351
133 175
223 217
306 351
95 14
89 97
306 351
306 329
178 167
178 240
223 178
434 473
89 95
217 133
89 54
479 473
50 113
223 133
326 298
133 186
54 56
345 351
473 479
223 133
473 479
178 133
223 133
217 223
50 95
345 351
345 351
217 223
345 351
479 473
479 407
389 479
261 303
178 223
261 345
320 375
345 306
351 345
306 351
389 434
345 351
434 473
178 217
217 223
351 345
389 434
345 351
351 261
50 89
5 95
473 447
473 454
223 217
89 50
351 306
217 223
217 223
345 306
41 24
374 269
261 306
217 223
50 85
261 306
479 434
133 217
95 89
434 473
434 473
434 422
79 54
217 223
133 217
398 465
178 223
178 224
306 351
133 217
261 345
89 5
223 217
434 479
5 89
178 133
345 351
473 479
50 89
261 379
223 217
345 306
434 479
217 224
473 479
345 351
50 89
178 223
5 95
95 89
50 5
479 473
306 261
223 217
178 223
345 351
306 261
133 217
95 89
217 223
89 95
207 224
217 223
434 389
479 389
306 351
223 133
473 479
95 89
473 479
345 351
351 306
306 345
306 351
261 306
133 223
217 223
50 95
479 473
351 345
351 279
133 195
434 477
434 389
50 5
434 479
5 89
483 485
345 351
217 223
95 89
178 223
50 89
479 473
95 89
345 351
351 345
217 223
351 261
223 178
178 133
95 89
345 351
434 479
217 223
95 50
89 5
5 95
345 306
345 306
95 14
89 20
306 261
351 279
95 89
351 345
473 434
345 378
133 178
223 133
89 50
434 389
178 134
389 479
505 475
389 479
306 261
5 50
345 306
434 473
95 89
89 95
473 479
351 306
261 345
50 5
351 270
223 203
473 479
261 351
351 306
178 133
89 5
223 178
345 351
473 434
133 217
345 306
389 479
191 207
89 95
89 95
473 389
5 50
223 142
473 434
89 50
350 326
351 345
351 345
217 223
369 314
401 429
95 89
217 223
5 47
89 102
223 217
345 351
434 479
261 351
217 133
306 312
351 345
58 113
345 351
389 434
473 389
178 217
5 95
89 50
178 223
95 89
505 427
121 102
351 345
473 479
217 223
95 68
473 479
89 95
306 261
434 479
351 345
217 223
178 133
217 223
306 351
389 434
261 345
5 50
5 50
345 351
473 389
95 5
473 479
50 95
345 306
5 95
473 479
473 479
434 479
95 89
5 50
345 351
345 261
345 351
217 178
217 223
5 89
5 30
306 345
133 217
50 89
50 92
142 133
345 306
434 479
473 479
89 50
89 95
306 351
389 479
63 96
217 178
473 479
345 351
89 95
473 479
15 83
133 223
223 217
217 223
5 47
95 23
261 351
223 133
345 351
389 473
95 14
89 95
473 479
5 95
5 50
261 345
448 467
50 95
473 479
345 351
473 479
89 95
473 479
5 118
261 306
223 217
434 473
479 473
179 128
178 223
89 50
217 223
223 217
345 351
479 434
479 434
479 389
351 345
217 178
409 463
351 345
217 178
50 42
223 217
345 322
223 133
5 89
95 5
351 261
223 178
50 89
133 178
434 389
473 479
345 351
217 223
473 479
479 473
306 351
261 351
95 89
89 50
389 479
345 351
217 223
351 261
89 50
473 479
389 479
377 286
404 448
223 142
217 223
409 490
89 95
95 5
178 133
351 261
50 5
434 479
178 223
5 59
89 95
345 351
479 389
389 458
223 217
306 273
223 217
389 473
473 479
217 133
479 473
15 83
217 133
473 479
217 223
217 223
479 434
473 479
345 306
351 294
89 95
473 479
351 345
89 50
178 168
95 23
310 306
223 217
404 392
479 473
479 473
5 105
92 95
345 351
351 261
434 418
133 186
95 89
345 264
142 228
479 473
5 50
133 178
473 479
307 298
50 95
351 345
351 345
223 178
5 39
246 141
306 351
351 345
434 479
5 89
418 405
178 217
89 50
261 351
50 95
223 178
5 18
479 389
479 473
307 356
306 368
351 345
95 0
217 133
223 178
434 473
217 223
178 217
133 178
345 261
261 351
473 479
123 119
473 434
95 83
89 5
89 95
89 95
377 361
50 29
261 345
351 261
473 423
223 217
473 479
261 306
345 351
351 294
389 434
133 217
217 223
351 345
50 95
89 5
479 473
217 223
5 89
223 217
261 345
345 351
351 345
217 223
50 95
473 389
223 217
89 5
306 303
473 434
261 351
434 473
178 217
473 479
223 217
473 389
223 178
306 351
351 270
182 186
223 175
479 493
306 261
261 351
50 5
473 479
434 473
306 345
95 5
89 95
345 261
473 479
133 224
351 261
389 431
351 306
95 89
50 5
178 239
345 351
351 306
89 115
145 134
223 178
473 479
133 217
351 345
473 479
217 223
217 133
356 375
95 50
389 434
178 223
95 89
133 223
479 473
389 434
473 389
178 223
5 95
20 5
178 173
351 306
434 479
261 306
345 294
95 89
17 79
389 434
375 264
306 351
133 223
217 223
223 178
178 223
223 217
5 50
434 479
5 95
217 223
89 38
50 5
95 89
479 473
5 95
178 133
261 345
434 473
223 178
479 473
345 351
434 389
95 5
389 473
217 178
434 473
192 211
306 261
50 48
133 217
345 351
15 34
89 95
345 306
473 426
345 351
50 95
50 5
5 89
50 89
223 217
217 223
473 460
95 89
133 217
95 10
95 5
89 95
223 178
50 5
473 434
389 473
50 5
50 95
351 261
306 351
351 261
89 95
178 217
374 269
479 473
345 306
178 223
223 133
345 338
351 306
434 479
473 479
223 133
473 479
253 187
217 223
5 95
133 151
306 261
209 228
217 170
5 89
95 50
133 217
479 473
223 133
354 365
50 89
89 95
345 351
89 50
95 83
479 473
217 178
434 479
5 47
223 133
89 95
178 223
401 501
133 223
133 178
351 306
178 180
223 251
261 351
223 133
473 479
95 5
223 133
473 479
261 297
473 479
178 223
389 479
479 473
223 251
345 306
261 306
217 178
473 434
473 479
434 440
473 434
389 431
345 351
178 223
261 324
449 390
345 351
50 113
95 50
89 95
345 284
133 223
306 261
51 22
479 473
217 178
261 306
178 238
473 479
473 413
473 389
178 223
95 89
479 473
345 351
217 223
5 95
217 178
95 50
473 434
306 261
223 133
217 241
192 222
389 479
89 5
223 192
95 23
217 178
217 178
223 217
224 147
5 89
345 261
345 351
89 95
5 95
95 5
5 54
473 389
50 95
178 136
261 351
217 178
178 133
133 209
345 351
95 89
89 5
89 5
345 306
345 261
247 251
434 484
345 261
241 186
345 261
479 473
89 95
133 223
345 351
261 345
113 58
479 473
223 217
217 170
434 473
345 333
473 479
217 223
473 434
5 50
133 142
89 66
389 479
479 473
261 345
399 418
345 351
89 95
502 397
178 235
345 351
434 473
133 223
434 479
389 434
50 95
89 95
306 351
217 223
261 351
50 95
217 223
351 306
261 258
145 223
217 223
434 479
473 479
223 151
217 223
306 351
351 345
434 389
351 270
473 389
345 351
473 479
223 133
5 95
223 178
473 479
261 345
389 479
507 479
217 223
50 123
345 306
50 89
178 223
223 151
95 89
261 351
89 95
473 479
133 223
261 351
95 23
473 479
351 261
50 5
223 132
50 89
133 217
95 23
169 194
5 73
434 473
95 89
89 95
345 351
261 303
351 345
223 212
473 389
50 95
261 351
89 95
133 217
50 111
41 76
5 89
434 473
133 223
217 133
434 479
473 434
261 345
345 351
345 351
351 261
434 473
178 133
351 261
89 95
89 95
133 213
345 261
133 223
223 133
306 351
217 133
473 434
389 473
89 95
208 178
223 178
123 119
479 389
404 448
95 50
434 479
306 351
223 217
473 479
306 261
479 389
261 351
351 345
261 298
306 345
351 345
178 223
261 306
178 223
434 479
473 479
133 178
50 95
217 191
434 389
89 95
5 95
351 291
89 95
351 306
95 89
178 223
351 261
89 95
223 199
473 479
178 223
133 178
389 457
89 95
89 95
178 223
434 479
351 261
95 89
54 1
351 270
223 178
351 270
351 345
306 365
479 389
223 217
178 223
223 206
50 89
223 133
5 29
345 306
345 306
345 351
351 345
473 479
261 351
473 389
306 345
133 201
345 306
345 351
223 178
50 95
306 351
217 223
473 434
217 178
50 17
89 23
50 79
479 434
473 479
95 89
306 345
479 398
351 345
133 223
89 95
223 133
5 95
389 457
217 223
5 89
479 473
306 261
479 473
50 5
133 223
5 95
306 351
89 95
95 89
479 389
89 95
306 351
223 133
217 156
192 198
96 124
178 223
479 434
434 479
306 317
89 47
223 151
351 345
261 345
389 434
306 345
351 270
133 175
404 505
351 306
89 50
89 5
479 389
434 479
89 127
434 460
178 133
345 351
223 217
50 95
95 89
95 89
95 14
89 36
217 133
89 95
217 223
133 223
89 95
351 257
217 178
345 351
261 306
261 306
306 345
434 436
345 262
479 389
434 389
95 89
306 351
351 306
434 479
178 223
50 95
178 223
479 434
473 479
473 389
178 193
351 270
178 223
89 5
50 89
389 473
5 89
89 50
133 157
99 70
89 5
306 333
5 95
473 479
473 434
223 217
223 203
95 84
224 141
473 479
345 306
223 178
261 351
473 479
434 479
223 194
217 223
389 479
479 473
89 95
178 223
306 351
222 202
95 5
261 351
434 415
351 306
178 217
89 95
306 345
479 407
351 261
89 50
223 217
351 306
389 473
95 25
345 351
223 217
178 133
89 95
435 440
223 142
89 95
217 149
261 306
473 401
223 142
50 95
351 306
89 95
389 455
50 95
217 223
5 89
95 89
473 479
5 50
95 14
217 223
389 434
389 457
54 35
178 223
95 23
473 479
50 89
351 335
178 133
50 95
434 389
261 345
95 89
42 51
473 389
50 99
479 434
133 223
217 178
217 133
345 351
5 95
473 389
479 389
133 178
306 345
434 473
133 223
89 95
223 178
133 158
351 345
89 50
89 95
50 5
345 351
217 173
95 5
473 479
133 223
389 431
473 434
345 351
89 50
50 89
217 223
95 89
351 306
473 459
50 5
133 223
133 223
261 275
434 479
95 23
306 307
434 473
473 389
345 351
89 50
223 133
345 306
261 306
118 65
473 434
125 70
223 217
345 351
217 223
434 447
306 270
345 261
434 401
473 434
217 133
351 345
261 345
133 175
217 223
178 182
178 223
306 351
223 178
389 479
89 50
217 223
345 351
17 5
345 306
223 217
5 95
133 223
5 50
345 351
5 95
351 261
479 473
5 50
473 479
345 306
5 50
217 178
306 345
89 95
479 434
479 409
50 89
95 89
50 89
473 479
479 407
434 391
345 351
434 479
178 223
389 479
89 95
473 434
95 5
389 479
89 50
389 479
473 479
223 217
89 95
5 50
217 223
217 223
178 223
223 217
178 223
89 50
133 217
389 434
223 142
261 269
434 479
133 201
434 428
89 5
351 379
50 114
133 208
389 479
50 89
223 217
389 479
479 473
306 351
5 95
50 95
306 351
345 351
217 234
178 168
434 479
89 95
178 217
345 351
89 5
133 217
479 434
217 223
178 133
261 351
351 345
434 479
434 473
434 479
153 234
345 351
306 261
389 479
5 95
89 5
306 351
389 479
223 178
89 95
389 473
473 479
217 223
95 23
351 279
434 479
50 5
223 217
95 89
479 473
389 479
95 5
89 95
89 95
50 5
261 306
217 223
178 223
389 479
89 95
95 89
79 15
217 178
89 50
345 261
479 473
351 345
345 306
133 166
95 89
306 351
261 351
89 50
473 507
435 392
473 434
479 434
479 444
68 15
351 345
261 351
223 217
223 217
473 479
89 16
50 95
223 175
306 353
50 5
473 389
389 479
345 306
50 89
133 223
306 345
483 455
473 479
473 434
5 95
50 89
95 50
479 473
178 223
217 222
473 479
473 434
178 223
261 306
89 95
178 133
473 434
261 351
351 345
434 479
345 261
306 261
273 276
133 223
217 178
434 469
5 89
217 223
473 479
345 319
479 398
345 261
479 473
345 351
473 434
217 223
351 345
95 89
89 95
389 473
473 463
389 479
345 306
473 434
473 425
223 133
351 345
473 389
351 345
50 74
434 473
479 389
261 351
351 345
89 50
89 50
5 95
99 41
434 491
473 479
223 151
434 479
217 223
310 330
249 226
434 473
473 479
261 351
178 223
217 175
261 303
217 223
473 434
89 95
473 479
50 95
133 223
261 345
5 25
95 71
473 506
473 479
133 217
223 178
217 223
223 217
389 473
50 95
345 351
351 339
133 217
345 306
89 95
95 5
351 345
473 479
223 217
473 434
95 50
345 371
178 133
351 261
89 95
442 464
50 89
306 261
223 217
89 95
345 351
133 217
50 95
89 50
345 351
345 324
50 95
253 226
217 157
223 133
345 306
345 306
89 50
54 47
434 473
345 306
217 223
479 434
95 50
133 223
434 479
50 95
217 178
306 379
50 95
223 217
319 376
133 217
351 345
133 158
5 95
351 306
178 180
345 351
345 353
306 351
345 261
50 95
306 351
314 261
223 217
345 306
178 223
41 47
479 473
351 372
351 261
345 306
5 95
345 306
217 223
217 133
261 329
223 217
479 473
479 473
217 223
54 50
306 351
50 5
479 434
95 5
479 434
306 345
389 473
345 351
95 54
479 473
178 223
178 133
223 217
434 462
261 351
351 261
217 223
345 296
473 479
345 306
223 178
249 148
50 110
89 95
65 109
345 351
217 223
345 306
389 473
448 413
473 434
389 473
178 133
217 223
271 290
306 351
143 207
95 14
261 351
381 318
261 306
473 389
217 223
351 306
479 501
95 50
217 133
133 217
89 5
95 50
306 345
351 345
261 351
399 418
345 351
306 261
223 151
261 306
89 97
306 351
217 133
324 271
217 223
351 306
479 473
351 345
178 223
133 223
5 117
261 351
389 479
223 133
351 345
306 361
389 479
479 398
389 473
89 95
50 89
50 95
89 95
345 351
133 178
133 223
351 306
178 223
261 345
345 351
89 95
345 306
5 95
345 351
434 479
473 479
351 345
133 223
217 223
345 351
479 473
438 420
89 95
253 192
217 223
434 389
223 133
345 351
217 223
217 178
223 133
217 178
5 50
217 136
306 351
95 93
178 217
306 351
306 351
133 217
426 435
345 261
351 345
261 345
5 95
14 81
95 5
345 351
434 420
50 95
473 434
50 95
345 378
473 479
473 479
345 306
15 79
5 89
133 217
95 89
434 479
239 142
133 223
473 434
379 306
95 89
143 151
178 209
223 178
345 261
89 50
95 79
351 306
5 60
227 144
5 95
95 89
217 178
345 351
89 78
89 95
169 144
306 351
434 452
223 178
351 306
261 351
434 389
473 479
473 479
473 479
473 434
133 223
426 435
434 442
217 223
434 479
217 133
261 306
479 454
178 223
5 47
479 473
223 178
351 261
479 389
223 178
89 50
89 95
50 95
217 178
89 50
133 150
389 431
389 455
310 295
345 351
178 223
133 223
345 313
95 23
5 95
297 329
133 178
306 327
351 306
223 217
479 473
95 63
261 345
50 95
389 473
345 306
50 89
95 47
89 77
351 345
178 223
351 261
223 178
95 89
351 306
133 178
351 306
223 142
473 434
34 65
50 95
178 223
473 479
95 89
345 261
389 479
133 178
170 179
50 89
89 50
100 14
95 89
306 351
479 398
434 473
217 178
345 306
217 207
223 217
434 389
389 473
351 345
51 42
133 223
5 47
217 223
133 217
89 95
89 5
50 95
178 223
89 50
473 479
133 240
5 95
261 306
95 5
352 292
95 89
473 434
345 261
133 217
473 479
217 223
389 479
389 473
351 261
223 178
473 479
337 298
95 5
5 89
89 5
473 479
5 89
389 479
192 222
217 223
95 89
484 503
389 479
434 479
223 217
89 95
95 12
473 479
5 50
473 434
351 261
50 95
351 345
89 95
217 178
217 142
95 89
473 479
479 434
479 473
217 223
133 223
89 50
473 479
5 89
320 366
223 133
473 479
95 89
89 95
133 223
223 217
389 479
89 95
89 50
5 50
15 34
217 223
178 217
306 351
217 178
133 201
217 133
345 306
5 89
473 479
434 384
306 351
50 95
133 217
479 482
261 329
223 217
89 95
351 345
351 261
473 479
345 351
351 345
399 467
89 95
271 335
224 206
434 479
306 351
389 434
306 345
434 389
178 217
89 50
89 95
473 500
479 389
50 95
217 223
473 434
133 223
473 389
261 345
95 50
241 186
178 223
345 351
473 479
479 434
89 95
345 306
50 95
345 351
5 116
217 222
89 5
351 259
50 95
351 345
473 479
389 434
235 141
351 261
382 306
178 223
223 217
178 133
389 434
89 50
473 434
89 95
306 261
479 473
217 223
217 223
217 223
434 473
223 217
345 351
473 434
345 261
345 351
217 245
217 133
345 319
473 479
121 7
345 351
306 351
217 178
89 95
473 434
261 351
5 47
133 178
351 261
5 73
223 217
345 261
178 223
473 479
5 89
50 95
351 345
434 473
223 217
223 133
217 178
479 473
89 95
434 473
133 223
345 363
351 261
95 50
261 303
95 89
89 5
89 50
434 479
178 148
89 95
261 345
89 50
50 86
217 223
434 473
479 473
223 217
473 477
434 479
175 192
143 162
95 89
473 479
41 22
223 133
89 95
389 473
223 151
479 447
473 435
479 434
261 351
435 426
89 95
473 467
473 479
479 434
223 217
345 331
473 405
389 434
50 84
473 389
473 389
178 217
367 298
434 473
473 479
345 261
89 95
133 223
479 434
50 95
5 89
95 50
89 5
389 477
434 504
178 189
389 473
223 133
95 83
345 351
89 95
95 89
223 133
473 434
473 479
217 178
345 351
434 479
473 389
479 473
345 351
178 223
50 95
261 345
178 217
223 178
223 253
306 351
479 473
473 478
5 73
351 306
306 351
95 89
89 95
375 379
178 193
89 95
125 59
479 477
178 228
434 479
133 234
217 178
473 434
426 439
217 133
473 413
217 178
217 178
42 81
223 199
351 261
89 95
89 95
178 217
351 261
473 497
50 80
473 479
351 345
178 179
89 95
345 306
5 89
473 480
434 479
434 473
261 306
178 223
261 316
389 479
351 306
217 235
223 133
5 89
217 178
473 389
447 504
473 389
351 345
306 351
473 479
223 217
389 479
170 239
389 479
345 351
217 133
434 389
95 5
306 351
434 389
217 207
479 473
473 434
345 351
479 407
306 270
306 351
306 351
306 317
479 407
261 351
434 479
217 133
223 217
249 171
5 89
306 351
345 351
95 50
351 345
223 217
223 217
351 345
223 217
473 479
5 50
223 217
416 443
95 5
345 261
89 95
306 351
133 223
89 5
351 276
5 73
261 345
89 95
479 434
434 479
133 223
351 306
473 434
389 434
247 227
479 434
50 95
223 133
434 479
95 89
223 217
217 133
95 89
473 479
217 133
222 167
473 389
223 133
261 345
42 51
223 133
178 223
306 351
99 34
133 201
50 95
217 223
351 306
89 95
389 479
223 217
479 473
389 457
15 34
345 339
178 223
95 5
5 95
261 306
351 261
261 329
186 207
345 351
505 508
223 217
345 306
345 351
473 479
351 306
345 351
95 50
217 223
5 89
351 345
223 178
89 5
5 94
261 351
345 351
223 217
178 223
5 47
351 306
434 479
178 223
182 174
261 306
389 479
381 377
50 89
95 89
261 351
261 351
351 306
306 351
133 223
178 217
95 5
178 223
178 133
345 261
89 95
345 306
389 491
133 217
345 306
389 473
479 389
479 389
81 100
261 345
483 385
351 261
434 479
434 479
434 479
261 345
89 50
133 223
479 434
133 217
345 351
479 467
217 133
479 473
133 178
345 351
351 345
89 63
178 133
178 217
178 149
273 336
389 473
89 50
50 89
217 178
345 351
217 178
306 351
345 261
217 223
473 434
473 438
133 178
223 151
95 5
217 223
95 14
268 306
133 178
479 473
217 223
351 310
479 501
133 223
345 340
99 41
351 345
178 223
42 94
351 286
261 351
351 345
434 402
389 434
89 95
479 389
479 473
118 96
479 473
50 89
389 479
5 89
473 479
479 473
5 95
133 223
434 389
178 223
50 95
473 479
479 473
217 223
89 50
434 479
345 261
95 5
479 473
143 162
89 83
133 223
89 95
389 479
223 178
261 345
188 133
178 223
479 403
389 434
89 50
95 5
345 351
178 133
133 223
178 223
479 473
50 123
133 217
473 434
479 434
223 133
50 95
50 5
169 223
217 178
345 315
479 389
306 345
89 95
479 473
217 133
95 5
223 217
261 306
217 223
261 345
89 16
217 223
50 89
345 303
223 217
351 261
50 95
217 223
95 89
479 473
479 454
351 270
351 306
473 434
95 5
223 217
217 223
223 250
217 223
223 245
64 83
261 306
306 351
223 178
50 95
351 345
345 306
389 473
389 479
223 217
178 223
178 223
479 389
473 479
434 479
473 479
133 223
95 5
217 223
133 223
89 5
148 136
473 479
473 479
473 479
223 217
223 217
367 326
95 5
5 50
261 351
95 89
345 351
351 345
306 351
345 306
351 261
261 306
249 221
479 473
434 479
479 473
473 479
374 321
434 479
95 89
217 223
133 223
50 5
217 223
479 473
217 178
473 480
261 274
351 261
178 189
89 5
389 479
223 217
350 285
473 479
223 217
95 5
223 133
95 5
89 95
306 287
345 351
217 223
5 50
351 374
479 473
217 178
345 261
95 5
389 479
217 223
479 476
89 5
223 133
479 473
306 351
473 389
389 479
89 95
345 351
223 217
223 178
473 389
306 351
306 345
95 89
389 479
50 5
389 473
223 178
5 89
95 50
51 98
261 345
434 432
351 261
95 50
34 14
389 479
113 58
5 89
223 217
479 434
128 223
217 184
223 217
351 319
217 223
94 79
389 473
389 479
479 434
223 178
217 178
89 95
133 223
217 223
345 351
50 89
345 351
89 95
223 217
435 457
389 479
5 95
217 223
223 217
133 152
217 223
217 223
89 95
223 151
217 223
178 217
133 223
89 95
143 207
217 223
89 95
345 351
389 479
223 217
351 261
389 479
321 381
473 389
345 351
50 5
89 95
473 434
222 209
217 223
381 292
345 351
306 262
351 306
50 95
473 434
89 95
373 321
351 345
479 440
5 50
191 248
217 223
473 434
89 50
95 5
5 89
434 479
389 479
306 345
95 89
351 261
89 95
223 133
345 313
351 301
217 178
217 178
89 95
261 345
5 50
223 199
223 178
401 497
239 170
89 95
331 345
298 307
89 95
178 217
317 355
351 279
473 434
133 223
351 261
57 64
389 479
473 479
217 223
389 473
351 306
178 133
95 50
389 473
217 133
473 434
351 306
133 217
169 213
261 310
389 392
133 223
306 351
217 223
434 473
473 479
473 501
351 261
56 5
217 223
217 178
434 406
345 351
345 351
89 95
89 95
351 306
479 398
434 479
54 15
133 201
223 217
133 217
5 95
178 241
5 41
345 351
351 345
351 345
217 178
217 133
89 125
217 223
5 95
345 351
223 142
351 306
89 5
473 504
95 89
217 133
389 434
351 345
261 306
34 14
473 479
223 133
345 306
133 223
351 261
217 178
133 217
473 434
217 223
399 418
377 310
479 473
50 95
223 133
345 351
217 133
473 479
448 467
261 345
306 351
351 335
178 220
89 95
5 89
223 217
89 50
178 184
473 434
178 203
479 389
89 50
89 95
133 162
351 279
473 434
217 223
217 133
217 223
345 351
306 350
89 50
473 479
434 389
345 351
5 95
223 178
351 261
479 398
50 95
389 479
306 345
473 479
434 479
95 99
50 41
223 178
261 345
95 89
5 50
5 80
479 473
223 217
145 223
261 351
96 20
351 261
89 95
133 223
261 351
5 95
355 356
5 89
389 479
178 133
217 223
50 95
133 211
50 111
473 479
389 473
217 178
345 351
95 89
473 479
95 89
479 434
178 133
223 238
133 217
89 95
217 223
473 479
54 6
223 145
223 217
178 217
5 95
133 178
306 351
50 5
434 479
351 345
261 303
179 191
182 179
89 95
217 223
288 330
442 459
5 50
133 178
473 479
133 223
261 351
178 217
473 479
15 83
95 79
178 133
479 389
223 133
351 261
324 271
217 223
425 454
178 223
389 434
223 178
306 351
389 434
479 473
345 351
351 345
389 473
178 133
434 473
217 178
434 479
339 271
50 95
217 223
351 306
497 442
222 169
217 223
95 5
389 457
389 479
223 178
5 89
95 89
473 479
479 473
351 306
479 434
95 89
345 306
261 351
178 223
345 351
95 5
473 479
389 479
217 157
217 223
479 473
473 479
217 223
389 434
261 379
345 351
479 434
133 223
306 351
351 345
217 160
261 345
434 389
133 178
473 479
50 95
389 473
217 178
95 89
178 133
389 434
479 473
434 436
217 212
95 5
95 2
95 89
345 351
389 479
95 89
351 345
345 351
50 89
50 95
89 50
345 261
351 345
95 5
306 351
133 223
95 50
479 473
345 351
473 479
473 479
351 298
54 83
261 345
473 479
50 95
133 223
89 50
473 479
178 185
217 178
473 462
217 223
5 95
473 389
223 217
50 5
270 351
89 95
447 504
50 95
223 133
306 351
100 119
223 178
217 223
351 261
89 95
473 434
133 223
178 223
473 479
89 2
351 345
473 434
223 217
389 434
482 435
89 50
434 467
434 473
74 100
217 178
89 95
306 345
345 351
306 261
389 431
426 435
345 306
321 344
223 178
5 89
261 351
89 50
133 223
178 223
261 345
223 142
434 479
95 89
389 434
50 89
351 261
89 95
89 50
89 95
473 479
95 89
107 13
351 261
389 473
133 234
345 351
5 50
351 261
217 226
217 223
178 223
351 306
133 217
479 402
479 389
89 95
95 89
452 398
217 223
345 351
261 306
133 217
95 89
133 201
479 407
89 95
434 473
473 479
351 261
89 50
223 178
473 479
223 178
178 245
223 217
351 270
351 306
89 95
479 473
389 457
95 23
389 479
95 89
89 32
89 95
345 351
178 223
95 89
228 247
223 217
345 351
345 261
95 89
133 178
95 23
178 217
479 389
473 479
434 391
133 175
351 261
479 473
479 473
345 351
184 133
133 217
345 261
5 47
178 223
306 351
133 223
217 133
479 473
351 383
351 306
5 95
351 379
473 434
389 473
5 89
89 50
178 223
479 389
95 50
261 345
306 351
50 95
389 479
473 389
217 223
261 345
148 192
89 50
223 217
473 479
5 95
50 95
89 95
178 217
217 223
389 434
5 95
89 47
50 95
50 95
351 345
389 457
261 345
306 351
345 306
306 261
222 188
217 223
95 89
133 178
351 345
479 389
306 350
351 306
95 89
261 351
95 50
89 95
434 479
217 133
89 95
217 223
50 39
351 345
89 95
350 330
345 274
389 473
133 217
345 351
473 479
89 95
223 217
133 217
178 148
351 261
17 74
217 223
306 352
351 261
217 133
351 279
389 479
95 89
95 23
345 351
217 223
479 434
89 50
473 478
473 479
473 398
217 223
351 306
50 95
351 279
473 434
5 95
261 345
5 89
480 493
389 434
223 184
217 223
479 473
133 217
95 63
50 95
89 95
133 178
223 178
5 95
50 95
133 178
434 479
5 73
89 5
297 261
345 261
196 143
89 95
241 186
89 95
95 89
345 351
351 378
351 345
95 89
89 50
223 217
5 89
479 389
345 306
261 306
5 47
306 371
217 178
95 63
223 217
473 479
223 217
351 270
223 217
217 223
5 95
434 479
178 133
473 479
95 5
223 178
479 389
223 217
473 479
351 345
50 95
95 5
345 351
479 473
389 473
95 50
473 434
345 279
473 479
398 465
89 50
89 95
217 223
479 483
178 223
89 95
133 223
434 479
434 423
178 217
473 479
217 223
473 389
5 95
356 310
473 479
217 133
473 434
50 89
389 479
223 217
345 327
345 261
261 345
479 461
306 345
434 465
434 473
345 351
95 5
306 282
178 223
5 89
5 95
479 473
89 95
133 163
345 351
345 306
335 351
306 261
223 133
351 261
306 358
247 251
178 217
217 198
89 95
306 351
404 448
389 434
217 178
217 223
145 208
5 93
223 142
217 133
261 345
261 351
223 217
350 369
239 170
5 89
351 345
95 89
178 223
479 473
95 89
351 345
425 407
351 306
25 106
351 345
5 95
473 434
345 261
479 473
5 50
223 142
217 243
5 73
473 434
345 261
95 89
261 303
178 223
374 298
351 345
351 306
345 306
89 95
89 50
434 473
479 434
351 345
217 240
345 351
89 50
434 479
270 337
351 306
89 95
217 178
306 351
178 133
261 345
306 351
434 479
89 95
345 351
351 345
306 351
473 479
89 95
389 479
95 50
479 389
389 473
389 457
217 133
89 95
95 50
89 95
253 223
95 31
479 473
389 434
178 223
89 50
261 351
50 91
271 290
389 479
351 306
89 95
306 351
261 351
5 56
223 142
434 389
95 14
89 95
5 95
223 133
217 223
178 217
148 136
95 89
351 285
473 479
434 389
434 473
133 223
179 169
345 322
133 217
217 223
217 133
178 217
89 50
133 178
389 461
178 245
222 198
178 217
95 50
89 95
261 351
351 345
89 95
223 133
95 50
81 42
95 23
64 94
223 217
89 92
217 211
217 223
133 223
223 178
339 362
479 429
5 89
50 95
473 479
479 473
89 95
143 207
306 261
89 95
261 351
345 260
217 223
217 223
217 178
89 95
389 457
389 479
351 261
503 404
192 211
389 479
261 351
50 95
217 223
473 499
217 247
389 434
479 473
473 479
345 306
351 306
345 351
434 479
389 479
217 223
479 473
178 217
50 89
5 79
178 217
133 217
223 151
217 223
133 223
389 479
133 223
473 479
50 23
89 50
133 223
223 217
306 351
434 413
89 5
306 351
217 139
345 351
223 178
434 389
389 473
217 204
473 479
50 3
133 148
306 261
95 5
133 178
389 473
306 351
351 345
473 434
5 73
434 479
321 260
223 133
133 175
473 434
223 217
475 479
223 217
473 389
217 223
351 273
473 479
89 95
374 269
107 13
50 5
123 119
133 223
389 431
345 351
89 95
473 479
306 378
178 217
89 50
50 89
223 217
306 351
345 351
473 434
89 95
217 133
217 223
89 5
5 89
389 479
95 5
389 473
223 217
89 5
261 345
389 479
217 223
473 434
133 178
89 5
306 351
434 479
217 178
345 351
89 50
434 479
389 431
351 345
50 5
178 223
217 133
345 351
345 351
95 50
434 387
178 133
50 43
50 95
5 89
479 473
223 178
473 479
473 479
133 223
178 145
479 434
389 473
50 95
290 321
389 434
434 493
261 329
95 125
195 246
95 50
345 351
351 345
479 398
479 398
473 389
434 389
89 100
389 479
502 449
5 89
178 147
434 479
223 133
50 98
50 89
261 306
133 223
41 13
434 479
50 5
479 473
89 95
351 345
89 95
223 133
95 14
63 96
473 434
50 95
89 95
17 95
223 133
345 351
307 272
345 261
223 178
224 207
345 351
473 479
442 443
223 217
50 5
95 89
479 473
223 217
351 306
217 133
434 399
95 5
351 345
479 434
351 340
434 389
217 223
223 237
217 223
5 50
223 178
223 133
5 50
50 95
223 133
306 351
133 223
389 479
351 345
178 223
89 50
5 50
479 473
473 479
351 306
95 50
389 479
223 191
351 345
89 42
389 479
345 351
448 389
217 223
50 5
89 95
306 351
345 351
179 180
89 5
473 479
345 351
479 473
473 479
217 223
473 479
306 351
473 479
217 223
351 345
217 223
345 351
133 217
502 426
95 89
178 223
479 473
363 269
473 479
306 351
95 14
223 217
223 178
217 178
351 345
223 133
351 261
217 223
50 89
217 223
479 434
89 95
306 351
345 261
329 261
223 217
261 351
261 351
223 133
389 434
95 89
473 434
133 217
345 363
473 389
483 500
479 434
389 434
351 306
306 294
389 434
89 5
401 396
473 434
50 45
223 178
223 133
178 217
389 457
95 50
95 50
261 329
133 223
223 217
217 223
5 50
389 473
217 133
306 351
50 65
223 217
223 166
479 386
50 95
223 217
389 434
261 306
389 464
133 178
261 306
65 49
133 175
261 351
479 473
223 133
89 95
389 434
479 389
345 351
223 133
306 280
473 426
95 89
133 223
306 345
434 479
345 351
95 5
351 261
473 479
223 133
5 50
473 479
217 246
50 89
217 178
133 223
479 389
389 479
223 217
261 351
95 5
89 30
473 477
223 217
5 95
345 261
479 473
306 351
217 178
217 133
89 50
479 500
479 389
389 479
473 434
217 247
434 458
133 253
479 473
95 89
133 223
306 345
178 133
389 434
261 306
479 398
345 351
217 223
178 140
50 5
261 350
217 223
133 175
95 89
178 157
89 21
89 5
270 337
479 434
217 223
345 261
217 133
89 50
351 306
389 393
89 85
321 268
389 473
89 95
473 434
50 95
133 223
306 351
223 178
345 351
178 133
351 306
306 345
351 261
345 274
306 351
473 479
345 351
133 187
479 401
5 95
473 479
178 217
217 223
473 480
89 95
473 479
89 95
95 123
217 178
95 50
473 479
217 223
351 306
95 50
95 89
306 351
479 434
479 434
89 95
479 473
345 351
480 498
89 50
434 479
5 89
261 351
434 389
223 210
473 434
133 178
473 457
217 128
162 216
178 184
217 223
5 95
50 5
261 351
389 479
223 133
95 89
89 95
401 476
306 351
5 95
217 223
95 50
351 345
178 223
434 479
64 20
345 306
345 261
434 433
434 479
89 95
133 217
223 133
89 95
217 133
133 175
217 223
473 389
479 407
50 95
351 345
89 95
81 42
479 398
434 473
434 439
178 223
261 306
306 261
345 306
261 306
306 301
241 186
473 415
178 212
89 95
434 401
217 178
473 479
223 151
223 217
89 50
351 345
345 351
434 479
89 95
434 479
20 8
217 133
351 345
271 290
227 152
50 89
95 99
351 345
345 306
223 151
191 248
95 5
178 133
345 306
178 217
95 89
345 351
356 375
473 422
50 95
217 223
95 50
479 473
5 73
434 389
95 89
261 345
50 95
223 217
217 223
89 95
95 14
389 479
178 144
351 261
17 50
95 89
50 5
261 345
434 444
178 223
89 95
178 223
95 5
306 345
5 89
89 95
261 339
261 351
133 178
473 479
169 232
473 479
434 479
50 95
345 306
223 178
223 133
479 389
261 306
133 217
217 223
261 345
351 306
473 389
351 345
473 479
479 441
223 217
50 89
345 351
89 95
178 223
356 375
217 223
473 459
473 479
50 5
133 217
345 351
217 223
178 171
479 473
217 223
217 178
345 351
50 95
273 313
223 145
223 217
261 345
133 212
95 89
5 89
374 298
389 434
217 178
223 217
133 175
89 95
89 95
306 261
479 407
133 178
389 479
261 351
223 145
178 223
5 47
473 434
89 95
178 217
345 351
479 389
345 261
89 50
217 133
178 223
479 473
306 351
345 306
351 306
133 217
95 5
217 133
95 89
261 351
261 266
133 178
479 473
434 479
133 145
351 379
473 389
473 426
306 261
217 223
94 3
178 223
306 370
5 50
479 473
479 473
89 95
479 422
473 389
223 217
89 5
89 50
95 89
389 479
178 133
133 223
345 351
345 351
479 389
133 223
223 217
491 397
473 479
345 351
89 95
473 479
351 337
223 178
217 223
217 223
434 473
95 89
479 473
465 426
5 50
261 351
473 434
422 434
473 479
434 479
351 306
223 217
404 448
261 351
50 89
473 479
351 261
434 473
5 95
434 389
509 482
223 178
95 5
5 95
5 50
389 491
217 223
473 434
95 89
306 351
473 434
89 95
50 5
351 306
95 89
217 223
473 389
217 223
473 479
273 348
434 389
306 345
217 223
89 5
345 260
351 345
145 195
345 351
51 63
5 47
434 404
223 151
306 261
345 261
50 95
217 223
145 208
479 449
89 95
389 479
89 50
223 235
345 306
217 223
178 249
217 223
50 95
95 50
89 95
483 490
223 178
479 473
306 351
89 26
345 351
479 434
473 434
223 133
473 434
509 490
479 473
345 351
479 478
228 142
306 351
217 178
5 50
223 178
89 95
345 261
473 479
261 351
261 351
95 5
89 50
89 95
261 351
89 109
345 261
351 345
5 95
306 324
5 95
345 261
178 133
217 223
351 306
345 351
95 84
148 192
473 479
306 301
95 26
473 462
351 276
178 223
196 143
345 326
95 89
50 95
345 351
345 351
507 509
178 153
351 306
89 95
457 389
89 95
223 178
178 143
5 95
223 217
345 351
217 223
345 351
473 486
178 223
5 73
473 465
217 242
217 178
351 261
505 440
178 217
217 223
217 223
223 217
223 178
425 398
479 389
473 434
50 95
89 118
351 261
306 261
345 306
89 95
345 351
351 345
217 223
89 95
95 125
95 56
50 89
217 178
473 479
261 306
479 473
50 89
133 178
95 50
351 345
345 351
484 503
434 473
375 379
473 461
351 306
345 351
50 95
217 178
223 217
223 217
95 79
95 29
306 345
473 434
217 223
479 473
479 434
261 306
217 223
89 5
95 5
345 295
50 5
50 20
13 107
5 95
351 345
217 223
261 319
351 279
351 345
479 473
483 416
389 479
217 223
473 479
89 95
306 269
217 178
217 213
345 261
351 270
479 401
345 351
261 351
223 217
351 306
223 178
223 217
217 178
473 479
178 223
345 351
89 5
473 389
5 95
345 306
178 217
452 399
473 434
217 223
223 217
119 20
50 95
345 351
54 44
479 434
434 389
306 351
261 351
479 389
133 217
261 351
89 5
217 133
479 473
473 479
306 275
133 178
479 473
5 89
133 223
89 95
434 439
50 95
345 319
261 351
306 351
345 261
133 178
89 50
358 261
223 217
217 243
297 375
473 434
345 324
261 276
95 89
261 351
389 479
306 351
95 50
479 414
345 351
217 156
473 479
5 95
89 5
495 463
345 351
479 473
228 179
217 223
434 389
473 455
50 95
473 389
89 95
50 95
351 261
351 295
434 410
5 95
113 45
479 389
479 473
306 305
271 290
89 50
389 434
95 14
217 223
217 223
479 473
389 490
89 5
89 50
479 467
473 479
95 50
473 479
381 354
178 223
133 223
223 133
133 223
345 351
479 473
81 42
434 473
217 178
434 447
89 50
89 95
434 389
306 261
434 473
5 53
217 223
217 162
345 379
351 306
479 389
133 211
223 194
351 294
95 89
5 50
178 223
389 479
351 345
473 479
479 410
389 434
351 345
351 345
217 133
345 351
484 435
261 278
95 14
261 351
479 473
351 261
95 89
89 95
178 217
483 433
223 142
345 351
351 345
434 401
89 95
178 223
473 479
217 223
5 50
345 351
351 261
261 345
89 95
351 345
94 115
89 95
479 434
473 455
95 50
479 473
95 50
504 479
473 389
389 434
351 261
178 158
178 253
261 351
178 167
217 223
178 223
434 424
473 479
89 95
5 116
217 223
473 500
345 351
351 345
484 503
261 351
223 178
178 223
261 306
217 223
95 5
89 95
133 178
95 89
473 479
389 479
50 95
389 434
351 298
351 345
5 73
479 473
133 217
306 351
306 351
50 89
479 434
15 79
345 261
217 178
351 345
50 5
217 223
133 223
345 351
89 95
5 95
389 479
133 223
95 89
5 79
351 345
434 479
434 473
95 5
133 223
479 473
133 178
473 479
389 473
479 473
217 133
217 160
261 306
223 178
89 5
217 223
89 14
95 5
261 351
89 95
479 473
223 133
89 95
261 306
223 217
223 133
182 255
473 479
261 351
473 479
42 9
5 95
479 434
345 261
389 445
18 89
351 345
223 133
95 89
178 142
473 479
50 95
351 261
223 217
297 328
473 452
389 479
95 71
50 95
389 387
479 460
479 473
89 95
217 223
223 217
41 59
89 95
5 119
133 217
89 95
5 89
95 5
345 329
95 89
479 407
95 10
389 479
133 217
479 434
223 217
89 5
178 223
345 261
50 95
89 5
50 95
306 351
479 473
389 434
95 50
5 34
5 89
223 178
95 14
95 50
479 434
217 223
434 389
434 396
345 306
223 217
223 250
79 83
95 50
95 89
351 345
434 479
89 95
345 351
89 95
95 8
178 217
479 473
345 351
351 261
223 133
14 95
345 306
345 351
217 222
479 468
217 178
345 306
223 133
89 95
253 198
217 178
5 83
345 351
223 217
473 479
223 178
217 223
479 434
95 5
5 95
345 351
389 434
351 345
479 434
399 418
217 223
223 217
345 351
479 434
306 351
261 258
351 345
434 431
345 351
261 351
479 434
345 306
345 261
5 89
217 223
479 472
473 479
261 329
345 351
133 178
479 473
133 208
306 331
5 89
261 345
473 434
5 50
95 50
178 223
223 133
133 223
89 5
217 223
345 351
345 261
133 223
95 47
50 89
345 270
89 95
389 479
261 351
178 133
473 479
178 223
133 223
223 151
217 142
217 223
5 50
89 95
351 261
351 345
306 351
95 89
261 306
5 112
369 314
479 434
89 14
95 89
5 50
251 150
261 351
345 306
89 50
223 133
261 351
345 306
5 50
434 508
345 351
434 389
261 331
270 337
345 351
5 95
5 95
89 95
178 223
178 170
473 479
217 223
217 223
351 345
345 306
351 261
89 50
434 479
261 306
133 217
133 223
345 351
217 133
473 479
223 217
223 133
15 34
351 306
217 163
64 102
479 473
223 217
351 306
351 345
63 96
261 351
217 178
50 95
345 351
89 95
89 95
5 95
143 162
223 217
434 479
345 351
447 504
50 95
351 261
95 89
319 376
50 95
178 217
345 261
434 479
473 479
95 89
479 398
434 479
50 5
389 476
133 223
478 483
389 479
5 89
217 178
306 351
178 217
95 89
95 5
389 457
95 89
345 351
223 217
389 473
479 426
480 478
434 479
306 351
217 133
223 133
51 19
345 306
223 217
178 223
306 351
217 223
345 351
473 479
5 95
133 223
133 201
133 178
389 479
170 179
351 261
133 223
389 479
479 389
261 351
50 89
473 479
345 294
89 95
434 479
434 479
261 273
133 223
95 89
223 133
473 479
89 95
261 351
95 89
345 351
223 133
434 392
473 434
89 95
351 261
217 133
89 95
223 227
95 89
217 178
351 279
64 8
261 306
50 95
473 479
223 178
217 223
89 5
133 223
389 473
217 223
434 432
320 339
89 95
351 345
351 306
89 5
345 351
89 50
89 95
261 345
89 5
89 5
41 112
217 223
276 264
473 479
479 389
89 95
479 389
434 479
178 224
351 345
223 217
178 243
434 479
479 473
217 223
351 279
479 407
80 79
133 217
351 345
306 351
345 351
345 306
473 479
473 479
5 95
5 89
261 345
434 479
169 161
50 89
351 345
479 473
345 351
217 223
345 351
178 223
5 95
223 178
142 228
89 50
223 178
345 306
479 434
306 339
223 178
133 223
345 306
389 473
223 217
50 5
133 217
351 261
434 395
479 496
306 351
473 386
345 351
434 389
434 473
345 261
50 95
95 74
223 244
50 95
261 349
89 6
95 50
217 223
178 223
306 351
389 434
297 351
261 306
473 479
133 217
217 223
261 306
351 261
95 50
261 351
473 491
89 95
473 479
217 223
306 351
345 351
89 50
479 473
217 178
473 479
479 473
178 223
345 261
5 50
261 345
261 303
351 345
479 473
261 351
473 434
133 223
473 479
434 479
217 223
389 434
95 59
133 223
351 345
351 345
479 473
95 20
479 473
351 306
95 89
261 306
217 223
133 217
473 479
5 8
95 5
217 178
345 351
217 223
426 435
345 351
389 473
261 270
351 261
217 133
473 479
223 217
345 379
389 479
271 335
351 345
351 345
473 479
297 270
479 434
306 261
351 345
217 133
89 95
306 351
217 223
5 89
223 217
434 473
89 50
178 223
345 351
306 351
473 389
389 434
345 306
434 389
306 345
5 89
133 128
89 61
223 217
479 389
223 178
261 351
223 217
434 406
479 473
345 312
306 351
389 434
473 479
133 217
89 5
473 429
133 217
261 256
473 479
50 89
217 223
89 95
50 16
473 434
345 351
217 178
479 473
351 306
5 50
89 95
351 327
95 23
89 95
434 490
89 95
217 223
351 345
351 306
217 223
351 345
261 351
178 223
509 479
434 479
95 89
5 50
51 83
345 351
89 50
223 217
50 95
389 473
192 211
473 389
178 223
345 351
479 389
389 479
473 389
50 89
89 73
89 99
89 5
479 389
95 5
473 408
345 351
95 6
178 223
345 351
89 50
95 50
306 339
479 473
434 479
351 345
50 39
178 223
223 217
95 5
448 467
389 473
89 95
261 329
345 306
479 473
223 237
434 479
352 311
479 473
473 479
389 473
50 5
223 133
133 223
345 351
479 434
306 345
261 345
178 217
479 473
473 481
89 95
351 270
306 303
479 473
345 351
133 178
50 95
351 261
473 396
473 389
217 225
473 434
74 99
345 261
479 473
217 223
95 5
50 95
389 479
217 223
479 473
5 95
345 288
473 434
479 473
306 345
479 389
434 479
178 213
479 389
473 384
89 5
178 223
5 73
434 479
143 211
95 23
182 205
345 306
479 480
89 95
479 434
223 245
133 178
50 17
306 351
178 223
223 133
95 5
473 479
345 351
89 5
95 89
5 89
404 392
133 217
479 389
479 473
133 223
95 5
345 306
473 434
351 345
178 133
5 95
178 223
217 133
345 351
223 178
223 178
217 223
50 83
223 133
434 479
50 29
89 50
306 351
434 479
306 351
351 298
223 133
306 351
95 89
223 217
479 389
223 217
463 438
434 479
306 351
5 95
223 217
217 223
223 217
306 345
133 178
223 142
351 345
5 95
351 345
133 217
351 306
5 47
223 217
479 389
434 479
217 133
217 133
5 89
169 249
306 351
217 175
217 194
389 479
434 473
178 223
5 73
261 272
261 303
95 89
217 223
345 351
496 425
95 50
473 479
261 345
217 223
479 398
5 50
473 434
50 5
434 479
64 83
95 89
5 95
276 320
479 473
217 223
5 89
434 414
379 375
479 434
351 279
58 24
5 89
217 178
473 389
95 89
509 490
5 47
345 351
89 95
228 247
261 345
509 463
351 261
50 95
465 426
133 223
217 223
351 306
261 345
5 73
50 95
50 95
50 100
345 338
89 95
377 271
192 211
306 351
306 351
50 95
473 434
89 95
389 479
143 217
351 261
473 479
345 351
351 345
434 467
217 223
223 133
51 48
434 479
261 351
89 95
217 133
5 95
89 74
473 434
479 389
473 479
217 223
64 97
345 351
133 178
479 473
223 217
178 223
389 434
351 270
223 217
345 351
223 178
5 54
133 217
223 133
345 306
276 320
89 50
179 207
306 301
399 463
434 389
473 479
133 217
50 95
5 89
223 217
425 399
434 479
89 95
133 223
89 50
223 178
5 95
306 345
178 217
345 261
495 426
5 47
479 434
473 479
223 178
351 345
351 345
89 13
434 479
479 434
351 345
261 351
5 50
473 479
479 434
345 306
95 83
351 261
5 89
89 95
5 50
223 178
50 95
473 434
434 479
479 473
178 217
89 95
306 379
306 369
345 351
306 339
479 461
217 133
389 473
306 351
479 473
217 223
5 50
217 250
169 157
351 306
473 479
50 95
505 435
434 479
89 95
217 182
434 473
95 89
178 217
133 223
50 68
178 223
306 347
369 314
473 389
217 133
473 479
306 374
95 5
345 351
89 95
217 133
25 74
389 473
509 436
50 100
351 345
345 351
473 434
223 217
473 389
389 473
89 5
217 133
261 351
50 5
89 95
223 178
434 391
95 89
217 178
345 306
95 50
64 52
261 306
217 223
89 95
261 345
58 113
345 351
345 351
473 389
261 351
351 306
351 345
306 342
345 351
509 425
89 95
434 473
479 389
5 95
133 217
217 223
223 178
434 479
345 306
95 5
50 123
223 178
223 133
473 479
473 479
50 95
261 345
473 434
217 131
306 351
133 223
345 261
5 50
50 122
217 223
345 306
429 434
434 473
178 230
89 95
217 223
133 178
351 306
5 47
434 479
345 351
15 79
261 306
351 306
95 5
261 345
5 95
389 479
473 479
217 223
95 5
351 279
473 479
261 345
143 162
261 351
95 23
389 473
306 351
50 95
95 23
5 41
89 5
306 351
89 95
434 477
217 234
351 270
261 345
178 223
473 434
50 95
89 95
351 306
345 351
5 95
261 306
479 434
261 351
345 351
389 479
389 434
306 261
351 345
217 223
389 418
89 95
345 351
223 142
89 115
351 345
448 427
217 223
345 351
89 95
351 261
306 345
473 389
389 479
261 345
89 50
306 286
50 5
369 314
178 223
479 407
50 89
95 89
95 5
5 50
473 479
434 479
50 5
217 223
133 217
473 479
351 306
89 50
314 369
345 307
217 223
434 479
306 261
89 50
217 178
479 389
389 491
217 223
479 473
115 89
95 5
95 89
473 389
351 345
345 351
345 306
5 95
345 351
345 351
223 204
133 223
306 351
324 271
473 478
89 95
479 434
434 401
351 287
345 351
351 261
5 89
178 223
479 434
479 398
351 270
5 50
95 50
345 351
479 473
95 5
473 479
223 217
351 306
345 351
389 473
351 261
473 479
50 49
351 306
389 479
351 345
306 351
178 186
479 434
261 351
473 479
217 223
95 89
89 5
50 95
89 50
89 95
95 83
479 496
434 479
133 217
345 306
217 223
473 434
217 133
5 95
434 473
434 479
89 5
261 329
473 479
479 389
223 217
434 473
389 479
95 89
95 89
434 473
473 389
473 479
217 223
133 178
89 95
133 223
434 479
5 95
95 89
89 95
389 479
369 306
473 479
261 379
89 47
89 5
306 345
223 133
306 372
217 178
50 89
95 5
345 351
434 479
89 5
306 351
217 182
50 89
345 306
351 345
345 351
434 479
50 95
261 306
133 178
345 351
261 345
133 205
50 54
473 479
217 223
389 434
473 479
95 14
133 201
261 345
223 178
351 345
306 345
473 389
223 178
345 306
133 178
223 217
261 351
241 211
89 95
50 95
5 95
5 50
182 246
95 5
389 473
473 479
223 178
89 115
345 306
89 50
89 99
351 261
178 223
133 175
95 50
479 473
95 5
434 479
389 473
223 133
223 178
217 178
89 38
95 5
217 223
95 89
261 366
95 14
389 506
223 133
434 391
306 351
133 223
178 133
319 376
352 261
435 419
261 306
434 389
345 351
5 50
479 407
178 223
223 133
389 479
389 479
261 345
389 473
133 178
217 178
473 479
473 389
217 223
473 479
434 473
223 217
89 5
389 479
223 217
389 457
479 434
389 479
217 223
178 176
261 333
345 351
459 473
100 14
217 223
133 175
473 479
133 217
223 217
41 94
351 345
479 389
389 479
434 397
89 95
345 261
473 434
223 217
5 89
178 223
479 434
447 504
95 89
434 479
5 3
345 306
133 178
95 5
217 223
473 479
261 306
178 223
351 306
261 351
95 89
479 473
89 95
89 50
95 5
473 389
350 370
223 151
89 95
217 133
95 42
345 351
133 201
389 431
473 479
14 81
473 479
178 217
89 23
389 473
217 196
345 339
351 375
434 473
434 450
35 17
261 351
217 251
345 261
261 351
223 227
89 50
217 225
253 187
306 381
133 223
178 223
345 351
479 473
261 351
369 314
479 473
389 479
351 261
479 407
351 345
351 345
178 217
319 352
434 479
306 276
223 217
50 95
95 89
95 89
479 426
389 473
345 351
223 217
434 479
89 95
95 89
95 5
128 133
223 178
5 89
133 223
217 178
479 426
434 479
5 47
473 479
133 175
473 479
345 351
345 261
479 473
95 89
261 306
95 89
217 223
50 89
261 374
261 331
223 133
5 73
261 351
217 223
169 156
50 95
224 134
401 479
434 439
473 479
89 95
351 345
434 479
5 20
178 223
133 217
133 223
95 89
217 178
345 351
345 261
217 173
223 178
351 345
473 394
50 95
261 319
345 358
389 473
89 50
5 50
345 351
479 389
345 257
351 306
178 223
133 217
133 178
192 131
5 73
473 479
17 38
217 223
479 389
306 345
95 23
217 133
133 217
223 217
479 473
64 12
95 50
369 314
133 223
449 497
223 217
133 217
223 178
178 235
479 389
351 261
434 473
178 237
217 178
133 217
473 479
5 95
473 479
5 95
223 217
5 117
89 95
89 5
273 310
442 459
345 306
143 162
389 479
133 217
133 175
217 223
473 479
351 306
50 89
133 180
473 479
351 270
345 351
306 345
95 89
89 95
389 485
261 378
389 473
389 457
479 473
178 223
89 50
50 95
133 223
473 389
89 5
95 50
5 89
389 473
133 223
345 351
306 345
95 89
351 345
217 223
50 21
95 89
178 223
5 75
369 314
217 223
217 223
271 339
95 63
479 389
497 442
133 223
479 389
345 351
89 95
178 223
217 136
89 50
261 351
434 473
345 261
473 389
351 345
133 217
351 306
434 479
261 351
89 95
434 479
363 269
306 351
5 95
261 306
223 217
351 261
479 507
389 473
133 178
306 351
425 481
89 95
345 355
473 479
178 152
345 261
14 81
95 50
479 434
261 306
89 95
133 223
96 78
50 95
133 223
223 133
261 345
473 479
95 50
473 434
178 223
389 473
345 261
5 95
479 473
345 260
479 398
345 286
217 223
398 465
345 306
178 133
5 50
351 345
473 479
145 154
351 345
479 473
434 429
351 345
351 345
217 223
89 119
479 473
5 95
351 306
306 351
345 351
89 95
5 95
479 434
5 95
345 351
434 447
169 147
178 223
389 434
133 223
434 479
133 182
473 479
217 223
95 50
473 479
389 473
223 217
133 217
345 261
178 217
434 479
473 479
223 217
389 479
217 223
217 223
345 351
5 50
434 479
473 389
389 473
389 504
473 434
5 50
345 351
217 223
345 351
434 479
5 89
217 223
434 479
306 261
5 73
50 95
479 398
434 389
345 351
306 351
431 389
217 223
50 95
345 351
345 351
178 223
5 95
345 351
223 133
345 351
95 50
473 479
351 345
133 178
434 426
473 479
479 461
479 473
89 122
438 472
351 345
145 170
479 473
223 217
351 345
217 223
95 89
89 95
473 479
50 89
345 351
89 95
479 473
217 223
50 53
479 389
473 414
241 133
434 479
473 479
345 351
351 306
306 351
473 479
306 351
95 117
351 345
89 95
223 217
479 414
351 306
178 223
345 351
217 223
473 389
178 223
351 261
89 5
324 271
389 479
223 151
351 306
223 167
95 89
306 351
5 95
473 479
217 178
133 178
50 95
261 345
261 329
95 89
434 473
133 223
345 351
329 261
50 95
223 178
50 95
345 261
345 261
89 50
389 473
89 5
473 479
473 479
89 95
223 217
223 133
473 483
50 89
95 50
133 223
89 5
345 261
425 386
479 473
95 50
345 351
133 205
434 436
473 479
133 223
273 354
50 95
207 211
95 5
271 290
473 479
473 479
261 345
133 223
389 463
345 306
133 223
473 479
345 324
223 217
345 351
473 479
50 95
479 473
133 223
95 5
217 133
5 57
306 358
217 223
434 473
223 178
434 473
479 473
207 182
351 261
50 95
345 351
217 223
261 306
50 89
345 351
50 95
133 178
345 351
42 51
89 50
5 89
351 345
178 217
223 217
479 389
95 89
89 95
473 389
89 50
473 479
261 345
50 89
223 158
261 345
297 324
89 95
479 473
95 50
389 473
261 306
148 192
50 5
467 403
89 50
351 345
389 473
89 95
306 353
133 223
473 434
178 221
261 345
483 391
95 89
47 5
473 434
89 95
223 217
50 89
345 261
5 95
369 314
329 261
5 10
5 95
345 261
217 178
217 223
5 95
345 306
89 95
306 345
133 223
345 353
473 389
15 34
434 473
473 479
95 89
178 223
306 261
479 482
133 178
389 479
107 13
5 95
306 290
95 89
50 5
89 5
345 348
178 179
351 345
306 351
89 117
5 95
133 217
345 351
351 261
223 217
178 223
473 479
5 74
479 473
351 279
434 479
223 217
133 223
178 223
5 50
217 133
5 50
434 479
273 259
178 223
63 120
251 247
178 133
345 351
479 434
479 473
473 479
50 114
306 351
223 217
89 95
133 223
351 345
95 89
5 95
89 95
306 345
389 457
306 261
95 5
434 401
473 389
95 5
89 50
217 178
345 351
89 95
355 261
351 279
5 89
271 290
95 89
50 42
89 50
479 434
217 145
345 351
89 95
249 200
389 479
312 261
95 89
133 223
345 338
89 95
479 473
223 133
345 351
223 133
5 95
95 89
217 223
89 95
178 159
217 133
473 394
178 133
351 306
133 217
95 89
389 457
89 95
169 188
50 95
217 178
473 507
89 5
351 261
448 397
133 223
479 410
89 95
479 389
261 306
5 89
217 133
95 5
355 339
95 89
261 351
201 133
473 479
479 434
345 351
261 306
306 351
5 95
473 502
95 89
217 223
5 95
95 89
473 479
478 473
68 15
178 223
345 351
351 261
261 351
178 223
178 133
186 207
178 223
306 351
5 95
178 217
5 50
5 95
479 434
306 351
178 180
261 351
89 5
50 95
89 95
479 434
389 479
351 281
5 50
5 95
345 351
389 479
473 434
351 345
5 95
223 217
217 223
5 95
178 133
306 272
133 223
217 223
223 217
261 351
473 434
306 351
217 178
89 95
5 95
217 223
345 261
89 50
473 479
143 162
435 451
5 24
479 473
345 351
217 223
425 480
320 339
223 217
449 501
479 434
473 479
74 100
345 351
473 479
223 133
160 202
473 479
389 394
217 133
223 217
473 434
133 217
261 351
89 50
473 495
89 95
306 351
473 434
491 497
42 51
345 261
473 479
363 269
95 50
261 345
89 95
389 457
89 95
89 95
133 223
345 261
223 217
434 477
389 434
479 473
239 170
217 223
223 217
306 351
5 95
473 479
261 345
345 351
479 478
345 306
261 345
133 223
319 376
345 351
133 223
363 269
389 509
345 261
50 100
306 335
351 306
389 479
217 223
351 345
170 179
178 223
5 50
133 223
5 73
217 178
73 50
374 298
89 95
351 345
345 306
223 217
473 463
178 223
95 89
261 345
479 473
473 479
89 95
170 179
5 89
95 50
89 95
217 148
178 217
133 217
50 95
389 479
261 351
89 95
389 479
50 95
261 306
95 89
89 50
307 319
133 223
169 247
217 178
389 434
479 434
351 270
298 305
89 5
223 178
217 178
178 223
389 473
5 89
89 5
509 498
479 389
434 473
389 473
345 306
479 434
434 473
351 306
345 306
5 95
473 389
434 476
351 306
95 50
192 187
306 351
306 345
223 217
178 223
95 5
96 55
121 53
223 133
306 351
217 133
473 434
389 473
447 463
389 473
223 217
54 68
50 95
89 5
306 351
192 211
5 95
306 345
217 223
89 95
473 479
345 351
50 33
89 95
50 95
50 5
261 348
89 95
178 223
479 407
351 345
479 398
434 479
434 389
479 434
473 434
217 178
306 273
89 95
261 306
217 223
479 434
473 434
479 389
389 457
217 223
89 95
95 89
223 217
389 473
95 47
351 306
217 223
345 351
50 89
209 179
89 95
473 479
389 457
389 434
5 95
479 473
223 133
217 178
133 175
479 434
217 223
389 479
5 89
345 306
473 479
479 434
389 473
479 434
479 473
5 95
95 89
261 345
389 479
5 95
345 351
306 345
345 351
434 490
50 95
345 306
479 398
434 389
351 345
473 479
434 479
89 95
50 95
223 217
50 95
345 351
217 223
479 473
389 434
89 50
479 473
306 351
306 261
133 223
217 223
217 223
306 351
178 154
169 182
345 351
389 457
89 32
345 261
178 133
345 266
389 479
306 351
217 223
473 479
13 107
345 351
89 5
473 434
50 95
479 473
389 473
223 133
479 472
306 261
345 351
479 398
345 363
223 217
99 32
5 89
89 95
434 430
473 490
484 435
345 351
223 217
473 479
345 351
306 351
5 89
89 95
223 217
95 89
438 493
178 133
223 178
217 223
473 479
434 401
89 3
434 479
473 479
473 479
223 217
133 223
223 217
5 89
15 79
89 95
389 479
389 479
473 479
217 223
473 389
217 223
479 473
351 345
434 479
473 479
178 133
217 178
178 217
217 133
89 95
95 5
5 89
473 479
217 223
133 217
392 448
89 50
389 473
479 433
351 345
5 89
95 89
351 261
261 345
473 389
434 401
479 389
95 45
473 479
89 95
133 223
473 479
473 479
217 226
223 217
95 89
217 223
5 73
351 306
50 89
223 142
351 345
89 95
473 479
50 95
473 479
50 89
479 473
345 351
473 479
389 479
133 175
178 223
178 217
133 223
261 351
434 479
217 223
351 306
178 217
50 89
351 306
473 389
50 54
345 261
133 175
223 133
345 306
345 351
473 479
223 217
389 479
473 479
434 473
223 133
473 479
345 351
217 223
133 217
89 50
389 473
345 351
178 217
306 351
89 5
217 223
95 89
273 373
178 217
345 303
217 160
389 434
95 5
89 95
95 50
351 345
95 5
389 473
345 342
351 324
345 351
89 95
491 397
473 389
217 223
389 434
306 372
178 133
50 95
95 23
133 217
310 315
217 223
5 95
99 5
345 351
95 89
223 133
306 261
223 133
473 479
5 89
223 146
473 479
479 473
50 97
89 109
223 217
345 306
261 351
261 369
170 179
473 434
261 306
306 351
479 389
95 50
434 473
217 223
5 89
306 261
351 306
170 179
473 479
479 434
178 223
95 89
434 473
50 5
306 345
473 479
217 223
261 351
416 458
89 5
306 316
473 479
389 434
479 473
89 95
479 473
143 162
473 479
306 345
89 95
5 95
345 274
509 436
473 389
5 73
434 389
389 434
473 460
5 95
473 479
217 223
223 178
473 479
217 178
89 50
479 473
89 50
473 479
345 351
345 306
51 91
389 479
345 351
178 223
479 473
133 217
473 389
217 133
261 351
178 223
95 5
479 389
351 345
479 473
479 389
89 95
89 95
345 261
223 133
345 306
89 5
345 306
261 306
351 306
389 457
345 351
479 434
473 479
473 479
223 217
89 95
223 207
261 351
133 241
50 95
95 5
261 306
505 408
89 95
479 434
89 50
5 95
178 133
273 305
351 306
217 223
389 479
133 217
306 351
389 479
306 351
389 479
345 306
217 223
217 178
345 351
345 306
306 351
434 479
345 261
454 490
479 473
95 50
345 351
100 14
95 89
95 89
306 345
217 223
133 144
473 479
271 335
89 95
434 479
5 89
223 217
217 223
351 306
473 493
223 217
261 351
133 223
223 207
217 178
89 95
306 363
351 306
50 95
306 345
23 95
178 133
178 133
473 479
223 217
473 434
345 351
5 89
351 284
178 133
89 50
261 351
261 351
217 178
50 95
223 217
434 389
345 351
217 159
473 479
389 479
178 217
217 133
95 102
473 434
217 223
479 434
389 434
89 50
178 223
50 5
345 351
399 418
381 383
178 223
223 133
178 217
306 341
389 473
41 68
95 5
473 479
345 351
217 223
345 261
261 345
473 479
473 479
473 479
50 5
297 341
261 351
389 473
95 14
5 95
89 95
261 345
89 95
217 178
178 217
434 479
497 442
345 351
261 351
369 314
133 217
178 223
319 376
89 95
95 89
5 95
473 479
473 462
89 71
345 351
5 112
95 89
89 95
133 178
217 223
217 133
50 52
223 217
434 479
133 178
133 175
50 95
345 306
473 434
89 95
5 95
473 434
178 223
261 345
95 89
355 347
306 351
479 473
5 95
473 479
95 89
89 5
345 351
95 5
479 473
426 435
389 479
178 223
178 133
5 89
306 351
89 50
133 182
478 422
5 47
389 494
509 454
351 276
345 351
484 503
89 5
306 351
50 95
389 457
89 95
217 223
133 223
434 479
306 261
473 434
209 170
261 329
434 473
345 351
175 207
133 178
434 473
217 133
345 261
133 217
306 351
217 223
133 223
217 223
479 473
306 273
261 345
389 458
99 29
217 133
217 178
306 340
276 264
479 389
51 77
261 351
276 379
261 351
223 178
345 261
133 223
223 217
306 351
217 178
5 89
217 223
239 170
89 95
261 345
223 217
89 95
5 89
178 217
95 5
223 133
133 223
89 95
306 351
306 351
217 212
473 479
345 355
473 434
261 351
261 345
473 434
473 434
95 14
345 351
95 50
223 133
306 351
217 223
306 351
261 345
95 89
178 223
473 479
89 95
389 479
178 217
434 389
95 5
434 392
345 257
434 479
363 269
261 306
310 355
95 23
95 50
479 473
217 223
473 434
473 479
351 345
95 5
345 306
178 217
223 217
5 50
217 223
399 467
389 479
95 89
89 95
351 306
345 261
95 89
95 5
223 133
95 5
50 5
473 479
89 116
217 133
389 479
133 223
211 234
479 473
133 178
473 479
261 351
50 95
50 89
178 188
351 345
89 95
5 50
95 89
89 95
389 434
89 57
345 351
473 479
223 250
5 47
89 45
345 261
306 351
223 217
425 407
5 95
434 479
223 217
473 479
345 306
345 351
133 217
351 345
479 394
89 95
217 223
133 223
89 95
5 89
473 479
5 95
50 5
223 217
95 5
118 5
351 345
5 95
178 217
345 261
89 42
178 223
345 351
217 223
438 475
473 479
5 75
345 306
50 95
5 50
217 133
223 178
351 306
261 345
178 223
50 79
473 389
133 178
434 447
89 95
95 89
306 261
473 479
217 223
217 223
345 261
95 89
345 351
178 217
479 434
178 217
50 89
345 351
345 351
133 223
473 389
95 89
5 50
351 261
89 50
228 247
351 345
223 178
389 479
50 3
89 95
351 345
89 95
297 287
95 89
473 479
389 479
345 306
473 434
434 479
95 89
95 5
5 78
351 345
5 89
389 479
345 261
473 479
217 238
345 351
351 306
351 345
95 5
217 178
217 133
434 473
133 223
217 223
356 270
434 473
473 389
89 50
389 473
434 479
473 434
89 50
178 223
178 255
345 351
345 351
473 434
355 335
133 223
351 345
434 479
345 261
223 217
95 89
261 351
133 189
479 473
217 223
178 223
217 223
223 151
223 133
345 351
217 223
89 95
389 506
95 89
473 479
473 479
399 467
345 351
345 261
434 389
479 434
434 473
306 369
5 95
389 479
473 389
389 434
224 158
223 178
133 138
5 95
261 303
5 95
50 89
473 434
473 479
89 95
479 398
479 473
473 466
217 178
351 279
133 175
473 479
351 306
223 178
351 261
95 89
179 195
473 389
178 133
217 223
351 261
389 473
345 351
217 223
217 188
89 20
473 459
50 89
249 224
478 397
351 345
223 178
389 493
89 95
306 351
351 345
363 269
389 473
479 389
434 479
351 306
345 306
389 479
479 473
473 479
178 251
178 217
306 345
50 89
178 223
133 217
345 261
479 481
389 479
345 306
217 223
223 217
389 431
217 223
479 434
434 479
434 422
479 434
133 223
351 320
352 344
434 384
389 473
320 279
5 89
133 178
345 351
351 345
479 473
306 345
50 95
50 89
89 95
351 306
345 261
89 50
50 95
5 70
473 389
473 434
261 351
463 447
50 89
50 5
434 479
223 178
479 473
473 389
95 5
434 479
89 70
217 223
89 50
133 217
65 73
217 178
351 306
271 335
133 169
473 434
345 306
133 178
434 447
95 5
89 95
473 479
50 95
345 351
473 479
133 178
434 498
89 50
178 133
50 95
473 479
351 270
505 465
223 184
345 351
306 345
351 345
351 274
217 223
473 434
479 434
89 95
345 351
217 223
133 223
89 95
217 223
479 478
89 95
50 95
473 478
475 389
261 345
50 95
351 345
95 50
389 434
351 261
222 194
306 351
389 392
473 434
473 479
217 133
261 345
223 133
389 407
223 133
345 351
473 479
5 89
306 261
95 50
345 306
217 142
223 151
351 350
133 170
178 250
223 142
306 270
434 479
345 351
307 266
5 95
95 5
133 178
178 223
95 50
351 345
351 366
345 276
5 73
261 298
345 351
454 426
217 223
223 217
479 473
217 223
345 306
217 178
389 434
261 351
345 306
133 223
89 95
223 217
6 17
217 223
351 306
89 95
223 133
169 237
5 89
389 479
223 217
306 351
217 129
389 479
89 5
473 434
133 223
207 182
95 89
389 479
217 223
5 95
89 95
479 466
479 473
89 5
261 329
50 89
473 479
306 351
389 479
351 270
51 18
352 330
351 345
404 448
95 89
133 178
351 306
178 133
345 261
261 351
345 261
434 479
148 136
306 351
351 306
479 398
50 125
50 127
345 351
345 351
479 473
351 345
351 306
261 306
5 95
351 261
497 479
261 306
178 217
95 116
15 83
351 345
473 479
178 223
217 223
89 95
473 479
125 59
89 95
345 336
50 95
89 95
95 50
345 351
483 402
473 479
89 95
223 142
178 223
223 133
89 95
95 89
351 345
306 345
261 351
89 80
217 223
50 89
95 14
223 178
192 148
89 95
89 95
345 306
95 89
246 193
95 125
261 351
223 217
217 223
306 345
121 9
223 217
133 175
217 223
306 345
178 223
178 217
5 35
351 353
89 50
261 306
434 479
351 345
246 141
261 270
434 470
217 223
223 178
5 95
473 476
351 345
50 95
351 261
306 345
223 178
345 351
178 229
306 261
479 473
178 223
5 47
473 479
479 434
261 351
95 50
261 351
223 142
217 223
473 434
434 479
479 473
306 351
89 5
345 351
389 473
89 95
351 261
389 473
50 95
223 217
217 223
207 191
95 89
223 133
351 345
217 223
217 223
473 479
50 89
95 82
5 89
217 223
95 5
351 306
50 5
473 479
389 434
479 434
473 479
479 473
452 399
5 73
182 230
306 345
351 345
473 434
345 367
89 95
473 434
95 89
133 223
95 89
133 223
389 434
89 95
223 178
473 462
217 223
217 178
350 276
389 395
389 457
261 306
178 223
89 50
95 89
345 312
217 133
351 270
178 133
398 465
479 434
178 223
178 217
345 351
79 58
261 345
473 479
217 223
345 351
351 345
434 479
345 351
178 158
50 113
89 95
473 479
345 351
473 389
434 389
145 244
5 82
170 179
473 434
479 389
261 351
473 434
89 95
473 479
434 440
217 223
479 473
50 95
306 351
434 479
389 484
479 389
64 118
178 213
89 50
473 434
345 306
133 223
473 479
306 351
223 217
345 351
89 95
89 50
306 351
345 351
5 95
479 473
223 178
223 178
345 306
133 223
261 345
133 217
345 306
223 217
5 89
389 434
473 399
89 50
95 5
133 243
178 171
89 95
306 350
479 389
5 95
64 125
178 223
479 434
345 351
261 351
50 53
5 95
434 479
261 306
223 217
320 322
50 95
345 351
89 5
479 473
89 50
95 89
217 178
479 389
178 223
473 434
261 351
217 223
345 351
345 306
5 89
223 142
125 79
473 479
351 345
351 345
351 261
473 479
223 178
223 169
192 141
306 351
345 351
306 351
479 501
121 68
479 473
306 345
434 389
5 95
473 479
307 298
389 434
133 223
399 418
351 273
5 95
223 217
95 50
178 223
178 223
95 5
178 217
306 319
178 223
434 479
5 95
178 217
399 463
271 290
321 380
479 473
133 208
306 351
223 217
223 178
95 23
217 128
507 503
479 473
345 351
389 479
345 306
89 50
113 58
351 306
473 479
148 136
133 223
306 261
89 95
50 95
178 133
89 50
133 175
434 479
178 202
178 133
89 95
389 479
473 401
89 50
345 351
50 5
50 89
5 47
479 473
223 217
479 473
434 389
75 5
178 133
95 89
261 351
345 351
479 473
479 434
389 434
479 473
89 95
178 250
435 440
483 502
89 45
50 5
345 306
89 95
434 479
345 351
224 205
223 133
389 434
178 164
89 95
473 479
350 276
434 473
473 479
345 261
179 145
351 261
479 434
50 95
351 345
217 223
5 89
217 223
479 473
389 479
5 89
75 89
113 58
95 50
89 95
351 261
227 207
479 473
306 345
389 479
89 95
473 479
5 119
273 336
473 434
434 479
345 351
89 5
479 473
95 50
473 434
223 217
479 434
389 479
345 351
178 223
345 351
95 5
89 50
389 457
178 223
351 339
133 223
434 479
223 217
261 351
351 306
223 217
223 217
449 402
241 207
479 434
223 207
5 95
473 479
223 133
133 223
89 95
50 95
95 89
89 50
133 223
89 50
479 434
351 279
389 473
345 351
89 5
434 473
351 306
289 261
434 468
345 306
345 306
479 401
133 223
