512 10000
178 223
145 178
479 473
178 223
351 306
261 345
217 223
345 266
479 473
479 434
50 5
223 133
261 345
133 217
50 89
261 345
306 351
50 65
223 203
89 50
5 54
217 223
345 351
209 170
345 261
351 261
473 479
351 306
249 174
345 351
434 479
345 306
345 261
479 389
95 50
217 223
50 95
261 351
351 306
345 351
345 351
95 89
261 345
473 389
133 223
178 147
89 95
32 5
217 223
5 89
133 217
350 268
50 44
89 50
389 479
306 273
356 375
223 178
389 479
217 223
306 351
261 351
473 434
261 329
50 89
351 345
351 306
170 148
41 38
223 133
306 351
217 133
434 508
223 178
89 5
351 345
94 8
479 434
217 223
404 448
345 351
178 223
351 331
306 351
133 217
89 95
5 95
50 95
345 351
261 345
178 223
306 345
306 345
68 15
5 89
261 306
351 345
217 223
261 306
95 50
133 223
133 223
95 55
5 95
223 221
145 194
178 159
95 89
473 479
223 178
89 50
345 351
479 389
473 434
261 345
306 345
434 479
89 95
473 389
223 217
473 479
479 473
5 95
351 306
50 95
345 351
356 270
434 479
5 95
184 133
178 181
5 95
351 306
345 351
261 306
89 95
178 223
89 95
5 105
351 339
345 351
345 351
473 434
89 95
473 434
473 479
345 351
133 178
133 223
345 261
261 306
261 306
223 217
148 192
473 479
345 351
50 95
50 5
217 199
473 479
389 434
345 351
479 389
345 351
479 473
178 217
351 322
389 434
95 89
306 345
89 95
217 178
473 389
68 15
389 473
473 479
217 223
434 389
95 23
89 95
479 473
178 217
217 223
345 306
399 463
345 351
345 306
133 223
306 351
473 479
5 50
5 50
479 473
473 479
89 95
473 479
345 351
178 217
223 217
351 306
89 95
169 248
434 479
81 100
5 50
261 351
306 351
473 479
306 355
50 95
356 375
89 95
50 107
351 345
479 407
473 434
217 178
479 389
222 237
351 345
434 479
162 239
223 217
473 479
95 50
351 345
479 398
89 50
479 480
89 50
495 426
351 345
473 479
133 223
479 389
89 95
217 223
217 158
133 223
351 345
223 133
217 178
351 345
17 80
345 306
133 251
473 479
345 351
306 351
261 351
223 151
434 473
389 473
479 473
89 50
351 345
351 306
178 217
50 95
306 351
351 306
217 223
95 89
490 454
473 479
337 298
133 223
217 178
389 434
133 178
178 217
5 95
95 89
5 95
133 217
5 95
351 345
479 389
89 95
89 95
351 306
389 479
223 159
473 479
261 306
351 261
351 261
223 217
50 5
89 50
261 332
389 479
223 217
261 351
95 83
351 345
89 95
306 351
473 434
223 217
223 217
351 345
217 133
345 351
98 51
217 178
473 479
351 306
223 133
217 223
351 276
217 148
345 306
5 73
351 261
345 306
345 351
473 389
389 410
345 351
50 95
351 383
223 133
50 89
133 178
178 133
89 81
133 245
337 298
389 473
95 89
345 310
223 217
345 351
345 261
217 178
89 50
473 389
133 178
351 303
479 434
473 479
473 389
473 479
217 223
95 5
223 217
473 479
473 479
223 217
217 223
351 270
5 50
217 223
351 306
479 473
223 217
217 133
306 345
261 306
434 389
178 199
89 95
5 95
89 50
217 223
89 95
217 223
5 95
479 473
351 345
351 306
479 473
261 329
89 95
473 389
351 335
261 306
473 479
89 95
89 95
223 217
133 217
133 217
434 479
223 220
223 131
223 133
5 50
89 50
306 261
306 345
434 389
306 345
178 166
351 345
345 306
89 50
223 178
217 173
434 507
133 223
125 98
351 261
178 217
89 5
271 290
223 217
440 389
223 178
178 133
389 473
241 178
89 95
351 306
223 217
223 133
248 249
345 351
179 170
261 345
178 217
473 479
345 351
133 223
133 208
89 95
95 89
345 351
297 271
217 223
178 223
355 279
178 223
217 133
217 223
479 473
261 306
473 479
473 434
345 351
351 345
306 351
179 191
50 95
217 223
217 223
306 351
178 252
50 95
95 41
351 261
473 389
261 314
217 178
473 434
345 306
162 142
89 95
133 217
50 95
473 434
223 217
50 95
345 351
247 136
473 434
351 345
178 223
345 351
50 7
389 473
217 223
306 351
389 434
217 133
345 333
389 479
345 351
95 50
261 351
261 306
351 345
306 351
345 351
345 351
50 5
479 434
306 258
351 279
5 89
217 223
50 5
89 95
178 217
89 95
379 375
95 50
223 217
223 217
345 351
89 95
95 114
306 345
335 351
351 306
223 178
377 375
178 133
96 86
217 223
306 351
95 50
133 223
89 95
479 434
217 223
95 50
261 351
253 187
217 178
389 479
389 479
217 133
356 375
223 142
5 50
438 484
95 51
42 98
89 95
261 303
351 345
5 95
434 389
95 5
178 223
345 351
434 389
5 47
178 133
261 351
351 345
261 351
473 479
473 440
261 306
352 304
434 405
95 14
434 387
198 170
479 473
20 8
345 351
434 389
351 261
95 77
178 223
389 479
133 217
133 223
5 95
178 223
89 5
217 223
133 223
473 479
261 351
32 74
223 217
345 351
345 351
89 95
50 114
345 306
345 261
434 401
473 479
261 270
89 63
95 50
473 479
223 217
306 351
223 217
306 345
133 217
148 192
389 434
434 479
223 178
113 58
95 50
479 473
89 95
306 351
217 223
89 5
89 116
89 95
261 351
133 160
351 261
389 434
345 351
89 95
306 351
389 434
5 95
50 95
95 50
345 351
389 506
473 479
144 178
351 261
133 223
95 89
434 479
89 95
89 95
473 461
306 351
306 345
351 345
345 351
223 217
170 179
351 261
473 479
50 89
434 493
50 5
434 389
345 261
483 409
479 434
253 187
217 223
261 372
479 389
306 351
178 217
473 479
223 246
434 479
89 95
479 473
479 473
133 223
143 196
50 95
89 95
479 389
133 223
217 223
261 351
5 50
217 223
5 95
178 133
473 479
223 217
434 449
351 345
50 89
5 95
273 338
133 223
345 351
345 351
95 50
389 479
345 304
345 351
306 345
389 401
351 306
227 221
133 178
5 89
5 95
479 473
479 449
217 223
345 261
389 473
351 345
473 479
479 434
448 422
223 217
306 351
306 351
261 320
473 389
473 479
5 50
473 479
223 133
223 217
416 458
479 389
178 171
95 89
345 306
491 397
261 345
217 223
223 133
50 5
89 95
89 5
261 339
182 142
306 351
425 447
324 297
223 217
89 95
217 133
345 306
261 303
479 389
479 402
434 479
479 407
178 133
223 253
389 479
261 351
217 223
345 351
479 473
95 23
345 375
178 223
479 473
479 473
479 434
95 5
178 223
389 434
89 50
169 196
95 89
434 479
95 5
306 351
223 133
148 136
351 270
133 217
5 95
479 473
479 434
113 58
261 351
351 279
223 133
306 261
479 473
89 95
261 306
306 351
345 351
217 133
217 223
178 223
133 223
223 217
261 345
133 178
473 385
50 95
5 89
479 389
351 261
502 389
306 351
89 95
354 306
345 306
389 434
217 223
5 50
389 431
89 50
479 434
345 351
89 5
261 345
223 142
389 434
223 133
389 479
399 463
89 95
389 479
222 224
473 479
223 217
217 223
223 217
223 217
217 133
95 14
5 89
50 5
434 389
261 345
217 223
377 332
95 5
479 434
223 178
389 416
351 261
351 378
5 73
351 345
351 345
217 178
345 261
223 217
434 479
133 217
223 217
133 223
217 223
306 261
351 261
89 50
223 211
217 223
389 479
345 351
351 306
351 374
434 389
345 351
345 351
261 345
223 133
51 49
5 50
50 95
50 5
345 351
351 261
89 50
15 79
306 351
133 217
50 95
473 479
95 89
479 473
193 254
89 95
345 306
389 434
434 389
473 434
217 223
306 351
389 457
217 223
345 261
89 95
345 261
217 178
50 95
261 303
217 178
434 473
306 376
50 95
223 217
123 119
95 89
509 472
50 83
306 351
95 50
95 5
434 479
178 133
178 223
505 446
95 50
89 95
5 50
351 261
223 133
271 335
89 95
95 50
89 5
261 351
89 50
473 434
434 479
261 339
345 351
217 223
401 464
434 479
345 261
389 473
434 430
473 479
217 133
473 389
95 89
178 146
5 63
223 178
5 95
389 434
473 479
223 217
434 473
479 473
50 89
479 473
95 23
345 351
389 434
434 389
306 345
5 89
345 351
389 449
5 89
5 89
473 479
306 381
345 351
434 479
434 479
473 479
479 389
479 473
191 243
89 50
473 389
306 345
464 434
50 89
50 89
473 434
89 95
89 50
473 434
306 261
5 95
223 217
351 345
217 177
5 89
5 119
345 306
473 500
307 319
5 50
217 223
50 5
217 133
133 217
345 351
178 223
261 345
345 270
50 89
133 223
261 329
223 217
217 223
306 351
89 5
479 488
473 479
89 95
133 223
95 89
178 223
479 434
389 473
389 431
217 223
389 473
50 75
473 479
217 223
5 89
463 473
479 389
50 5
473 479
261 351
345 351
345 306
434 479
473 434
217 223
5 95
345 351
223 178
133 223
50 89
89 95
178 223
50 95
5 89
345 306
89 95
473 479
217 223
261 345
253 222
502 397
479 434
434 479
217 223
351 345
50 95
351 345
95 14
217 178
473 389
261 345
434 479
5 89
434 473
270 356
50 95
479 473
473 479
95 50
479 407
95 50
261 345
5 73
345 308
178 136
389 479
95 89
217 223
178 133
133 223
479 434
5 73
223 178
479 473
89 95
89 49
89 50
351 261
95 50
133 223
345 261
306 351
434 473
434 473
345 261
5 100
89 95
434 389
89 5
306 351
479 407
473 434
473 479
434 479
351 345
351 345
178 223
217 178
345 351
473 479
473 479
351 345
217 223
345 351
458 483
389 434
261 306
5 95
223 178
95 23
217 178
217 223
178 217
479 434
345 351
434 473
95 89
89 95
217 223
89 5
479 468
133 217
217 178
495 426
217 178
351 306
178 223
5 95
178 130
178 133
261 345
319 352
345 261
217 223
89 95
223 133
351 345
389 479
389 479
99 110
345 351
178 199
306 324
89 95
223 133
434 479
271 335
479 473
345 351
473 479
95 14
89 95
223 151
434 389
5 66
5 95
389 473
89 95
50 89
89 5
351 345
261 351
223 217
351 261
95 50
389 473
479 473
473 479
89 95
473 479
50 123
434 397
479 473
217 178
261 306
95 89
5 50
345 351
389 473
261 351
479 389
95 18
473 412
351 261
133 178
64 30
351 345
345 327
223 217
89 95
217 223
473 479
223 217
5 95
447 504
89 95
133 178
223 133
133 223
345 351
217 223
95 89
473 479
345 261
95 14
352 309
473 389
389 434
400 473
89 95
133 217
479 389
351 306
5 50
95 50
389 473
479 473
473 479
306 351
306 351
473 479
5 95
473 479
217 244
217 223
89 50
50 95
217 223
434 511
356 375
217 223
306 351
473 479
473 434
434 473
434 479
133 223
473 479
95 89
217 223
5 73
95 89
389 434
473 434
473 479
261 351
306 345
50 95
473 479
261 351
133 217
34 65
345 261
345 351
351 345
217 223
95 89
389 457
89 75
5 47
89 95
434 473
223 133
133 223
434 389
5 71
261 306
50 75
502 449
351 279
89 95
261 351
217 246
473 479
217 133
50 95
95 5
479 467
261 351
247 136
345 351
507 389
223 217
479 473
473 434
95 99
217 211
389 479
217 223
351 345
223 133
473 434
306 351
345 351
223 217
95 30
217 223
339 362
89 95
473 479
434 389
178 133
261 306
351 345
345 351
89 95
95 89
345 351
51 52
223 217
50 95
261 306
217 223
249 148
473 479
509 479
217 178
217 133
89 95
5 89
95 50
261 307
133 217
434 473
133 217
306 322
316 261
351 306
89 95
261 313
399 467
473 389
50 117
95 23
261 306
223 217
389 457
95 89
479 389
473 479
133 178
306 351
50 16
261 351
89 50
479 434
389 473
473 479
345 351
5 89
133 223
89 95
479 473
351 279
324 271
223 151
261 351
50 95
473 479
50 95
192 150
261 306
133 223
5 89
217 223
473 389
261 345
95 50
345 261
217 223
89 50
324 271
118 13
133 223
89 5
479 473
178 223
345 351
261 306
178 133
356 270
5 78
217 223
276 264
306 351
479 389
133 223
95 89
95 68
50 95
5 89
223 154
345 261
50 95
89 95
389 473
261 345
50 95
473 479
223 217
473 401
95 50
479 398
351 261
479 389
178 217
345 306
479 473
473 479
261 345
473 434
5 13
223 142
178 223
89 95
217 223
479 429
95 89
5 95
389 434
473 389
178 136
351 279
473 479
434 473
50 5
473 479
479 473
261 306
95 23
389 473
223 133
125 102
50 95
95 23
345 351
434 479
95 89
345 351
473 434
261 351
223 217
306 261
196 143
345 306
345 261
89 95
473 389
434 479
133 145
186 241
50 89
217 223
133 187
217 223
479 407
261 351
306 351
345 351
5 95
447 504
95 23
473 479
94 20
389 438
473 479
223 142
89 20
261 306
351 261
473 479
351 345
473 389
247 251
473 479
351 345
389 434
479 473
89 50
89 50
434 412
345 351
223 217
345 351
223 178
95 50
473 389
473 479
133 223
351 306
89 5
89 50
345 351
217 178
434 448
217 223
261 351
351 345
473 479
473 449
306 261
345 306
261 306
306 351
50 53
50 86
89 95
95 5
121 66
89 50
222 161
95 50
5 50
217 178
473 479
345 351
217 223
95 50
133 192
223 178
133 223
479 434
404 392
434 479
473 462
223 217
345 351
389 434
217 178
261 351
223 217
50 95
133 217
178 223
306 377
5 89
178 223
95 89
95 50
223 217
50 95
217 223
345 306
351 345
223 142
261 351
178 223
479 389
389 479
95 10
223 217
95 21
178 250
178 223
50 89
473 479
434 479
351 345
89 95
345 306
178 223
5 73
351 261
217 223
162 239
351 261
224 170
434 473
345 351
217 223
223 217
89 95
345 351
491 397
178 217
89 95
478 393
223 178
473 434
425 452
50 95
217 133
473 479
356 270
261 345
345 351
473 434
389 479
345 261
351 345
89 95
389 434
351 338
351 308
95 50
95 89
50 5
223 142
479 473
223 217
351 306
178 223
261 306
95 50
434 473
89 5
223 217
95 14
351 345
95 5
64 57
306 351
95 89
261 351
473 389
96 106
434 500
345 358
89 95
389 473
217 223
99 84
351 345
345 351
217 133
434 479
217 133
133 178
89 95
345 306
351 306
5 95
89 5
345 351
95 89
345 351
217 223
479 473
261 345
261 306
473 461
479 398
426 491
217 223
473 389
89 95
50 89
479 467
5 89
261 345
351 306
351 261
178 223
351 339
351 345
5 50
434 479
95 50
5 95
345 351
5 74
351 345
217 223
345 260
479 473
89 5
95 89
345 306
133 178
389 434
50 5
306 261
133 217
178 217
223 217
473 434
473 389
345 351
479 473
118 13
223 178
95 89
270 337
389 473
473 434
479 473
345 351
473 389
351 261
5 50
473 479
351 261
345 351
479 473
50 95
89 5
306 339
345 351
261 351
479 473
434 479
50 89
479 473
217 178
178 133
351 306
434 479
95 89
95 5
95 89
95 89
389 479
351 345
148 192
306 351
133 178
473 389
351 345
479 473
95 89
345 351
434 406
50 95
217 223
5 95
479 473
178 223
217 223
100 14
473 479
223 178
389 473
223 178
261 351
89 5
434 479
223 151
389 479
351 261
182 144
228 179
95 63
217 223
223 178
261 351
479 389
434 479
217 178
89 95
389 473
178 133
473 479
261 351
89 50
473 479
345 261
473 434
50 51
178 223
473 434
310 371
89 50
479 473
178 223
473 479
345 351
89 95
479 473
434 479
95 50
389 434
389 431
298 335
95 89
473 434
140 133
473 479
50 5
479 500
351 345
270 337
178 133
95 14
223 147
261 372
5 95
89 95
178 223
50 95
95 89
389 473
20 64
50 110
389 473
217 178
479 473
89 54
95 5
217 133
345 298
133 201
351 345
217 133
345 351
306 345
142 209
95 14
306 351
56 5
50 95
217 178
389 473
473 389
345 351
223 178
321 374
95 109
95 89
178 133
447 480
389 434
5 89
5 89
473 389
223 217
217 133
473 479
133 178
345 351
89 50
95 99
223 151
261 351
89 111
50 95
345 351
479 389
306 261
223 178
345 261
217 223
89 50
345 261
473 479
345 351
89 95
89 50
473 479
5 95
389 479
148 251
389 473
223 133
5 95
473 479
345 261
223 133
434 479
434 479
345 351
351 270
345 351
217 223
95 5
50 95
434 473
217 175
345 351
473 434
473 479
89 95
64 67
473 479
345 351
217 223
178 217
389 463
306 299
306 351
261 345
345 351
42 51
5 50
178 222
89 50
50 5
479 434
226 178
473 479
479 389
345 306
133 201
89 50
217 222
345 306
306 345
479 398
389 434
178 223
345 300
389 473
345 351
345 351
345 351
401 482
227 180
479 473
223 217
95 50
473 479
345 351
223 217
214 178
170 226
473 389
345 351
351 261
203 223
223 217
473 389
389 387
479 473
133 217
345 306
261 274
95 89
217 223
479 434
479 434
5 89
389 485
217 223
89 95
306 345
133 223
178 223
89 50
133 244
374 298
89 50
479 463
133 175
345 306
5 95
389 473
50 95
89 95
434 473
306 351
351 270
50 75
217 178
473 467
351 261
5 50
434 479
473 479
273 317
351 345
50 95
95 5
479 434
351 261
261 351
306 351
479 473
473 389
389 479
434 472
5 89
223 133
5 98
223 217
133 223
434 479
89 95
217 223
217 223
351 306
434 473
178 144
178 158
261 351
89 95
434 389
306 351
434 444
473 479
389 434
217 223
223 217
306 345
209 170
89 95
223 133
223 142
5 50
50 95
473 389
223 178
345 261
5 95
389 434
473 462
261 345
345 351
178 180
89 95
351 261
261 259
473 479
217 178
479 473
50 51
95 89
473 390
376 372
223 178
306 351
95 89
89 50
50 95
89 95
50 95
5 89
217 166
5 32
50 95
351 306
89 95
89 50
389 416
143 211
261 351
217 133
473 479
217 223
473 479
5 95
473 479
306 351
217 133
306 345
133 178
319 376
5 50
50 95
351 345
389 479
133 223
473 434
473 479
261 306
217 223
351 306
401 505
217 223
479 434
95 89
50 95
223 133
434 389
95 50
306 351
404 392
389 479
133 201
473 479
95 56
389 473
14 95
95 89
306 351
89 95
448 475
307 319
389 431
434 479
217 158
133 201
89 95
91 5
355 381
389 473
473 479
89 94
89 95
434 479
50 89
136 193
234 226
95 50
133 178
217 223
95 89
435 433
223 217
389 434
95 50
50 95
89 95
32 74
276 377
50 89
89 95
345 351
306 351
228 247
133 230
479 398
479 389
223 178
473 479
434 473
356 335
473 389
306 351
261 345
5 95
89 50
133 178
217 178
473 389
217 206
50 89
95 89
178 223
17 57
50 95
5 95
261 306
307 319
389 479
217 223
473 479
351 270
261 351
223 178
345 351
89 95
89 95
345 306
389 398
133 223
178 217
217 223
217 223
178 223
95 89
345 261
389 507
479 473
95 50
89 5
447 504
351 345
5 50
261 303
64 98
345 351
434 479
217 223
389 401
5 95
473 479
345 351
133 223
377 379
473 389
5 95
95 38
148 136
345 351
452 398
95 89
507 503
133 217
89 95
351 261
345 306
217 133
50 95
178 198
223 217
89 5
345 351
95 89
434 389
479 473
351 261
261 345
95 50
261 329
351 306
351 261
399 418
89 95
479 473
398 484
217 223
133 223
479 473
345 351
223 133
345 351
307 305
473 478
133 223
345 351
223 185
345 351
434 482
473 414
5 50
351 261
217 178
261 345
479 473
261 282
434 448
133 176
473 502
306 351
217 133
389 473
5 95
223 133
351 345
351 306
389 479
345 306
50 38
5 50
50 95
345 351
223 178
306 351
89 50
217 223
473 467
223 178
351 261
479 473
389 473
178 223
306 261
473 479
345 351
178 136
434 503
479 473
217 223
479 473
345 306
223 133
89 95
473 479
89 95
473 479
89 95
473 479
217 223
389 479
89 95
133 223
217 223
5 95
193 219
351 331
306 345
133 178
217 223
89 5
434 473
5 89
270 337
345 282
351 261
434 479
473 479
217 223
473 434
389 479
50 5
217 133
351 345
419 389
473 479
217 223
389 479
13 64
261 345
95 89
345 351
223 151
351 345
345 319
50 95
133 178
133 217
217 133
389 434
217 223
217 133
178 223
351 345
351 345
217 223
5 89
50 45
261 329
89 5
5 95
479 473
5 95
351 345
217 223
389 479
133 178
217 178
50 5
224 255
95 89
345 351
479 473
178 223
345 306
50 95
306 351
389 434
217 223
223 142
473 479
479 434
473 479
116 95
434 479
351 306
217 199
133 217
261 371
217 223
261 351
217 223
178 223
50 95
345 306
473 479
223 217
89 95
350 288
345 351
434 414
5 95
95 89
217 178
99 55
351 345
217 223
306 351
223 217
479 404
473 434
41 15
178 217
345 351
95 23
5 50
89 95
89 5
345 306
5 50
306 287
473 479
125 71
5 89
345 379
389 473
223 178
223 217
261 306
50 5
479 434
95 5
89 95
5 50
473 479
95 89
223 217
434 479
434 389
95 23
389 434
89 95
479 473
434 479
89 95
96 79
306 312
345 306
223 178
133 201
217 178
473 389
223 217
89 95
217 178
434 426
345 306
89 50
261 351
425 452
473 479
89 95
50 95
389 479
345 261
5 89
217 223
178 223
473 479
217 223
479 473
479 389
133 217
89 65
5 89
95 14
261 345
95 89
276 264
345 351
50 95
351 261
273 334
479 434
345 351
217 223
345 351
15 79
473 479
89 50
95 23
479 434
89 95
473 434
133 223
479 434
434 479
306 351
345 261
178 156
261 351
389 473
5 16
389 479
217 178
95 89
448 467
261 345
63 79
5 30
306 345
345 351
345 371
434 391
223 178
217 223
478 463
389 473
434 479
5 83
306 345
133 217
15 79
223 217
217 145
351 306
351 345
50 95
389 434
473 389
261 345
479 473
306 339
89 5
89 50
434 479
223 217
389 479
5 50
389 434
345 261
178 145
479 473
351 334
95 89
389 479
473 479
50 89
223 217
89 95
306 360
473 479
473 434
217 223
473 479
223 133
261 306
95 50
178 223
89 95
434 389
5 42
306 261
5 95
95 50
363 307
217 133
5 89
473 479
479 389
217 223
217 178
15 34
5 89
473 479
473 479
351 261
389 473
95 5
217 184
5 50
133 217
404 448
89 95
345 351
178 217
5 89
217 178
133 223
389 473
133 223
217 223
217 187
125 1
95 89
223 217
351 345
223 178
473 479
217 223
95 89
178 223
345 306
178 244
95 5
133 223
306 345
473 479
178 223
99 59
89 5
217 223
473 479
80 95
345 351
50 89
434 389
50 89
5 95
351 306
95 5
217 178
217 178
473 500
247 227
133 178
397 465
217 178
389 473
473 479
5 95
306 345
133 217
223 217
133 223
223 178
89 95
217 223
306 269
261 256
473 479
50 89
389 509
89 50
133 223
217 223
89 8
389 479
345 351
473 479
473 479
351 345
217 223
95 50
89 95
298 307
217 223
479 389
345 351
223 133
217 198
50 95
50 89
178 223
5 95
389 479
95 5
261 306
95 89
345 306
351 345
306 261
479 407
5 89
479 389
351 301
133 175
5 95
261 345
133 217
306 351
50 89
5 50
473 389
306 321
351 261
351 345
178 223
480 447
345 351
479 434
473 434
351 261
178 237
351 345
345 351
217 223
223 148
95 89
345 261
95 89
479 434
50 26
389 479
261 339
83 111
5 107
133 175
306 261
223 142
89 50
306 261
50 5
351 316
473 479
306 351
178 149
50 5
473 434
89 95
178 223
5 89
473 479
473 479
351 345
479 473
133 145
133 223
351 270
89 50
143 211
133 178
479 473
95 50
465 448
351 345
306 351
473 479
473 479
345 351
442 459
20 64
434 389
223 217
479 473
89 95
306 351
306 345
351 261
434 479
50 45
321 339
351 306
473 479
89 95
389 473
345 351
89 5
479 434
473 479
261 345
133 223
95 14
389 473
223 217
261 345
95 23
389 479
479 434
351 345
270 351
261 345
389 473
95 89
345 351
89 111
473 479
306 263
261 351
389 473
50 95
261 306
479 434
143 207
223 217
5 50
133 178
5 50
351 345
133 223
434 479
434 479
351 345
95 83
345 351
261 303
89 95
345 351
217 223
223 217
223 217
89 95
223 217
223 133
50 89
89 95
425 452
473 479
133 217
345 319
473 460
119 123
223 251
483 443
345 351
473 434
473 438
95 89
95 50
178 134
89 95
95 89
473 438
5 89
89 117
351 261
351 345
223 217
261 306
389 479
223 133
5 47
50 89
479 389
473 404
217 223
351 345
217 223
261 345
223 178
389 473
223 178
345 351
223 178
479 434
95 5
95 5
389 435
140 182
261 306
473 455
306 287
351 345
95 5
217 223
95 50
345 332
5 50
217 223
89 5
95 89
389 473
223 217
389 479
223 238
306 345
217 178
479 407
345 306
95 23
324 335
307 367
389 479
465 426
5 89
95 5
473 479
95 50
5 50
54 98
89 5
5 89
473 479
339 362
345 351
95 50
95 5
253 145
5 50
479 473
223 142
192 136
389 457
345 351
261 351
50 60
351 306
50 95
95 5
89 50
351 312
261 351
306 261
261 303
345 261
223 178
479 389
217 224
351 261
50 95
271 290
50 5
89 95
306 351
261 306
89 50
223 178
404 507
434 389
479 407
223 142
345 351
479 434
217 133
217 178
89 95
352 305
178 223
389 431
345 351
95 89
473 479
95 73
95 89
50 95
170 179
351 261
345 351
217 178
217 223
89 50
479 473
50 95
473 389
89 95
434 389
95 50
351 279
306 351
50 21
217 223
95 57
306 351
351 306
351 306
95 50
217 223
95 89
434 473
217 223
133 178
94 47
5 50
133 223
100 119
389 479
389 457
306 345
223 207
217 178
5 95
389 434
217 223
479 434
196 143
351 345
381 375
95 89
473 479
89 5
306 345
133 217
473 434
223 251
479 509
479 491
89 5
497 442
50 89
434 473
50 65
217 243
351 261
5 89
50 89
217 223
434 473
178 223
261 306
473 389
389 479
434 479
95 50
345 261
434 479
345 351
473 479
217 178
89 95
306 351
351 306
89 50
133 175
479 389
473 479
133 223
306 345
473 434
351 345
351 306
178 223
223 151
50 5
223 178
223 178
217 223
345 351
133 223
351 274
345 351
351 279
133 223
473 434
434 473
217 178
351 294
133 217
473 479
178 223
473 434
217 223
224 183
306 345
306 345
261 351
479 473
50 95
261 345
178 223
89 5
217 170
473 434
351 345
473 389
261 351
434 473
5 50
217 223
479 473
133 223
89 95
5 95
217 133
479 455
95 50
306 345
479 473
89 95
50 71
89 95
345 351
50 89
95 5
473 434
261 351
50 89
5 50
89 95
473 479
178 133
473 479
345 351
89 78
345 351
479 473
434 473
389 479
133 223
5 95
50 77
351 261
133 199
473 389
473 479
345 351
133 223
217 178
223 217
223 133
345 348
133 132
434 481
133 178
178 211
223 178
351 345
351 345
178 133
351 261
473 434
351 345
50 5
95 5
345 306
479 389
125 122
473 479
351 345
95 14
434 389
389 479
133 223
95 50
89 95
5 89
50 89
223 133
345 261
133 217
473 479
434 402
345 351
389 434
50 95
89 5
223 217
261 345
351 345
389 457
389 479
479 434
261 303
95 89
89 5
306 351
223 217
217 178
89 95
473 479
95 89
484 398
50 20
473 479
261 345
479 473
306 351
479 389
178 133
50 95
133 162
217 223
345 306
89 50
351 306
89 95
479 398
473 434
389 473
133 201
223 250
89 50
20 64
306 373
389 457
473 389
389 434
389 479
133 223
345 351
345 378
217 223
261 351
345 303
217 223
133 169
217 178
89 95
217 223
479 389
473 479
89 95
389 473
434 469
217 192
389 441
312 261
58 75
50 5
351 306
345 351
133 223
178 176
473 398
50 95
95 5
351 345
473 434
351 345
100 54
133 181
5 89
389 434
89 95
479 473
223 217
89 77
351 345
389 434
473 389
345 351
217 223
261 351
89 5
434 479
473 479
89 95
5 47
217 223
5 47
389 473
5 73
248 133
223 133
5 95
351 345
217 178
223 217
178 223
5 89
306 351
351 345
345 261
223 217
261 345
306 324
320 339
50 95
95 89
217 178
306 261
306 351
223 145
133 223
434 479
434 479
5 89
401 479
5 0
261 329
351 345
178 158
50 95
133 217
389 434
217 133
473 434
490 454
50 5
306 339
351 345
354 339
133 151
223 217
473 479
473 479
473 479
186 217
95 5
223 142
89 95
5 50
50 95
223 217
95 50
479 389
473 434
434 479
89 3
261 306
389 479
261 345
306 336
473 509
95 119
70 42
479 473
133 223
434 463
133 223
261 267
95 89
89 95
345 351
178 217
479 434
89 95
50 95
217 223
217 251
389 479
434 502
389 473
351 345
217 223
223 217
434 479
345 351
261 306
351 345
178 223
479 473
5 89
50 95
133 162
178 145
261 333
261 306
191 209
479 473
307 319
217 223
50 95
50 95
95 89
5 47
133 223
473 479
223 178
223 217
50 95
89 95
223 178
479 473
389 479
434 479
89 95
261 345
479 473
473 493
223 178
345 266
5 39
345 351
223 217
196 143
217 223
217 178
217 133
95 89
261 310
434 389
479 473
5 95
261 320
145 208
96 86
89 95
345 351
223 217
306 351
5 89
50 95
5 95
306 351
389 466
223 133
247 227
351 345
217 133
345 351
217 178
133 223
95 89
306 345
5 95
306 316
178 223
5 50
178 223
434 462
306 282
217 198
95 50
345 351
377 310
261 329
345 306
306 261
5 89
345 306
389 479
89 50
217 133
223 133
351 345
178 241
473 479
133 178
473 479
89 50
5 95
276 320
50 95
306 351
261 351
369 349
479 473
351 345
89 0
479 389
217 178
389 434
261 306
345 261
217 192
479 473
217 142
306 345
133 223
479 473
306 345
223 142
345 351
473 479
217 223
261 345
479 473
473 479
473 479
351 306
178 217
50 79
248 170
217 223
306 351
351 279
479 389
479 434
96 34
223 217
95 50
217 223
5 95
5 89
473 479
345 306
345 306
473 479
345 306
5 106
435 389
95 89
479 434
434 413
261 345
261 351
89 50
261 345
5 73
261 351
223 133
50 26
50 95
331 345
351 279
345 351
94 46
89 5
133 217
326 298
95 89
217 178
5 89
473 479
479 434
306 261
479 389
95 14
473 479
50 95
306 271
89 95
223 133
310 347
261 351
345 351
306 345
133 220
473 389
95 89
95 50
50 95
217 133
206 133
178 223
95 50
473 389
95 89
434 479
5 89
179 184
133 219
178 145
178 133
217 173
261 351
217 157
217 223
418 467
434 470
306 351
223 217
223 133
187 198
389 434
89 95
479 473
351 345
473 479
133 178
345 261
345 351
223 217
83 106
228 142
473 434
473 479
95 5
297 279
217 177
345 306
261 344
178 217
89 50
89 5
50 95
133 181
345 306
351 306
217 223
5 50
217 223
223 217
434 389
125 64
178 223
223 217
306 351
5 95
178 223
89 50
389 473
95 89
223 217
253 254
473 479
89 50
479 463
351 345
223 217
5 123
473 462
178 217
5 95
306 345
89 92
89 48
479 463
351 345
95 89
5 47
89 50
133 178
389 434
345 261
261 345
5 95
89 95
473 479
89 95
306 287
95 89
389 479
17 95
133 201
217 133
345 351
389 473
261 351
95 50
5 119
345 306
351 306
223 133
50 89
178 223
306 351
223 217
178 223
89 95
479 407
133 201
217 223
479 473
479 473
95 20
217 223
95 14
261 345
345 306
5 89
473 434
5 95
217 133
306 351
50 31
217 223
133 217
5 50
178 223
363 376
223 178
217 178
345 300
89 5
95 14
434 479
473 398
434 479
351 345
345 351
351 345
5 95
351 345
217 178
241 186
434 479
351 261
345 306
50 7
5 50
306 351
306 351
389 473
50 5
473 434
95 89
306 345
345 351
89 70
223 166
351 270
479 473
222 188
54 117
133 178
306 353
345 261
5 73
345 351
389 479
351 306
95 89
95 50
50 95
345 351
5 89
306 351
350 318
50 89
479 473
473 491
95 89
389 479
145 208
261 267
95 89
479 473
89 95
89 71
133 217
133 223
261 351
178 223
345 351
306 351
5 95
389 434
351 270
89 95
95 0
223 133
351 362
261 329
223 133
223 217
223 217
345 261
261 351
223 245
133 192
223 178
288 330
345 306
339 335
5 89
473 389
217 223
261 351
223 178
345 351
5 89
297 358
178 223
223 133
479 407
389 473
50 5
306 345
89 95
5 47
89 5
473 434
178 217
320 339
345 270
306 351
351 279
389 473
133 223
178 217
89 23
345 351
50 89
5 95
178 217
95 89
50 111
133 223
42 81
217 223
261 351
261 345
133 223
5 50
223 178
178 217
367 298
483 445
50 95
133 178
434 479
479 434
217 223
223 217
5 73
193 148
217 223
473 464
351 345
345 306
50 95
50 89
269 337
89 5
223 178
89 50
217 223
351 306
5 89
261 345
351 345
479 434
178 217
351 345
479 407
217 223
306 261
223 142
345 348
89 95
434 479
95 14
89 95
345 310
178 217
217 178
95 89
261 345
217 178
261 329
351 345
479 473
434 389
345 351
95 89
178 144
389 473
253 222
434 414
133 217
178 223
89 95
479 389
89 95
479 473
192 211
345 306
217 178
217 223
89 50
95 50
356 310
5 95
479 389
479 434
351 339
178 244
95 50
95 5
50 89
473 479
479 473
473 388
223 199
5 50
345 351
5 89
178 223
473 479
95 89
261 345
217 223
217 178
261 351
479 473
377 276
345 351
217 223
473 479
217 223
50 110
133 223
178 133
398 465
235 141
50 5
389 434
306 301
68 15
473 479
5 50
178 217
345 261
479 389
95 77
95 50
434 479
306 351
89 50
133 217
5 73
351 345
217 133
479 434
345 351
345 351
223 133
306 351
95 50
223 217
479 473
345 306
182 178
95 89
473 479
133 223
351 345
217 223
50 95
89 95
217 223
223 178
50 89
345 351
473 479
473 463
473 434
306 261
434 402
473 479
192 222
178 223
398 465
50 89
261 306
345 351
345 306
5 47
50 34
133 223
50 95
389 479
217 212
89 50
217 223
473 479
223 217
351 273
5 95
50 34
413 479
434 389
133 217
133 223
178 223
434 463
288 330
223 178
473 389
434 473
351 306
223 217
473 434
68 15
95 89
306 335
276 320
473 434
89 95
306 261
133 178
345 351
89 95
306 351
50 89
217 133
369 314
178 167
434 479
497 437
399 467
217 223
178 223
389 479
337 339
5 95
217 223
89 95
182 212
223 217
217 223
479 473
223 174
261 351
143 211
89 95
351 306
50 95
375 356
217 178
479 473
133 175
179 206
217 178
95 89
133 178
473 479
473 434
50 89
89 95
95 89
178 223
389 479
133 223
63 120
473 479
261 351
217 133
483 503
95 5
89 95
217 223
479 389
351 345
473 434
133 223
223 217
89 95
133 217
306 351
345 351
448 412
223 178
217 133
306 351
351 345
479 473
95 89
223 178
133 223
95 18
473 479
434 479
306 351
217 133
223 133
479 473
95 89
133 178
223 217
351 345
5 95
95 89
345 351
434 392
491 397
434 479
178 223
434 479
389 434
133 223
389 431
5 58
479 389
345 306
217 223
261 310
148 192
217 133
95 5
404 448
50 95
473 479
223 178
50 95
389 473
479 414
366 345
182 211
145 208
95 50
345 256
217 223
389 479
306 345
178 223
306 351
5 95
479 473
473 479
479 473
434 447
5 116
133 178
479 473
50 89
479 389
208 253
5 95
345 261
351 306
479 473
178 250
50 89
133 217
261 351
351 306
434 479
50 95
261 310
261 351
50 95
389 473
473 459
479 407
345 351
223 251
89 50
223 217
447 480
217 223
434 444
50 5
178 217
217 178
95 89
351 345
479 434
389 479
178 234
351 261
479 434
479 473
271 339
473 479
345 351
306 351
473 479
261 351
133 217
5 95
223 217
473 479
50 95
345 351
351 345
95 50
217 178
89 95
5 95
89 95
50 95
389 473
473 479
178 237
306 317
95 5
133 217
5 95
178 217
223 217
345 306
89 50
217 178
50 89
133 175
50 95
351 261
5 95
133 217
89 95
191 217
95 50
261 340
473 459
351 261
473 479
217 167
223 133
223 178
261 306
178 134
345 351
95 89
351 345
434 479
224 132
389 473
345 351
133 241
217 133
217 223
178 133
5 95
133 178
217 223
217 223
217 221
345 351
107 13
223 178
306 351
217 223
434 389
89 47
473 479
89 5
5 50
133 223
418 398
148 247
473 479
5 95
306 362
169 217
133 223
96 83
89 95
223 217
345 351
306 261
223 142
434 479
473 479
89 95
479 434
178 133
434 479
345 351
434 473
345 351
50 95
178 133
223 178
217 158
89 95
89 95
95 89
223 217
17 5
217 223
223 178
345 306
217 178
345 351
95 89
261 351
5 95
5 95
473 434
345 286
351 281
89 84
389 434
363 269
479 434
89 95
389 434
326 362
95 50
261 306
5 89
404 448
223 163
473 389
89 95
89 95
473 479
345 306
345 332
389 434
50 121
389 473
223 204
89 50
473 479
473 479
345 351
217 223
473 479
473 434
223 178
306 351
479 398
217 133
306 351
89 95
479 473
351 345
95 14
217 223
217 178
5 50
95 23
223 207
473 479
223 151
89 18
381 336
95 89
479 473
192 211
89 95
223 217
389 473
345 331
389 479
5 89
95 50
473 479
473 434
306 351
351 345
434 505
89 5
306 261
345 351
345 306
217 223
50 5
217 223
434 485
479 473
473 479
217 133
479 473
473 479
89 95
5 95
306 345
133 217
178 182
217 223
5 89
389 481
5 73
261 309
95 12
223 133
479 473
223 142
212 222
306 351
306 261
271 335
5 95
345 351
351 306
473 479
248 191
217 133
389 404
133 178
178 223
351 306
356 375
351 279
50 95
479 473
261 351
434 479
345 257
306 351
473 401
473 479
178 159
217 223
50 95
351 261
89 95
100 119
217 223
345 351
133 178
306 257
50 89
473 389
425 455
217 223
223 217
345 306
345 261
336 381
95 5
270 351
95 5
178 223
434 479
50 89
497 442
345 261
50 95
223 217
50 58
306 351
50 95
89 95
479 473
479 473
133 158
473 434
435 505
345 306
217 223
306 345
351 345
345 351
479 473
345 351
5 8
42 51
95 89
479 473
473 389
217 144
5 17
351 306
5 89
217 223
217 178
351 306
133 178
479 473
64 41
63 79
217 223
178 223
178 167
217 223
223 217
178 221
89 95
345 306
479 473
223 217
95 14
479 473
95 18
63 120
306 345
351 306
351 306
425 473
95 89
306 289
306 260
345 351
351 261
95 5
473 389
95 23
217 223
261 345
5 50
89 95
5 50
389 434
479 389
95 5
50 82
434 389
351 306
345 306
351 274
95 89
345 261
5 1
50 95
217 178
5 95
465 426
217 223
50 95
217 223
345 261
479 434
261 306
434 479
345 347
306 351
5 89
479 389
95 5
306 351
89 95
95 89
95 89
5 95
345 351
389 473
50 20
473 434
247 228
473 389
95 89
95 50
345 351
89 95
133 223
95 89
5 89
89 95
95 89
351 345
479 473
473 479
473 479
178 217
50 95
223 133
192 239
217 223
133 178
5 123
223 151
95 50
306 351
5 50
452 399
89 95
89 95
479 389
479 389
276 264
50 95
50 89
351 306
345 351
5 50
479 476
89 95
89 95
473 389
473 479
479 473
261 345
479 434
133 223
95 5
473 479
182 170
95 89
120 94
351 273
352 258
133 223
473 479
351 304
434 479
89 5
473 479
261 306
351 261
351 345
345 306
50 89
473 434
217 223
89 95
217 223
217 178
5 95
5 89
351 345
479 389
5 95
50 5
5 95
89 50
143 162
345 351
434 463
261 345
351 297
434 473
95 5
434 479
449 463
479 434
217 223
479 473
133 223
5 95
95 50
345 351
351 261
389 490
217 133
170 179
133 201
473 479
133 223
306 324
5 47
351 345
479 473
306 370
473 479
217 133
223 217
351 306
480 398
217 223
351 261
178 217
479 434
89 95
389 473
217 178
306 351
479 473
479 389
217 223
170 179
95 50
452 399
389 479
5 89
479 473
178 223
389 473
95 5
434 431
351 345
478 414
389 434
95 5
133 178
345 261
345 351
50 18
223 217
261 351
345 351
95 89
479 434
223 217
473 479
434 479
223 217
473 389
351 306
95 89
51 31
306 345
50 104
148 136
217 223
261 345
217 223
434 473
89 95
389 479
473 434
239 198
50 95
335 377
261 345
261 351
473 434
178 223
50 95
100 119
351 339
133 223
306 351
351 270
434 479
178 145
89 95
89 5
217 223
351 261
95 5
345 351
223 142
178 133
217 178
5 47
178 176
261 345
217 223
95 5
473 479
249 148
434 509
306 345
345 351
473 434
345 351
306 351
133 223
95 50
479 434
133 178
306 369
345 351
479 467
223 217
217 178
178 223
50 16
389 431
133 223
473 479
5 89
89 95
473 479
345 306
95 89
95 89
389 460
434 429
50 110
473 389
355 339
479 473
345 351
89 74
261 345
95 50
345 351
133 217
389 434
345 351
223 178
5 89
351 339
473 479
5 89
434 418
223 217
217 223
217 178
389 473
479 389
447 480
178 217
399 467
345 306
473 479
223 133
178 223
217 209
113 58
5 95
345 306
473 477
95 89
329 321
473 479
306 351
217 223
351 306
351 345
345 351
5 95
223 217
345 351
133 223
178 217
345 306
479 434
479 473
89 95
261 345
178 209
479 389
306 345
95 89
95 38
223 178
307 367
89 63
89 95
354 273
17 113
223 133
15 41
217 178
409 458
261 345
133 178
306 351
94 40
178 223
473 463
54 79
95 14
95 50
261 306
133 217
89 99
223 207
89 95
479 434
270 337
5 89
228 209
50 95
217 223
50 95
223 185
5 89
178 223
473 389
223 178
89 95
345 261
217 178
217 133
479 434
389 473
473 479
399 418
479 389
351 270
89 5
479 434
345 306
473 479
133 223
89 95
345 351
345 306
306 261
133 223
50 83
399 463
95 50
345 306
50 89
42 51
133 217
223 217
217 223
479 473
345 261
223 217
345 261
178 217
429 434
389 479
223 217
50 39
95 5
217 133
54 55
5 95
223 176
389 473
89 95
235 141
89 50
261 351
5 50
479 398
434 479
89 95
478 502
473 434
223 217
351 261
217 244
473 434
306 351
261 339
306 351
306 351
473 479
182 238
351 345
434 479
89 95
458 389
223 133
351 345
473 479
473 479
473 389
479 434
223 133
389 479
89 95
345 351
473 389
5 95
351 345
178 242
50 26
5 95
306 374
306 345
479 473
389 434
473 389
223 217
261 351
261 351
217 244
5 95
473 479
473 479
89 50
217 223
223 217
89 95
223 178
133 223
95 14
89 95
178 223
345 351
217 223
89 5
95 5
178 223
389 434
50 95
95 5
5 89
261 351
89 95
389 479
479 473
178 223
479 483
14 81
217 223
5 50
473 479
345 351
89 95
345 351
261 306
306 351
133 223
89 71
351 261
133 223
261 351
473 434
351 345
306 351
89 95
5 95
351 345
95 5
50 95
95 5
345 351
345 351
261 351
479 417
473 479
473 479
217 223
95 50
217 223
345 306
345 261
223 178
479 473
217 223
389 434
223 217
473 479
306 351
217 223
473 479
89 95
345 351
473 479
192 211
89 5
389 479
261 351
178 133
223 217
310 295
89 95
89 95
306 261
133 178
479 434
351 306
345 306
261 351
133 178
479 473
389 434
95 89
223 217
106 83
50 95
89 95
50 95
473 479
50 89
89 5
473 389
389 473
217 223
404 478
223 133
89 95
434 479
473 479
224 200
345 351
306 345
223 178
345 351
50 89
479 415
261 345
217 223
448 432
389 479
479 389
434 389
351 345
50 20
479 384
217 223
389 434
345 351
306 261
217 223
473 389
95 109
118 42
307 314
389 473
306 351
133 217
217 223
351 345
345 351
345 306
434 507
434 479
351 306
306 351
351 306
345 351
178 223
217 223
178 217
95 89
425 389
217 133
479 425
479 389
434 479
5 50
345 351
479 389
178 223
345 351
434 479
351 345
223 178
345 351
306 345
47 20
217 178
389 434
95 50
434 389
5 95
178 223
223 140
178 217
89 95
306 262
434 473
434 389
145 203
351 279
261 351
217 223
479 389
89 5
345 306
473 479
223 217
89 95
434 389
95 50
434 479
133 217
89 50
217 223
217 223
306 317
50 89
389 416
345 351
217 177
345 351
95 89
95 89
473 459
89 50
217 178
95 89
345 351
95 50
50 95
217 178
345 351
261 329
479 473
351 261
5 93
473 479
223 151
178 223
178 223
41 55
253 228
217 178
217 178
345 306
345 351
50 43
479 473
5 119
217 178
223 178
223 133
50 95
223 217
261 351
434 479
351 261
95 89
133 178
345 306
261 345
5 95
345 340
5 13
345 261
89 95
479 473
223 217
178 175
217 243
345 351
345 306
473 479
50 5
89 95
133 223
217 223
261 345
89 95
350 371
50 95
479 398
50 89
473 479
95 89
89 95
306 350
479 389
178 217
133 178
389 473
89 95
434 479
261 345
50 89
50 5
89 17
178 133
389 479
133 244
473 434
5 66
306 261
217 223
351 345
355 320
5 95
133 223
473 479
345 351
223 217
223 142
89 95
389 463
133 201
389 473
89 95
351 335
351 306
479 473
89 95
473 434
217 223
473 479
261 306
473 479
178 217
473 479
473 434
473 434
95 50
217 223
345 306
351 345
345 351
473 389
133 135
39 50
89 95
479 473
5 95
261 345
389 479
223 133
351 345
479 389
345 351
479 434
434 479
95 5
261 351
223 217
345 327
479 434
389 473
133 175
434 428
5 95
389 479
223 217
479 434
133 178
178 223
345 351
261 351
479 407
217 178
133 217
479 473
95 50
351 345
217 223
223 133
50 5
345 351
479 473
182 137
89 5
351 345
479 389
121 66
426 482
89 95
306 351
351 345
133 178
223 217
89 5
434 479
217 178
95 89
479 473
345 261
95 89
345 306
345 351
223 156
217 223
261 306
217 212
217 223
95 89
345 351
217 223
345 371
479 473
306 269
345 351
434 435
479 434
473 479
473 479
133 221
50 89
5 74
5 95
133 217
5 50
306 258
223 217
89 5
479 422
178 133
50 95
217 223
345 351
345 351
473 434
89 5
89 95
223 217
50 89
178 131
68 15
345 351
345 351
473 479
351 345
217 223
351 261
351 345
223 217
17 79
89 95
95 89
351 261
217 223
345 306
345 306
89 95
5 95
434 402
50 95
223 178
89 95
89 50
297 371
355 317
351 306
261 303
5 17
50 89
351 345
351 261
345 351
89 95
363 269
306 345
95 50
178 158
89 59
50 5
223 248
98 51
479 434
95 78
434 448
95 45
89 5
95 89
95 89
178 191
473 479
261 306
345 351
306 351
389 434
89 95
223 217
264 321
351 261
217 223
89 1
13 50
483 457
491 397
223 178
217 223
479 389
217 133
351 345
473 479
95 50
345 261
217 208
473 479
345 306
217 206
95 23
223 133
351 345
68 41
351 261
473 479
434 479
133 175
473 440
434 449
261 345
345 351
473 389
89 95
473 479
5 95
217 223
5 127
306 345
89 95
389 479
217 223
217 223
95 89
261 351
217 223
479 434
473 479
473 479
133 223
89 123
306 370
479 473
133 217
133 175
345 285
351 345
473 434
306 355
15 83
89 94
434 479
178 158
497 442
89 95
5 95
479 434
5 95
58 75
345 351
473 434
473 389
89 95
14 100
434 479
473 389
223 151
473 479
89 50
306 351
54 50
434 501
5 89
95 89
261 351
89 95
223 217
473 389
473 389
95 89
261 306
178 223
125 94
217 223
178 223
467 490
261 306
223 178
473 479
306 345
5 95
434 389
345 351
261 345
409 467
223 133
261 351
81 42
5 50
5 89
389 507
306 355
434 473
50 95
54 45
352 271
217 227
217 133
133 217
50 95
473 511
89 95
345 261
389 434
388 473
306 351
345 306
89 95
95 5
223 217
345 351
434 479
178 223
89 95
89 50
345 273
5 95
133 178
133 178
306 351
389 479
389 473
306 351
351 274
389 479
89 5
89 95
345 261
479 473
217 223
351 297
178 223
345 351
473 479
217 133
178 133
345 261
178 217
473 479
133 223
351 261
345 306
306 345
434 479
434 479
473 479
345 351
261 345
345 306
389 479
95 5
306 261
473 479
42 51
89 95
345 351
95 89
217 238
473 479
345 339
479 473
473 479
345 351
50 60
217 223
217 223
5 50
345 351
178 133
89 51
389 434
5 113
5 95
223 217
133 217
50 5
223 244
5 75
217 223
351 345
95 89
217 223
217 223
345 332
479 473
217 223
389 479
133 223
89 50
261 286
351 261
345 261
217 250
125 17
473 479
223 182
223 151
479 473
178 223
434 479
479 389
217 223
50 95
345 351
351 345
211 147
217 223
223 178
473 479
261 323
89 26
389 431
479 473
473 479
448 392
223 178
178 223
261 351
89 95
438 467
473 467
125 118
50 89
89 95
306 319
351 306
306 282
217 223
261 329
479 434
133 217
345 351
480 396
345 351
389 479
479 473
89 5
223 217
100 119
345 351
389 479
351 345
50 56
5 95
95 89
94 64
479 473
345 339
89 95
89 50
50 95
89 50
261 297
64 8
351 349
345 351
89 95
196 143
95 5
479 389
345 351
261 306
223 133
261 345
480 395
223 210
479 473
223 217
50 95
50 45
306 345
223 217
389 479
133 243
89 50
95 89
479 434
89 95
223 169
217 223
389 479
217 223
306 351
50 5
223 217
479 473
473 479
261 345
261 266
479 389
223 133
223 151
473 467
448 467
473 389
306 330
178 133
473 479
5 89
89 64
261 345
473 479
133 223
473 479
261 351
50 95
223 133
261 274
223 217
95 89
479 436
223 178
473 479
217 223
389 479
351 306
479 389
479 434
217 223
89 95
337 270
217 223
178 223
473 479
223 217
223 203
434 473
89 95
89 95
345 261
473 389
434 479
133 178
389 479
345 351
95 89
95 5
217 223
217 223
473 479
306 295
50 83
389 473
133 223
217 223
223 178
495 426
95 50
261 345
217 223
5 73
217 133
217 223
351 345
389 479
89 95
434 479
217 223
133 223
389 473
95 9
434 479
473 389
223 146
345 351
351 345
479 434
345 351
306 351
261 329
434 479
351 279
345 306
345 302
89 5
223 178
41 68
89 50
223 142
223 217
95 23
142 209
5 47
473 389
223 217
473 479
389 479
133 223
434 479
389 434
434 389
223 217
389 434
133 217
133 217
351 306
434 389
50 76
306 351
217 223
306 330
133 217
118 13
434 473
345 351
5 50
345 306
178 133
170 179
434 389
178 133
389 431
473 479
261 306
95 119
345 306
5 95
223 151
95 75
351 261
479 434
128 223
133 170
473 479
95 89
351 345
473 479
389 434
306 351
217 133
389 457
50 95
145 136
351 345
121 83
5 95
473 497
276 264
89 95
133 178
133 223
479 398
435 400
473 434
223 217
479 389
89 95
223 133
95 50
345 351
306 351
5 89
261 345
261 306
434 479
345 351
217 223
479 434
95 5
217 178
217 133
473 434
223 142
345 306
15 34
351 296
169 143
261 345
306 351
434 389
223 217
306 261
95 89
95 89
217 133
89 95
473 434
217 223
223 237
345 351
217 206
306 316
133 223
133 223
473 479
133 217
261 351
306 351
89 50
50 89
473 389
89 118
89 95
351 345
95 14
95 14
178 211
377 324
133 217
50 114
345 306
133 223
217 131
95 5
223 217
223 178
217 223
51 100
345 351
50 95
434 489
5 73
95 50
389 479
133 223
473 479
425 392
276 320
473 479
345 351
223 237
217 223
345 306
178 133
261 351
261 345
217 251
89 5
217 223
345 351
133 223
217 223
473 434
50 89
306 261
473 434
261 351
89 50
217 178
50 89
95 89
351 345
89 5
345 303
345 351
306 345
5 95
473 389
473 479
306 351
434 473
306 261
65 1
223 133
217 223
345 285
5 51
261 345
89 95
89 23
143 223
89 95
95 5
217 133
50 89
345 306
217 223
223 178
261 351
95 89
217 188
319 376
89 5
89 95
351 345
473 434
434 473
479 434
479 398
178 235
404 448
175 148
223 217
133 223
178 223
473 389
223 217
434 449
217 223
50 95
64 85
473 434
473 400
389 479
473 479
473 479
89 95
345 351
473 479
217 223
507 503
89 95
345 362
95 89
345 273
133 131
306 351
448 467
345 339
473 434
473 389
222 192
449 393
351 306
5 89
479 460
306 261
345 261
95 23
89 94
178 217
95 14
306 369
345 261
223 217
95 89
223 217
306 378
434 479
223 217
253 131
81 42
389 473
345 261
345 351
381 333
133 217
179 246
217 223
217 223
50 95
217 178
133 249
473 479
434 479
389 479
434 479
89 95
178 203
223 217
306 351
306 351
473 479
178 175
133 217
5 95
89 95
306 351
261 351
479 434
389 473
345 351
351 261
217 223
50 95
50 60
434 479
95 89
89 95
89 95
178 223
133 220
479 501
95 89
89 95
351 261
89 95
217 223
118 65
169 196
351 286
306 261
95 89
479 434
479 389
178 223
89 50
351 261
438 433
389 473
89 50
345 306
133 223
5 50
306 280
345 351
5 18
178 223
178 223
479 473
473 479
473 479
345 351
217 223
143 211
178 223
95 50
89 50
89 95
223 151
5 89
95 89
99 39
306 378
133 217
217 178
222 133
351 345
306 345
217 166
363 269
133 223
434 479
50 95
345 351
223 217
306 369
473 479
351 377
345 351
306 351
389 479
133 217
345 351
473 479
479 473
306 297
261 345
505 429
320 276
351 345
345 351
473 479
223 217
435 447
5 95
217 133
351 306
148 249
473 434
89 50
473 434
89 125
217 209
345 351
479 389
241 186
351 306
95 89
261 306
217 223
434 511
217 244
389 491
473 479
479 473
345 351
434 389
50 86
261 329
89 95
5 95
473 479
178 133
89 5
217 178
479 407
217 178
306 351
345 261
345 351
479 434
89 95
223 217
351 306
95 50
223 133
95 14
145 255
223 133
89 95
306 345
217 223
95 50
306 351
217 223
473 389
261 306
351 345
473 467
5 50
217 223
447 426
351 345
479 473
351 279
89 5
434 389
5 95
217 223
473 479
306 351
484 503
473 388
351 345
223 133
345 261
217 223
223 133
351 345
389 434
261 306
50 95
434 479
473 389
389 479
389 479
89 5
223 217
479 434
89 5
261 345
223 217
95 89
363 269
89 95
178 133
398 479
306 261
89 5
89 5
473 434
345 351
50 125
89 95
473 479
261 351
217 133
89 95
217 223
89 95
479 476
95 89
261 313
351 261
50 83
261 351
95 50
319 335
473 434
306 261
89 95
479 398
351 345
434 479
89 95
178 217
217 178
351 261
479 389
217 223
351 345
434 475
223 217
306 334
473 434
479 473
479 389
473 479
50 89
448 467
50 95
351 306
133 223
306 351
89 50
217 178
83 106
479 433
306 351
473 479
182 128
133 223
306 351
50 56
479 434
5 95
434 473
389 473
306 351
217 223
345 366
133 217
95 89
89 95
306 351
217 223
479 434
191 207
306 351
217 223
306 351
89 50
479 389
261 303
50 89
133 196
50 95
320 355
95 89
89 50
50 95
119 20
5 73
217 223
351 306
133 223
5 50
217 223
473 434
351 345
95 5
133 223
345 303
89 95
5 89
5 73
5 89
89 23
480 508
223 217
473 434
89 5
95 89
5 95
434 473
217 223
389 479
389 473
479 389
345 286
95 89
133 217
306 345
473 389
95 50
95 14
261 351
261 351
89 95
434 479
50 95
95 89
223 217
5 95
261 303
479 407
351 345
50 89
95 50
133 217
434 392
217 178
473 434
401 403
178 223
223 217
89 50
148 192
223 178
345 306
95 89
389 479
345 351
223 170
434 479
473 479
473 479
89 75
56 5
178 175
133 223
434 479
50 95
473 434
89 95
89 95
479 398
89 95
479 473
473 479
473 389
306 351
261 351
217 223
5 50
5 50
351 345
434 479
217 178
50 95
345 351
351 345
178 217
351 345
483 388
217 223
50 89
89 95
479 434
95 89
50 118
95 14
119 8
345 306
89 50
133 201
178 223
95 89
426 467
133 217
473 479
133 142
223 133
5 89
95 50
345 306
345 351
351 281
434 431
473 479
133 178
473 479
351 345
178 146
345 306
5 95
95 89
89 50
217 223
223 178
306 345
345 351
473 434
345 270
133 217
473 479
223 133
133 181
261 306
89 5
5 50
479 473
345 351
5 95
389 496
89 50
352 275
473 479
345 351
5 118
89 5
5 89
178 223
5 89
479 473
89 95
217 223
306 345
89 95
324 297
448 467
95 65
345 306
345 351
306 351
345 306
5 89
473 389
68 14
306 294
89 95
178 223
479 473
5 95
434 473
306 345
345 351
261 342
389 434
217 223
89 95
351 306
426 465
261 303
389 434
5 89
479 473
351 345
351 340
95 5
95 5
133 175
351 345
95 50
133 223
434 444
217 157
133 201
479 389
434 389
133 223
89 95
473 479
133 245
306 345
178 133
178 223
473 434
345 351
89 50
228 247
306 299
479 473
399 463
89 95
89 50
217 223
351 306
306 261
479 473
5 95
217 223
306 351
326 315
479 434
178 156
178 223
306 270
434 479
351 345
473 389
434 479
89 40
473 479
95 5
377 274
261 345
345 261
169 196
261 351
351 345
479 434
178 223
345 306
217 223
89 50
5 16
345 351
389 479
479 434
5 48
351 279
345 306
345 351
479 473
89 95
178 223
89 95
89 95
133 178
217 223
89 50
223 178
473 457
223 227
438 463
351 261
434 473
178 223
306 351
479 389
479 407
434 479
351 345
502 449
351 261
434 437
223 178
261 306
479 473
345 306
89 5
345 261
473 479
50 95
178 133
89 95
95 89
473 434
223 217
178 217
223 133
473 479
261 351
217 223
276 264
345 306
345 351
5 89
355 324
306 351
223 133
133 207
473 389
261 351
345 351
178 223
178 217
345 351
223 217
345 351
425 481
217 223
491 397
351 261
484 503
217 133
261 351
223 133
133 211
5 50
50 30
95 89
473 389
473 479
178 133
217 194
223 178
95 89
479 473
306 351
261 345
345 261
479 434
351 279
89 50
223 133
345 306
89 5
223 217
345 261
50 95
473 389
89 5
5 95
169 196
5 30
479 473
345 351
192 141
89 50
217 178
89 95
473 479
261 306
217 223
5 79
479 473
95 89
434 479
351 345
253 241
351 345
251 247
351 345
479 473
479 473
95 47
306 351
479 473
389 434
217 223
345 351
426 435
178 217
133 217
5 95
223 217
217 178
345 372
50 95
89 39
480 504
473 434
223 151
351 306
217 133
473 479
473 479
389 479
351 345
345 306
41 68
227 198
50 95
479 473
217 178
253 240
345 334
310 258
217 223
271 290
178 223
217 223
95 50
198 170
345 351
351 306
434 479
389 434
261 345
89 95
479 473
50 54
217 178
223 178
473 479
434 479
345 261
434 479
217 223
223 251
473 389
95 89
434 473
345 351
351 261
217 223
143 211
389 434
133 217
261 351
178 223
89 95
306 327
351 345
95 89
473 479
306 261
5 95
345 351
261 351
89 95
217 133
306 345
473 389
133 223
425 444
434 479
95 5
223 243
389 434
223 142
217 223
133 223
50 95
217 133
133 178
479 473
5 95
473 389
89 95
434 479
473 479
133 178
133 201
223 217
178 223
5 89
5 89
479 389
345 261
434 479
133 223
479 398
261 351
261 351
345 261
89 95
133 217
376 350
89 50
351 306
351 306
306 345
306 351
261 345
217 223
473 479
217 223
473 434
261 351
351 345
89 95
261 306
223 217
306 261
217 223
133 223
89 50
223 235
5 95
434 473
178 133
89 95
217 223
473 479
312 261
434 479
113 95
223 217
95 89
89 95
434 473
50 89
89 95
217 255
217 223
50 95
217 223
223 244
89 95
95 89
5 95
479 398
389 473
389 479
306 261
148 192
5 95
95 50
352 272
217 133
95 89
178 217
306 351
50 89
217 227
50 95
443 451
217 235
89 95
261 345
351 306
306 261
95 5
133 223
50 95
473 479
463 467
217 223
178 133
14 81
345 306
434 473
479 473
351 306
178 223
95 89
217 223
306 351
473 479
95 50
473 479
479 407
345 261
351 306
133 223
95 14
297 323
217 178
351 261
345 351
133 212
261 345
479 473
351 345
434 473
345 348
434 479
89 50
178 156
89 95
95 89
306 351
426 435
95 89
351 345
95 50
261 345
479 434
479 389
345 351
484 398
217 223
389 434
217 133
95 89
479 473
80 50
50 5
345 261
434 479
306 351
50 89
223 217
261 351
95 89
89 95
133 178
351 345
5 60
404 448
473 479
5 50
345 351
261 351
89 95
389 413
434 493
306 261
379 375
133 212
217 133
473 479
223 217
351 345
345 306
345 351
261 345
223 188
50 95
217 178
351 306
351 261
351 345
217 223
178 223
178 223
50 70
434 479
89 50
178 223
479 473
434 479
345 351
434 479
253 223
345 351
434 479
178 223
95 50
261 351
95 89
89 95
479 389
389 434
223 133
345 261
133 223
473 479
261 345
95 5
178 204
217 223
50 95
351 345
5 50
217 178
434 479
473 434
5 95
42 121
178 226
473 479
345 351
345 351
5 95
223 133
5 95
223 133
479 389
261 264
178 223
89 95
95 50
178 217
351 345
89 95
89 95
223 180
306 351
381 376
133 178
473 434
223 217
95 14
261 265
133 184
389 473
261 345
473 395
479 473
479 434
473 479
223 217
434 389
5 95
217 133
106 98
5 50
5 89
223 151
217 223
50 95
306 261
351 355
89 95
5 95
95 5
133 178
178 223
479 473
345 306
434 479
89 95
50 5
434 479
306 261
89 95
473 434
479 463
95 5
479 389
261 345
50 89
434 479
217 178
5 89
434 389
217 223
89 50
345 261
351 306
89 50
473 479
217 178
261 270
355 287
89 28
217 223
50 95
223 217
217 223
261 306
223 217
89 95
473 479
288 330
351 279
89 50
351 306
479 407
479 473
297 258
81 42
389 479
178 226
5 95
217 223
178 133
434 479
261 306
306 261
217 178
14 81
89 95
261 298
89 95
20 64
473 479
178 223
374 321
306 351
89 95
95 50
306 345
50 95
224 216
473 389
389 479
217 223
50 83
223 133
89 95
249 255
306 351
473 468
389 479
416 458
351 345
217 223
95 93
261 345
261 345
95 50
351 270
306 345
345 306
223 133
434 479
389 473
133 217
389 479
478 440
389 479
178 223
133 178
479 434
351 306
479 473
261 351
345 351
473 479
473 479
261 306
227 189
89 95
217 250
50 95
95 89
345 351
5 50
5 95
223 133
457 389
261 360
345 351
89 95
217 178
351 261
345 351
345 306
306 368
351 261
337 298
479 401
223 178
389 473
89 95
345 351
261 351
351 345
178 223
133 178
50 89
95 89
217 223
261 306
89 95
479 389
81 100
89 95
5 89
479 434
50 95
50 95
5 95
345 351
95 89
89 50
178 217
345 351
306 351
479 467
223 217
5 89
217 223
50 95
438 456
5 89
479 434
89 95
434 473
261 350
345 351
345 351
89 95
50 5
95 50
434 479
223 178
89 95
261 274
223 178
351 379
95 89
416 389
479 434
223 217
217 223
351 306
261 303
351 345
369 314
351 270
95 89
5 95
95 50
389 473
473 479
389 445
133 206
50 95
389 479
89 50
5 50
50 89
89 50
217 178
401 501
178 167
479 389
133 175
351 345
261 339
95 89
389 473
47 5
467 463
473 479
473 479
89 95
479 401
345 351
217 223
345 306
89 50
479 501
434 389
473 479
217 133
479 473
95 89
473 479
133 178
448 478
178 223
473 479
95 5
479 389
479 434
5 50
133 223
434 479
434 479
89 95
5 50
217 223
133 201
306 345
5 95
473 479
89 50
95 89
473 434
249 196
297 306
473 434
5 89
89 95
473 479
434 479
217 223
345 351
345 370
479 473
178 217
95 5
351 306
261 306
89 95
178 223
306 351
178 223
345 351
145 198
95 14
351 306
473 479
223 133
306 351
5 95
223 133
473 479
95 5
416 458
170 223
389 396
133 178
133 175
473 479
217 223
217 223
5 95
473 479
95 89
434 479
389 434
89 95
351 306
217 223
223 151
217 223
223 217
351 345
261 345
320 265
363 269
133 178
306 351
261 351
261 299
261 351
306 351
473 479
473 479
351 306
89 95
345 351
223 133
479 389
95 50
473 479
434 479
261 345
217 138
314 331
389 473
223 133
306 351
345 351
217 223
196 143
473 479
217 223
217 223
89 95
217 223
217 223
211 234
89 5
50 89
58 50
473 479
261 345
178 223
5 50
479 389
89 50
89 5
178 217
5 95
223 133
223 133
223 167
345 351
178 223
5 89
50 95
261 351
5 95
223 133
170 209
502 389
5 39
95 89
473 479
473 479
389 479
5 71
217 223
89 5
345 351
50 23
473 434
261 366
306 351
355 285
95 89
306 351
345 306
479 407
133 178
479 398
473 434
306 261
261 303
50 95
473 479
89 50
89 107
217 146
89 95
261 303
434 479
133 217
351 261
351 345
89 95
434 389
133 200
351 261
41 68
351 306
223 133
479 473
351 339
479 389
434 479
351 345
178 145
473 389
193 245
389 473
479 473
223 217
95 89
217 130
473 479
89 95
217 223
125 120
178 223
5 89
351 345
473 479
351 261
50 95
223 178
345 351
89 50
505 399
345 351
223 178
223 216
351 345
479 473
490 454
217 133
217 223
324 297
473 479
345 306
345 306
217 223
261 351
473 479
95 50
133 184
351 261
223 191
217 223
345 306
95 98
473 479
306 277
351 261
223 142
5 86
178 217
178 223
389 479
50 5
261 379
95 89
473 434
345 351
345 351
351 306
473 434
133 217
50 71
261 351
473 479
261 306
473 434
389 456
351 261
345 351
178 223
5 95
133 217
389 479
473 479
479 434
178 199
479 473
345 351
306 259
95 50
389 473
345 351
178 223
89 95
404 392
473 479
217 133
389 479
89 95
223 178
473 479
50 95
89 5
345 351
261 351
345 351
217 133
196 143
479 434
306 351
473 479
479 473
178 133
178 133
133 178
261 345
473 479
223 178
345 306
223 217
306 261
217 223
133 217
217 223
223 217
5 89
133 223
473 479
50 95
479 389
217 223
389 473
479 509
389 431
473 495
5 89
351 345
479 473
223 133
261 306
345 306
217 223
389 479
217 223
434 473
261 345
89 95
479 438
89 95
89 50
351 306
223 133
223 217
249 211
217 178
223 151
345 261
479 473
178 217
345 351
473 479
95 61
50 105
351 261
95 89
5 95
389 442
345 351
479 434
5 89
306 345
95 89
351 345
5 66
89 5
261 303
473 479
223 178
345 261
95 5
434 479
95 89
447 504
223 142
223 133
324 271
345 351
217 223
223 178
389 479
95 50
351 345
89 95
473 389
306 345
178 133
264 276
345 306
473 462
217 133
217 223
502 449
217 133
217 223
389 434
89 50
261 306
223 217
95 50
178 217
95 89
261 303
217 178
356 375
89 95
89 95
345 306
89 95
253 158
434 389
389 479
5 99
160 202
261 345
223 178
223 178
389 479
50 95
479 473
148 192
217 223
434 479
217 223
306 351
50 89
95 42
217 178
5 89
217 178
389 479
351 306
261 351
95 50
345 306
5 89
95 89
217 223
95 89
178 223
5 64
261 351
133 178
133 217
434 389
89 5
306 351
25 74
217 141
223 217
217 223
133 223
261 345
434 479
133 178
356 375
509 423
473 389
5 95
473 479
217 133
345 306
389 473
351 345
345 351
217 223
5 89
5 89
223 217
389 473
261 306
389 392
217 178
345 351
217 223
473 479
351 345
434 389
389 473
89 95
345 351
505 447
473 479
473 389
351 306
133 175
133 178
223 217
352 318
5 50
479 477
434 479
50 95
473 389
306 369
178 223
249 228
491 397
473 479
345 351
473 479
345 341
261 314
217 223
479 473
50 95
5 89
50 95
50 95
351 279
223 217
89 50
223 151
50 5
345 351
95 50
434 479
217 223
95 89
497 442
345 306
389 479
133 223
434 479
50 5
434 479
143 207
389 431
63 120
261 306
133 151
351 306
434 479
223 178
50 63
261 351
473 479
133 178
50 101
479 473
89 95
133 223
389 473
95 5
5 50
178 223
306 351
223 217
217 133
223 217
261 345
434 479
261 345
509 399
261 339
208 253
473 479
434 479
89 95
217 178
434 469
351 261
50 95
41 15
351 306
217 223
345 306
89 5
50 95
473 398
351 345
5 47
249 207
148 192
389 479
479 434
95 50
479 389
223 217
248 133
345 351
389 473
473 479
182 192
223 178
133 217
261 351
133 169
223 217
5 89
133 217
217 223
479 434
261 351
223 217
345 351
217 223
95 23
217 133
438 429
345 330
217 223
509 456
95 18
89 50
217 178
479 473
50 89
133 201
5 89
223 217
178 217
50 89
133 217
434 384
89 95
95 5
217 223
345 261
178 217
345 351
261 351
50 95
192 250
479 389
351 261
261 306
89 95
95 5
5 89
345 351
434 479
261 306
50 124
223 217
261 306
217 223
50 89
64 83
345 380
473 462
133 193
479 389
50 65
50 89
351 274
178 223
217 223
133 178
89 95
306 345
261 351
178 217
217 223
223 133
75 113
261 351
473 434
15 83
178 223
95 5
351 345
479 473
133 217
178 217
389 434
345 351
473 434
89 95
5 95
95 14
351 345
89 5
473 434
95 89
217 223
473 479
217 178
223 217
351 306
345 322
473 479
434 389
223 217
89 5
306 261
95 89
50 5
434 479
50 89
479 473
345 351
434 389
389 479
351 345
479 434
64 79
133 244
473 434
434 473
217 178
473 389
473 479
479 473
434 479
89 5
217 223
505 435
133 214
50 95
95 89
95 89
217 223
350 374
473 389
89 95
217 178
50 95
306 351
351 306
345 351
306 351
351 345
133 217
217 223
389 457
306 351
223 217
95 89
479 407
217 223
261 266
479 398
345 351
345 261
50 95
345 351
217 223
389 479
89 50
217 178
217 223
345 261
223 178
217 223
133 223
473 479
345 351
425 446
89 5
306 351
261 351
179 176
261 345
479 407
5 89
447 480
223 217
95 18
89 95
306 345
223 253
217 133
389 457
261 306
473 479
351 306
133 178
351 261
95 89
95 5
345 351
95 23
89 95
50 38
351 345
223 133
473 434
89 95
5 47
351 345
261 351
330 356
178 223
89 95
133 217
178 223
479 402
89 50
89 95
473 479
479 473
223 133
463 438
133 217
479 434
473 479
89 50
178 223
473 479
479 473
50 5
473 479
5 89
89 95
95 5
473 479
271 339
223 133
297 326
345 350
306 276
217 252
306 345
133 223
89 95
95 89
217 223
351 345
351 306
217 223
217 223
228 179
95 89
306 345
133 217
434 479
306 351
351 261
479 398
261 351
95 50
434 479
261 351
5 95
50 47
95 5
95 89
479 473
95 71
253 242
345 306
178 223
261 351
217 223
95 94
178 223
479 473
389 473
479 473
261 288
345 351
479 473
473 479
223 217
223 217
434 473
261 306
217 223
434 479
95 79
50 95
217 223
261 351
351 345
217 178
443 447
217 223
89 5
473 479
133 178
89 95
178 223
89 82
95 63
95 89
261 277
345 261
473 434
217 223
217 223
95 89
389 483
89 95
217 178
15 34
89 95
479 473
351 345
217 223
479 468
217 178
50 60
351 345
473 479
473 479
217 211
306 261
223 133
50 95
351 306
479 473
479 394
351 259
261 345
389 434
345 306
5 95
63 79
223 178
95 30
345 351
95 50
5 73
50 95
5 95
363 269
133 201
479 473
351 345
479 434
178 223
473 479
306 287
5 95
345 306
133 223
434 479
261 345
133 128
217 223
133 241
89 95
351 345
306 261
351 350
95 89
95 14
223 133
133 178
479 473
223 217
217 223
479 389
223 178
345 306
95 89
473 434
178 133
389 434
345 351
95 5
89 95
389 443
50 89
345 351
178 223
217 223
223 229
351 345
473 387
306 351
223 228
345 351
50 95
89 95
389 473
473 479
125 59
95 123
435 480
178 223
89 95
261 351
223 133
196 143
113 58
479 389
473 479
434 473
89 95
89 42
217 133
389 479
473 479
89 50
503 463
351 261
261 368
434 479
178 223
351 345
306 351
123 119
306 275
473 479
306 282
50 89
178 223
89 95
434 389
178 223
217 223
363 269
89 95
345 306
351 261
351 350
345 351
133 223
89 95
351 345
89 5
217 223
314 381
351 306
217 178
89 50
5 50
223 217
50 95
217 223
133 217
81 100
89 95
50 48
389 479
89 95
178 244
217 178
345 351
473 479
345 351
389 434
178 223
223 158
479 473
438 496
345 261
217 133
89 95
89 95
306 261
479 389
345 351
89 50
345 261
5 50
89 95
89 95
351 345
223 217
50 89
425 452
389 479
223 217
261 306
434 477
351 345
345 351
389 479
143 162
133 217
95 89
434 473
261 351
217 223
95 5
307 376
223 217
223 217
89 95
351 345
434 389
351 261
217 223
261 345
95 89
217 223
95 89
337 298
89 50
350 290
345 351
217 223
133 178
89 95
89 95
5 122
223 133
345 351
345 351
50 5
5 89
345 269
178 223
133 217
389 479
484 503
133 223
223 133
351 261
89 95
389 473
15 79
351 345
351 270
434 432
434 473
261 351
133 223
306 351
345 351
217 133
351 345
217 178
434 473
217 223
223 217
389 479
89 95
473 479
133 223
217 178
217 223
261 345
95 89
50 95
479 434
50 95
434 473
89 5
217 223
389 479
389 473
345 351
95 64
335 290
223 142
133 223
389 479
178 223
351 345
351 306
350 257
261 306
223 220
42 51
192 196
351 345
141 235
375 355
223 217
133 223
169 151
178 217
224 241
217 223
261 331
381 289
5 20
5 95
50 5
345 351
217 223
217 178
434 479
425 417
223 133
345 351
473 434
217 223
223 133
223 217
178 223
307 356
89 50
50 95
223 184
89 5
178 223
479 389
389 479
95 89
479 389
473 434
479 473
345 351
351 261
351 261
345 351
50 95
479 407
479 473
434 389
319 351
50 5
389 449
389 457
345 351
345 351
95 50
223 142
217 243
351 261
473 479
133 175
261 320
306 351
89 95
178 223
133 223
434 468
434 401
223 178
223 217
50 95
5 50
473 479
306 351
5 89
473 479
133 217
306 351
479 389
178 223
351 345
89 95
223 217
389 473
351 345
473 431
351 345
434 479
5 95
345 351
50 95
133 217
95 89
473 389
351 270
223 217
95 89
479 434
389 449
345 351
89 95
351 279
479 389
178 223
178 217
509 422
5 89
5 50
306 261
306 351
133 223
473 479
356 310
345 351
351 345
435 484
473 434
217 206
434 483
345 351
178 217
223 217
389 434
223 217
217 223
178 133
133 223
89 5
261 329
306 351
497 467
351 279
5 95
217 223
310 259
306 301
434 389
479 473
50 95
389 479
50 47
345 351
345 351
389 473
5 95
178 217
306 351
306 351
261 306
345 351
15 83
178 217
345 289
89 23
178 145
298 350
351 345
345 351
223 178
479 389
307 290
89 5
50 95
479 398
389 434
351 345
89 95
178 147
261 345
89 50
89 95
306 351
389 479
133 223
95 5
217 223
389 431
89 50
217 237
50 95
345 261
133 217
178 217
351 345
95 89
95 50
50 5
89 95
217 178
389 434
479 473
223 133
50 5
5 54
133 223
307 281
95 92
178 203
95 50
50 5
345 351
89 95
479 434
306 299
345 351
95 50
217 223
351 279
345 351
89 95
217 223
217 223
89 95
345 306
306 380
261 351
50 5
89 95
389 473
223 217
133 217
389 434
345 306
491 397
95 89
50 95
434 479
389 479
5 50
345 351
99 49
95 23
89 76
261 329
217 223
178 223
261 345
351 319
351 345
345 261
473 434
473 389
5 89
178 133
345 351
306 351
345 306
217 178
473 434
473 479
473 479
223 178
133 139
473 389
89 110
345 351
345 351
479 434
133 213
223 217
125 35
5 89
261 345
223 178
133 223
5 95
178 217
95 50
217 178
389 479
345 351
351 279
479 407
50 95
217 223
223 217
89 95
479 473
89 95
479 473
434 473
89 25
351 345
5 95
345 351
473 434
133 223
95 89
217 163
473 479
5 50
351 345
351 345
345 351
345 351
473 479
345 349
217 192
89 95
223 217
178 211
50 5
178 202
217 223
5 89
473 479
133 223
351 306
153 223
261 351
434 440
89 95
222 174
133 217
50 89
473 479
223 133
351 306
356 375
306 345
351 345
434 479
50 5
50 75
133 223
479 473
217 188
5 47
434 479
306 345
345 351
217 223
223 178
217 178
389 473
351 261
178 223
223 217
351 306
434 479
389 434
434 389
261 345
473 479
182 185
217 223
389 479
434 389
179 223
5 50
389 434
5 95
434 479
89 50
261 329
319 376
5 95
434 479
217 223
20 8
217 133
133 148
95 42
217 139
473 479
178 145
178 223
351 306
50 89
89 95
473 479
217 223
434 473
5 95
351 270
306 310
306 351
217 196
89 95
306 345
434 389
479 467
217 133
434 479
5 73
95 14
261 329
345 351
306 270
345 301
95 50
434 479
509 479
178 133
416 458
351 366
133 223
133 178
351 306
178 223
178 143
479 473
345 351
89 50
389 457
95 89
89 50
351 345
434 479
473 389
178 223
389 431
20 8
479 389
473 389
261 345
89 95
351 279
479 473
434 479
351 345
473 479
217 133
324 271
306 351
5 95
217 223
217 140
217 133
50 95
473 479
478 416
351 345
133 217
261 306
479 473
223 217
473 434
389 444
473 479
345 351
50 5
479 473
145 208
5 50
178 133
473 479
223 133
261 351
50 95
261 351
434 389
133 217
345 351
261 351
133 178
89 95
89 5
473 479
479 389
50 26
389 457
261 345
351 345
473 479
133 223
223 217
397 491
50 89
389 473
306 351
223 217
261 351
223 142
479 434
389 463
94 116
223 217
473 434
217 223
473 389
473 479
178 223
217 223
473 479
95 50
389 473
217 178
223 178
50 95
89 5
95 5
345 306
345 351
217 223
345 351
50 95
345 351
434 473
178 223
95 50
5 95
473 389
217 178
95 116
473 431
223 178
479 389
178 205
473 479
479 434
223 133
389 473
351 261
5 15
261 306
473 479
96 99
133 223
306 261
223 217
389 479
50 95
479 389
434 467
223 217
246 170
397 448
223 133
479 473
217 223
345 351
479 434
479 473
95 123
479 434
345 351
345 281
479 434
95 5
345 351
223 133
261 351
50 95
479 473
95 5
217 178
389 502
50 95
345 351
345 351
42 51
95 5
89 95
41 94
50 95
5 89
5 95
261 324
217 253
14 81
399 467
351 306
89 95
351 372
351 345
473 479
303 261
351 261
434 479
306 371
89 95
473 389
473 434
351 345
178 133
223 217
271 335
473 479
217 223
5 50
355 281
217 223
50 89
5 47
5 95
89 95
89 5
473 479
345 351
224 170
389 434
466 389
217 223
345 306
345 261
5 95
50 89
217 133
217 178
217 223
5 75
89 95
306 345
479 473
271 290
50 95
345 379
261 303
133 223
223 224
306 351
434 479
418 495
178 133
50 95
434 479
479 389
479 389
178 217
491 397
345 351
306 345
345 351
351 345
133 178
5 95
89 95
434 473
479 398
452 425
389 479
306 351
89 95
261 306
95 50
306 261
345 351
478 446
89 95
484 503
345 351
389 434
95 18
89 95
479 434
95 89
306 351
345 351
473 479
217 223
89 95
50 95
178 223
479 473
5 73
473 479
89 95
479 422
133 240
95 89
89 50
261 306
133 223
306 298
133 201
261 351
306 345
473 398
178 223
89 50
473 389
473 479
345 351
479 434
223 133
217 223
434 473
479 473
434 461
473 389
389 479
345 351
306 382
351 306
5 95
473 479
178 223
345 351
89 50
473 479
217 223
306 261
351 261
89 50
345 261
217 142
426 425
479 434
64 0
178 223
389 457
95 89
50 5
425 488
345 306
261 351
89 95
217 223
351 306
89 95
351 270
196 169
40 50
178 223
389 425
434 389
351 306
5 95
345 351
178 133
89 95
133 223
223 133
473 479
306 261
473 479
345 351
133 223
95 89
345 261
133 178
50 95
50 95
351 261
178 223
5 89
133 223
473 479
345 351
89 95
50 95
351 379
448 436
133 223
223 217
95 89
95 50
186 179
89 50
306 351
345 351
95 50
351 379
473 479
261 351
345 351
351 345
351 306
178 223
473 402
473 479
261 345
5 50
133 178
389 450
345 351
345 351
473 479
50 113
89 50
50 95
345 351
217 223
178 217
479 473
89 95
133 223
95 50
479 434
178 223
448 431
479 473
351 345
261 345
217 178
217 220
261 345
89 95
389 457
345 351
473 479
89 114
479 434
217 223
95 23
89 95
479 434
5 89
473 479
345 261
89 95
223 133
306 295
434 479
351 345
484 398
434 479
352 267
223 151
133 223
473 389
223 217
223 133
479 473
217 223
345 306
223 217
95 89
5 73
306 351
223 217
351 345
351 345
434 479
50 95
389 460
473 479
89 95
479 407
389 391
95 89
178 223
50 95
5 92
306 345
335 339
479 434
178 227
389 413
473 413
434 389
95 89
261 306
217 178
169 151
223 217
345 306
50 95
473 479
473 479
50 95
261 351
345 351
434 479
99 1
389 473
58 83
473 413
191 248
217 223
345 261
473 479
479 434
261 351
133 175
434 479
217 178
473 479
479 490
479 473
345 270
479 434
448 424
306 351
473 389
95 89
473 479
351 306
223 133
351 306
261 306
479 389
95 89
473 479
351 261
345 351
473 479
479 473
133 235
354 306
261 351
133 217
306 351
89 5
306 261
473 434
425 499
95 60
473 485
491 397
351 345
95 89
345 351
217 133
133 223
473 479
223 133
217 223
434 389
434 479
95 89
479 473
133 223
261 329
89 5
479 473
95 5
178 210
5 66
261 345
223 178
178 223
217 178
434 479
89 95
399 463
351 313
89 5
50 77
50 5
5 50
473 479
473 389
351 306
178 223
345 351
389 473
95 5
89 95
95 89
223 217
178 223
434 479
306 351
351 332
133 223
389 457
389 434
89 111
223 217
479 389
271 335
345 306
50 95
178 133
473 479
95 89
435 463
306 273
89 5
345 306
89 95
351 345
345 306
178 162
261 345
217 223
473 389
223 217
95 89
434 479
133 217
345 323
217 223
89 95
95 50
261 351
473 479
434 479
345 351
89 95
211 234
434 389
95 89
50 95
473 479
479 473
228 247
113 58
5 89
473 479
261 351
473 479
223 217
389 479
345 351
473 479
89 95
133 217
178 133
389 431
223 217
435 439
17 80
95 89
345 335
479 473
5 95
50 95
345 351
473 410
89 95
217 223
178 180
389 479
95 5
478 466
133 217
133 223
89 95
95 5
95 14
217 223
223 217
95 50
351 345
5 125
89 50
479 473
479 473
261 351
95 89
95 50
95 89
95 89
473 389
223 142
217 178
5 95
223 133
261 365
345 306
345 355
434 387
473 479
261 351
217 178
261 270
133 223
306 313
479 434
95 89
217 223
351 342
89 95
479 389
64 16
133 178
434 479
351 306
89 95
223 178
345 306
434 479
50 93
223 133
473 389
389 434
223 178
178 223
95 5
389 479
133 223
261 367
319 352
178 223
434 467
133 223
178 223
89 24
133 201
217 178
473 507
345 306
306 261
345 351
351 306
381 315
89 95
5 95
473 455
479 434
261 345
253 232
95 50
261 306
345 351
217 178
223 217
351 345
389 434
5 50
223 133
345 351
473 389
217 223
5 83
89 50
473 434
178 133
345 351
95 50
483 399
306 351
473 479
351 345
133 178
351 306
89 0
170 179
345 306
473 479
50 73
261 351
223 133
434 479
399 418
345 351
351 336
351 270
223 217
99 8
89 95
95 5
473 479
89 95
401 389
351 306
89 95
306 351
223 178
426 469
434 396
89 95
217 223
217 223
178 223
217 223
473 479
89 5
345 306
389 473
50 95
17 13
217 223
261 351
479 473
351 345
50 95
434 479
473 479
133 217
306 268
479 473
261 345
50 95
345 351
178 133
345 351
479 473
5 95
253 139
223 217
95 89
89 95
389 473
447 504
458 484
133 217
479 473
389 473
320 312
351 306
223 133
306 351
217 178
50 65
217 178
345 351
178 223
89 95
442 497
306 345
306 351
223 167
434 479
41 113
345 351
89 31
217 178
351 279
398 465
345 270
306 333
5 50
479 473
89 95
223 217
473 479
133 217
351 306
473 479
351 306
178 223
18 89
473 479
261 306
133 178
223 178
83 111
473 400
223 217
217 178
178 223
50 30
5 89
217 223
345 351
5 89
89 95
351 279
479 473
217 223
89 95
351 261
89 50
345 306
345 351
133 223
217 133
389 473
223 255
217 223
389 473
89 95
133 211
133 223
95 5
479 473
306 261
178 223
133 130
479 389
261 351
479 473
345 261
473 479
5 95
133 223
223 133
351 345
95 5
351 345
223 217
261 351
5 95
223 133
473 479
416 458
179 239
89 95
217 223
133 217
306 345
65 73
5 89
217 178
133 217
473 389
351 261
261 351
50 95
50 5
217 166
95 89
178 171
345 351
261 351
89 92
217 223
5 50
434 479
5 89
434 479
223 133
217 133
345 261
345 351
261 306
89 95
434 389
351 345
345 261
95 89
223 217
96 79
389 473
345 306
261 351
95 89
50 95
178 235
351 261
133 223
434 479
503 484
89 95
351 345
217 223
217 223
345 306
89 95
5 89
434 479
324 271
351 306
479 434
351 270
5 41
5 89
223 217
63 79
345 306
509 437
178 220
345 351
473 389
479 473
178 133
50 93
5 73
89 95
50 95
473 479
345 351
389 479
217 223
473 479
5 89
5 50
479 473
306 286
389 479
389 473
50 5
217 182
95 89
479 473
89 50
434 479
398 484
345 351
351 345
95 5
217 178
374 269
217 223
351 306
404 448
178 223
50 95
351 345
178 133
351 345
95 5
223 175
5 58
261 351
473 468
345 261
306 351
89 95
95 89
5 95
89 50
133 217
320 339
345 351
178 223
479 473
95 50
223 217
473 479
389 434
261 345
434 389
479 473
345 351
345 351
473 479
345 351
121 66
261 351
95 50
473 479
434 443
473 479
217 223
345 306
351 306
434 479
223 178
89 54
217 223
223 175
351 379
223 217
50 110
217 223
434 479
345 306
217 178
217 223
401 456
473 479
339 335
479 473
133 178
345 351
345 291
345 351
473 434
345 306
89 50
89 95
345 351
351 345
5 95
377 273
479 398
345 351
133 223
95 50
351 373
351 345
261 351
95 50
345 351
5 121
133 175
41 68
389 473
389 479
351 345
223 178
133 223
434 479
473 479
223 175
178 223
178 223
133 217
261 306
389 457
389 473
178 223
223 217
253 157
473 389
351 345
306 351
133 223
479 473
389 479
89 95
473 479
95 89
217 223
148 186
95 89
217 223
5 50
50 95
479 491
473 429
224 227
178 250
306 345
473 434
351 261
5 89
89 50
249 148
217 178
5 50
95 23
479 434
306 351
243 133
473 479
306 345
345 351
89 95
5 47
223 178
50 95
89 95
434 389
479 407
178 158
479 389
321 260
95 23
345 261
345 306
345 351
473 441
217 223
89 95
351 345
261 351
389 385
178 223
89 50
473 389
345 351
345 351
389 479
178 223
217 223
261 345
351 372
389 479
95 50
89 95
261 306
345 261
223 178
345 306
473 479
14 81
271 290
345 351
89 95
89 95
389 431
389 479
389 479
217 223
434 479
95 5
63 5
473 479
434 442
178 244
425 409
434 473
95 50
113 74
223 133
178 223
89 95
479 473
261 345
473 434
217 142
473 479
217 223
5 95
95 89
89 95
95 89
435 447
5 89
143 162
89 5
473 389
133 253
5 95
434 473
89 95
297 326
5 89
223 133
133 223
355 350
133 223
345 351
223 217
261 300
95 50
5 89
217 223
95 89
5 50
223 133
345 351
398 465
217 133
473 389
95 5
306 261
89 95
389 473
315 267
473 479
133 178
217 133
89 5
223 217
389 479
95 89
217 223
261 306
89 95
473 434
434 479
95 5
261 351
178 239
345 351
217 223
261 329
473 479
389 434
351 345
345 305
179 191
355 365
306 273
261 306
351 279
133 223
95 89
306 345
351 270
5 95
351 306
473 434
306 261
473 389
178 133
89 95
63 120
133 178
95 33
50 95
95 89
178 217
479 473
479 434
479 473
345 306
223 178
479 473
5 50
351 261
217 223
95 83
223 217
345 351
473 479
95 50
345 351
447 504
345 351
447 480
351 345
95 5
389 479
217 223
5 95
89 95
50 49
479 434
178 223
389 473
95 5
89 50
261 351
261 297
345 351
434 389
178 133
356 375
50 95
178 223
217 223
5 89
89 5
223 133
434 479
473 479
95 89
434 473
306 351
479 500
351 345
401 483
217 223
261 351
473 479
479 398
95 50
434 479
89 45
479 473
95 50
389 473
217 178
306 345
351 345
217 223
170 179
223 133
314 339
41 23
261 306
306 261
