512 10000
179 217
223 182
89 95
50 95
345 351
95 50
50 95
479 389
389 479
50 95
178 223
306 351
473 389
473 479
345 351
351 345
89 95
479 473
434 479
479 434
217 223
351 306
133 223
423 434
306 339
95 89
217 178
351 345
479 434
89 95
133 223
389 457
389 473
345 351
217 223
479 473
133 223
306 378
207 224
479 473
5 95
351 345
217 223
351 345
345 351
95 5
261 351
479 407
479 473
320 339
89 83
389 457
95 14
434 479
320 301
434 479
473 389
217 223
89 50
125 86
473 479
89 95
261 351
182 255
217 178
95 50
306 345
50 95
473 479
473 434
42 51
434 479
50 95
351 373
217 250
95 5
374 298
434 388
223 202
50 95
473 479
389 431
50 95
217 223
306 351
217 178
217 223
217 173
89 50
261 345
473 389
434 498
95 14
434 479
306 351
217 133
223 178
5 95
479 434
351 261
89 5
89 5
89 95
479 434
345 306
479 473
89 50
306 351
306 351
89 95
351 345
217 154
389 473
345 351
89 50
434 479
345 261
351 345
401 481
89 95
480 434
111 42
217 223
207 211
133 223
261 351
306 261
5 95
306 326
351 345
345 376
217 223
473 479
178 133
345 351
261 303
473 479
133 217
434 389
5 95
345 264
473 479
203 217
217 133
217 203
133 223
223 217
351 353
306 339
178 220
217 133
442 459
351 261
223 217
261 306
223 217
179 228
95 89
473 479
5 89
345 351
89 95
89 95
223 217
133 223
345 351
89 95
479 389
345 306
178 133
434 479
191 248
473 479
32 74
473 479
345 351
351 345
473 442
345 351
351 345
434 497
121 20
217 223
94 73
479 434
95 50
434 479
473 434
223 220
434 479
434 479
217 144
20 47
479 434
321 338
363 269
261 345
95 50
345 261
217 223
473 479
473 479
473 500
389 479
217 178
473 479
389 473
5 47
345 351
51 14
345 351
89 95
89 95
223 217
389 479
479 467
95 89
479 473
133 151
480 469
479 473
434 479
217 223
95 50
217 133
351 345
227 220
95 14
261 351
223 217
95 70
337 298
465 426
351 287
89 50
306 261
125 118
389 479
99 30
5 95
178 133
223 178
223 217
125 6
261 345
389 479
345 261
95 50
50 95
223 178
473 479
320 300
95 89
398 389
95 5
5 95
89 50
50 95
345 351
345 266
95 89
217 178
217 133
473 479
473 479
464 434
345 351
479 473
306 351
89 95
345 261
89 95
89 50
223 133
89 50
345 306
271 290
473 434
389 479
306 286
94 10
89 95
479 398
178 223
178 217
133 178
434 479
5 50
434 418
351 270
389 431
133 217
351 306
389 434
95 89
217 223
178 223
145 208
89 95
434 479
345 306
468 483
479 434
178 223
133 175
133 217
89 70
89 95
217 223
217 223
389 473
223 178
5 95
95 5
345 351
95 50
5 50
435 425
473 404
473 479
89 50
479 464
95 50
148 222
133 217
389 431
434 473
95 50
345 261
217 223
217 223
479 473
178 223
89 95
261 351
223 133
217 223
50 95
345 351
178 223
133 178
217 223
479 434
217 133
133 223
497 442
89 95
89 5
107 120
306 351
5 50
95 50
89 74
133 201
50 89
217 223
389 392
217 223
223 133
89 95
479 473
89 95
89 95
452 399
319 352
434 470
89 95
5 89
178 217
479 389
345 351
479 473
389 422
89 95
479 389
345 351
5 95
345 261
178 223
223 217
261 345
95 89
261 345
345 351
345 351
345 351
261 351
479 478
345 351
133 223
224 191
467 495
434 479
473 410
178 223
345 261
50 5
345 351
5 89
345 351
89 95
351 345
434 473
133 212
133 223
479 434
89 95
89 5
389 457
447 480
5 47
89 95
217 223
223 178
50 95
89 95
178 223
473 434
434 389
50 95
434 472
170 222
95 89
345 285
306 287
217 223
5 89
306 351
217 178
217 133
5 89
217 223
473 479
217 133
389 398
95 5
196 169
89 47
217 176
351 345
217 133
89 5
223 217
89 95
133 217
169 196
434 473
434 479
5 30
95 89
95 89
95 89
133 223
23 95
223 133
401 448
273 351
261 351
479 473
397 491
434 473
261 363
178 223
351 261
223 217
217 223
261 256
95 89
179 208
261 351
434 389
389 479
479 389
434 479
351 345
434 479
479 473
217 223
95 89
351 345
261 270
319 376
15 79
133 223
50 5
179 224
351 306
479 389
261 345
306 351
223 142
473 416
223 222
133 160
178 191
50 95
345 351
217 223
345 351
223 178
133 223
389 434
133 223
479 389
473 479
133 223
434 473
223 133
345 351
50 95
5 89
251 142
345 306
261 329
217 223
95 89
351 345
290 367
306 351
50 95
5 95
434 479
473 479
434 389
5 89
89 50
345 351
271 335
345 351
178 223
178 225
345 351
497 442
178 217
389 479
389 462
434 389
306 351
351 261
217 223
473 389
351 261
434 473
89 95
473 407
345 351
389 473
306 351
389 455
306 345
223 217
473 479
89 5
345 261
345 351
223 128
89 95
345 351
479 422
261 306
389 431
50 42
133 206
389 479
217 223
5 74
133 217
473 434
217 223
473 434
479 476
434 479
5 95
351 306
89 93
261 345
306 371
5 89
178 133
95 89
178 133
89 95
479 434
434 473
133 223
223 217
478 430
89 95
473 389
345 351
95 89
89 95
389 479
50 95
345 351
473 389
95 14
178 223
389 473
473 479
351 345
389 479
306 261
479 473
351 345
473 434
217 223
217 223
217 223
178 223
89 77
389 479
473 434
89 5
5 95
5 89
95 5
217 133
345 261
217 133
345 261
261 351
217 223
217 223
217 223
351 284
50 95
473 434
223 178
306 345
351 366
345 272
345 261
306 351
95 50
479 473
389 473
473 479
217 223
351 306
306 340
345 351
217 223
209 192
345 351
345 351
479 434
389 506
479 473
479 473
178 217
345 351
434 479
479 473
89 50
178 168
479 473
473 479
223 217
320 292
217 223
473 442
223 133
89 83
351 306
95 5
434 473
89 95
89 81
178 217
434 479
178 217
5 95
473 479
479 473
389 434
89 95
479 389
351 345
133 217
133 223
223 178
345 351
434 479
178 223
261 306
89 95
217 223
89 95
217 223
345 351
89 95
261 329
5 50
479 389
434 389
473 479
89 78
133 201
5 50
261 306
133 178
345 351
5 95
306 351
95 5
345 306
351 345
345 351
479 398
89 5
50 5
345 306
223 217
133 223
89 95
5 50
217 223
345 306
235 141
217 223
89 5
351 306
89 95
345 351
345 351
223 178
473 389
133 223
223 245
261 351
89 95
345 351
306 351
351 345
434 479
223 142
89 5
479 473
89 95
95 50
473 479
223 151
217 223
389 426
95 5
434 473
113 58
389 484
95 5
345 306
310 379
473 479
306 332
217 161
389 473
389 479
261 351
89 5
389 479
217 178
223 199
95 23
389 467
261 340
261 329
473 434
223 217
345 351
248 170
381 315
5 89
434 479
306 351
261 345
223 178
345 351
261 351
5 50
133 167
434 461
345 261
217 178
261 351
473 479
89 95
345 351
261 351
479 389
217 178
473 389
50 95
345 306
434 389
319 298
479 434
345 351
178 223
133 217
434 479
491 397
473 479
41 34
479 434
178 196
223 202
217 178
222 223
89 95
261 351
223 178
223 217
133 217
89 5
345 351
50 89
143 162
217 133
89 50
178 133
178 217
125 17
507 503
479 434
345 306
223 243
261 351
223 216
217 178
473 479
473 434
133 178
369 314
50 5
351 345
133 223
5 83
473 400
509 496
5 50
133 223
351 306
95 14
95 89
217 223
89 50
261 351
222 192
345 351
297 320
345 351
95 5
339 367
223 217
351 345
95 5
479 389
5 42
479 389
379 375
133 223
306 351
217 178
479 389
261 351
345 261
89 95
178 133
178 223
479 473
345 351
217 133
50 95
306 261
473 479
479 389
389 479
50 95
473 479
320 286
133 201
345 351
345 306
50 45
389 438
121 43
217 223
223 217
89 95
351 306
50 89
178 223
145 202
89 5
5 89
473 479
217 223
473 479
89 5
178 217
95 50
50 93
261 351
223 178
95 14
217 223
217 223
50 5
223 217
479 434
345 351
178 223
448 467
345 306
89 95
434 473
89 95
95 39
389 479
261 288
297 320
50 81
473 434
351 261
479 473
15 79
473 479
345 306
479 473
479 434
95 5
217 178
89 95
479 473
133 178
345 351
261 351
89 95
389 464
223 133
479 398
479 389
217 223
5 95
217 133
50 95
217 223
95 84
133 206
89 50
5 95
5 28
389 414
217 223
223 217
247 251
473 479
351 261
479 434
217 178
5 89
50 95
89 20
479 434
50 95
345 306
434 473
345 351
133 223
133 223
434 476
50 89
217 223
133 223
389 479
351 345
389 479
479 434
276 320
89 95
351 306
473 389
479 389
389 473
89 50
253 168
339 362
479 398
89 78
345 351
345 351
434 389
377 382
434 429
89 95
261 345
217 243
89 5
479 460
479 473
473 479
178 223
345 306
223 178
479 473
223 217
89 95
223 133
95 89
473 479
113 58
261 345
50 5
133 223
50 95
452 399
95 50
217 223
345 348
351 261
473 479
118 42
306 351
217 178
306 345
306 351
389 479
89 5
351 261
217 223
89 50
217 178
434 479
89 95
351 345
270 337
5 95
479 434
389 431
425 452
479 407
5 50
473 389
5 111
345 306
321 361
178 223
241 186
95 50
133 178
50 89
89 95
271 339
351 345
5 95
178 217
217 223
345 306
306 351
479 389
217 223
479 473
223 217
273 381
345 351
473 479
217 178
479 389
5 89
261 351
261 303
479 473
381 336
89 5
479 473
389 434
227 199
473 434
50 95
5 95
479 434
351 345
89 16
223 133
217 223
389 473
261 303
89 50
261 351
306 345
178 172
306 261
389 473
5 99
50 2
223 217
50 95
479 473
95 89
217 223
95 23
223 178
473 479
217 223
389 434
223 199
217 178
50 95
389 479
223 217
473 407
89 5
133 223
351 345
479 473
50 17
479 473
434 479
223 178
95 50
306 345
133 246
217 178
434 507
95 89
217 223
217 178
389 473
434 479
223 133
351 345
505 448
89 5
351 345
473 479
306 261
217 223
261 351
479 434
389 479
479 473
178 133
95 50
261 351
50 95
389 457
5 95
217 223
261 351
223 133
434 479
473 479
389 479
261 351
133 223
381 352
345 351
223 217
473 434
217 223
261 351
89 95
217 223
5 109
473 479
217 223
306 340
223 133
479 434
473 479
223 133
223 178
178 217
389 457
434 479
223 217
355 276
178 133
261 320
479 473
351 306
89 95
351 261
479 398
261 306
223 133
50 89
133 217
5 73
178 223
133 223
434 507
324 271
389 479
89 95
434 479
5 89
479 473
345 306
479 414
89 95
261 351
95 89
224 193
473 479
473 434
389 457
473 479
5 89
50 95
306 372
345 351
133 178
133 176
50 18
351 355
95 89
261 306
479 473
217 223
89 5
178 217
223 217
351 333
389 479
89 5
473 434
434 479
345 261
5 50
95 89
261 345
345 351
473 400
473 432
133 178
473 479
99 98
479 473
63 120
178 217
401 479
5 95
89 95
95 89
5 50
479 501
178 217
217 223
50 5
351 306
89 95
479 504
351 345
473 434
434 507
125 104
95 50
50 95
261 329
261 306
95 47
345 367
306 261
434 479
306 345
306 288
479 473
479 473
389 455
332 297
389 479
89 95
58 59
290 367
434 479
217 133
89 95
434 389
479 473
223 217
133 223
95 89
223 217
217 223
113 58
178 217
345 351
217 240
306 345
473 479
217 223
473 479
50 89
351 345
509 507
95 5
261 372
306 345
434 479
345 351
89 5
89 95
345 261
351 306
351 261
125 113
345 351
351 306
223 133
178 223
5 89
261 345
5 89
223 217
351 306
351 345
89 95
217 223
50 95
389 479
261 345
89 50
133 178
50 95
95 89
389 442
434 479
261 351
178 223
261 351
95 89
434 473
351 306
89 95
50 95
447 480
351 345
178 223
217 223
95 89
133 217
345 351
488 478
473 479
389 473
89 50
223 217
178 241
178 153
261 351
95 89
223 217
473 434
306 340
479 473
133 251
479 389
306 261
95 50
261 306
133 201
89 5
434 479
178 223
217 223
434 407
261 351
133 178
479 473
89 95
133 223
434 401
473 479
351 261
178 189
306 351
306 351
5 50
133 168
89 95
324 271
95 89
217 223
217 223
351 270
217 223
133 223
389 457
178 217
50 95
351 306
345 306
473 479
217 223
345 351
223 217
223 178
217 223
50 5
178 223
133 223
5 117
50 89
473 479
223 178
434 479
95 5
473 479
217 133
50 95
479 473
306 261
178 212
473 479
89 5
217 133
217 223
473 479
261 351
95 89
473 479
261 306
434 479
434 479
5 95
434 479
95 5
89 95
473 476
217 223
133 223
434 473
133 223
217 178
351 345
473 434
95 5
438 467
261 351
351 379
50 95
351 339
345 306
478 434
133 217
5 95
261 306
5 50
95 20
345 351
217 194
50 95
95 50
434 478
351 345
434 479
389 504
434 479
345 263
479 473
389 460
222 191
217 133
95 89
345 351
479 388
133 178
345 261
89 50
435 467
223 217
5 95
473 479
95 23
434 479
50 95
193 163
133 223
133 217
5 95
261 351
223 217
434 403
434 479
89 95
473 404
217 178
345 351
473 483
345 351
345 351
133 175
479 473
473 479
479 473
89 95
178 133
95 83
351 345
95 89
473 389
5 95
95 117
133 217
133 142
345 351
479 389
261 351
345 306
351 279
479 473
479 389
89 5
178 223
178 131
5 89
223 178
473 389
50 89
479 434
5 95
133 217
89 5
217 223
261 303
89 95
217 223
89 95
89 39
95 89
89 50
306 351
434 479
306 351
491 397
89 50
223 217
5 95
345 351
261 345
306 345
351 365
89 95
351 261
345 351
223 217
50 95
217 133
133 223
5 50
178 131
319 376
448 470
345 306
223 217
5 8
479 473
217 223
5 95
89 95
261 306
89 95
217 223
434 479
133 201
50 95
351 348
223 178
389 479
503 392
261 301
389 511
261 336
217 223
306 345
178 223
345 306
479 473
473 479
50 89
217 133
133 217
5 89
345 351
89 50
434 389
351 345
223 217
345 351
50 5
351 261
401 479
345 351
5 89
223 217
389 479
223 217
133 223
89 95
345 347
345 351
479 473
223 217
389 434
351 261
217 223
217 223
50 95
479 473
261 345
345 351
89 5
217 223
170 179
223 217
217 223
223 217
345 306
389 434
133 223
351 294
319 352
306 351
217 223
217 178
217 223
217 223
217 178
473 479
345 351
217 223
345 351
261 320
473 495
133 242
5 95
270 351
345 261
133 223
223 142
434 479
217 133
306 286
223 217
178 223
351 261
217 223
306 261
89 95
261 345
223 133
89 50
224 179
223 178
351 345
217 223
479 407
133 178
473 479
178 223
89 109
345 357
50 83
5 95
345 351
345 351
217 133
145 223
178 223
223 217
261 274
369 314
178 223
345 351
306 327
133 217
89 95
5 113
89 95
306 351
223 217
306 270
89 95
5 95
217 223
223 217
351 345
261 351
389 478
133 223
306 261
497 442
95 89
473 434
89 95
351 279
50 95
89 95
479 389
306 351
95 5
306 261
223 133
89 95
297 324
261 306
143 162
89 95
133 223
306 261
95 89
261 351
345 351
425 442
50 89
5 89
351 306
223 217
261 345
223 178
351 306
95 89
261 345
178 223
133 223
95 5
351 345
178 133
479 473
306 351
479 473
434 389
425 491
133 223
133 201
178 191
178 133
50 89
345 306
345 261
351 261
50 89
389 434
479 473
50 95
89 57
89 50
473 479
223 178
306 372
479 473
133 223
223 217
473 479
473 479
479 434
389 473
345 306
389 425
5 95
5 50
133 223
345 351
434 460
261 351
178 223
217 223
473 479
389 431
484 503
217 133
50 95
14 81
95 89
473 434
473 479
89 50
306 351
479 493
389 479
223 151
133 223
270 356
345 267
89 50
133 223
345 306
223 217
20 64
434 385
473 477
479 467
133 223
306 345
5 95
217 223
217 223
261 298
310 339
133 178
479 389
192 140
5 127
89 95
178 223
217 178
345 326
223 128
351 345
178 223
223 133
217 178
217 223
217 223
351 279
50 0
351 345
217 223
89 50
351 306
217 223
306 351
50 95
5 95
95 50
95 89
223 217
241 186
5 73
345 351
345 351
89 50
5 47
434 479
350 356
81 42
479 441
133 151
89 95
351 261
345 351
153 234
95 5
223 217
118 42
351 339
224 185
95 89
434 473
223 142
473 434
345 351
217 223
479 473
133 223
434 479
5 89
89 95
473 479
50 95
89 95
434 389
95 89
133 223
217 223
434 468
306 345
217 178
95 50
389 479
389 434
261 351
306 351
5 35
223 217
178 223
261 345
297 349
261 351
473 479
89 95
479 444
345 306
306 351
68 14
41 8
5 89
178 142
389 423
306 261
397 491
89 95
351 306
479 389
178 223
345 351
397 389
95 5
145 212
351 345
479 389
223 217
133 223
351 270
178 154
223 207
50 95
351 261
389 479
95 50
345 351
227 241
222 206
246 170
351 345
89 95
473 479
95 89
217 178
133 240
178 217
178 222
178 158
473 479
89 95
345 351
178 223
5 99
473 479
223 133
95 89
223 217
96 79
434 473
50 95
438 399
50 95
389 479
89 95
178 223
434 479
479 473
345 306
217 133
148 192
178 145
5 89
479 473
351 345
17 102
223 178
473 479
5 89
5 73
178 180
223 178
5 50
389 479
179 190
217 133
217 133
223 133
434 479
89 5
434 479
350 333
50 95
261 345
261 345
178 223
50 95
351 306
50 95
217 223
479 389
473 434
351 306
170 179
217 223
345 261
345 351
351 345
306 345
434 479
389 479
50 53
217 184
50 5
389 491
398 465
217 178
89 50
133 223
345 351
95 110
89 83
345 306
434 479
351 345
217 178
435 417
479 398
473 479
95 89
178 133
95 89
351 303
473 479
434 479
5 50
261 351
89 95
473 479
389 479
178 223
261 345
351 261
479 473
270 337
434 389
89 50
351 345
345 261
320 339
479 434
5 95
5 95
89 95
178 217
479 389
351 270
261 351
306 261
89 5
345 351
473 479
479 463
223 178
50 89
217 206
345 306
249 173
178 133
178 223
217 223
351 345
473 434
223 217
389 434
249 187
389 457
223 217
5 50
483 393
178 217
217 178
261 303
223 217
351 345
50 95
89 95
217 178
389 473
95 50
89 113
345 351
389 473
50 28
133 223
479 473
89 95
306 271
217 133
473 434
178 186
345 306
479 434
175 133
261 351
95 50
89 95
345 351
217 223
5 50
306 261
5 89
351 345
58 113
261 351
434 479
173 178
217 223
249 250
217 223
217 178
482 463
95 5
95 5
473 479
479 389
178 223
503 507
50 89
306 345
345 306
345 351
345 351
479 434
306 351
89 1
89 5
89 50
434 389
345 351
351 345
95 89
89 95
133 178
223 217
434 479
261 345
5 89
223 133
479 434
473 479
345 351
223 178
351 306
223 178
306 351
306 261
217 178
95 89
434 401
345 306
223 217
89 5
95 45
306 345
345 351
345 261
479 473
89 95
5 114
434 479
5 50
50 95
351 306
345 351
473 434
223 217
223 217
473 479
351 261
89 95
133 223
389 434
306 351
89 75
143 162
133 223
50 95
95 5
178 206
389 479
345 261
50 5
261 351
50 95
479 389
479 473
89 95
223 217
434 389
479 389
261 351
389 431
133 175
95 89
133 223
473 479
389 479
89 95
351 306
95 89
133 175
241 186
351 306
345 261
217 223
178 223
261 313
375 379
345 351
50 95
345 351
434 479
351 345
271 335
223 178
89 95
497 442
479 434
473 479
133 217
5 89
50 95
5 23
50 94
223 133
389 479
95 89
351 279
389 473
95 50
473 479
261 320
306 351
192 184
223 133
473 479
217 223
95 89
178 188
389 479
345 351
377 259
306 351
178 133
133 217
133 223
133 223
217 178
100 14
223 142
473 479
253 228
223 217
473 479
89 5
95 50
5 89
319 298
389 479
217 133
335 339
217 223
345 351
50 89
345 351
306 351
389 479
261 351
345 351
389 479
5 50
50 94
345 351
95 89
50 95
306 351
89 50
479 473
5 95
345 261
5 95
133 173
479 389
389 479
5 95
473 434
389 479
217 178
89 5
473 389
223 217
5 89
389 473
95 50
351 376
223 217
41 73
5 95
306 261
479 473
95 89
5 50
345 351
389 473
89 95
434 479
178 223
389 434
178 223
223 133
261 345
389 473
389 473
133 217
133 223
473 434
345 351
306 351
222 204
261 351
5 76
261 345
17 122
479 473
223 178
5 50
479 473
473 479
306 261
50 95
95 50
261 345
217 223
50 95
434 479
351 306
473 398
223 133
261 345
136 192
434 473
223 133
473 479
95 89
297 326
133 217
178 223
389 473
223 217
142 209
217 223
50 89
133 223
345 351
479 389
434 479
89 5
217 133
241 186
89 1
479 473
438 414
178 245
389 479
261 345
217 223
389 434
473 479
217 133
345 306
223 178
95 50
217 178
448 435
223 133
473 479
497 442
351 270
473 434
306 261
479 473
223 251
434 473
345 261
223 217
5 89
434 479
5 89
95 89
306 345
345 351
306 371
351 345
351 261
306 351
345 261
223 217
223 217
434 479
217 223
306 351
389 473
178 255
80 50
223 217
5 50
89 50
389 473
261 306
133 178
473 479
434 479
261 351
217 207
178 130
345 306
133 217
473 479
223 254
306 261
345 351
479 389
5 89
89 95
473 434
473 479
133 178
89 50
95 89
351 345
351 345
89 95
133 217
95 5
5 95
473 479
89 50
178 223
217 223
261 351
448 505
95 5
473 479
217 223
345 351
351 345
217 223
89 50
479 466
223 217
345 351
479 407
261 351
479 398
50 89
133 223
306 351
473 479
68 15
217 178
178 255
89 95
125 94
306 351
473 389
89 95
5 50
351 338
345 261
178 223
261 375
404 448
223 217
89 50
217 178
345 351
320 339
355 362
217 223
133 227
178 223
381 354
345 351
89 95
217 223
351 306
473 389
306 351
306 345
223 133
50 95
223 178
133 154
473 483
95 89
5 84
345 351
217 223
89 23
479 407
5 95
306 351
133 217
95 89
223 217
5 123
217 133
479 473
345 306
223 133
89 5
133 217
89 95
89 45
217 223
89 95
473 436
178 223
217 178
351 306
479 434
89 50
95 89
50 95
217 178
351 345
50 95
306 351
95 50
273 265
95 71
271 339
95 89
178 166
95 83
351 345
50 89
389 479
434 389
345 306
217 188
95 89
89 50
479 434
369 314
351 345
434 438
133 223
133 178
50 95
95 50
5 95
345 306
345 306
345 351
217 195
434 479
434 479
345 351
5 58
178 223
226 145
95 89
133 219
217 136
479 434
133 217
178 223
345 351
479 407
434 389
133 223
261 345
133 178
479 473
351 306
50 84
217 178
351 261
223 178
178 223
89 95
89 95
345 351
389 473
89 5
345 351
89 95
425 392
89 95
389 479
223 217
133 217
479 434
223 178
509 482
5 47
473 479
223 133
306 261
351 345
261 351
223 133
253 216
89 95
89 50
351 261
95 23
261 351
479 473
389 473
133 223
95 102
50 5
51 6
479 389
133 178
473 389
223 142
473 479
95 23
178 133
253 161
95 5
351 261
261 303
473 479
5 50
389 434
479 434
389 473
345 261
473 479
345 306
261 306
50 89
473 479
479 473
95 71
345 286
133 223
351 279
89 95
473 479
133 217
306 351
261 303
89 5
389 434
95 5
375 379
95 23
389 473
351 319
389 434
50 95
89 50
389 473
15 34
389 457
306 345
473 389
217 223
95 5
133 178
351 345
389 431
345 351
479 407
473 389
5 50
178 133
223 151
261 306
306 351
50 95
217 178
95 8
476 480
5 99
96 121
479 389
479 473
89 95
133 217
223 154
473 479
345 351
345 351
217 133
95 5
345 351
178 133
261 351
473 389
345 351
217 178
438 418
473 434
50 95
434 389
473 402
95 89
306 261
223 178
434 479
89 95
351 345
351 306
306 351
89 95
479 473
95 14
217 223
89 95
64 117
223 217
223 133
473 389
261 351
50 18
223 217
95 89
351 345
5 89
133 223
223 178
345 351
217 223
479 434
505 394
217 223
345 351
145 170
339 335
261 345
217 223
50 95
217 223
479 407
261 351
473 479
509 479
351 261
178 133
5 89
89 95
133 223
133 175
17 34
389 473
307 380
50 23
223 217
95 14
351 345
473 479
261 345
186 207
95 5
306 351
223 133
5 95
223 178
389 434
50 89
473 479
223 178
133 173
5 95
479 473
473 479
345 351
261 306
389 457
133 178
479 473
345 261
306 351
389 479
261 345
217 133
307 298
95 50
473 434
356 375
89 5
306 345
95 89
95 89
389 473
459 497
345 351
261 351
223 133
133 178
89 95
133 178
50 1
178 217
100 14
5 89
479 459
473 479
389 467
434 479
50 5
434 473
5 89
389 434
121 20
389 459
345 351
479 473
5 89
50 89
306 338
389 479
473 447
479 389
479 398
95 89
306 261
306 351
63 120
217 223
95 89
227 248
351 345
351 306
345 351
217 133
217 223
95 50
178 223
89 95
217 207
95 68
389 479
50 95
473 479
389 473
473 434
178 133
479 473
223 178
133 178
217 223
351 345
479 389
178 223
217 223
473 479
217 223
389 479
261 306
473 479
89 95
389 434
5 89
5 58
5 89
306 351
389 434
133 223
261 294
217 223
178 133
125 114
95 5
434 473
50 95
223 217
5 95
306 351
351 279
434 479
178 223
345 351
217 223
479 434
5 95
95 50
5 95
178 217
473 479
306 351
345 351
5 47
223 178
479 434
473 479
351 261
479 473
217 133
351 270
389 473
178 133
50 95
223 133
178 223
95 14
389 457
89 95
389 473
261 351
133 223
389 479
133 178
5 50
389 410
261 351
17 58
89 95
389 479
479 473
223 178
178 223
223 133
5 95
217 178
217 223
89 50
473 479
217 133
89 95
399 467
479 398
434 479
389 473
479 473
81 42
178 223
389 500
355 280
5 95
479 473
479 434
89 50
217 178
50 95
223 217
223 178
473 389
89 5
50 95
320 275
351 306
473 434
5 89
473 389
95 5
389 479
473 479
95 89
133 217
178 217
133 178
95 14
345 261
479 398
89 95
261 351
178 164
261 310
89 95
307 368
473 479
351 345
345 306
95 89
324 261
298 307
345 351
479 473
50 106
5 50
261 351
5 89
178 223
323 261
473 479
473 432
178 133
133 175
345 261
5 95
306 261
261 351
345 351
434 479
217 223
351 261
434 501
217 201
89 95
306 351
54 79
345 306
89 42
100 119
447 504
89 95
345 306
389 479
95 5
484 398
261 306
50 52
345 351
261 256
479 434
133 217
473 479
479 434
95 5
389 434
315 261
389 473
497 442
434 479
217 223
345 306
351 306
261 311
389 407
434 479
217 178
54 5
389 473
389 479
178 217
143 211
89 95
345 306
178 217
306 351
50 89
479 434
306 332
479 389
178 217
17 14
261 306
261 345
351 261
133 178
473 479
479 473
223 217
306 351
479 434
434 473
389 457
133 217
89 95
95 89
351 345
261 345
5 77
89 95
351 345
89 95
473 389
479 473
434 473
345 351
89 95
223 217
473 479
89 5
95 5
223 133
345 261
5 16
178 175
473 434
345 261
178 223
479 473
434 479
95 89
5 47
178 223
217 133
95 50
223 178
217 133
217 223
223 217
434 473
491 397
473 479
473 479
217 223
319 322
50 95
5 89
5 89
345 261
178 133
217 223
95 23
5 95
249 214
389 479
217 223
345 351
217 223
217 178
434 479
479 473
223 217
249 166
119 123
133 217
50 95
389 473
351 306
351 261
50 89
50 26
404 389
89 95
217 223
351 345
479 467
95 89
351 345
81 42
50 95
479 473
473 479
89 50
320 265
473 434
50 95
351 261
178 223
261 345
389 473
5 50
345 351
448 395
89 50
50 95
113 58
479 434
351 306
178 223
479 389
345 261
178 223
133 178
95 50
178 209
223 217
89 50
351 256
434 389
389 434
223 217
89 95
89 95
473 479
389 479
5 110
178 223
95 89
473 479
217 223
223 142
389 473
89 5
178 223
261 306
306 351
337 298
20 64
345 351
473 479
434 473
351 306
434 479
479 407
345 351
426 478
223 178
217 223
473 434
351 279
399 418
345 308
306 351
223 217
223 217
217 178
434 479
350 372
351 306
217 223
473 434
89 5
95 89
345 351
434 479
434 389
95 78
306 273
217 178
143 211
217 223
89 95
434 479
398 484
306 261
217 223
351 306
345 306
217 178
306 345
261 351
89 50
50 5
345 261
223 217
345 261
351 306
217 223
479 389
473 434
50 111
223 217
89 50
50 63
434 389
473 479
345 351
89 95
178 223
217 178
5 95
89 95
473 384
178 130
389 479
5 89
473 389
223 217
434 479
261 351
480 435
473 389
473 479
479 405
217 178
89 95
133 145
50 79
89 95
217 133
217 223
5 95
95 50
261 262
89 5
89 95
178 223
473 479
507 503
133 198
351 345
389 434
50 73
271 290
389 434
261 351
367 306
479 473
276 264
426 465
261 306
345 351
473 479
479 434
89 18
473 479
223 217
178 158
351 306
351 306
178 223
95 5
223 158
89 50
89 95
217 133
178 237
217 223
224 255
217 223
133 178
345 261
95 50
306 345
345 351
133 217
345 351
223 178
89 95
209 170
142 133
473 434
178 133
95 89
217 223
389 479
217 133
345 351
345 308
133 178
389 479
505 476
217 223
133 223
89 5
217 178
479 473
473 479
351 261
178 223
223 133
426 478
89 95
223 133
345 351
351 345
89 50
479 473
473 389
95 89
89 95
223 217
178 223
350 269
473 434
223 217
479 389
345 351
438 416
389 479
306 351
50 89
345 351
217 223
5 95
473 479
178 133
89 95
351 306
89 95
345 351
5 95
178 217
217 223
15 79
306 345
50 89
271 290
312 351
217 223
95 50
351 306
217 223
479 473
351 373
434 473
5 47
351 261
223 136
89 95
217 178
133 223
50 5
434 468
89 95
345 261
217 223
217 223
306 351
50 74
479 473
223 133
223 217
389 431
95 50
345 351
479 434
345 351
261 345
389 434
217 223
401 505
306 351
223 217
95 50
95 89
306 261
133 223
50 5
389 479
261 351
133 175
178 223
133 223
5 95
306 351
133 178
473 479
5 50
5 89
306 351
89 95
217 133
178 217
345 351
223 217
389 434
434 479
178 133
473 479
324 270
345 306
473 479
222 223
473 479
434 479
345 347
223 217
133 223
89 95
95 89
351 345
261 351
351 372
223 217
217 178
223 178
261 351
479 435
223 133
133 223
473 434
345 351
223 133
217 223
479 467
178 223
178 245
473 479
95 115
356 270
95 5
479 473
89 95
473 389
473 479
95 5
345 306
95 5
178 223
178 223
89 95
306 261
307 381
479 473
223 217
217 223
261 351
479 473
5 89
95 89
345 351
306 351
64 53
389 479
473 479
73 79
345 351
217 223
50 13
217 223
178 166
473 479
479 473
351 345
306 279
345 351
178 223
473 479
261 306
473 479
217 178
473 389
95 50
479 434
345 351
479 389
133 217
473 434
223 238
345 351
345 306
345 351
217 178
473 479
207 143
434 479
178 151
178 223
217 223
95 89
217 225
89 95
89 95
351 261
5 89
223 133
211 234
306 357
479 398
89 95
479 385
448 426
178 223
306 351
217 223
389 479
125 109
89 95
479 473
95 50
89 95
261 345
5 95
389 431
95 89
50 95
473 479
351 306
95 79
133 223
345 351
133 223
50 5
473 392
50 89
351 345
261 351
389 473
351 306
345 261
389 479
261 351
479 389
345 351
345 306
479 473
351 345
113 58
89 95
434 479
95 14
351 306
473 479
351 345
389 479
217 223
479 389
89 95
473 479
223 178
345 351
389 479
89 95
178 223
389 434
217 133
133 223
473 479
223 217
95 89
223 178
479 473
306 262
50 95
473 403
276 264
434 468
133 176
50 95
306 351
389 473
89 78
479 473
95 89
217 223
261 345
95 89
223 151
261 351
223 217
381 331
473 479
473 479
473 479
89 5
434 389
345 351
473 479
89 107
89 95
479 434
133 223
15 79
217 223
5 95
306 345
133 176
261 306
479 434
389 434
143 162
345 351
345 351
306 351
5 47
223 217
50 89
223 217
217 178
50 95
50 89
133 223
306 351
434 479
89 50
473 479
50 95
178 184
473 434
50 5
95 5
5 95
50 29
223 133
89 5
473 434
473 468
495 426
223 178
345 351
170 222
261 351
345 351
389 407
217 223
319 376
434 479
306 351
41 15
50 79
241 186
89 84
479 434
473 415
473 479
261 306
434 441
133 223
5 50
186 152
95 5
89 95
306 351
89 95
133 223
5 94
217 158
133 204
473 434
473 479
434 389
5 50
345 261
133 223
434 479
306 351
473 389
217 223
345 351
178 223
95 14
95 89
54 83
465 426
217 178
479 434
351 270
479 434
351 259
223 133
479 407
345 351
447 416
389 479
345 261
351 345
389 479
89 95
178 223
223 217
223 178
223 151
261 351
5 89
389 473
217 178
248 170
178 223
217 223
306 351
434 495
473 479
434 479
434 479
306 351
178 217
389 479
434 473
381 336
345 274
473 479
261 351
89 97
95 89
434 465
217 223
351 261
50 89
217 223
479 473
5 50
261 351
178 251
261 351
389 473
217 133
261 351
345 351
351 345
261 351
223 217
261 345
306 261
479 483
345 351
223 166
306 351
261 351
389 479
178 223
438 391
389 457
306 273
5 73
261 351
473 479
223 178
273 268
217 230
217 178
223 217
133 178
178 159
479 473
434 479
223 151
5 95
434 479
448 465
351 261
306 335
133 223
178 133
89 95
50 95
306 345
133 217
389 479
473 479
89 95
480 424
389 473
89 95
345 351
119 99
5 50
306 351
306 351
434 473
223 250
223 178
95 89
50 89
351 306
351 306
479 473
95 89
95 89
50 89
133 223
345 351
208 178
5 50
434 473
351 292
223 142
345 351
434 479
133 175
217 223
217 133
351 345
306 345
89 50
143 162
306 351
95 89
306 261
217 223
217 178
95 50
345 351
217 133
306 261
389 473
261 345
95 5
473 479
351 270
95 89
261 345
95 89
89 92
5 42
261 345
345 351
345 353
223 133
217 223
217 223
345 351
223 217
351 327
223 217
217 178
133 223
133 178
95 50
89 95
100 14
5 73
345 351
473 479
473 477
133 223
479 407
5 95
178 128
5 50
223 217
217 223
473 479
479 473
351 345
389 434
389 431
306 351
473 493
389 434
434 479
217 223
178 223
351 287
42 51
133 223
345 351
95 89
438 432
50 95
479 473
355 313
261 306
223 217
217 223
217 202
351 345
178 217
217 223
261 306
351 340
247 251
389 457
351 345
345 351
389 457
479 398
479 434
217 133
50 89
178 217
345 351
95 50
178 217
351 345
473 434
133 223
5 50
473 479
306 351
217 223
89 95
345 351
306 261
89 95
95 89
479 434
345 351
89 95
345 351
217 133
261 306
5 89
367 298
473 479
89 95
261 351
178 223
351 345
95 89
404 392
345 306
389 457
89 95
355 349
473 479
89 5
5 95
54 50
351 261
223 133
473 434
5 95
95 5
389 434
223 178
306 261
5 95
434 479
50 94
178 223
306 351
351 261
473 479
223 217
50 95
473 479
345 351
398 484
479 473
89 95
5 95
473 470
479 473
223 217
345 351
261 345
223 217
50 36
217 133
89 50
473 479
217 205
89 95
389 473
351 345
32 74
41 106
202 160
479 473
473 479
479 473
351 345
5 50
217 223
178 188
434 479
89 5
178 223
5 48
351 261
223 217
223 207
345 351
479 473
473 479
351 339
217 223
261 351
89 5
217 223
473 389
178 217
95 60
306 345
89 50
5 89
133 223
89 95
351 345
473 479
133 212
351 261
217 203
261 351
473 434
50 95
133 217
178 223
133 223
473 434
70 42
217 191
50 95
191 248
434 479
345 351
261 355
473 389
89 95
434 389
306 351
133 223
351 345
479 473
95 89
217 223
351 345
467 434
217 133
42 51
50 95
133 223
345 351
95 50
89 95
351 345
345 351
479 473
95 50
351 345
306 351
223 178
389 479
261 351
434 389
473 434
303 261
89 5
17 79
95 122
345 351
473 479
217 133
261 351
261 351
5 89
223 217
345 306
261 345
473 479
95 5
170 179
178 133
54 110
434 442
473 434
261 351
5 89
479 434
389 409
473 479
261 345
5 50
95 5
351 261
5 73
178 223
345 306
434 469
95 89
5 89
479 473
217 223
448 397
479 473
223 133
345 333
89 50
473 479
306 351
89 5
261 345
89 50
89 50
351 261
503 507
50 95
473 479
89 5
271 290
389 434
261 306
133 223
217 178
217 133
375 379
5 95
351 261
351 261
351 345
473 479
261 351
223 217
217 133
95 89
89 50
223 133
217 133
351 345
223 217
473 434
5 50
473 477
223 217
133 201
133 178
479 434
306 351
337 298
351 339
306 351
95 89
50 59
389 434
381 378
434 479
223 133
217 223
261 351
306 270
133 223
217 223
223 217
345 351
345 351
351 345
463 484
261 306
473 479
448 432
389 479
217 223
50 95
473 389
273 304
473 434
5 122
389 479
133 223
351 348
306 372
179 170
89 97
479 473
5 89
261 374
389 434
89 95
261 351
345 351
351 345
89 95
50 89
89 95
345 256
223 217
276 320
479 473
5 95
217 223
95 45
95 5
345 306
261 329
261 345
217 223
95 38
473 507
63 120
89 95
473 479
178 133
351 261
217 223
223 217
473 389
473 479
217 223
306 351
217 223
345 351
351 306
89 83
351 306
479 473
217 223
217 223
389 479
389 434
345 374
345 351
51 19
50 89
345 261
223 158
351 345
133 178
217 223
223 217
50 89
434 479
389 431
5 89
389 506
217 178
89 95
5 89
473 479
345 339
434 479
479 434
261 371
345 351
473 434
351 345
133 187
434 479
217 223
434 465
389 434
473 479
345 351
356 270
345 303
95 89
473 479
389 479
89 5
306 351
306 345
89 95
434 389
261 351
217 223
306 351
50 38
261 351
217 133
389 473
261 345
351 345
5 50
473 479
345 351
89 95
89 95
473 434
479 473
345 351
95 89
89 50
95 50
89 95
351 306
351 261
473 389
5 89
89 63
89 95
217 223
95 89
261 351
434 465
50 95
223 217
89 5
89 95
217 223
89 95
345 306
306 345
306 261
133 217
375 379
217 223
261 306
133 223
217 198
217 223
217 133
89 99
351 306
5 50
223 227
273 334
191 248
306 351
217 223
351 306
261 345
89 95
50 89
479 473
345 261
95 89
178 217
389 473
95 89
178 217
473 479
217 133
133 223
473 479
434 389
261 351
15 34
345 351
133 178
434 479
217 223
473 479
479 473
217 223
89 95
95 89
133 217
351 261
389 494
352 339
217 178
473 479
95 14
89 50
95 29
217 178
473 479
479 389
223 133
473 479
389 401
5 95
95 5
306 351
178 223
473 479
89 50
89 5
178 223
50 95
89 67
50 95
178 244
178 223
389 434
217 178
133 217
351 345
89 50
389 434
345 306
306 351
345 318
223 199
95 89
261 306
479 389
479 434
95 14
352 310
377 376
434 389
351 273
351 345
217 133
95 50
178 223
351 270
95 89
389 479
351 379
351 345
133 166
434 479
351 261
133 223
336 306
133 178
178 223
5 95
480 454
89 50
178 223
178 247
50 95
389 479
479 389
89 95
345 351
351 306
133 178
222 227
479 473
95 5
178 230
99 93
434 479
125 81
187 208
133 217
50 123
473 479
125 59
345 351
217 223
223 217
217 178
473 479
389 479
345 351
95 5
351 270
89 95
5 17
261 351
133 217
217 133
247 227
345 351
5 89
434 479
434 479
261 303
89 50
345 304
217 223
89 50
89 50
223 169
351 345
51 61
261 351
95 89
483 467
389 434
351 345
473 389
133 152
217 133
223 217
223 178
473 479
473 479
261 345
434 479
345 306
178 133
502 397
479 434
434 479
217 223
5 50
50 48
224 135
261 345
5 95
223 133
298 307
95 14
261 351
297 324
473 434
261 257
223 178
351 345
223 133
473 434
389 479
39 50
345 351
95 89
89 5
138 223
217 178
5 47
5 50
50 95
479 389
389 473
223 217
223 217
244 178
217 223
473 479
133 223
95 50
389 434
479 473
178 223
217 223
178 223
473 434
479 434
389 479
217 223
95 20
479 410
473 479
452 425
217 223
178 133
345 351
434 389
217 223
389 473
345 261
389 434
345 351
345 306
479 434
133 201
473 479
351 306
434 479
473 389
95 65
434 389
191 224
223 178
479 434
473 425
133 217
401 420
5 95
50 95
473 479
473 434
479 434
50 95
217 133
217 133
473 434
133 223
95 89
345 351
217 223
5 95
473 479
473 479
479 434
345 321
178 230
178 217
95 89
306 345
217 223
306 365
434 479
223 133
89 95
50 89
345 351
479 473
178 217
95 89
351 345
434 389
351 345
351 279
306 345
89 50
89 95
320 339
261 345
351 261
351 279
473 479
223 217
217 178
5 95
345 351
473 434
473 479
5 95
473 434
223 217
351 261
473 479
345 261
5 31
434 479
351 306
399 463
95 50
261 329
479 389
133 178
306 261
95 50
89 95
253 154
479 389
345 351
261 329
178 133
434 479
345 351
5 50
479 473
89 95
351 306
223 133
5 89
5 95
434 479
178 217
133 217
473 479
434 473
479 434
389 479
345 351
473 479
351 345
473 389
479 473
223 217
345 306
133 178
223 199
479 473
351 345
100 119
15 34
351 345
261 351
473 479
345 306
178 133
223 217
479 434
434 479
473 479
261 351
223 217
133 223
217 254
5 95
5 95
473 479
351 306
389 473
389 504
223 151
345 351
154 178
345 313
434 479
223 178
479 389
217 223
479 462
479 434
89 95
89 95
89 95
217 133
261 345
5 95
217 223
351 345
223 221
217 223
217 133
178 217
148 136
5 95
223 217
389 479
89 50
50 79
5 89
223 178
345 351
217 223
217 223
133 221
351 306
95 89
473 479
345 351
95 23
133 151
434 447
398 465
389 479
345 358
217 223
89 50
351 303
89 95
223 178
178 223
389 473
345 351
95 50
95 84
389 460
133 223
89 95
389 479
479 473
217 178
217 223
95 5
261 351
273 314
217 223
217 223
95 50
351 306
50 95
345 351
223 217
389 473
473 434
345 351
217 223
50 65
217 211
95 89
89 95
345 351
434 496
217 178
95 5
178 223
50 95
473 389
89 95
217 223
389 473
479 473
217 223
351 270
89 50
133 151
178 217
178 133
95 50
261 345
479 473
473 434
345 261
133 217
217 223
95 5
351 294
133 223
434 473
434 473
223 142
473 434
434 479
261 330
217 223
89 95
389 473
89 95
261 345
20 64
479 434
345 351
178 133
297 324
261 331
217 223
217 223
223 217
217 178
5 73
351 345
473 434
223 217
217 223
178 222
223 217
50 95
217 223
345 351
50 127
473 389
133 178
223 178
479 414
351 322
95 50
389 479
473 476
351 345
178 217
179 203
351 345
89 50
467 479
345 351
389 467
223 217
345 261
217 138
5 50
345 351
351 345
223 217
434 473
345 261
345 351
96 92
223 217
351 261
389 479
351 313
389 479
95 5
217 223
95 89
5 50
345 351
89 95
351 261
261 294
217 196
223 154
345 351
184 133
345 351
345 339
351 303
95 14
434 473
261 351
89 5
345 306
298 337
479 473
306 345
95 5
95 5
223 133
345 306
133 175
306 261
351 306
479 415
50 42
178 223
217 175
178 223
50 95
217 223
178 223
223 217
351 345
261 345
434 473
306 353
217 178
306 351
121 7
473 479
223 178
261 345
434 389
50 95
389 457
389 473
95 5
223 133
5 89
217 133
345 306
345 351
345 351
217 223
473 479
50 89
133 178
95 89
345 306
351 349
479 473
89 95
95 89
50 95
133 223
351 345
306 261
345 351
473 434
133 223
434 408
89 111
227 222
89 5
261 351
306 351
479 473
217 223
479 407
434 415
479 473
350 374
133 247
479 398
389 434
389 473
217 223
5 95
133 178
434 479
217 223
307 296
306 351
89 50
113 58
50 89
351 270
133 223
95 20
345 351
351 279
223 133
345 351
223 178
217 178
434 479
351 345
434 389
345 306
473 389
217 178
479 476
434 452
133 223
345 261
351 306
261 306
133 178
449 502
178 223
473 479
89 95
89 95
479 473
223 250
89 95
434 479
178 133
95 5
434 389
178 223
217 223
89 95
99 47
389 479
297 324
5 89
479 473
95 89
320 339
306 351
223 178
345 351
479 473
397 465
345 379
345 351
217 223
95 89
64 43
473 479
479 473
89 50
351 345
479 389
473 389
389 479
351 261
307 332
5 89
89 95
89 95
50 89
217 223
178 217
434 467
306 351
351 345
223 217
50 33
133 153
345 351
345 306
351 306
217 223
50 95
217 178
217 223
133 223
5 95
95 50
133 223
389 473
345 351
178 223
473 479
133 223
178 217
306 351
479 389
261 351
261 345
178 223
473 479
479 384
5 34
479 434
89 5
50 89
50 95
345 300
178 133
473 479
89 95
389 479
223 217
125 22
434 389
5 95
479 403
89 5
352 262
247 178
345 351
434 479
434 389
223 178
473 479
345 351
389 431
95 3
261 329
133 223
178 247
178 223
434 479
50 95
95 89
89 16
50 43
473 434
95 50
306 351
223 133
473 479
178 223
217 178
89 95
479 389
50 95
249 211
223 217
389 434
42 81
223 217
178 145
473 479
5 73
89 5
133 217
434 473
306 351
345 351
473 479
473 434
473 389
473 479
50 95
479 434
217 223
89 5
345 339
434 479
191 248
479 473
320 383
473 434
178 133
217 157
89 95
133 178
223 133
192 193
95 75
369 381
95 5
217 223
473 479
178 223
50 95
89 50
217 178
217 223
306 345
89 50
223 133
217 175
473 389
133 178
148 170
345 306
89 95
223 133
479 389
89 50
479 473
178 223
261 306
217 178
351 261
5 50
473 506
479 473
389 479
217 133
473 479
389 479
95 5
479 473
306 261
217 178
15 23
306 351
473 389
95 89
479 434
345 306
389 473
389 479
217 223
389 479
50 95
479 473
351 345
479 473
217 223
217 133
89 96
356 270
50 95
95 50
379 375
89 50
223 217
434 500
223 178
133 152
261 329
95 89
479 473
5 95
223 133
345 261
345 351
217 133
261 306
473 479
306 351
351 279
389 479
345 351
298 307
351 345
404 448
438 502
351 345
253 241
241 186
217 223
351 261
389 479
345 351
50 5
345 351
217 223
223 133
434 416
443 447
351 345
217 223
434 479
473 479
306 351
261 351
247 133
389 431
249 148
89 5
89 5
306 351
351 306
473 414
479 473
351 345
95 89
479 389
5 89
389 473
434 479
306 261
50 89
95 5
434 402
351 261
434 473
178 223
389 479
345 363
389 473
345 351
217 223
50 124
351 341
5 89
389 473
133 217
50 5
54 41
133 223
50 95
434 479
261 345
217 223
50 95
389 434
223 178
306 351
261 303
261 351
95 89
178 133
223 175
50 89
89 95
434 401
479 473
479 434
473 479
96 26
345 260
271 339
306 261
473 479
306 261
345 351
89 95
434 389
497 442
473 479
217 133
399 463
89 95
133 223
345 351
68 15
389 479
120 42
5 95
345 351
223 133
133 217
389 473
217 223
50 95
178 223
217 223
473 434
50 95
261 351
473 389
389 479
217 133
389 479
351 345
306 351
133 223
217 140
95 89
95 89
434 507
5 95
419 434
306 345
217 223
261 306
351 345
306 298
389 479
133 223
95 52
473 479
261 306
351 261
95 5
5 50
217 223
261 306
253 246
89 95
479 389
95 50
389 479
121 42
351 261
178 247
217 223
217 178
345 261
509 505
479 389
261 351
95 119
479 473
89 95
223 217
479 473
133 175
223 142
261 345
351 261
434 479
223 217
345 261
217 223
5 50
479 473
5 89
217 178
95 89
217 223
17 114
50 38
5 50
5 95
50 5
89 5
178 221
5 95
306 351
217 195
345 351
178 217
217 184
89 95
217 223
50 5
479 392
95 89
95 5
95 89
479 473
95 14
473 434
306 298
434 473
125 113
473 479
389 473
133 178
50 95
479 389
479 407
133 178
351 345
479 443
217 223
261 306
133 223
178 217
95 89
217 178
95 50
217 223
223 151
479 389
5 36
479 473
89 95
389 479
95 5
5 89
95 50
5 95
241 186
95 5
345 351
351 345
473 479
5 95
89 5
479 389
223 133
473 479
434 473
351 261
178 133
95 50
89 84
217 178
473 479
50 89
261 308
50 5
478 511
223 142
434 479
113 58
351 261
217 223
345 306
479 389
345 351
5 50
111 14
95 23
271 290
89 95
89 5
306 351
345 351
473 479
169 148
473 479
217 133
89 95
217 133
310 339
217 178
5 50
95 89
389 479
479 473
89 95
5 89
223 133
363 269
389 473
68 15
473 479
434 479
133 175
345 306
479 389
217 181
5 54
434 473
434 479
217 223
306 351
133 223
50 5
89 95
89 95
178 217
201 133
271 290
473 479
479 434
5 50
50 95
389 479
345 291
5 95
133 223
217 178
351 270
345 351
389 479
345 261
306 274
178 252
95 89
345 351
133 178
223 133
473 479
95 76
133 206
50 95
351 306
479 398
89 95
473 479
217 223
345 306
223 217
351 261
50 68
178 223
306 265
133 217
56 5
434 479
217 223
425 475
89 50
217 223
345 351
389 426
351 345
479 398
217 148
223 178
95 5
345 351
319 352
148 192
389 479
95 89
345 351
5 95
83 111
182 246
235 207
434 501
306 351
389 479
121 6
5 77
345 351
345 351
473 479
473 479
261 351
89 95
389 473
473 479
351 345
351 345
473 455
345 306
479 473
345 306
217 223
95 89
5 95
479 473
479 473
479 473
351 345
95 89
261 351
261 351
345 350
89 95
345 351
50 95
345 351
479 434
320 308
95 5
95 5
217 244
95 5
89 95
473 434
217 223
5 50
5 95
133 217
133 217
50 95
306 351
178 223
306 261
351 270
306 351
306 261
95 89
473 479
89 95
223 178
345 351
133 223
389 434
389 479
473 479
178 133
5 89
50 95
95 89
381 299
223 217
50 31
95 23
261 349
473 479
217 178
5 95
223 217
345 351
223 142
479 407
5 89
306 351
5 50
473 479
133 175
306 345
434 479
306 345
89 50
389 479
217 178
133 223
133 223
389 434
434 385
434 407
345 306
217 223
434 389
89 5
434 479
223 178
345 351
473 434
50 55
217 178
473 389
345 306
133 217
261 306
479 473
345 351
41 70
473 479
351 261
407 479
479 434
17 12
50 84
223 217
479 413
306 351
389 496
217 131
434 479
435 437
306 351
148 251
261 306
479 473
223 167
434 479
5 89
261 306
306 351
434 473
133 217
178 223
306 345
261 303
473 414
50 95
306 345
253 133
89 95
389 479
5 95
50 95
223 142
223 217
217 223
479 434
95 89
235 141
217 223
479 389
434 479
345 306
178 217
345 351
223 217
223 217
345 287
479 407
351 345
50 5
351 261
345 351
5 54
473 479
306 261
306 351
306 351
178 133
345 351
217 223
473 434
261 351
345 261
89 50
50 89
217 223
89 95
22 89
50 95
133 217
50 28
178 223
261 306
306 345
217 223
133 248
434 389
178 223
307 298
345 351
217 178
50 95
223 178
434 473
222 235
434 479
389 479
479 473
89 5
95 50
5 95
217 223
217 223
478 445
261 351
50 95
223 178
178 223
89 5
95 5
223 178
345 261
217 223
473 434
306 261
50 89
217 133
170 164
64 31
479 434
178 222
89 95
345 351
306 351
473 434
223 142
89 82
377 349
345 306
89 95
50 95
351 345
5 8
95 23
95 89
89 50
95 5
377 289
178 223
389 434
306 319
473 434
217 223
306 345
217 223
345 351
351 306
253 198
473 479
217 223
473 479
95 50
389 431
205 217
306 301
223 178
345 351
389 473
351 345
5 95
50 95
473 389
89 95
74 99
217 223
95 55
434 479
345 306
95 89
473 479
50 5
261 345
473 434
306 351
217 202
351 279
50 85
306 351
95 89
491 397
95 5
351 261
261 306
351 345
389 479
133 223
345 351
5 95
223 178
50 95
306 351
479 434
5 81
133 217
133 223
306 345
438 441
479 434
89 95
217 178
5 95
178 223
178 217
261 351
148 192
479 434
363 269
479 473
217 223
119 123
351 345
217 223
89 50
473 479
89 50
89 50
222 219
479 434
5 14
89 5
95 50
345 351
345 351
89 50
434 479
223 217
261 351
89 95
123 119
355 326
261 372
89 5
217 233
217 223
217 223
473 479
306 345
95 89
351 306
261 345
473 434
95 89
345 351
89 50
351 345
479 389
404 448
50 95
351 261
261 345
473 434
178 223
178 223
479 473
5 117
81 13
479 450
473 434
434 479
351 282
217 223
345 339
351 306
473 479
235 141
133 217
377 298
217 133
217 223
351 306
458 484
426 404
223 178
217 223
217 223
306 351
95 89
473 434
473 479
198 187
95 89
479 389
50 60
434 479
389 479
434 479
345 315
223 178
89 95
50 106
5 47
14 81
473 479
223 217
89 95
473 462
389 479
467 463
261 351
306 351
345 351
133 175
473 479
89 50
89 5
473 479
351 345
351 345
133 217
178 223
351 345
473 479
217 223
281 351
389 479
217 223
95 50
5 89
217 178
217 223
351 261
389 479
95 5
479 473
473 479
133 217
50 99
63 79
306 351
345 351
261 351
65 70
223 217
5 50
509 406
473 479
351 345
178 223
345 339
133 217
473 479
89 95
497 442
95 89
223 178
50 89
217 133
375 379
473 479
345 351
473 434
133 178
473 509
41 106
389 415
306 261
223 133
178 226
223 217
351 261
345 306
133 223
345 261
182 168
223 217
217 133
89 95
306 261
89 95
217 206
95 89
89 50
324 271
473 434
217 223
5 50
351 331
306 345
223 151
434 473
345 351
51 125
473 479
223 133
345 351
178 133
178 223
306 345
223 151
389 479
351 345
5 89
306 351
5 95
95 50
351 261
479 499
50 5
223 217
54 7
95 89
89 50
261 345
479 473
223 178
389 479
281 362
479 473
389 434
217 223
95 50
5 95
89 50
5 95
133 223
50 89
217 249
261 345
434 479
89 5
133 178
89 93
205 133
223 178
389 426
223 217
5 119
435 458
178 131
473 479
447 463
5 50
434 479
473 479
89 95
345 351
434 473
100 119
223 217
223 178
345 376
306 351
434 494
306 351
345 306
306 335
271 339
223 217
345 261
479 389
389 431
42 51
351 272
89 50
389 479
345 306
480 441
479 473
345 306
345 351
65 97
133 178
479 434
95 5
89 95
389 434
68 15
473 389
89 5
345 351
133 178
133 223
5 95
389 434
434 473
379 375
479 473
95 5
95 5
5 89
434 479
133 223
261 345
217 223
389 479
389 479
217 223
434 443
473 402
389 447
345 351
133 217
89 5
133 201
125 116
434 470
345 299
473 434
5 89
425 511
479 389
50 95
192 173
89 95
178 223
178 223
217 223
473 434
261 351
306 369
5 47
95 89
50 5
217 223
473 479
473 479
479 473
351 306
89 45
50 84
389 434
178 223
389 409
351 345
178 223
479 434
351 345
223 178
434 479
178 133
223 178
133 223
41 68
473 479
434 479
345 306
261 351
351 306
89 5
351 345
345 351
89 50
261 303
479 473
479 473
50 5
217 151
50 89
89 5
178 223
217 223
95 50
89 95
306 351
217 223
345 306
473 479
389 449
5 89
133 223
133 223
217 223
473 479
495 398
261 336
89 95
95 50
351 306
89 95
345 351
5 89
473 434
95 75
228 247
89 50
217 223
473 479
89 14
50 89
95 50
473 479
351 306
253 145
473 479
95 56
95 5
351 345
5 95
89 5
223 217
351 345
345 351
223 217
473 408
345 351
5 89
95 50
95 50
351 345
345 306
95 23
133 217
64 31
270 337
434 438
121 65
5 95
351 261
5 95
50 118
192 178
89 50
479 434
5 89
306 351
479 473
306 345
178 223
473 389
223 217
223 217
261 345
351 270
473 407
133 175
473 479
95 50
217 223
389 472
223 217
217 223
89 95
473 479
5 95
95 50
169 168
261 351
5 89
434 389
89 122
198 170
491 397
50 97
133 217
50 5
89 5
50 95
95 89
306 351
261 351
58 113
434 484
434 415
178 223
261 351
223 178
94 7
351 345
89 95
345 351
345 351
95 89
345 351
351 306
261 306
89 50
473 479
95 89
351 306
223 217
133 223
95 89
447 463
479 473
448 445
351 261
95 89
217 223
479 389
351 279
5 95
50 95
178 223
473 389
261 351
389 479
473 389
345 306
217 223
321 326
345 351
261 329
95 5
223 133
217 178
351 345
345 351
345 351
178 133
178 223
389 479
178 223
473 479
217 178
306 261
389 434
89 95
306 350
434 389
473 389
261 351
314 261
355 280
50 95
479 473
306 351
479 473
95 50
306 261
89 50
223 217
89 95
434 396
345 351
389 473
306 351
50 123
133 178
389 473
306 261
351 261
434 479
351 286
306 345
50 5
261 351
217 223
479 434
94 51
217 223
345 284
306 351
95 50
479 473
345 306
345 261
50 106
473 479
473 479
95 89
351 345
345 351
261 351
261 351
223 142
95 89
50 5
398 465
261 306
89 95
178 223
389 473
473 479
223 178
473 479
473 389
217 223
351 345
473 462
438 480
261 345
389 479
306 350
95 89
389 434
434 478
473 499
276 320
345 306
133 217
351 270
473 479
479 473
133 223
223 133
306 365
479 434
5 50
223 199
401 412
249 224
223 151
434 479
223 217
222 251
178 217
95 5
473 479
178 223
133 131
50 124
351 306
133 223
50 53
178 217
5 89
89 5
89 95
217 223
479 389
261 345
345 351
223 153
89 95
473 479
351 266
89 95
312 339
473 389
479 407
81 50
377 356
133 178
355 296
217 223
434 479
473 479
351 306
473 479
5 50
434 397
217 223
178 133
473 479
217 223
261 351
389 457
5 89
479 434
227 136
473 479
434 454
217 223
381 373
345 334
306 261
89 5
20 64
217 133
479 434
5 95
306 345
217 223
345 261
50 95
95 89
178 133
473 479
50 89
261 329
217 223
217 133
434 479
178 223
95 50
217 178
261 306
217 223
5 95
404 448
133 223
223 151
217 223
306 351
95 45
306 261
345 306
479 434
50 95
345 351
261 345
89 95
178 223
133 217
217 133
133 223
217 223
345 351
50 95
5 95
178 133
389 425
89 50
261 306
89 5
479 389
170 209
50 89
473 434
389 479
95 5
389 422
5 47
434 389
473 479
479 434
89 95
351 261
389 467
369 314
473 429
345 261
133 217
217 223
217 178
217 178
345 351
133 217
261 273
5 3
89 95
306 345
404 448
217 223
178 133
68 15
345 351
473 479
223 178
351 378
89 50
95 5
434 473
434 473
479 398
381 351
217 211
89 95
50 95
95 89
133 201
50 95
223 217
5 89
479 473
261 306
434 479
217 178
5 95
389 479
434 479
298 307
479 434
473 479
95 89
178 133
42 94
50 117
5 95
5 95
50 95
133 178
401 505
479 389
246 193
306 351
121 100
473 479
434 479
178 217
345 306
389 434
217 178
473 479
89 95
434 479
89 50
170 226
217 223
306 345
217 223
479 473
5 50
479 389
178 223
473 431
434 389
5 76
345 261
223 178
89 95
389 473
95 23
503 404
479 473
89 5
479 473
473 479
217 223
351 345
345 261
479 473
5 95
217 223
473 479
217 133
473 479
261 315
261 345
92 64
89 95
434 479
261 351
170 209
5 50
217 223
345 261
133 223
479 447
389 473
306 345
434 473
133 223
133 223
89 95
133 223
351 279
261 306
389 434
479 473
351 270
473 389
89 5
351 306
425 463
345 351
473 434
217 223
261 306
473 479
473 434
473 479
389 457
50 95
5 95
351 261
473 479
223 133
89 95
223 133
505 414
479 473
133 223
389 473
434 479
89 95
223 217
95 89
479 389
479 476
50 89
351 256
133 223
223 217
211 143
223 217
351 345
74 83
223 217
178 217
389 434
351 345
276 264
473 479
389 406
89 95
434 479
479 501
261 351
473 479
479 473
306 351
5 89
306 261
133 223
223 217
479 473
345 291
351 345
95 89
95 89
123 125
89 95
217 133
50 95
434 479
178 223
473 479
351 345
479 389
473 434
306 358
351 345
389 425
261 306
89 50
133 223
479 389
351 306
345 372
351 345
306 301
479 389
89 50
479 473
89 95
389 479
434 389
228 247
479 389
5 73
345 306
217 223
479 473
473 479
473 389
5 89
345 306
389 434
479 438
473 479
178 251
178 133
5 95
133 223
217 223
178 217
261 351
261 345
178 223
389 479
306 340
217 130
5 95
5 73
133 217
169 133
351 270
389 479
169 176
95 89
345 261
306 261
50 89
253 223
89 50
50 95
502 449
509 497
473 479
217 133
217 223
133 217
355 335
50 95
377 311
479 473
178 223
95 89
389 473
223 178
434 389
345 261
418 495
178 223
89 95
89 95
345 261
434 479
217 223
100 119
306 345
345 306
50 95
217 223
389 457
473 479
345 306
223 217
5 95
345 261
479 473
479 434
89 50
133 250
434 389
389 479
5 95
95 50
345 351
479 473
479 473
89 123
89 5
223 178
434 479
261 351
223 217
473 479
448 438
306 261
5 89
223 178
351 306
261 303
249 148
503 463
223 217
125 115
50 5
89 50
389 479
133 223
426 479
434 479
345 351
5 89
89 5
241 207
217 223
217 133
223 217
389 473
133 175
261 345
345 351
375 276
345 306
345 351
351 345
223 133
178 223
223 133
473 479
473 479
345 334
261 351
306 351
217 223
89 5
389 457
261 351
479 414
50 95
89 95
345 351
345 351
5 47
479 389
351 261
95 47
223 178
434 473
89 95
89 50
389 467
351 306
345 351
5 95
434 389
133 128
50 89
217 178
345 351
89 95
217 223
89 95
389 479
223 217
5 95
479 389
223 133
345 351
479 461
217 225
479 434
479 389
479 473
389 473
473 434
217 149
50 5
351 261
133 223
351 306
270 337
331 345
479 434
50 95
434 389
89 95
133 201
178 223
389 479
351 279
89 95
5 107
133 223
223 217
50 5
50 5
95 16
223 209
89 15
89 95
351 306
133 223
223 199
223 133
389 448
94 21
5 89
178 145
223 217
178 223
50 95
389 473
261 351
389 473
253 181
5 95
321 369
50 95
345 351
389 479
96 93
345 351
345 261
223 217
95 5
321 280
121 81
217 178
345 351
89 95
351 306
345 306
217 223
473 479
479 506
479 389
473 434
89 50
83 106
335 339
223 133
223 178
479 389
447 504
50 5
5 58
223 178
306 368
345 351
133 179
345 351
133 163
448 478
271 335
50 89
217 133
434 473
223 217
306 345
223 178
345 351
351 345
95 89
178 223
170 226
345 306
351 345
509 464
306 351
351 345
479 389
89 95
351 261
133 223
5 95
95 50
448 426
95 89
95 89
261 351
223 178
178 148
434 479
473 479
89 95
345 351
479 389
95 89
261 306
223 178
223 217
89 12
178 223
351 306
479 407
68 41
95 5
351 375
479 389
389 473
5 95
345 351
89 50
192 178
217 223
473 479
389 479
5 50
179 232
345 306
5 95
217 223
223 217
178 223
89 95
306 351
479 473
133 178
223 217
351 306
89 95
223 178
178 133
5 95
133 188
389 479
345 288
89 95
473 479
223 133
306 345
434 473
217 178
223 217
306 262
351 345
89 5
473 479
479 434
178 217
178 223
5 50
95 5
95 50
133 223
473 479
5 47
50 123
389 431
179 169
434 479
217 178
473 479
223 151
50 5
217 223
261 345
434 389
5 95
64 92
95 51
133 217
345 261
345 338
223 128
133 217
434 479
133 223
306 351
434 389
345 261
170 179
345 306
479 389
345 351
95 89
306 351
133 175
261 345
95 5
5 50
95 89
473 389
50 95
261 329
89 95
479 389
20 8
345 351
223 217
223 217
89 5
223 133
89 95
50 0
217 223
345 351
345 351
345 351
389 434
133 223
298 307
389 479
479 473
261 351
306 261
89 85
434 479
261 351
5 45
505 392
223 217
306 345
261 306
95 89
178 223
473 479
345 351
178 133
89 95
479 389
223 217
217 223
399 463
89 5
133 178
217 178
133 178
345 351
351 345
479 434
345 351
223 219
473 479
178 223
345 378
133 223
345 306
479 407
50 95
351 279
473 434
479 434
89 95
351 261
178 223
217 223
479 389
351 261
217 199
261 351
273 312
389 509
89 95
351 306
479 473
351 345
50 61
345 261
473 389
389 479
223 213
434 479
95 50
50 31
217 223
133 223
95 50
389 479
223 217
50 95
223 146
345 351
5 89
306 351
50 89
223 217
217 178
306 371
473 434
434 479
95 5
95 89
223 133
345 351
95 89
178 133
473 479
217 223
217 191
133 223
434 473
5 56
306 351
261 355
351 345
389 473
473 479
133 178
133 178
261 306
5 47
306 351
345 276
389 434
223 217
64 13
351 306
113 58
306 351
5 50
223 217
351 306
95 89
14 81
434 443
479 473
95 5
345 351
95 50
345 351
473 479
351 345
133 175
479 407
50 82
479 473
473 389
261 345
95 89
133 217
351 345
178 223
223 178
133 223
95 89
306 261
223 178
133 217
261 345
178 217
345 351
95 23
223 217
5 95
389 431
434 473
345 351
434 479
473 479
351 345
261 345
223 217
473 434
89 50
89 50
479 473
5 47
217 178
223 178
178 223
5 89
473 479
5 26
217 178
434 479
345 351
434 473
223 178
5 95
345 306
89 50
434 479
351 306
217 133
223 178
50 89
133 223
50 64
389 434
306 351
217 223
345 351
95 5
479 434
306 351
223 217
389 434
217 178
81 42
217 133
178 223
89 95
479 389
223 151
389 431
223 217
217 223
473 479
434 479
306 345
95 5
5 95
324 271
192 222
95 89
345 351
479 473
223 133
95 43
95 5
89 95
5 89
41 15
95 89
447 504
5 95
345 261
178 217
5 95
95 89
217 223
434 479
95 89
113 58
5 73
306 345
479 473
351 345
345 306
345 351
223 217
20 8
217 136
222 208
89 95
13 64
217 133
389 479
50 38
345 351
306 345
381 370
178 223
5 89
479 389
261 303
484 503
399 418
351 306
217 178
217 133
148 136
5 50
89 95
351 270
50 89
261 351
178 223
50 95
473 479
89 95
253 255
133 178
351 345
345 351
351 345
351 345
479 459
389 479
479 477
479 473
95 5
389 434
473 479
95 50
95 89
217 223
5 95
473 479
261 329
5 89
89 50
351 345
95 89
217 178
89 95
178 223
345 351
89 5
345 351
222 156
192 222
306 273
89 50
95 23
50 95
5 95
89 95
217 178
3 89
434 479
261 303
15 83
389 473
306 312
473 434
473 389
178 133
217 223
50 95
351 330
223 133
89 95
509 482
345 351
261 306
389 503
473 479
178 217
479 389
306 345
434 473
473 389
133 223
345 351
351 345
473 479
261 351
379 375
306 345
434 479
133 184
95 19
351 261
224 152
335 319
345 306
473 479
345 351
261 351
351 345
473 434
217 223
306 351
467 473
89 50
306 351
89 95
261 345
217 186
261 351
15 34
50 29
306 351
473 389
351 345
479 434
369 314
133 178
133 217
95 5
178 217
89 50
5 95
217 223
261 351
223 133
95 50
479 389
473 434
434 413
351 345
5 95
389 429
345 318
479 434
345 351
95 83
95 23
178 223
479 389
133 223
261 345
95 89
89 95
345 306
95 50
351 261
125 116
473 479
377 327
306 351
217 178
198 170
89 5
223 217
473 479
50 95
479 389
217 178
178 223
261 316
65 52
434 473
89 50
89 95
345 351
491 463
89 5
473 479
473 479
345 351
306 345
473 389
113 58
89 95
179 212
50 95
50 84
473 479
20 64
473 479
389 479
50 49
20 8
5 95
217 223
217 223
491 463
133 223
223 128
217 179
50 5
133 178
434 479
223 133
5 50
345 306
434 473
306 351
306 351
389 479
133 217
89 95
479 389
345 306
5 95
306 351
95 75
473 479
306 261
473 389
389 479
345 351
261 366
473 479
479 389
345 351
306 261
123 119
169 195
217 133
473 389
89 114
133 217
5 95
95 89
95 89
473 479
217 178
133 178
5 95
5 95
473 479
178 133
95 5
389 479
217 223
95 89
133 223
473 479
178 223
89 95
169 148
345 351
223 133
473 434
345 306
5 50
434 389
185 178
306 351
95 89
50 5
178 223
223 133
217 223
95 50
178 217
41 15
473 479
95 89
473 479
223 133
89 95
261 345
479 434
473 479
351 261
473 479
261 345
89 50
261 351
434 479
95 14
133 217
434 473
89 95
178 217
5 95
133 178
89 95
217 223
479 434
95 89
50 89
352 351
89 50
479 473
95 50
473 459
178 223
178 221
217 178
345 351
473 434
389 479
89 50
95 89
473 479
425 509
434 389
89 5
5 95
479 389
345 306
345 351
50 95
133 178
50 95
351 306
389 387
133 178
89 50
271 339
261 329
351 256
434 389
479 473
5 57
345 351
5 89
479 473
178 223
351 290
217 223
89 50
83 106
223 178
217 243
306 351
473 479
223 217
351 345
223 178
95 5
479 407
306 351
479 407
5 89
89 95
133 223
223 159
95 89
261 351
89 95
217 133
223 217
89 95
95 71
478 432
133 172
351 261
345 261
217 133
438 506
479 444
133 223
261 290
5 95
217 178
89 95
217 223
491 397
479 398
138 217
95 89
473 479
389 473
247 217
133 223
473 479
15 83
5 50
89 95
217 223
479 473
434 473
178 179
217 223
473 434
133 242
473 434
89 50
473 434
5 89
306 348
178 223
133 217
479 407
178 223
5 89
261 351
306 261
330 356
228 142
133 223
241 186
178 133
217 223
50 89
217 223
89 95
217 178
345 351
95 50
223 178
95 89
121 20
389 473
217 223
89 50
217 178
178 153
178 223
15 79
223 220
50 5
351 345
356 310
96 50
434 479
50 95
217 178
178 133
89 95
217 223
273 381
50 14
434 479
261 351
479 389
306 351
479 473
479 407
479 398
227 183
473 434
223 217
479 389
351 261
188 133
95 89
261 345
306 351
89 95
95 14
89 95
261 345
389 479
479 502
351 345
473 479
89 95
133 223
356 270
473 479
306 261
89 95
217 223
473 389
217 181
351 279
351 279
217 223
5 47
479 434
351 301
223 178
133 223
50 89
261 351
178 217
133 223
261 345
95 123
223 217
389 434
473 479
345 264
345 261
89 95
479 473
434 479
306 261
434 500
50 95
311 345
345 261
345 306
5 95
223 217
133 223
95 89
178 205
389 479
434 479
178 223
345 351
479 434
345 261
5 95
89 95
497 442
479 434
95 5
95 125
261 351
89 95
351 345
479 434
389 473
351 270
133 223
345 351
223 178
473 479
217 223
483 387
223 178
434 479
217 223
196 143
306 345
434 473
389 434
217 223
261 351
345 306
95 50
223 133
133 223
178 209
223 178
351 306
434 479
479 389
389 479
479 389
223 133
5 118
178 223
473 434
261 345
389 473
5 95
389 473
89 5
178 223
345 351
306 351
351 306
479 473
89 95
351 306
389 479
351 345
133 176
434 479
217 178
50 95
95 5
306 351
473 483
351 345
473 479
389 434
261 345
178 223
479 473
261 351
95 5
89 95
479 434
223 217
306 351
133 223
473 389
345 351
473 479
133 201
217 223
473 479
345 351
479 457
50 95
50 82
479 434
479 473
351 345
345 261
89 95
473 479
435 447
479 434
50 92
479 389
178 133
50 95
178 223
389 479
14 81
345 261
434 389
217 133
95 83
89 95
89 95
178 223
345 261
217 223
217 133
95 23
178 223
5 50
281 356
20 64
319 376
95 5
178 223
223 217
479 398
351 345
89 38
404 392
351 345
479 473
133 223
145 163
276 362
473 431
434 473
509 402
50 83
509 462
473 479
261 351
217 223
217 133
473 434
178 217
223 217
389 479
209 141
473 479
473 479
434 473
473 479
399 467
389 473
5 47
434 389
261 351
5 50
306 259
345 335
473 394
217 223
5 95
351 345
434 479
217 223
306 261
345 379
223 133
345 351
290 270
389 479
217 178
223 133
95 23
217 223
178 131
5 47
479 434
473 479
217 178
434 473
473 434
217 178
89 95
389 434
50 95
95 89
217 178
217 223
351 345
473 452
307 335
345 351
507 503
351 345
89 95
473 434
351 261
223 178
473 434
217 223
345 351
223 133
389 507
389 473
223 178
95 50
5 120
89 5
223 217
479 389
223 217
351 261
473 434
479 473
217 223
5 89
133 223
5 95
95 89
125 70
50 95
5 30
50 89
389 468
223 178
479 389
389 473
133 175
89 95
345 261
5 50
473 434
178 223
473 434
217 251
351 279
223 178
89 95
89 95
89 95
306 345
473 479
89 95
351 345
217 178
223 178
261 306
473 479
434 479
473 479
351 345
50 14
261 345
479 398
217 223
389 434
351 306
50 89
434 479
217 223
217 223
345 261
345 306
306 351
50 77
223 217
473 479
473 479
399 467
479 434
58 113
345 351
261 345
89 50
345 351
473 479
217 207
217 223
133 223
5 95
133 217
133 223
217 223
351 261
89 114
345 351
479 407
351 345
345 306
169 196
473 479
473 479
479 388
50 20
479 434
351 261
5 50
95 89
217 223
217 133
89 95
479 473
133 223
178 253
133 223
133 178
89 95
95 89
389 473
261 345
479 434
217 223
351 345
479 473
473 479
217 223
389 479
261 351
50 95
50 95
345 351
95 14
224 229
50 95
473 479
5 89
306 351
222 138
479 473
345 306
389 479
223 217
345 256
95 89
50 79
345 351
178 133
217 223
345 351
345 351
95 89
89 5
95 89
479 473
345 351
345 351
261 351
15 83
95 89
217 133
479 434
178 223
473 389
345 303
389 479
479 389
351 270
5 50
5 95
442 510
479 473
217 178
473 479
345 306
89 5
434 473
479 389
133 178
389 479
435 505
345 351
178 223
178 177
479 473
497 442
351 353
479 473
434 479
306 351
306 351
345 351
178 223
95 5
345 372
479 412
479 507
351 374
345 351
95 50
479 434
261 351
448 467
306 345
133 178
479 407
261 306
50 95
89 95
217 223
345 351
345 351
89 5
50 116
178 133
217 223
89 95
89 95
217 223
345 351
217 223
306 358
479 473
434 479
89 50
50 95
89 50
473 389
345 351
96 101
89 95
345 261
178 223
473 435
345 306
351 345
50 5
434 389
95 5
5 73
95 89
50 5
389 431
473 479
434 389
217 223
389 457
389 434
351 345
434 479
223 217
217 133
223 217
389 461
434 389
473 479
50 5
223 178
306 351
479 473
473 507
51 4
261 284
479 473
389 462
261 284
217 178
434 447
345 261
217 223
223 217
89 41
145 253
217 178
223 217
217 223
95 89
217 187
479 473
345 351
217 223
5 95
345 351
306 351
389 479
89 95
133 223
434 479
5 89
5 50
178 223
95 50
479 473
223 133
217 223
249 161
178 223
473 479
351 306
5 95
261 351
351 345
178 223
473 489
178 223
434 389
223 217
133 208
261 351
434 473
434 443
345 351
217 178
178 222
473 434
261 345
261 303
473 479
217 223
473 479
89 95
479 389
186 241
473 389
448 467
217 223
479 434
389 434
479 473
479 389
50 95
217 223
223 217
95 50
121 32
479 473
401 509
133 178
351 261
261 279
473 389
50 95
389 457
479 434
473 479
63 96
473 479
223 217
261 351
95 115
473 479
50 5
223 133
479 473
178 217
261 306
473 479
345 351
306 345
95 89
389 479
217 178
217 223
5 89
473 479
223 167
95 50
473 462
217 223
5 95
133 217
133 223
95 50
306 351
217 178
217 223
473 479
434 389
41 26
345 351
217 178
473 389
345 261
351 306
95 5
95 51
217 223
5 95
389 431
306 275
178 223
41 110
145 244
345 306
217 178
434 422
89 5
351 345
223 217
473 479
178 223
351 306
5 89
449 437
5 95
479 426
133 201
5 50
434 479
434 473
133 175
479 475
479 434
351 306
217 133
89 95
217 223
217 178
306 351
217 178
345 261
217 223
389 473
95 89
95 89
54 28
306 351
434 473
223 217
95 89
5 95
95 75
50 5
178 223
351 279
351 345
5 89
479 389
95 23
434 479
351 261
178 223
217 223
479 389
434 473
261 351
271 335
217 223
261 353
223 151
473 389
345 261
261 338
306 261
223 133
339 362
5 50
389 479
95 5
473 389
89 5
479 389
479 434
133 217
345 351
5 89
261 345
89 50
306 345
261 351
217 223
95 50
351 261
133 223
95 89
345 306
178 223
389 479
153 223
74 100
95 20
345 351
261 345
89 5
223 217
479 473
217 133
345 306
178 223
345 351
89 50
509 428
178 223
178 133
5 89
95 89
479 389
345 306
351 261
100 14
345 351
178 130
50 95
5 89
95 83
473 467
89 95
89 95
479 473
345 351
217 178
351 345
50 95
345 306
13 107
351 279
345 261
50 95
5 95
261 351
50 95
239 170
89 95
351 306
121 54
89 95
261 366
217 223
434 445
473 479
479 473
223 157
351 261
217 178
95 89
261 306
351 261
261 351
89 50
434 473
345 351
178 217
261 351
389 473
345 351
178 223
223 133
95 5
479 389
306 351
217 178
95 89
345 372
261 351
223 217
473 479
89 102
223 217
178 223
473 389
50 95
434 479
95 50
261 351
50 5
401 479
178 223
351 357
223 217
447 480
261 351
434 479
142 209
50 95
351 345
89 95
5 60
350 270
223 217
434 389
434 479
95 89
89 95
345 306
125 80
306 345
389 501
261 351
125 41
178 223
434 479
345 351
133 223
434 473
473 434
217 178
5 89
133 246
473 479
223 217
89 50
351 270
389 473
345 351
345 351
5 73
479 434
178 217
178 217
473 479
345 306
351 345
5 95
473 389
473 434
350 287
306 345
95 23
89 95
389 507
217 223
351 279
223 217
217 133
89 50
223 217
133 144
89 110
306 279
133 175
345 306
95 5
261 345
479 473
479 389
95 93
223 151
345 351
307 354
178 223
479 473
95 89
473 479
133 178
345 351
50 89
5 89
345 261
178 180
178 223
89 95
389 434
133 179
473 389
89 95
479 389
223 192
307 315
389 479
479 473
473 479
473 479
473 479
404 448
223 178
434 473
351 306
345 351
50 95
479 473
223 217
345 306
434 479
345 351
389 434
179 176
473 434
95 50
345 351
5 50
479 389
223 178
246 170
473 441
389 479
350 326
50 122
261 379
89 5
479 407
351 306
473 479
178 173
473 479
479 473
178 223
5 95
345 306
217 178
473 479
261 306
192 238
196 143
133 223
17 125
319 376
50 95
223 217
5 95
389 479
345 306
217 223
389 434
345 351
217 133
351 345
95 50
178 217
89 95
95 89
345 307
5 95
306 351
351 306
351 306
89 95
95 89
95 89
133 217
473 479
434 389
223 217
5 30
473 479
217 178
223 178
89 5
89 95
217 223
345 351
95 89
351 345
133 132
297 262
473 389
83 111
89 5
223 217
223 133
223 133
89 5
473 434
89 95
133 223
389 479
389 434
223 217
217 223
95 89
133 223
398 465
5 95
473 441
192 232
306 351
133 255
473 479
95 17
50 95
434 473
133 238
50 95
345 351
389 473
389 431
5 89
345 351
5 50
223 133
473 479
217 133
50 95
484 503
50 95
479 434
217 223
89 95
473 479
389 473
479 434
351 321
434 473
345 351
306 294
68 15
95 89
217 178
479 434
95 50
89 50
351 306
473 479
345 351
89 95
89 95
89 95
217 223
261 351
89 50
473 434
473 479
479 389
351 345
479 473
223 133
281 362
89 5
306 351
434 479
463 430
89 95
223 133
133 143
351 345
473 481
50 95
434 389
133 217
479 434
217 223
389 479
217 178
89 95
89 95
5 95
261 351
223 207
217 223
434 507
473 434
223 178
133 178
95 89
479 434
89 95
473 479
217 133
223 217
95 50
95 89
217 223
473 389
306 345
223 133
50 89
89 50
50 89
217 133
434 473
345 351
478 385
434 479
389 479
217 185
133 223
351 345
345 351
217 178
223 142
351 345
297 324
345 351
95 5
389 434
89 50
351 345
345 351
50 59
473 434
479 473
345 273
345 351
50 95
345 351
133 223
89 95
89 95
133 217
479 473
434 508
479 473
473 479
217 223
95 89
351 345
345 261
50 95
434 473
133 223
389 479
89 95
345 351
100 14
178 223
345 351
434 473
89 50
306 351
15 34
5 95
389 434
217 133
100 119
345 351
479 434
133 175
50 95
133 223
345 351
133 217
217 178
178 133
434 479
5 50
217 223
473 479
133 217
133 223
434 389
89 95
89 50
89 82
133 178
178 223
133 217
223 227
95 89
306 261
479 473
473 479
5 89
217 223
261 306
479 389
345 351
223 133
89 95
223 138
345 351
345 306
95 89
389 479
351 345
389 473
217 133
241 186
95 83
133 217
434 479
389 479
50 5
223 217
261 345
479 389
5 50
5 95
345 351
217 133
133 201
479 507
50 89
389 473
89 50
178 133
217 178
389 479
217 223
306 261
351 290
389 479
261 306
223 133
95 50
95 89
28 5
5 50
217 178
223 178
389 473
261 321
345 270
479 473
217 223
345 306
473 434
50 95
483 458
345 351
89 95
345 351
217 223
5 89
223 217
261 306
434 479
473 447
223 178
389 434
89 95
484 503
434 494
479 389
95 50
351 345
95 50
351 326
98 112
223 133
473 479
89 95
89 95
50 89
434 499
178 223
306 351
434 479
438 408
479 473
217 223
434 480
345 351
5 95
217 133
306 351
479 389
217 133
89 95
50 95
389 473
306 345
133 178
434 479
434 389
223 217
261 351
217 206
351 345
78 89
345 372
479 452
217 251
473 434
261 345
351 306
389 479
306 351
89 23
217 223
479 434
389 434
217 223
253 187
389 473
133 178
345 351
89 95
473 434
479 473
217 223
133 223
434 389
351 261
217 223
434 473
435 393
261 356
89 95
217 133
217 223
434 479
345 351
95 5
95 89
5 95
223 151
449 467
51 125
95 14
217 133
351 306
217 133
133 178
95 50
170 179
95 89
479 407
473 479
479 389
223 133
351 335
310 306
178 141
473 413
50 89
217 178
133 178
217 178
178 133
306 351
306 351
306 340
17 73
306 278
223 217
223 217
351 345
261 303
479 434
142 209
473 479
80 5
95 89
5 97
351 345
89 95
479 473
306 351
95 5
133 223
5 95
89 95
351 345
133 223
434 479
345 261
223 217
178 133
223 217
50 95
319 335
5 89
479 473
223 217
178 223
479 473
50 5
375 264
345 306
133 223
351 323
345 351
223 217
133 217
434 479
133 223
473 479
351 270
217 223
89 5
479 389
178 133
170 207
434 389
345 261
241 156
223 217
89 95
345 351
351 261
223 133
95 38
351 345
479 473
223 133
217 178
50 89
345 351
223 217
249 187
178 133
217 223
345 351
223 217
473 479
306 275
473 479
345 331
351 279
399 418
345 351
50 95
345 351
389 479
434 479
473 479
345 261
434 397
351 345
246 170
345 306
345 261
473 434
50 95
178 223
345 351
434 479
271 290
178 223
479 407
223 178
479 473
133 223
223 133
479 407
5 95
178 161
389 434
89 95
178 142
133 178
95 23
351 306
479 465
452 399
351 261
89 95
223 217
261 345
89 95
133 206
89 50
89 95
217 223
306 351
389 479
434 429
5 95
89 95
5 89
178 179
389 473
389 470
434 473
479 473
95 50
178 223
217 223
89 50
217 133
479 407
345 351
95 14
345 351
306 351
5 95
217 223
223 217
434 507
133 223
50 95
89 50
217 178
217 223
261 351
351 345
178 217
473 479
389 479
5 95
5 89
178 223
89 19
89 95
217 223
345 351
307 306
434 479
261 351
434 479
306 351
345 306
345 261
473 479
306 351
345 351
479 389
306 351
133 223
473 458
306 261
95 50
434 389
473 389
389 479
95 50
5 95
351 345
261 351
178 217
148 192
351 345
473 434
50 95
351 345
133 178
89 95
351 345
223 177
217 223
434 447
95 50
89 54
351 306
389 473
479 473
223 217
95 89
473 389
473 479
217 223
133 217
217 223
351 261
50 95
50 5
351 345
5 47
473 479
89 95
89 95
89 95
473 479
434 479
261 345
5 50
306 351
89 95
89 5
479 434
306 261
389 434
217 223
438 416
473 479
261 345
306 351
261 345
89 95
297 326
434 479
306 261
170 179
351 345
89 50
261 329
178 141
434 479
5 89
50 113
306 351
261 303
350 269
351 261
473 389
50 95
133 223
351 270
473 389
306 351
133 223
50 95
345 351
50 5
178 133
345 351
89 95
261 345
217 223
351 261
473 389
345 351
345 351
217 223
473 479
389 431
217 178
351 306
351 345
345 351
89 5
223 145
434 479
50 95
502 426
345 306
351 345
434 479
151 133
479 473
389 434
5 95
261 306
178 251
95 50
223 133
223 217
217 223
389 473
345 351
377 312
223 217
473 434
345 351
271 290
389 479
473 479
479 389
89 95
178 217
50 95
351 345
473 479
351 353
223 217
81 42
473 389
479 434
5 95
223 217
479 434
434 389
473 398
351 261
351 345
351 306
95 89
89 95
223 178
434 400
404 392
89 5
50 19
351 345
5 89
5 38
473 479
50 95
125 67
351 306
133 223
306 268
178 223
351 345
89 95
211 234
351 261
5 47
50 95
223 178
223 217
479 473
473 389
389 434
345 261
389 479
113 58
182 222
133 223
133 217
345 261
133 201
261 351
351 306
473 434
223 151
50 61
5 50
223 142
480 479
473 434
479 473
261 306
249 148
473 479
351 345
223 217
473 434
261 351
95 50
261 351
5 95
89 95
261 306
51 63
479 473
178 217
5 89
89 50
345 306
133 223
389 479
351 345
50 95
95 89
345 351
50 95
434 479
50 100
389 434
351 345
345 351
89 95
5 73
434 506
133 175
83 64
345 351
50 95
95 89
479 473
223 133
223 217
178 223
345 351
434 432
434 479
217 223
473 479
5 74
133 129
473 434
5 50
306 261
434 479
95 5
217 223
479 473
473 479
89 95
95 5
89 95
473 389
261 351
473 479
479 473
351 345
261 351
345 351
95 23
223 217
389 434
473 479
479 473
261 306
50 89
345 306
434 473
5 89
479 473
223 178
351 345
473 402
133 178
345 351
133 223
223 217
345 351
217 223
473 479
404 448
389 473
95 50
217 223
306 278
217 133
261 351
5 50
223 146
5 47
223 178
479 389
389 458
351 310
89 95
89 95
50 95
89 95
473 434
89 50
389 457
50 95
473 479
217 133
54 50
5 95
217 223
351 345
228 247
306 351
217 178
89 50
306 261
473 479
89 5
89 54
178 223
89 5
434 473
89 50
473 458
479 473
217 223
434 479
473 479
306 351
261 351
50 95
398 479
95 101
351 279
261 367
345 351
217 223
217 223
133 223
95 5
217 133
473 479
217 223
306 351
223 178
50 95
261 351
345 351
434 479
133 202
345 351
345 351
434 473
133 178
473 479
261 345
50 95
345 351
89 50
5 50
345 306
5 89
345 261
95 23
217 223
95 47
434 473
345 306
223 178
389 479
217 223
223 217
89 95
374 298
306 298
95 50
434 479
223 217
178 133
178 223
95 5
261 345
20 64
50 89
217 133
261 351
306 345
479 473
473 434
5 73
222 224
261 303
473 479
389 479
89 95
5 95
434 479
261 306
473 389
261 345
345 351
223 178
182 169
479 434
345 351
479 473
95 89
261 306
133 217
473 479
5 50
15 83
95 5
5 73
121 22
261 351
133 217
95 5
217 133
89 95
434 389
217 223
178 223
95 89
355 257
182 139
479 434
217 178
217 133
217 223
14 81
89 95
95 5
473 389
306 351
389 479
133 217
5 50
389 434
217 223
95 89
223 217
351 339
50 5
178 217
479 434
95 89
473 477
89 5
227 214
434 389
217 178
196 169
217 178
247 227
389 479
484 398
50 89
434 389
178 223
50 5
351 345
367 326
479 473
351 345
345 264
217 223
261 351
223 151
389 391
261 351
133 217
345 306
479 434
473 434
479 434
330 339
217 168
217 178
479 438
133 223
434 437
503 392
120 63
95 50
5 95
133 223
95 50
479 473
221 178
5 95
95 50
178 223
178 223
50 95
345 351
351 306
217 223
133 223
89 95
473 389
223 133
89 50
351 261
479 473
89 95
389 473
369 314
479 434
95 93
217 178
217 223
306 345
217 178
479 434
434 473
121 22
5 89
479 434
389 491
68 15
473 479
434 477
306 273
473 479
479 434
5 47
261 345
5 89
89 95
95 89
217 133
58 113
178 217
261 345
434 479
95 83
345 351
345 261
50 95
345 351
5 17
217 178
50 5
89 95
434 479
162 211
95 5
95 5
223 217
345 351
479 434
121 79
50 5
223 217
389 479
473 479
345 351
178 223
473 479
217 223
306 351
473 479
345 306
345 351
351 261
345 351
95 5
261 345
223 217
95 116
89 95
473 479
351 345
479 473
345 351
95 89
434 389
50 95
50 95
345 351
306 351
345 261
5 95
95 89
434 389
5 89
351 345
473 434
374 298
351 349
479 473
261 345
473 491
261 345
473 434
389 479
479 473
479 434
95 79
5 89
223 213
479 473
473 389
95 5
