512 10000
350 326
223 178
50 95
223 133
5 95
5 89
306 328
434 479
119 123
434 479
178 223
306 282
389 479
306 345
261 351
389 434
261 351
479 389
89 50
473 479
351 256
50 95
434 479
89 50
223 133
95 89
50 95
434 479
345 351
133 178
479 434
473 434
345 351
50 89
389 479
434 473
178 217
434 479
89 5
479 473
178 172
89 50
473 434
434 394
89 14
306 290
345 351
345 351
95 18
50 5
223 217
479 434
133 223
351 261
217 223
261 345
217 178
5 89
345 261
297 268
96 99
452 398
345 351
41 1
351 261
217 223
434 479
217 238
473 479
95 50
473 479
133 223
261 351
261 351
192 154
261 329
133 178
217 133
351 345
473 434
50 61
191 248
306 261
473 479
306 261
95 5
399 418
389 479
473 479
217 133
351 261
133 178
473 389
217 223
389 473
178 217
473 479
434 473
389 479
223 178
345 261
345 306
271 335
345 351
5 50
178 223
5 0
217 178
389 473
217 223
306 351
5 50
345 351
95 89
261 306
389 479
178 223
261 345
345 306
50 95
5 95
178 223
178 223
223 217
178 170
270 335
95 50
345 350
351 345
345 375
89 95
438 436
434 479
345 351
306 261
133 217
345 351
249 188
141 235
345 351
345 261
473 479
479 434
473 479
261 351
351 306
223 217
345 351
261 351
345 351
50 95
507 479
223 217
401 486
261 306
95 50
5 89
50 95
178 241
89 95
306 373
479 473
473 479
217 178
389 479
479 434
389 473
178 223
95 89
217 223
50 5
434 479
5 50
261 306
261 351
351 345
261 327
133 223
389 434
217 201
95 117
223 178
351 349
95 5
473 479
133 234
133 223
306 351
345 351
5 89
50 89
113 58
434 473
223 133
89 95
223 217
306 351
217 178
351 345
178 219
178 217
345 351
217 178
345 351
345 351
306 345
467 399
89 95
89 95
50 95
389 397
345 351
345 351
133 223
434 479
89 50
473 479
479 473
217 223
351 345
217 223
178 223
89 51
217 223
170 179
95 50
473 389
89 95
351 345
89 5
354 306
223 217
389 473
434 473
223 178
389 479
178 223
479 473
13 64
223 178
217 223
5 95
345 306
306 345
223 178
389 473
217 223
217 223
345 268
306 345
479 473
434 479
345 351
95 89
17 125
95 89
491 397
228 247
376 298
217 223
217 133
473 479
217 170
133 178
306 351
217 223
50 95
89 95
345 306
50 123
389 479
89 95
306 261
178 217
345 351
473 479
314 369
261 351
5 50
473 479
89 95
133 217
345 351
5 118
306 351
350 322
297 261
217 223
345 306
306 319
95 5
479 434
345 326
345 351
223 133
89 95
355 305
350 316
473 479
351 345
276 320
95 14
479 434
223 217
192 211
223 133
36 89
479 389
345 351
345 351
434 389
306 351
473 479
178 136
434 401
223 133
306 353
297 324
351 306
223 217
351 306
434 479
89 95
178 223
479 389
5 95
217 223
5 50
389 434
345 306
473 479
389 479
5 95
473 479
261 351
217 223
89 95
89 95
434 479
473 459
306 294
95 89
473 479
473 479
345 264
351 345
351 345
345 306
50 95
95 50
473 463
351 345
50 10
479 434
473 479
223 151
261 351
389 479
89 50
95 89
389 473
389 473
223 217
345 261
473 503
243 217
5 95
169 177
473 479
434 473
95 71
133 223
5 95
473 389
473 479
381 290
473 479
261 351
95 14
178 217
479 392
95 50
261 306
217 223
217 173
178 223
95 14
306 345
217 223
261 345
479 398
217 223
479 473
473 389
351 345
351 345
473 432
178 217
217 140
509 483
479 473
217 223
50 95
389 434
5 50
261 345
223 217
217 223
479 473
434 473
178 223
95 50
434 389
89 50
223 178
351 306
50 5
169 196
95 89
351 345
473 479
389 473
479 434
306 261
89 95
223 178
217 223
351 306
389 473
133 178
449 502
5 95
223 217
479 389
89 95
217 178
50 95
434 479
89 5
178 223
223 151
448 504
351 345
89 95
133 223
389 434
351 306
32 74
89 50
5 50
89 95
50 95
473 434
434 479
223 178
223 178
89 50
133 223
261 351
261 351
133 223
178 223
89 5
345 261
306 351
479 434
5 95
98 17
95 89
306 345
473 389
95 89
473 479
223 217
148 192
217 178
306 345
345 351
50 95
217 223
217 223
217 223
148 192
306 345
95 89
261 351
95 89
89 95
95 89
5 95
223 142
261 349
306 261
89 95
89 21
345 351
320 342
389 473
345 261
217 223
217 223
223 142
50 95
434 473
479 473
95 89
473 434
5 50
89 95
89 96
133 223
345 351
178 133
5 50
345 261
261 351
15 34
434 479
178 223
13 107
89 95
178 223
133 178
261 351
345 351
217 178
473 459
50 95
95 50
473 434
89 95
434 479
351 345
261 351
95 94
434 507
306 351
473 434
228 133
306 312
217 178
133 223
50 95
223 217
479 502
178 223
178 223
95 89
345 306
217 223
89 95
95 89
297 370
345 351
389 434
473 389
50 89
89 41
479 389
95 89
351 279
178 223
351 345
473 479
345 306
178 223
235 141
345 306
345 306
307 317
217 178
389 457
89 95
473 389
196 142
5 50
50 17
473 479
217 223
95 5
351 345
434 466
217 133
89 95
345 351
434 389
345 351
306 261
133 178
479 434
89 95
133 223
5 1
178 133
345 351
50 95
345 282
306 345
178 217
473 389
95 89
223 250
473 479
261 345
345 351
345 276
306 351
64 79
133 178
271 290
223 217
217 149
434 479
223 217
89 50
261 351
133 217
389 479
389 473
345 351
434 479
434 479
389 431
217 133
50 63
473 479
223 217
306 351
351 345
95 50
217 178
50 89
473 479
217 178
178 223
133 141
217 223
95 5
5 95
227 251
223 178
5 17
5 95
50 95
133 223
434 479
389 434
89 50
473 479
89 95
89 95
95 50
95 89
261 327
473 489
351 345
345 351
89 95
178 223
306 345
5 89
178 133
95 123
306 261
261 270
5 89
217 223
89 95
133 178
178 208
223 217
64 62
89 50
356 270
479 473
217 223
5 89
223 217
345 306
479 473
434 420
351 345
196 143
473 434
389 473
351 345
351 345
95 5
89 10
89 95
261 351
351 345
5 95
178 217
89 95
89 95
434 479
95 50
479 472
223 133
345 351
443 434
50 89
5 95
306 351
95 89
89 95
479 389
50 95
479 434
95 5
223 217
479 434
479 434
178 223
306 345
178 223
217 223
50 95
389 473
479 434
133 223
223 217
261 351
228 247
404 392
473 434
223 133
345 351
306 345
425 468
351 345
217 133
351 306
261 351
50 95
434 479
95 89
434 483
95 5
133 223
479 434
351 279
89 95
223 217
217 223
145 232
89 95
479 434
351 261
89 95
473 389
306 351
345 261
5 50
79 83
401 443
223 217
273 317
133 223
324 297
351 306
178 133
479 473
473 434
217 223
217 223
473 479
5 95
306 345
95 50
398 465
182 131
89 95
5 95
95 89
473 479
89 95
479 434
434 473
473 479
473 479
479 473
133 178
223 217
351 345
448 467
479 389
434 479
133 178
5 89
217 223
479 473
261 351
89 50
89 5
345 351
95 89
223 217
306 351
178 223
178 223
50 95
473 479
345 351
389 407
89 95
345 351
306 351
306 351
434 473
306 351
345 261
473 479
479 434
95 89
89 5
345 261
261 264
479 473
89 5
217 223
479 473
95 50
50 5
50 89
434 479
5 95
89 95
306 351
261 351
261 351
306 351
473 434
89 50
434 430
479 389
54 83
89 111
473 479
473 479
434 389
442 463
191 248
351 345
133 223
217 223
479 473
389 473
223 178
473 479
389 473
89 95
50 17
95 89
479 473
434 479
133 223
345 351
89 95
217 178
345 306
345 351
198 187
5 95
345 306
261 355
351 345
345 261
351 306
345 306
351 345
178 223
217 223
502 397
223 217
261 351
345 351
345 306
63 96
345 351
473 434
345 351
133 178
306 351
306 261
95 89
306 351
345 375
89 95
223 142
345 261
217 178
473 479
5 47
345 351
473 434
178 223
389 479
143 162
50 89
5 50
261 351
306 351
426 435
95 89
95 50
345 351
89 95
363 269
351 306
306 345
223 133
351 345
320 361
89 5
479 434
351 261
223 133
473 389
473 389
217 178
217 223
306 345
351 345
217 223
96 57
178 223
473 476
306 345
133 223
133 217
479 473
89 95
345 306
389 434
389 479
434 389
223 208
345 274
351 261
89 95
473 479
389 434
306 351
89 50
345 351
479 389
306 351
312 290
355 338
306 351
179 170
178 217
223 217
473 479
389 479
473 479
223 142
479 389
89 5
381 299
479 473
389 479
473 467
89 95
261 329
351 345
261 320
217 133
253 149
95 89
351 261
473 479
217 223
473 434
217 223
178 217
89 5
389 473
261 329
434 479
5 95
399 418
261 351
389 473
217 178
95 89
306 345
473 479
351 345
50 95
345 261
479 434
5 50
217 223
473 389
133 175
389 479
306 345
223 178
178 223
389 473
261 351
389 479
89 54
261 351
306 273
351 306
351 345
50 95
89 95
50 95
89 95
345 351
223 217
178 217
345 351
389 479
89 50
351 345
479 473
178 133
479 445
389 434
178 217
15 83
89 95
5 45
223 217
306 340
217 178
473 434
95 110
207 191
261 345
89 95
479 389
133 223
95 5
479 473
261 351
404 448
89 50
351 279
50 46
54 84
261 306
5 95
306 351
473 434
345 351
217 223
223 217
223 217
95 89
89 95
389 479
178 133
50 95
389 473
345 351
434 389
351 261
50 89
473 435
473 479
5 95
434 389
64 91
351 345
246 193
473 479
345 261
473 479
434 479
5 95
223 133
479 394
95 50
95 14
95 50
473 389
223 133
389 479
479 389
473 479
50 5
217 223
306 261
178 243
479 434
50 95
345 306
345 351
351 345
223 217
473 479
95 89
223 251
217 223
89 95
351 345
389 438
100 14
133 223
389 473
89 18
89 1
5 89
217 133
389 434
350 318
113 23
223 217
352 363
479 473
261 351
434 479
479 398
479 389
389 479
89 95
306 261
345 351
351 345
306 353
345 306
479 434
345 306
133 223
345 351
217 223
261 351
95 50
217 223
95 20
223 217
389 473
217 178
133 217
95 5
345 261
50 122
473 434
479 473
502 426
50 95
217 223
351 261
479 434
345 351
473 389
5 95
473 389
434 479
89 95
389 479
133 222
50 95
351 345
5 73
217 133
374 321
178 223
473 479
217 178
95 89
473 479
133 192
399 467
261 351
89 50
95 89
324 297
246 193
217 178
89 95
389 479
5 50
178 131
473 479
89 95
5 89
398 389
223 182
89 95
479 389
224 207
5 122
133 223
473 434
261 351
89 50
5 95
217 133
306 351
345 351
351 345
416 482
217 133
5 95
217 133
95 50
479 473
223 253
5 110
473 479
389 410
261 351
306 378
223 178
89 95
143 211
351 345
133 223
223 217
351 261
50 89
95 89
306 261
162 239
345 351
351 306
95 14
50 95
479 389
434 473
345 306
263 350
217 178
345 351
345 306
89 95
434 440
351 261
306 351
89 31
473 434
223 217
479 473
178 166
345 351
389 473
89 5
306 351
261 351
95 89
389 479
89 95
473 447
306 351
89 50
50 5
473 389
434 479
261 345
473 479
351 374
95 50
261 351
345 351
351 345
5 89
89 50
223 217
217 223
217 178
89 95
133 182
473 479
50 89
217 134
473 479
89 95
217 223
351 261
217 223
261 351
345 351
178 223
345 351
133 178
50 95
89 95
5 89
223 178
89 95
223 217
5 50
473 434
50 95
261 306
50 89
89 95
217 223
261 329
95 50
306 351
89 95
345 266
306 303
133 223
96 52
133 178
182 129
473 431
479 504
261 345
178 217
20 121
5 95
389 473
133 138
345 351
473 479
133 217
473 479
261 351
178 250
89 95
434 389
345 306
345 351
50 95
351 261
95 89
389 434
434 473
217 223
89 60
89 50
223 217
381 318
217 223
389 434
345 351
5 50
121 117
473 479
389 479
345 306
270 337
95 83
5 56
133 223
389 434
51 1
306 379
196 169
178 148
479 389
345 261
223 133
473 434
479 473
89 95
133 175
241 178
89 95
235 141
50 5
5 50
95 50
223 133
95 89
261 351
89 5
473 479
473 389
50 5
345 351
178 223
133 201
479 463
5 50
479 473
479 473
473 506
217 133
95 89
473 479
5 56
389 464
345 351
89 95
95 89
477 483
389 479
351 306
50 95
178 223
217 223
227 203
217 223
434 479
306 351
217 223
5 89
89 95
178 217
50 95
473 422
89 50
307 339
351 306
434 479
261 351
435 400
261 351
223 142
217 133
223 178
261 329
473 434
95 89
345 306
351 350
89 95
351 261
434 389
473 479
217 133
223 133
217 133
178 133
351 306
217 223
261 351
351 345
89 41
223 217
223 133
50 95
5 95
389 465
345 351
223 217
50 95
95 23
261 306
223 203
479 473
95 89
223 133
223 178
50 95
95 23
223 133
261 345
89 50
345 351
351 345
133 217
217 178
178 217
345 306
223 133
5 89
473 434
133 196
14 81
261 345
133 178
401 481
351 345
473 429
89 95
261 363
351 345
223 217
5 50
95 5
306 261
434 479
133 223
351 345
473 434
217 223
479 434
217 178
434 479
473 479
439 483
473 479
389 473
261 345
217 133
261 306
434 479
95 5
178 217
473 389
306 345
5 17
223 178
95 5
479 473
434 479
479 473
89 95
223 217
473 479
50 5
89 95
41 36
351 306
89 95
351 306
324 271
345 306
389 434
479 389
276 320
479 434
434 479
261 351
345 351
89 95
178 223
95 89
345 351
307 319
447 504
473 389
50 3
223 133
178 223
50 95
434 479
89 95
133 223
479 434
261 351
5 95
133 223
345 306
133 223
345 351
479 473
261 336
95 89
345 351
178 217
473 434
95 5
434 473
217 178
312 261
345 351
217 178
351 261
143 207
435 426
345 351
89 95
5 95
89 95
223 217
223 133
178 217
217 223
133 178
5 95
136 192
5 89
495 454
261 299
473 389
389 434
178 223
89 95
351 345
261 351
434 479
261 306
479 398
345 306
170 179
479 434
389 479
345 351
223 217
345 351
89 95
50 95
50 95
473 479
345 306
434 479
434 428
434 479
389 479
306 351
95 89
223 187
434 479
89 68
434 479
223 178
484 503
479 401
50 95
217 223
479 434
133 217
389 434
178 255
133 201
479 434
25 95
223 217
345 306
223 217
50 89
217 133
95 89
178 223
351 306
479 389
5 95
306 330
217 230
217 133
133 248
306 261
345 351
95 89
434 479
351 345
389 434
434 479
50 89
261 351
133 223
479 473
479 398
351 306
223 133
306 351
223 151
261 351
89 5
178 247
223 158
389 473
89 95
89 57
223 151
479 434
95 5
345 355
479 434
363 269
351 261
479 446
473 479
434 389
306 351
89 45
89 95
351 261
324 271
401 464
133 223
89 95
17 125
89 95
345 351
211 142
178 133
50 95
5 73
479 434
434 473
473 443
345 261
351 261
178 223
89 50
261 351
50 95
425 452
345 351
223 178
434 502
217 178
5 95
345 261
89 50
261 351
5 89
217 223
89 95
503 483
306 351
473 479
351 345
133 223
479 389
95 5
345 306
345 306
89 110
5 95
89 95
306 345
133 223
310 351
473 384
5 89
473 479
217 178
473 389
5 89
276 345
217 223
223 217
434 473
223 133
351 345
89 95
434 473
5 47
5 95
434 479
345 351
20 64
261 345
89 50
306 348
261 345
89 50
345 261
217 223
89 92
479 473
404 392
223 178
223 151
50 95
351 345
50 95
414 479
5 50
89 95
306 351
389 479
95 89
51 64
326 298
133 223
473 479
5 89
306 351
89 95
89 5
95 14
89 95
89 95
479 473
217 223
479 434
178 133
133 217
306 331
223 217
89 95
434 389
351 345
261 306
473 479
434 479
345 340
5 89
95 23
89 95
261 351
95 79
89 50
104 54
192 247
133 175
261 345
178 133
178 223
89 95
95 89
350 311
389 467
434 467
345 261
217 178
178 217
143 162
479 426
223 178
178 133
261 351
50 5
5 50
89 95
345 306
483 440
133 175
223 151
351 345
223 217
306 351
89 95
345 351
133 223
95 5
389 479
95 89
133 223
261 306
50 95
434 479
217 223
434 431
217 223
351 306
5 95
89 50
479 473
95 23
95 89
345 351
217 223
178 223
345 276
253 136
473 479
434 479
473 479
50 30
223 217
434 479
306 351
389 473
217 223
351 261
223 133
361 345
178 223
253 223
223 151
351 261
261 345
351 345
345 351
223 217
345 351
261 306
479 434
351 303
133 178
351 270
89 50
178 223
306 351
345 351
389 473
133 223
473 479
89 65
306 351
389 431
5 89
306 351
473 434
133 201
89 95
345 351
217 223
479 389
208 145
345 351
89 95
473 389
178 145
89 95
89 50
5 89
50 95
479 473
345 306
223 217
5 50
5 95
261 306
473 479
345 351
133 178
345 351
479 473
5 50
133 217
223 133
434 473
133 178
434 479
89 95
217 178
416 458
473 479
217 223
51 42
261 345
5 95
473 479
89 95
217 223
345 306
5 95
5 89
351 345
133 154
389 479
434 390
133 223
50 89
217 223
351 345
133 223
5 89
223 133
217 223
95 5
473 479
133 175
473 479
473 389
95 89
5 95
223 173
306 351
89 50
261 306
217 223
434 479
261 351
125 21
217 223
142 209
377 261
261 306
351 270
351 306
261 306
89 95
345 306
95 101
178 223
217 223
106 25
306 351
473 479
89 95
473 479
64 60
473 479
223 133
196 143
320 256
447 504
217 170
345 351
223 178
306 351
479 407
223 133
89 5
479 434
261 345
89 95
89 74
389 479
89 95
95 89
5 89
261 267
389 479
5 89
178 180
89 5
223 133
473 479
169 240
306 345
465 426
434 473
389 479
479 473
503 438
178 217
434 479
96 22
217 223
133 175
479 389
479 473
223 217
217 178
473 479
89 83
434 389
89 5
95 89
178 223
351 306
178 223
434 473
95 5
351 279
217 223
178 223
217 223
95 50
351 270
42 51
89 95
217 178
217 223
351 373
5 89
306 351
95 89
479 473
223 133
133 223
351 261
479 389
5 95
95 89
473 479
95 47
261 339
306 351
5 50
89 95
261 351
95 14
223 217
50 10
306 268
5 95
434 389
351 261
178 133
89 95
306 351
5 50
178 223
5 50
133 223
345 261
345 261
178 217
95 89
217 223
483 466
5 95
306 383
133 164
473 479
479 473
345 351
95 89
5 89
217 223
5 95
351 261
389 457
217 223
345 371
473 479
473 479
95 89
389 431
261 351
345 306
50 17
389 434
389 434
217 223
5 110
94 98
133 201
473 479
223 133
351 345
504 500
389 479
473 479
310 304
217 223
473 479
473 429
345 351
217 178
133 223
345 351
345 351
178 217
178 199
351 345
434 479
351 345
50 95
223 217
479 473
479 389
170 179
89 60
217 223
125 67
473 479
217 223
95 5
89 22
306 326
89 95
473 479
351 327
330 356
479 473
389 473
351 345
223 133
178 223
505 426
473 434
145 208
178 133
434 479
389 479
223 178
182 169
95 50
223 217
95 89
345 351
217 223
479 398
50 5
434 479
89 63
261 351
217 223
217 223
306 351
389 473
473 434
345 261
351 261
94 89
473 479
261 306
133 178
217 133
223 178
351 345
345 351
5 50
178 133
389 479
261 351
351 345
178 223
170 179
224 150
434 479
351 306
223 178
133 178
345 306
345 351
345 306
345 351
306 351
89 123
389 473
345 351
223 178
89 50
345 306
351 261
434 473
223 178
95 89
223 151
351 306
217 250
306 261
306 351
5 95
89 95
89 93
133 175
133 217
479 434
249 248
479 389
345 351
473 479
50 95
479 473
253 164
249 136
473 486
133 217
95 14
306 351
473 479
223 180
389 495
223 217
178 223
50 89
217 223
351 372
217 133
95 50
89 95
223 133
95 50
133 178
473 389
223 178
351 345
389 473
217 223
223 133
5 76
389 473
217 150
95 14
351 270
351 345
351 279
89 5
89 5
89 95
351 345
133 223
345 351
310 306
345 306
217 223
178 223
50 95
178 217
479 501
95 5
434 423
133 178
345 297
434 418
306 261
434 479
434 479
306 351
351 306
389 473
261 306
351 306
345 351
389 479
389 479
345 351
434 479
95 50
306 345
50 95
50 127
50 89
438 395
223 217
351 345
261 303
345 306
434 389
223 217
133 175
261 307
473 434
434 479
133 223
223 217
345 351
89 95
479 473
434 423
89 50
95 50
217 223
261 351
178 198
434 479
89 95
404 392
398 465
434 479
178 217
467 509
261 306
261 351
178 223
95 50
223 217
261 345
351 261
217 223
223 217
479 473
50 95
217 223
345 261
479 434
435 440
178 223
261 351
505 444
217 223
223 178
133 223
223 194
89 50
351 345
479 473
434 389
473 389
434 389
345 351
434 479
217 223
89 47
261 351
473 479
217 178
306 351
337 339
473 479
178 205
89 5
434 479
389 434
217 133
217 133
434 479
217 133
351 261
473 479
345 351
89 50
89 95
133 217
95 50
179 189
351 313
479 398
434 418
434 389
389 414
345 351
345 279
223 178
133 201
223 217
345 351
434 473
306 351
133 217
50 95
50 95
434 479
89 50
345 351
473 389
473 389
95 50
223 133
89 95
95 89
217 133
345 351
448 385
479 483
345 261
178 217
5 95
483 496
223 178
434 479
133 223
389 473
50 95
89 20
178 217
389 479
223 211
261 351
217 223
345 351
261 351
389 473
50 82
217 133
345 351
178 217
50 95
223 178
217 223
306 345
306 333
345 351
50 89
261 351
473 479
261 351
473 479
50 89
5 89
473 479
363 324
261 306
95 89
95 23
217 223
261 303
389 404
473 479
95 5
345 351
217 223
345 306
217 223
217 223
217 223
89 50
95 89
473 479
50 5
223 217
306 351
89 95
473 389
345 351
473 479
345 351
50 95
5 20
351 306
452 398
178 193
5 50
217 133
217 223
434 479
217 133
178 223
95 89
133 175
178 223
217 223
178 223
178 188
345 351
217 223
223 133
351 345
306 351
178 223
223 217
89 95
5 50
193 163
223 217
50 95
50 95
50 89
89 95
192 179
133 217
95 89
345 306
133 223
217 223
473 479
217 223
133 217
113 58
50 95
217 178
95 89
434 473
50 15
95 89
399 467
217 178
473 389
5 73
473 434
261 372
223 217
235 141
5 50
306 351
251 247
224 204
261 329
89 50
362 326
133 211
217 223
306 351
178 223
228 142
178 217
479 434
345 351
261 306
89 50
345 261
223 178
389 479
89 95
217 223
345 351
217 223
434 479
223 217
306 351
306 351
223 217
95 5
479 434
63 120
133 211
345 351
95 94
389 434
434 479
217 223
351 286
223 217
95 5
89 5
261 351
178 223
89 95
223 133
50 5
479 434
345 351
5 95
89 95
261 371
479 434
178 223
5 89
89 50
223 217
89 5
473 434
50 95
217 209
306 345
223 229
133 223
95 89
178 133
351 345
351 270
434 473
306 275
261 351
95 89
345 306
345 306
223 217
473 479
389 479
217 187
479 473
448 440
261 306
5 89
5 89
89 14
261 351
473 479
223 217
178 223
473 479
50 89
389 473
389 473
345 306
89 95
261 306
473 479
345 356
473 479
479 402
89 95
479 398
261 345
217 133
479 478
345 351
389 457
473 389
261 351
217 223
473 479
223 151
310 265
306 331
479 407
89 95
261 306
473 479
345 351
345 351
95 50
95 89
479 389
479 398
5 47
306 351
5 95
217 223
89 95
223 178
223 217
24 58
261 345
89 18
223 133
83 106
351 306
50 5
178 217
434 476
5 50
50 5
389 479
434 479
217 223
50 124
5 95
95 5
95 89
95 50
89 5
95 50
345 351
473 387
434 479
34 15
479 407
217 178
479 473
217 223
223 133
217 223
261 351
434 479
50 95
261 351
95 89
473 389
479 473
473 424
351 345
50 95
351 306
389 473
217 223
261 306
473 491
89 5
99 52
351 261
5 120
217 223
133 223
345 306
95 5
345 261
389 434
479 473
261 345
133 217
479 434
89 95
261 306
95 89
133 223
217 133
178 223
261 366
196 143
297 324
178 166
351 341
345 351
351 306
229 217
89 95
389 434
261 306
178 217
473 389
50 89
261 315
95 5
351 345
434 479
389 455
5 73
143 211
95 89
217 223
95 89
95 89
479 407
345 351
89 95
306 351
351 345
473 479
223 217
351 279
434 479
50 95
306 261
389 479
345 310
227 210
351 261
479 473
170 209
178 223
89 95
345 351
279 261
473 434
473 434
223 217
217 223
389 434
89 95
389 457
89 95
89 115
253 187
306 286
479 431
473 479
50 5
133 223
345 306
479 389
223 217
95 23
133 223
345 351
434 507
89 95
473 479
479 473
178 217
351 261
345 351
261 351
178 223
223 217
148 251
434 479
79 83
473 479
217 223
223 178
306 345
133 223
473 389
345 351
479 473
389 473
89 50
217 223
473 434
217 158
345 351
178 223
479 473
217 223
95 89
217 223
95 50
223 178
261 345
217 223
89 5
306 351
351 306
473 389
473 479
306 351
223 151
89 95
191 207
480 400
5 89
351 306
95 14
473 434
351 345
389 473
133 223
473 389
345 351
249 139
336 261
479 473
178 223
217 223
133 217
473 479
89 95
95 5
223 178
118 42
89 50
473 479
178 223
345 261
389 479
5 50
50 95
261 329
89 5
473 479
479 426
345 351
479 434
5 36
345 261
50 39
217 223
5 95
133 148
95 89
178 223
211 207
89 95
217 223
178 221
5 95
217 223
389 479
261 351
473 479
133 179
142 209
345 261
95 89
389 473
178 170
217 223
351 261
479 473
345 351
473 434
473 497
479 389
217 223
479 434
89 95
217 158
133 223
217 178
345 351
5 89
389 479
223 133
306 339
306 345
89 78
434 479
261 345
351 306
389 473
351 345
5 95
351 306
223 217
261 303
473 434
50 89
178 223
473 389
306 273
389 434
473 479
89 95
306 351
345 306
473 479
89 84
479 443
345 261
306 345
178 217
95 89
261 351
178 223
133 223
345 351
217 223
306 261
479 473
479 473
217 146
389 431
89 95
89 50
479 389
89 95
89 50
95 50
273 272
217 178
5 95
434 479
345 306
182 151
438 473
223 178
261 345
133 226
351 306
473 479
389 473
351 345
351 345
319 376
345 327
50 95
261 345
95 50
389 479
133 178
178 225
473 434
95 23
345 351
217 223
345 351
473 434
50 95
217 239
178 196
50 89
50 24
5 89
479 414
89 95
89 95
89 50
479 473
89 95
473 479
306 327
389 479
95 89
178 223
345 351
351 345
125 63
261 306
89 21
5 95
95 89
95 5
223 217
261 351
217 133
223 178
133 223
95 14
223 217
95 5
217 223
223 217
389 473
81 42
178 223
389 479
479 434
507 463
479 434
217 225
133 217
351 345
223 151
217 223
217 223
363 324
345 351
95 5
351 345
434 409
133 178
479 434
89 95
389 434
434 479
473 479
217 223
389 479
351 261
223 142
434 473
473 479
5 50
389 434
217 145
178 223
217 223
479 473
217 212
479 434
223 178
351 261
306 351
89 95
473 479
345 261
473 479
223 217
217 223
50 95
345 351
95 0
5 47
306 351
473 479
178 217
434 473
465 426
479 434
95 89
5 95
270 337
473 479
351 345
217 133
345 351
5 95
389 423
479 473
89 95
217 223
223 178
89 5
89 95
5 94
306 342
89 95
50 5
178 223
223 217
351 306
228 142
217 206
227 175
5 52
389 479
473 389
306 357
217 223
95 50
217 223
363 376
351 345
217 223
133 136
89 95
351 345
5 47
351 279
217 136
178 223
434 389
133 223
133 223
217 178
479 473
50 95
217 133
473 479
479 434
473 479
178 223
306 351
5 95
345 351
351 345
434 473
89 95
133 223
434 479
351 345
434 473
5 89
89 95
345 351
5 95
241 186
95 5
306 351
389 479
473 435
473 479
217 223
306 273
50 95
389 434
217 133
50 5
5 95
133 217
261 351
223 178
223 217
345 351
351 345
434 473
261 345
50 121
345 374
261 310
345 261
89 95
89 5
306 273
345 306
306 351
223 217
473 434
479 473
50 95
351 345
5 89
473 507
401 460
223 178
5 73
261 351
5 89
473 479
306 351
178 133
228 247
42 51
217 223
89 95
217 178
89 95
479 389
479 468
5 95
5 83
113 58
351 345
473 434
473 479
217 223
345 261
96 78
95 50
95 89
223 146
404 392
95 89
223 133
473 479
473 479
473 479
89 106
306 351
479 506
473 479
351 306
95 50
50 89
434 479
95 89
351 261
217 178
351 306
223 217
148 192
473 479
217 223
178 223
89 115
5 95
389 479
5 95
345 351
95 89
473 501
306 338
351 261
484 503
261 306
5 89
5 73
170 179
479 389
133 217
133 219
261 351
89 5
5 95
50 95
345 306
50 95
345 306
217 223
217 223
473 434
479 473
217 178
351 279
217 169
351 327
351 345
345 326
351 345
473 434
389 473
89 5
95 89
351 345
95 89
434 479
389 434
95 89
253 137
473 479
5 59
17 22
351 345
133 201
425 454
95 89
95 5
434 473
261 351
5 95
261 345
50 5
261 345
223 178
389 434
345 351
223 217
223 178
133 201
8 20
95 5
133 178
89 50
389 478
351 306
345 351
389 457
473 434
351 345
261 351
95 89
133 223
351 261
261 351
95 5
223 217
89 95
223 217
473 412
223 133
306 351
50 89
306 351
223 173
223 178
50 95
178 223
95 50
473 479
434 479
389 479
434 479
89 95
434 479
217 178
217 178
217 223
345 351
473 389
5 89
306 261
345 348
434 479
261 306
261 306
473 479
50 95
351 345
89 95
351 306
217 178
5 50
89 95
261 329
187 191
434 479
435 484
89 95
95 5
351 306
15 34
261 345
133 178
223 217
345 351
50 95
434 479
473 479
89 50
479 389
50 95
50 5
345 351
351 345
247 251
50 5
95 89
235 141
473 479
448 403
217 178
389 507
351 261
473 389
345 351
435 459
223 217
223 217
345 333
473 479
389 434
434 449
479 434
217 223
178 217
306 261
473 434
217 223
20 119
389 473
345 306
5 47
50 71
5 95
473 479
434 479
473 479
217 223
5 73
50 3
133 223
133 211
389 434
95 0
217 223
345 306
133 175
211 234
473 434
50 95
217 223
345 306
345 261
95 5
133 178
345 351
306 351
473 479
133 223
479 489
261 345
50 89
217 133
351 345
223 133
473 479
217 223
473 479
95 50
89 50
222 192
64 83
217 178
473 479
217 223
345 351
178 223
345 306
123 119
217 133
228 247
89 50
351 345
5 95
217 223
217 178
5 33
178 223
306 345
89 5
306 351
178 223
217 223
50 84
345 312
374 321
473 479
345 306
217 210
217 133
5 95
434 427
306 351
178 235
345 351
223 217
89 95
351 331
217 178
351 345
473 479
473 479
95 5
389 479
178 217
217 241
178 223
5 50
96 79
473 389
5 127
306 351
95 89
89 95
345 351
306 351
389 479
5 83
95 65
217 223
479 434
479 473
133 223
95 89
64 83
89 95
95 89
434 389
89 50
223 217
473 479
89 95
473 479
178 223
217 133
217 178
133 178
351 345
389 473
261 351
345 351
217 178
217 223
133 223
95 89
251 247
89 95
457 389
389 479
89 50
95 94
438 469
337 261
479 473
50 95
306 298
261 345
345 351
465 426
5 89
89 95
389 473
345 351
217 208
345 351
89 5
484 503
223 217
434 389
89 95
89 95
306 351
223 217
50 95
178 217
434 479
217 133
217 223
217 133
5 73
89 95
434 479
345 351
378 351
351 345
95 14
261 345
345 351
51 56
425 408
306 351
95 5
345 261
217 223
479 434
389 434
89 50
306 351
306 345
89 95
217 133
473 434
473 479
217 223
5 50
345 306
223 178
351 345
95 50
306 351
89 95
356 375
399 418
50 5
473 479
89 95
89 95
5 61
261 345
50 89
389 473
20 64
261 351
223 217
89 95
217 179
89 95
483 400
217 223
223 178
479 401
351 345
307 267
63 79
351 270
178 133
351 261
351 345
351 306
261 306
133 217
5 95
434 473
473 404
178 217
345 351
223 217
133 223
345 274
50 95
473 479
509 479
95 89
95 5
473 434
479 473
89 111
95 5
479 473
89 95
15 34
389 479
94 113
5 95
217 133
223 178
223 217
223 133
479 434
89 5
133 178
306 351
473 479
217 223
345 306
345 350
307 336
351 345
261 306
89 95
389 473
261 306
345 351
5 50
351 313
217 223
223 217
178 217
261 351
479 392
351 261
473 479
217 223
89 95
133 223
89 95
95 50
478 456
434 473
434 476
363 377
306 345
133 223
5 113
473 479
89 95
50 95
223 133
50 95
351 261
351 261
217 223
223 178
222 241
434 479
261 306
261 351
89 95
89 5
306 351
133 223
223 217
95 89
223 178
389 431
261 351
89 95
434 479
133 178
178 223
89 95
89 50
89 95
89 10
217 223
479 473
369 261
227 157
223 217
389 434
389 455
178 133
351 345
345 351
89 95
217 223
178 223
217 223
306 351
448 392
217 178
217 223
345 351
345 351
473 479
345 351
133 201
351 296
389 434
389 461
374 298
89 95
223 244
133 217
479 389
345 301
306 351
306 344
452 399
345 261
217 223
389 479
133 208
473 479
95 50
5 50
95 89
50 123
473 479
434 479
217 178
95 23
454 426
89 5
261 345
89 95
479 462
473 389
95 5
95 23
473 479
473 479
335 336
345 351
479 473
125 93
306 349
473 434
351 306
98 79
389 473
389 434
95 16
398 465
50 5
123 119
5 50
434 473
5 95
345 339
5 89
217 223
479 434
223 133
178 223
95 89
223 237
473 479
389 473
50 47
68 41
351 261
217 178
178 223
100 119
217 178
223 217
502 389
133 217
89 117
389 473
351 306
217 223
217 247
95 89
345 351
50 5
95 5
95 89
306 262
5 89
223 151
5 73
217 223
479 473
50 95
351 345
473 479
389 457
306 345
434 479
95 14
50 5
50 25
351 306
473 434
217 178
89 95
89 95
345 315
434 402
271 335
50 95
5 50
473 479
306 351
5 50
473 479
351 345
389 479
434 479
133 173
434 389
473 479
223 217
223 133
217 162
89 95
5 89
345 367
223 217
389 440
479 434
162 193
389 402
95 66
345 351
351 306
223 217
95 14
473 479
249 189
251 223
89 50
434 473
179 149
223 217
5 95
345 351
389 479
89 95
217 133
351 354
306 350
95 89
261 306
473 405
345 351
351 306
434 479
261 281
416 458
217 223
217 223
89 95
494 434
345 261
345 261
5 50
306 345
95 50
389 434
434 479
435 450
345 306
89 95
133 175
261 306
345 306
5 89
217 178
5 95
50 95
345 306
479 431
217 178
389 479
95 89
50 5
276 264
133 223
192 253
306 351
479 389
473 479
345 261
345 306
298 337
345 351
133 247
345 351
479 473
434 479
345 351
479 389
125 95
479 434
223 217
121 124
223 147
452 399
345 351
5 95
217 223
473 479
401 397
351 306
473 479
351 345
473 479
178 223
178 223
133 223
217 133
89 50
223 217
223 133
50 89
119 20
479 389
389 479
217 178
473 479
473 477
89 5
5 95
345 351
389 418
50 30
145 253
473 479
34 5
306 351
351 270
133 217
89 50
50 95
223 217
217 223
223 178
217 133
133 220
217 223
399 467
404 392
89 95
345 351
95 79
351 261
133 217
50 5
345 351
107 13
473 479
89 122
473 479
345 351
381 315
89 95
306 261
223 142
89 95
223 133
95 89
178 249
89 95
95 50
5 50
89 95
473 385
5 95
389 473
5 89
351 306
5 89
261 351
89 95
389 434
133 178
345 351
306 351
5 54
345 306
41 81
345 306
65 82
389 479
398 479
178 205
482 435
306 351
89 95
434 429
95 89
178 172
217 223
178 217
479 502
306 351
58 1
351 297
389 479
41 15
217 133
389 434
473 478
355 274
479 473
217 223
345 351
89 50
345 261
306 261
133 178
203 207
95 50
374 367
261 310
473 434
351 345
223 217
261 306
217 223
50 5
389 479
223 217
217 223
351 345
389 479
389 473
479 434
389 479
321 335
434 389
351 345
473 479
95 89
473 479
479 389
89 95
178 199
434 479
351 345
89 5
345 351
434 479
297 324
479 389
345 351
473 479
351 306
306 351
434 479
479 389
5 50
5 56
473 479
351 261
433 491
351 306
178 181
178 133
479 473
94 52
345 351
89 95
389 457
473 479
160 202
178 223
345 351
50 89
217 178
89 95
217 223
178 214
217 223
178 133
310 312
217 223
345 351
306 345
89 95
217 223
217 182
345 351
434 389
261 303
345 351
95 50
351 261
308 345
141 235
448 467
306 351
434 440
95 23
452 399
95 5
473 434
95 5
50 95
261 345
89 95
89 5
479 473
178 223
351 261
389 461
479 473
5 95
5 89
345 351
381 328
95 5
95 50
50 95
389 473
89 95
89 95
5 127
381 287
217 178
50 123
261 351
351 345
434 479
5 95
50 89
434 479
389 479
217 178
351 270
95 89
345 261
351 261
95 5
50 95
306 351
223 217
89 95
473 479
217 223
389 457
345 351
389 479
269 320
473 434
178 223
95 89
121 83
479 434
345 261
89 95
95 89
261 345
434 479
180 178
50 95
261 351
133 178
389 473
434 389
261 286
389 473
89 95
95 50
89 50
345 318
223 217
95 50
217 169
5 50
473 479
95 89
479 446
178 223
473 434
306 351
223 133
89 6
89 95
217 223
345 351
261 351
223 217
479 473
217 223
473 479
217 223
389 479
479 473
89 95
217 220
95 104
306 351
95 5
351 345
89 50
154 217
89 95
261 306
217 178
473 479
17 116
434 479
5 95
133 223
89 95
306 351
178 223
89 95
133 217
479 473
351 345
20 8
345 306
133 178
345 351
148 136
95 89
133 223
261 351
345 351
389 479
351 345
306 351
473 389
306 345
95 89
261 345
306 256
50 5
5 50
473 479
133 178
89 50
345 351
261 306
178 223
223 217
351 306
261 351
50 74
389 473
95 5
351 281
95 5
133 223
89 95
389 479
473 479
32 74
89 95
223 217
479 434
345 307
223 217
224 247
5 89
249 246
351 261
178 223
306 351
223 178
261 351
479 473
133 217
95 5
345 351
479 434
133 223
133 201
255 178
89 5
223 245
217 223
95 83
50 89
306 351
178 223
5 49
95 5
217 162
89 83
448 388
479 473
389 434
217 223
306 316
217 223
95 50
434 473
473 479
217 141
178 223
5 50
479 434
178 223
133 223
473 479
261 306
434 389
217 178
249 160
345 261
473 479
261 351
5 95
89 95
178 202
389 473
351 345
473 462
345 306
473 479
434 461
473 479
89 95
306 345
434 479
345 261
479 473
223 133
345 351
50 95
223 211
50 61
409 490
389 473
217 133
345 261
178 223
223 142
345 351
50 89
178 223
509 466
5 95
261 351
351 345
95 5
479 389
89 95
217 223
217 178
345 261
50 5
223 217
306 345
217 223
442 465
217 133
307 318
345 351
81 42
345 351
217 223
95 14
228 247
223 178
133 222
350 344
345 351
389 447
345 306
89 95
178 225
50 95
345 306
473 479
14 81
351 355
356 375
448 467
95 5
345 351
228 247
434 479
473 499
133 223
473 434
89 95
473 389
351 345
306 261
306 351
95 89
306 261
50 95
261 351
345 351
217 178
473 479
217 223
261 351
133 182
320 350
434 389
351 306
217 223
351 345
438 389
261 345
473 434
223 142
223 133
95 89
20 8
479 473
345 306
345 261
89 95
345 351
89 50
434 419
217 223
434 389
95 50
95 89
400 434
351 345
473 479
223 217
351 306
351 345
261 351
217 178
178 223
479 434
95 89
133 223
95 89
217 178
223 217
306 351
473 434
5 95
89 95
473 479
345 351
345 351
95 5
351 345
227 139
479 460
217 223
434 479
178 133
95 89
133 175
479 389
479 473
223 131
217 178
473 389
95 89
50 5
5 95
217 223
345 351
306 351
223 217
345 351
217 178
345 351
261 351
306 351
133 178
89 95
207 133
50 95
509 463
473 479
434 479
351 345
5 89
217 223
473 455
479 434
89 95
473 479
217 223
89 5
223 178
89 95
345 298
389 479
345 261
223 178
473 434
50 95
178 133
306 345
223 146
89 95
473 479
89 5
223 133
118 65
351 306
434 466
389 473
89 5
178 164
5 95
178 223
223 220
178 133
217 223
434 435
261 329
89 50
178 217
261 351
133 217
95 89
306 327
217 223
223 157
89 95
178 217
389 473
261 345
95 5
261 306
345 351
217 178
351 261
307 366
479 473
217 156
217 223
473 479
479 473
404 448
223 178
345 351
261 304
434 414
479 473
223 133
345 351
50 63
179 211
217 133
178 223
133 173
178 217
306 345
261 269
473 456
217 223
5 67
95 89
306 261
351 261
473 479
401 409
89 95
434 479
345 291
133 223
306 351
178 223
223 217
345 306
345 351
434 479
509 454
223 217
351 345
261 306
261 351
89 50
50 97
306 351
306 351
178 217
95 50
473 434
345 351
94 18
479 473
351 345
473 479
95 5
345 351
89 80
133 217
434 479
425 407
345 350
351 261
5 50
217 223
509 511
261 306
261 306
261 351
261 329
95 5
473 441
100 54
434 479
351 301
345 351
81 42
50 95
473 479
217 223
217 223
306 270
389 434
473 479
261 351
345 256
64 65
473 389
478 467
306 351
5 89
217 206
473 441
140 222
473 479
345 351
356 375
5 95
223 133
95 89
306 334
306 345
351 345
473 479
434 479
306 351
369 315
389 392
50 45
133 223
306 351
434 443
223 178
253 202
345 306
345 306
223 151
389 434
89 50
223 178
473 434
479 473
89 95
479 398
345 306
479 473
345 351
145 195
133 175
89 95
95 123
20 64
223 178
217 141
89 5
223 217
434 398
178 223
133 217
273 381
434 479
345 351
223 217
351 345
389 473
345 296
306 261
175 138
95 89
133 178
479 473
178 223
95 89
416 458
89 95
261 306
345 306
89 95
345 306
473 479
223 133
95 89
345 270
426 389
70 59
261 351
306 351
426 435
223 178
351 306
261 345
473 479
89 95
133 211
389 501
351 306
351 306
473 479
89 95
478 483
473 476
178 133
5 89
351 306
95 5
50 95
95 89
64 83
223 133
89 95
223 133
345 261
95 89
351 261
389 473
261 350
5 95
306 261
217 178
345 351
479 389
306 370
351 279
5 95
345 306
351 345
473 479
473 466
306 261
345 261
351 306
473 479
434 389
306 351
401 473
473 479
434 473
261 351
389 479
351 345
473 479
223 151
479 389
442 443
389 479
473 479
217 170
401 477
466 401
217 178
178 223
178 223
217 223
133 178
350 358
145 211
191 248
434 479
479 473
473 479
351 261
217 178
89 50
261 335
223 217
306 261
133 217
89 50
89 95
5 89
89 95
345 351
133 223
352 375
261 345
261 351
261 303
473 483
89 95
246 141
95 89
351 345
217 223
95 50
389 479
351 345
223 217
434 485
223 217
479 473
345 306
351 306
351 256
133 223
89 5
351 345
434 479
5 95
223 133
473 389
306 345
5 73
217 133
5 89
345 261
5 89
89 95
95 89
434 479
261 306
345 351
20 64
133 178
434 473
192 205
306 319
50 95
133 217
5 50
50 95
95 5
95 89
95 89
345 351
473 479
178 223
479 389
345 306
160 145
223 217
89 95
217 133
95 50
95 89
217 223
95 5
479 473
306 261
95 89
50 5
89 50
369 314
41 39
473 389
5 89
95 89
479 434
178 223
351 306
178 208
351 261
74 100
89 50
401 499
133 223
448 488
217 133
178 223
351 306
479 473
479 434
223 178
345 351
95 50
217 133
223 133
479 389
389 473
217 223
89 50
223 178
479 434
434 479
473 479
89 5
479 473
217 223
473 479
223 178
89 95
434 390
133 217
306 345
95 84
261 303
345 351
64 5
310 294
178 223
217 223
389 401
479 473
389 473
223 133
351 313
345 351
217 223
434 479
479 473
217 223
297 371
479 434
223 178
473 479
217 146
95 84
64 52
5 47
95 5
217 223
223 178
217 178
99 64
479 473
217 133
222 211
306 379
345 306
217 223
351 345
312 307
345 351
95 89
217 178
217 223
123 125
50 18
89 5
223 178
345 351
351 339
351 261
375 379
5 89
261 306
224 149
434 479
261 297
434 479
217 133
434 473
133 223
217 224
261 279
374 269
473 434
306 351
95 50
306 345
345 257
351 261
351 345
95 5
89 50
50 95
178 146
217 223
89 95
345 351
306 345
473 479
355 335
473 389
345 261
351 345
389 473
50 94
178 133
217 223
473 479
473 479
178 223
217 223
479 389
5 47
50 84
217 223
473 479
351 345
89 95
217 223
479 473
351 306
95 50
351 345
223 217
345 270
95 83
345 306
473 434
89 78
50 118
50 95
50 89
389 431
170 179
89 95
434 479
261 345
261 351
458 484
345 351
178 223
389 434
473 432
5 89
351 261
178 217
89 5
351 261
227 222
95 89
5 50
473 479
50 95
133 144
50 95
5 95
261 306
95 93
505 467
89 95
5 95
5 50
89 5
223 151
95 5
479 389
217 199
479 389
178 223
479 407
261 351
473 479
217 223
351 345
351 345
389 479
345 351
95 89
261 351
217 223
223 217
306 351
473 479
261 351
369 314
50 5
95 50
5 89
217 223
345 351
95 5
389 434
89 95
467 399
217 223
261 345
89 50
479 473
178 223
5 50
89 95
306 351
89 115
95 89
261 306
89 50
89 95
89 5
223 151
479 434
95 89
5 89
345 306
434 479
133 223
479 473
223 178
345 306
351 306
434 389
473 479
95 50
479 434
345 261
389 434
133 223
306 351
434 389
389 473
253 183
5 50
434 479
223 217
261 266
133 217
223 151
434 479
473 389
479 473
5 95
68 15
95 89
5 50
473 479
133 228
473 479
261 306
479 473
133 217
178 223
95 122
89 95
95 5
5 50
133 178
89 5
345 351
223 217
479 389
178 223
351 261
389 479
345 351
217 223
351 345
133 178
89 95
306 286
389 473
178 223
306 373
306 351
5 95
223 133
5 95
473 434
65 57
351 345
5 95
473 479
473 479
133 175
434 479
217 223
42 121
89 50
89 5
352 344
473 476
438 483
434 479
217 178
345 351
389 479
351 261
438 436
434 479
345 306
133 217
217 133
95 5
89 95
351 279
217 223
95 14
89 95
261 329
217 223
223 217
178 174
484 479
178 223
479 473
148 136
434 389
223 178
50 95
345 351
351 345
178 133
473 479
261 345
89 95
89 50
217 223
351 345
178 201
351 261
345 351
5 95
345 351
5 95
217 133
95 50
306 261
345 313
217 223
434 473
50 5
389 479
178 223
442 461
306 261
217 223
217 176
95 38
223 225
223 217
5 50
5 95
261 351
50 95
178 217
389 479
89 95
223 207
473 389
95 14
345 261
223 210
50 89
434 443
223 217
473 479
345 306
178 223
234 226
223 133
121 20
223 217
50 5
479 473
351 345
89 50
345 261
389 479
50 89
345 351
179 191
217 178
479 473
81 42
223 178
133 178
389 473
223 178
473 434
178 182
345 261
479 389
178 223
223 217
479 434
465 398
345 306
133 223
345 351
178 223
345 351
162 143
217 133
95 23
95 50
479 473
50 95
178 223
89 20
89 73
389 479
473 434
345 351
50 22
306 351
434 389
345 351
261 345
261 345
261 351
425 454
473 434
178 223
351 345
95 89
473 479
89 5
351 261
5 73
50 5
473 434
261 351
479 473
223 217
191 248
217 204
473 479
178 223
345 351
178 239
345 306
95 5
479 473
222 246
5 95
217 223
133 223
223 217
389 473
261 345
351 345
434 479
178 131
178 217
345 306
345 351
95 5
223 133
96 77
89 50
479 473
217 178
83 15
89 95
89 95
5 95
434 479
207 203
95 5
133 223
50 95
399 467
479 473
217 184
479 389
95 5
133 226
479 398
217 223
217 223
5 89
89 60
5 50
217 178
261 306
345 351
473 389
355 320
351 261
389 431
434 479
379 375
223 217
434 479
434 473
5 89
351 261
223 217
306 351
345 351
261 351
223 178
223 178
345 351
345 351
345 306
306 261
351 261
178 223
345 306
261 351
141 235
223 217
306 351
345 306
473 389
434 479
217 210
5 95
473 384
133 223
217 223
178 217
178 183
142 209
178 217
473 479
50 95
473 479
95 89
89 95
178 223
5 95
223 217
169 249
133 178
351 306
479 473
261 351
223 133
473 479
223 178
345 306
95 50
223 253
473 479
133 223
95 89
217 223
479 434
133 223
351 345
5 89
345 351
351 345
121 15
351 306
479 434
175 148
389 479
89 95
473 479
389 479
95 89
5 95
5 95
217 178
473 434
345 351
178 223
345 351
133 178
351 345
178 204
473 434
135 222
89 95
133 178
261 351
306 374
95 83
89 92
178 223
5 95
64 94
261 306
50 95
5 95
95 5
5 95
65 95
434 479
178 223
351 353
473 434
306 351
95 77
320 305
473 479
351 345
434 389
89 74
479 384
253 198
95 48
286 345
473 479
50 89
223 217
473 479
133 211
95 50
345 306
261 345
217 223
95 89
5 95
217 178
223 133
438 467
401 464
50 95
5 95
5 95
5 89
133 217
401 458
50 98
479 467
89 95
438 463
5 112
178 217
479 473
217 223
389 473
345 351
401 497
217 223
133 234
473 479
178 223
217 133
223 203
306 351
95 50
351 306
223 217
235 246
473 434
473 389
479 389
133 178
351 306
306 351
401 441
351 261
95 50
306 351
143 162
50 95
404 505
89 95
50 20
434 439
473 389
434 479
5 50
434 479
389 479
217 193
479 389
41 84
217 223
222 212
89 95
319 298
95 89
41 85
95 89
5 95
92 89
351 261
5 89
89 95
261 351
473 479
434 479
89 95
331 345
401 412
306 351
389 422
473 434
389 467
389 473
261 345
345 261
89 95
345 351
217 223
307 314
95 89
479 473
50 95
479 473
478 473
345 351
223 178
14 81
473 389
89 95
345 351
345 261
465 484
95 89
479 473
217 178
133 223
351 366
389 434
351 331
434 473
306 261
479 473
223 178
434 389
306 261
345 351
473 479
95 5
133 178
17 14
345 286
217 223
217 133
473 479
409 490
345 351
434 459
217 223
345 351
5 89
261 345
5 83
261 306
434 473
479 434
345 306
434 473
89 95
351 345
351 286
5 95
479 412
306 351
95 5
95 89
306 345
95 89
99 115
89 95
271 335
143 207
89 95
145 247
178 223
223 217
50 89
20 64
479 473
217 178
133 223
5 50
319 352
473 389
51 21
95 89
351 306
479 473
223 217
479 434
89 5
95 3
94 115
306 351
133 223
434 479
399 418
95 50
217 223
434 479
351 345
345 351
261 345
14 5
178 223
434 479
217 223
133 178
261 351
81 42
217 178
50 95
479 389
434 473
351 345
178 223
473 479
389 434
261 351
473 479
133 217
261 345
345 306
306 302
345 306
319 376
217 223
178 217
5 41
178 223
351 345
440 389
434 400
50 95
95 89
133 223
89 50
89 5
345 306
345 351
351 306
133 217
479 389
223 217
178 223
345 302
479 473
217 223
223 178
473 434
434 466
351 270
473 479
222 133
95 5
484 398
95 89
473 479
95 89
479 473
389 434
345 306
345 351
223 217
389 459
434 390
17 82
68 41
217 223
89 95
20 123
64 13
306 351
306 345
389 434
50 95
223 133
261 303
306 351
345 351
178 223
473 434
5 50
479 389
5 89
133 223
389 434
89 95
178 133
473 479
95 89
473 506
89 95
50 89
479 443
389 434
473 479
389 479
5 89
320 269
345 261
133 217
133 178
95 83
217 223
89 95
479 434
351 261
434 401
473 389
479 389
261 374
434 473
345 351
261 329
95 50
133 178
407 479
345 351
479 434
351 261
50 95
95 82
345 351
473 479
217 178
217 185
178 133
95 89
143 207
89 95
479 407
50 67
345 351
217 133
345 351
223 217
306 358
178 223
434 479
217 170
89 95
261 306
473 434
89 83
473 479
95 50
133 217
306 351
223 217
473 479
133 217
261 303
434 473
50 89
261 351
217 223
345 351
389 479
178 223
306 351
223 178
463 447
465 426
473 434
223 178
217 133
473 506
217 223
473 479
89 5
217 133
217 223
217 133
223 151
95 78
223 133
95 89
223 217
223 151
306 360
434 479
306 351
95 89
351 261
95 89
217 223
473 459
133 217
351 327
89 95
310 320
473 479
351 345
133 201
434 479
217 223
389 479
351 306
306 345
5 95
389 473
217 223
473 479
351 279
89 95
377 263
351 345
133 217
356 375
223 178
89 95
50 95
351 345
217 223
307 277
473 501
223 217
89 50
217 133
133 178
345 351
5 95
269 363
345 351
50 89
133 163
345 351
217 223
435 476
5 95
5 50
5 95
306 351
345 351
484 438
5 89
223 217
178 223
89 50
217 178
345 351
345 351
351 345
261 311
306 290
223 178
473 434
223 178
345 351
217 223
479 434
479 389
479 389
479 389
306 345
345 351
473 479
249 187
217 223
89 5
479 407
345 351
217 223
306 261
345 331
389 479
50 95
389 479
223 217
479 473
473 434
345 351
351 335
351 306
345 351
351 306
473 479
345 351
505 394
89 50
351 289
89 95
261 345
307 351
5 89
479 473
95 50
217 223
434 389
479 434
133 223
89 5
473 405
351 279
95 50
217 178
133 223
89 95
434 384
89 5
345 351
5 50
178 223
479 398
261 332
306 377
473 479
351 345
95 89
95 5
133 178
42 20
473 448
95 89
89 5
133 223
351 345
351 261
133 217
178 223
5 95
351 345
479 473
329 261
89 95
133 175
473 479
133 235
345 351
217 133
351 345
261 351
351 261
95 5
473 479
479 426
95 5
95 5
89 5
306 261
95 89
217 223
345 338
95 125
5 47
479 473
473 479
345 351
261 351
479 473
261 303
217 223
223 133
345 351
5 126
434 479
95 89
89 20
434 479
89 95
479 418
50 95
89 95
351 306
389 479
394 389
345 351
223 133
83 111
351 345
473 389
351 345
89 95
50 89
95 5
217 223
306 261
217 178
178 223
306 351
479 434
223 133
89 5
351 345
217 223
345 306
479 434
473 434
261 297
351 345
399 467
388 449
351 270
89 95
89 95
389 473
351 279
306 257
345 351
479 473
351 334
345 261
345 306
389 479
434 494
345 306
345 351
223 217
261 329
89 114
479 466
473 479
133 201
473 479
399 463
133 223
473 479
261 345
345 351
509 454
261 306
50 95
89 95
345 351
50 5
223 178
5 95
178 133
479 473
89 95
473 479
345 279
239 170
223 178
306 351
351 345
217 223
389 479
133 223
479 434
473 389
479 473
345 351
473 444
389 473
178 217
133 223
89 5
431 404
261 351
306 331
345 351
178 217
5 95
306 345
50 95
479 389
89 50
345 351
276 264
261 371
95 14
95 50
434 470
345 351
223 133
178 183
50 89
345 351
261 351
389 479
297 339
223 146
217 178
345 351
217 133
89 5
217 223
345 351
89 5
50 89
5 95
223 217
95 89
217 178
434 389
217 223
89 95
345 351
95 19
345 351
217 178
223 178
261 333
50 89
473 479
169 152
217 223
306 351
5 73
95 50
217 178
261 303
306 350
479 398
389 479
5 50
223 217
306 261
223 217
95 89
434 473
479 473
217 193
345 351
133 217
89 95
89 50
434 473
222 148
473 479
89 5
41 52
351 261
217 223
473 434
434 479
434 389
434 479
351 345
434 479
217 223
345 306
345 351
434 468
351 270
95 5
479 384
306 345
223 133
389 473
479 389
5 51
217 133
50 89
89 95
473 434
133 223
368 306
50 95
223 217
89 5
261 351
479 473
389 479
261 351
479 473
50 95
95 89
306 264
473 479
261 345
434 479
351 328
261 306
345 368
89 95
223 217
479 473
261 351
351 345
351 345
95 14
479 407
50 95
389 431
261 345
351 261
345 306
223 217
351 261
306 369
178 223
89 95
217 223
473 479
223 217
89 95
95 5
479 407
473 479
178 223
95 89
178 223
351 345
99 15
217 143
223 151
434 473
133 217
306 351
89 95
473 412
50 121
345 306
89 50
217 223
261 351
473 479
5 89
473 479
479 434
99 6
473 479
399 418
473 479
473 479
473 389
178 133
306 351
345 351
479 473
351 306
89 95
178 223
473 479
178 223
389 473
217 223
351 276
50 95
306 351
473 434
479 473
95 50
5 47
217 223
345 261
465 397
5 89
479 473
261 345
95 89
434 473
95 5
217 223
345 261
473 434
473 479
345 351
389 473
345 306
89 5
96 42
479 473
479 389
306 351
479 434
89 95
223 178
389 479
50 17
261 376
389 457
89 50
345 306
306 351
133 223
479 389
473 434
345 351
145 253
239 198
95 50
389 479
389 422
306 378
50 95
351 345
217 223
20 64
434 447
117 95
473 479
473 479
50 63
473 389
479 407
261 306
351 345
50 95
133 223
345 351
351 345
178 223
479 389
434 479
345 351
223 217
306 351
133 223
479 473
473 479
223 142
345 272
178 223
223 142
261 351
351 261
389 473
345 261
95 89
217 223
473 389
345 351
217 223
50 95
389 473
247 148
345 379
345 351
345 351
83 89
345 306
261 317
345 306
351 306
217 223
345 351
479 473
95 23
223 217
473 479
261 351
473 479
473 479
50 29
473 479
63 120
95 50
389 407
345 351
95 50
133 217
217 223
50 16
261 306
389 479
89 95
351 279
306 278
389 434
217 223
345 351
5 89
133 201
479 434
389 434
178 223
345 351
473 434
96 118
89 116
217 223
261 351
217 178
95 89
5 95
473 479
434 479
178 217
192 222
95 50
178 223
345 351
217 223
389 479
223 217
479 434
351 345
434 479
5 89
89 50
434 389
95 14
479 434
95 50
434 479
217 223
223 217
95 5
50 95
351 345
217 223
223 133
133 223
345 351
95 89
261 351
217 194
5 50
89 5
133 223
306 345
217 223
479 389
95 89
473 389
50 95
50 89
133 223
217 223
345 261
306 351
89 60
95 89
345 351
473 479
217 223
345 351
306 351
89 53
479 434
95 89
261 345
217 133
223 217
345 351
479 431
473 434
434 511
389 384
178 223
89 5
351 345
89 95
479 507
306 261
479 473
133 178
479 434
133 217
434 505
479 473
306 345
434 479
473 479
351 306
484 503
375 379
473 389
351 345
89 107
5 95
95 5
261 303
351 345
319 376
95 50
345 351
89 82
319 352
15 79
133 223
473 479
89 50
178 223
389 457
389 473
178 166
95 89
479 473
133 223
133 223
479 473
217 223
223 178
473 459
89 5
345 351
434 479
50 5
306 351
89 50
345 351
178 225
345 351
261 345
261 306
479 434
217 178
17 43
223 178
133 223
223 142
345 351
89 95
50 89
42 81
425 500
473 479
133 223
389 434
389 479
434 479
399 418
89 5
261 345
217 223
89 75
178 217
95 5
351 327
345 351
404 392
479 473
178 158
473 499
345 351
50 5
5 47
95 50
89 95
217 223
217 178
261 351
223 133
178 217
5 56
473 434
89 50
89 5
306 351
223 133
345 261
473 479
351 306
5 50
479 473
261 345
89 95
479 434
224 168
133 223
473 479
89 95
479 389
223 133
5 50
271 339
351 279
345 261
217 223
389 479
89 95
434 479
345 351
50 95
5 95
14 81
345 351
217 223
50 89
89 81
5 95
479 389
89 50
306 351
217 223
89 97
479 389
223 133
217 133
223 178
95 89
345 351
223 133
217 223
351 306
389 434
473 479
473 479
217 223
261 351
306 261
306 262
438 506
434 479
5 95
5 95
89 95
389 479
89 5
89 95
133 178
50 81
351 306
312 261
5 95
473 434
50 17
389 434
389 473
178 223
142 209
89 95
89 50
473 479
479 389
217 133
261 345
389 468
434 473
50 95
223 217
479 473
434 473
473 479
351 345
345 306
95 5
217 223
351 345
389 479
306 345
178 217
89 71
178 223
479 473
95 50
351 306
89 95
223 178
479 473
473 479
261 351
89 95
223 217
497 442
5 95
479 434
95 89
479 389
89 95
473 389
89 95
217 245
351 306
434 473
306 287
5 95
351 306
351 306
399 418
351 306
261 306
95 5
217 223
434 473
50 89
223 217
345 261
178 223
438 434
473 434
95 5
5 95
217 223
434 389
50 63
306 345
5 41
217 223
89 5
133 178
89 95
434 479
5 95
297 321
133 179
345 261
223 217
95 89
261 351
217 223
306 263
473 479
434 479
261 306
345 351
399 463
89 95
89 101
178 223
95 89
261 306
223 217
351 306
345 351
89 95
473 479
345 298
217 178
389 479
345 351
479 389
95 89
178 223
261 351
50 5
42 51
5 106
178 219
223 151
473 479
223 207
345 351
345 351
50 95
15 68
5 95
345 351
473 434
217 223
434 389
95 5
306 261
89 50
5 102
50 95
133 217
89 95
351 345
133 223
217 182
389 444
89 95
479 473
306 351
95 89
217 223
89 117
306 351
89 95
89 52
389 473
50 89
306 351
389 473
473 389
133 223
89 50
133 223
223 217
217 223
351 261
261 351
306 351
261 351
345 306
89 41
95 89
5 95
261 345
89 95
217 223
331 345
473 479
306 351
217 223
89 50
473 479
345 372
403 473
261 306
337 298
246 141
389 434
434 473
479 473
217 178
261 345
434 494
217 133
217 223
178 133
89 23
95 65
50 17
345 351
178 217
217 223
473 463
473 434
351 345
223 217
351 345
178 223
473 479
479 434
223 194
479 389
50 5
479 473
217 223
50 95
217 178
261 329
345 261
434 479
306 351
89 50
178 223
351 345
345 261
95 89
473 479
217 178
223 217
5 95
473 479
473 479
217 223
178 223
351 261
479 389
95 14
479 423
306 351
50 95
5 95
5 95
89 95
89 95
479 508
389 479
133 178
434 479
50 95
473 479
89 50
217 223
320 356
223 142
389 479
50 1
50 5
95 20
345 351
89 95
20 8
434 479
479 389
217 223
261 345
389 434
223 178
389 434
178 182
99 112
449 467
389 479
261 351
133 223
89 95
306 351
178 133
306 377
217 223
345 351
95 50
89 50
223 133
95 14
50 109
178 223
434 429
50 94
89 5
345 351
351 381
5 95
449 480
345 306
217 133
434 479
306 351
351 261
351 345
479 473
261 345
434 389
480 428
479 473
345 331
217 223
95 89
473 479
5 89
479 407
5 23
345 306
5 47
133 178
223 133
345 351
95 50
389 479
217 223
479 473
345 351
217 223
491 505
473 479
434 473
217 178
345 306
351 345
345 351
217 223
95 89
89 5
217 178
261 356
306 351
89 5
351 345
352 340
473 389
42 51
41 68
261 306
306 351
351 345
63 96
133 217
389 479
261 306
207 241
5 95
306 351
345 351
473 479
223 178
351 345
95 50
5 47
178 223
389 479
125 101
389 479
306 351
345 261
473 479
479 473
261 303
351 306
399 463
389 434
261 351
54 123
473 444
89 50
217 199
389 414
261 351
434 389
5 102
95 50
89 50
64 24
178 217
89 95
479 389
223 217
178 223
261 306
351 261
5 89
223 217
345 351
509 463
306 351
223 178
351 345
351 345
223 173
261 303
95 89
479 434
345 351
473 479
217 223
217 223
217 202
434 479
223 151
351 345
306 261
89 50
89 50
434 479
178 223
223 178
89 95
345 306
89 95
227 204
434 479
473 434
351 306
261 345
351 261
479 473
217 223
363 269
261 345
95 89
89 50
217 204
345 330
217 223
133 178
261 329
473 479
473 479
133 223
473 389
473 479
345 326
303 354
306 351
217 223
491 397
95 89
351 306
306 295
133 217
303 276
178 184
95 5
473 479
434 389
133 178
95 50
178 133
434 479
306 351
389 473
186 241
50 95
479 473
178 133
374 321
89 47
217 223
89 95
133 223
89 118
473 479
217 223
223 217
345 351
345 351
178 223
5 100
479 473
95 89
389 479
479 434
389 431
178 174
95 89
95 63
416 504
473 434
5 95
473 434
351 345
95 50
467 490
133 178
374 321
5 50
438 434
84 5
434 431
178 223
389 479
89 5
95 38
434 438
223 178
473 479
479 438
345 306
345 261
217 223
217 223
89 95
306 351
133 223
89 95
178 217
479 434
95 5
133 148
89 50
351 306
479 434
479 434
479 458
345 378
217 222
276 264
178 160
217 223
345 261
95 89
89 95
5 89
306 311
351 306
345 261
479 389
389 434
434 473
345 351
217 178
133 201
95 89
5 89
223 133
217 223
50 95
89 50
479 389
351 345
434 479
217 223
133 223
223 184
89 5
473 479
100 14
133 200
89 65
89 95
223 217
351 345
133 217
351 261
217 133
5 95
473 389
222 241
89 50
99 65
217 178
133 217
479 473
89 5
223 217
351 345
345 261
15 83
133 223
162 143
345 306
217 223
434 479
178 223
479 473
50 89
351 327
345 351
306 261
351 345
306 282
5 73
133 201
261 315
345 306
261 351
178 223
145 241
345 351
389 473
89 50
479 473
479 473
351 340
369 314
223 217
351 261
351 345
345 306
473 434
133 223
479 407
306 377
351 345
351 345
223 133
345 261
434 479
5 89
178 205
223 217
345 306
389 457
89 95
89 50
95 89
89 50
345 351
217 223
217 223
434 389
497 442
306 351
345 261
351 261
480 442
89 95
223 133
479 486
89 5
473 479
217 133
178 133
434 473
223 217
351 345
261 319
5 89
473 479
5 89
351 270
217 223
434 479
473 479
479 473
89 95
178 223
479 473
217 223
50 89
5 89
178 223
351 345
133 217
351 306
217 223
351 279
345 351
351 345
89 94
223 178
479 389
223 217
95 89
223 217
89 99
473 479
50 95
223 238
434 479
351 345
217 128
89 95
223 217
89 95
306 345
179 170
473 479
473 479
345 306
473 434
351 282
389 473
5 47
479 473
228 247
261 345
223 217
509 464
351 345
473 434
473 479
351 261
223 178
473 389
473 434
434 466
89 95
95 50
473 479
133 217
389 416
178 166
178 223
479 473
389 442
89 5
473 389
14 81
192 133
356 270
133 223
473 479
434 473
223 133
261 351
89 95
345 351
261 351
479 434
389 479
261 306
434 479
50 95
306 261
133 217
41 70
89 95
217 223
178 223
389 479
95 57
50 30
345 351
351 261
50 95
223 133
217 133
389 484
133 224
5 50
434 479
306 345
345 306
5 95
473 479
351 279
5 95
345 351
50 89
479 473
89 5
89 95
89 50
389 479
178 214
119 123
148 136
223 217
217 223
217 223
479 434
473 479
345 351
217 133
434 473
89 95
89 95
217 184
479 473
473 434
473 479
345 351
133 217
306 351
479 434
178 223
319 352
479 473
389 479
95 89
345 351
389 507
95 50
50 89
133 136
351 345
34 65
351 345
261 345
133 251
345 351
443 454
473 479
89 5
306 351
473 479
434 479
345 351
5 89
479 473
480 509
345 351
473 479
351 312
95 89
217 178
479 473
306 351
133 178
306 351
217 223
434 479
473 479
223 217
404 448
497 442
217 223
351 345
95 5
95 5
306 351
261 351
345 351
95 5
479 473
345 351
89 5
261 345
473 479
473 479
261 351
89 50
178 217
178 223
261 345
217 133
217 223
473 479
5 7
95 50
246 193
345 261
479 473
223 217
473 434
95 5
217 209
479 434
95 89
217 193
95 89
217 178
249 172
473 499
223 217
133 243
95 89
389 431
479 434
178 223
398 465
434 479
345 261
473 479
89 5
217 223
306 351
473 389
95 94
235 141
133 217
95 5
473 424
261 351
217 178
217 133
95 50
351 344
473 434
434 457
133 223
217 223
389 479
89 23
479 398
133 201
5 50
345 351
473 434
178 217
223 131
133 217
148 136
178 223
223 217
473 479
89 95
434 426
351 306
95 50
50 65
95 89
89 95
434 473
178 149
345 297
95 23
261 351
345 351
389 479
473 479
63 120
479 434
261 345
223 133
434 389
217 133
434 479
389 479
178 223
217 133
351 270
223 178
5 95
179 251
89 95
351 279
119 20
345 351
473 389
217 223
345 261
178 149
369 270
473 412
473 479
389 415
479 511
217 223
479 473
345 306
345 351
223 133
261 351
320 339
473 479
351 279
5 50
351 306
479 507
100 119
261 351
133 223
89 50
89 50
217 223
351 345
89 50
217 223
89 95
89 95
89 50
307 292
306 351
51 80
389 434
133 223
345 351
271 290
345 351
473 434
389 509
133 178
133 238
95 89
261 351
89 95
223 178
217 178
5 95
345 351
178 223
95 50
178 223
133 223
297 329
434 473
479 485
63 79
133 223
223 217
261 345
345 351
223 178
306 351
345 351
89 5
345 351
479 389
217 178
223 217
50 89
217 223
503 483
217 223
178 157
479 389
178 217
452 398
261 345
479 473
261 306
217 223
345 306
434 389
473 434
261 351
261 351
473 479
133 223
473 457
345 261
50 95
434 426
261 329
89 95
5 89
178 223
473 479
95 89
217 178
50 83
261 345
473 479
434 473
217 178
473 401
345 351
473 479
178 217
133 178
351 306
306 351
95 50
434 389
345 261
345 351
479 434
389 403
389 473
217 133
478 508
389 473
5 95
50 41
434 482
5 50
5 95
89 95
89 95
261 351
5 95
217 223
95 89
95 50
133 223
345 306
223 217
473 479
473 479
261 366
345 351
389 434
133 223
95 50
133 217
95 5
217 232
178 223
473 479
479 473
50 89
434 479
434 444
448 436
113 58
473 389
479 389
89 5
228 247
217 223
217 223
434 402
95 14
483 390
95 50
306 261
223 217
351 345
95 89
217 223
133 217
345 351
50 95
497 458
223 217
389 479
306 351
223 178
351 345
345 351
467 495
320 308
269 363
351 306
479 389
5 50
50 95
228 247
89 95
5 95
89 50
223 217
5 95
223 217
479 434
178 223
345 351
223 133
89 95
306 261
351 345
473 434
351 306
479 389
473 479
95 14
95 89
479 473
89 95
351 345
473 482
434 473
5 95
389 479
306 351
473 479
89 50
261 306
5 95
133 223
345 351
473 479
261 351
306 261
389 473
473 434
306 261
389 473
473 479
89 5
389 479
89 95
473 389
217 223
479 473
95 89
89 95
178 217
217 223
261 351
50 95
473 479
133 223
479 434
89 95
473 389
133 223
217 223
345 306
133 217
178 223
95 42
479 473
89 50
89 95
434 473
447 504
426 460
351 345
133 223
133 223
223 133
178 241
223 133
473 479
5 89
217 133
434 479
306 261
89 50
95 89
178 223
389 479
217 223
50 95
351 345
223 217
473 479
178 223
133 223
217 223
389 473
89 5
95 14
95 89
473 479
223 221
217 148
89 5
217 133
223 133
306 345
345 306
473 389
89 30
95 89
95 50
473 434
351 345
50 89
217 223
50 95
95 89
98 51
50 102
351 261
351 345
223 210
217 133
79 63
50 95
261 306
473 389
217 195
345 351
479 473
50 95
50 95
50 31
217 223
133 223
50 5
473 479
306 351
351 353
351 261
178 133
470 479
89 51
223 133
345 351
89 95
389 422
479 473
473 479
351 345
389 457
23 95
479 473
473 479
473 389
169 237
345 351
217 223
435 425
133 201
261 329
306 345
5 50
434 479
473 479
50 95
133 223
50 5
261 351
479 473
133 223
5 95
351 261
473 389
95 5
5 95
5 95
473 434
351 270
379 375
223 153
223 133
50 89
89 95
479 407
89 95
345 371
261 345
389 473
350 345
20 8
261 306
345 351
473 479
89 95
351 261
5 95
261 351
50 95
398 465
345 306
95 89
217 223
434 401
95 89
389 431
351 345
178 223
479 473
306 351
223 133
217 223
178 223
223 133
95 66
5 95
133 178
434 479
5 89
89 5
217 223
306 351
351 345
479 434
261 321
223 210
306 351
89 95
223 217
479 407
307 351
89 95
99 104
217 138
345 381
473 434
178 223
50 95
5 50
458 404
351 345
306 351
434 479
306 351
50 95
95 50
89 95
306 345
217 144
473 388
306 345
306 351
261 351
434 389
479 389
95 50
345 306
178 223
89 95
351 345
351 345
351 278
89 95
89 95
89 95
5 89
95 89
345 351
217 223
434 479
223 178
345 306
351 306
473 479
13 81
207 182
179 193
351 345
306 351
306 261
306 261
5 50
178 133
389 473
473 389
223 217
351 261
95 50
14 79
178 133
95 89
89 50
50 95
479 473
351 345
379 375
50 95
389 479
479 434
89 50
169 196
351 345
261 306
217 223
479 389
169 196
133 217
5 95
479 473
217 204
223 217
473 434
133 178
223 217
389 479
479 389
89 50
217 223
479 473
351 345
426 482
434 479
306 345
64 41
223 178
223 217
389 473
223 133
434 479
345 306
89 75
133 223
473 434
217 178
178 223
351 269
95 89
73 5
5 47
473 479
50 95
178 223
434 479
50 95
178 133
217 223
217 223
89 95
89 50
217 223
133 217
223 178
389 473
95 5
50 5
178 223
89 95
351 345
479 389
133 223
89 95
261 351
217 223
479 389
223 217
217 223
41 23
89 95
345 261
5 50
223 133
473 479
389 473
434 479
479 466
95 5
345 351
351 345
434 479
95 50
306 261
306 261
89 95
223 217
192 189
223 178
217 223
345 351
261 306
261 303
217 223
15 34
389 434
95 76
345 339
434 473
178 223
425 399
223 217
217 223
50 95
261 345
479 473
351 345
306 261
473 434
133 240
351 261
351 338
133 201
217 223
217 223
479 473
434 479
133 178
261 351
345 351
261 274
351 306
505 500
389 473
276 320
217 178
217 223
223 217
479 473
95 50
223 217
345 272
345 298
479 389
133 217
261 351
479 434
89 95
223 217
479 434
389 434
50 95
473 479
217 223
345 351
81 42
261 351
261 351
217 223
447 463
95 89
345 306
217 178
345 351
178 223
351 345
435 507
345 351
434 479
306 351
345 351
217 223
63 96
261 345
133 223
389 434
179 202
261 345
473 389
306 261
95 89
5 50
51 42
473 389
473 389
351 281
89 95
348 351
119 123
217 133
261 351
356 270
178 223
125 24
434 479
345 351
133 178
345 351
121 61
261 329
351 345
345 306
89 95
389 473
89 95
89 5
217 223
261 351
223 151
345 351
473 479
5 89
261 306
178 217
95 5
351 345
217 133
351 306
261 351
389 434
133 217
89 5
249 148
479 434
479 389
351 345
351 345
345 351
473 479
217 133
178 223
345 306
133 144
89 50
217 223
306 335
473 434
473 479
50 76
389 473
473 479
223 151
133 217
5 50
389 479
473 479
50 95
345 351
223 178
351 345
473 479
434 479
479 434
89 5
5 50
345 306
345 333
50 95
351 345
5 89
345 351
261 306
351 345
119 123
345 351
307 356
351 306
95 89
50 83
345 306
133 223
178 223
217 223
50 95
479 434
306 261
223 217
389 479
434 479
89 5
434 479
5 50
95 5
479 473
479 494
89 95
169 205
95 50
473 479
217 223
345 274
133 238
351 270
345 261
434 389
389 405
50 99
399 467
223 217
306 345
133 223
473 479
223 227
15 79
351 345
133 151
351 306
473 389
133 178
133 217
89 95
351 345
473 389
89 95
261 351
121 39
95 50
95 50
133 178
479 434
223 217
389 434
473 389
5 95
345 306
223 133
217 223
223 151
50 89
217 133
223 217
479 473
345 351
178 189
389 473
178 217
479 473
473 479
473 479
479 473
50 95
223 133
345 351
178 223
95 50
398 479
5 95
473 479
95 89
217 223
50 83
95 89
133 245
479 389
473 389
223 133
217 237
306 345
345 351
306 351
306 345
479 473
50 46
479 434
95 50
50 5
351 261
50 95
345 261
89 50
473 462
306 351
306 351
345 351
479 434
253 223
389 413
351 345
89 50
473 446
351 335
5 95
56 113
345 339
351 350
50 89
133 217
178 217
479 434
223 133
89 95
398 465
434 479
351 261
306 261
261 351
345 351
473 479
178 223
223 217
217 223
133 223
473 483
479 481
479 501
95 89
345 351
261 329
133 217
434 479
50 95
434 473
223 178
133 223
83 79
178 225
89 50
434 479
345 351
434 479
306 345
133 223
178 223
170 179
351 345
223 217
434 389
351 306
89 5
479 389
473 479
223 142
89 50
351 379
473 479
192 211
89 95
95 89
431 479
261 345
89 95
473 479
389 479
178 142
306 351
434 389
64 15
345 351
351 306
5 95
479 473
345 306
223 133
121 109
345 261
95 50
223 217
473 434
133 217
217 133
138 178
369 314
217 223
217 223
178 133
133 178
345 351
389 473
133 146
223 178
306 351
5 50
223 133
192 144
89 95
133 178
351 261
217 223
345 261
95 89
89 95
389 479
345 351
5 89
178 223
223 133
89 95
345 306
95 89
351 345
351 261
50 89
273 306
95 14
345 351
434 479
306 381
89 5
5 95
223 217
473 479
89 95
389 479
175 133
50 95
5 65
89 95
223 151
434 479
345 351
473 479
148 192
389 479
89 95
89 95
306 351
217 223
479 473
217 223
351 270
345 351
50 95
351 345
89 95
473 479
473 389
478 418
5 89
89 95
479 434
95 50
473 479
217 223
479 473
473 479
169 207
479 434
217 223
95 14
119 123
5 50
217 178
223 178
223 217
133 217
479 473
345 351
133 185
351 261
351 261
89 50
442 467
125 112
351 345
375 379
5 59
389 479
223 217
217 223
217 223
95 62
473 479
133 212
261 351
50 0
502 397
178 229
178 223
261 345
5 50
50 95
184 133
389 434
217 133
50 95
95 50
99 65
133 170
217 178
479 434
95 89
351 345
217 207
178 133
217 223
178 223
50 89
217 223
50 95
355 290
351 345
50 43
217 178
223 217
223 178
217 178
479 473
217 223
223 133
479 473
473 479
479 473
89 95
133 223
351 306
306 351
306 351
133 207
133 238
434 389
95 89
473 479
217 223
306 295
217 223
351 306
95 117
63 96
351 279
133 217
261 351
133 223
95 50
5 89
473 389
345 351
89 50
133 223
217 178
473 479
351 261
351 306
223 133
345 261
345 351
351 345
223 217
89 95
261 351
89 95
509 454
345 351
217 223
217 178
223 178
434 473
95 50
345 259
345 306
5 89
89 95
178 223
306 351
351 256
217 223
246 170
473 405
261 264
345 306
473 434
223 151
182 244
5 95
351 345
89 95
223 217
178 223
306 261
479 389
261 345
217 223
473 479
5 95
448 405
479 398
178 217
351 345
345 351
5 30
217 148
169 151
5 18
178 133
345 302
217 223
345 351
345 351
89 95
95 89
222 244
389 434
345 351
95 89
306 351
95 14
389 479
89 5
434 410
95 14
95 89
133 223
473 479
351 345
261 306
351 345
306 272
95 89
95 50
345 261
95 89
133 178
261 351
389 457
479 434
345 351
178 223
351 345
217 223
217 133
389 479
178 244
217 178
223 133
142 223
89 95
50 95
95 89
473 398
5 50
389 434
148 192
389 473
479 473
351 345
51 42
217 223
434 479
479 434
217 223
345 351
434 407
178 252
351 306
351 270
178 185
217 199
50 95
473 389
351 345
319 335
473 434
306 351
178 217
217 223
306 345
223 133
473 479
133 217
261 329
351 345
306 351
375 379
345 306
5 95
434 479
223 151
351 306
306 345
89 95
389 479
473 479
484 503
351 345
89 95
89 95
89 95
223 217
178 244
178 217
50 94
271 339
95 50
133 212
89 50
95 57
389 434
345 351
434 479
89 95
89 95
178 223
95 89
133 178
50 89
50 89
179 170
345 261
5 50
5 95
473 479
261 306
351 261
5 82
178 133
223 178
345 306
351 345
479 407
345 351
389 434
217 223
389 473
223 133
223 217
479 389
217 133
351 345
223 133
351 345
89 50
217 133
95 50
133 223
479 389
217 219
89 95
95 89
345 351
133 223
50 95
89 95
509 481
345 351
142 209
223 133
133 223
473 434
306 345
434 479
170 222
306 351
50 79
95 89
434 473
89 95
47 5
473 389
351 345
473 479
223 235
217 223
5 50
320 262
261 306
89 95
434 389
5 95
217 223
290 270
473 479
479 473
5 95
217 223
223 217
241 186
351 306
89 5
95 23
217 223
133 223
345 351
14 81
125 18
89 95
381 354
352 256
389 434
479 389
345 351
95 50
473 434
178 223
89 50
95 89
473 479
389 479
217 223
306 345
5 95
95 5
89 56
389 479
389 425
459 497
217 144
217 223
479 473
246 141
89 95
479 473
389 473
217 133
434 389
397 491
351 345
479 473
473 389
434 389
351 345
169 198
351 261
42 51
345 351
50 48
345 351
178 217
345 351
389 479
351 261
479 389
223 178
351 261
89 95
345 306
217 223
389 473
223 217
89 50
434 479
133 217
479 473
249 168
217 178
5 123
89 95
479 434
330 355
95 5
345 300
306 345
425 417
223 217
95 89
306 261
434 473
217 223
178 223
306 367
5 95
473 479
479 473
345 351
345 351
448 436
479 468
10 64
452 425
5 50
179 149
479 473
50 5
95 50
223 133
473 479
345 306
217 223
479 389
479 473
434 473
351 345
95 89
479 473
5 50
178 217
5 95
89 50
345 327
356 375
223 217
369 314
89 20
335 319
306 261
261 352
89 95
389 473
345 351
95 119
178 223
465 426
356 375
434 479
345 351
389 434
261 303
95 5
217 223
95 5
345 327
389 479
345 351
345 351
223 217
217 169
5 95
50 95
95 89
351 355
217 178
5 95
404 392
133 175
261 351
473 434
95 47
345 340
5 95
345 351
389 479
473 434
434 389
95 50
479 389
345 306
223 178
273 320
5 95
95 89
479 398
351 306
178 223
178 133
479 434
217 223
261 256
95 122
95 5
133 223
89 5
261 351
479 434
89 95
133 217
345 351
217 223
121 85
434 479
434 473
95 116
473 479
217 178
133 223
89 95
351 345
434 389
306 295
89 95
89 5
89 95
306 345
89 95
389 434
473 479
434 473
95 50
217 223
133 217
345 306
351 306
404 448
5 95
5 30
434 479
223 151
434 389
133 217
297 328
345 351
178 133
351 270
434 479
95 8
261 351
89 50
217 223
351 261
89 5
345 351
345 259
426 435
434 483
178 223
50 89
479 454
178 158
223 178
89 95
345 351
306 351
261 351
5 95
95 89
89 5
217 146
95 50
178 199
89 50
479 434
276 264
345 351
479 434
434 473
351 306
223 133
95 89
473 434
184 186
306 351
306 351
473 434
351 306
345 261
351 306
241 186
473 479
50 95
261 351
473 416
389 479
133 223
223 217
389 434
133 175
223 204
50 89
15 83
473 479
351 261
351 345
345 351
434 479
345 351
5 50
95 89
351 345
95 5
312 286
178 223
389 434
95 5
381 362
89 95
261 320
351 345
345 351
223 178
223 217
261 351
223 217
306 321
345 266
95 50
473 434
50 95
89 50
345 261
217 223
133 217
473 479
389 502
434 479
497 463
473 479
217 223
473 389
345 351
217 223
5 95
389 479
306 261
473 434
479 434
223 133
217 223
178 223
143 162
351 270
434 389
345 351
306 261
345 351
89 95
473 434
95 89
196 143
351 306
434 501
5 95
351 261
95 14
345 351
50 47
389 434
95 89
89 65
389 473
306 351
95 5
479 473
5 89
345 351
89 95
473 479
50 8
133 223
345 261
178 223
345 351
479 389
479 434
238 217
95 89
223 133
95 47
473 479
50 98
434 473
50 95
306 351
178 223
473 389
351 261
95 50
223 178
217 178
351 261
217 178
345 351
20 8
178 223
178 223
479 434
345 351
223 133
434 389
389 434
187 208
473 389
261 345
434 389
133 217
473 479
473 479
217 182
217 223
223 217
223 178
95 89
5 73
345 351
50 113
50 95
473 476
223 217
89 95
345 351
473 479
389 441
473 479
351 306
306 351
89 95
133 217
89 5
223 180
345 275
345 351
50 5
5 89
5 95
479 473
345 351
95 50
434 479
5 50
178 217
389 473
389 431
351 345
345 351
434 473
345 261
217 173
447 504
351 345
89 50
223 178
178 223
178 223
479 398
223 178
50 95
479 473
5 89
95 50
178 223
345 351
345 334
89 5
345 270
89 95
473 434
95 89
479 452
5 95
306 351
351 270
89 95
5 50
389 479
389 434
133 245
261 306
473 479
89 5
89 95
389 473
261 306
473 389
401 464
261 279
345 351
95 50
223 217
133 223
306 256
89 50
223 178
217 223
389 479
479 473
89 60
479 434
89 20
5 47
434 414
89 95
142 209
345 306
217 223
217 178
223 217
133 178
381 351
407 479
479 434
345 351
95 89
261 345
143 207
434 473
5 50
389 457
306 351
389 479
50 95
306 351
50 95
217 223
133 223
223 178
217 223
179 232
479 473
89 95
95 89
389 473
89 80
389 473
151 223
133 175
95 5
99 80
89 95
89 50
458 484
473 389
95 50
89 95
50 43
217 178
89 50
345 351
50 95
389 457
345 306
50 95
217 223
89 5
217 223
351 261
389 479
95 14
434 479
345 351
473 389
479 473
81 42
454 426
473 479
274 345
217 223
345 306
345 351
345 351
89 95
261 345
345 351
217 178
473 479
223 178
345 341
462 473
389 479
345 351
223 133
223 142
5 50
389 431
5 95
217 223
345 351
89 95
306 261
389 434
479 434
479 389
5 89
178 223
95 50
50 95
95 5
133 223
261 351
351 261
261 351
473 389
351 345
5 107
473 389
50 95
89 95
5 95
298 352
89 95
261 351
434 397
217 178
479 473
306 261
89 5
351 345
217 223
41 16
50 95
64 58
246 141
345 306
95 50
5 89
473 389
434 479
89 95
261 351
125 59
50 5
261 345
223 151
351 256
473 479
223 229
389 479
217 244
261 306
133 201
351 279
89 5
217 223
89 95
178 223
148 192
217 133
50 95
133 167
50 89
133 223
89 50
178 223
261 351
351 345
178 161
50 95
223 217
351 345
89 95
306 345
133 201
95 14
351 345
89 50
261 345
306 345
351 345
95 89
5 95
503 392
345 306
345 351
473 389
351 306
479 398
217 223
178 223
217 223
381 351
217 178
473 479
217 133
223 169
223 133
5 50
89 50
95 50
351 270
389 434
217 223
133 217
479 434
473 479
473 434
434 479
235 223
306 351
479 473
50 95
95 50
178 223
345 306
473 479
217 178
261 351
133 223
306 345
5 95
217 223
479 434
95 89
434 464
389 457
434 389
178 214
479 434
89 5
345 351
479 473
479 473
89 95
50 5
306 372
133 223
434 479
217 223
223 225
89 50
178 133
89 50
89 95
133 241
178 223
133 207
306 261
351 306
89 95
89 50
217 223
5 95
95 23
133 175
89 95
89 95
480 385
95 89
479 389
345 351
5 89
479 434
5 50
133 223
133 217
223 217
89 5
89 95
99 89
261 351
224 181
473 479
434 429
5 95
50 5
270 337
95 89
95 89
253 219
261 351
223 217
261 351
434 445
273 348
261 345
306 276
50 95
217 246
223 178
434 401
261 306
133 217
217 133
50 95
345 351
89 50
217 133
473 404
306 345
95 79
345 351
223 217
345 351
89 92
89 116
223 221
306 261
133 223
68 14
89 50
351 345
261 345
473 479
306 351
434 479
217 223
389 479
306 351
452 399
306 351
133 217
23 95
473 479
95 50
133 223
473 389
389 473
473 389
217 178
478 403
95 5
95 23
95 89
223 217
473 479
473 479
351 306
351 306
351 345
169 247
345 261
223 151
306 340
389 431
223 178
479 434
95 89
479 434
223 142
434 389
345 306
425 463
345 306
389 479
345 261
89 5
178 151
312 261
434 482
50 5
345 306
473 479
217 223
50 5
133 217
133 201
89 95
178 145
133 201
95 89
89 50
223 178
345 351
434 479
479 434
479 389
345 351
479 473
479 473
50 95
261 329
306 351
351 306
95 50
389 473
178 217
261 351
95 50
5 95
133 223
345 335
95 89
169 154
479 434
434 479
5 73
133 178
434 479
50 5
95 89
306 351
306 345
178 223
306 345
223 178
434 479
479 473
217 144
434 389
5 95
479 389
223 209
20 8
95 89
133 178
457 389
217 178
95 89
345 351
306 351
50 95
223 217
351 261
442 462
133 217
95 89
345 351
95 14
447 504
261 306
345 351
178 131
50 95
345 351
306 345
261 306
95 89
473 479
345 306
389 434
217 178
178 217
89 3
25 106
95 50
434 479
5 50
217 251
223 178
217 223
223 217
178 133
5 114
306 351
479 473
345 351
5 48
89 95
217 223
95 5
217 178
479 389
5 89
217 178
89 95
306 261
89 50
133 145
261 351
297 324
261 351
351 345
95 89
95 50
345 351
223 178
133 223
217 223
434 479
345 351
276 264
95 89
5 95
89 95
261 351
223 217
351 345
434 389
223 217
5 95
95 89
178 223
306 351
223 217
434 479
178 253
50 95
389 479
133 223
345 351
217 223
143 211
261 345
473 389
479 434
223 217
351 345
479 434
133 223
217 223
473 479
133 223
479 434
473 434
95 71
345 306
345 351
473 479
133 223
94 15
306 351
351 306
389 400
473 479
89 66
217 223
306 370
434 479
89 50
217 223
133 223
223 151
345 351
389 473
133 223
261 306
306 261
345 270
479 473
133 239
89 95
95 89
389 479
89 95
434 479
479 434
223 133
50 89
223 217
178 223
89 95
351 306
473 479
473 507
95 50
345 351
223 244
473 434
298 276
217 133
261 306
351 261
178 133
178 133
89 95
351 306
133 223
107 13
483 506
89 50
473 434
15 79
473 479
345 351
473 479
89 95
89 95
389 415
434 479
306 351
398 465
217 223
