512 10000
223 217
261 290
89 1
480 468
389 479
389 479
178 133
63 51
89 50
479 473
345 351
434 473
95 89
217 133
345 351
473 479
502 449
223 217
345 351
50 89
5 95
89 95
389 449
345 351
217 133
389 473
351 261
223 185
449 392
95 50
217 178
178 133
89 117
473 479
217 178
389 479
345 306
345 351
261 303
261 327
479 467
345 351
345 261
178 223
473 479
351 306
95 50
217 223
50 95
479 389
95 89
434 479
217 223
306 351
50 105
95 50
5 89
209 178
306 261
223 217
89 95
133 223
50 95
178 217
351 345
389 473
479 389
5 95
389 473
95 89
50 95
50 35
178 217
261 306
217 178
473 479
123 119
5 18
178 210
261 351
133 182
473 479
217 178
473 479
401 425
473 434
95 5
151 223
217 223
178 223
89 95
178 162
50 5
351 345
389 434
261 351
50 95
345 351
351 306
178 223
50 95
5 89
217 223
95 23
345 351
389 479
95 89
345 306
95 89
345 261
261 351
351 306
95 89
89 95
345 351
223 133
223 133
133 223
306 345
307 319
217 133
381 351
479 473
306 261
297 378
306 345
217 178
95 50
345 351
434 473
389 494
473 434
306 351
95 89
50 95
223 178
89 50
5 89
89 95
133 217
306 351
351 261
434 458
448 465
306 335
223 178
89 5
473 434
223 217
50 89
89 95
473 389
217 223
217 253
389 479
50 95
306 351
223 212
473 479
89 95
261 351
249 241
389 431
89 95
261 329
351 345
473 479
351 261
473 434
473 434
50 95
434 479
89 50
217 223
434 500
223 217
95 23
217 220
5 95
223 217
5 47
133 201
320 339
50 95
473 434
50 93
438 415
95 89
217 223
261 306
5 117
345 351
217 223
389 479
89 50
389 473
261 306
50 5
5 89
434 416
434 479
261 345
389 473
351 306
89 71
345 351
345 261
351 345
351 306
306 261
89 95
351 306
217 133
306 261
479 434
196 143
95 5
479 434
473 479
89 5
89 95
89 95
223 133
473 389
363 269
306 305
178 138
345 351
473 479
217 178
89 95
50 85
223 133
223 217
50 54
133 217
133 217
133 217
223 217
178 223
50 19
95 50
89 95
95 89
473 389
89 95
473 479
223 217
351 306
5 47
473 434
178 217
345 306
351 345
345 261
217 223
389 434
389 434
95 89
473 389
434 431
217 178
5 89
133 178
178 223
5 78
261 256
434 389
351 345
133 223
223 179
473 389
306 351
473 479
345 306
223 217
377 339
389 473
389 434
217 175
345 351
351 261
223 151
473 479
306 351
133 178
179 206
351 345
5 50
306 351
127 50
306 261
306 269
223 196
223 217
434 389
261 306
434 414
473 479
389 479
345 351
95 30
5 81
217 178
363 269
223 191
95 50
434 389
351 261
95 50
178 223
345 351
345 379
217 223
95 50
479 473
133 223
89 50
5 95
217 223
228 247
479 389
89 5
13 81
434 461
223 145
89 95
178 223
479 389
58 59
261 345
351 345
389 479
178 136
351 261
351 345
217 178
306 351
479 473
351 306
95 122
473 479
217 223
389 473
5 95
479 460
389 473
261 345
479 389
133 223
473 389
223 151
179 239
246 193
95 89
5 95
5 89
50 89
95 50
89 95
389 479
223 217
89 95
89 95
178 223
404 392
5 89
261 351
351 258
473 479
473 479
479 434
217 223
217 223
261 306
345 351
217 223
351 306
261 306
95 89
351 261
479 407
473 479
217 178
178 223
133 223
223 178
89 95
351 306
473 479
473 479
351 261
319 294
133 217
479 389
345 261
133 223
310 339
351 345
5 50
89 71
345 306
223 217
178 223
89 50
351 261
95 5
345 306
95 89
351 345
89 5
339 298
473 476
223 133
223 142
389 431
89 95
95 89
479 473
479 473
473 434
223 178
306 273
50 95
5 89
261 351
351 345
298 367
217 223
89 50
473 389
479 414
345 351
133 178
345 351
223 217
473 479
425 418
50 95
473 438
479 473
217 223
217 178
276 264
89 28
351 306
351 261
270 337
345 330
89 95
89 95
217 133
389 434
345 351
479 389
5 115
182 135
95 89
345 351
95 89
89 95
351 306
434 389
223 217
217 223
473 479
133 217
17 60
223 217
133 223
95 12
479 407
223 178
351 345
223 217
5 92
306 368
479 500
133 217
133 175
89 50
306 351
178 223
50 95
50 95
479 434
5 50
89 95
473 479
178 223
490 479
5 89
5 95
95 5
178 223
95 89
434 479
95 89
95 89
351 261
306 345
5 95
5 89
479 389
473 389
89 95
473 389
418 426
217 178
473 434
345 351
217 223
434 479
345 351
95 5
95 89
186 203
89 117
351 345
5 95
223 133
89 63
89 50
223 178
473 389
345 351
479 434
95 5
473 434
351 306
50 95
223 142
89 50
351 345
351 345
5 95
351 345
473 479
261 351
89 95
345 261
5 50
223 140
473 479
5 50
479 473
133 223
80 50
261 351
223 217
473 479
217 191
306 351
434 479
434 479
178 133
479 407
306 351
223 178
50 95
351 345
473 389
434 478
217 223
50 5
306 261
223 217
473 479
178 223
351 274
178 181
89 63
179 216
89 95
473 479
389 473
5 95
479 473
448 467
133 223
5 89
95 5
473 479
306 351
89 50
5 50
351 261
473 434
473 479
434 465
261 345
95 23
345 351
223 217
192 241
89 95
345 351
434 479
479 473
473 434
345 351
351 345
261 351
389 473
95 5
95 89
389 507
133 223
389 479
95 5
389 473
217 223
389 479
5 95
217 223
389 479
306 345
345 351
479 434
473 479
223 178
223 217
473 434
95 23
351 279
431 463
178 217
261 345
434 479
51 42
89 107
261 306
434 473
306 351
465 448
223 133
473 479
351 345
217 243
473 434
434 479
50 95
50 17
351 306
133 223
95 89
261 351
479 389
142 209
345 351
217 246
306 351
473 389
223 217
182 159
50 95
217 178
306 351
95 5
89 95
223 133
473 385
119 123
217 178
89 56
178 223
5 92
473 434
351 306
434 473
50 95
50 5
351 261
50 89
434 467
5 95
345 334
473 392
473 479
261 304
95 5
345 261
95 89
306 355
261 345
217 223
351 345
473 479
345 351
351 345
261 306
223 225
351 306
306 351
95 50
479 473
351 261
473 479
473 479
479 434
89 50
89 95
479 473
95 50
473 479
473 479
5 95
351 327
133 223
389 507
473 479
133 201
253 151
178 223
217 223
479 434
345 261
217 223
261 345
434 479
50 89
351 261
89 95
95 119
389 479
345 306
473 389
178 223
351 345
276 264
351 270
50 95
89 95
473 479
434 441
434 479
473 389
351 354
345 338
95 14
392 404
178 189
223 217
479 473
345 261
217 178
320 339
434 479
345 351
95 89
125 85
50 95
217 223
217 178
5 95
5 89
178 217
389 452
381 315
389 479
133 223
345 261
95 89
222 147
217 223
95 14
217 223
5 50
223 217
389 434
217 223
306 266
50 95
223 237
473 434
473 434
95 89
95 5
95 5
119 50
50 95
434 479
345 351
434 473
306 345
223 178
143 211
345 351
345 261
351 261
261 351
223 178
306 351
95 50
389 457
351 345
389 434
345 351
473 389
434 479
389 479
217 223
389 479
5 95
479 389
208 178
50 45
351 261
479 389
178 224
50 95
89 95
473 479
95 89
89 95
345 351
306 351
389 479
95 89
261 345
434 389
5 89
479 389
50 95
50 95
434 479
345 351
351 261
389 468
223 217
473 434
297 339
345 351
473 479
345 351
89 95
223 133
95 50
310 291
473 479
217 223
5 89
217 133
89 95
178 223
178 250
306 351
89 95
89 95
223 133
479 476
434 479
345 351
314 349
345 306
5 95
473 479
222 161
192 211
377 277
5 50
434 440
261 345
389 479
306 345
5 95
217 178
306 351
50 25
434 389
89 95
178 133
306 294
50 95
351 345
20 64
306 351
89 50
223 178
217 178
217 133
335 310
133 191
345 351
5 50
345 261
217 133
217 223
95 50
89 5
345 351
345 306
479 434
5 106
5 95
133 223
261 345
389 479
223 217
95 50
306 261
89 95
473 417
89 95
133 175
261 345
389 498
473 479
207 211
434 479
50 95
178 205
434 473
261 351
479 473
389 434
95 50
50 89
351 345
389 473
389 479
434 479
217 223
351 261
50 5
178 223
217 223
95 23
306 294
479 434
434 422
133 251
50 95
389 479
306 370
345 351
51 96
351 306
95 89
434 473
345 351
5 89
5 95
95 89
50 95
473 479
449 439
261 345
89 50
95 5
473 479
95 89
434 479
5 50
261 351
473 434
123 119
89 50
351 345
473 479
50 95
351 261
473 479
227 137
351 289
5 95
217 233
473 479
133 175
95 50
473 479
223 217
345 351
89 5
389 473
345 261
434 479
89 95
223 217
351 345
133 178
217 223
217 133
89 95
50 95
95 5
261 279
479 389
5 89
5 89
271 335
89 95
351 306
389 479
351 261
351 345
389 479
495 389
89 5
178 223
95 5
217 223
389 473
473 451
389 473
89 95
306 261
89 50
178 223
217 223
389 434
345 351
473 479
425 452
434 473
261 306
95 89
32 74
50 95
345 351
261 351
217 179
217 223
178 217
133 217
89 95
261 306
50 89
217 223
223 217
351 345
345 351
217 178
335 302
261 345
345 351
389 473
133 175
306 351
345 261
227 148
261 327
5 95
95 89
389 434
306 351
5 95
89 47
434 479
306 345
335 310
121 88
345 351
261 345
133 209
351 345
217 223
169 232
434 443
306 351
473 479
178 217
434 389
50 89
223 133
217 223
223 217
133 223
217 223
261 351
479 434
50 89
50 95
95 5
345 351
5 50
351 345
5 95
133 223
95 89
178 146
434 389
505 488
345 261
434 479
89 5
479 431
50 5
351 345
389 479
223 217
223 217
50 95
306 351
133 217
217 223
223 217
434 389
5 89
473 479
479 414
95 50
223 133
178 223
133 223
217 223
119 99
389 457
182 160
473 389
479 473
5 95
95 20
133 223
479 389
217 223
20 64
434 479
50 95
89 50
89 95
95 14
217 133
434 479
89 5
389 431
351 345
50 53
401 439
5 95
473 479
5 47
401 458
345 351
217 223
182 211
121 20
133 170
345 351
89 95
345 306
50 89
5 89
50 5
479 389
217 223
345 351
89 5
95 50
89 95
473 479
89 95
434 473
261 351
389 479
389 479
123 119
89 95
479 467
389 479
345 378
95 5
5 95
389 479
434 479
178 217
95 89
377 301
5 89
351 345
5 89
434 479
473 479
217 133
217 133
345 351
389 431
217 227
261 306
473 479
223 178
95 89
389 511
89 50
178 223
345 330
217 223
473 434
143 207
5 50
50 78
434 402
5 95
95 80
479 434
261 345
434 479
58 79
345 261
5 95
95 89
479 434
345 351
178 238
89 95
473 479
95 89
50 95
89 5
473 389
306 276
261 351
345 306
298 307
473 479
133 223
223 217
473 479
479 473
5 95
95 89
5 95
95 89
473 389
178 223
479 473
89 95
133 223
217 133
479 434
95 50
178 223
479 473
345 306
434 479
345 351
473 479
389 479
89 95
389 434
223 217
89 95
473 479
217 223
306 351
345 351
223 217
473 479
389 479
479 407
223 217
355 331
223 133
479 434
223 133
95 5
473 479
434 473
389 457
223 191
89 95
89 50
351 261
223 217
223 217
89 95
389 457
178 205
447 480
351 345
389 431
261 303
223 217
434 479
223 178
50 89
261 351
479 434
217 223
345 358
223 133
223 133
5 95
107 120
389 473
306 351
223 142
389 479
89 95
217 178
223 178
5 59
133 223
133 223
5 95
505 467
223 217
479 398
89 50
95 89
351 339
306 261
351 261
345 351
217 223
473 479
473 479
217 223
473 434
351 270
203 241
306 345
178 133
68 15
479 389
5 95
473 389
228 247
473 479
306 351
261 306
375 379
178 223
261 306
306 333
95 89
473 479
89 95
345 351
389 479
223 217
345 306
223 217
148 136
389 473
345 261
133 223
5 47
217 178
306 351
217 223
473 479
217 223
133 201
434 389
223 133
133 223
223 217
389 457
5 89
217 133
89 95
5 50
179 191
434 440
345 301
223 133
345 294
306 351
133 195
50 95
178 223
217 178
389 473
351 345
412 478
223 217
5 89
223 178
192 252
479 473
5 47
217 223
473 434
306 351
479 473
223 164
306 272
107 13
223 217
133 223
133 178
389 473
351 345
95 89
261 329
50 89
5 12
351 306
133 223
306 351
345 261
389 473
465 426
50 95
351 279
217 223
473 389
473 479
484 398
480 397
95 89
351 306
389 473
89 95
89 95
345 351
473 479
89 50
223 133
306 351
351 261
217 223
223 217
389 434
473 407
473 479
345 306
133 223
434 479
389 479
5 89
89 5
89 95
89 95
351 345
178 223
351 345
351 261
351 266
345 261
133 178
217 223
89 95
89 95
223 151
479 473
50 95
381 351
178 223
178 223
425 452
133 192
473 479
133 223
89 95
178 217
89 95
5 50
217 223
306 261
50 95
217 178
479 434
345 351
261 351
389 473
345 351
345 264
89 95
178 223
50 89
261 351
15 83
345 306
479 389
434 473
434 473
223 178
389 479
217 223
217 223
217 244
89 50
89 95
89 95
473 389
345 351
434 389
217 223
89 95
217 223
133 178
50 95
5 95
345 351
89 53
5 73
217 223
178 223
306 351
217 223
345 261
217 223
5 95
217 223
41 15
223 151
13 107
89 50
345 351
133 178
133 201
389 447
261 351
95 5
15 34
89 3
389 499
389 473
463 473
479 389
306 345
223 217
217 223
178 198
89 5
50 123
178 223
54 96
50 95
5 73
95 89
178 223
125 9
473 401
178 223
5 89
217 223
50 5
306 260
389 479
217 133
178 133
89 95
306 307
5 50
217 223
434 479
5 95
261 306
345 306
389 473
345 306
479 434
261 345
479 473
133 178
121 6
479 473
306 345
345 351
434 473
261 306
306 261
434 384
261 315
217 223
479 434
261 306
223 178
473 434
351 345
89 5
473 435
95 14
345 351
50 5
306 345
223 133
133 223
89 95
389 434
133 223
261 351
133 178
178 223
95 93
178 223
217 223
217 133
389 479
261 315
145 223
223 217
133 235
261 351
95 89
261 345
223 217
223 178
217 223
217 223
434 479
306 351
306 259
434 389
133 223
351 306
5 95
479 434
178 223
217 133
89 95
209 178
133 223
217 223
473 479
473 479
434 479
434 479
133 223
389 434
306 264
479 434
479 434
223 178
217 133
350 349
479 398
389 479
217 223
473 479
5 89
95 5
223 178
217 223
89 50
473 389
89 5
50 95
223 217
50 54
351 345
217 223
479 384
95 89
133 178
217 178
95 5
89 5
5 50
178 223
434 479
261 351
351 345
434 479
389 468
261 345
473 434
178 133
50 95
389 479
307 300
479 473
89 5
5 95
473 479
479 434
434 479
223 133
351 345
133 223
473 389
50 95
95 51
223 142
261 351
434 479
479 473
345 351
5 89
223 217
95 89
369 314
95 94
95 89
5 20
306 351
178 223
178 223
351 306
5 50
320 297
89 95
306 345
330 356
50 95
434 479
217 178
100 14
473 479
89 5
223 217
133 223
128 217
434 473
495 454
223 178
261 351
479 473
217 223
125 95
351 261
473 479
50 21
95 50
95 89
306 345
345 351
306 345
473 479
434 479
89 95
217 178
217 223
351 306
345 257
434 479
479 389
89 95
473 434
479 434
434 473
89 50
261 351
89 117
479 473
473 389
306 351
95 89
133 223
350 374
145 223
89 5
217 133
434 479
345 351
434 479
217 223
345 313
306 351
169 151
389 473
473 389
89 5
50 5
5 89
345 351
217 223
178 217
99 107
389 434
483 434
426 435
345 351
178 223
89 95
351 261
306 351
351 256
473 479
434 473
479 398
261 351
178 175
217 178
133 198
95 89
345 261
389 479
50 95
89 50
217 223
50 89
473 434
306 351
389 473
217 178
133 223
50 5
345 261
479 407
473 479
351 279
89 95
178 133
17 80
473 479
479 434
297 279
89 50
5 95
217 216
345 351
145 223
479 473
217 223
434 473
5 47
223 133
473 434
473 479
223 133
125 59
178 223
479 389
345 351
74 100
5 50
381 315
351 261
351 345
5 89
217 223
178 223
345 306
306 351
434 479
389 479
223 217
306 351
217 158
306 351
351 345
223 217
473 479
5 89
121 20
223 217
479 473
50 95
95 50
389 434
50 89
217 178
473 479
217 223
95 117
58 113
89 95
178 148
169 142
178 223
89 95
473 479
261 329
178 223
162 239
5 95
306 351
133 223
345 351
479 473
95 5
479 434
5 89
351 337
217 223
479 389
224 139
5 95
473 479
473 479
89 95
95 89
345 306
196 143
351 306
473 479
351 306
178 217
473 479
306 317
345 351
479 434
351 306
473 389
345 306
217 223
95 89
5 95
5 89
50 5
89 50
5 89
473 466
351 345
261 306
217 238
389 473
306 295
217 223
223 178
351 279
261 303
89 5
345 261
306 269
95 89
89 95
133 223
89 5
345 351
5 95
473 389
434 479
133 217
217 223
457 389
50 95
223 133
95 5
306 261
479 434
217 178
261 351
5 95
5 65
217 223
479 473
389 479
473 479
473 479
5 95
389 434
381 286
389 479
95 89
74 100
133 201
389 473
369 314
50 95
479 385
178 223
5 95
125 50
479 473
479 389
191 248
223 133
479 473
89 5
434 479
223 217
261 351
473 479
133 223
473 386
178 223
345 351
32 74
217 178
345 351
473 479
133 178
434 479
5 47
345 351
179 191
89 95
89 5
473 479
5 68
74 20
261 345
223 133
223 141
261 345
223 217
351 306
351 264
261 306
178 223
473 434
261 307
479 434
434 478
217 178
95 89
223 217
261 345
217 223
440 389
50 95
217 170
389 479
351 345
389 473
223 133
389 457
178 217
223 217
50 95
306 295
178 133
133 201
133 242
95 89
95 89
50 89
351 306
178 223
95 89
479 473
217 223
178 223
261 306
50 26
369 314
95 93
261 351
178 223
95 102
306 261
345 351
178 223
261 351
351 345
217 133
50 89
389 473
502 449
351 345
223 217
89 50
89 116
217 178
473 434
389 473
345 306
95 50
351 345
434 479
351 345
389 473
298 307
479 434
351 374
89 95
261 351
89 95
217 223
95 89
261 306
50 95
133 223
351 345
425 454
479 501
479 398
89 5
89 95
473 479
95 50
473 434
306 351
5 50
133 178
5 89
261 351
89 5
306 351
95 18
95 89
95 23
473 434
89 48
178 217
473 479
261 351
345 306
178 141
351 345
306 351
89 95
473 479
217 133
261 378
306 351
351 345
217 223
133 223
261 306
223 133
217 223
133 217
50 95
434 473
261 306
95 89
261 351
5 95
217 223
306 261
479 473
434 389
217 223
473 479
50 95
178 223
306 345
479 434
95 49
434 473
217 223
345 261
389 479
50 5
434 479
50 5
217 223
217 178
345 351
351 345
217 178
217 223
5 95
217 166
5 89
5 50
261 350
479 389
133 164
50 89
479 473
351 261
479 434
178 249
438 486
50 95
350 310
306 381
345 351
178 217
89 95
217 133
351 306
5 89
89 95
89 95
351 345
306 345
223 178
345 261
121 31
217 223
89 95
178 133
249 175
351 261
261 351
133 234
473 389
178 209
50 95
133 223
261 351
182 251
178 223
261 290
217 223
5 95
89 5
479 398
95 89
50 89
306 351
217 133
182 211
178 217
345 276
5 33
178 223
223 133
5 47
133 223
306 351
5 23
473 479
345 351
351 345
389 434
89 95
133 223
142 207
261 351
223 178
89 95
306 351
95 89
217 211
5 50
434 389
261 306
434 479
223 217
5 77
345 351
95 89
95 89
271 290
95 50
389 434
133 223
306 345
479 434
306 351
227 171
479 434
345 351
50 95
217 178
89 95
351 261
217 178
223 217
351 345
89 50
95 50
479 434
345 261
389 479
473 479
89 95
95 50
404 392
473 479
89 95
217 223
345 351
389 479
217 223
50 5
479 473
217 178
345 306
217 223
351 345
345 351
389 479
473 479
217 239
473 434
178 161
217 223
261 351
459 473
261 351
5 50
434 473
95 52
434 389
473 434
261 328
5 95
217 223
261 306
223 178
89 50
473 479
434 389
345 351
306 351
307 329
217 223
178 226
351 261
15 34
89 5
95 50
351 306
389 479
50 5
223 217
351 261
89 105
223 133
479 434
351 306
89 5
351 261
473 434
306 351
217 133
345 261
306 351
261 306
345 351
306 351
261 303
389 467
351 345
89 95
133 234
261 351
345 351
345 351
223 217
217 223
351 345
223 220
306 345
5 89
389 425
306 351
89 95
473 434
223 224
389 396
434 479
261 345
351 345
479 389
261 345
133 223
438 389
89 95
89 95
89 95
473 389
478 392
249 188
307 299
95 50
351 261
389 479
306 369
345 261
473 479
89 50
473 479
389 434
351 306
178 217
351 261
473 479
95 50
217 178
351 306
434 389
50 95
89 95
50 95
345 261
345 261
473 389
473 479
389 434
389 434
389 479
5 89
345 306
89 95
434 479
473 434
5 95
50 5
170 179
345 334
95 89
95 89
50 95
178 223
350 381
298 350
95 5
217 178
217 133
178 253
473 462
217 178
478 458
95 5
389 473
434 479
389 479
223 217
351 345
434 479
95 89
95 5
50 95
448 467
473 479
5 50
5 14
223 133
89 50
223 217
89 95
261 351
89 95
351 345
473 389
178 223
223 133
89 95
95 89
306 345
178 217
389 434
95 89
345 306
133 223
133 223
351 261
261 351
434 500
345 351
306 351
89 51
345 351
351 345
473 479
345 306
307 319
479 473
473 479
133 223
306 351
192 188
404 392
473 479
434 431
217 223
351 345
125 99
178 223
50 89
345 351
217 223
261 306
479 419
133 223
345 351
261 303
306 261
389 473
217 223
345 270
261 351
223 142
89 50
50 5
89 95
217 223
473 389
473 491
473 434
217 223
178 142
473 479
5 50
473 479
491 397
133 201
345 261
261 306
50 95
95 89
50 89
217 133
389 431
5 89
217 223
5 95
261 351
398 465
389 479
89 50
95 89
261 345
306 261
434 479
133 178
473 479
306 351
479 473
223 217
509 439
89 95
351 306
217 223
95 89
50 95
89 95
473 389
345 306
89 50
89 50
473 479
50 95
50 89
479 434
473 389
50 95
306 351
95 105
223 135
50 95
50 95
345 306
5 89
473 479
454 426
178 223
389 479
261 306
5 8
306 273
5 50
217 223
89 95
345 351
5 89
217 223
217 223
351 345
479 473
223 142
261 351
217 178
306 351
95 17
434 479
178 232
89 95
345 306
107 19
89 50
264 320
434 431
217 178
345 351
434 479
41 68
261 351
217 223
345 306
261 351
160 202
50 95
345 282
58 113
434 479
50 95
178 223
95 50
351 306
345 351
345 351
95 89
473 479
89 95
345 348
261 351
178 133
133 217
95 89
5 95
89 95
398 465
89 95
95 50
389 473
89 95
178 154
89 95
133 223
95 50
217 223
223 217
473 467
434 479
434 473
208 178
5 95
89 95
306 351
351 306
5 23
345 306
389 479
345 297
178 209
479 473
306 351
479 434
389 479
198 170
178 133
217 178
306 345
306 351
50 5
473 389
351 345
351 306
479 389
178 223
473 434
50 89
404 392
95 50
178 202
95 83
89 95
89 95
178 141
389 479
182 227
473 389
133 223
133 178
89 95
389 473
473 479
5 89
261 351
434 479
261 303
261 345
479 389
133 178
473 479
133 223
306 261
345 351
404 448
95 89
345 351
50 95
50 5
95 23
223 217
95 89
434 498
261 351
389 457
223 133
223 133
389 479
191 224
479 473
223 178
50 95
89 50
509 454
133 223
50 95
89 95
95 5
345 351
261 303
50 95
345 351
434 443
473 479
306 351
50 95
89 95
351 306
473 389
89 95
351 345
389 506
217 146
89 5
449 501
178 223
223 178
345 351
5 50
133 223
50 89
89 95
89 50
434 479
478 468
351 261
95 89
95 50
223 196
89 95
479 407
133 223
479 478
448 467
95 50
223 217
95 14
5 89
5 98
479 473
5 95
119 5
345 351
217 133
389 479
223 217
89 5
89 50
89 51
389 434
89 95
178 145
89 50
434 479
223 244
223 217
95 89
261 345
89 5
217 223
351 306
345 351
89 5
276 264
465 448
95 89
178 223
95 89
95 76
133 178
261 306
473 479
345 261
95 23
217 223
223 133
389 493
223 217
306 351
95 89
178 248
95 89
89 95
306 345
479 473
178 217
479 389
227 201
178 223
389 431
133 217
89 5
431 404
50 95
306 351
223 133
261 351
178 223
351 306
351 345
479 398
133 175
50 95
479 473
95 89
345 351
479 473
389 457
89 5
351 345
479 473
434 407
351 270
217 223
261 351
473 434
133 205
95 5
350 317
389 431
434 473
95 5
473 479
95 50
217 223
434 479
345 306
89 5
223 217
479 447
178 223
133 217
351 306
345 351
217 223
95 89
473 507
5 95
217 223
389 479
434 389
479 434
5 95
89 5
182 209
479 473
434 479
95 71
493 479
479 473
95 5
404 392
473 479
306 261
95 50
223 142
306 345
50 5
178 211
223 178
389 434
473 479
351 345
473 479
473 389
95 89
51 93
351 345
89 50
306 351
178 223
178 217
306 370
434 401
50 5
351 306
95 89
133 142
345 351
217 223
389 473
217 133
178 133
261 306
89 95
95 5
142 209
178 133
261 345
306 261
217 223
143 211
133 178
473 479
479 389
434 447
178 223
261 351
95 89
68 15
95 89
473 389
125 46
178 223
434 473
473 389
345 365
5 47
345 351
133 217
133 244
143 162
50 95
507 479
5 50
261 306
261 351
345 351
351 315
351 306
483 390
5 89
351 306
217 223
434 389
335 356
89 95
473 434
345 351
351 306
223 217
434 479
261 306
261 306
261 351
217 133
389 479
351 345
133 178
351 276
479 389
217 223
223 217
5 95
479 434
5 95
178 223
133 178
5 95
25 100
223 133
95 79
438 460
217 179
473 434
473 434
133 217
223 177
217 133
50 127
223 178
223 133
389 434
121 32
50 95
473 479
351 345
223 128
479 473
89 47
178 217
345 351
389 473
261 306
351 345
95 5
351 261
345 351
217 223
95 5
133 182
449 418
261 351
95 89
89 95
261 306
351 345
351 306
345 270
473 434
345 351
5 89
479 473
217 223
306 369
375 264
95 5
145 220
217 178
223 178
345 306
228 247
178 133
178 223
178 223
404 505
50 95
223 217
479 389
306 351
306 345
95 89
217 178
473 389
5 50
95 50
351 345
113 58
95 89
479 434
473 479
217 178
463 464
473 479
479 468
261 345
306 295
223 133
473 434
479 473
345 351
95 50
479 473
363 335
178 217
345 261
434 389
145 176
351 270
89 5
133 178
434 473
50 95
95 89
178 223
351 345
95 5
89 50
217 133
473 479
473 479
95 5
89 95
89 95
5 73
389 473
434 473
473 423
473 479
95 50
133 217
89 95
473 389
95 42
95 83
15 83
473 410
473 479
5 89
50 95
381 361
261 345
479 464
473 479
178 223
89 50
473 434
351 345
5 89
479 389
223 142
64 8
89 95
133 217
389 457
95 71
473 479
345 351
473 389
351 327
473 479
217 178
217 223
89 5
473 479
306 309
479 398
5 95
217 223
261 369
479 467
306 261
217 178
5 89
473 479
473 479
345 351
89 95
223 211
351 306
89 95
217 223
261 306
345 261
178 217
223 217
50 89
351 345
479 434
479 434
217 223
345 304
345 351
95 89
95 89
95 5
306 351
94 46
5 95
345 351
50 5
133 178
261 351
355 281
473 479
89 95
345 351
320 339
217 223
95 89
261 351
345 351
5 50
306 351
217 223
217 178
223 217
133 178
15 79
178 223
351 306
502 397
223 178
345 306
473 479
345 306
306 351
217 223
261 351
261 306
306 345
89 95
217 223
261 345
473 389
345 351
473 434
261 351
217 223
178 223
479 473
294 261
261 345
125 94
217 133
217 223
345 351
479 473
261 345
473 479
479 434
95 50
479 389
473 434
133 223
217 238
389 457
434 479
5 89
345 351
223 217
434 479
389 473
261 306
306 351
178 130
217 178
217 178
473 389
223 133
345 351
306 345
261 351
5 95
50 95
479 389
479 389
351 261
133 225
438 409
306 366
345 306
479 466
345 351
473 479
434 473
473 479
178 133
133 175
133 223
389 434
217 223
351 345
95 89
89 95
434 479
217 223
306 351
228 247
133 223
217 223
473 479
261 345
345 351
95 25
50 17
389 479
261 345
345 351
306 351
50 95
178 223
345 351
248 191
217 133
479 473
473 389
89 59
473 479
133 223
434 473
5 95
95 50
95 5
473 479
95 5
217 223
217 223
306 351
89 95
50 95
217 223
345 306
133 201
345 261
50 95
473 497
223 151
345 351
479 473
89 95
223 217
389 479
50 5
41 15
351 306
261 351
389 431
95 50
217 223
389 473
50 95
389 434
345 306
306 351
217 191
264 276
479 473
261 351
89 95
479 434
479 434
377 296
89 95
434 389
345 351
223 217
89 73
345 335
369 330
351 339
345 306
89 50
217 223
89 95
351 345
473 389
269 337
448 467
351 274
389 434
178 223
473 389
50 89
479 473
473 479
95 89
479 389
306 345
178 217
133 217
223 178
473 479
5 89
434 436
178 223
223 146
306 351
351 306
389 386
473 479
178 217
217 223
306 317
351 306
95 5
64 0
89 95
345 261
434 479
345 351
217 223
5 89
217 223
89 56
179 211
261 350
345 351
351 279
479 434
217 223
473 434
434 463
89 95
389 434
345 351
5 23
473 484
473 479
389 438
95 14
5 89
5 47
389 473
345 306
479 473
473 389
345 351
479 473
253 185
5 89
473 502
119 123
298 337
473 479
389 479
133 217
89 5
15 34
5 89
306 339
89 5
5 30
50 95
389 479
473 479
351 306
223 133
351 307
133 175
95 89
479 477
133 217
89 95
5 50
306 351
50 95
351 345
50 95
479 434
5 95
351 345
50 89
306 351
473 434
178 203
473 479
455 473
434 473
133 178
89 73
5 89
95 89
261 303
351 304
217 133
473 434
351 345
89 95
217 133
217 223
351 345
178 133
79 63
345 307
223 178
261 351
178 223
473 479
389 431
133 223
89 50
89 50
345 351
351 345
351 261
306 345
306 351
351 261
473 479
306 261
306 345
223 178
95 89
133 223
133 223
261 345
389 473
345 351
95 5
89 95
223 217
479 473
345 351
50 89
89 5
223 142
381 259
306 351
473 434
89 95
351 345
217 223
89 95
351 345
434 389
217 223
89 95
95 89
95 5
479 389
389 479
223 178
223 133
306 345
178 129
178 223
133 217
434 473
50 83
261 351
389 479
223 178
178 217
223 151
217 178
223 217
5 50
89 95
351 306
479 473
89 101
89 95
5 50
50 113
479 434
217 223
261 298
178 223
389 405
5 50
133 223
133 178
217 223
217 223
217 178
50 95
95 14
479 434
479 473
95 89
133 223
217 223
473 434
434 479
89 95
178 217
345 351
351 261
217 178
345 351
223 217
276 320
434 473
345 306
50 95
89 95
306 379
345 339
306 378
50 95
434 479
178 133
389 479
217 133
217 178
253 175
434 491
178 217
351 345
479 389
89 5
95 77
389 473
345 347
5 50
306 345
89 95
324 271
479 473
306 327
345 351
217 223
345 273
89 50
389 507
473 479
178 217
345 351
223 217
223 178
479 434
95 5
5 95
178 136
434 479
95 5
261 306
389 506
261 351
480 404
261 345
345 351
479 473
345 306
389 432
95 89
133 178
473 479
479 473
178 223
479 434
133 223
484 398
479 389
133 178
345 351
306 351
389 449
479 473
217 223
473 434
223 133
509 497
217 223
389 473
389 434
178 217
306 304
345 351
89 95
99 33
389 479
5 95
261 351
381 351
306 351
133 217
178 223
261 306
178 217
5 95
178 203
95 89
290 345
306 351
133 217
5 50
217 223
473 389
351 306
345 261
89 50
345 306
217 178
178 202
217 178
5 55
5 95
345 351
217 223
261 303
401 494
351 261
379 375
306 345
351 306
89 95
96 76
261 351
89 50
345 306
133 223
95 89
473 479
345 351
133 201
217 223
389 473
473 479
473 479
261 345
217 133
306 345
350 289
434 479
182 178
483 420
217 223
345 306
253 137
133 223
5 50
95 89
95 5
178 177
434 479
389 479
479 389
452 399
261 351
473 479
261 306
351 306
473 479
95 89
50 29
132 169
50 95
95 5
89 50
479 389
50 95
89 50
389 479
89 50
351 345
223 217
133 223
345 306
473 407
503 483
473 479
324 271
261 351
5 95
389 473
351 261
223 217
473 479
434 452
261 345
133 191
95 5
447 480
179 130
389 479
345 351
253 168
89 95
89 95
306 351
89 95
89 95
473 434
473 389
95 89
133 217
297 380
223 133
95 23
351 345
479 473
89 95
223 133
426 435
434 479
261 306
434 473
5 89
42 5
351 345
434 479
95 89
261 337
178 217
345 261
217 181
223 217
89 91
473 479
473 479
50 5
351 306
479 473
473 479
351 274
479 426
434 479
434 479
133 217
178 223
133 255
473 479
399 418
345 351
50 95
351 261
50 95
5 95
345 261
95 50
217 223
223 217
345 340
350 345
345 351
467 495
95 89
306 261
95 17
389 434
473 479
389 431
217 178
89 95
473 434
261 306
479 473
434 473
261 345
95 54
223 133
389 473
479 434
95 5
5 1
95 89
50 89
473 479
473 434
95 5
479 434
217 178
473 434
5 50
145 149
473 479
434 479
306 370
261 351
351 345
217 223
351 306
178 223
178 201
351 259
351 345
178 223
345 351
345 351
89 51
473 479
89 95
351 279
345 306
479 434
89 95
133 223
178 223
426 435
217 223
479 389
389 434
178 223
389 473
133 138
178 133
217 223
345 261
345 306
5 89
479 473
89 95
50 95
473 479
133 223
89 50
345 279
306 345
178 133
133 223
89 95
479 473
345 351
306 351
345 351
178 223
345 351
217 223
223 178
5 95
473 389
351 345
261 306
217 223
351 261
351 295
479 389
389 479
306 351
363 269
479 509
50 95
89 95
351 345
223 217
351 345
473 479
223 178
178 158
345 333
261 351
89 97
479 434
335 339
261 345
479 434
223 131
133 224
217 223
223 217
89 85
434 479
217 220
351 261
351 306
5 95
351 261
217 180
133 252
434 479
191 224
89 95
5 95
50 95
389 479
95 50
479 434
95 89
473 479
95 89
389 479
351 261
178 223
5 89
89 95
89 50
5 47
434 511
133 178
5 50
351 261
95 89
271 290
178 223
50 89
50 89
345 261
479 434
113 79
345 351
473 434
133 178
50 95
89 95
479 434
345 351
434 478
434 410
389 473
5 92
479 407
345 306
5 95
223 217
389 457
95 89
95 89
89 95
5 89
306 351
95 97
223 217
434 473
95 5
377 280
50 23
223 151
306 345
261 351
217 178
5 95
345 351
5 89
345 338
473 479
479 434
223 217
351 345
50 95
389 457
345 351
351 345
50 95
50 95
381 345
434 479
389 473
389 473
178 223
434 389
50 5
261 351
89 5
178 223
217 223
479 389
50 89
217 188
345 306
479 434
310 368
473 448
351 345
479 389
89 8
5 89
89 95
261 306
95 89
217 223
5 95
89 50
169 171
178 211
5 113
351 345
479 389
111 34
95 123
306 345
434 479
50 95
434 479
217 178
479 434
351 353
261 345
351 261
289 306
217 223
425 452
89 5
133 223
401 464
352 261
5 95
95 89
223 217
95 89
5 50
95 5
473 389
5 30
473 389
345 351
217 178
434 479
217 223
479 434
261 336
89 95
306 351
389 434
133 170
351 345
306 351
217 223
389 473
351 306
479 473
389 479
306 290
95 89
95 23
345 306
345 261
306 351
133 217
448 467
5 89
345 306
89 5
473 479
306 351
89 5
95 50
89 95
223 217
50 95
89 50
479 473
119 8
133 223
217 223
125 91
217 133
351 261
434 479
306 351
89 95
271 290
89 95
351 345
261 345
217 223
5 95
389 473
306 319
217 223
399 467
186 133
479 434
351 345
306 351
297 328
345 351
89 95
345 286
178 217
306 351
464 473
5 95
123 119
345 286
50 5
50 89
345 351
306 345
479 473
133 223
306 351
434 389
484 503
345 351
133 223
351 345
345 351
95 5
389 479
306 351
321 335
434 473
306 351
351 345
223 133
50 89
217 223
217 223
133 223
434 479
133 223
355 362
261 345
223 178
351 306
473 479
217 223
89 95
434 479
133 163
434 479
503 507
473 479
434 389
434 479
473 419
434 389
178 223
351 306
95 50
473 479
217 223
351 345
217 223
306 374
434 479
473 479
95 5
178 217
351 306
217 133
351 345
89 95
95 89
217 223
217 223
223 136
95 89
217 133
50 95
217 223
95 89
351 345
473 434
297 305
50 89
223 217
178 223
479 434
217 133
307 326
306 351
50 89
479 434
473 389
217 178
321 329
223 133
217 176
51 80
356 375
479 473
50 95
178 133
89 5
356 261
389 479
178 223
447 480
5 95
241 186
434 473
306 261
434 389
217 178
217 133
133 196
306 276
89 95
345 351
389 457
434 459
217 223
223 255
95 23
223 217
133 223
89 50
473 479
223 217
223 217
50 95
480 496
217 223
5 89
89 5
89 95
178 217
473 389
178 133
223 217
345 289
178 241
217 220
89 50
133 223
434 479
306 351
479 434
95 5
307 265
178 223
351 306
95 82
20 89
261 306
223 151
306 351
473 479
479 426
89 95
479 426
479 473
5 50
133 223
5 77
178 217
133 217
95 50
261 351
223 217
89 95
89 5
345 379
389 479
473 434
89 95
479 473
345 351
142 209
351 345
306 351
434 389
217 223
89 95
397 465
261 351
217 223
261 351
193 221
473 434
89 95
351 261
223 217
479 473
467 463
217 223
345 286
223 217
217 251
473 479
133 217
345 351
178 217
389 479
389 431
95 89
50 39
345 375
133 223
217 223
56 5
479 478
345 306
89 95
217 193
351 345
133 178
223 217
133 223
389 473
133 223
389 479
389 479
223 217
479 384
479 434
95 89
389 479
473 479
389 485
261 306
261 345
306 351
389 434
223 217
217 223
133 223
5 89
434 479
133 196
345 351
261 306
345 306
351 345
89 95
95 89
223 133
217 223
178 223
434 389
178 217
473 479
223 217
178 234
479 473
389 434
345 306
217 178
217 223
95 97
5 89
89 95
217 178
5 95
306 351
133 223
95 89
179 220
389 479
89 50
345 261
179 189
217 178
306 351
223 217
95 89
89 95
217 133
345 351
133 217
473 479
89 95
178 223
223 133
389 489
473 434
100 119
479 500
5 47
473 396
473 479
345 383
351 345
345 351
389 434
473 479
345 351
217 133
5 47
367 326
351 306
89 95
389 402
89 73
479 389
217 163
473 481
223 217
463 480
261 351
95 23
345 351
217 223
133 223
473 479
89 95
95 89
351 306
261 345
133 217
479 434
178 217
89 95
223 142
50 95
404 507
223 217
261 306
89 50
473 479
473 479
89 118
473 479
473 479
389 479
50 77
389 431
397 491
89 95
95 5
261 306
345 351
473 434
95 50
345 317
89 95
345 261
223 217
5 50
345 351
95 89
404 392
89 50
479 473
223 173
217 133
133 223
217 223
479 473
345 351
345 351
89 95
345 306
479 473
95 63
434 426
5 47
261 351
479 434
50 89
50 95
182 204
473 479
217 133
479 473
479 473
479 389
143 162
434 479
473 389
217 234
217 223
50 95
448 497
389 479
345 351
479 398
511 389
389 479
133 169
425 399
389 434
473 479
345 351
178 217
345 351
434 479
89 30
143 211
133 178
217 178
473 434
217 178
261 335
178 223
95 14
351 345
5 95
217 178
345 306
95 50
306 340
261 303
345 351
20 8
217 178
95 5
133 223
345 351
261 306
473 479
479 398
351 306
509 454
50 6
217 133
223 217
89 95
89 50
95 97
5 73
217 211
133 217
95 50
217 133
217 223
223 178
217 178
261 351
95 50
133 201
228 247
217 178
217 211
479 434
89 5
369 314
473 479
217 223
50 95
217 223
89 95
89 1
261 351
351 306
133 217
223 133
96 6
227 145
261 345
217 223
473 479
223 217
434 410
133 217
178 223
434 467
89 95
479 389
113 58
345 351
425 452
228 247
5 95
89 50
89 95
261 351
95 30
448 409
95 89
351 261
261 351
351 345
479 389
217 133
389 479
345 306
345 351
222 216
217 133
133 178
473 479
351 345
434 507
178 223
345 306
389 473
261 345
345 351
223 178
133 169
95 89
223 151
478 454
89 50
351 269
5 47
178 223
133 201
95 89
345 261
5 110
217 223
89 50
89 95
95 89
345 351
5 95
473 456
133 175
345 351
479 434
217 223
434 473
351 310
50 95
345 351
121 119
434 479
217 178
217 223
479 389
89 5
249 206
89 50
133 217
473 434
125 117
113 58
306 351
479 473
125 95
133 221
345 351
473 479
95 89
473 434
473 479
434 389
5 95
389 431
223 217
178 133
351 306
50 95
345 351
89 95
434 479
178 217
401 390
54 21
261 345
351 306
89 95
223 178
434 473
345 351
95 5
434 479
389 457
95 89
473 497
217 223
345 301
223 133
178 212
351 261
434 473
89 50
50 95
217 178
217 178
50 5
20 64
50 95
479 473
434 419
14 81
261 303
95 50
434 429
345 261
306 351
133 223
50 89
351 306
133 178
253 230
351 306
50 107
5 16
217 178
306 351
95 89
345 351
389 479
217 223
434 479
89 116
261 329
17 95
479 460
217 158
217 158
89 50
352 265
50 95
473 479
351 345
479 473
178 223
95 50
473 389
509 485
223 133
434 479
345 261
345 351
223 133
217 223
95 50
145 199
479 434
509 459
125 44
50 95
345 261
479 426
473 389
473 479
223 178
5 95
351 345
345 351
351 261
345 261
217 223
89 95
306 351
261 306
345 306
389 479
50 5
473 479
473 479
336 306
404 479
351 345
50 5
95 59
351 306
345 306
435 484
345 261
306 281
473 434
351 345
389 479
261 345
345 306
319 376
473 479
223 151
223 217
473 389
217 178
473 479
89 95
306 351
178 223
89 2
345 351
223 217
217 178
178 223
89 105
473 479
473 479
473 479
259 306
306 261
434 431
473 479
434 508
434 447
50 5
345 261
306 349
178 223
479 473
95 89
95 50
389 479
217 223
178 223
178 223
479 473
345 306
133 223
351 261
473 479
217 223
479 473
178 133
473 479
107 13
389 434
89 95
5 95
217 133
306 264
389 473
133 217
99 98
351 306
133 130
345 351
473 479
89 95
89 95
89 50
345 351
178 223
217 177
355 379
345 351
351 372
133 216
351 345
95 89
345 351
133 178
351 345
89 95
50 95
95 16
89 5
89 5
479 473
133 223
50 95
434 403
5 95
345 351
389 479
89 50
5 50
473 389
345 306
223 133
95 89
497 442
113 5
345 351
306 351
217 223
223 217
54 72
351 306
89 95
497 442
50 84
434 479
425 454
351 345
345 306
306 351
133 217
434 479
133 223
95 89
5 95
306 351
434 389
479 434
89 95
133 178
473 389
5 54
5 89
217 178
351 306
306 351
351 261
434 404
448 483
89 5
89 50
217 223
479 389
434 481
434 479
95 50
473 479
389 479
479 389
479 473
479 407
473 479
447 504
306 351
473 405
306 320
351 345
479 434
479 473
217 223
217 133
479 473
217 166
434 463
351 345
389 479
345 319
133 217
389 461
351 306
217 223
133 223
389 400
479 473
306 363
89 95
473 434
20 8
473 479
479 473
95 5
50 95
178 133
434 473
389 434
345 351
389 473
223 133
178 223
261 351
345 261
133 247
345 306
223 217
223 217
191 248
303 261
178 223
5 47
178 159
261 351
351 345
5 50
217 250
389 479
345 351
345 351
133 223
217 223
306 345
89 74
95 89
133 178
192 211
404 392
434 473
261 345
306 345
473 389
261 306
217 223
261 345
133 223
217 178
50 95
473 434
389 413
473 479
362 351
217 223
89 50
178 223
217 223
178 217
217 178
435 426
217 178
223 217
5 95
217 133
345 351
389 479
178 143
434 386
178 223
178 181
426 505
95 50
261 303
217 238
434 443
51 101
222 211
478 504
374 269
442 407
223 133
50 95
89 95
479 473
217 223
89 50
351 306
473 479
479 422
17 91
89 50
50 95
345 351
473 389
473 479
178 217
345 351
217 133
5 89
345 351
89 95
473 434
345 351
389 422
479 473
89 95
479 434
473 434
306 351
351 261
345 351
217 223
50 89
434 389
351 345
89 77
306 351
179 200
5 122
178 223
133 223
217 223
389 473
133 196
5 95
261 351
478 387
479 473
351 303
50 71
89 95
133 223
217 178
345 351
5 50
223 217
306 268
50 95
5 95
178 217
351 306
223 133
473 489
133 212
223 217
50 89
389 479
389 434
5 95
217 223
223 133
89 95
479 407
345 306
479 477
345 306
50 89
345 306
223 133
223 217
479 473
479 389
89 95
351 273
345 351
306 351
306 345
345 306
389 434
95 89
178 133
473 479
5 89
95 89
479 473
178 217
389 434
261 351
217 223
95 89
89 95
5 6
95 23
389 473
178 205
223 168
473 434
306 345
434 479
217 178
95 89
306 351
345 351
178 223
178 217
306 374
217 223
133 178
389 434
351 261
473 479
89 19
351 261
89 95
473 434
345 351
222 129
345 351
133 178
351 345
473 479
217 223
345 351
89 50
306 351
473 479
345 351
50 5
473 479
351 261
217 185
473 434
95 123
89 5
5 89
313 261
345 351
15 83
345 351
473 479
89 5
89 95
306 299
345 351
345 351
389 479
95 50
133 223
434 389
473 434
473 479
5 95
351 345
351 270
89 5
133 178
217 223
5 50
345 313
251 253
434 479
178 223
306 261
178 133
5 95
473 479
217 151
351 345
89 95
217 223
217 223
473 389
434 418
15 34
473 479
389 479
5 89
345 351
13 107
50 17
351 306
223 178
345 351
479 398
345 351
89 95
479 473
345 351
89 95
261 351
351 345
434 479
351 322
133 226
223 217
89 95
217 223
479 473
223 217
473 434
479 467
389 479
89 95
217 223
306 356
50 95
5 73
261 290
261 351
217 223
178 223
217 223
89 95
178 223
479 473
261 345
178 223
89 60
351 270
389 505
178 223
5 95
217 223
261 351
223 178
261 345
89 5
50 95
473 506
473 479
217 223
89 95
95 89
50 17
89 50
479 473
345 306
95 89
217 178
389 434
345 351
217 223
95 14
261 345
95 89
473 434
434 479
473 479
434 479
351 345
389 434
434 473
89 95
389 434
5 50
217 133
479 473
351 306
5 95
50 89
479 389
14 5
178 223
56 5
389 407
434 402
217 133
306 351
345 351
389 479
473 389
345 351
434 427
217 133
178 223
479 434
217 178
479 389
479 389
478 451
89 82
89 95
5 95
95 89
5 89
113 58
217 219
261 336
223 178
261 306
389 479
473 385
5 95
345 261
223 151
223 133
50 17
223 178
5 47
95 89
223 178
389 473
320 260
345 306
5 89
473 389
223 133
95 50
95 89
50 9
95 50
89 95
95 5
133 244
351 279
306 351
351 345
95 83
479 434
345 351
434 473
93 95
389 434
473 479
50 95
266 351
434 396
345 351
345 261
223 217
223 217
223 178
178 217
345 351
95 23
178 133
217 223
133 178
345 306
89 95
345 351
479 434
223 217
89 95
133 148
89 95
5 95
217 223
306 365
434 389
96 102
261 351
89 50
217 178
473 479
50 95
351 306
473 479
261 333
345 351
351 306
95 2
217 223
89 95
217 223
306 351
434 473
473 479
306 351
95 89
351 261
509 482
473 434
473 479
271 335
217 138
261 351
351 345
473 479
95 5
5 89
95 89
5 89
345 261
133 217
89 10
89 5
306 351
473 389
89 32
95 89
223 217
217 133
261 351
261 351
50 95
435 426
307 264
64 46
223 217
389 434
50 95
89 95
389 473
223 217
217 223
95 89
217 133
261 330
261 351
5 50
95 89
473 479
94 105
217 178
95 89
217 223
89 5
133 223
479 389
261 351
307 363
306 351
351 261
479 434
95 5
89 95
96 10
133 244
306 351
50 95
345 351
178 253
479 434
286 352
345 351
479 434
434 479
351 261
351 261
95 5
505 404
89 50
363 269
95 89
178 223
223 178
351 306
217 133
217 178
246 141
133 217
217 223
434 479
345 273
95 89
345 351
261 329
169 228
223 178
50 95
20 8
94 29
479 473
473 479
95 89
345 261
345 351
143 162
261 345
5 50
345 306
217 178
270 351
63 96
133 244
261 351
261 334
95 89
50 95
133 223
306 351
133 223
95 97
50 95
50 95
434 389
389 479
473 434
95 50
95 50
389 465
17 80
434 479
261 345
438 506
89 95
306 377
95 30
223 217
473 389
345 351
133 223
5 89
434 388
264 350
389 434
345 351
223 142
89 95
473 479
351 270
223 217
434 479
306 345
5 50
306 345
217 223
95 71
473 479
389 457
479 434
345 351
178 223
473 479
473 434
479 473
217 178
95 5
95 5
50 1
178 223
351 261
178 223
133 201
345 261
50 95
261 345
351 261
345 261
351 306
473 479
261 345
345 351
5 95
89 5
479 434
389 479
337 270
178 133
261 345
217 211
345 351
169 222
95 89
5 89
217 223
89 95
389 479
351 345
463 497
217 223
89 6
223 178
479 434
50 16
473 479
50 89
479 434
50 34
261 306
148 192
345 261
306 351
434 479
89 95
15 34
95 5
389 473
5 95
95 5
125 50
5 89
5 93
345 306
133 166
228 182
95 89
479 473
351 279
389 473
434 389
345 306
261 351
473 479
5 95
345 306
95 93
389 454
68 15
217 223
389 457
217 223
89 83
217 223
217 223
89 95
345 351
261 345
217 128
479 414
95 14
434 479
479 434
5 62
89 5
5 95
133 223
473 479
217 223
50 95
50 64
351 306
320 339
5 89
479 434
306 261
50 95
345 351
261 345
479 473
133 223
223 217
351 345
133 223
89 5
261 351
479 473
345 351
95 5
178 135
479 434
95 5
473 389
133 223
5 89
473 434
401 463
479 473
345 306
306 351
15 83
345 276
261 306
473 479
434 479
505 404
434 479
89 77
217 223
95 5
230 178
434 479
95 89
5 30
350 353
89 95
345 351
89 95
473 479
5 30
89 5
401 400
345 351
345 351
148 136
178 223
473 479
351 306
447 463
434 389
133 223
434 479
479 389
178 189
306 345
223 217
479 473
223 133
434 479
217 178
95 5
217 178
217 223
473 479
351 345
473 479
473 479
51 66
178 217
89 5
389 457
381 354
271 290
191 227
89 95
133 223
306 351
133 223
217 178
217 178
5 96
473 479
178 223
345 289
95 5
479 389
345 351
133 178
5 50
89 50
217 223
345 261
479 434
89 95
473 389
217 133
178 217
345 351
261 306
133 201
217 133
306 261
306 299
217 223
89 95
223 217
479 389
217 223
178 223
473 457
473 434
345 351
479 389
434 389
306 371
50 95
95 50
89 5
389 473
345 351
217 133
306 345
473 486
179 219
345 351
95 50
217 178
351 261
306 345
306 351
261 351
89 5
50 5
54 109
351 306
479 434
133 217
389 473
401 389
133 223
178 133
217 223
89 5
89 95
217 223
89 5
142 209
89 95
261 273
5 50
434 479
261 306
479 434
178 223
95 50
473 389
50 5
345 351
276 320
479 434
50 89
261 329
217 178
389 434
89 5
223 217
473 479
41 23
217 223
89 95
50 95
223 217
389 434
89 95
133 223
434 479
217 223
479 389
425 452
217 223
351 261
141 209
345 351
178 223
478 432
306 351
473 479
434 479
479 473
89 50
351 345
217 223
438 397
50 116
473 479
99 121
389 431
351 345
452 399
473 479
473 389
261 351
148 249
473 457
351 261
261 303
345 348
178 223
133 223
369 314
351 261
345 351
217 223
217 223
345 306
261 345
473 434
95 89
178 175
345 306
351 345
351 345
261 345
479 434
223 217
217 223
89 95
479 473
306 351
223 217
178 223
389 479
271 335
223 217
95 5
345 305
473 479
217 223
143 162
479 434
345 351
261 303
473 410
261 351
50 8
217 187
217 223
17 104
89 50
32 74
389 457
345 306
89 95
178 223
133 175
473 389
389 434
276 264
261 303
473 479
217 223
261 351
351 306
306 351
505 443
5 89
228 247
89 95
89 95
261 351
5 50
217 223
95 5
50 89
178 223
217 223
351 306
473 479
345 301
434 396
389 479
261 351
345 351
178 223
473 479
50 89
345 351
95 50
95 89
89 95
223 217
345 351
345 351
345 261
217 223
133 217
89 50
95 89
306 351
178 223
89 50
50 95
95 5
479 473
89 95
133 217
351 311
345 261
479 401
217 223
473 461
217 223
473 479
133 217
50 5
89 14
479 493
345 351
345 351
389 473
261 306
5 89
217 223
298 307
261 306
345 351
345 261
306 345
89 95
217 223
326 298
345 351
261 351
178 133
389 479
217 186
95 89
217 223
148 136
89 50
223 217
351 306
389 479
89 5
178 133
479 473
261 351
133 223
351 306
345 351
473 479
217 223
83 106
50 95
122 51
306 351
89 95
223 178
217 205
351 345
95 5
473 479
351 306
227 172
95 89
95 89
434 479
83 5
89 95
345 351
473 406
351 261
5 95
178 133
217 223
345 308
50 5
95 5
261 351
223 217
345 349
479 473
345 370
261 276
178 223
479 473
261 306
345 306
473 479
351 306
5 95
217 223
473 389
223 129
223 235
50 95
345 306
89 3
345 351
89 95
223 133
351 345
351 345
95 5
133 217
89 95
223 133
89 95
217 178
261 351
95 50
178 223
5 50
89 29
434 473
261 306
95 89
50 95
479 434
261 351
50 89
50 95
482 435
351 261
217 223
217 223
306 261
89 95
133 217
351 355
89 95
223 178
479 389
217 223
95 89
351 345
261 351
482 467
5 50
306 351
434 479
434 479
434 479
217 223
50 5
306 281
50 89
345 351
89 95
351 261
389 479
217 223
217 223
389 434
95 74
223 133
389 473
434 473
261 351
50 5
351 330
473 479
145 176
314 369
473 479
95 5
95 89
223 204
473 479
473 479
133 223
345 261
434 473
434 479
178 223
351 345
467 495
223 217
50 95
223 178
217 223
351 345
95 89
434 389
178 133
473 479
223 178
345 351
89 54
133 201
133 223
207 211
95 50
434 389
261 329
178 229
217 178
306 351
479 434
223 217
89 95
178 217
351 345
217 178
178 133
95 5
389 463
217 223
223 217
95 5
434 389
261 290
261 345
133 223
89 95
345 351
473 479
89 95
426 482
64 13
416 458
178 223
389 464
95 5
434 479
473 434
133 217
479 473
345 259
473 389
479 389
434 479
306 351
133 223
434 479
217 142
133 211
217 223
95 89
133 178
345 351
306 351
217 223
479 473
389 434
345 306
261 345
261 351
5 95
178 223
217 223
95 107
217 223
434 479
217 178
271 339
509 473
479 473
89 95
178 217
89 95
389 473
50 95
5 50
5 95
133 217
217 178
50 95
95 89
345 351
345 351
351 345
345 351
306 294
345 270
133 217
95 89
479 434
178 223
261 286
473 434
306 351
389 404
345 374
178 223
95 5
95 50
434 401
345 351
89 32
5 89
217 223
261 351
389 479
434 479
5 89
95 50
345 261
345 329
223 217
178 223
223 217
261 351
389 479
261 306
345 306
133 178
223 133
345 351
345 351
133 223
261 306
345 351
223 217
479 389
133 175
261 351
50 95
50 89
133 217
50 95
351 261
345 351
217 178
89 57
389 434
479 398
389 479
434 389
223 217
223 217
223 133
223 217
479 407
479 389
89 95
50 95
217 133
479 434
95 89
178 133
178 177
319 376
95 89
389 431
89 95
5 89
345 306
50 95
479 473
306 351
95 50
306 351
306 351
95 89
5 95
367 326
479 462
479 473
345 261
223 133
133 166
14 81
178 138
50 95
217 178
351 345
351 345
261 329
434 473
389 479
389 475
178 133
431 389
345 351
223 217
223 217
133 178
178 142
89 5
89 95
182 161
95 2
5 95
228 142
217 223
463 410
178 223
217 205
306 351
50 95
389 473
217 223
133 223
351 345
389 434
133 217
479 473
89 50
95 89
306 345
261 345
345 261
261 306
89 95
5 16
479 401
95 50
473 479
178 184
133 178
89 95
5 95
401 464
223 142
261 306
95 89
473 434
434 479
50 95
306 351
217 223
345 351
458 483
434 389
479 473
133 217
306 345
480 461
223 178
178 223
306 351
217 223
473 416
479 389
473 389
89 95
223 226
217 178
351 261
306 345
95 50
133 223
89 95
473 479
473 479
479 507
133 217
89 5
261 306
351 261
95 89
5 95
261 306
351 345
192 211
434 479
178 217
479 473
223 217
50 95
473 479
345 306
473 479
133 223
473 479
217 244
345 351
434 479
223 178
170 179
133 201
178 223
223 178
345 306
479 473
306 351
223 133
178 159
133 187
389 434
133 178
261 351
345 306
261 306
191 207
133 223
351 306
479 473
89 10
89 95
89 95
345 261
217 178
50 5
95 89
249 147
217 223
89 95
95 89
345 351
434 479
95 23
223 133
434 479
261 345
89 95
345 306
497 442
178 191
178 223
479 389
473 389
479 434
217 223
89 5
345 261
306 351
479 473
345 351
351 306
345 351
473 392
89 95
345 351
351 261
133 217
345 261
223 217
5 89
89 95
473 389
50 33
50 95
434 500
306 345
89 42
89 50
178 133
473 444
434 479
389 479
351 345
345 351
434 479
89 95
479 473
89 95
50 118
95 5
345 306
217 133
389 434
261 351
89 95
217 223
479 468
95 5
434 479
434 479
223 133
261 351
5 47
95 45
473 479
89 95
95 99
306 351
249 143
133 223
389 473
345 351
306 351
5 20
479 389
473 434
133 223
473 389
187 191
133 223
95 5
377 301
89 50
351 345
261 306
178 223
473 479
133 223
473 479
5 89
178 217
351 306
375 356
479 434
179 131
89 5
178 223
261 382
133 227
223 178
351 345
217 223
351 345
95 89
217 223
389 473
89 95
306 351
479 407
473 479
389 457
351 306
95 89
479 434
261 335
133 217
178 223
479 412
89 50
95 89
89 95
345 306
50 45
473 479
89 95
345 261
217 223
178 223
249 188
345 351
271 335
479 434
217 178
20 8
389 479
345 261
345 351
479 389
434 389
434 431
95 89
345 348
223 217
50 95
89 50
217 223
50 95
473 479
345 261
401 389
95 50
389 434
261 286
389 479
479 473
50 89
351 261
473 389
389 479
261 303
389 467
479 473
217 201
479 398
5 77
142 209
95 5
178 217
217 169
473 479
345 351
50 61
473 479
95 62
351 261
178 223
479 407
261 329
217 223
223 133
178 223
434 470
473 479
133 223
178 246
389 432
89 95
64 5
178 221
345 351
261 351
389 479
351 345
351 279
89 50
228 247
389 473
389 479
133 223
345 351
389 478
478 481
306 328
89 95
345 306
351 306
217 223
306 351
389 473
399 467
223 151
95 50
133 223
89 50
50 23
345 261
479 473
351 345
133 211
223 217
434 486
345 306
473 479
89 5
351 261
306 345
479 473
217 223
479 473
350 354
449 412
473 479
261 345
389 443
351 261
223 217
14 81
89 95
479 473
479 473
345 261
217 223
95 34
434 497
473 434
178 223
434 389
217 251
479 473
351 345
217 178
217 223
345 306
133 178
95 50
434 415
61 89
5 95
351 345
223 217
351 345
434 389
5 95
261 257
479 473
217 223
261 345
261 351
95 50
95 50
345 351
217 178
473 479
261 301
345 351
217 223
473 479
479 473
434 479
217 223
50 82
133 196
345 306
351 345
473 479
389 434
345 306
95 23
42 51
434 479
217 223
223 178
443 447
261 306
261 345
5 95
5 99
473 479
389 479
95 5
306 258
217 223
178 223
217 178
223 133
479 434
217 223
89 95
178 217
345 351
306 261
434 389
50 89
479 407
473 479
5 73
479 434
473 479
178 217
473 479
50 95
217 223
479 473
223 217
89 50
198 234
223 178
223 178
50 95
306 261
320 298
95 5
473 434
5 95
345 306
351 282
261 338
306 345
479 404
345 351
217 223
473 434
5 95
178 223
306 351
89 95
345 351
479 389
121 56
133 132
389 479
473 479
50 89
178 223
50 43
217 246
351 261
473 479
50 95
473 479
178 223
473 479
223 178
223 217
345 351
217 223
473 468
345 351
434 479
306 261
133 223
95 89
217 223
217 178
178 223
133 217
217 223
89 95
95 50
89 95
473 479
306 353
217 223
133 223
351 261
89 95
133 223
89 5
95 5
473 479
95 50
20 64
261 306
95 89
345 351
389 479
95 89
133 223
178 217
217 178
306 351
306 354
369 314
497 458
50 95
473 434
133 223
345 351
223 217
473 479
479 473
350 297
5 50
351 335
89 5
89 95
473 479
223 217
351 261
345 351
217 178
479 473
351 306
25 5
479 434
223 217
473 481
306 261
350 381
434 479
345 351
178 253
434 389
306 273
223 217
95 50
389 479
5 73
217 223
345 261
223 178
374 367
479 434
434 479
95 52
50 5
50 89
479 473
143 207
89 14
133 178
351 261
479 473
473 479
17 63
320 290
223 142
95 89
50 95
133 217
261 351
50 95
95 116
217 223
473 479
95 89
89 82
306 351
5 50
133 223
95 89
50 95
5 89
473 389
351 261
223 227
434 473
95 89
345 306
89 95
178 223
178 223
95 50
223 133
434 464
217 178
133 178
261 306
261 329
207 182
223 217
320 353
345 351
178 133
473 479
473 479
473 479
389 461
50 95
50 5
389 473
95 89
479 434
89 95
351 345
351 306
473 479
377 339
223 142
351 306
261 345
89 35
133 178
261 286
89 50
95 89
217 223
50 79
95 89
351 261
271 290
89 50
479 398
95 5
50 89
11 89
473 389
5 95
217 223
223 178
191 207
95 89
425 452
345 351
306 351
434 479
196 143
434 473
345 351
351 345
217 223
5 95
217 223
95 89
306 345
217 223
473 389
95 89
89 95
389 479
223 217
345 261
89 95
479 473
261 358
374 367
223 217
473 389
345 306
306 345
479 398
178 223
261 319
479 434
89 95
434 418
345 351
479 407
217 223
89 79
89 50
223 217
217 178
306 351
345 313
351 261
345 351
479 434
389 479
345 351
434 479
261 351
345 306
5 95
345 306
89 95
223 133
50 95
261 351
306 351
479 473
473 479
89 95
389 473
50 95
345 306
217 223
345 351
345 306
178 202
473 479
345 351
54 33
178 223
479 473
217 223
56 5
142 223
50 95
217 223
223 178
178 223
345 351
479 473
178 133
351 261
5 95
319 352
473 479
223 217
261 345
5 95
125 70
261 306
89 95
179 189
121 51
178 133
217 133
306 261
261 327
345 351
50 86
223 217
95 50
351 306
89 35
345 306
133 223
473 479
473 434
223 217
89 95
351 345
473 479
473 434
51 5
473 434
14 81
351 345
306 351
217 223
389 473
50 5
133 223
89 95
133 178
479 434
89 95
306 373
434 479
223 217
479 398
5 89
307 298
473 479
345 269
351 306
95 89
217 223
351 306
178 223
17 39
434 389
217 223
375 264
217 178
133 217
307 298
50 89
479 434
50 95
217 223
479 473
389 434
5 95
95 89
5 95
473 461
50 95
217 223
89 120
217 223
261 345
479 473
217 178
89 51
345 338
89 50
217 223
223 217
50 89
389 493
345 306
133 217
95 89
473 479
95 89
50 95
89 95
223 178
261 351
50 95
389 479
217 178
473 479
473 479
223 128
389 473
133 178
50 89
434 473
217 223
89 50
133 217
223 133
223 178
133 217
89 95
89 50
95 124
133 201
133 223
473 479
434 389
345 329
261 306
479 473
434 422
217 223
473 385
217 223
389 473
223 217
95 89
133 223
306 351
178 223
345 351
217 207
479 473
473 389
351 261
5 95
345 306
217 133
95 5
326 381
89 95
479 434
473 479
50 89
351 345
479 473
5 50
473 479
389 479
178 133
389 434
227 230
223 217
50 95
133 217
121 98
89 95
473 479
473 479
95 112
133 217
217 178
95 5
178 133
473 479
217 178
306 351
5 4
434 479
5 95
345 306
81 13
473 479
217 223
434 479
479 389
89 95
351 345
479 434
133 169
133 217
5 50
473 479
473 479
217 133
306 351
89 95
223 133
306 351
118 65
351 345
95 89
89 95
345 351
473 434
95 50
345 351
351 261
306 345
178 223
261 351
389 434
148 136
5 95
50 12
133 217
223 133
50 95
479 434
479 389
196 143
434 400
89 5
351 345
389 434
345 261
479 473
217 178
345 306
95 50
306 351
223 217
133 202
473 479
473 479
473 479
5 95
479 473
89 95
261 345
473 479
95 89
479 473
5 95
345 338
351 306
345 351
5 47
223 217
351 306
133 223
89 95
50 5
389 434
473 479
95 26
261 303
479 407
389 407
133 178
217 223
217 213
261 351
306 351
389 479
133 217
217 223
479 431
438 392
306 319
178 217
479 473
435 407
479 389
434 432
479 473
345 351
95 50
351 339
223 217
133 223
95 89
473 389
217 223
95 89
89 95
261 351
473 434
473 479
473 389
473 479
479 435
434 479
345 351
434 479
473 479
473 479
175 133
223 178
217 223
89 82
217 223
345 260
178 133
497 442
261 339
310 316
473 389
345 306
133 217
473 434
50 95
178 223
434 479
223 217
95 93
345 306
345 351
95 14
95 89
473 389
5 95
473 434
95 89
63 79
345 353
89 95
95 65
434 479
434 479
118 42
223 217
89 95
261 351
509 431
253 180
133 223
479 473
178 217
448 478
217 223
89 95
271 290
473 479
351 306
217 178
261 345
178 223
95 50
480 467
223 178
351 306
50 95
178 217
89 5
473 479
306 345
95 5
217 178
223 133
217 178
178 148
434 473
5 95
50 89
223 217
306 345
435 415
89 95
5 95
345 261
306 345
89 95
111 14
89 95
133 178
50 5
261 351
306 351
95 5
95 5
479 473
473 434
145 186
351 345
89 5
223 133
50 89
89 95
95 23
217 178
50 89
223 178
50 89
50 95
96 14
133 223
133 223
351 306
473 479
5 89
473 479
479 434
179 191
50 5
389 479
191 224
95 89
261 334
217 178
217 223
5 89
452 399
345 261
306 261
89 95
306 351
217 178
447 467
133 223
351 345
95 77
389 479
351 345
434 389
50 5
217 178
217 223
473 479
306 345
89 50
133 223
261 345
89 95
261 351
217 223
217 223
438 426
89 5
178 133
479 389
133 201
479 398
389 473
479 501
479 473
351 306
50 5
50 20
50 95
178 149
89 95
70 42
89 5
178 219
345 351
479 473
217 205
89 5
351 345
223 217
434 454
223 246
50 5
89 50
95 89
306 351
95 89
351 345
473 479
5 89
389 479
217 223
434 479
106 70
50 95
261 345
217 223
5 89
178 163
479 473
306 345
217 178
345 306
345 261
306 351
5 21
404 392
217 178
473 479
389 473
473 479
133 223
178 223
217 178
217 178
178 133
351 313
133 223
345 335
89 95
95 30
68 41
306 357
261 351
434 479
217 251
345 261
5 89
5 95
261 345
178 223
389 479
389 434
434 473
345 351
5 50
351 345
434 473
434 473
345 306
178 223
50 5
5 95
479 477
217 223
306 351
306 301
473 479
434 389
389 479
50 95
227 181
479 389
306 345
351 303
306 376
95 50
345 306
389 479
89 60
434 389
306 351
95 3
479 473
217 223
484 503
473 390
261 351
95 5
435 484
133 175
89 95
306 261
473 389
434 429
133 201
217 133
273 339
479 434
95 50
5 95
306 289
223 133
351 345
473 479
345 351
217 133
351 345
178 223
448 447
306 351
223 133
425 489
479 473
95 89
261 274
89 95
178 189
306 345
50 95
133 223
351 270
5 95
217 178
473 479
351 345
217 223
389 434
345 261
351 270
473 479
434 479
306 351
351 345
473 479
89 95
434 473
473 479
223 133
178 223
351 345
261 351
217 178
480 463
351 340
479 473
217 223
473 434
50 68
306 261
389 473
306 317
89 50
473 479
5 95
297 356
83 79
479 434
345 306
5 95
261 345
306 351
473 479
345 261
473 479
261 351
89 50
89 95
5 50
345 306
351 371
434 396
89 95
89 95
345 351
351 306
473 479
95 5
89 59
133 206
217 223
89 95
133 217
50 95
217 223
345 351
261 306
351 345
50 95
217 223
50 5
217 235
133 217
389 473
89 50
133 223
83 121
345 351
223 133
479 401
345 351
497 442
261 345
89 95
50 95
89 50
261 351
89 5
473 479
95 23
351 345
351 345
389 479
95 50
306 351
223 178
473 389
217 223
89 95
479 434
182 255
473 434
345 351
5 89
479 473
125 95
479 384
217 223
351 345
50 81
178 217
389 479
306 351
473 479
473 479
389 479
223 217
5 95
434 479
479 434
95 14
351 306
389 467
452 399
261 274
351 345
351 270
217 223
473 479
178 223
261 276
178 223
345 351
95 89
178 173
345 374
345 351
178 235
473 389
95 89
5 95
306 261
133 223
345 351
479 434
178 149
434 479
434 505
95 75
217 251
345 351
178 133
5 50
502 426
223 178
133 223
217 133
261 351
50 95
479 473
95 50
5 123
389 392
133 223
178 223
389 434
5 50
223 217
389 468
434 479
345 351
306 351
228 182
133 223
479 434
217 223
191 224
351 349
50 89
473 479
479 434
345 351
95 50
389 479
351 345
345 351
217 142
89 95
345 351
351 345
217 223
473 479
351 341
253 146
434 389
217 223
271 290
473 479
479 473
479 473
434 473
50 95
389 479
89 5
479 407
345 351
434 479
473 395
253 198
473 389
5 89
89 95
217 223
223 148
178 223
389 473
95 89
5 50
133 217
5 89
95 89
345 351
351 306
89 95
217 133
351 345
434 479
306 351
479 434
133 217
389 434
50 95
307 339
178 133
247 251
479 389
223 253
178 223
217 223
178 223
223 133
389 431
307 375
345 351
297 371
351 310
345 261
133 223
473 434
50 95
178 217
89 50
479 434
479 467
351 306
473 479
473 479
186 203
15 34
133 223
345 351
351 345
133 205
473 389
307 275
307 318
223 217
50 95
261 351
473 479
89 95
223 217
479 473
351 345
223 217
479 389
473 479
217 133
50 89
479 473
133 217
223 211
89 95
389 431
473 479
50 95
345 351
95 40
404 448
479 413
473 389
89 95
261 345
473 479
223 151
345 351
473 479
50 95
399 463
5 95
95 50
95 50
479 473
95 50
5 89
95 89
261 351
89 95
345 351
50 89
351 306
95 5
217 133
5 95
89 95
95 89
473 479
345 351
54 26
5 50
89 5
345 261
5 73
223 217
217 223
5 89
217 133
95 5
261 345
479 473
261 306
63 120
95 89
261 351
178 217
89 95
345 262
50 97
473 434
473 431
479 398
261 345
223 133
345 351
178 223
217 178
351 345
89 50
345 351
345 351
178 223
217 178
95 89
345 351
133 202
345 306
178 223
345 351
223 217
479 473
89 5
434 479
434 389
351 261
351 279
351 345
178 248
434 473
178 223
306 303
217 223
434 473
261 306
377 274
217 184
479 389
271 290
473 479
192 177
95 50
345 306
438 467
306 368
306 345
306 351
389 479
473 479
356 270
89 95
473 479
416 458
479 473
473 479
473 479
345 306
473 479
345 315
306 321
162 193
178 217
261 303
351 339
89 5
50 89
261 306
17 95
178 199
223 217
95 50
473 389
89 50
345 351
473 389
5 95
473 434
261 351
345 307
473 434
261 351
479 473
473 479
223 178
479 473
89 95
345 351
345 351
434 479
351 279
178 223
217 178
345 351
261 351
473 434
223 133
345 306
306 345
505 404
434 479
133 223
261 306
389 479
473 479
133 217
479 389
306 261
50 83
223 217
345 340
345 351
95 93
434 473
306 345
345 261
63 120
351 345
95 10
89 100
89 95
389 479
306 333
306 351
306 351
223 217
89 95
217 223
89 50
479 473
434 479
473 479
473 479
223 217
479 473
345 351
178 223
434 414
203 217
473 434
434 389
345 261
15 79
5 95
238 133
345 306
345 351
89 95
89 95
345 351
5 23
389 507
473 468
310 339
261 303
345 306
479 389
345 351
50 95
89 95
389 473
345 351
95 26
436 434
306 330
89 95
5 50
306 345
217 223
351 306
223 168
367 326
89 5
50 95
89 95
351 345
479 473
217 223
473 479
479 460
479 434
95 5
89 50
217 223
89 95
306 351
89 95
50 89
217 223
50 83
95 89
133 217
133 223
223 133
217 223
223 178
95 89
50 5
351 306
356 270
351 335
89 95
217 223
479 473
351 306
223 133
261 345
217 223
351 270
479 473
95 89
473 479
389 479
89 50
479 389
467 463
89 1
261 351
178 223
261 306
479 398
306 345
389 479
223 178
261 306
306 345
50 89
306 335
50 5
345 306
5 89
434 501
345 337
217 178
228 182
217 223
89 5
374 321
306 345
306 261
307 356
217 223
95 5
95 50
223 217
5 95
351 345
261 351
5 95
133 178
223 217
223 217
345 351
95 89
509 496
473 479
479 398
178 217
133 223
434 479
345 351
351 363
306 345
356 310
351 306
261 351
95 89
50 5
89 95
133 229
345 351
389 511
217 223
434 479
5 95
50 95
473 389
389 459
178 143
89 5
473 479
351 345
329 345
434 479
125 100
50 65
473 479
345 351
345 351
306 261
389 473
5 89
473 479
345 351
351 261
434 479
479 434
398 465
389 473
345 306
389 431
261 345
434 428
434 479
345 351
351 261
363 269
89 95
351 345
473 479
306 345
223 217
261 329
223 217
351 261
178 138
434 479
261 345
306 261
473 422
479 389
345 351
351 306
50 89
217 223
345 261
95 5
332 345
217 223
89 14
186 241
89 95
389 479
345 351
345 261
434 385
345 351
345 351
217 223
178 217
345 306
306 259
389 478
345 351
345 351
306 345
297 324
217 185
223 217
397 448
389 473
434 389
479 473
89 117
89 5
434 479
41 52
133 217
345 261
5 89
345 351
217 133
306 345
345 351
217 223
261 351
434 389
351 261
95 89
89 95
133 223
351 379
261 351
217 223
223 178
89 50
196 143
479 389
473 479
50 89
479 473
345 306
95 89
345 351
217 223
59 80
178 225
425 479
50 95
217 238
306 345
479 473
217 223
473 434
351 261
473 456
306 345
261 351
355 288
261 306
89 95
217 223
473 479
223 211
479 489
351 345
479 434
50 5
223 217
217 223
89 95
5 104
89 5
89 95
217 178
306 345
379 375
261 345
473 479
217 223
434 389
345 261
351 261
389 473
306 351
5 95
133 201
473 432
479 473
345 306
479 434
473 479
345 378
473 434
95 50
261 329
271 335
95 50
133 217
50 5
89 95
473 479
389 479
217 223
345 351
217 174
345 351
484 435
345 261
345 351
178 250
351 277
217 223
100 14
434 473
502 426
65 99
434 479
389 510
89 5
434 479
335 352
178 223
473 434
133 235
217 178
473 434
217 133
217 178
479 473
223 178
351 345
217 223
50 93
473 479
89 95
434 479
434 479
306 345
95 5
95 5
5 47
223 178
351 306
306 345
95 89
5 89
148 192
261 306
345 351
473 479
169 133
434 473
261 306
434 389
5 68
89 50
351 306
473 479
5 50
217 223
345 351
217 223
95 89
351 261
306 351
178 217
434 441
5 89
133 153
345 351
95 50
479 473
89 66
389 479
89 95
217 223
178 223
50 74
5 50
345 351
5 89
133 223
5 89
345 351
217 223
473 434
351 345
178 223
345 306
95 0
351 306
479 473
89 95
355 376
145 173
50 89
89 95
50 28
473 434
434 479
89 95
217 133
345 351
389 444
345 357
479 389
351 306
178 223
389 503
434 473
345 327
95 50
178 223
89 5
345 306
473 479
434 479
223 217
50 95
261 306
94 70
306 351
479 407
95 5
5 89
345 351
389 479
473 479
425 452
217 133
89 95
351 282
223 178
479 389
345 351
389 434
473 434
5 89
178 223
89 95
345 351
306 345
133 223
223 133
217 223
192 132
178 199
473 479
133 217
95 5
261 306
223 151
223 178
95 89
223 178
345 351
178 223
351 301
261 306
89 45
217 223
5 89
389 473
434 479
345 313
95 50
50 98
473 389
479 473
320 269
465 484
434 473
261 345
5 89
261 345
223 217
479 484
435 449
217 225
345 351
228 247
473 479
95 5
217 223
306 351
50 45
345 351
389 473
95 50
473 479
133 178
217 223
473 479
509 479
479 467
389 457
345 351
95 50
389 479
223 133
345 351
217 223
434 479
261 345
473 479
345 306
351 345
345 306
473 479
261 303
473 479
178 217
95 50
42 51
217 178
5 89
389 473
399 418
473 389
345 351
479 398
345 351
345 351
133 217
50 95
217 133
473 479
479 389
473 479
473 434
479 402
351 345
95 89
178 223
89 95
351 345
234 226
473 479
5 95
473 389
345 257
345 315
345 351
217 133
217 223
389 431
133 217
345 351
351 306
351 306
389 434
479 473
50 54
95 8
270 351
389 473
89 5
89 95
217 223
479 473
345 351
261 351
473 434
223 217
133 151
95 50
223 217
50 95
5 123
217 178
17 67
95 89
479 434
217 223
223 217
261 351
345 351
306 345
95 89
479 500
178 136
5 47
473 434
306 261
355 354
50 95
217 133
345 306
89 95
5 121
133 182
5 89
5 72
261 345
261 306
409 490
345 287
389 473
345 351
217 133
178 234
479 473
345 351
5 73
434 410
89 95
223 217
89 50
351 345
479 389
89 95
473 434
345 261
95 5
223 217
261 345
178 133
479 473
306 351
351 345
345 351
351 349
133 223
223 217
389 479
345 351
345 351
223 178
89 95
261 354
345 351
5 95
89 50
217 178
217 223
217 178
434 479
89 95
434 479
473 479
133 217
133 217
479 473
5 121
351 306
434 468
261 345
351 345
345 351
223 229
473 434
479 473
89 50
473 389
217 233
217 223
223 217
261 351
363 269
5 89
89 95
95 89
473 479
389 502
217 212
479 473
95 60
5 89
434 473
217 223
479 407
261 351
223 217
50 5
133 217
434 479
351 345
178 145
95 50
217 223
345 351
153 234
345 351
223 151
345 351
89 95
217 223
133 211
345 351
306 351
473 479
479 473
50 95
133 223
95 89
345 351
95 18
223 178
345 306
473 479
95 89
351 306
5 73
351 345
345 351
89 95
345 351
261 351
95 89
352 358
473 507
178 223
261 266
261 345
178 223
389 479
95 89
95 89
95 89
345 351
479 434
50 95
140 222
351 261
345 261
133 227
261 306
297 324
261 306
351 306
5 95
306 345
351 306
223 217
89 21
473 479
5 95
133 217
473 389
345 351
473 389
223 178
178 217
473 479
50 95
223 141
351 345
261 345
306 345
89 50
223 133
351 279
345 371
452 399
178 223
217 176
434 389
389 434
261 374
473 434
261 306
178 223
261 345
73 5
89 5
223 178
345 306
345 351
95 5
389 501
217 223
217 178
5 17
345 306
351 345
434 479
89 95
306 268
5 95
389 479
351 261
54 38
178 223
89 95
178 223
241 186
399 418
133 175
389 486
434 479
473 479
178 223
345 351
261 345
389 479
217 178
133 223
345 351
434 479
261 345
479 473
261 306
178 217
473 479
389 481
434 479
389 479
133 201
89 95
351 306
434 473
223 217
473 479
95 89
473 479
133 223
95 89
351 261
261 303
434 479
89 95
89 95
306 374
306 345
351 345
261 303
95 89
261 279
306 345
50 95
223 133
310 306
389 473
89 95
306 345
389 473
217 178
389 457
434 479
89 71
133 223
178 217
223 178
20 64
50 5
95 50
178 175
133 192
351 306
345 306
306 351
389 434
5 73
306 351
95 89
389 457
5 95
89 95
133 217
434 457
5 89
261 345
133 223
178 174
356 270
351 306
401 464
133 175
217 223
5 95
345 261
351 345
389 434
178 223
5 89
261 329
54 117
50 20
479 473
479 473
89 95
479 389
351 345
95 50
479 407
133 178
473 479
50 95
50 123
401 496
89 95
345 351
169 202
434 479
479 431
89 50
479 398
479 407
473 479
178 217
223 142
306 351
217 133
89 95
389 479
223 217
178 223
178 133
178 133
389 473
95 5
306 261
479 389
473 407
351 338
434 477
217 223
5 50
479 494
145 217
50 89
217 178
351 260
223 178
473 389
95 89
434 479
223 133
473 389
5 50
178 133
306 351
89 30
217 223
178 223
133 217
306 379
306 351
345 306
227 248
473 479
389 479
473 389
217 133
269 363
273 379
473 434
217 178
351 345
133 201
345 351
228 142
217 178
434 479
434 467
473 479
306 351
351 345
434 479
50 95
178 217
107 13
351 345
89 50
345 261
89 50
345 351
223 217
113 58
479 473
178 223
133 223
434 473
261 306
473 479
479 389
345 351
479 389
133 223
133 223
345 351
479 485
217 223
345 261
425 469
389 431
473 479
434 401
473 415
306 357
223 133
89 50
217 178
389 434
473 479
351 261
351 378
473 479
217 178
217 158
95 23
89 50
192 211
184 223
261 345
351 345
479 473
5 89
389 479
70 42
306 345
351 345
95 5
95 89
434 455
345 351
447 504
345 306
261 351
125 17
217 223
345 351
261 351
217 223
261 345
89 50
345 351
145 132
5 89
217 223
261 306
473 434
306 351
351 345
351 332
223 178
50 89
178 223
345 351
345 306
50 95
125 98
95 50
5 89
509 473
89 5
473 434
351 345
345 261
253 145
473 434
261 274
95 89
389 473
95 89
434 473
5 95
223 154
389 434
169 210
217 223
479 473
473 479
345 357
307 319
217 178
50 89
5 95
100 51
345 306
5 50
89 122
223 178
473 479
434 473
89 95
389 473
434 468
479 473
5 89
479 473
133 217
223 133
473 479
345 351
389 473
89 95
479 473
434 422
473 479
345 306
50 95
479 387
306 261
473 479
89 95
5 73
5 89
217 223
345 306
479 473
50 89
306 351
473 434
345 261
5 89
351 261
473 479
306 351
473 434
89 95
434 479
5 34
306 261
178 217
434 473
261 351
473 479
345 351
89 79
351 270
352 330
95 23
133 151
271 339
178 223
133 217
345 258
89 50
473 431
217 223
389 479
425 496
482 434
473 479
15 79
434 473
306 351
434 479
351 345
351 345
89 50
178 223
473 479
479 389
473 434
261 351
178 223
148 192
217 223
89 95
223 217
479 473
133 223
389 473
351 261
5 73
133 223
479 389
217 133
95 89
479 389
217 223
479 460
351 345
191 248
5 50
473 389
89 50
389 434
5 47
261 306
89 50
261 351
50 95
217 223
479 434
201 133
479 473
95 89
228 247
95 89
145 160
389 443
95 5
416 458
223 217
223 217
223 133
217 178
306 261
261 345
178 217
89 95
223 178
345 351
5 95
113 5
5 89
473 434
351 261
133 223
261 345
224 229
473 389
217 178
306 261
133 223
479 473
389 473
351 261
473 479
345 351
133 217
389 473
306 266
306 351
89 95
95 8
351 295
389 479
5 95
89 95
217 223
51 5
345 261
234 156
89 50
401 426
217 223
345 306
95 89
479 473
479 473
95 5
351 345
351 261
389 480
509 443
95 89
434 479
50 95
95 5
473 434
223 217
306 371
217 223
178 223
51 109
217 223
473 479
479 389
89 63
223 217
178 217
261 351
41 104
345 351
50 89
345 306
217 223
5 95
345 351
95 14
434 479
473 479
473 434
261 345
479 434
351 345
355 272
351 345
178 133
223 217
223 178
345 351
479 389
389 479
50 5
50 95
434 491
306 345
89 95
5 50
345 351
96 50
178 223
95 50
351 306
89 95
479 434
345 261
217 211
133 223
473 479
223 217
217 178
217 223
479 473
473 389
223 178
398 465
217 223
217 223
306 345
351 261
178 217
351 345
178 217
345 351
133 217
261 345
178 217
345 306
351 261
95 50
345 351
121 92
89 95
217 223
351 345
351 345
5 89
345 306
351 345
5 73
95 23
345 351
351 306
63 120
5 83
249 207
217 223
345 306
89 95
228 247
223 180
473 389
351 261
95 50
273 347
50 95
89 95
389 434
434 426
223 217
179 198
479 473
89 5
473 479
351 306
479 434
351 279
345 351
133 223
345 306
178 223
100 51
217 178
479 434
479 434
389 473
217 223
434 479
50 95
50 95
389 473
178 223
5 95
178 223
5 89
178 217
5 39
95 89
261 260
389 479
306 351
351 345
217 133
50 95
89 50
479 473
223 217
217 223
306 351
89 50
217 133
178 223
89 50
479 473
217 223
5 89
217 178
223 217
351 261
326 315
345 306
136 192
95 89
271 339
217 178
351 261
479 434
479 434
217 223
223 178
306 345
223 217
217 223
306 261
435 447
381 273
345 306
223 217
270 261
89 95
434 479
223 217
95 50
50 5
5 50
100 14
479 389
473 389
473 479
89 95
133 217
89 50
89 95
217 251
145 211
95 5
47 20
217 133
178 235
89 95
217 223
133 201
345 365
345 306
217 178
473 479
306 261
306 355
50 95
434 479
217 169
297 279
178 217
50 5
345 351
133 223
389 473
261 306
473 479
434 479
345 327
217 133
217 223
223 217
479 389
448 441
345 261
345 351
473 479
133 223
319 339
223 142
50 89
5 89
473 479
479 473
178 223
95 5
228 247
351 345
473 479
50 89
13 107
95 50
389 479
50 89
479 473
95 5
351 306
223 151
298 307
261 303
345 351
89 50
497 442
261 345
223 142
223 178
479 434
5 71
223 227
178 223
95 5
261 351
223 217
479 473
473 434
5 95
178 223
217 178
479 387
473 479
345 351
89 50
306 351
253 192
5 95
133 128
491 397
178 205
306 351
89 5
98 38
63 79
223 178
473 479
89 95
473 479
306 351
297 277
217 133
389 479
473 479
89 95
94 112
95 50
223 206
330 356
50 89
434 479
389 479
479 389
351 261
95 5
261 351
50 95
182 232
5 89
479 473
479 434
89 95
389 479
95 89
345 351
89 95
473 389
345 351
50 89
95 89
133 217
345 351
261 345
95 89
473 463
356 375
473 479
5 95
345 351
389 434
434 479
217 178
261 351
89 5
223 133
170 226
434 479
479 473
425 452
223 207
389 479
178 223
398 465
217 133
89 101
473 479
96 83
50 95
217 223
434 479
217 178
178 202
473 479
345 298
133 217
217 133
345 304
473 434
89 95
223 217
50 89
261 345
95 89
473 479
95 18
306 261
89 50
5 95
345 351
5 50
5 89
89 52
251 247
5 95
95 89
306 351
178 133
434 479
479 389
351 345
58 42
434 479
473 479
306 351
473 485
41 68
473 479
89 95
5 95
217 223
473 479
217 133
434 479
223 217
389 473
142 209
261 351
64 31
306 345
389 473
306 345
50 5
479 473
273 381
223 217
261 329
389 473
178 217
261 303
133 223
20 8
261 350
306 351
235 141
50 95
479 491
81 14
389 460
479 397
89 5
389 434
50 95
89 95
89 95
89 95
434 479
473 479
345 306
473 479
473 434
50 95
50 66
479 473
351 345
14 95
479 473
389 434
248 133
241 186
473 479
473 479
223 217
479 473
50 5
345 352
95 89
50 5
95 89
306 351
89 95
50 89
434 479
345 351
5 95
175 133
5 95
261 351
5 71
89 95
133 223
5 95
50 95
223 133
133 201
306 330
217 133
89 50
223 133
434 479
351 306
89 95
389 476
178 223
178 217
389 490
434 389
434 479
89 95
217 223
95 50
345 256
56 64
351 306
261 351
217 223
89 95
50 5
351 266
345 351
306 347
479 473
473 479
261 286
261 345
223 217
50 5
351 345
95 5
473 479
50 95
351 261
50 95
223 146
479 389
89 5
345 351
479 431
473 479
464 434
425 452
89 50
223 151
473 389
217 223
178 223
356 375
178 217
479 434
95 89
133 217
95 89
178 223
178 140
50 5
479 473
345 351
434 479
5 95
89 95
434 473
473 479
47 51
89 97
50 95
94 56
473 389
473 479
50 95
143 207
217 223
95 5
145 211
50 5
345 351
133 175
351 261
96 42
50 89
95 50
133 223
389 473
217 178
50 95
253 198
473 479
351 306
5 50
351 261
434 479
434 389
178 223
345 351
95 50
434 479
223 151
133 201
178 133
261 351
89 95
345 351
345 329
345 351
351 345
217 178
345 306
324 297
351 306
217 223
351 306
178 223
223 217
479 473
434 479
306 351
5 89
479 473
261 303
351 345
261 351
345 351
50 118
223 217
351 345
351 261
5 50
306 351
479 389
479 434
434 402
389 431
345 351
389 457
133 223
345 306
133 217
95 50
351 306
133 223
389 457
182 244
479 434
351 306
217 223
182 211
351 345
228 247
369 330
473 434
133 178
473 434
345 351
142 228
5 95
95 5
276 320
473 479
351 261
217 133
473 434
479 473
434 479
95 50
306 351
217 178
479 434
351 345
89 50
479 473
306 340
345 351
434 479
178 133
133 217
95 89
351 345
479 389
25 5
434 479
95 89
434 479
473 479
50 89
473 479
5 89
434 479
83 55
351 270
5 95
95 89
261 306
95 123
389 479
479 473
273 261
133 223
473 479
351 306
217 223
351 345
88 17
261 345
50 95
89 95
95 50
473 434
178 223
95 89
473 479
50 89
5 89
89 75
479 431
133 131
261 351
434 387
479 389
473 479
133 175
389 457
345 351
473 389
404 392
473 479
306 371
223 146
95 89
473 479
261 372
345 351
89 95
389 473
473 479
479 434
133 178
20 64
