512 10000
479 478
261 351
223 166
54 111
473 479
261 351
89 95
133 217
473 479
351 345
351 345
434 479
345 306
389 473
434 473
89 95
89 95
89 95
473 434
95 83
479 407
261 306
261 306
223 178
345 351
50 89
95 89
351 345
133 178
345 306
133 178
151 223
389 434
306 351
345 335
89 50
178 217
345 351
217 223
473 479
217 178
89 5
95 89
95 72
345 351
50 95
89 95
479 473
473 479
434 389
50 83
5 95
223 178
389 434
223 217
351 345
95 89
345 378
42 51
95 20
178 180
438 416
223 148
89 95
345 351
89 95
345 351
5 89
133 223
178 217
351 345
351 270
306 345
351 345
178 223
473 462
479 389
473 496
223 178
448 478
389 431
345 351
345 351
178 217
95 71
261 351
89 5
434 389
261 345
345 351
473 479
473 454
223 217
217 223
224 143
178 223
261 345
89 5
50 77
434 479
5 47
306 261
178 223
479 434
389 473
509 435
95 50
479 434
5 50
306 261
473 479
5 89
223 217
95 50
50 89
479 434
434 473
217 178
178 133
217 142
261 303
261 345
473 389
95 89
89 95
473 434
345 351
351 345
178 217
178 223
5 89
261 351
223 217
345 296
389 473
351 306
133 223
89 50
50 95
5 95
345 351
351 345
473 479
369 314
337 298
479 473
217 178
50 5
5 89
50 89
95 50
261 351
345 351
169 143
5 50
89 95
178 223
473 384
351 345
217 148
479 473
5 50
50 95
473 468
133 174
345 351
389 473
473 479
345 351
434 494
178 133
351 345
351 306
473 479
473 503
178 223
345 315
89 95
50 95
479 473
50 95
50 95
249 211
351 327
473 479
479 434
125 53
351 279
89 95
306 351
473 434
178 223
5 95
133 223
473 479
95 50
319 352
5 0
448 478
89 95
223 217
133 223
473 479
178 223
89 95
217 133
50 5
217 223
284 345
345 306
89 95
479 473
145 234
351 345
434 412
345 351
95 50
89 95
96 119
434 473
223 178
350 368
306 351
95 50
223 217
89 95
434 415
133 217
223 217
223 217
223 178
133 217
374 269
345 317
473 479
5 95
133 223
89 95
217 223
261 320
89 95
217 223
178 223
306 351
133 223
434 389
5 89
434 479
351 345
95 89
50 95
217 223
479 473
133 223
306 351
89 95
107 13
217 223
473 479
64 83
351 270
473 434
223 217
351 345
217 178
434 389
389 401
434 388
95 5
217 178
5 95
449 418
223 133
479 473
217 223
178 223
261 351
89 5
217 223
133 223
133 223
306 351
178 217
473 478
5 95
473 479
133 223
133 217
351 345
89 50
389 473
223 217
89 95
351 306
473 389
89 50
95 50
473 479
473 479
345 351
95 5
473 434
179 156
345 306
89 55
178 223
479 407
261 306
5 95
223 178
473 479
5 50
479 473
479 389
479 434
95 50
389 473
5 50
401 482
89 95
389 457
133 223
217 178
89 95
178 223
5 95
473 479
145 230
261 351
473 389
223 178
345 351
306 261
351 261
261 351
306 351
223 178
217 178
479 389
434 504
5 4
133 223
133 201
217 223
345 261
125 45
5 95
473 479
50 95
133 217
50 95
351 261
261 345
479 394
345 351
479 389
351 306
223 178
223 178
473 479
223 217
5 95
306 351
133 223
50 18
351 345
351 306
345 351
89 95
345 351
473 427
479 434
351 345
351 345
473 479
351 306
434 473
89 95
95 89
217 223
133 217
473 434
351 357
479 389
276 320
351 261
306 345
95 5
178 223
95 5
133 178
473 479
94 4
89 95
261 327
50 89
89 95
133 217
217 223
306 305
223 151
345 351
178 133
473 479
178 223
351 345
479 473
389 434
473 479
217 223
473 414
306 351
480 502
217 223
351 345
50 95
345 351
351 306
473 397
261 347
223 217
473 479
473 434
473 479
261 351
389 434
217 133
133 223
217 133
306 351
261 339
351 345
351 319
389 434
345 261
290 321
133 223
345 351
89 95
133 223
434 479
306 351
261 306
50 20
261 351
261 351
479 441
89 95
473 479
89 80
223 217
479 473
261 351
223 133
217 223
178 133
133 223
389 434
434 497
306 351
434 479
89 50
434 508
473 479
261 351
306 261
431 434
389 434
50 121
178 223
350 356
95 5
473 479
223 170
479 434
479 473
473 479
306 298
193 246
178 223
223 133
434 494
178 170
95 50
434 479
434 479
178 223
99 82
351 345
223 151
50 95
473 389
261 306
306 351
479 473
95 89
434 473
133 217
345 306
217 173
217 223
434 473
95 17
473 479
223 217
217 223
162 143
50 89
5 95
133 217
351 345
89 5
89 95
434 479
217 223
434 473
95 23
337 298
351 270
473 479
217 223
261 334
345 261
479 434
133 217
50 95
95 89
351 345
89 71
473 490
95 56
50 95
351 345
249 235
306 345
217 223
217 178
217 223
223 142
178 133
351 369
473 479
479 389
345 306
473 479
95 14
133 222
89 77
217 133
434 479
178 217
434 473
217 223
95 50
223 138
473 389
261 351
306 274
473 479
89 95
89 95
438 483
89 95
217 223
217 133
297 330
479 473
345 351
434 479
345 351
223 237
261 351
473 389
479 434
473 434
223 133
389 457
178 217
483 433
89 82
389 473
473 479
351 279
351 306
178 223
473 460
95 23
64 55
89 95
389 434
473 479
434 412
249 226
479 389
389 434
160 202
50 95
479 473
223 217
345 351
473 435
223 178
389 499
345 316
89 95
473 479
345 351
345 351
473 479
345 351
306 345
217 178
389 434
479 384
345 306
351 270
89 95
217 133
389 479
473 434
351 306
434 473
479 434
133 223
191 224
89 95
261 345
448 450
217 225
473 479
5 73
473 479
345 351
389 473
95 89
178 223
479 434
133 178
473 479
50 74
95 89
5 50
345 351
223 178
389 402
381 326
95 89
89 95
345 351
89 95
89 50
217 188
5 47
217 223
503 507
345 340
434 479
89 95
223 178
133 223
89 5
217 178
306 345
473 389
95 89
345 306
473 479
473 479
345 306
223 142
204 193
227 235
89 50
50 95
434 389
306 261
217 223
434 479
95 50
434 479
479 509
223 133
133 175
223 178
351 345
369 314
5 81
351 366
345 351
479 473
179 170
351 261
223 217
261 345
95 50
5 89
5 50
389 479
95 5
473 479
306 351
178 217
473 479
306 345
95 71
345 351
217 164
389 473
351 345
223 217
223 178
473 434
473 479
89 95
261 345
345 351
142 209
473 389
479 434
479 473
223 133
5 23
95 89
95 5
434 479
473 479
89 95
389 479
89 5
473 479
473 398
473 479
306 309
50 95
389 434
5 89
479 398
89 95
479 389
217 176
351 261
89 5
389 479
389 434
389 473
479 473
95 42
434 479
50 89
178 223
89 95
223 178
351 345
89 50
145 140
351 259
351 345
345 351
95 89
261 345
345 351
351 345
345 306
5 95
223 217
95 50
306 351
479 398
473 389
434 473
217 202
95 50
473 389
251 247
434 473
306 374
473 434
261 345
345 273
351 310
345 306
345 351
217 223
261 351
479 407
133 201
473 389
133 206
434 384
223 217
95 89
178 223
178 223
273 352
178 133
351 306
473 479
306 261
473 479
479 475
89 50
479 407
223 178
473 434
170 179
479 407
345 351
479 473
89 95
89 95
253 188
261 345
58 113
479 473
217 223
142 209
89 95
89 95
50 83
473 434
223 217
345 351
261 345
178 223
351 345
89 95
89 95
434 479
133 217
178 133
491 397
351 279
89 95
261 351
50 5
261 351
356 375
479 473
306 351
351 306
125 86
345 351
50 95
223 178
217 148
479 434
389 473
217 223
89 50
95 50
217 223
217 223
133 223
473 479
355 273
50 95
217 223
217 178
310 259
261 306
345 306
217 223
351 306
345 286
178 223
217 178
479 434
389 479
345 306
133 223
50 5
473 479
345 351
5 50
133 170
5 50
306 345
217 178
479 473
473 479
89 95
133 199
89 95
351 345
89 44
389 434
345 351
473 479
434 479
306 351
217 178
345 351
261 351
434 452
178 223
5 17
217 223
89 50
133 170
389 398
389 434
50 95
5 8
261 351
351 345
389 464
217 133
473 479
211 228
217 133
479 473
95 5
345 351
223 217
133 201
389 479
473 479
351 345
89 95
479 473
479 473
389 479
223 133
50 5
479 473
178 223
95 50
217 223
217 150
434 479
306 261
133 199
434 473
95 75
217 223
217 133
351 261
5 95
217 178
351 345
217 223
351 256
5 50
473 434
95 89
319 352
351 261
479 389
89 95
89 50
261 351
473 479
95 30
217 223
133 217
223 217
223 178
261 351
389 479
182 173
345 351
345 261
50 30
345 351
178 223
95 5
217 178
133 223
473 434
217 227
389 479
389 473
95 50
178 223
473 477
345 306
223 217
389 473
178 217
89 50
389 434
434 479
351 261
89 50
473 389
306 351
95 89
473 479
473 479
473 479
223 217
95 89
473 389
133 175
306 273
95 83
473 479
89 95
434 479
89 95
223 203
350 347
50 89
223 178
306 345
217 223
320 360
479 394
261 312
89 95
217 223
50 95
320 324
89 50
113 58
351 308
89 115
473 389
473 434
404 448
142 209
434 479
145 214
178 133
389 431
345 351
217 178
345 306
389 494
178 230
89 95
473 479
223 178
89 95
89 50
217 223
434 473
89 50
95 89
345 351
479 434
389 431
479 473
389 483
401 465
186 203
143 207
178 133
473 479
89 5
223 151
95 23
95 89
473 413
434 479
345 261
261 345
217 178
389 473
306 351
345 351
50 95
434 473
5 50
345 351
473 479
345 351
89 95
479 473
5 118
351 345
217 223
217 223
351 303
473 434
95 89
223 144
5 95
95 89
473 479
306 261
351 345
345 351
5 95
95 89
178 217
473 428
473 479
95 5
223 217
345 261
133 223
223 217
217 223
217 133
178 223
479 473
5 95
473 479
261 329
306 351
89 5
345 351
479 389
473 479
217 223
223 133
74 99
473 479
217 223
389 479
479 473
351 345
178 170
217 223
351 345
217 241
5 50
133 248
223 133
50 95
345 351
351 345
473 493
473 479
434 479
345 306
178 217
261 303
95 89
228 247
95 67
178 133
479 389
89 5
223 217
389 479
133 223
448 404
473 472
217 223
217 178
178 217
178 223
434 433
479 389
434 479
261 345
345 351
217 178
306 351
5 50
133 191
473 479
479 473
479 389
217 229
95 89
5 47
345 351
133 223
355 270
473 479
89 95
79 61
306 345
133 201
473 479
261 306
473 479
434 479
351 345
351 345
479 407
217 223
345 351
389 479
133 131
479 405
89 95
223 217
345 270
89 95
217 133
89 95
5 50
479 473
217 223
217 133
306 351
223 178
473 479
261 345
389 455
297 356
96 81
389 479
89 95
389 457
15 34
89 50
434 479
345 351
223 178
339 281
89 95
89 95
89 95
217 178
473 434
217 223
473 434
95 5
89 95
217 133
479 473
14 81
261 351
223 178
223 178
324 271
95 89
89 95
473 481
223 207
351 279
223 151
89 95
178 223
345 306
479 473
479 473
89 5
217 223
223 209
95 5
351 355
479 398
5 95
473 434
133 223
345 351
89 95
351 345
178 223
89 5
261 306
89 95
5 95
261 345
319 352
319 376
306 261
50 95
345 351
306 339
217 178
95 50
435 440
5 95
178 208
345 351
95 89
473 389
133 217
435 456
351 345
5 50
223 133
389 434
223 217
95 89
89 50
95 89
473 479
434 491
217 252
217 223
223 217
345 351
217 133
306 351
223 207
253 251
345 351
89 5
479 473
89 5
306 351
491 389
217 223
217 223
351 270
178 242
434 479
217 240
50 95
223 142
473 434
223 217
5 95
479 434
179 199
389 434
113 58
479 434
178 133
457 434
133 217
178 217
89 95
217 223
473 479
345 351
178 223
351 345
351 261
89 50
434 479
217 223
223 217
217 223
217 133
217 223
401 402
307 261
217 223
434 479
223 217
351 261
179 147
50 89
434 479
223 133
434 479
5 89
389 479
473 389
473 389
50 95
119 123
261 306
95 89
351 306
133 217
345 306
473 434
5 89
64 35
89 95
345 261
377 382
217 223
89 95
89 81
95 89
389 479
261 351
389 467
5 95
223 217
89 95
217 133
310 352
148 192
479 434
473 479
89 95
345 306
89 50
306 351
5 95
50 89
50 95
95 50
239 198
479 389
133 223
5 89
95 89
95 5
223 133
89 95
479 473
89 95
297 268
50 61
479 434
351 261
89 5
95 89
434 404
434 473
473 389
306 261
261 303
133 217
5 70
345 351
479 473
479 389
389 491
339 335
473 479
95 116
217 223
95 50
223 178
473 434
89 5
89 5
345 351
261 351
479 412
345 285
479 434
261 345
95 89
306 315
351 345
223 217
351 345
389 479
351 345
306 351
473 434
261 351
121 91
89 5
306 345
223 142
479 473
223 133
178 223
345 351
217 223
50 73
223 163
223 142
479 473
261 306
133 148
484 503
5 50
217 223
133 223
223 217
434 479
473 479
306 351
178 223
479 473
261 351
351 261
182 164
473 458
389 473
345 261
261 345
345 351
133 217
223 217
345 351
434 479
133 201
95 89
389 473
351 306
95 89
217 223
351 306
351 279
95 5
95 89
306 355
179 170
273 351
178 223
306 351
345 351
345 306
5 50
261 351
223 217
89 50
223 199
207 211
5 95
51 107
50 95
479 473
389 431
89 95
473 389
473 389
434 479
217 133
314 369
223 217
434 479
89 95
95 89
20 121
217 178
473 479
271 339
119 100
217 223
217 223
89 50
95 89
479 473
89 95
389 434
89 95
95 89
217 223
89 95
5 95
306 351
223 133
217 223
95 5
89 95
306 319
217 133
217 223
479 473
310 261
479 473
351 345
217 223
345 351
479 473
435 462
223 178
389 479
95 5
479 473
473 479
271 335
50 89
345 351
306 345
133 178
261 351
143 211
50 95
473 434
261 351
306 330
217 223
133 223
217 133
345 351
345 351
271 335
5 105
351 345
261 320
473 479
479 389
261 351
261 351
261 351
54 59
5 95
178 223
217 133
89 116
389 473
178 217
50 95
319 376
473 398
217 223
95 89
434 479
345 306
133 223
217 133
351 261
434 389
473 479
178 223
223 217
95 5
5 95
434 479
192 222
95 89
223 178
223 178
479 473
483 405
50 89
473 479
50 5
473 479
95 14
473 407
473 479
306 351
306 351
223 217
306 303
217 223
95 92
434 441
473 479
15 83
223 178
50 95
148 136
306 345
95 89
389 479
314 369
5 89
5 89
217 223
133 223
345 351
178 220
223 133
479 473
306 351
223 217
217 133
89 95
345 351
310 258
261 351
389 479
217 133
473 434
217 223
223 178
133 223
351 261
5 89
355 310
434 479
351 345
345 351
133 178
479 473
89 50
345 306
389 473
178 223
473 479
473 479
473 389
5 50
261 351
473 389
473 479
473 479
5 123
133 178
217 223
89 95
434 504
50 5
434 473
223 133
479 434
5 95
223 133
89 95
473 479
217 223
434 437
306 351
50 115
306 351
479 388
5 95
89 5
133 178
434 479
434 479
217 223
133 178
351 345
50 5
345 351
261 304
223 217
223 133
473 479
133 243
261 351
89 50
50 95
351 261
261 345
95 50
473 434
389 434
89 95
95 5
473 479
141 235
351 261
95 89
435 394
389 479
217 223
5 95
133 158
95 89
223 217
95 89
142 209
50 95
196 169
217 178
261 260
95 50
133 217
41 47
473 479
306 351
434 473
351 345
479 389
479 434
345 306
479 473
389 473
345 351
50 95
217 223
350 323
479 389
261 351
479 473
351 261
306 351
5 89
95 50
223 133
473 389
479 473
125 95
5 50
389 473
351 345
434 479
483 423
351 316
261 345
223 133
473 479
261 351
41 77
261 345
50 2
389 479
389 434
89 95
298 307
50 89
89 50
345 351
306 351
479 407
89 95
473 479
50 89
89 50
133 253
89 50
261 345
389 434
345 351
306 261
345 306
261 351
345 306
95 119
5 95
217 223
345 351
89 95
217 223
345 351
434 473
389 434
89 95
345 351
345 261
5 89
223 217
434 473
223 217
306 345
351 264
261 351
473 434
133 217
389 457
133 178
95 89
345 351
473 479
310 306
345 261
306 333
473 479
345 351
133 223
479 398
223 217
261 329
89 95
89 5
261 351
351 345
345 261
479 473
479 473
261 351
89 67
89 95
261 345
345 261
351 306
5 50
479 398
306 351
389 473
50 118
217 178
217 223
50 89
434 473
223 232
133 217
217 178
389 479
345 351
95 89
133 223
434 473
223 217
389 473
389 479
217 223
261 306
345 351
389 434
473 479
133 217
509 454
5 95
223 178
479 473
223 178
345 351
434 414
479 434
89 95
89 95
473 479
95 89
178 223
306 345
345 351
306 351
479 458
133 223
351 345
95 89
223 217
473 434
479 434
479 473
345 351
217 178
261 345
261 351
377 368
307 354
434 479
434 408
223 217
306 351
473 479
217 223
178 253
170 209
133 217
133 223
223 217
5 95
389 473
89 92
89 95
223 217
351 345
223 178
261 306
324 271
5 60
351 345
217 223
351 345
178 223
223 133
503 507
306 270
276 379
351 345
89 95
345 261
118 65
467 399
89 95
306 351
261 345
217 178
217 178
473 479
89 95
345 306
68 15
95 89
178 223
5 95
399 418
434 389
223 178
473 434
345 306
50 5
217 223
89 20
89 5
483 460
95 89
223 217
89 50
434 479
345 351
95 89
223 178
479 473
217 223
473 407
345 261
89 101
261 351
434 473
351 261
389 434
133 178
95 5
143 162
223 178
306 351
89 50
479 473
306 351
241 186
389 440
345 261
95 89
143 211
345 334
182 178
217 178
434 479
178 223
306 351
345 351
223 217
160 202
389 479
261 351
89 24
217 133
95 5
125 95
479 392
345 351
345 351
5 50
261 276
345 285
479 395
222 239
389 473
5 73
89 5
217 178
320 352
5 95
473 479
95 50
89 95
306 351
345 351
261 351
50 95
95 89
133 223
5 89
5 50
345 351
50 5
345 351
434 389
479 473
261 351
111 70
50 89
223 178
89 50
89 95
434 497
261 279
89 95
89 95
217 223
178 147
133 178
32 74
345 351
89 95
473 434
50 95
479 434
50 95
473 479
178 223
261 351
133 178
95 50
351 261
89 50
479 473
217 223
95 89
178 217
5 95
95 89
217 223
178 223
434 479
50 95
473 479
5 95
434 473
133 223
223 217
178 230
306 351
351 306
95 50
306 351
306 351
306 345
217 178
473 479
389 473
351 279
95 5
351 261
345 261
306 366
5 50
261 306
50 95
50 95
479 407
261 351
50 95
89 5
306 339
223 133
95 50
5 89
345 331
345 351
217 223
217 178
479 389
5 89
479 407
389 457
389 479
473 434
345 351
209 141
50 95
65 114
217 223
434 479
89 95
345 261
473 434
306 351
5 95
345 351
89 95
479 467
389 434
473 479
95 89
133 217
306 351
473 389
351 345
351 345
434 473
223 217
351 379
350 280
89 50
178 223
133 223
306 345
133 148
178 203
133 217
261 351
223 217
217 223
434 436
223 178
425 399
306 351
178 223
89 50
479 473
479 473
434 479
479 473
5 125
223 133
5 50
271 335
261 306
261 351
473 479
89 50
95 75
246 141
389 473
345 351
479 398
95 89
178 223
447 504
5 95
351 345
251 247
5 95
217 223
178 144
228 247
404 448
345 351
217 133
223 217
133 178
425 443
345 351
473 479
239 198
479 389
345 351
345 351
227 150
351 345
473 479
479 473
389 479
389 473
223 133
473 479
178 217
5 95
306 261
389 434
95 89
217 133
321 360
345 351
479 473
178 217
473 434
89 95
95 8
133 223
89 95
5 73
434 473
345 261
502 389
261 306
5 89
89 95
95 50
178 253
261 351
223 217
345 351
217 223
389 473
345 351
509 392
306 328
89 95
389 434
95 89
5 95
5 89
133 223
133 201
217 133
479 434
389 395
217 178
89 95
50 95
345 315
217 223
217 133
389 479
351 345
217 133
473 389
473 434
389 402
345 351
473 479
479 473
178 223
95 89
320 269
223 217
401 464
217 223
89 95
306 261
5 95
217 223
75 89
473 389
434 479
389 479
217 178
95 50
5 89
389 479
133 223
434 479
345 319
345 333
473 479
351 345
50 114
261 345
345 351
217 244
217 223
95 5
306 345
89 5
217 223
95 8
89 50
133 217
306 273
345 295
345 304
5 95
217 178
310 315
345 351
89 95
133 224
223 217
479 473
95 8
89 95
217 223
217 223
178 217
351 261
95 50
95 50
351 345
345 300
351 345
5 89
133 223
217 223
473 479
351 270
5 95
95 14
246 193
434 479
95 89
178 176
178 217
473 479
89 95
89 95
306 351
479 389
256 351
217 133
50 5
223 151
217 223
345 351
434 479
351 261
178 133
50 95
473 479
434 404
178 217
448 395
42 51
351 270
473 479
473 479
143 207
345 261
261 306
89 95
178 223
479 389
479 473
369 335
217 223
434 505
345 351
473 434
5 89
133 223
351 345
170 207
89 50
345 351
95 5
479 389
434 479
50 95
473 389
143 207
351 306
142 209
133 178
178 227
95 23
479 434
223 217
178 223
148 192
479 473
473 434
223 217
5 50
434 389
89 5
479 434
5 89
223 178
434 479
95 5
389 473
95 89
118 5
125 44
434 392
133 223
178 217
133 217
389 491
89 95
345 351
89 95
223 178
261 345
133 201
5 73
89 95
345 351
223 178
473 457
479 473
133 175
345 351
89 23
306 351
351 327
95 50
306 351
306 329
89 5
89 95
89 5
479 389
389 473
261 306
345 351
389 434
106 70
479 389
217 133
50 95
83 111
41 19
217 223
145 140
223 151
95 5
95 72
351 306
473 479
178 133
473 479
306 345
89 95
223 217
345 351
345 286
95 50
50 5
449 408
89 123
178 133
89 95
261 351
345 306
434 445
479 473
217 223
345 306
389 479
473 479
217 223
378 306
479 434
89 5
178 223
223 217
479 389
133 223
217 133
345 351
479 389
473 389
5 50
479 473
223 142
217 223
479 473
473 389
223 204
247 251
351 306
351 345
89 5
473 479
178 223
389 473
217 223
505 467
478 454
345 351
345 351
54 15
345 261
351 279
89 5
50 95
50 89
479 389
89 95
94 66
178 223
133 223
345 351
89 95
133 217
345 351
473 464
217 133
473 435
5 95
95 89
5 95
434 479
261 351
116 17
217 223
345 351
217 223
217 133
479 473
223 178
223 133
5 95
261 316
351 345
125 46
479 389
217 223
89 95
473 479
434 473
223 217
217 223
125 79
89 95
223 178
5 95
479 434
217 223
345 351
217 223
95 89
95 89
306 351
473 479
452 425
473 389
434 479
389 479
223 217
95 5
345 351
389 457
473 479
5 51
261 329
434 473
503 404
351 306
473 479
178 223
306 351
217 223
223 133
5 95
89 95
351 306
5 50
434 479
217 223
351 261
434 479
217 178
351 345
95 89
113 58
133 223
223 133
479 473
223 133
178 223
50 74
345 351
66 95
264 345
473 479
50 5
345 306
345 351
351 345
217 223
473 479
50 95
89 95
261 351
434 389
5 95
261 351
223 217
473 479
351 345
223 133
389 473
479 389
217 223
479 389
217 178
261 345
133 223
217 223
50 95
223 133
133 223
15 79
133 217
217 133
95 50
306 351
351 345
479 407
89 95
473 479
434 473
5 95
351 261
389 473
479 434
5 95
389 479
351 306
345 351
89 50
351 340
434 413
217 223
479 473
435 426
261 329
5 50
351 345
389 473
5 95
306 351
351 306
261 270
434 479
389 479
345 351
351 345
217 223
217 178
223 178
178 133
89 95
223 217
89 5
178 223
217 223
95 5
345 351
351 345
217 223
381 260
223 178
473 479
473 496
178 223
306 351
133 223
5 50
473 479
389 434
178 144
182 151
479 467
5 50
178 228
50 99
345 351
5 89
306 339
261 369
217 156
389 457
95 89
89 95
261 306
345 261
434 447
5 95
89 95
133 201
261 374
133 223
223 217
5 95
345 261
217 178
95 5
217 178
479 434
5 89
178 138
217 178
473 479
389 479
95 5
261 345
473 479
95 5
217 223
178 223
345 351
399 467
217 235
345 351
473 389
133 223
99 5
351 261
306 351
95 89
473 424
473 479
261 351
89 5
95 50
5 92
261 351
223 133
5 95
241 133
95 89
491 397
479 499
89 50
178 138
389 434
217 133
50 95
389 479
479 473
434 479
479 389
479 434
389 423
223 217
133 217
95 89
355 287
473 434
133 178
306 371
89 50
217 223
389 434
169 168
5 47
345 306
89 50
351 345
345 351
351 345
95 50
178 223
434 479
351 369
389 473
351 261
306 351
95 89
473 389
89 95
89 47
473 479
434 479
169 178
50 95
89 5
261 303
179 206
351 261
178 217
89 95
261 306
306 351
5 95
483 469
5 47
473 479
223 217
217 223
182 249
389 479
351 345
306 345
95 50
217 223
217 223
479 389
133 222
479 473
133 192
89 95
351 306
178 133
217 223
434 389
217 223
306 345
217 223
133 223
89 50
5 89
473 479
178 223
261 306
306 351
473 434
389 457
345 306
223 217
351 345
217 178
133 223
479 434
64 31
345 351
89 123
50 95
434 479
223 133
89 95
217 223
473 467
389 479
5 106
479 434
89 50
345 351
133 223
95 57
473 434
95 89
133 217
178 217
389 434
479 434
306 296
178 223
50 95
196 143
50 95
479 389
133 223
389 479
217 178
217 178
89 63
133 175
434 479
95 89
50 89
5 50
473 434
479 414
133 217
217 223
95 5
223 217
5 95
345 351
270 337
95 89
95 50
306 351
50 89
473 389
5 50
223 178
473 434
351 345
473 479
178 217
345 351
95 50
345 351
50 5
5 54
351 261
389 473
68 15
479 455
434 401
5 73
261 351
178 223
307 282
217 133
473 434
345 351
89 95
479 473
351 261
5 89
479 473
261 345
223 178
95 23
217 223
261 351
95 50
50 95
50 95
434 479
479 473
95 50
89 95
133 178
473 479
50 95
257 310
389 496
192 131
434 473
434 437
306 261
223 133
261 337
251 247
261 306
345 351
479 434
479 473
5 95
479 389
223 133
217 223
95 42
434 479
178 133
473 479
306 345
434 473
50 95
434 473
50 95
351 306
95 89
345 306
223 178
89 95
212 178
50 5
261 306
479 389
223 133
345 306
261 351
5 89
351 306
479 473
434 473
505 463
306 371
273 377
223 217
217 133
5 47
5 95
473 479
306 295
217 178
178 217
89 95
217 223
351 371
345 261
178 133
223 217
345 306
351 261
223 217
133 223
50 18
345 351
217 223
473 479
89 50
389 384
434 479
223 217
133 223
502 449
247 227
133 223
89 50
261 345
434 398
389 479
50 95
89 95
133 223
217 223
15 34
261 351
345 335
178 223
223 133
306 353
389 479
211 234
473 479
133 223
389 402
473 434
89 5
389 463
306 351
261 307
351 306
351 306
399 418
261 306
89 95
50 95
345 261
434 479
253 222
473 389
389 479
95 14
50 89
473 468
5 42
133 223
261 303
434 389
479 434
389 473
50 5
89 5
217 178
50 95
5 95
479 473
89 95
473 479
389 384
306 257
261 345
95 89
223 244
479 389
261 345
217 223
223 217
133 223
473 479
5 95
95 66
351 306
434 473
473 434
125 94
345 351
479 389
345 351
389 479
217 178
211 207
145 211
95 5
89 50
473 479
5 95
345 351
479 473
217 223
95 89
479 434
479 473
473 434
345 351
351 306
375 355
223 151
434 479
133 223
345 351
434 476
345 261
473 479
89 95
479 473
306 375
345 351
178 223
89 95
345 315
95 5
479 434
306 351
389 479
351 279
5 95
261 345
351 345
473 389
89 17
99 55
473 479
89 50
89 95
356 375
479 473
95 50
345 351
389 473
50 5
473 479
478 501
306 265
345 351
217 178
389 431
217 178
351 345
50 95
261 345
345 351
479 434
261 351
389 473
345 306
351 345
95 5
178 171
473 479
479 473
434 479
133 178
345 306
351 345
345 351
389 473
217 133
50 95
473 479
217 223
89 5
345 261
345 261
306 351
50 89
89 50
473 479
89 50
133 201
261 303
351 261
223 217
178 188
178 223
479 473
50 89
89 5
65 99
89 50
473 479
50 95
125 95
473 479
345 351
389 434
306 301
89 95
351 261
351 345
389 479
351 261
133 223
389 479
345 261
479 389
95 89
133 223
223 133
145 249
345 351
434 479
133 201
434 437
5 95
389 434
261 306
89 50
178 223
89 50
5 38
389 473
345 351
89 95
389 479
178 217
434 479
484 503
133 217
89 78
223 136
351 345
5 89
473 479
473 479
306 351
473 479
223 178
351 306
389 479
89 95
89 95
319 335
473 506
345 351
473 479
217 223
345 306
306 351
50 5
434 473
118 13
505 438
89 95
133 217
95 89
133 233
178 176
217 133
473 479
502 397
483 389
473 479
345 351
479 434
5 95
345 351
389 434
351 261
95 110
473 434
261 345
89 5
217 223
228 247
178 223
58 5
191 224
178 223
50 95
223 178
178 223
217 206
95 89
389 479
95 38
5 50
434 479
223 217
133 223
50 95
217 178
133 217
50 95
5 89
5 30
89 95
345 306
351 345
434 479
473 389
407 479
306 261
89 95
473 479
447 504
345 306
217 178
178 133
89 95
351 345
50 95
449 482
434 479
170 179
345 272
345 351
125 4
351 261
217 223
217 223
479 434
50 5
479 389
217 133
223 217
89 95
89 50
95 50
89 77
306 345
345 351
178 217
389 458
223 217
306 261
133 223
345 351
89 95
217 133
89 95
50 125
95 89
133 223
479 477
95 14
434 479
133 178
223 217
490 482
5 95
95 50
5 95
345 351
434 473
306 345
306 345
95 3
306 345
426 435
473 389
473 479
89 95
50 5
473 479
89 95
306 261
345 358
473 434
479 473
133 223
367 261
5 95
178 217
119 123
261 306
89 95
179 184
217 223
389 457
479 459
95 12
133 175
50 5
434 479
5 10
178 217
351 379
5 50
133 223
217 178
389 450
89 95
389 473
5 101
473 479
89 95
479 434
351 345
223 217
133 178
217 133
95 5
261 345
306 351
133 178
345 306
473 479
217 147
89 50
345 351
133 178
217 223
95 89
223 158
95 89
133 223
479 434
473 434
479 434
223 217
133 223
217 223
479 473
42 118
351 279
95 47
351 345
50 17
89 95
5 125
223 217
435 484
479 398
345 351
473 434
5 95
95 89
355 271
473 509
50 95
178 217
345 261
223 178
345 306
479 434
95 122
351 345
345 351
89 95
133 223
5 95
479 434
434 479
133 223
50 95
217 133
351 270
473 479
133 178
351 306
351 261
473 479
5 73
351 261
351 345
389 479
473 389
89 18
473 479
345 351
95 5
223 133
473 434
223 217
89 5
434 389
351 345
217 223
5 89
89 95
223 217
479 473
345 261
261 345
473 479
50 95
425 446
345 351
133 128
479 389
473 479
345 351
473 479
479 389
223 133
345 306
389 479
223 217
178 185
345 351
89 50
89 50
50 95
479 407
351 345
89 50
434 473
479 407
351 306
434 401
473 434
5 89
133 245
121 92
345 351
89 5
306 345
95 74
473 434
434 491
223 217
50 95
434 473
335 339
50 89
479 473
50 89
50 5
89 95
389 434
261 345
223 217
178 223
345 351
345 306
223 217
479 398
89 95
479 473
389 448
473 479
89 95
434 479
473 479
223 244
261 351
351 306
473 479
479 389
479 389
479 389
389 434
351 345
89 95
306 351
217 223
178 223
50 95
95 5
345 351
345 261
41 95
261 351
217 223
133 223
133 223
253 135
351 340
217 178
345 306
223 217
473 479
50 95
306 355
217 229
434 479
95 50
95 50
473 479
473 479
95 5
351 261
434 473
89 95
5 95
223 217
306 351
306 345
223 178
261 279
306 351
389 479
345 349
133 178
479 434
223 178
473 479
306 351
95 50
479 473
133 223
389 479
473 479
438 484
223 133
261 351
351 308
306 345
351 345
480 506
50 95
178 223
89 50
217 223
306 261
345 261
351 345
473 479
223 217
351 345
133 129
5 50
223 217
306 261
133 204
473 434
479 389
133 178
261 329
473 389
345 351
5 47
345 306
479 389
50 5
479 429
351 261
217 223
261 351
95 50
345 351
217 184
473 434
389 434
95 5
95 89
479 473
5 89
95 31
389 457
178 223
389 473
89 95
89 5
223 133
217 223
345 365
89 95
50 89
473 389
434 479
95 5
89 95
89 95
345 306
95 5
479 434
261 351
50 95
95 89
345 351
217 178
306 345
223 145
89 50
261 345
178 223
473 479
473 479
345 351
50 95
345 351
306 302
306 351
50 59
306 351
389 479
89 95
217 223
389 479
133 201
95 89
479 473
50 5
95 89
89 5
389 434
95 50
50 95
133 223
434 479
133 217
345 351
133 223
223 217
345 276
133 217
217 223
345 351
435 473
89 95
89 16
217 223
79 83
89 5
473 434
178 223
479 473
473 479
5 95
217 223
89 50
5 95
217 223
345 306
351 306
345 351
95 89
271 335
217 223
133 223
345 261
50 89
473 389
89 95
178 223
473 434
217 134
217 223
217 223
223 178
345 351
133 223
345 306
377 348
133 217
178 223
345 351
145 253
345 306
473 479
479 389
50 95
261 351
217 223
473 419
178 223
434 470
270 337
479 473
178 187
369 314
5 95
434 473
425 467
434 479
345 261
89 95
178 217
50 95
473 479
345 351
306 299
389 479
95 50
5 95
217 223
133 217
479 434
89 95
473 389
133 223
223 178
434 479
434 479
217 223
389 473
50 89
95 89
351 270
217 178
261 277
434 389
351 306
217 223
473 479
261 306
133 178
178 248
345 261
473 479
351 261
223 133
351 261
479 473
95 50
473 389
399 418
473 434
389 479
95 89
224 150
306 311
479 434
217 178
389 459
306 351
473 426
95 89
217 223
5 50
178 133
479 389
217 133
223 178
389 473
223 133
473 479
306 351
50 89
133 217
133 175
223 133
473 434
345 351
345 351
479 473
89 95
5 95
95 8
95 89
95 50
389 479
345 351
217 223
178 223
261 329
497 442
479 473
473 434
306 351
434 479
473 479
133 148
426 435
217 133
473 479
434 389
261 306
502 449
5 66
217 133
473 479
261 266
261 314
473 479
473 389
473 479
479 473
473 479
217 210
389 416
434 389
217 223
479 389
17 80
306 351
261 351
89 95
89 95
351 261
50 95
169 151
145 208
473 479
351 345
179 132
473 479
434 410
306 345
89 95
345 351
273 305
351 379
133 223
95 5
351 345
351 306
223 217
345 261
217 223
192 178
350 347
50 95
5 47
261 306
5 89
178 223
133 158
389 434
50 89
434 479
351 345
479 398
95 89
5 73
217 223
509 413
473 479
5 89
223 151
95 89
351 306
306 351
89 95
345 351
89 95
473 479
261 351
223 151
223 217
121 99
479 389
473 389
345 351
89 50
133 223
50 89
412 435
89 95
306 345
479 473
133 217
351 261
351 270
306 351
473 479
261 351
5 50
473 479
95 5
89 95
345 351
479 389
479 473
389 479
345 351
473 479
473 434
178 223
434 479
217 223
404 448
351 279
95 89
133 217
89 50
351 345
178 223
345 351
223 217
345 351
223 217
345 363
5 99
178 223
34 111
95 89
5 95
351 306
345 351
345 351
223 178
95 89
351 306
251 247
178 223
261 306
261 351
223 217
473 404
473 479
434 473
473 434
50 95
351 345
351 306
306 345
89 5
178 217
217 223
434 389
261 319
320 327
217 223
389 434
261 306
178 223
306 345
223 133
223 133
95 89
217 178
253 223
306 351
95 89
50 95
434 479
169 161
223 217
95 5
50 95
95 5
89 95
95 89
306 261
20 8
345 261
217 223
351 270
95 113
5 95
133 223
217 133
261 365
389 473
133 217
351 345
351 345
95 50
389 479
473 434
50 5
89 95
345 351
217 223
306 351
473 479
306 345
217 207
5 95
89 95
479 434
307 319
95 14
217 223
50 89
442 443
89 95
389 479
345 261
345 351
434 473
95 23
306 345
479 473
306 351
306 377
50 5
95 50
217 163
473 479
170 179
479 473
223 178
217 133
351 345
217 223
345 261
211 239
261 306
217 223
50 95
351 345
178 133
5 95
133 178
223 217
473 434
345 306
217 178
473 479
434 473
479 434
95 18
351 345
89 50
261 345
261 306
89 5
249 234
224 142
217 223
426 465
306 345
261 351
63 120
133 201
345 261
95 50
306 351
351 381
178 223
389 431
217 223
5 89
351 306
478 400
345 306
434 473
133 217
306 351
434 479
351 261
473 434
473 389
479 434
473 479
345 351
50 95
261 345
223 178
95 36
50 89
351 345
217 133
473 434
479 434
50 95
178 217
345 351
95 50
351 261
50 5
169 161
434 479
241 186
217 223
345 351
178 217
5 123
95 89
473 479
306 351
178 217
473 479
351 345
261 329
434 479
89 95
473 415
389 473
217 178
217 188
345 351
5 95
345 306
89 95
217 223
473 501
473 479
479 440
434 473
217 178
479 473
389 479
473 500
223 178
345 351
89 94
95 89
345 306
133 223
479 473
217 223
223 133
473 479
399 418
50 95
95 5
345 351
345 306
351 345
95 50
50 95
473 486
351 319
50 89
178 223
64 102
217 223
223 217
89 95
223 217
89 95
389 434
389 457
479 473
478 406
89 95
473 479
389 479
473 507
178 133
51 63
261 345
261 306
95 0
479 389
5 95
89 95
95 89
473 434
89 95
133 217
479 473
224 159
351 261
351 305
178 223
351 261
178 217
89 95
351 345
345 351
473 463
479 473
351 306
324 261
89 50
345 261
95 50
473 479
223 133
133 181
479 434
133 223
133 217
50 5
345 306
479 473
351 345
434 479
89 95
351 306
389 443
133 175
133 223
351 261
261 351
306 376
320 339
89 95
89 95
434 479
345 351
50 118
223 154
351 345
223 217
133 178
89 95
351 306
351 345
133 223
217 178
223 178
223 178
178 170
473 389
223 217
479 473
434 479
95 5
351 270
5 89
389 479
145 168
95 50
345 261
473 479
89 95
261 351
217 178
94 5
479 389
89 95
434 387
95 89
118 95
389 479
479 389
306 345
89 95
253 160
217 223
133 196
217 178
479 434
196 143
389 479
345 351
89 95
223 217
345 306
217 133
50 95
133 201
351 345
473 389
351 345
247 251
389 457
345 351
50 47
5 95
351 345
89 95
50 89
389 463
261 351
479 389
473 479
351 345
351 345
50 89
345 351
345 351
345 351
95 5
345 351
479 407
133 223
473 479
473 479
217 223
389 434
50 5
434 479
160 202
5 95
5 50
434 479
479 389
178 223
95 5
473 479
345 351
217 133
133 178
223 217
89 5
178 217
261 351
5 95
89 95
50 95
473 479
178 223
217 178
217 223
261 351
217 208
217 133
89 95
133 201
345 306
246 141
473 479
133 178
223 142
479 434
223 146
5 95
306 351
389 473
5 89
345 351
473 479
350 345
261 345
89 5
479 438
89 95
223 217
5 83
95 79
217 133
5 95
261 355
217 223
217 223
50 5
345 351
479 434
178 223
473 468
345 351
95 78
389 479
434 479
89 95
217 178
473 479
50 5
434 426
479 389
217 133
351 261
223 133
345 264
50 48
351 261
261 351
345 304
261 345
133 223
50 95
217 133
351 345
178 207
95 89
89 95
95 89
409 490
261 345
133 138
89 95
95 50
133 223
223 142
345 351
473 479
261 351
479 389
95 50
261 345
389 479
89 5
89 95
223 217
95 89
217 223
217 223
479 461
345 351
89 95
223 178
306 351
351 270
178 181
389 473
385 479
351 261
479 473
389 479
389 447
178 249
345 351
95 5
223 217
5 89
217 178
434 401
389 479
261 303
351 285
306 351
306 261
178 217
473 479
95 50
217 223
5 95
306 366
473 389
345 351
50 95
54 50
351 345
193 254
345 351
5 95
434 479
217 223
5 17
389 434
473 479
269 363
20 8
223 142
89 95
351 345
223 133
223 217
94 99
434 479
89 50
336 306
133 178
89 95
133 178
5 114
217 223
306 261
351 306
223 250
351 261
479 473
345 261
434 414
95 14
133 178
20 8
261 306
223 217
50 123
261 345
223 133
217 178
345 351
5 95
223 217
217 178
50 95
89 14
178 223
473 479
261 351
5 95
345 351
306 353
306 345
261 306
351 345
89 95
306 351
217 133
223 178
50 95
223 217
178 217
89 5
5 50
50 95
95 89
133 223
223 142
345 261
5 89
89 95
351 306
345 351
178 212
217 223
306 351
89 95
217 178
473 434
178 217
351 261
473 479
222 184
95 89
178 217
223 178
345 351
50 5
479 434
389 434
89 95
345 351
327 261
118 42
306 351
369 314
89 50
435 426
452 399
89 95
223 178
217 223
148 136
95 14
351 270
217 223
345 379
89 50
107 13
473 434
178 230
261 351
223 142
479 434
351 345
434 479
89 14
473 389
95 14
345 351
389 434
352 275
50 95
345 351
95 89
89 5
223 217
5 89
351 345
5 95
389 479
261 351
95 5
435 463
345 261
345 351
95 89
261 351
133 217
217 223
389 508
133 148
479 473
5 95
261 345
178 198
345 261
133 170
261 306
217 178
217 243
95 5
89 94
345 321
306 345
133 223
50 89
95 89
306 351
351 306
223 178
434 479
95 89
345 282
223 217
50 89
5 77
50 89
89 95
223 217
50 79
358 320
389 434
434 404
434 479
5 95
169 157
473 434
351 306
89 50
345 351
89 95
5 95
95 79
473 434
479 389
351 261
95 5
404 392
133 198
479 407
95 89
178 241
217 223
133 201
133 217
178 223
473 479
95 5
89 28
345 351
351 261
5 95
89 93
50 95
217 223
5 95
95 89
434 479
217 223
223 178
95 5
345 351
5 89
217 223
345 351
389 479
178 223
217 223
389 473
345 261
223 217
223 217
5 89
133 194
271 290
51 34
50 89
217 237
217 223
50 95
306 345
345 351
217 223
217 223
479 389
374 321
345 351
389 496
50 89
89 95
473 434
345 306
345 351
261 351
5 119
345 261
473 479
95 89
50 95
306 351
95 50
473 479
178 223
133 203
479 389
351 345
473 389
73 5
306 351
223 217
473 434
217 214
5 95
95 89
479 473
133 222
178 164
434 473
261 274
261 345
473 389
95 89
95 89
473 479
178 227
178 223
389 479
217 223
389 473
473 389
473 479
95 5
223 158
217 178
334 345
50 5
345 351
5 95
5 95
389 473
89 95
89 2
178 217
479 473
89 95
89 95
5 50
345 351
261 351
5 95
89 95
133 217
89 95
143 196
399 463
473 479
89 50
50 95
345 351
5 95
217 223
351 345
345 351
345 351
217 223
261 345
473 479
479 473
65 2
479 434
95 89
89 50
89 95
479 473
389 473
178 223
434 479
261 327
479 473
345 351
5 73
479 434
223 133
89 50
273 351
345 351
473 441
473 389
89 50
435 447
95 89
89 95
217 178
223 133
345 351
50 89
223 133
223 133
217 223
351 345
217 223
351 306
351 279
479 473
89 95
133 223
223 151
217 169
89 50
389 457
345 306
473 479
217 178
473 479
345 261
479 473
306 351
479 389
345 351
5 89
95 89
345 351
434 473
261 351
95 5
473 479
345 306
261 345
434 479
356 375
434 479
50 89
217 223
178 223
354 307
223 178
434 389
261 306
345 261
261 329
261 306
479 473
5 89
389 434
89 95
261 306
223 142
89 5
217 223
95 89
389 479
479 473
356 270
306 351
223 178
435 431
20 8
345 268
345 306
133 221
217 133
223 178
133 238
297 289
217 223
5 95
178 223
389 479
351 345
389 479
217 223
217 223
479 398
479 434
89 95
374 269
306 351
133 178
50 95
133 217
261 351
133 141
473 479
133 217
5 89
51 10
95 50
217 185
178 217
345 261
133 223
217 223
389 479
89 4
448 452
261 306
5 73
389 479
223 217
345 351
345 351
133 223
223 151
345 261
223 217
217 223
479 389
473 469
217 223
271 339
473 479
178 223
178 217
351 306
217 223
351 345
389 457
401 464
5 95
217 133
473 479
217 223
217 223
50 89
306 261
5 95
217 178
473 479
479 434
306 276
223 217
223 133
50 95
479 434
473 479
473 389
223 217
351 345
434 479
261 351
261 294
217 178
50 24
50 95
5 73
351 345
133 217
133 223
89 95
389 479
223 133
50 95
5 42
351 261
179 133
217 178
351 345
95 5
95 3
89 95
261 306
89 95
133 217
95 89
5 95
345 327
223 133
345 306
351 345
479 473
261 306
345 351
89 95
261 351
50 95
50 58
389 434
223 217
345 351
306 345
217 202
261 269
95 50
89 16
95 5
89 50
273 336
133 239
50 61
316 297
345 306
473 479
473 479
345 351
223 217
473 479
479 434
473 434
271 290
261 306
95 5
312 261
473 434
434 387
89 50
261 306
389 434
389 473
479 473
306 278
473 479
133 223
389 473
95 89
95 50
217 223
89 95
345 306
479 407
223 217
306 269
217 223
133 217
473 479
133 178
5 95
389 413
5 95
95 50
89 95
95 89
223 133
223 217
310 286
330 356
473 479
409 490
223 217
345 351
89 3
178 217
434 479
345 306
345 351
351 261
223 217
345 351
345 351
351 345
306 351
473 463
351 345
217 133
351 306
473 479
178 223
306 351
50 95
89 50
223 178
182 243
50 95
193 158
178 223
473 479
50 95
5 89
95 89
89 95
345 351
345 261
345 261
345 351
434 389
261 351
89 50
351 345
434 479
479 389
89 95
178 223
479 473
5 95
178 222
473 479
217 223
345 351
434 473
389 473
351 345
178 217
223 217
178 223
111 42
5 50
261 345
169 143
473 389
95 5
434 426
95 89
351 345
133 217
20 8
479 473
223 217
217 223
473 479
50 95
217 223
434 448
217 223
89 95
95 50
89 95
89 95
473 414
217 221
473 457
473 479
217 223
217 223
178 192
133 217
389 457
95 5
473 479
5 76
389 479
223 133
345 351
178 133
351 306
473 434
483 460
5 95
389 479
133 223
261 345
261 356
479 473
389 499
133 178
351 261
217 223
479 434
217 178
217 223
133 217
50 95
223 217
473 479
5 50
5 47
50 89
178 223
351 306
306 351
345 351
50 5
473 434
50 20
306 351
452 425
434 389
133 217
89 95
345 351
217 133
89 95
473 479
89 5
5 89
261 345
345 351
89 95
95 89
389 479
261 345
89 95
217 223
133 217
261 351
434 467
473 458
95 64
261 345
473 426
434 479
178 133
95 89
473 479
479 473
261 345
223 178
479 422
89 95
217 223
345 353
306 351
89 95
261 345
345 351
345 351
261 351
261 306
113 58
479 473
351 261
178 223
50 101
345 273
479 389
95 50
479 389
223 142
345 351
473 434
351 345
501 473
20 8
223 217
223 178
345 351
133 178
306 261
95 89
473 479
89 76
351 345
50 95
95 89
306 351
89 95
54 30
89 95
473 479
261 286
223 142
217 178
389 473
434 473
345 273
223 217
434 479
434 473
89 95
133 217
389 479
125 28
89 5
133 223
148 192
345 351
217 223
217 223
351 345
434 389
95 89
5 95
223 178
473 479
345 306
306 335
473 389
261 351
479 473
399 418
133 217
217 212
345 261
479 473
5 89
261 351
89 95
89 95
261 306
425 449
56 41
217 223
178 217
125 49
479 407
261 351
351 261
89 95
50 89
217 223
345 351
459 425
217 178
479 389
95 50
217 223
261 303
345 371
95 5
95 50
223 217
345 306
479 466
95 89
351 306
261 351
95 5
95 89
261 351
479 434
479 398
89 95
80 54
223 133
5 34
89 95
345 351
223 178
261 351
217 223
473 434
50 95
133 223
345 351
261 351
434 479
217 133
223 217
178 217
95 89
434 473
50 39
389 473
351 261
389 479
479 389
95 50
452 425
345 306
479 386
434 465
89 95
178 217
261 351
15 34
389 479
50 95
217 178
479 473
261 351
435 466
89 50
223 178
473 479
389 431
5 73
351 261
228 142
434 389
473 479
133 178
351 345
95 50
261 306
351 306
351 261
306 345
306 345
297 279
434 473
484 398
473 479
95 5
351 306
5 95
178 174
89 18
473 479
50 89
434 476
351 306
228 247
5 89
434 469
351 345
473 479
223 133
223 227
473 479
306 345
246 193
351 306
389 479
479 389
133 217
14 100
345 261
261 345
389 434
345 351
438 434
133 223
306 351
170 222
479 407
95 5
143 162
306 351
217 178
502 479
434 479
351 261
223 217
217 223
473 389
473 479
473 397
50 5
351 306
306 351
223 217
217 223
473 479
95 89
389 479
505 404
50 89
133 223
223 178
178 223
503 434
306 261
306 324
434 473
479 473
223 217
261 351
95 50
479 473
345 351
223 217
95 89
95 50
95 50
217 223
389 473
345 327
389 479
142 209
434 444
223 178
261 351
178 133
261 329
5 95
223 133
217 178
389 479
479 389
89 95
306 345
217 178
479 473
473 434
89 50
133 223
89 50
389 473
345 351
68 15
50 95
89 95
389 479
133 217
320 258
261 351
345 351
50 95
345 351
273 336
345 261
306 345
89 5
223 178
473 462
389 434
5 95
178 223
15 79
54 43
239 198
89 95
50 95
345 372
89 95
473 434
479 434
345 351
217 223
261 259
345 306
434 473
426 435
94 39
64 18
89 95
473 389
50 89
389 473
95 89
306 261
473 479
345 351
345 351
5 89
345 351
133 223
217 178
133 198
473 479
217 223
95 50
178 223
223 178
434 479
50 89
434 385
178 223
223 133
389 431
306 345
95 50
473 479
389 434
351 261
133 217
261 351
351 261
389 473
306 351
223 217
351 345
5 50
345 351
133 217
479 466
389 434
306 261
434 479
345 268
95 89
223 178
479 473
89 5
479 473
479 473
50 95
223 142
339 271
351 270
306 351
223 217
389 434
95 50
223 217
345 351
95 23
345 261
217 223
434 479
217 223
261 351
261 351
473 479
125 25
223 203
434 463
473 479
133 223
479 473
479 506
479 434
217 139
345 306
133 217
64 93
473 434
217 223
351 261
473 424
389 479
89 50
473 479
50 82
345 351
217 178
95 89
178 217
5 89
223 217
89 95
479 473
89 50
479 434
95 5
261 340
434 479
203 178
89 95
89 50
434 479
223 178
5 47
261 345
351 306
369 314
306 297
133 175
178 217
50 95
217 223
335 310
223 133
351 345
389 479
389 434
217 223
310 306
5 48
223 142
217 223
217 223
5 95
50 95
261 329
473 479
223 151
217 178
345 351
389 434
217 178
151 223
89 95
473 479
178 223
434 479
95 89
89 95
5 50
473 479
217 223
133 217
473 434
389 473
306 351
217 133
133 223
479 464
306 351
217 133
50 95
479 473
473 434
217 223
351 345
434 473
479 434
95 89
5 95
351 345
192 141
50 5
217 178
223 178
222 158
217 223
306 345
273 312
306 351
89 95
479 478
345 306
434 491
345 306
95 50
5 95
434 479
223 133
345 302
306 351
479 473
133 223
50 45
178 223
261 351
89 50
169 191
473 479
50 0
356 270
253 223
473 389
50 95
95 5
89 95
345 351
473 389
178 133
261 351
50 26
434 479
95 50
247 251
50 89
133 223
89 95
306 351
133 217
5 95
473 479
50 107
473 389
95 89
345 351
89 12
133 217
261 351
89 95
217 223
345 306
261 351
389 479
89 95
473 479
479 434
50 95
261 303
223 192
345 306
479 389
473 479
261 345
95 14
306 261
50 5
5 95
351 350
479 473
473 479
223 178
261 329
217 178
178 223
178 217
271 324
434 479
473 422
479 389
434 389
306 371
107 79
178 223
5 89
345 353
217 223
79 83
404 392
345 306
95 23
133 217
473 479
389 434
5 50
479 473
434 479
479 389
473 479
389 431
5 89
351 261
479 473
369 314
306 363
5 89
95 89
345 351
95 57
345 351
479 435
133 223
178 223
5 95
434 479
95 89
5 89
223 178
217 178
351 306
479 473
473 479
95 65
473 479
351 261
473 479
5 95
95 5
89 95
345 351
473 434
351 345
473 434
351 345
389 479
479 473
473 479
223 133
217 142
89 50
223 217
306 345
223 217
345 351
89 50
178 133
473 434
223 217
479 473
479 473
473 468
89 5
434 479
434 389
217 178
261 351
306 369
434 479
473 434
345 351
261 306
473 479
89 95
434 390
217 223
261 306
479 473
100 119
5 95
306 351
351 306
223 133
253 213
261 306
473 434
223 133
133 201
223 178
5 95
345 306
473 479
17 38
89 50
261 351
479 434
473 389
389 481
345 306
223 166
306 261
351 345
89 19
330 356
89 50
345 284
223 217
434 473
217 223
133 223
434 389
389 507
381 288
351 261
306 261
434 473
95 89
50 95
178 223
473 479
89 50
473 479
434 473
479 434
261 366
223 217
306 351
79 50
434 473
89 95
178 223
133 223
223 136
345 351
133 217
389 479
306 345
95 89
5 89
473 389
389 479
50 77
479 507
434 479
89 110
389 479
133 178
389 473
95 14
5 89
306 345
223 217
306 261
133 223
479 389
434 479
261 369
351 345
89 95
306 351
217 223
89 95
355 307
223 217
261 351
95 89
434 479
223 244
473 479
217 223
133 217
133 223
473 479
133 217
5 50
434 479
217 133
345 351
345 351
5 56
473 434
389 431
434 479
178 223
438 388
434 473
479 473
389 479
306 351
473 389
89 50
345 351
178 159
217 178
20 8
367 298
434 389
345 351
479 398
58 24
217 212
217 178
223 133
355 378
345 351
89 95
261 351
217 223
125 95
89 50
89 95
223 217
217 133
50 95
253 186
89 5
89 95
217 133
223 142
89 95
89 5
479 473
261 351
473 389
345 351
223 178
306 370
5 50
178 217
95 89
389 402
178 133
473 479
351 279
5 89
89 95
251 253
261 351
217 223
5 29
479 389
434 389
351 306
438 434
223 217
227 211
5 89
89 50
345 351
345 351
345 306
217 223
223 217
306 351
133 223
345 306
389 479
5 89
389 473
351 306
95 89
389 473
95 79
217 223
434 479
261 306
351 261
473 479
50 95
89 95
434 479
479 473
473 479
345 306
50 95
133 223
89 95
345 306
479 473
223 178
434 479
473 479
351 279
95 89
178 223
324 271
480 413
89 50
217 223
306 345
14 95
345 351
261 351
306 261
345 306
345 351
479 389
479 451
5 95
345 351
217 223
95 51
434 458
133 217
434 476
50 95
143 169
5 50
271 290
479 434
298 307
89 50
479 473
345 351
479 389
401 496
133 223
89 95
306 261
505 467
351 345
89 95
217 223
389 479
223 151
5 89
89 95
473 479
217 178
351 324
133 162
351 345
473 389
473 389
89 5
345 357
217 223
50 8
351 306
473 434
306 256
473 389
217 223
426 490
306 348
261 345
95 89
473 392
473 436
95 89
345 286
261 357
249 253
178 223
89 95
306 274
95 5
306 273
473 389
473 479
473 479
89 95
223 133
434 479
261 345
223 142
89 50
306 351
307 259
95 50
111 70
306 351
389 479
434 479
479 389
261 351
217 178
389 473
479 473
223 133
473 479
479 414
223 178
473 479
479 473
223 145
223 217
89 95
5 3
193 178
320 311
434 479
178 217
223 133
95 96
473 479
95 5
479 441
178 223
473 414
389 479
389 473
351 261
89 50
5 95
345 351
261 306
95 89
345 351
306 380
217 223
50 63
345 351
50 94
178 133
261 351
306 274
5 95
473 479
425 490
261 351
351 306
5 47
345 375
5 89
479 414
351 345
434 479
133 175
306 261
473 479
261 351
261 351
479 389
351 261
505 478
345 351
320 339
306 351
479 473
95 50
473 479
479 434
133 217
345 351
217 223
345 306
479 434
351 345
473 479
133 144
473 434
261 345
89 95
389 473
107 120
306 279
223 217
217 223
404 448
345 351
345 351
133 223
89 95
95 50
5 95
425 452
473 434
95 89
345 280
217 223
389 479
178 223
389 434
452 399
479 389
473 389
223 217
89 5
479 473
223 133
271 335
434 389
261 351
89 95
223 207
479 473
473 434
479 463
306 351
479 434
50 89
223 217
473 450
223 178
473 479
404 448
207 208
345 306
389 479
473 479
345 351
479 401
479 434
306 345
306 339
217 133
223 217
223 217
95 5
434 389
145 171
217 178
217 145
5 89
473 479
351 261
473 434
434 473
217 223
479 434
3 121
306 351
306 351
5 89
95 50
261 345
389 434
261 351
73 5
473 434
50 5
95 50
434 479
217 223
89 5
271 297
434 395
5 95
398 465
142 209
133 217
473 479
89 70
5 89
217 235
351 366
178 223
345 351
89 95
306 345
223 217
50 95
473 479
345 261
217 178
178 217
89 95
438 447
479 389
133 223
223 217
479 473
217 178
479 434
5 50
351 345
89 80
89 95
5 95
133 223
223 217
306 351
89 95
389 434
306 261
178 223
217 223
89 95
269 363
473 479
223 133
389 479
223 178
50 95
306 342
133 217
351 306
198 187
473 389
479 473
434 473
389 400
271 290
389 429
399 418
223 178
345 327
261 345
217 223
223 178
133 217
345 261
473 479
261 351
345 351
5 89
434 479
434 473
351 279
50 5
306 351
434 473
448 467
345 351
434 479
133 178
306 351
351 306
89 95
345 261
89 95
95 50
133 223
351 261
351 345
351 306
89 50
50 95
217 178
89 5
89 95
178 217
133 223
473 479
306 345
15 83
133 223
345 351
207 162
223 217
261 351
377 354
306 351
473 479
133 178
261 351
479 407
217 251
217 223
479 389
50 89
473 479
345 306
306 351
389 434
5 50
345 351
133 223
5 21
479 449
261 345
473 479
389 479
345 351
434 479
89 5
351 261
95 50
479 473
345 339
182 178
306 351
345 335
351 261
261 329
5 89
95 89
89 50
5 47
223 217
217 133
261 351
133 178
434 389
351 345
217 223
473 389
89 95
178 191
345 351
425 452
5 50
261 306
345 351
261 351
133 223
479 473
306 351
351 261
217 251
178 133
434 473
345 351
5 89
306 345
389 434
345 261
89 95
192 211
89 50
473 434
223 133
50 47
473 479
223 133
306 363
217 157
473 479
217 223
133 175
473 500
473 434
261 329
133 222
306 351
345 261
217 223
509 438
479 389
217 178
345 351
306 335
89 95
479 389
5 0
89 95
345 351
191 145
306 349
345 351
217 224
389 479
306 351
217 223
434 479
217 178
50 5
15 34
50 89
389 479
473 479
345 351
479 434
345 351
95 5
306 308
133 217
95 89
50 95
363 269
5 95
95 76
389 434
217 170
178 223
479 389
345 351
306 345
261 329
473 434
95 89
351 261
89 20
50 95
89 95
89 50
50 5
345 261
95 89
434 479
223 178
89 95
95 89
223 217
345 306
223 146
479 434
351 304
351 345
50 95
434 467
5 95
351 345
351 306
133 178
89 95
217 223
178 223
345 351
473 434
95 50
261 306
473 479
95 89
261 345
345 306
351 261
217 223
351 345
479 389
95 5
389 479
479 473
223 133
345 351
133 217
345 306
217 223
241 186
14 81
89 50
345 351
473 479
473 389
178 223
345 261
89 95
351 345
95 5
434 455
473 479
65 84
95 23
50 7
434 479
473 389
249 198
479 473
306 351
178 133
217 133
178 223
473 479
50 89
479 389
89 50
473 479
389 479
389 479
345 351
89 110
89 50
133 223
345 306
261 306
389 473
345 351
223 178
345 367
473 434
351 345
479 431
133 175
473 479
41 42
345 261
345 351
89 95
389 398
50 121
223 217
306 351
223 178
473 479
178 223
306 351
389 473
5 50
178 133
95 75
351 306
434 493
434 392
5 41
351 345
178 223
261 345
434 494
89 95
306 303
479 389
217 223
426 435
435 505
178 217
50 95
133 223
351 345
261 345
473 479
89 50
479 473
133 160
50 95
217 133
223 142
389 479
178 223
5 95
42 111
125 107
5 15
217 223
261 345
95 5
473 479
133 175
345 351
306 261
452 399
223 220
261 345
351 345
133 223
473 479
133 223
345 351
5 89
178 223
479 389
473 479
389 479
306 351
306 351
223 142
434 500
261 351
509 443
434 479
178 217
95 51
223 178
89 50
223 220
89 5
89 95
217 178
223 178
51 60
306 345
5 95
389 479
351 345
326 362
95 5
179 208
5 64
89 54
389 434
306 351
261 306
5 95
64 8
133 217
351 306
479 473
399 463
479 483
178 133
223 133
5 89
217 148
479 407
389 473
217 133
133 223
276 264
253 206
306 345
18 51
479 407
351 345
32 74
389 479
434 473
5 50
95 5
389 479
89 95
223 178
217 223
389 434
178 223
5 95
223 151
227 213
389 479
351 261
178 223
473 479
100 14
217 133
223 178
133 217
479 473
345 351
89 50
473 479
352 282
261 345
223 217
473 389
345 306
89 5
438 389
89 47
89 50
482 463
389 414
89 95
473 434
345 351
261 306
306 286
473 479
217 223
50 95
345 351
401 457
5 50
95 50
389 479
178 223
89 126
389 473
479 473
351 345
345 266
269 339
306 351
389 479
178 137
113 127
306 261
345 306
345 306
389 434
119 99
217 133
95 50
473 434
389 479
473 434
95 50
89 95
217 158
223 178
473 479
319 376
217 223
473 479
434 479
351 306
479 473
217 223
261 351
351 306
473 479
217 206
261 345
351 379
178 223
351 261
89 50
345 351
222 250
434 473
473 479
178 223
351 345
89 95
133 181
89 95
473 389
306 261
178 133
50 73
473 479
389 473
133 223
209 170
345 351
95 89
479 473
89 95
473 479
89 5
473 389
473 479
261 351
178 223
89 50
217 223
324 297
271 290
345 306
223 217
217 178
306 351
345 351
351 345
345 306
111 42
479 473
17 80
50 95
497 442
473 479
89 95
389 434
178 223
223 133
50 95
89 5
389 479
178 223
310 365
473 479
217 223
389 473
75 89
306 261
261 351
50 95
133 223
133 178
95 14
217 133
473 479
178 217
223 178
389 479
351 261
351 261
89 57
306 351
89 5
95 89
50 89
89 50
62 99
50 95
223 133
473 479
89 50
5 75
345 351
434 479
345 351
345 351
345 306
473 479
95 50
306 351
50 68
178 223
351 345
95 89
5 50
95 89
133 217
217 223
351 345
133 217
196 143
223 251
95 50
5 47
351 345
351 345
503 507
217 170
351 306
301 345
89 95
345 306
89 95
133 178
306 259
306 261
217 133
223 178
217 133
473 479
133 178
434 479
473 479
5 95
473 479
389 479
5 73
473 479
345 351
89 50
261 306
351 261
345 306
389 457
217 133
389 479
133 175
223 217
345 336
95 50
473 479
217 133
5 95
345 349
479 473
217 223
133 178
5 50
473 479
473 479
95 89
8 20
89 5
438 447
306 351
223 133
50 5
478 427
479 434
306 284
306 342
89 95
351 259
178 223
178 223
479 389
271 339
178 177
473 479
133 184
178 133
473 479
479 473
306 351
89 50
223 217
306 345
389 479
217 223
389 479
351 261
217 178
473 479
261 329
479 407
397 452
145 220
223 178
375 379
89 95
351 306
345 261
133 224
217 223
223 133
89 95
351 345
345 351
89 95
345 351
89 95
217 223
178 223
473 479
217 223
345 370
261 372
351 261
178 210
50 5
50 5
473 479
178 145
479 477
351 261
89 95
345 351
50 89
5 50
473 479
473 434
217 134
50 95
351 261
351 270
89 95
50 95
133 178
5 20
63 96
306 368
50 95
89 50
483 447
89 5
351 345
345 261
217 223
223 180
389 479
345 261
89 50
178 133
351 261
352 279
306 345
345 351
399 418
241 186
95 5
217 178
473 479
223 217
89 95
271 339
434 479
479 473
467 473
473 434
95 5
261 351
351 345
118 42
179 175
217 223
345 261
345 261
434 473
223 217
217 223
95 89
389 434
95 5
217 178
50 95
89 95
261 345
178 223
351 345
473 479
217 223
89 5
5 89
5 42
495 454
345 306
50 15
95 89
178 223
261 351
479 389
351 270
434 473
345 351
223 178
95 89
133 223
473 434
473 479
279 351
5 47
345 261
345 306
133 223
345 351
473 479
217 223
351 345
389 479
217 178
223 178
178 223
280 345
223 178
217 223
306 286
217 223
95 89
389 473
95 5
479 452
223 217
5 95
178 223
452 398
217 178
389 434
479 389
95 89
434 467
95 89
41 61
351 345
217 223
270 337
217 223
473 434
351 345
89 95
473 479
473 434
89 95
89 95
95 89
473 479
351 279
306 351
306 261
345 351
473 479
351 306
321 267
350 370
89 50
345 351
50 95
95 89
345 351
473 434
95 89
345 351
389 473
473 479
473 479
223 217
473 434
276 320
389 434
345 306
345 351
223 133
306 351
95 50
362 326
133 223
473 479
389 479
479 434
473 479
479 473
434 386
306 305
50 89
217 223
306 351
89 95
261 329
217 178
479 389
345 351
473 434
389 479
473 479
223 217
306 345
345 351
473 479
473 389
306 345
261 351
479 473
217 223
479 389
434 479
306 261
169 143
434 479
473 389
95 50
479 473
5 95
313 306
95 5
50 5
50 95
261 290
95 23
89 95
95 89
178 136
89 95
389 478
50 89
217 133
95 50
261 351
363 269
178 223
479 473
345 351
5 95
473 479
217 223
50 95
337 298
89 95
351 261
261 329
306 351
89 5
351 261
473 479
89 95
473 434
89 50
306 261
223 148
95 89
89 95
351 345
434 473
505 389
435 408
247 251
389 434
95 89
351 261
5 95
5 89
50 89
306 351
351 306
306 351
95 14
261 351
95 89
261 306
58 113
89 124
434 479
217 223
223 217
178 202
389 434
5 95
95 89
261 351
345 351
345 351
5 95
50 95
483 472
217 133
83 106
223 133
345 351
133 178
223 217
480 430
41 89
99 70
306 261
89 50
351 282
5 95
389 479
473 479
306 345
182 234
261 306
434 479
351 279
143 207
89 95
217 178
320 339
5 50
89 50
95 89
473 434
50 89
50 5
113 79
217 178
5 89
92 95
223 133
345 351
306 351
178 217
345 351
50 89
473 479
434 473
223 217
178 133
5 50
389 473
473 479
5 50
5 95
178 133
5 95
306 351
345 261
95 89
95 23
479 473
50 95
178 223
223 142
5 89
133 223
133 223
306 345
95 5
505 395
133 182
133 243
223 217
389 473
351 306
389 479
96 80
217 223
434 479
50 82
95 50
5 89
133 178
217 223
5 112
223 133
182 223
5 89
479 434
217 223
89 5
50 89
89 95
261 287
223 217
261 320
473 479
345 351
148 192
389 473
223 178
351 345
217 133
95 83
345 351
5 116
89 102
113 50
217 178
306 351
479 389
5 89
473 479
261 351
351 345
178 217
345 306
345 351
345 351
5 95
133 223
178 133
261 345
306 351
355 349
5 47
389 434
96 115
106 95
178 217
89 95
223 217
351 345
389 493
351 345
133 223
223 144
479 473
89 47
345 261
398 389
192 211
345 261
345 351
64 80
89 95
351 261
223 133
5 50
473 482
389 473
351 345
389 434
95 89
89 95
143 162
50 89
261 338
95 89
306 351
434 389
345 351
133 223
5 95
306 351
479 389
50 95
389 479
50 95
345 351
5 95
89 95
223 133
473 434
178 133
95 89
5 95
479 473
5 95
351 345
178 145
95 123
479 389
95 5
89 95
438 468
95 50
351 261
5 89
261 351
89 95
479 473
479 389
89 95
217 223
95 89
178 223
133 175
479 434
345 306
50 104
351 306
351 379
389 473
473 479
261 351
473 479
223 251
306 345
479 473
261 351
389 479
473 479
473 434
479 398
345 306
5 89
5 47
345 351
5 89
133 223
182 213
473 479
261 351
217 178
434 473
133 166
345 351
249 204
261 345
306 261
389 479
473 434
217 180
473 479
94 113
5 47
50 95
473 479
473 479
345 351
434 479
345 351
434 473
351 306
351 345
479 473
261 351
307 331
133 217
42 81
261 306
89 102
473 479
389 434
178 217
345 261
217 223
50 95
479 434
389 480
217 182
217 178
79 83
434 479
50 89
133 223
217 223
479 473
133 178
479 473
473 479
5 95
479 473
89 50
389 479
133 178
223 217
50 89
351 345
425 452
89 80
351 345
68 15
217 133
363 269
50 95
89 95
118 65
473 479
306 345
473 479
223 133
479 434
345 306
143 162
345 351
434 389
345 324
306 298
217 223
473 479
89 95
89 95
178 199
217 223
345 350
217 223
89 95
389 434
345 383
145 249
351 345
473 479
351 345
306 351
479 434
261 306
473 479
217 223
345 261
473 389
89 95
89 95
473 479
261 329
306 345
89 95
261 351
178 223
178 223
473 479
434 479
50 95
50 95
95 89
479 473
223 217
5 89
345 351
5 95
479 407
351 261
479 473
217 133
89 50
345 351
95 5
196 223
473 434
95 52
261 351
351 345
89 5
133 217
223 237
217 223
89 5
89 95
89 95
389 479
95 127
133 226
351 306
306 351
479 389
389 479
14 81
89 5
217 178
217 178
95 89
345 291
351 332
217 178
473 479
434 479
223 217
345 306
389 473
434 473
345 351
133 223
473 479
178 223
434 473
133 223
89 5
345 306
217 178
261 351
170 179
351 306
223 217
473 434
217 223
223 217
345 351
217 178
5 47
306 261
223 178
223 217
389 479
345 351
50 112
95 5
345 261
5 41
50 95
96 125
426 435
5 95
217 178
217 223
133 178
95 50
479 434
95 8
345 351
345 351
5 89
89 95
261 306
479 389
223 217
89 95
389 434
133 223
261 351
473 479
389 434
306 345
133 223
473 434
434 479
434 473
89 95
133 169
473 479
89 95
261 345
217 223
223 178
217 223
306 351
223 217
306 261
13 5
479 473
89 5
89 95
223 217
223 133
473 479
261 345
389 473
89 5
223 217
89 95
479 473
351 273
89 95
223 217
473 479
351 327
473 479
345 261
479 473
133 173
89 95
95 50
89 95
217 223
473 389
5 23
345 351
351 345
345 351
50 5
89 50
217 178
276 320
479 435
178 133
261 351
306 321
351 261
306 329
223 217
89 5
89 95
314 331
217 133
95 94
89 95
336 306
70 42
89 95
223 217
473 389
223 217
261 351
261 306
473 479
479 434
223 217
351 279
178 223
345 261
95 89
479 431
261 329
89 95
339 310
223 217
294 351
133 217
351 273
178 133
479 434
473 479
306 351
426 435
351 306
95 50
345 351
95 89
345 351
223 217
473 434
261 351
133 223
133 230
306 351
5 89
306 351
306 372
473 479
178 223
261 351
95 50
178 223
345 351
345 351
261 306
217 133
5 95
89 95
261 345
217 178
306 351
479 473
95 30
381 268
479 434
306 351
89 95
217 178
178 223
223 178
261 329
261 356
89 95
351 261
5 95
261 306
479 473
89 95
217 223
223 178
434 479
276 264
95 89
389 497
416 458
306 351
306 351
217 133
306 351
89 95
479 473
14 95
261 306
345 351
50 123
223 217
89 95
50 95
133 178
23 95
217 133
133 178
50 95
306 345
95 5
261 345
95 50
217 223
473 479
178 223
479 434
389 479
473 479
170 246
217 223
345 351
434 473
246 170
473 479
473 434
389 473
223 217
223 217
479 473
479 389
241 186
50 95
473 479
473 434
89 30
434 479
276 379
479 473
345 306
473 434
434 479
217 133
479 473
261 303
479 407
345 351
133 175
223 187
217 133
178 223
389 479
473 479
95 89
389 434
345 306
209 170
89 95
95 5
178 223
479 473
351 345
178 217
479 389
473 479
434 479
15 79
434 389
345 351
351 345
351 261
89 50
261 306
389 479
306 261
133 223
261 351
389 479
473 389
217 223
345 351
217 223
133 217
473 434
81 100
217 133
95 89
479 444
479 473
89 95
389 473
217 223
89 95
5 89
479 473
434 473
473 425
178 217
351 345
217 178
351 345
95 89
479 434
473 479
178 223
473 434
89 5
351 306
434 479
345 306
310 339
133 223
261 351
351 261
261 351
223 133
133 178
178 133
50 95
389 457
5 50
389 410
89 5
345 351
89 5
123 119
473 479
89 5
306 345
434 479
50 95
133 201
178 223
345 351
479 477
345 351
438 430
89 95
389 434
5 34
261 345
5 95
95 89
434 479
434 479
306 345
473 479
351 345
389 473
89 95
217 223
223 133
89 95
5 95
5 95
389 434
261 270
473 479
133 178
479 389
345 334
479 439
133 217
217 133
447 426
345 261
223 133
89 95
217 178
89 95
434 479
5 89
95 94
473 434
223 184
89 95
319 352
50 5
345 351
51 42
306 351
133 223
389 473
217 178
345 351
345 306
223 133
473 434
217 223
473 502
89 5
306 261
479 389
50 5
95 50
345 306
426 435
306 351
345 351
223 217
178 223
351 256
89 95
217 223
345 351
133 223
389 434
95 14
351 270
178 133
351 306
89 83
95 89
426 465
95 50
473 479
89 95
178 223
217 223
351 261
306 261
345 351
389 479
223 133
95 89
261 351
448 447
89 50
217 178
50 5
124 50
95 23
306 351
89 95
148 136
178 217
389 434
261 351
345 351
217 234
473 479
479 473
95 50
133 217
208 145
5 118
217 178
223 133
306 351
217 223
223 217
223 217
473 479
479 389
223 133
5 89
95 89
473 398
178 217
95 5
320 267
473 479
178 223
473 402
307 352
95 50
271 335
223 178
345 261
217 223
473 455
345 355
483 502
479 407
345 351
223 159
362 326
345 351
351 348
345 351
178 223
351 345
351 345
345 351
345 351
345 306
306 351
178 217
434 479
473 479
407 479
178 223
133 217
142 209
223 217
5 95
434 479
178 223
479 389
351 261
351 306
5 73
426 404
261 288
95 50
434 473
261 351
223 175
217 223
178 223
50 89
351 306
5 3
261 345
89 5
345 378
89 95
351 345
5 73
261 306
479 436
434 479
133 223
50 95
5 50
217 178
5 50
261 351
217 251
95 89
434 479
473 389
418 398
351 345
89 50
223 178
223 178
217 178
389 491
351 345
217 223
89 95
224 211
5 50
434 479
479 473
50 5
50 5
375 335
401 443
95 50
223 217
5 89
133 178
223 217
5 95
351 261
217 223
261 306
17 95
351 261
345 351
479 473
95 89
434 479
217 223
479 473
345 351
89 95
20 64
50 18
381 378
32 74
178 142
5 95
89 95
178 223
389 479
89 95
178 223
479 398
479 434
5 95
5 59
223 217
178 133
434 445
389 479
223 217
89 54
345 261
217 223
261 351
306 349
345 351
399 463
389 431
179 208
389 473
351 306
297 309
50 34
479 473
178 223
133 223
306 299
448 456
223 217
351 306
217 223
434 479
473 479
261 319
345 351
217 223
96 76
89 95
389 479
133 158
345 351
261 345
50 60
345 351
389 434
89 95
5 95
5 95
217 223
223 217
133 178
479 389
434 425
54 110
261 351
306 351
178 133
381 297
351 345
434 473
306 351
217 178
473 479
95 89
473 479
223 178
133 178
133 178
223 169
50 77
89 95
133 201
178 223
345 261
5 50
5 89
479 473
473 479
128 217
345 351
95 5
345 306
479 398
223 204
473 479
50 95
223 178
95 14
306 345
479 473
389 431
479 473
133 223
473 434
434 503
351 345
473 387
50 95
89 5
351 345
217 178
5 83
89 50
178 133
223 178
217 223
89 95
50 95
398 479
345 351
389 473
345 306
345 351
345 351
217 223
217 223
389 479
89 95
479 473
125 86
223 217
89 95
89 95
5 47
217 243
133 223
261 345
473 434
223 133
223 178
389 473
351 345
306 261
345 351
133 217
223 178
260 345
479 473
178 223
5 95
345 351
217 178
217 178
434 479
473 479
178 225
133 178
345 351
133 178
50 5
345 351
261 345
261 351
310 292
223 217
89 5
261 329
89 5
89 95
479 473
89 5
223 178
89 50
479 463
223 217
473 479
473 479
351 261
95 5
351 306
491 397
178 223
345 351
479 473
217 178
306 342
479 434
89 95
95 89
217 178
89 50
95 89
345 261
479 434
261 351
345 270
50 28
50 95
5 95
217 170
217 223
261 306
345 261
223 133
351 345
345 306
389 434
133 217
345 379
473 479
178 138
479 434
351 279
178 223
473 479
479 473
389 479
345 261
261 351
89 83
50 5
223 204
89 95
389 473
261 345
345 351
479 389
223 217
389 479
223 217
217 133
473 503
479 473
89 95
5 50
479 473
178 223
178 223
178 223
306 351
351 345
479 473
433 434
89 95
434 479
217 220
217 202
473 479
50 89
223 151
389 479
5 89
473 479
133 166
479 434
98 17
479 473
95 89
306 345
479 473
345 306
261 329
509 497
261 374
473 479
5 30
473 479
133 171
351 345
95 89
306 345
345 351
223 151
95 50
479 473
178 223
351 345
306 345
351 345
306 345
178 223
95 89
434 440
217 223
306 351
434 479
95 71
434 479
473 407
345 338
89 95
351 345
345 306
345 306
95 50
479 434
5 95
89 50
217 223
217 223
479 473
184 133
5 95
133 223
351 345
5 50
89 95
95 89
434 479
5 54
50 95
223 217
178 223
64 3
89 95
217 223
473 479
298 350
473 434
389 479
95 89
261 329
345 351
217 178
5 73
89 95
479 434
217 133
217 178
95 50
64 91
223 151
434 480
473 434
133 223
217 178
286 351
223 217
178 223
133 178
217 223
479 407
5 94
217 223
261 351
306 351
133 203
5 89
473 434
89 50
345 351
178 223
473 479
223 178
345 351
261 351
95 50
107 120
306 351
351 261
473 479
89 95
223 178
217 223
261 345
261 351
178 217
505 419
95 23
306 345
261 351
133 175
351 261
133 178
479 473
95 89
479 401
217 152
50 5
473 389
217 178
95 5
41 102
473 389
261 351
479 473
133 145
473 479
351 306
5 95
89 50
321 290
389 479
217 178
434 473
448 407
217 223
95 8
345 351
5 95
306 295
217 223
351 261
351 306
473 434
50 95
89 95
351 306
434 389
374 269
345 351
95 89
351 261
473 434
261 306
89 50
5 89
50 95
107 13
350 320
89 95
356 375
306 272
234 226
178 217
306 315
434 479
223 217
217 178
434 479
345 351
261 351
389 395
479 473
473 434
351 345
434 479
217 223
389 479
223 178
217 223
223 241
434 479
261 351
507 503
479 389
249 180
479 501
89 95
438 434
133 223
351 261
345 351
473 479
223 178
133 223
473 479
217 223
399 467
217 223
351 261
136 192
389 479
133 201
473 479
351 345
223 133
223 133
381 315
133 217
271 290
367 298
217 223
261 351
133 178
473 434
389 387
273 281
351 345
479 473
261 273
479 398
5 89
479 473
261 351
473 434
113 58
95 54
351 261
5 50
223 142
182 156
473 401
479 434
178 249
479 473
376 372
89 95
217 133
377 276
345 351
261 298
345 351
473 434
133 223
223 217
389 479
473 479
15 83
178 133
89 5
454 426
434 479
479 434
345 261
473 479
351 339
133 217
351 306
178 200
217 133
434 479
479 441
389 479
81 42
345 351
389 479
351 345
50 95
50 23
5 50
473 479
345 351
89 95
351 345
217 223
345 306
473 479
479 389
83 111
351 261
473 414
434 479
95 89
389 434
479 398
133 217
351 345
5 95
473 479
345 351
83 14
133 175
473 479
389 434
178 223
50 33
223 142
434 479
5 95
5 95
435 490
473 434
261 351
345 351
217 223
434 479
473 479
223 217
5 95
509 480
479 473
351 341
479 491
389 434
261 345
473 434
217 223
351 306
89 5
306 351
89 50
306 351
89 126
217 133
345 306
389 473
217 133
223 133
133 223
473 479
351 261
306 351
5 95
133 223
479 473
345 351
389 479
389 479
89 95
5 89
345 351
89 95
434 479
178 133
178 223
18 50
95 50
351 306
133 188
148 192
89 95
306 345
178 175
473 389
133 175
473 389
119 123
434 389
178 223
133 223
479 473
182 133
345 351
345 351
389 479
345 351
95 5
217 223
306 345
178 133
89 50
479 434
261 327
133 175
484 398
89 95
345 351
505 404
95 89
89 122
345 306
345 351
426 435
89 95
5 95
345 261
89 5
89 95
389 479
306 351
345 351
434 389
434 479
50 95
389 479
89 95
306 345
479 473
89 95
5 89
5 2
389 473
345 351
178 133
261 345
389 479
89 5
479 434
367 326
351 306
389 473
434 408
133 217
89 5
479 389
261 345
133 223
345 351
261 303
479 473
345 261
89 95
5 89
306 351
95 89
479 455
89 50
119 123
479 473
217 178
133 223
89 50
95 89
389 479
351 270
351 306
306 383
345 351
95 89
435 404
473 479
5 95
351 345
261 351
351 261
306 351
217 178
351 261
241 186
178 223
89 95
473 468
89 95
473 479
473 434
479 473
351 345
479 473
5 95
133 223
160 202
50 75
261 351
389 479
473 434
389 473
217 178
479 434
96 119
133 223
345 351
5 50
178 217
223 133
5 89
306 351
133 217
50 5
473 434
223 217
95 89
133 178
223 217
261 351
217 223
261 330
345 306
5 95
473 479
473 479
89 73
345 351
241 186
345 351
473 389
133 217
89 82
217 148
434 473
217 181
95 89
95 89
473 479
276 379
133 178
95 89
5 50
50 95
389 473
345 351
50 5
95 89
133 223
50 95
434 479
178 223
41 5
5 95
5 95
217 223
50 9
297 380
223 217
223 178
217 223
345 351
306 351
251 247
276 264
133 220
306 261
95 89
186 203
252 217
178 223
178 223
89 5
261 351
223 158
179 170
223 178
89 95
89 71
5 95
473 479
178 223
389 479
89 57
95 50
160 202
351 345
95 50
5 95
223 217
479 473
178 223
133 142
95 89
307 335
5 95
434 498
5 89
473 479
351 306
473 479
178 133
434 479
178 223
473 467
89 95
306 345
58 113
223 133
351 345
5 95
479 473
473 479
435 426
261 351
178 133
217 223
389 479
345 306
72 125
217 178
507 398
261 345
89 50
261 306
479 473
217 133
306 319
261 351
223 178
306 340
434 479
95 89
261 275
351 306
178 223
473 434
223 207
89 5
434 389
509 445
473 479
5 99
473 479
306 351
217 137
178 217
95 99
89 95
89 95
473 479
89 95
306 345
217 178
89 50
217 223
50 95
217 223
306 261
50 89
438 476
389 434
306 351
345 351
5 50
345 306
345 261
223 217
95 5
351 345
312 261
223 217
217 223
351 345
5 95
306 331
178 223
345 351
95 89
351 345
227 206
473 479
89 95
50 95
50 95
351 345
434 389
179 201
351 345
374 269
351 279
351 306
306 330
473 434
50 5
217 223
217 133
473 479
345 351
345 351
351 345
345 351
217 223
473 434
95 89
473 479
479 434
345 351
217 230
178 159
345 351
473 479
389 473
217 133
5 50
95 89
345 351
434 473
95 50
389 434
217 223
345 351
473 414
178 223
223 133
351 345
95 18
5 50
351 345
95 14
473 479
478 430
479 389
133 175
95 50
345 351
95 5
479 473
217 178
479 473
217 223
261 351
217 223
95 89
479 473
217 223
89 95
95 89
261 303
217 133
351 306
223 217
479 407
425 433
473 389
50 95
351 345
89 5
473 479
95 89
345 351
434 479
34 111
5 89
345 306
217 178
5 89
434 430
5 95
345 351
95 89
389 473
50 5
345 351
50 95
223 133
217 223
89 95
89 95
50 95
5 97
306 345
5 95
297 273
95 89
5 95
178 223
389 479
473 468
95 89
217 223
50 5
434 479
473 479
345 351
178 217
217 133
261 351
50 95
306 351
89 95
345 351
351 261
223 217
351 345
89 95
479 473
178 148
95 50
217 251
351 345
473 479
95 50
89 95
351 270
89 95
50 95
51 91
261 345
89 95
223 217
217 223
351 345
223 178
351 345
434 479
89 95
345 261
223 217
351 306
351 270
217 151
217 133
15 34
223 217
217 223
261 306
345 327
434 404
434 482
479 389
50 95
223 217
389 473
345 351
217 142
95 5
434 389
89 5
121 79
497 458
217 223
217 133
473 479
448 431
217 178
345 351
345 351
449 510
473 479
351 345
306 313
345 306
434 479
99 121
379 375
50 89
217 223
223 217
473 389
448 418
223 133
273 321
223 217
178 223
306 351
473 479
133 223
217 223
5 95
217 223
133 252
50 5
505 404
473 434
479 434
389 473
261 351
95 89
5 89
89 95
133 217
389 479
389 473
473 479
223 217
223 183
228 247
241 186
178 223
223 133
389 473
273 371
133 223
389 479
307 328
479 389
473 479
95 83
5 95
178 133
223 133
389 479
306 351
345 306
133 223
473 479
95 89
261 351
261 351
178 223
389 479
479 473
261 277
5 95
95 50
5 47
63 79
50 95
223 178
479 473
5 89
223 178
89 93
95 89
345 338
95 89
351 259
306 351
217 223
473 434
434 479
345 306
351 306
145 221
50 53
223 217
351 372
479 473
89 95
473 479
345 351
479 398
261 351
345 306
351 268
95 50
351 306
473 479
351 261
473 389
178 223
345 261
5 95
133 178
217 223
95 89
95 5
64 83
434 398
95 109
479 473
345 261
434 479
389 479
261 303
306 368
5 95
306 349
5 50
89 95
223 142
473 479
178 223
479 473
217 223
179 205
217 132
89 41
345 306
389 434
223 217
306 351
89 50
473 389
5 47
473 434
306 351
160 202
89 50
261 306
345 306
178 223
50 95
473 479
217 223
5 50
217 223
306 299
178 223
178 217
15 79
473 479
196 143
345 351
89 50
345 351
345 351
5 50
95 50
306 345
351 306
261 345
389 479
473 479
345 351
434 438
89 95
351 261
479 434
5 95
434 479
217 223
133 223
95 14
351 306
306 261
89 95
95 5
223 217
5 50
306 345
473 479
5 95
355 309
345 261
5 95
217 223
95 45
89 20
217 223
95 89
473 479
178 223
217 223
306 345
479 473
89 50
89 95
306 351
389 469
473 479
479 477
261 324
95 89
95 89
50 5
434 479
473 434
50 5
5 89
95 89
95 1
178 223
95 89
217 223
306 351
223 217
5 89
473 434
351 306
479 434
217 133
178 223
434 479
89 95
217 178
479 473
306 274
5 89
345 351
179 243
354 295
345 351
351 345
473 479
178 217
217 223
89 50
473 479
479 473
89 50
95 5
5 95
345 351
5 95
5 52
345 306
306 261
434 396
186 205
491 397
217 178
95 50
389 434
217 178
479 434
502 473
95 77
95 5
178 133
95 5
434 479
133 201
5 95
479 473
100 119
133 223
479 434
345 306
426 435
465 484
479 389
5 95
351 345
223 217
434 389
434 479
95 23
479 473
133 217
306 351
5 73
95 89
261 329
473 389
389 473
351 345
351 335
479 473
50 95
217 145
217 223
306 351
95 50
178 235
217 223
223 217
95 17
351 355
5 89
479 389
479 507
261 351
473 479
351 345
133 223
178 223
345 351
434 415
473 434
389 434
95 89
479 473
227 216
178 223
50 95
223 217
399 463
217 178
223 178
89 5
207 182
389 434
479 473
479 473
95 14
434 479
434 389
217 178
345 261
351 261
351 270
95 115
95 89
351 306
351 261
217 178
89 50
95 89
434 389
50 95
89 5
217 223
50 95
217 178
223 133
351 345
89 50
178 223
351 345
178 223
89 95
89 5
473 479
320 350
345 351
5 23
223 217
389 441
217 223
178 133
345 306
143 207
434 479
351 270
133 201
434 479
95 89
133 138
345 351
479 468
89 50
271 290
95 50
95 89
95 89
5 95
389 479
95 50
479 473
178 223
479 389
223 178
473 479
89 50
133 201
50 89
223 178
20 64
473 479
261 345
345 351
473 479
345 348
434 479
95 123
306 280
89 50
473 479
179 136
241 186
223 133
345 306
89 54
351 261
389 479
306 351
306 351
223 224
223 178
50 95
217 223
434 473
178 223
389 454
478 510
473 479
479 389
217 178
261 306
50 5
351 345
50 89
389 394
5 98
89 95
5 89
479 389
178 133
261 345
473 479
63 79
345 351
351 345
389 479
217 223
217 223
178 223
223 142
473 479
261 351
217 178
5 95
50 121
89 50
80 50
261 351
217 223
133 217
89 5
479 473
351 345
473 434
479 389
5 95
217 223
473 479
261 351
133 178
133 223
217 223
5 111
306 345
306 261
351 270
434 402
50 83
345 261
345 261
89 20
95 89
223 142
473 479
479 389
434 479
484 398
34 5
351 261
389 473
133 223
223 217
95 5
50 95
223 178
223 178
95 42
178 235
133 223
434 389
389 479
434 473
95 89
95 5
345 351
217 223
389 473
95 50
217 133
207 208
479 434
223 133
182 161
434 473
133 217
306 345
223 217
306 257
379 375
306 351
5 95
351 345
223 217
307 261
351 306
479 389
89 95
217 184
223 217
473 468
95 89
223 133
223 133
345 351
479 440
261 351
345 351
479 389
217 178
389 479
345 306
473 389
503 507
217 178
95 20
434 389
345 351
51 23
50 95
351 306
306 345
306 345
389 473
89 95
306 351
95 89
223 217
389 431
89 95
479 434
14 81
434 479
320 339
389 459
460 479
223 178
434 389
345 363
178 154
389 479
217 223
178 223
261 258
345 373
133 178
253 223
89 95
356 375
261 345
479 434
306 351
297 381
434 479
261 345
479 389
89 95
5 95
192 186
473 479
133 223
434 445
479 473
89 95
89 50
50 5
217 178
5 50
473 479
473 479
5 95
479 389
473 479
178 223
351 261
345 306
178 221
95 51
41 68
133 223
434 409
217 223
217 223
479 485
89 50
170 249
133 223
133 217
5 95
307 363
89 95
479 473
351 261
473 479
241 186
249 202
270 261
306 351
465 426
223 217
217 178
41 125
351 261
133 223
217 223
89 95
434 389
223 196
95 89
178 223
434 479
473 389
89 50
425 452
133 178
