512 10000
133 201
217 223
95 5
261 303
345 351
217 178
95 5
133 217
351 261
217 223
217 133
351 306
217 178
473 434
473 479
223 178
345 306
89 50
50 95
345 351
434 511
497 434
473 434
95 89
217 223
95 50
223 133
345 306
345 351
434 479
389 479
89 5
178 133
50 89
133 217
473 479
473 407
434 479
479 473
89 95
50 95
261 351
20 64
479 389
154 192
74 100
95 50
89 95
345 351
434 389
133 203
95 23
261 351
5 50
261 345
478 500
351 261
261 306
479 384
89 5
217 223
133 219
223 217
389 479
434 389
479 473
261 345
217 178
479 434
261 351
473 479
50 89
133 223
5 95
89 95
306 345
473 479
473 479
217 223
89 99
5 127
89 5
345 351
389 479
479 434
261 303
228 247
89 5
351 345
479 434
89 95
223 217
473 479
473 434
89 95
249 148
178 223
389 434
223 178
89 50
351 338
217 223
389 441
261 306
89 95
249 172
223 178
5 95
95 89
133 223
434 389
389 457
89 95
133 178
89 5
271 335
217 223
261 345
133 223
434 479
223 217
351 306
217 223
271 290
89 5
178 239
307 316
217 178
95 5
261 351
217 223
95 0
479 473
473 479
351 261
5 18
50 95
479 473
5 95
479 434
490 482
89 85
192 211
5 89
473 479
351 345
223 133
95 89
223 133
5 73
389 434
217 223
351 345
50 95
297 326
261 345
133 201
434 479
345 306
473 479
136 193
89 5
306 351
261 345
217 223
133 223
345 351
473 479
95 14
133 217
50 89
89 50
95 89
473 499
345 351
50 95
95 89
473 434
434 473
223 199
95 89
473 479
351 345
345 351
89 97
261 351
5 95
434 473
217 148
95 5
351 306
89 95
5 95
351 306
351 286
5 95
217 223
169 254
95 109
217 223
217 223
497 442
133 185
100 54
261 351
178 133
217 219
261 345
345 306
217 223
89 95
50 89
223 178
351 270
473 434
95 89
217 178
178 133
89 95
491 397
389 479
473 479
473 434
493 473
434 458
509 405
473 389
473 479
217 178
473 389
261 351
5 89
223 220
389 431
5 89
345 351
473 389
133 178
389 479
50 95
345 351
50 95
434 473
479 434
389 479
345 351
217 178
217 223
95 89
473 479
95 89
345 351
434 473
50 89
50 95
178 176
89 50
345 351
223 211
389 457
381 327
351 345
479 441
473 479
95 5
351 256
345 351
473 479
50 14
389 434
178 223
418 398
473 479
261 351
182 220
133 217
479 473
479 473
479 473
89 50
434 479
133 223
473 479
261 351
5 95
369 314
261 306
389 442
217 223
351 279
389 473
310 328
389 398
473 496
89 76
217 175
345 351
119 20
434 479
434 389
133 201
178 133
5 50
479 473
345 306
95 5
89 5
479 434
5 50
367 326
351 345
479 473
306 351
479 389
351 306
217 223
389 404
398 389
306 351
351 306
95 89
306 351
345 351
473 389
479 473
389 479
307 279
89 95
261 351
473 479
95 89
306 351
377 296
351 261
217 223
217 178
473 434
95 89
463 480
217 223
89 50
89 95
217 223
5 63
306 263
351 345
50 89
261 351
223 178
95 5
389 434
5 47
434 389
223 186
217 251
434 389
223 217
89 5
73 5
50 5
178 223
89 95
473 479
389 414
58 113
479 434
50 95
217 223
223 217
306 351
178 217
95 89
389 473
217 223
217 223
89 95
50 95
89 95
5 50
389 434
133 178
389 434
217 178
434 438
217 223
89 41
89 5
217 178
133 178
479 473
473 434
473 479
479 434
50 89
261 351
434 479
50 95
351 306
178 223
345 261
473 479
479 398
89 95
261 351
389 434
217 225
223 178
434 440
133 178
5 89
223 133
95 50
473 479
89 50
95 50
95 89
306 379
261 351
89 95
223 178
389 434
479 434
351 306
217 223
107 120
95 5
133 223
89 50
89 95
5 95
217 178
479 473
473 479
95 89
50 95
5 95
178 133
479 434
133 217
345 351
351 306
434 479
223 247
473 458
434 479
217 223
217 133
473 434
479 434
473 389
50 58
5 95
178 223
217 223
434 433
95 50
223 217
479 389
306 351
473 479
217 223
178 142
351 261
217 223
217 223
351 345
261 345
217 133
306 351
306 261
351 345
479 473
389 479
306 319
434 473
223 246
479 473
50 73
389 434
217 223
479 434
306 351
389 479
345 261
473 398
320 350
217 133
389 426
351 345
95 31
473 389
389 479
425 385
335 310
307 336
170 179
223 217
389 479
217 133
345 351
479 473
261 351
389 385
178 223
217 223
223 217
133 217
479 407
50 95
89 95
253 226
351 345
223 217
217 223
89 95
434 479
479 496
473 389
261 374
223 217
276 320
306 351
133 223
223 133
223 133
95 5
223 178
223 133
217 191
50 19
95 50
261 351
223 151
217 223
217 133
89 42
435 390
217 178
389 479
351 345
223 178
479 473
503 392
50 83
5 95
95 5
339 271
351 345
217 133
89 95
89 5
473 479
297 326
217 223
479 473
89 95
261 381
345 306
479 500
217 178
401 425
479 389
479 473
5 95
100 51
306 351
473 479
89 5
261 381
192 181
434 479
261 306
223 211
261 306
223 178
5 95
223 217
306 351
95 50
351 306
5 89
89 50
473 434
178 223
178 166
345 259
223 142
276 264
434 479
473 479
89 95
89 95
95 89
5 95
479 434
192 207
261 306
479 473
261 351
223 217
345 351
50 5
223 217
473 479
217 178
50 95
351 261
434 479
50 89
227 205
434 479
261 306
345 306
95 89
217 223
133 178
434 389
217 223
217 223
479 389
389 425
50 95
178 133
50 89
389 434
434 473
479 435
223 251
306 351
345 351
89 5
351 345
223 217
89 50
479 473
223 133
401 434
133 210
223 217
89 95
95 5
5 95
351 345
306 351
5 50
473 434
50 9
345 351
5 123
479 473
351 261
345 351
223 217
95 89
434 479
351 345
479 389
5 50
148 251
345 351
5 50
345 306
479 473
133 217
253 254
306 351
434 479
473 434
473 425
5 95
351 261
473 479
5 95
434 430
261 351
133 178
133 178
217 223
133 217
89 95
434 389
473 397
89 50
217 223
94 33
178 223
389 479
351 345
95 50
434 479
434 479
351 322
50 89
50 41
89 95
351 306
261 303
95 50
95 89
89 95
89 5
95 89
50 95
261 349
261 351
89 5
351 345
217 223
89 5
345 351
261 345
178 223
434 479
217 223
133 178
473 389
473 479
345 261
89 95
448 440
5 95
351 270
50 89
306 261
217 223
306 351
63 120
447 504
345 351
89 50
89 50
345 351
306 351
306 261
261 345
223 217
178 156
483 454
306 351
509 443
95 89
217 223
50 95
351 345
473 479
95 89
479 434
452 399
434 473
351 306
95 50
217 223
95 5
89 50
434 479
473 389
5 50
95 89
217 223
351 261
50 5
479 473
95 23
473 479
306 351
89 95
271 290
89 5
270 351
89 95
351 345
5 47
217 178
434 389
133 178
434 473
217 178
306 261
178 223
345 351
170 222
50 95
345 351
50 95
434 479
434 479
133 217
223 217
95 23
5 89
473 434
473 479
261 306
178 223
223 217
133 223
345 351
223 217
95 65
217 133
89 0
389 404
306 336
95 23
434 473
223 217
133 178
351 306
434 479
389 429
5 95
217 178
351 345
345 351
389 479
351 316
473 415
95 50
345 282
95 89
345 351
89 5
95 23
345 294
426 435
389 452
223 213
351 345
133 178
479 473
345 282
479 389
479 473
133 223
89 95
223 217
434 389
351 345
261 351
223 217
345 351
473 434
473 479
223 133
217 223
389 457
473 479
5 64
479 507
217 133
345 351
217 223
479 434
389 473
89 50
389 473
351 261
95 19
479 389
5 95
306 351
473 479
345 306
89 95
473 434
434 389
5 95
345 351
479 389
89 5
50 5
89 5
345 276
95 31
223 133
5 95
89 95
351 345
133 217
217 133
345 261
351 306
351 345
89 95
389 473
89 5
306 351
95 89
389 473
133 201
223 217
217 223
345 351
434 479
89 5
351 345
345 368
50 107
50 95
223 217
217 223
345 306
89 5
217 138
345 306
345 351
148 192
5 95
389 479
5 95
14 81
223 133
261 380
50 95
434 473
89 5
306 308
473 478
133 211
223 217
345 351
320 377
95 89
89 8
50 109
345 261
389 473
345 351
389 431
133 223
389 479
345 261
89 95
434 479
351 345
5 23
50 5
351 276
249 167
223 217
473 479
89 95
89 95
89 95
89 95
261 351
345 351
345 261
345 351
479 473
389 434
306 351
473 423
351 306
178 217
351 345
273 265
5 95
133 201
89 5
223 178
479 407
306 351
5 89
217 223
261 351
83 15
89 95
434 389
217 223
223 217
223 217
351 345
434 389
345 351
345 261
133 223
217 223
89 95
89 5
249 185
479 473
95 50
217 223
89 45
217 223
217 223
5 100
95 50
217 223
351 261
217 223
345 261
223 220
261 351
101 95
345 306
217 178
479 473
479 452
425 486
50 95
345 261
351 286
133 217
479 389
50 89
473 479
306 351
20 64
5 95
50 95
89 5
261 345
473 479
223 217
89 95
345 351
89 95
5 95
434 479
133 136
431 423
223 217
223 133
133 178
89 95
434 479
473 479
50 95
324 271
389 479
351 345
345 351
50 95
473 389
89 95
306 261
95 89
95 50
89 5
95 89
389 479
95 89
133 217
50 95
50 95
306 345
217 223
89 95
351 281
5 47
217 223
434 432
217 223
50 22
223 217
306 287
89 95
473 479
389 473
217 178
306 351
118 13
133 245
178 223
5 16
223 217
5 95
133 223
389 479
133 223
351 261
351 261
133 217
89 5
306 351
223 133
434 479
473 479
434 452
345 351
217 204
50 89
133 217
95 89
345 351
473 479
345 306
261 271
389 434
473 479
389 473
345 351
5 89
502 426
95 5
223 133
178 223
473 479
434 479
434 389
133 178
50 95
133 151
434 473
89 5
351 306
345 306
5 89
345 351
133 217
178 202
389 479
95 50
479 434
217 178
5 89
89 50
345 306
389 479
133 223
479 473
345 261
351 261
345 351
389 473
473 434
261 351
5 95
95 5
473 479
50 95
217 223
351 345
223 133
434 473
479 477
95 5
223 217
389 479
89 50
276 264
89 95
89 95
223 133
217 133
133 178
133 210
434 479
473 389
95 89
473 479
223 133
217 223
434 462
351 375
261 306
5 95
50 95
217 223
178 223
223 178
389 473
434 479
133 217
95 50
269 363
95 89
473 479
68 15
89 95
473 466
148 136
217 223
223 178
217 178
89 5
473 458
217 178
217 223
345 366
434 479
389 449
95 5
50 73
473 389
351 345
473 479
217 223
479 473
95 23
351 279
434 479
95 89
223 217
345 306
434 479
473 434
5 50
178 223
89 50
89 95
351 345
434 479
434 479
473 394
351 306
345 306
306 351
261 329
473 389
5 95
223 178
473 389
5 1
306 351
345 351
217 223
473 434
389 410
269 363
217 136
389 434
89 95
389 401
261 345
89 95
178 223
95 50
223 133
133 223
223 217
479 389
178 223
473 479
306 351
249 175
95 89
473 494
89 95
479 473
473 479
89 95
261 351
217 205
50 95
223 178
479 473
223 142
5 95
434 493
434 389
307 298
434 479
178 193
50 95
473 479
217 223
89 95
345 351
434 479
458 484
345 349
473 434
50 86
95 5
228 142
5 50
351 345
345 261
223 142
223 178
5 99
223 246
223 178
261 303
479 473
133 178
50 95
261 351
99 127
473 479
133 223
306 284
261 351
351 345
95 89
261 306
345 351
178 223
217 178
223 178
447 504
434 473
438 428
473 434
50 95
89 95
178 187
5 95
345 351
217 178
369 314
473 434
434 479
133 178
217 223
351 345
473 434
5 95
5 2
5 89
217 223
223 178
261 351
479 473
179 164
345 351
217 223
434 401
345 351
345 261
345 351
133 223
95 89
223 217
377 306
330 363
217 246
178 133
479 473
473 389
92 95
479 434
261 351
217 223
479 473
217 133
351 345
95 50
434 479
389 434
217 223
345 351
345 351
306 351
261 345
89 95
261 306
217 223
95 89
89 38
473 479
50 92
479 398
182 147
473 479
261 345
133 217
306 345
217 223
89 95
473 389
351 261
50 95
223 175
351 345
217 223
351 279
178 217
434 479
306 261
447 504
473 434
5 89
89 95
89 95
345 351
89 95
479 389
389 473
142 209
51 100
306 353
133 223
178 223
434 479
261 304
345 351
261 345
261 351
345 351
351 261
5 50
133 227
79 89
217 223
133 223
223 178
473 479
351 276
89 106
95 89
217 178
89 95
479 434
434 479
473 479
133 223
89 95
217 178
345 372
345 351
133 187
178 133
320 266
479 473
133 201
95 5
223 133
351 270
95 14
479 434
50 89
50 25
223 151
95 50
261 306
345 351
345 351
31 50
217 223
217 178
345 351
473 479
133 178
479 389
223 217
50 95
339 261
133 217
178 223
217 178
178 223
345 306
15 79
5 89
351 261
169 196
51 42
345 351
473 479
345 351
473 389
217 178
479 434
389 473
89 95
306 345
5 89
89 95
479 389
479 473
261 345
434 479
89 95
473 479
51 46
217 133
389 479
261 345
479 434
50 56
95 50
89 95
5 50
95 89
89 50
217 223
95 47
306 261
351 270
133 223
479 414
473 479
223 217
5 11
434 473
345 351
434 479
178 133
217 133
261 266
5 89
95 5
473 479
434 473
261 294
351 345
473 479
178 223
184 133
389 479
217 223
434 479
217 133
479 473
261 351
223 217
345 351
223 217
345 351
479 473
50 127
355 356
89 50
217 253
178 223
345 352
345 351
434 463
351 279
473 479
63 79
223 154
290 270
345 306
89 95
178 253
345 261
473 479
223 178
50 95
95 5
58 75
133 223
473 479
217 200
178 243
178 223
345 351
223 178
142 209
473 479
351 345
434 479
261 298
178 217
5 95
89 74
217 178
133 217
89 95
17 5
261 351
5 95
178 223
473 479
5 89
50 5
473 479
89 95
345 261
434 479
223 178
306 351
50 95
50 5
89 95
223 178
95 23
434 439
434 461
434 455
217 195
345 334
89 50
89 95
133 217
133 223
434 479
351 270
89 50
223 178
217 178
479 473
217 223
480 509
473 434
217 223
351 345
473 389
68 5
125 22
178 247
389 431
479 434
178 133
133 223
178 223
217 163
345 351
217 222
217 133
473 434
261 351
389 457
5 50
351 261
306 274
345 261
306 286
434 479
351 261
223 217
217 178
133 178
306 351
479 434
217 223
389 479
133 153
345 351
351 261
345 351
89 5
217 178
95 115
351 345
217 223
95 118
95 89
345 261
223 217
473 389
178 217
5 47
345 351
223 217
434 473
350 382
192 136
351 256
89 95
345 351
473 479
473 457
473 389
5 50
261 351
261 306
473 479
351 345
434 432
217 223
261 351
228 247
217 133
345 296
217 223
95 50
479 473
5 95
479 473
351 345
351 270
70 42
95 89
217 223
223 178
479 434
473 479
5 95
178 223
223 133
50 95
133 223
217 223
50 95
479 473
351 345
473 479
345 261
473 389
95 50
351 345
217 133
89 95
351 261
473 389
389 479
473 479
389 479
217 223
217 223
434 502
217 203
389 467
438 451
178 223
50 89
5 89
345 351
50 95
217 223
473 402
345 351
473 479
345 306
133 223
133 201
473 389
479 467
473 479
217 223
351 345
345 351
178 223
133 223
5 127
473 434
5 23
306 345
95 5
389 473
223 147
89 95
479 407
5 47
50 95
351 306
389 479
223 217
389 434
95 89
217 133
217 178
89 5
345 351
217 223
306 351
306 345
473 434
351 335
89 5
50 5
310 383
89 95
473 434
89 95
133 178
89 95
261 351
133 223
217 178
217 223
217 173
89 95
473 479
5 95
95 50
261 383
17 45
434 479
479 473
261 351
217 192
306 298
133 223
479 473
217 223
50 95
50 95
473 389
389 479
434 479
264 306
223 217
178 223
217 133
479 473
50 95
5 89
261 351
50 5
479 434
389 479
89 50
20 51
5 95
479 473
228 142
479 434
95 89
223 217
345 306
133 223
223 178
434 473
351 345
217 213
5 10
223 217
133 217
261 351
217 223
434 473
95 89
217 178
473 479
217 223
217 223
261 351
389 414
389 435
133 223
497 442
434 479
50 21
5 95
434 473
133 223
5 95
261 348
5 75
89 95
113 48
473 389
434 479
99 109
479 473
223 178
306 261
217 223
345 351
351 345
217 223
479 434
479 473
351 345
89 95
502 449
89 95
271 335
89 95
389 457
351 319
345 261
351 345
133 217
89 95
345 351
95 50
479 389
133 223
50 5
306 351
145 177
389 434
261 306
473 477
217 158
434 479
345 261
89 5
89 95
345 351
279 271
479 473
89 95
89 95
217 223
375 379
473 479
50 89
473 462
479 389
345 306
261 306
89 95
261 329
223 217
306 345
479 473
178 217
223 158
479 434
473 389
389 479
425 443
261 351
95 89
217 223
473 479
223 142
473 499
261 351
345 351
89 109
389 479
261 351
89 95
389 479
351 261
345 306
178 223
261 306
95 5
306 381
89 95
389 479
95 89
345 274
223 133
217 223
217 223
50 5
95 89
298 337
228 178
5 73
178 217
95 5
217 223
41 91
261 351
223 198
389 479
5 50
89 95
178 223
217 223
133 223
95 50
389 457
473 479
306 345
479 473
261 375
351 261
389 479
434 473
345 306
217 227
473 479
89 95
89 13
217 223
223 217
223 133
473 468
223 133
479 473
148 136
89 5
345 306
319 376
51 62
351 306
133 217
345 351
345 351
345 351
95 50
281 362
473 434
479 473
223 178
351 345
50 95
89 5
133 201
409 490
133 223
217 223
133 223
95 5
345 351
178 133
5 123
473 431
351 350
223 217
178 223
389 431
89 95
224 222
473 478
178 223
345 351
95 5
247 251
351 306
351 306
479 483
434 479
434 479
473 479
5 95
306 351
89 95
261 351
473 479
50 95
473 479
377 352
479 473
345 351
351 345
479 398
89 46
95 14
178 217
434 479
261 266
223 178
34 83
223 178
389 473
261 306
306 383
50 89
479 473
389 479
473 479
434 479
89 95
50 83
95 50
50 95
473 434
320 380
50 5
320 350
473 402
246 193
274 352
473 404
217 223
133 201
95 89
473 479
89 95
50 95
306 304
389 457
133 223
473 389
227 192
95 89
5 95
261 306
133 223
473 479
89 95
133 217
473 479
217 178
345 351
50 5
434 479
479 389
389 479
178 223
261 345
223 217
5 95
133 201
95 50
401 434
306 351
389 473
178 246
434 473
345 351
306 351
178 223
217 178
261 345
178 246
279 351
5 95
345 351
50 5
217 133
389 505
434 479
89 50
389 507
434 479
5 95
89 50
217 136
331 345
351 261
223 217
223 178
95 50
479 434
389 434
345 351
50 5
389 434
133 217
306 298
473 434
50 95
89 95
473 479
345 351
133 217
479 473
306 351
434 479
345 351
133 223
379 351
473 479
217 223
178 217
178 217
345 351
223 217
5 95
351 261
306 351
133 223
5 95
89 95
473 434
5 14
223 217
217 178
217 178
5 89
473 479
479 473
434 473
351 345
95 89
479 389
479 389
89 95
351 345
95 50
345 348
217 223
354 280
89 95
351 339
479 473
345 351
351 279
479 434
217 178
473 434
473 479
479 389
389 479
178 217
5 95
89 95
223 217
89 95
345 351
473 479
223 178
95 89
484 398
345 351
351 261
178 223
473 389
306 351
217 222
89 95
479 473
473 479
434 389
95 50
473 422
261 351
473 479
223 251
479 398
217 223
473 479
473 479
434 479
223 217
473 479
95 89
479 473
95 23
306 351
178 223
473 479
389 435
434 479
351 261
223 217
217 223
251 211
89 4
217 223
228 247
389 479
145 205
473 389
89 95
307 381
479 473
345 306
345 351
223 178
389 479
345 351
89 95
217 223
89 95
351 270
479 463
89 5
389 434
306 351
479 434
223 133
389 479
351 306
95 89
178 133
133 223
89 5
479 434
5 95
473 389
473 389
306 372
89 95
89 95
89 50
178 223
389 479
223 217
50 95
253 187
261 306
50 95
178 223
307 336
306 351
306 351
351 345
95 89
89 95
389 479
5 89
5 89
217 178
223 217
5 89
5 95
479 463
95 89
473 434
479 434
217 133
261 351
5 89
306 345
178 223
217 133
89 95
223 178
217 178
95 89
142 228
5 50
178 223
50 95
479 398
261 351
345 261
351 345
345 280
261 303
345 306
50 95
120 116
351 306
89 95
351 306
95 89
434 415
261 351
434 479
217 133
178 217
178 223
95 5
15 79
217 223
389 473
434 478
345 306
261 306
473 479
182 243
389 434
345 351
217 178
320 264
473 479
351 313
345 351
345 306
223 217
89 14
389 479
261 345
434 479
351 354
89 95
89 29
473 479
217 223
178 217
5 50
479 434
389 473
473 434
133 223
217 250
434 479
50 95
217 223
389 473
473 479
306 345
217 178
143 207
434 401
89 5
479 469
351 306
50 95
479 473
261 345
133 178
351 306
351 261
223 217
217 245
95 89
306 351
5 89
473 479
133 178
473 430
148 136
306 351
473 434
273 264
223 217
223 217
473 389
351 345
351 345
345 261
473 479
5 95
118 83
133 223
306 352
389 479
223 217
133 201
217 178
217 170
306 351
51 68
389 473
217 246
223 217
473 479
345 306
89 5
95 14
178 223
345 351
50 95
95 89
345 371
217 223
217 223
178 217
473 479
217 178
479 434
261 286
389 479
345 351
306 345
443 509
479 473
89 50
5 89
351 282
223 217
217 223
95 50
434 479
5 109
95 23
133 223
178 217
89 5
389 473
89 95
345 351
50 89
217 223
389 434
95 5
434 415
80 50
5 89
50 95
261 351
261 345
345 351
351 345
345 351
351 306
95 89
345 351
345 351
425 469
351 345
434 479
351 273
217 223
434 479
261 345
223 133
261 345
479 449
125 79
261 351
89 95
351 261
389 479
217 223
50 95
223 217
389 457
479 389
217 225
345 351
95 14
133 223
479 473
5 50
434 479
473 479
178 223
217 223
223 217
345 351
345 351
50 95
351 345
389 479
351 345
351 315
345 351
133 175
5 95
89 50
345 308
389 457
95 89
223 217
351 345
351 345
399 418
404 463
434 389
306 351
404 392
95 19
95 50
186 241
217 178
434 479
5 50
479 389
89 48
354 306
345 306
217 178
351 345
473 479
351 306
178 223
89 95
434 479
95 89
473 389
434 479
351 306
217 223
223 151
473 479
438 483
345 351
95 89
434 479
473 479
479 473
15 34
473 434
261 306
261 351
143 211
178 247
125 74
261 351
367 298
95 83
351 306
479 434
345 261
503 484
89 95
95 5
89 5
217 223
389 479
271 290
178 157
351 270
351 345
89 95
217 223
306 351
50 95
434 473
178 223
479 436
5 123
133 223
5 20
89 5
306 351
473 434
479 389
217 178
89 95
306 351
222 235
217 178
425 407
345 351
479 473
261 345
95 3
434 473
261 351
389 473
479 398
389 479
5 89
217 223
133 223
261 345
261 351
345 261
223 178
217 223
434 479
89 50
95 104
306 351
473 389
217 223
50 95
351 345
345 306
351 261
261 335
5 95
345 334
95 89
95 97
50 95
95 89
89 95
473 479
5 95
217 223
5 50
95 23
479 389
223 217
389 479
133 223
479 389
434 479
389 434
261 351
133 223
178 222
306 351
261 351
5 50
95 89
178 223
178 223
178 133
217 223
133 201
95 50
223 178
345 351
473 479
223 217
95 89
95 23
261 351
95 50
5 89
389 473
261 351
89 95
217 187
261 351
339 367
473 479
223 217
50 95
89 49
5 95
217 137
5 95
434 473
479 473
178 163
306 261
178 223
473 479
345 351
223 140
434 479
113 58
217 178
351 345
223 178
297 324
261 314
223 178
351 345
306 339
223 142
95 89
95 5
345 306
95 50
223 217
95 5
345 351
473 479
345 351
345 351
5 95
89 5
217 223
217 133
5 95
473 479
306 351
5 50
351 306
50 95
351 345
389 434
434 389
473 389
473 479
473 434
99 52
389 473
399 418
217 223
246 170
5 89
261 351
473 389
89 95
143 211
5 95
479 389
389 473
351 306
261 306
479 389
89 95
223 166
479 407
482 434
217 206
95 89
95 89
306 351
5 95
178 217
223 217
178 196
479 389
306 351
89 95
95 89
89 50
89 50
261 345
473 479
118 42
178 191
121 20
479 434
473 479
351 261
434 479
89 50
404 448
125 100
89 95
261 303
434 479
95 89
133 178
479 473
95 23
261 351
389 502
473 434
95 5
389 434
306 351
306 261
434 479
261 351
473 389
133 151
345 261
389 434
121 20
95 89
306 345
351 345
95 5
89 10
217 223
310 324
351 345
434 479
133 223
217 178
133 223
133 201
345 351
473 479
351 345
261 312
223 217
434 479
351 345
5 89
306 351
434 399
473 434
217 178
133 178
351 345
434 473
351 345
89 95
111 70
89 95
178 223
89 95
389 434
324 271
434 506
5 50
351 270
434 479
389 473
389 473
473 479
133 223
351 345
434 473
345 351
223 133
473 434
50 5
223 217
306 357
345 351
261 351
178 223
217 223
89 50
473 479
50 95
434 431
473 477
389 479
389 473
217 227
434 479
261 351
306 257
217 178
261 351
50 95
473 419
389 479
5 95
306 351
5 89
479 434
5 95
261 345
247 228
434 479
479 389
473 479
345 351
306 345
261 345
503 484
95 5
50 95
306 351
389 479
389 473
95 97
223 217
50 89
261 306
479 473
223 217
261 351
217 223
351 374
306 328
217 223
389 479
261 306
5 95
473 479
473 479
479 473
50 89
434 429
89 95
89 5
479 407
479 473
345 351
473 479
261 286
261 351
273 342
50 5
223 178
483 428
50 86
479 473
479 434
223 133
217 133
89 95
479 434
261 345
217 147
434 407
50 89
479 395
223 246
89 95
5 54
306 351
479 473
217 133
479 473
434 479
297 275
434 478
50 95
133 223
89 95
228 182
50 89
5 14
95 50
261 306
133 182
351 270
389 479
178 223
133 223
5 89
133 178
479 473
351 379
89 95
479 434
50 95
261 345
178 131
389 457
261 351
345 261
473 479
50 20
345 351
479 473
479 434
178 168
217 223
196 143
50 95
50 89
479 434
389 479
5 95
261 351
306 354
217 178
5 95
217 223
479 389
351 348
310 324
89 50
89 95
178 133
389 479
473 389
20 8
389 434
389 479
217 178
95 71
473 479
310 319
479 476
345 261
50 118
473 479
473 479
345 350
95 89
217 223
345 351
261 345
351 345
306 351
389 473
434 479
345 351
306 345
133 217
178 223
217 178
95 89
473 479
479 398
17 126
273 288
223 133
398 465
133 178
51 54
434 479
89 95
50 17
217 178
89 5
5 83
345 306
133 223
5 95
351 345
479 389
89 5
95 50
345 306
261 367
89 1
89 5
389 473
345 306
351 345
89 50
178 223
50 95
306 261
261 351
95 50
306 378
345 306
50 89
169 135
223 133
261 351
133 178
473 434
217 223
95 89
351 345
345 351
223 217
473 479
479 389
223 217
217 133
217 178
509 479
351 371
345 351
479 473
89 50
42 111
217 178
351 261
306 351
95 89
217 177
351 261
20 8
473 479
5 95
434 473
473 479
89 5
79 83
217 223
261 351
95 92
223 217
345 351
306 261
217 223
50 95
89 95
261 306
351 261
506 478
389 479
473 479
473 484
473 479
133 223
5 95
5 47
434 473
479 467
178 223
351 345
261 351
306 351
5 95
320 371
223 217
345 351
5 89
223 133
473 467
217 133
351 261
345 261
118 42
351 306
89 95
5 50
133 229
50 95
434 473
345 351
306 261
351 345
217 223
479 440
306 351
5 50
345 371
306 351
434 423
434 500
178 223
345 351
223 217
95 50
223 217
217 133
345 351
473 389
479 473
389 434
89 95
306 313
217 223
99 112
196 143
223 217
345 351
389 434
473 479
178 217
416 458
89 95
178 133
389 479
89 95
369 314
381 361
389 434
5 89
345 351
345 261
5 95
5 95
479 402
223 217
473 434
401 391
479 389
345 351
133 178
345 351
217 178
178 223
426 445
217 178
355 277
351 306
389 473
434 389
178 223
306 261
345 277
95 89
479 407
473 479
89 95
306 351
306 351
217 209
178 223
306 351
217 223
479 473
217 223
479 481
217 223
5 73
223 178
96 118
491 397
473 479
95 89
223 217
434 479
479 434
389 479
483 467
261 351
479 389
261 306
345 351
217 178
217 151
5 50
217 133
345 351
306 345
95 50
179 191
351 345
133 217
345 351
306 351
145 208
178 217
178 217
389 399
17 50
484 398
133 217
95 50
217 223
89 95
223 142
217 177
473 479
345 351
217 178
345 306
479 389
217 223
5 95
345 351
50 95
473 389
306 261
89 39
306 261
89 95
389 434
473 479
95 89
491 397
5 95
473 434
307 336
261 345
345 351
217 223
261 351
345 308
345 261
389 431
133 223
95 89
434 473
473 479
389 434
434 389
178 217
178 223
5 95
212 178
479 389
217 223
95 89
345 351
389 468
345 351
217 223
473 389
217 133
50 95
473 434
306 351
345 351
351 261
389 497
351 345
178 217
479 473
479 389
217 223
345 261
217 133
178 223
95 89
89 95
261 345
484 398
306 332
217 223
217 178
389 434
178 133
261 306
479 434
434 389
217 223
178 184
351 345
223 217
133 217
133 223
473 479
5 95
434 431
389 434
95 89
479 473
178 223
217 223
95 50
261 351
217 223
223 178
95 89
133 217
89 95
95 89
89 95
89 50
306 351
473 504
223 217
434 479
133 223
95 50
459 389
351 345
217 223
89 95
479 473
351 306
217 133
345 301
217 223
223 178
178 217
479 389
473 479
345 351
217 223
95 89
345 277
50 95
473 434
306 345
5 95
345 351
217 133
479 434
241 186
464 434
222 233
479 473
435 448
217 223
217 223
5 89
133 217
351 345
95 50
351 345
178 223
133 223
50 95
389 457
345 351
389 473
249 252
133 217
133 178
345 306
5 89
434 477
345 338
479 389
224 253
306 351
217 133
5 92
479 493
217 178
178 223
5 113
42 51
217 133
133 223
89 73
479 398
434 414
95 5
133 217
389 427
345 306
223 133
389 434
345 351
89 5
95 5
351 279
479 473
345 351
434 473
473 506
345 351
261 306
434 473
306 351
217 223
133 217
89 5
448 422
425 454
178 223
89 95
95 89
306 345
273 342
133 217
89 95
261 306
178 210
438 489
95 89
217 223
5 73
261 351
479 473
95 89
389 457
351 261
5 89
133 223
479 507
89 95
479 394
50 96
5 50
351 345
217 223
261 301
345 306
345 268
479 473
5 95
50 95
223 133
473 434
345 351
178 175
5 95
133 186
276 320
89 95
434 431
223 133
351 345
307 356
223 217
50 89
5 95
133 217
5 95
345 306
89 95
89 50
217 178
306 351
5 50
5 95
5 95
217 178
306 345
95 50
473 479
223 142
50 95
89 95
306 381
351 345
217 223
217 223
434 473
503 507
345 351
223 178
351 306
389 479
479 392
89 95
133 178
261 351
17 54
345 261
5 95
479 473
345 351
479 473
352 286
306 351
5 95
133 223
473 479
306 351
345 372
223 217
178 133
351 306
351 345
389 479
479 473
345 351
306 338
178 217
223 133
178 223
191 170
95 50
473 479
223 178
223 217
217 133
345 351
95 50
345 351
389 425
217 223
89 95
434 426
351 345
306 351
345 351
5 89
5 95
186 159
434 479
217 223
351 306
95 50
479 434
479 434
261 351
330 356
178 145
389 473
217 128
319 376
178 133
217 223
351 345
217 223
223 133
192 211
133 201
345 261
345 351
345 261
217 223
473 479
95 5
345 351
217 237
261 306
306 345
95 123
473 434
306 351
89 95
479 473
217 223
50 89
473 479
473 434
160 202
95 50
479 473
89 95
434 479
50 95
89 95
345 261
404 448
345 351
50 48
133 178
473 389
89 50
438 507
345 351
217 234
89 95
345 306
473 389
261 345
95 89
306 345
143 162
223 178
95 89
223 133
95 5
95 89
178 223
178 217
223 251
217 133
479 473
261 351
261 351
351 345
345 351
133 223
217 178
473 479
42 51
178 223
89 50
5 95
389 464
479 398
345 372
473 389
133 223
217 178
143 211
345 261
133 223
351 307
223 151
95 82
473 479
326 362
351 279
351 345
261 351
479 473
50 89
95 89
473 479
500 473
434 455
223 188
473 434
50 95
89 50
306 351
178 223
89 50
178 223
223 133
89 95
473 479
223 178
306 282
473 499
273 336
153 223
95 89
89 50
479 473
473 479
5 89
170 179
261 306
261 351
271 290
261 351
178 223
389 398
133 217
133 223
217 211
217 133
261 351
389 479
226 179
479 434
473 479
306 261
50 95
434 479
89 50
217 133
223 240
95 50
351 273
50 52
261 351
133 223
495 454
5 50
473 434
352 363
261 351
20 64
479 389
479 389
50 95
473 389
434 479
223 217
306 273
217 135
473 479
389 479
223 217
95 5
133 223
217 144
473 479
89 95
178 223
306 351
217 223
133 178
473 479
345 351
50 95
425 452
223 217
479 473
261 345
434 479
351 306
95 89
5 89
5 89
473 434
345 261
345 261
345 351
389 434
351 279
351 306
399 463
89 95
473 479
217 223
351 306
95 5
95 50
509 493
434 473
217 149
345 261
133 217
479 507
89 95
473 479
261 306
434 390
389 458
351 345
99 42
178 217
345 351
306 351
54 83
351 366
389 479
89 95
473 434
133 142
261 306
50 111
89 49
142 209
217 223
217 223
217 223
178 217
133 223
434 422
473 479
95 14
217 223
178 133
217 223
261 351
95 89
345 351
50 95
123 119
479 434
479 473
50 95
351 345
133 223
345 351
473 479
5 110
223 178
217 178
95 89
473 483
326 315
45 95
306 345
389 434
223 151
89 95
306 297
448 477
223 178
261 345
89 50
223 217
345 273
479 407
473 479
217 178
178 223
95 89
306 351
306 351
434 479
5 89
473 389
217 178
434 479
473 479
306 351
479 473
217 223
223 133
473 479
434 469
306 345
473 479
178 223
148 192
473 389
473 479
133 223
345 306
223 133
434 473
5 50
473 479
306 351
223 217
290 367
479 434
389 473
223 217
434 479
389 434
473 434
95 5
123 119
434 479
95 89
182 168
217 223
473 479
217 223
350 276
217 133
50 95
89 95
133 149
261 351
351 345
261 351
404 448
95 89
448 485
389 473
351 261
434 506
178 223
133 223
389 434
473 479
473 479
345 261
89 95
345 351
89 95
351 261
473 479
434 479
223 178
473 479
351 345
5 95
89 5
389 473
217 223
345 302
434 479
473 479
133 227
217 223
223 217
223 178
133 217
133 223
133 178
351 312
261 306
95 5
217 223
95 50
306 273
148 136
434 414
5 95
261 306
223 217
479 389
261 345
351 345
306 351
389 479
473 434
50 20
345 351
41 15
379 375
217 223
434 479
351 306
434 479
345 306
133 178
95 42
351 345
321 269
133 223
95 50
217 223
261 345
133 217
20 64
351 345
178 223
96 31
223 178
351 345
89 95
133 223
5 95
42 51
95 23
319 298
89 50
271 335
261 351
178 133
261 351
351 261
217 223
15 79
261 345
306 351
345 351
261 329
217 223
306 351
473 434
351 345
223 217
345 261
217 223
95 89
434 389
223 178
434 479
345 351
95 89
479 473
464 434
473 479
351 261
473 389
50 95
133 178
223 133
217 223
479 389
50 95
345 351
5 89
434 479
345 261
5 99
434 479
223 133
345 261
223 217
345 351
5 95
306 345
434 433
217 178
389 473
223 142
178 223
479 473
351 321
5 89
113 58
351 345
351 306
473 434
5 95
217 178
95 89
306 351
306 351
345 306
89 95
389 479
89 127
406 434
217 178
261 345
473 434
389 473
473 434
95 89
473 479
418 389
434 479
434 479
95 89
473 479
223 217
345 308
89 95
389 479
253 151
306 351
473 479
351 345
223 217
345 351
95 50
223 217
473 434
217 178
479 473
434 473
473 479
473 479
100 54
473 479
509 433
178 223
89 95
473 479
261 345
479 389
182 226
351 345
5 95
51 63
389 461
133 223
202 228
95 65
217 223
434 479
434 473
345 351
217 178
95 5
389 434
389 473
434 479
217 223
5 95
89 5
351 306
261 351
479 434
473 479
306 261
5 95
50 95
217 223
473 479
178 223
273 312
434 479
217 223
404 392
178 223
479 473
50 95
223 217
473 389
306 351
434 422
479 473
95 50
15 34
223 138
473 479
223 217
217 223
89 5
89 5
464 434
217 178
133 217
479 389
217 223
217 223
345 306
89 95
473 479
473 479
50 95
306 351
345 303
50 95
95 89
217 223
389 473
50 95
306 372
217 178
473 389
479 473
345 261
178 223
389 479
261 345
223 217
307 339
95 89
223 191
178 223
89 50
473 389
473 479
217 223
89 5
217 133
94 51
217 223
351 306
133 223
345 351
345 351
217 223
178 223
345 351
306 261
191 207
377 281
345 351
217 223
178 223
351 261
351 261
133 223
68 14
5 95
133 178
306 379
223 133
351 345
261 319
89 95
178 133
133 223
473 479
473 434
217 178
345 351
479 389
351 345
5 95
351 256
89 95
345 340
178 223
50 89
95 5
223 133
223 142
95 121
178 223
473 479
306 351
178 223
95 84
375 355
133 175
306 276
95 5
479 473
345 261
178 223
192 245
345 351
473 479
5 17
345 351
479 473
351 279
178 223
133 173
191 248
261 306
89 95
95 50
345 306
389 473
389 434
89 50
467 384
217 223
434 473
32 74
217 223
50 95
50 95
217 223
345 261
479 473
89 95
351 345
345 351
473 467
89 95
351 306
434 479
479 434
479 413
5 89
389 400
479 389
479 473
178 223
473 479
5 50
345 351
479 434
5 50
479 473
351 349
306 351
389 473
473 479
89 5
345 319
133 223
178 223
389 384
133 217
133 223
261 351
351 261
89 50
50 17
223 217
95 89
473 479
479 473
434 479
89 5
345 306
351 261
389 479
217 223
473 481
217 178
345 285
473 479
351 345
479 473
351 261
479 473
223 217
217 181
434 479
351 345
217 223
178 217
261 351
50 89
178 251
178 146
479 473
345 351
217 223
223 133
261 306
178 223
479 473
389 431
261 329
5 73
89 95
473 479
133 223
178 223
217 223
133 217
306 351
95 50
297 342
389 434
119 123
5 89
434 479
89 95
306 351
345 351
345 306
306 261
434 425
306 261
261 303
389 431
261 345
434 479
345 306
217 223
351 345
473 479
223 217
217 146
50 5
223 217
351 345
223 217
434 479
345 351
434 479
217 223
223 142
5 118
223 178
95 4
5 73
351 333
473 479
5 47
217 145
217 223
5 95
223 178
351 345
5 95
261 306
223 217
95 5
473 479
89 50
389 452
89 95
479 434
217 178
261 351
389 479
389 510
178 223
473 479
89 77
50 89
473 479
479 473
217 133
473 479
133 223
89 95
95 50
479 434
434 501
479 389
50 23
217 178
133 207
5 95
223 133
473 479
473 479
306 351
89 95
389 434
133 217
345 351
217 223
89 95
50 5
133 223
223 217
345 306
473 434
96 13
273 370
389 479
389 479
178 189
223 142
223 142
223 133
351 345
95 89
389 398
261 351
89 95
178 223
50 84
345 351
351 345
351 261
351 306
261 345
351 306
223 216
95 89
345 306
5 95
345 261
351 345
89 95
178 226
351 270
95 14
306 351
196 143
261 258
95 5
50 95
389 494
389 473
345 306
473 479
273 269
50 35
217 223
434 479
261 345
392 448
434 389
95 50
217 223
133 223
89 95
261 351
217 223
479 434
261 306
95 5
479 402
351 345
95 50
50 5
479 389
479 473
223 217
217 223
505 472
50 95
261 351
50 95
125 68
133 178
345 261
89 122
479 473
473 434
261 285
217 223
5 119
306 345
261 306
95 5
223 217
217 223
95 93
473 479
337 298
306 351
223 133
479 473
473 490
217 223
95 5
223 178
89 95
223 151
345 351
306 261
223 178
89 95
15 83
473 479
89 95
473 479
473 479
217 133
223 133
276 320
179 183
351 345
89 95
50 70
217 166
217 223
261 351
479 398
261 306
389 473
479 473
50 95
5 50
363 349
479 389
479 473
133 217
345 351
367 326
354 306
434 479
20 8
389 431
223 217
351 306
355 367
399 418
217 223
345 306
261 310
223 133
5 95
389 457
473 434
95 89
50 95
198 170
223 151
389 479
133 223
217 223
261 345
89 50
5 50
50 89
20 64
50 89
217 223
345 351
345 351
217 223
473 389
389 479
306 299
261 351
89 95
434 479
389 457
351 345
306 345
212 217
178 223
89 95
389 479
324 271
351 345
178 223
5 95
356 270
389 434
223 133
306 351
217 148
223 133
89 5
223 133
479 407
389 479
434 389
5 95
434 498
89 50
479 473
479 434
95 89
306 351
95 89
306 261
306 369
434 479
479 389
217 178
5 89
5 119
95 89
434 397
345 351
89 95
479 389
473 404
50 95
261 259
223 178
133 223
95 89
20 64
473 479
133 173
351 306
389 473
389 479
178 223
345 261
479 473
473 389
5 50
261 329
89 5
5 50
261 351
351 261
89 95
50 5
434 473
351 270
351 345
182 178
306 345
261 345
178 133
133 217
178 223
223 217
473 479
480 507
223 217
5 89
351 306
5 50
50 95
95 89
465 448
479 389
479 434
389 434
5 95
178 217
217 223
50 95
89 95
345 351
89 95
389 479
50 95
306 351
5 47
178 133
320 335
434 436
389 434
261 345
389 500
434 505
50 101
217 133
479 398
89 95
306 351
479 473
389 434
95 89
182 244
473 389
389 479
345 306
178 146
473 479
306 261
217 223
306 351
217 227
50 89
389 473
217 223
389 434
217 223
223 133
178 223
345 261
261 365
50 95
191 248
178 133
473 479
473 434
389 473
178 223
473 479
479 476
95 5
297 278
5 95
63 120
95 28
217 223
351 306
306 345
223 217
261 351
178 223
473 479
261 306
273 350
261 351
95 83
133 217
178 223
133 209
479 473
345 306
217 223
17 62
351 345
217 223
473 479
5 89
178 164
473 479
223 145
306 286
389 434
217 223
89 95
95 89
434 479
479 473
389 479
389 479
261 306
178 223
389 457
261 345
261 306
467 399
480 478
89 95
223 217
217 206
217 178
351 345
50 95
89 95
434 479
473 389
178 217
217 223
217 223
473 479
89 95
351 345
479 473
434 479
227 150
89 50
261 351
143 162
182 210
89 5
306 351
95 89
223 178
473 479
345 317
345 351
479 473
479 434
133 178
479 473
96 5
178 223
479 473
306 351
217 223
5 89
95 89
479 434
389 431
479 434
351 331
223 217
5 95
89 95
89 107
473 479
434 473
480 469
306 351
270 337
228 142
351 261
178 175
133 223
473 479
223 217
306 351
5 70
479 434
345 351
95 89
133 223
473 479
306 351
50 95
345 351
401 418
306 345
473 479
434 479
434 479
306 290
345 351
306 276
351 261
434 389
389 473
473 389
434 473
178 223
473 479
99 109
473 493
306 351
479 473
217 223
223 133
223 217
133 217
479 389
351 345
50 95
389 479
473 389
50 95
217 178
217 223
217 223
345 306
178 223
217 178
434 479
5 95
217 223
473 479
223 151
50 95
89 5
345 351
223 217
64 58
345 306
89 32
217 178
351 345
345 351
217 177
89 50
223 217
251 247
95 89
306 345
50 89
95 89
389 473
50 95
133 248
345 306
306 261
473 434
133 217
178 223
473 434
345 351
217 178
479 473
401 496
178 223
434 479
306 261
452 399
89 95
133 217
473 389
68 15
89 50
434 473
223 133
178 133
351 345
345 351
473 384
178 131
217 223
345 351
5 94
133 178
89 50
389 434
89 95
180 192
351 306
178 217
479 473
89 95
89 95
473 479
351 345
345 351
351 261
95 50
261 351
178 133
95 89
389 479
133 178
133 242
306 351
217 223
351 345
306 345
223 133
223 178
5 95
95 50
345 261
133 217
50 95
95 83
473 479
50 81
473 479
217 223
224 154
473 479
217 223
389 479
345 351
389 479
5 89
50 95
95 50
345 351
345 351
261 306
5 41
223 178
261 296
178 252
356 261
389 414
345 351
479 407
223 217
389 479
217 133
217 133
473 479
54 30
89 50
389 479
95 14
306 345
261 329
217 222
223 217
89 95
306 353
133 253
89 95
345 351
133 201
95 5
276 379
404 392
217 223
5 73
306 351
217 229
345 351
351 345
345 261
306 351
217 223
89 116
223 217
223 217
223 133
389 479
434 473
434 479
434 401
251 247
473 479
95 50
345 351
345 351
223 217
178 223
505 482
389 473
434 479
479 473
178 217
217 223
223 192
133 201
479 473
133 212
479 509
217 222
223 217
89 5
351 261
5 73
479 407
473 389
306 351
133 201
473 479
223 178
261 351
306 351
89 4
95 89
217 178
473 479
95 89
479 473
223 178
261 306
473 500
95 50
389 434
217 133
345 351
227 140
345 351
261 345
223 133
5 89
473 478
484 435
95 23
261 303
133 223
5 50
95 89
223 178
473 479
223 217
223 217
389 479
261 351
95 5
261 351
473 479
276 264
389 473
479 473
50 89
345 351
89 95
473 479
389 473
473 389
95 89
363 377
89 95
223 178
505 450
217 223
351 306
64 94
133 223
5 95
345 306
217 223
241 186
95 50
389 479
473 389
473 479
133 223
351 306
389 479
479 473
95 5
389 479
95 89
241 207
5 47
95 5
217 223
261 351
95 89
95 50
261 290
217 178
351 306
479 473
389 457
473 434
480 476
178 223
351 261
179 191
434 398
345 371
50 95
355 301
95 89
50 95
95 5
345 306
434 473
473 479
89 95
223 133
473 389
497 442
479 473
178 223
479 434
306 351
345 351
89 50
434 505
5 50
261 345
345 351
473 432
234 226
306 351
89 95
261 345
186 162
345 261
5 50
351 281
196 143
133 217
261 351
398 465
467 490
306 353
89 50
95 89
50 95
178 223
345 306
178 217
217 223
50 89
351 306
479 389
351 306
5 95
125 70
5 89
473 479
438 498
261 306
151 223
50 95
217 133
5 73
389 501
297 300
5 10
345 351
345 351
5 95
223 217
223 141
223 178
95 89
217 223
345 306
217 223
345 261
178 217
478 391
217 178
473 479
434 479
223 133
306 345
89 95
473 479
178 133
351 345
5 89
351 345
389 473
345 351
217 133
50 95
95 50
89 95
381 351
50 95
133 223
351 261
89 95
217 223
434 473
389 457
306 376
223 217
351 306
483 463
50 95
351 345
223 133
434 479
89 95
306 351
223 217
479 407
345 351
345 261
95 5
223 178
95 5
241 186
389 479
89 95
351 345
217 223
401 431
434 473
223 178
5 95
479 389
261 306
217 223
345 351
351 345
345 261
50 80
50 95
374 367
434 479
50 95
223 217
5 50
261 351
345 351
89 95
345 351
95 89
223 133
217 223
223 178
434 479
261 351
261 345
133 217
306 357
434 461
89 50
345 351
95 89
351 345
483 496
389 434
345 351
473 389
178 223
473 479
269 261
95 5
351 261
306 351
217 223
261 351
345 351
178 244
356 307
447 480
479 473
223 133
5 95
473 434
133 178
50 95
179 191
351 345
89 95
306 351
306 261
434 479
89 50
95 89
261 351
479 473
473 479
5 73
351 330
345 351
351 345
261 345
345 351
223 217
298 307
479 434
95 89
133 223
217 133
89 95
217 133
473 414
5 50
217 223
345 351
398 465
345 351
133 178
351 345
5 95
479 473
473 479
306 345
473 479
89 95
473 434
89 95
47 5
50 95
5 89
223 217
217 223
217 223
133 223
434 479
479 389
319 376
178 223
223 217
351 345
345 306
479 407
217 178
223 217
222 230
133 223
223 142
113 80
223 178
306 351
223 178
261 345
50 89
133 223
217 223
223 217
306 351
473 434
178 220
345 351
479 468
223 133
89 95
223 178
449 499
133 217
42 101
345 351
89 95
223 217
217 178
473 479
307 323
473 479
217 133
479 434
261 303
306 345
95 89
473 481
389 397
50 89
5 3
345 261
389 434
95 23
89 50
389 473
133 223
374 269
345 351
479 389
89 112
351 306
217 223
426 473
89 50
217 223
95 89
389 473
178 217
389 479
223 217
389 419
473 479
473 479
178 217
434 479
95 101
133 208
89 95
95 89
95 50
5 95
223 178
178 184
50 95
223 221
351 345
479 473
351 345
217 178
178 133
399 418
95 89
351 306
217 223
351 345
89 50
217 178
95 89
133 178
345 351
133 178
479 473
95 50
434 473
89 56
95 50
95 23
479 434
479 389
306 300
5 50
306 351
89 95
479 389
434 394
473 385
178 244
345 339
5 95
306 284
345 306
178 223
351 306
261 351
473 479
89 5
223 178
261 351
5 89
178 217
50 113
479 473
351 261
95 89
479 398
89 95
95 50
223 151
351 376
178 221
261 379
217 223
389 479
306 351
351 345
306 345
89 50
178 223
95 89
89 95
223 217
95 5
223 142
306 351
133 223
473 460
389 479
178 223
89 32
389 479
223 178
50 99
389 479
95 5
89 95
178 161
345 351
351 306
434 436
5 30
351 345
434 461
306 351
434 479
217 223
5 73
133 217
345 351
389 434
261 345
389 434
217 133
5 95
217 223
178 223
50 95
306 351
89 95
89 5
95 50
389 479
351 345
473 389
133 217
217 178
351 256
479 389
307 350
5 50
306 315
95 89
89 95
434 473
133 153
479 434
50 89
261 306
95 89
133 217
99 64
50 95
217 178
95 89
479 473
217 178
5 47
50 95
50 95
217 223
345 351
434 473
223 178
351 279
473 479
306 351
306 351
217 223
133 142
479 473
89 95
95 89
133 223
465 426
320 319
473 479
217 223
89 95
389 434
223 133
50 95
50 89
217 223
217 223
261 306
389 473
479 434
5 95
217 244
351 261
89 5
89 95
389 479
351 306
350 333
217 179
178 133
50 62
178 207
89 50
351 306
351 345
479 434
261 351
509 479
434 464
434 475
89 95
223 217
50 95
217 178
89 5
133 217
261 345
144 217
95 50
345 351
217 178
50 122
345 351
41 112
89 50
89 95
217 223
95 89
95 50
63 96
217 133
389 434
5 89
17 33
434 479
5 47
5 89
89 95
434 479
345 351
345 351
389 479
217 223
95 89
351 270
473 479
473 479
217 133
217 133
223 199
389 479
345 306
223 148
89 95
133 223
178 223
345 261
479 473
89 95
217 223
345 351
351 261
473 434
345 306
95 89
133 217
473 479
261 284
178 223
479 434
389 434
217 223
133 217
351 306
89 95
178 223
89 95
95 25
389 434
473 479
434 479
434 389
381 318
223 178
345 351
479 473
63 96
434 479
223 217
345 351
217 133
389 479
217 223
178 133
223 133
50 121
217 223
345 351
217 223
351 261
89 50
345 261
479 389
389 479
223 178
50 95
351 345
389 479
5 50
50 95
351 306
345 261
50 95
345 351
261 351
217 163
178 173
345 306
473 479
389 434
389 457
479 473
89 95
95 89
345 351
306 333
5 95
217 133
178 217
223 217
223 217
345 351
133 223
261 351
306 351
351 306
261 306
306 351
473 479
89 95
351 345
133 223
473 479
404 448
217 186
351 270
351 261
261 351
463 438
351 270
89 95
89 95
95 75
351 345
351 286
223 151
306 345
217 223
89 95
217 178
434 479
479 473
89 95
217 223
54 29
89 95
223 151
178 207
133 178
473 479
404 392
306 351
345 351
434 389
217 223
351 285
133 217
261 321
178 142
345 261
345 351
5 95
5 50
306 351
5 95
217 133
473 479
217 178
178 223
217 207
217 133
473 479
465 448
217 223
178 235
223 217
178 223
389 434
345 351
345 374
434 454
345 351
473 389
351 261
217 223
217 223
50 95
217 223
217 178
479 389
89 95
473 479
217 223
89 50
473 389
320 350
217 178
5 95
217 178
434 479
261 351
133 175
178 132
95 5
434 479
223 216
261 351
351 261
473 479
351 270
448 467
473 479
434 479
434 479
95 89
223 217
223 217
351 306
479 473
345 351
434 473
133 223
399 418
223 217
133 178
95 23
95 89
178 246
479 473
345 306
217 133
473 479
89 95
251 247
95 50
133 191
261 345
178 223
389 473
351 261
306 351
89 5
95 89
95 88
95 5
345 351
5 50
345 315
50 95
479 398
473 434
217 178
479 389
479 473
223 133
261 306
99 97
95 89
389 481
479 389
217 223
143 211
479 434
217 223
223 217
306 351
351 315
434 479
306 273
389 434
217 223
434 479
94 4
473 479
223 178
473 389
95 50
178 133
351 306
217 178
473 479
217 223
50 17
89 95
306 351
178 223
351 345
479 447
479 473
89 95
89 95
434 389
345 306
473 479
95 5
79 83
261 351
95 89
473 479
113 125
306 351
178 133
473 434
261 345
95 5
345 351
351 330
345 340
133 217
399 418
50 89
297 271
351 287
473 389
50 95
169 185
95 57
473 434
351 345
479 398
133 223
217 223
217 223
223 133
473 389
434 389
351 306
223 217
133 223
118 42
223 133
473 434
351 295
389 434
223 178
223 217
217 156
223 142
473 431
345 340
351 339
261 351
473 389
473 479
223 217
217 223
351 345
133 223
306 351
306 351
133 201
306 345
473 479
473 479
351 261
95 50
389 431
345 351
89 50
345 351
261 351
306 345
175 176
434 413
473 479
473 479
133 234
178 191
217 223
306 319
217 223
473 479
89 5
217 133
5 16
261 306
217 223
95 89
479 389
95 89
345 261
5 89
50 95
223 217
306 351
95 50
261 306
5 50
479 434
306 351
261 351
479 473
89 50
351 345
473 479
261 351
95 5
5 47
261 345
389 479
389 434
389 479
223 133
479 434
217 178
473 479
389 473
473 479
5 73
5 67
389 457
389 499
89 95
389 494
89 95
223 217
389 434
89 50
217 223
89 95
351 261
351 379
178 223
217 133
217 178
434 389
89 95
5 95
434 479
89 95
434 467
217 223
133 223
306 261
261 351
351 270
217 178
306 351
133 217
426 435
89 95
5 89
223 217
473 479
434 397
351 345
95 5
89 95
345 351
490 454
434 479
351 261
351 345
95 50
479 434
95 89
50 5
217 223
479 444
345 259
50 95
217 133
345 351
95 89
320 314
95 89
306 312
89 95
479 473
434 408
17 79
50 95
306 351
473 434
261 306
345 306
345 351
351 306
133 178
473 451
351 306
389 473
345 351
89 95
95 89
473 434
89 59
473 479
133 223
345 351
89 67
434 479
351 335
133 223
223 217
235 141
479 473
227 204
217 223
17 15
178 250
473 434
95 14
50 18
473 479
473 479
223 163
434 430
133 178
473 434
306 345
89 95
217 223
89 66
95 50
223 217
306 285
345 351
261 351
345 351
306 345
178 223
95 65
389 479
473 479
133 178
217 223
217 223
473 479
89 50
133 223
479 389
479 473
404 392
223 204
473 389
5 47
217 223
89 95
345 261
473 389
217 223
392 478
133 223
217 223
434 389
5 89
89 95
89 95
5 89
223 217
479 407
95 5
345 264
95 118
217 223
447 480
473 455
217 223
223 142
351 345
306 345
50 115
261 345
306 339
50 5
5 89
479 434
261 306
351 294
479 398
89 95
95 5
89 95
351 383
389 479
95 50
217 133
89 5
133 251
121 95
351 345
473 479
434 479
89 5
95 89
133 223
345 306
178 223
261 351
434 479
351 345
249 164
479 467
133 223
89 95
223 178
133 142
261 351
473 479
223 133
89 5
389 479
434 479
306 351
217 178
223 217
133 175
351 345
178 223
182 217
178 217
320 292
261 345
217 223
223 178
89 95
5 89
389 479
473 479
50 29
217 223
217 160
306 261
191 248
261 345
473 479
178 133
133 153
389 402
178 223
473 404
5 118
217 190
345 351
389 434
95 5
345 261
178 141
473 479
258 345
133 217
20 8
133 217
133 201
95 14
473 479
169 244
133 223
473 479
217 133
351 345
95 89
389 461
95 89
351 306
479 473
351 306
261 345
479 473
345 306
133 145
95 89
473 434
473 479
434 479
351 345
306 351
95 23
5 50
473 434
95 5
223 217
95 71
89 95
223 178
389 473
95 77
178 223
479 473
89 50
377 281
89 95
389 457
50 8
5 89
261 345
95 5
217 178
217 223
306 351
479 434
223 133
473 479
261 288
345 351
473 434
473 479
306 351
345 351
479 389
133 223
434 436
89 94
178 223
41 81
178 217
351 261
479 434
271 335
479 473
479 473
96 92
473 479
217 178
223 133
473 479
223 217
473 389
479 407
217 223
133 223
217 223
178 223
479 434
95 5
89 50
133 223
261 351
217 223
345 261
345 306
345 306
95 5
345 351
351 261
351 345
217 223
345 351
143 211
306 351
223 142
133 201
479 434
351 345
389 467
434 479
473 479
479 439
389 473
89 95
178 223
178 223
217 251
5 50
5 89
434 389
178 223
434 479
345 351
50 89
25 96
473 434
95 50
89 95
217 133
434 389
389 473
54 126
345 351
484 503
261 345
473 479
89 110
223 178
345 351
217 178
143 211
345 351
473 389
5 95
473 434
389 448
133 217
473 413
345 351
351 261
345 306
351 345
351 261
89 95
345 306
261 351
50 5
217 133
261 345
351 345
479 389
95 50
217 223
434 432
479 389
217 178
50 75
241 186
50 95
95 5
345 306
5 95
223 178
133 204
351 261
345 351
345 351
50 5
133 223
473 479
434 389
217 223
178 133
217 223
133 253
345 261
217 178
223 133
223 151
345 306
473 449
473 389
473 479
306 296
473 479
178 217
351 306
479 473
113 58
345 261
133 178
434 414
345 351
95 89
345 351
217 223
178 179
50 95
351 261
473 389
473 479
374 321
89 5
434 473
217 223
345 306
50 5
473 389
223 138
306 345
351 345
351 345
345 306
473 413
351 345
261 306
217 198
389 473
217 223
178 223
223 217
345 261
345 351
217 133
20 8
89 5
5 95
95 5
223 225
95 50
246 170
133 223
95 89
261 351
95 63
142 209
5 50
96 94
89 50
89 5
89 95
306 345
306 335
217 223
389 473
95 5
50 5
192 211
50 89
89 95
434 479
389 479
223 217
95 5
178 223
217 166
178 223
178 133
217 223
51 49
95 89
95 89
178 217
479 473
479 473
484 438
345 351
505 467
217 178
434 473
133 243
192 213
217 223
389 432
89 95
479 501
50 107
217 178
345 351
89 50
345 351
143 207
261 351
95 5
217 133
50 63
479 473
351 261
217 223
434 387
5 95
5 50
351 306
223 217
217 133
217 223
217 223
389 479
479 389
389 479
261 345
223 133
479 473
345 351
5 95
473 389
306 351
261 306
99 121
389 479
63 79
351 306
5 95
479 473
89 5
351 306
50 95
50 95
50 89
473 479
434 479
133 178
32 74
95 89
41 119
217 178
217 223
261 303
89 50
434 473
133 223
401 409
133 223
345 351
389 473
351 345
473 479
479 473
261 303
345 306
479 473
89 95
5 95
89 95
217 223
479 434
351 345
389 394
95 89
217 223
223 217
5 95
345 351
306 351
125 95
223 217
178 133
50 10
89 95
50 89
133 201
306 351
89 95
223 178
473 389
50 95
223 191
223 217
345 261
178 217
319 352
89 95
217 133
473 479
509 482
223 217
217 223
217 250
133 217
389 434
351 266
217 223
95 89
320 257
345 286
434 473
95 89
5 95
389 479
95 89
89 95
95 5
223 178
89 95
351 306
389 510
479 473
345 351
345 351
350 321
345 351
95 89
479 434
95 5
389 457
345 351
89 5
473 479
223 217
178 210
217 223
297 324
345 351
178 223
217 223
351 286
261 345
89 95
50 95
306 376
223 133
223 217
133 217
306 345
5 50
89 50
95 14
345 261
345 306
178 133
217 223
217 223
473 479
306 351
306 261
473 479
95 0
473 479
335 310
345 261
223 217
473 479
95 50
389 473
351 345
89 5
51 115
351 261
217 223
95 5
95 89
50 95
479 389
133 201
479 434
133 211
95 89
223 142
351 261
473 389
223 238
89 95
95 89
345 351
50 5
479 389
223 133
89 95
5 47
261 345
389 431
345 351
345 337
351 306
5 50
89 95
306 333
473 434
133 223
351 261
306 351
5 47
389 434
345 351
473 386
5 95
217 223
389 434
178 223
345 351
479 389
320 350
479 434
306 351
89 95
434 473
389 479
473 479
261 345
121 91
310 338
345 311
178 217
473 479
50 89
95 89
89 50
217 196
217 223
479 434
211 205
95 89
345 258
5 89
473 449
5 95
5 78
223 217
479 417
473 434
473 479
95 5
217 170
50 5
95 14
261 306
50 107
473 389
217 223
89 95
345 351
351 298
89 95
89 95
306 351
389 473
473 479
5 78
5 95
306 351
345 351
351 345
223 217
5 89
133 217
479 434
217 223
479 407
261 351
261 345
479 473
473 389
306 261
261 306
95 89
434 473
351 345
452 399
217 223
50 95
479 473
345 351
223 178
89 95
306 351
389 434
223 178
351 261
182 177
345 379
95 50
351 261
261 345
473 434
217 223
217 244
479 473
306 345
345 351
351 345
178 223
351 279
217 203
261 345
261 351
5 7
89 95
345 261
217 178
434 389
178 223
95 23
389 434
261 351
351 345
345 351
217 178
434 479
178 223
224 245
261 354
381 320
89 95
223 151
351 261
89 95
261 378
95 5
261 351
345 306
89 50
479 434
399 463
345 306
355 351
351 261
306 331
246 170
345 351
351 345
95 89
473 503
133 217
95 89
89 95
306 351
479 473
345 302
479 473
133 223
178 223
217 223
473 462
261 345
306 351
473 434
479 385
89 95
479 473
83 111
191 207
473 479
306 351
473 479
223 133
345 306
89 5
217 223
95 5
306 345
434 479
5 89
306 351
223 217
261 306
345 351
95 5
89 5
351 261
5 26
351 345
178 217
479 473
389 434
84 89
133 178
434 389
351 270
178 145
261 345
306 351
297 269
438 486
217 133
217 223
306 351
345 351
133 203
473 479
133 223
50 95
227 193
479 389
5 55
217 223
473 434
89 50
261 329
434 389
89 95
434 479
178 223
50 5
223 133
235 141
5 95
223 151
223 133
479 473
479 389
351 338
473 434
473 434
306 351
351 345
345 351
133 196
223 178
217 223
473 434
351 289
217 223
95 5
306 329
95 89
306 351
473 389
389 479
479 473
473 389
345 351
217 223
5 95
223 217
89 95
351 345
223 217
95 14
178 223
89 95
351 345
50 89
345 351
178 223
389 479
434 406
95 89
5 95
5 73
95 89
310 305
345 351
351 306
306 341
345 351
223 217
217 243
223 178
176 223
89 5
95 89
133 204
133 201
160 202
217 223
351 295
217 223
351 261
5 50
473 389
54 44
191 248
223 217
434 473
133 223
473 434
434 389
381 351
479 473
95 89
89 95
479 434
473 479
351 345
261 351
261 351
223 217
95 89
434 447
479 473
50 127
217 223
95 50
261 303
479 394
351 345
473 479
306 351
306 345
217 223
261 351
351 306
95 2
217 133
89 95
50 89
389 479
253 136
479 473
5 95
178 223
467 388
217 178
89 95
217 178
178 175
5 95
50 95
5 95
389 479
5 50
5 95
89 95
389 457
434 497
434 479
306 273
217 133
389 475
169 149
138 178
89 5
473 479
89 5
473 479
479 473
95 23
473 479
89 50
351 261
351 345
89 101
217 223
306 351
479 389
434 479
345 351
133 201
95 89
89 95
434 479
345 351
51 98
95 50
479 434
5 89
223 178
217 230
345 284
473 389
351 261
261 351
89 95
217 133
217 223
178 223
50 95
217 223
479 473
161 223
434 479
178 210
389 473
178 133
142 228
473 424
223 217
473 479
95 89
89 50
241 186
479 473
217 178
434 473
223 133
178 133
223 217
5 107
261 339
434 479
306 351
133 217
95 50
434 479
389 434
133 178
223 217
271 335
246 170
314 315
261 351
434 463
95 23
95 38
89 95
223 217
223 217
217 176
89 50
345 351
50 95
479 473
133 217
223 133
95 5
50 95
89 95
345 351
133 223
261 345
479 473
479 467
184 133
389 473
319 376
434 479
217 223
345 261
89 95
89 95
261 345
95 5
505 473
50 95
89 95
351 345
178 223
479 434
217 223
95 50
479 389
261 351
249 211
217 133
479 398
217 223
345 306
351 261
351 345
505 472
89 95
351 261
399 467
95 5
95 116
473 389
50 89
5 89
217 211
389 434
89 95
223 178
217 133
321 338
89 50
434 426
217 133
473 479
351 306
479 389
223 217
5 95
50 95
434 473
217 223
345 261
217 221
223 217
95 5
95 89
223 133
345 351
473 479
217 199
434 389
345 351
223 151
434 414
261 351
50 95
50 89
178 223
89 95
399 467
306 261
473 479
5 73
223 178
306 261
95 89
261 345
369 286
479 398
182 211
369 314
89 50
434 389
178 133
217 223
217 223
345 306
89 95
473 479
434 439
473 479
95 14
479 410
133 223
261 306
306 351
95 5
89 95
479 389
95 5
479 473
217 178
479 407
261 345
351 306
345 261
306 351
217 223
389 479
50 104
5 73
306 351
306 351
5 89
479 473
217 223
5 50
434 389
5 73
50 95
345 351
217 178
479 473
351 306
217 223
217 223
217 223
479 473
95 89
351 345
5 93
95 89
479 473
223 217
178 249
351 345
89 95
178 223
178 223
5 95
217 133
479 473
217 223
234 198
345 306
345 351
397 490
217 223
351 306
261 351
261 351
434 473
95 50
217 178
473 394
178 145
473 479
434 479
89 50
416 458
217 223
133 223
178 133
95 89
261 306
50 95
473 495
434 479
5 50
50 95
389 473
306 351
89 95
217 223
133 223
217 133
217 223
473 434
133 223
50 95
473 479
434 479
479 473
5 95
95 89
50 127
89 71
239 198
217 223
425 389
473 434
389 473
217 223
434 479
351 261
223 217
133 223
178 223
89 95
479 389
89 19
319 352
306 351
389 473
479 389
95 84
89 95
223 133
479 509
5 95
345 261
217 223
217 223
5 95
178 133
217 168
389 479
351 306
473 479
89 95
434 479
351 306
133 191
95 89
261 351
217 223
182 212
351 261
133 217
89 95
434 449
345 351
223 133
306 260
95 50
434 479
178 187
434 479
89 95
434 479
434 389
345 351
479 434
133 223
95 5
320 282
345 351
119 100
223 182
351 279
89 95
50 5
217 223
345 351
473 479
306 351
223 133
217 223
133 217
223 158
217 223
5 83
223 178
133 217
479 389
5 50
345 351
178 223
389 434
306 345
351 306
217 133
479 398
310 260
473 479
50 89
95 89
434 479
95 14
351 345
473 389
479 473
306 261
434 389
434 479
217 133
356 375
473 479
175 148
217 133
223 217
178 133
133 245
261 351
345 351
351 261
434 389
345 351
217 133
217 223
50 95
5 89
389 473
223 217
89 95
178 223
217 223
473 456
133 178
473 479
223 217
261 345
261 351
448 479
17 125
5 95
133 178
178 217
345 261
217 223
404 448
89 50
133 223
473 479
404 389
95 89
217 223
89 95
345 306
351 345
95 89
223 178
50 95
345 351
217 223
351 279
178 223
389 479
473 479
345 274
217 223
89 81
133 223
351 306
507 503
345 351
473 479
50 17
95 50
5 50
473 479
479 389
345 261
389 434
270 337
89 79
95 89
399 463
479 398
351 261
223 222
473 479
50 89
345 351
473 434
473 479
5 95
345 351
89 95
95 89
479 389
50 89
306 351
5 95
50 95
479 473
261 306
95 23
473 479
479 395
351 345
160 202
217 178
217 223
473 479
178 135
479 389
389 434
178 223
351 306
306 345
133 223
389 479
479 389
178 133
133 223
50 89
479 473
345 261
89 95
351 345
133 201
217 223
5 95
95 47
345 261
345 351
480 469
143 211
509 442
223 217
345 351
345 351
389 506
389 479
178 223
479 473
261 351
217 223
50 89
217 243
261 351
5 95
95 50
50 89
223 178
306 261
89 95
434 479
95 89
345 306
89 95
95 42
217 223
479 434
95 89
473 389
217 223
89 95
50 19
217 138
95 5
89 95
345 351
133 223
5 95
473 479
306 351
178 223
261 306
434 389
223 178
223 151
50 20
208 178
5 95
145 223
345 261
50 95
473 459
345 351
351 345
89 95
479 431
345 306
217 223
473 479
217 133
473 389
5 95
223 217
178 133
89 50
89 95
217 178
217 178
319 298
217 133
89 95
89 5
473 434
261 351
479 473
434 420
306 261
345 351
89 95
178 217
351 261
89 95
345 351
261 351
89 95
473 479
178 223
217 223
306 345
473 479
95 89
473 479
89 95
434 473
89 95
389 479
345 351
133 217
389 479
306 345
389 434
479 434
473 434
479 473
133 223
50 95
178 226
89 95
473 479
434 479
497 442
5 95
389 473
261 306
345 351
473 479
473 478
223 217
178 223
223 217
389 410
178 223
479 473
89 8
217 133
50 43
50 89
473 476
473 434
261 303
479 473
178 133
41 68
473 479
5 95
89 50
434 473
351 261
107 13
50 93
345 351
133 178
319 376
273 351
351 306
306 351
217 178
50 89
198 170
389 473
217 200
271 339
217 178
223 178
479 431
89 50
217 178
217 133
434 473
133 208
95 89
95 5
223 178
178 223
95 89
345 351
133 223
473 479
178 133
178 133
178 133
178 223
178 217
217 133
217 223
434 389
351 335
89 50
377 360
5 50
133 154
261 345
389 479
95 89
473 434
217 178
89 50
473 434
473 479
178 217
95 89
473 479
89 50
345 256
217 223
223 133
217 247
223 217
479 407
261 351
276 320
95 89
223 217
50 5
89 95
306 271
434 479
50 95
133 178
89 5
5 95
473 479
434 479
191 248
345 351
351 345
473 389
95 89
95 89
223 217
345 351
133 217
217 195
223 178
345 306
351 261
89 5
389 473
261 351
95 38
261 351
479 398
389 431
345 351
345 276
95 89
178 133
321 368
479 473
217 178
261 351
217 237
223 133
484 503
217 223
227 204
389 479
434 479
479 473
223 217
479 473
223 182
50 5
89 95
351 345
5 95
5 95
479 473
273 316
479 389
479 389
160 202
89 95
95 3
473 479
223 133
345 306
473 479
50 18
44 95
89 6
261 329
133 217
345 351
65 75
345 336
50 89
13 107
133 217
223 151
473 479
434 473
223 217
345 306
89 95
178 223
50 5
351 345
447 463
473 434
479 473
89 50
479 473
297 271
351 306
479 389
479 407
261 351
50 95
217 223
5 50
217 223
345 351
389 479
133 223
178 223
95 64
345 351
434 479
223 217
50 95
261 351
95 14
223 178
351 261
178 133
261 306
399 418
434 479
398 465
434 479
473 479
95 89
473 479
434 473
178 145
223 178
89 95
50 89
306 379
306 351
5 95
95 73
93 95
64 75
345 351
404 448
351 345
89 95
351 306
434 479
50 47
473 426
14 81
479 462
320 269
434 455
118 65
223 133
389 431
306 351
351 279
223 217
444 389
434 479
95 5
89 42
351 261
351 345
345 261
479 389
345 361
261 345
351 345
192 158
473 479
473 479
473 467
50 95
479 398
5 73
89 95
133 217
249 148
261 351
89 50
89 50
351 345
351 345
223 217
223 217
306 358
50 89
261 306
223 182
345 351
95 89
356 270
369 314
434 473
178 223
351 345
389 479
473 434
95 89
89 50
223 178
345 261
473 479
345 351
261 351
389 473
89 95
345 351
89 95
223 217
133 128
351 345
196 192
133 217
81 42
178 217
473 479
389 479
351 339
389 457
133 206
89 95
95 50
50 95
5 50
50 95
434 479
473 479
389 414
89 5
133 223
133 210
351 262
223 178
133 217
473 479
223 133
89 95
217 223
298 307
95 89
217 223
351 306
217 178
89 50
434 479
178 223
261 306
178 133
261 327
473 389
95 89
473 479
351 261
261 351
217 223
345 351
479 434
345 351
345 306
89 43
178 145
178 217
261 306
261 332
5 95
133 175
223 178
133 217
5 50
473 479
50 95
389 479
479 473
5 89
143 211
50 95
377 275
14 95
479 398
473 479
389 405
5 50
345 280
345 351
179 167
217 223
50 77
223 217
345 351
473 479
95 5
434 479
89 95
434 479
261 306
95 5
345 351
335 319
351 345
95 50
217 133
50 95
479 389
306 351
223 136
50 42
351 345
297 330
95 89
351 350
133 217
217 178
133 223
217 178
50 95
95 5
473 389
223 178
351 345
133 203
389 473
217 223
345 351
473 479
217 223
178 243
389 410
261 306
314 339
495 454
178 223
100 14
223 192
95 89
261 351
217 223
345 270
95 14
473 479
133 201
223 178
306 270
95 50
169 141
306 351
351 345
479 434
425 452
389 479
5 89
484 438
473 479
178 217
178 223
89 5
345 306
89 95
479 434
389 479
217 223
509 444
261 345
473 479
50 95
261 351
217 223
324 271
95 89
345 322
5 23
133 217
217 223
345 261
434 479
345 351
223 217
223 217
5 95
448 454
345 351
133 223
5 50
473 434
306 361
95 89
479 448
434 473
95 5
261 351
473 495
261 306
95 89
345 261
89 95
479 413
89 5
133 223
306 351
479 473
178 223
389 434
473 389
479 473
217 133
5 50
178 245
473 394
452 399
133 223
223 133
95 89
81 42
133 223
306 351
434 479
351 338
345 351
223 178
5 50
223 133
217 169
473 455
473 483
217 178
345 351
217 204
217 223
89 50
473 434
473 479
89 95
473 479
133 185
223 217
479 473
473 479
192 137
5 89
306 345
261 306
50 39
95 5
50 89
479 434
434 389
351 306
345 351
223 178
473 434
223 217
273 299
473 434
261 306
473 460
345 261
479 473
345 305
345 351
306 372
306 351
89 95
119 8
324 271
89 95
479 473
223 178
389 479
133 223
351 311
389 431
389 434
345 306
473 479
261 351
89 95
479 473
178 223
306 351
89 95
133 223
479 473
434 479
223 178
89 50
5 95
479 473
345 306
217 223
351 345
351 345
473 479
89 50
50 5
389 479
89 95
178 223
473 479
351 306
211 193
345 351
223 174
345 351
345 351
261 351
473 434
5 117
89 95
50 95
345 351
223 178
473 479
178 223
50 95
133 178
133 217
473 479
133 217
351 306
473 479
217 223
5 95
50 95
89 50
50 5
306 351
217 133
223 178
345 306
479 473
306 261
473 479
351 306
261 306
434 479
89 43
473 479
351 261
89 95
483 501
345 351
95 14
407 479
366 345
5 50
50 95
89 97
217 223
261 345
5 95
261 351
125 91
178 217
479 398
89 95
217 223
261 306
351 345
95 89
389 386
502 426
351 261
351 294
479 398
133 223
121 9
473 479
217 178
95 50
345 261
351 345
389 479
306 345
434 479
306 261
434 479
454 509
223 178
434 389
306 351
50 97
217 178
95 42
389 434
95 89
345 351
473 479
261 345
133 223
261 274
95 89
345 351
473 389
351 345
345 261
133 178
473 479
133 201
89 95
276 264
479 434
351 261
389 391
345 306
133 223
89 95
345 351
223 133
89 95
345 351
5 95
473 479
345 351
178 223
217 178
434 479
217 133
389 434
261 351
351 345
223 142
509 405
217 133
345 351
473 389
345 351
223 151
345 306
89 95
5 95
89 95
473 479
306 270
345 351
217 223
50 95
434 389
217 178
507 503
178 223
345 351
89 95
306 345
351 295
261 351
434 473
125 127
389 498
217 223
434 479
473 389
363 269
479 473
345 306
261 351
479 473
41 70
434 473
89 95
479 434
5 47
89 124
473 389
479 473
223 217
473 479
473 479
89 50
345 351
50 89
178 223
5 50
223 217
473 479
473 479
473 407
223 142
479 473
473 434
223 217
5 81
389 479
89 95
434 473
483 394
95 89
345 351
50 95
434 389
479 434
434 389
217 178
89 51
473 479
145 223
479 389
95 50
261 314
351 345
217 223
389 473
178 223
223 133
133 217
479 389
306 370
50 89
95 89
479 473
223 133
89 95
306 351
89 5
178 234
217 178
223 217
89 95
479 389
223 246
321 342
95 89
217 223
434 479
306 261
5 50
345 351
434 415
235 141
95 89
223 217
89 115
473 479
479 473
217 187
89 50
95 50
133 223
434 389
89 95
217 223
50 15
5 95
178 246
389 479
133 217
320 289
217 223
89 5
473 434
273 292
306 311
404 448
434 479
89 95
351 345
389 401
99 48
217 223
261 345
41 95
351 261
473 434
217 223
479 473
473 479
261 345
249 240
178 217
389 473
50 5
297 324
15 83
217 223
133 217
473 389
95 5
89 95
148 192
133 223
473 434
89 95
89 95
133 223
133 223
178 223
351 306
178 223
178 217
479 434
351 306
479 398
133 217
310 358
269 363
5 95
345 351
473 479
307 350
389 434
345 351
133 223
95 23
50 116
479 434
95 89
389 434
50 95
5 95
479 434
95 5
41 70
345 351
345 261
5 95
178 223
434 479
479 434
95 89
345 374
95 123
483 384
5 89
345 351
217 178
356 375
479 473
89 5
178 133
473 479
473 479
228 247
345 351
217 223
389 479
178 223
473 479
345 256
217 178
89 95
484 398
479 501
133 217
434 473
479 473
133 217
473 434
239 198
351 279
89 95
473 434
89 50
345 351
345 351
89 63
178 133
89 5
473 389
306 345
345 351
473 434
95 63
480 392
389 449
222 202
389 473
473 434
5 95
223 217
261 351
89 95
479 389
223 203
50 5
351 345
389 434
473 389
261 306
345 355
50 109
95 50
345 351
479 473
345 351
345 351
345 306
133 223
133 223
133 223
306 351
223 178
505 500
223 217
479 473
314 280
434 483
121 86
345 351
89 83
479 389
89 50
351 306
473 434
89 5
223 133
351 331
479 473
473 479
473 479
467 463
50 95
261 351
345 351
249 194
89 95
319 335
95 50
473 434
95 54
434 473
50 36
95 73
133 217
479 473
178 180
351 306
509 428
473 479
89 95
389 479
434 389
217 223
89 51
95 89
217 223
479 434
434 482
95 50
434 473
217 223
217 223
351 306
345 306
5 95
345 351
217 178
217 223
223 217
389 473
306 261
95 117
54 16
50 95
345 306
352 377
479 398
253 241
178 133
89 50
473 479
389 479
223 217
401 402
89 50
89 95
434 389
351 345
217 223
345 351
89 95
306 261
345 351
133 204
434 479
389 479
389 473
479 434
298 337
5 89
54 49
95 5
306 351
223 217
473 479
389 459
479 434
178 217
351 261
356 375
473 479
223 217
223 217
261 310
389 479
351 261
95 89
504 500
50 95
50 95
306 345
351 261
99 11
351 345
94 82
345 261
434 479
261 351
223 178
434 479
95 89
345 261
345 306
351 261
223 133
351 261
5 89
261 351
95 5
5 95
473 434
345 351
50 2
5 50
5 89
89 95
5 110
178 223
178 158
345 306
389 473
89 95
473 389
5 89
473 479
434 479
5 121
133 217
133 223
345 351
223 176
434 479
133 217
89 95
473 479
457 389
345 351
246 141
89 50
89 50
89 95
434 473
351 279
217 133
473 434
178 223
89 95
434 473
306 261
261 351
345 353
345 351
306 345
133 223
473 479
217 223
89 95
345 351
479 473
5 50
223 217
351 306
351 261
306 261
479 473
223 217
434 479
345 351
434 438
374 321
306 330
63 120
434 473
261 351
479 473
5 73
345 351
345 351
306 345
178 223
217 223
479 389
5 71
95 5
178 217
306 345
479 491
95 89
178 217
89 95
133 178
306 351
389 434
89 95
217 223
89 5
223 133
473 479
5 89
389 479
261 345
217 223
351 306
479 473
50 5
261 351
479 407
89 95
95 5
178 223
217 223
389 412
389 473
345 351
389 479
89 50
261 345
479 473
479 407
345 306
351 306
495 426
5 89
50 95
473 479
5 50
473 479
125 80
473 479
479 407
389 473
261 351
5 89
479 434
5 95
345 351
345 351
345 351
306 298
351 345
95 50
261 257
5 50
50 95
345 351
223 217
434 389
133 201
89 95
50 5
217 133
133 178
345 351
473 458
479 473
217 133
351 345
217 178
261 345
133 217
223 217
389 479
178 133
434 473
133 223
178 213
95 5
5 95
306 351
89 50
473 479
389 457
217 178
345 351
217 178
306 256
143 207
50 95
178 223
473 479
261 351
479 434
89 5
223 178
178 223
404 448
261 306
389 458
223 133
345 351
223 217
473 384
5 95
306 351
89 95
50 95
261 351
320 302
261 351
389 479
223 133
217 223
50 95
271 335
345 351
473 479
473 479
363 269
50 1
50 95
306 261
345 351
95 89
306 345
345 261
95 89
306 351
389 479
95 89
100 119
351 273
509 405
478 432
473 479
217 133
95 5
473 434
389 434
95 89
178 217
123 119
473 479
133 223
434 397
389 473
223 178
351 261
217 223
223 217
217 178
89 41
479 389
50 95
306 351
389 473
217 223
89 50
345 351
133 217
351 345
351 306
473 479
89 95
479 473
473 479
434 402
261 329
223 178
5 95
345 306
50 5
223 133
223 133
389 479
178 223
350 373
345 306
133 217
191 207
95 5
95 5
345 351
95 89
351 306
351 345
178 223
351 306
306 261
351 345
95 5
223 151
473 466
217 223
50 95
351 345
217 191
345 351
223 178
5 50
217 178
345 306
89 95
473 479
261 351
217 223
261 351
217 223
50 10
178 223
389 479
223 154
345 351
217 205
473 479
345 351
261 351
95 50
306 261
217 223
306 351
42 51
389 502
217 178
133 223
345 351
434 389
479 434
473 479
89 5
5 50
425 505
89 95
273 306
306 345
133 201
50 95
351 345
25 106
434 479
473 479
297 381
479 473
389 479
261 306
306 351
351 306
5 95
389 509
95 83
434 479
217 133
473 389
95 50
223 142
306 345
5 89
434 438
89 5
133 217
50 5
133 175
133 217
196 169
351 379
95 5
89 95
473 434
223 217
223 217
223 217
178 133
95 50
68 15
95 89
306 345
351 261
473 434
42 51
223 206
351 306
217 223
473 479
434 479
133 178
261 351
223 203
5 59
95 89
95 82
178 133
5 95
5 95
261 351
133 217
89 95
50 95
95 89
95 89
389 479
133 223
50 89
89 95
50 95
389 473
223 178
223 217
169 196
473 479
223 178
223 217
261 345
133 223
345 306
345 351
345 351
5 89
42 121
217 223
223 133
440 389
50 95
389 434
133 223
389 473
345 326
89 95
89 5
5 50
320 284
223 217
217 223
5 73
5 95
345 351
345 306
473 479
14 100
401 479
133 217
306 261
217 223
434 473
473 434
178 217
217 223
217 223
389 494
261 358
217 223
473 434
345 351
345 306
261 351
351 345
345 351
217 223
389 473
473 389
351 270
479 389
351 345
89 95
143 151
5 50
345 351
434 410
89 30
345 306
345 261
223 217
306 261
125 82
223 178
50 63
434 479
345 261
389 473
217 223
473 479
434 479
178 145
306 261
50 95
351 345
389 457
351 345
345 351
50 95
5 95
505 493
473 479
223 217
324 297
217 178
217 223
438 434
223 178
178 133
217 223
50 5
223 217
5 47
95 89
434 473
223 217
89 95
483 444
95 89
473 434
351 345
89 95
479 473
89 84
479 434
434 389
389 473
261 303
345 351
479 473
207 182
434 473
276 320
310 332
351 285
133 178
351 345
89 95
95 89
50 95
434 389
133 223
133 223
345 351
89 95
223 128
223 217
5 50
306 345
89 95
143 207
148 192
133 223
217 178
479 434
5 50
251 142
50 95
133 223
223 217
50 89
479 473
217 223
345 351
223 133
345 351
434 407
178 223
442 408
351 261
217 223
345 351
178 133
217 223
434 479
479 473
497 442
473 479
345 351
479 434
89 95
389 431
217 223
345 334
217 223
261 351
345 334
133 223
178 158
178 133
178 144
351 279
95 89
306 345
306 351
217 209
389 473
473 479
223 217
95 89
217 223
95 5
479 473
178 223
473 479
434 479
473 479
306 261
5 109
5 82
351 345
473 389
178 133
473 479
434 479
89 5
306 345
261 303
5 50
473 479
223 142
389 473
217 223
50 95
17 86
178 223
217 133
107 120
261 339
217 223
434 479
217 223
261 351
434 473
223 217
95 89
95 50
479 473
133 223
217 223
95 89
5 50
306 261
434 479
178 131
223 217
178 223
434 473
479 473
473 434
95 89
95 5
473 389
473 479
345 351
133 201
5 95
89 95
89 57
434 479
434 389
473 479
401 485
434 473
133 175
89 95
178 217
217 223
473 479
223 217
217 223
89 95
95 14
50 95
89 5
351 306
381 335
95 89
434 468
223 184
473 479
434 479
121 21
95 50
306 345
217 178
50 95
133 217
345 261
479 389
95 57
50 75
50 89
178 133
479 473
261 351
223 151
95 5
217 148
356 375
89 95
217 223
479 465
351 306
497 442
345 351
89 95
89 50
54 119
223 133
479 398
64 94
89 95
217 178
345 351
345 351
479 473
351 261
276 320
351 345
217 180
95 23
473 467
5 95
217 178
478 389
434 479
261 351
261 286
351 345
434 479
306 351
50 95
95 50
89 95
178 223
345 261
142 209
261 377
178 217
223 133
345 306
223 217
447 463
434 389
261 303
331 351
345 351
95 89
223 151
389 434
389 479
95 17
20 8
473 479
389 479
473 389
306 351
345 261
345 351
217 178
89 95
479 434
5 95
223 178
217 223
452 398
345 351
351 270
50 32
223 217
473 479
434 479
345 351
261 345
261 306
89 95
95 5
217 178
95 5
89 95
306 286
223 133
178 217
473 479
389 479
50 95
345 351
15 41
145 207
50 5
401 462
479 398
133 211
434 479
389 434
95 5
133 223
5 50
389 473
5 75
345 286
306 320
223 228
425 407
5 50
89 3
425 454
261 329
473 434
389 473
434 486
306 345
261 345
95 89
416 458
473 479
479 389
479 389
345 261
345 306
345 261
5 95
434 473
473 479
479 473
89 50
95 5
425 452
351 345
473 479
261 345
261 345
473 479
351 261
217 223
95 50
241 186
133 210
5 95
434 473
479 434
351 345
5 95
223 138
473 434
133 217
95 50
447 463
5 89
414 473
217 223
178 223
345 351
133 223
434 473
133 223
89 95
389 479
479 473
479 473
479 473
89 95
217 178
217 178
473 483
345 351
271 290
483 498
133 223
479 407
351 261
306 345
473 398
95 14
345 351
345 351
223 178
217 223
217 223
217 223
306 261
345 351
389 479
479 434
217 223
178 223
223 217
306 351
479 389
351 309
473 479
217 178
5 89
89 95
5 89
355 362
505 508
306 351
50 95
345 319
261 372
434 389
345 361
351 345
223 133
5 50
434 479
217 223
148 136
434 473
351 306
261 306
133 223
5 47
306 261
473 403
223 217
434 479
479 473
217 223
306 351
133 223
389 479
50 95
217 178
345 351
434 479
261 345
133 223
351 306
306 351
5 95
89 95
345 306
286 351
223 178
217 178
479 506
473 434
306 351
223 133
178 223
217 223
217 223
306 316
261 345
473 479
345 351
479 398
306 345
473 434
345 351
442 461
306 282
479 434
142 209
217 133
434 473
463 479
479 473
345 351
447 406
479 434
178 223
345 285
50 95
345 306
473 479
310 306
148 192
133 223
345 261
389 434
89 95
217 133
133 223
89 95
133 223
50 95
89 95
50 95
261 351
479 473
5 95
89 95
352 319
178 223
89 5
389 434
50 95
473 479
95 89
133 223
5 50
5 95
223 208
306 351
178 223
351 270
89 5
89 95
178 133
473 434
5 78
50 5
345 351
473 479
479 389
351 306
178 212
5 73
345 261
223 247
223 217
133 251
306 351
95 89
345 306
261 329
389 473
178 234
273 296
351 261
178 133
133 223
389 473
351 270
5 95
223 217
217 223
389 479
5 50
473 434
261 282
178 217
473 479
389 434
217 223
389 473
478 477
223 133
178 237
261 345
351 345
473 479
306 345
223 133
89 50
89 92
434 438
389 434
434 389
89 50
351 345
351 276
434 479
95 50
133 223
479 473
5 73
479 434
95 89
473 479
261 351
217 133
261 329
217 178
95 5
50 89
223 178
217 178
217 223
345 351
217 178
389 431
351 261
133 223
473 479
5 89
50 20
473 389
389 479
178 223
434 479
89 5
95 89
184 223
223 178
351 306
223 221
178 223
351 345
89 95
355 329
5 95
271 339
178 223
270 356
306 261
121 42
5 95
473 434
261 351
178 217
217 223
473 434
389 479
89 5
351 345
473 479
434 479
473 479
473 479
89 50
345 261
50 95
89 50
473 479
345 351
377 276
178 223
217 133
217 223
133 217
473 479
89 95
133 223
89 50
223 178
434 479
345 351
306 284
89 5
479 434
217 151
5 89
351 345
356 375
345 351
178 223
261 313
261 295
50 95
89 95
89 95
95 23
473 434
389 479
95 89
89 95
351 261
178 217
95 89
448 511
389 479
178 217
145 175
389 473
50 95
389 479
351 345
351 279
89 95
223 178
434 479
479 455
345 351
217 133
5 50
223 133
261 351
491 397
479 473
276 264
479 434
142 209
89 95
178 144
89 105
345 351
351 345
345 306
479 422
473 389
261 351
178 227
217 255
95 89
89 95
95 50
223 217
345 306
434 479
121 50
473 479
389 479
192 199
473 479
351 345
133 217
434 424
89 95
133 178
479 473
345 351
345 351
89 5
473 434
351 345
306 351
261 351
95 50
89 50
345 351
50 95
5 95
479 473
351 270
479 434
95 50
473 389
351 279
133 223
473 434
178 223
473 479
351 333
381 257
133 223
217 133
261 351
89 95
473 479
306 351
223 178
306 379
148 136
89 75
505 507
345 351
473 389
64 41
178 128
